|  -891.967902661647 |   226.941242236778 

[  0  0  0  0  0  0  0  0  0 ] (0.00000012)
[  0  0  0  0  0  0  0  0  1 ] (0.00000000)
[  0  0  0  0  0  0  0  0  2 ] (0.00000004)
[  0  0  0  0  0  0  0  0  3 ] (0.00000625)
[  0  0  0  0  0  0  0  0  4 ] (0.00000000)
[  0  0  0  0  0  0  0  1  0 ] (0.00000007)
[  0  0  0  0  0  0  0  1  1 ] (0.00000086)
[  0  0  0  0  0  0  0  1  2 ] (0.00000005)
[  0  0  0  0  0  0  0  1  3 ] (0.00000045)
[  0  0  0  0  0  0  0  2  0 ] (0.00000002)
[  0  0  0  0  0  0  0  2  1 ] (0.00000011)
[  0  0  0  0  0  0  0  2  2 ] (0.00000156)
[  0  0  0  0  0  0  0  3  0 ] (0.00000040)
[  0  0  0  0  0  0  0  3  1 ] (0.00009068)
[  0  0  0  0  0  0  0  4  0 ] (0.00000878)
[  0  0  0  0  0  0  1  0  0 ] (0.00000002)
[  0  0  0  0  0  0  1  0  1 ] (0.00000001)
[  0  0  0  0  0  0  1  0  2 ] (0.00000006)
[  0  0  0  0  0  0  1  0  3 ] (0.00000002)
[  0  0  0  0  0  0  1  1  0 ] (0.00000000)
[  0  0  0  0  0  0  1  1  1 ] (0.00000049)
[  0  0  0  0  0  0  1  1  2 ] (0.00000086)
[  0  0  0  0  0  0  1  2  0 ] (0.00000001)
[  0  0  0  0  0  0  1  2  1 ] (0.00000044)
[  0  0  0  0  0  0  1  3  0 ] (0.00000070)
[  0  0  0  0  0  0  2  0  0 ] (0.00000000)
[  0  0  0  0  0  0  2  0  1 ] (0.00000025)
[  0  0  0  0  0  0  2  0  2 ] (0.00000000)
[  0  0  0  0  0  0  2  1  0 ] (0.00000004)
[  0  0  0  0  0  0  2  1  1 ] (0.00000652)
[  0  0  0  0  0  0  2  2  0 ] (0.00000120)
[  0  0  0  0  0  0  3  0  0 ] (0.00000017)
[  0  0  0  0  0  0  3  0  1 ] (0.00000065)
[  0  0  0  0  0  0  3  1  0 ] (0.00000041)
[  0  0  0  0  0  0  4  0  0 ] (0.00000010)
[  0  0  0  0  0  1  0  0  0 ] (0.00000000)
[  0  0  0  0  0  1  0  0  1 ] (0.00000002)
[  0  0  0  0  0  1  0  0  2 ] (0.00000014)
[  0  0  0  0  0  1  0  0  3 ] (0.00000001)
[  0  0  0  0  0  1  0  1  0 ] (0.00000003)
[  0  0  0  0  0  1  0  1  1 ] (0.00000055)
[  0  0  0  0  0  1  0  1  2 ] (0.00000006)
[  0  0  0  0  0  1  0  2  0 ] (0.00000001)
[  0  0  0  0  0  1  0  2  1 ] (0.00000438)
[  0  0  0  0  0  1  0  3  0 ] (0.00000004)
[  0  0  0  0  0  1  1  0  0 ] (0.00000003)
[  0  0  0  0  0  1  1  0  1 ] (0.00000014)
[  0  0  0  0  0  1  1  0  2 ] (0.00000011)
[  0  0  0  0  0  1  1  1  0 ] (0.00000042)
[  0  0  0  0  0  1  1  1  1 ] (0.00000014)
[  0  0  0  0  0  1  1  2  0 ] (0.00000461)
[  0  0  0  0  0  1  2  0  0 ] (0.00000102)
[  0  0  0  0  0  1  2  0  1 ] (0.00000040)
[  0  0  0  0  0  1  2  1  0 ] (0.00001132)
[  0  0  0  0  0  1  3  0  0 ] (0.00000044)
[  0  0  0  0  0  2  0  0  0 ] (0.00000001)
[  0  0  0  0  0  2  0  0  1 ] (0.00000018)
[  0  0  0  0  0  2  0  0  2 ] (0.00000016)
[  0  0  0  0  0  2  0  1  0 ] (0.00000000)
[  0  0  0  0  0  2  0  1  1 ] (0.00000506)
[  0  0  0  0  0  2  0  2  0 ] (0.00000010)
[  0  0  0  0  0  2  1  0  0 ] (0.00000000)
[  0  0  0  0  0  2  1  0  1 ] (0.00000239)
[  0  0  0  0  0  2  1  1  0 ] (0.00000273)
[  0  0  0  0  0  2  2  0  0 ] (0.00000094)
[  0  0  0  0  0  3  0  0  0 ] (0.00000025)
[  0  0  0  0  0  3  0  0  1 ] (0.00000219)
[  0  0  0  0  0  3  0  1  0 ] (0.00000118)
[  0  0  0  0  0  3  1  0  0 ] (0.00000031)
[  0  0  0  0  0  4  0  0  0 ] (0.00000003)
[  0  0  0  0  1  0  0  0  0 ] (0.00000001)
[  0  0  0  0  1  0  0  0  1 ] (0.00000000)
[  0  0  0  0  1  0  0  0  2 ] (0.00000000)
[  0  0  0  0  1  0  0  0  3 ] (0.00000007)
[  0  0  0  0  1  0  0  1  0 ] (0.00000021)
[  0  0  0  0  1  0  0  1  1 ] (0.00000091)
[  0  0  0  0  1  0  0  1  2 ] (0.00000000)
[  0  0  0  0  1  0  0  2  0 ] (0.00000011)
[  0  0  0  0  1  0  0  2  1 ] (0.00000115)
[  0  0  0  0  1  0  0  3  0 ] (0.00000079)
[  0  0  0  0  1  0  1  0  0 ] (0.00000024)
[  0  0  0  0  1  0  1  0  1 ] (0.00000232)
[  0  0  0  0  1  0  1  0  2 ] (0.00000014)
[  0  0  0  0  1  0  1  1  0 ] (0.00000128)
[  0  0  0  0  1  0  1  1  1 ] (0.00000149)
[  0  0  0  0  1  0  1  2  0 ] (0.00001704)
[  0  0  0  0  1  0  2  0  0 ] (0.00000013)
[  0  0  0  0  1  0  2  0  1 ] (0.00000002)
[  0  0  0  0  1  0  2  1  0 ] (0.00000026)
[  0  0  0  0  1  0  3  0  0 ] (0.00000004)
[  0  0  0  0  1  1  0  0  0 ] (0.00000003)
[  0  0  0  0  1  1  0  0  1 ] (0.00000022)
[  0  0  0  0  1  1  0  0  2 ] (0.00000012)
[  0  0  0  0  1  1  0  1  0 ] (0.00000001)
[  0  0  0  0  1  1  0  1  1 ] (0.00000193)
[  0  0  0  0  1  1  0  2  0 ] (0.00000020)
[  0  0  0  0  1  1  1  0  0 ] (0.00000012)
[  0  0  0  0  1  1  1  0  1 ] (0.00000001)
[  0  0  0  0  1  1  1  1  0 ] (0.00000112)
[  0  0  0  0  1  1  2  0  0 ] (0.00001715)
[  0  0  0  0  1  2  0  0  0 ] (0.00000000)
[  0  0  0  0  1  2  0  0  1 ] (0.00000017)
[  0  0  0  0  1  2  0  1  0 ] (0.00000175)
[  0  0  0  0  1  2  1  0  0 ] (0.00000040)
[  0  0  0  0  1  3  0  0  0 ] (0.00000004)
[  0  0  0  0  2  0  0  0  0 ] (0.00000060)
[  0  0  0  0  2  0  0  0  1 ] (0.00000011)
[  0  0  0  0  2  0  0  0  2 ] (0.00000016)
[  0  0  0  0  2  0  0  1  0 ] (0.00000195)
[  0  0  0  0  2  0  0  1  1 ] (0.00000185)
[  0  0  0  0  2  0  0  2  0 ] (0.00000129)
[  0  0  0  0  2  0  1  0  0 ] (0.00000221)
[  0  0  0  0  2  0  1  0  1 ] (0.00000073)
[  0  0  0  0  2  0  1  1  0 ] (0.00002647)
[  0  0  0  0  2  0  2  0  0 ] (0.00000065)
[  0  0  0  0  2  1  0  0  0 ] (0.00000091)
[  0  0  0  0  2  1  0  0  1 ] (0.00000445)
[  0  0  0  0  2  1  0  1  0 ] (0.00000553)
[  0  0  0  0  2  1  1  0  0 ] (0.00000002)
[  0  0  0  0  2  2  0  0  0 ] (0.00000165)
[  0  0  0  0  3  0  0  0  0 ] (0.00000004)
[  0  0  0  0  3  0  0  0  1 ] (0.00000001)
[  0  0  0  0  3  0  0  1  0 ] (0.00000008)
[  0  0  0  0  3  0  1  0  0 ] (0.00000010)
[  0  0  0  0  3  1  0  0  0 ] (0.00000001)
[  0  0  0  0  4  0  0  0  0 ] (0.00000021)
[  0  0  0  1  0  0  0  0  0 ] (0.00000005)
[  0  0  0  1  0  0  0  0  1 ] (0.00000000)
[  0  0  0  1  0  0  0  0  2 ] (0.00000022)
[  0  0  0  1  0  0  0  0  3 ] (0.00000001)
[  0  0  0  1  0  0  0  1  0 ] (0.00000010)
[  0  0  0  1  0  0  0  1  1 ] (0.00000441)
[  0  0  0  1  0  0  0  1  2 ] (0.00000031)
[  0  0  0  1  0  0  0  2  0 ] (0.00000008)
[  0  0  0  1  0  0  0  2  1 ] (0.00000289)
[  0  0  0  1  0  0  0  3  0 ] (0.00000158)
[  0  0  0  1  0  0  1  0  0 ] (0.00000000)
[  0  0  0  1  0  0  1  0  1 ] (0.00000007)
[  0  0  0  1  0  0  1  0  2 ] (0.00000031)
[  0  0  0  1  0  0  1  1  0 ] (0.00000017)
[  0  0  0  1  0  0  1  1  1 ] (0.00000005)
[  0  0  0  1  0  0  1  2  0 ] (0.00000064)
[  0  0  0  1  0  0  2  0  0 ] (0.00000035)
[  0  0  0  1  0  0  2  0  1 ] (0.00000191)
[  0  0  0  1  0  0  2  1  0 ] (0.00000924)
[  0  0  0  1  0  0  3  0  0 ] (0.00000001)
[  0  0  0  1  0  1  0  0  0 ] (0.00000037)
[  0  0  0  1  0  1  0  0  1 ] (0.00000003)
[  0  0  0  1  0  1  0  0  2 ] (0.00000000)
[  0  0  0  1  0  1  0  1  0 ] (0.00000058)
[  0  0  0  1  0  1  0  1  1 ] (0.00000001)
[  0  0  0  1  0  1  0  2  0 ] (0.00002091)
[  0  0  0  1  0  1  1  0  0 ] (0.00000000)
[  0  0  0  1  0  1  1  0  1 ] (0.00000028)
[  0  0  0  1  0  1  1  1  0 ] (0.00000004)
[  0  0  0  1  0  1  2  0  0 ] (0.00001100)
[  0  0  0  1  0  2  0  0  0 ] (0.00000005)
[  0  0  0  1  0  2  0  0  1 ] (0.00000121)
[  0  0  0  1  0  2  0  1  0 ] (0.00000034)
[  0  0  0  1  0  2  1  0  0 ] (0.00000295)
[  0  0  0  1  0  3  0  0  0 ] (0.00000062)
[  0  0  0  1  1  0  0  0  0 ] (0.00000035)
[  0  0  0  1  1  0  0  0  1 ] (0.00000040)
[  0  0  0  1  1  0  0  0  2 ] (0.00000001)
[  0  0  0  1  1  0  0  1  0 ] (0.00000112)
[  0  0  0  1  1  0  0  1  1 ] (0.00000007)
[  0  0  0  1  1  0  0  2  0 ] (0.00000186)
[  0  0  0  1  1  0  1  0  0 ] (0.00000003)
[  0  0  0  1  1  0  1  0  1 ] (0.00000094)
[  0  0  0  1  1  0  1  1  0 ] (0.00001329)
[  0  0  0  1  1  0  2  0  0 ] (0.00000581)
[  0  0  0  1  1  1  0  0  0 ] (0.00000001)
[  0  0  0  1  1  1  0  0  1 ] (0.00000005)
[  0  0  0  1  1  1  0  1  0 ] (0.00000143)
[  0  0  0  1  1  1  1  0  0 ] (0.00000242)
[  0  0  0  1  1  2  0  0  0 ] (0.00000100)
[  0  0  0  1  2  0  0  0  0 ] (0.00000190)
[  0  0  0  1  2  0  0  0  1 ] (0.00001080)
[  0  0  0  1  2  0  0  1  0 ] (0.00002315)
[  0  0  0  1  2  0  1  0  0 ] (0.00000031)
[  0  0  0  1  2  1  0  0  0 ] (0.00000656)
[  0  0  0  1  3  0  0  0  0 ] (0.00000006)
[  0  0  0  2  0  0  0  0  0 ] (0.00000052)
[  0  0  0  2  0  0  0  0  1 ] (0.00000052)
[  0  0  0  2  0  0  0  0  2 ] (0.00000002)
[  0  0  0  2  0  0  0  1  0 ] (0.00000117)
[  0  0  0  2  0  0  0  1  1 ] (0.00000293)
[  0  0  0  2  0  0  0  2  0 ] (0.00001166)
[  0  0  0  2  0  0  1  0  0 ] (0.00000070)
[  0  0  0  2  0  0  1  0  1 ] (0.00000006)
[  0  0  0  2  0  0  1  1  0 ] (0.00002144)
[  0  0  0  2  0  0  2  0  0 ] (0.00000014)
[  0  0  0  2  0  1  0  0  0 ] (0.00000288)
[  0  0  0  2  0  1  0  0  1 ] (0.00000159)
[  0  0  0  2  0  1  0  1  0 ] (0.00004116)
[  0  0  0  2  0  1  1  0  0 ] (0.00000054)
[  0  0  0  2  0  2  0  0  0 ] (0.00000049)
[  0  0  0  2  1  0  0  0  0 ] (0.00000002)
[  0  0  0  2  1  0  0  0  1 ] (0.00000451)
[  0  0  0  2  1  0  0  1  0 ] (0.00000007)
[  0  0  0  2  1  0  1  0  0 ] (0.00000146)
[  0  0  0  2  1  1  0  0  0 ] (0.00000387)
[  0  0  0  2  2  0  0  0  0 ] (0.00000085)
[  0  0  0  3  0  0  0  0  0 ] (0.00000008)
[  0  0  0  3  0  0  0  0  1 ] (0.00000093)
[  0  0  0  3  0  0  0  1  0 ] (0.00000024)
[  0  0  0  3  0  0  1  0  0 ] (0.00000010)
[  0  0  0  3  0  1  0  0  0 ] (0.00000005)
[  0  0  0  3  1  0  0  0  0 ] (0.00000002)
[  0  0  0  4  0  0  0  0  0 ] (0.00000059)
[  0  0  1  0  0  0  0  0  0 ] (0.00000034)
[  0  0  1  0  0  0  0  0  1 ] (0.00000163)
[  0  0  1  0  0  0  0  0  2 ] (0.00070332)
[  0  0  1  0  0  0  0  0  3 ] (0.00023468)
[  0  0  1  0  0  0  0  1  0 ] (0.00000025)
[  0  0  1  0  0  0  0  1  1 ] (0.00036652)
[  0  0  1  0  0  0  0  1  2 ] (0.01400499)
[  0  0  1  0  0  0  0  2  0 ] (0.00013745)
[  0  0  1  0  0  0  0  2  1 ] (0.00000288)
[  0  0  1  0  0  0  0  3  0 ] (0.00002399)
[  0  0  1  0  0  0  1  0  0 ] (0.00018973)
[  0  0  1  0  0  0  1  0  1 ] (0.00130772)
[  0  0  1  0  0  0  1  0  2 ] (0.01567659)
[  0  0  1  0  0  0  1  1  0 ] (0.00001719)
[  0  0  1  0  0  0  1  1  1 ] (0.00802034)
[  0  0  1  0  0  0  1  2  0 ] (0.00024864)
[  0  0  1  0  0  0  2  0  0 ] (0.00773207)
[  0  0  1  0  0  0  2  0  1 ] (0.04749781)
[  0  0  1  0  0  0  2  1  0 ] (0.00012576)
[  0  0  1  0  0  0  3  0  0 ] (0.00002524)
[  0  0  1  0  0  1  0  0  0 ] (0.00020359)
[  0  0  1  0  0  1  0  0  1 ] (0.00002232)
[  0  0  1  0  0  1  0  0  2 ] (0.02633791)
[  0  0  1  0  0  1  0  1  0 ] (0.00034353)
[  0  0  1  0  0  1  0  1  1 ] (0.00816697)
[  0  0  1  0  0  1  0  2  0 ] (0.00035925)
[  0  0  1  0  0  1  1  0  0 ] (0.00043855)
[  0  0  1  0  0  1  1  0  1 ] (0.00874841)
[  0  0  1  0  0  1  1  1  0 ] (0.00021862)
[  0  0  1  0  0  1  2  0  0 ] (0.00058809)
[  0  0  1  0  0  2  0  0  0 ] (0.00249723)
[  0  0  1  0  0  2  0  0  1 ] (0.01403267)
[  0  0  1  0  0  2  0  1  0 ] (0.00014816)
[  0  0  1  0  0  2  1  0  0 ] (0.00015312)
[  0  0  1  0  0  3  0  0  0 ] (0.00020397)
[  0  0  1  0  1  0  0  0  0 ] (0.00006007)
[  0  0  1  0  1  0  0  0  1 ] (0.00002888)
[  0  0  1  0  1  0  0  0  2 ] (0.08611698)
[  0  0  1  0  1  0  0  1  0 ] (0.00008399)
[  0  0  1  0  1  0  0  1  1 ] (0.00073765)
[  0  0  1  0  1  0  0  2  0 ] (0.00008165)
[  0  0  1  0  1  0  1  0  0 ] (0.00119058)
[  0  0  1  0  1  0  1  0  1 ] (0.02721818)
[  0  0  1  0  1  0  1  1  0 ] (0.00188490)
[  0  0  1  0  1  0  2  0  0 ] (0.00017662)
[  0  0  1  0  1  1  0  0  0 ] (0.00123863)
[  0  0  1  0  1  1  0  0  1 ] (0.02875221)
[  0  0  1  0  1  1  0  1  0 ] (0.00000886)
[  0  0  1  0  1  1  1  0  0 ] (0.00000945)
[  0  0  1  0  1  2  0  0  0 ] (0.00051749)
[  0  0  1  0  2  0  0  0  0 ] (0.00043356)
[  0  0  1  0  2  0  0  0  1 ] (0.01058930)
[  0  0  1  0  2  0  0  1  0 ] (0.00002974)
[  0  0  1  0  2  0  1  0  0 ] (0.00133242)
[  0  0  1  0  2  1  0  0  0 ] (0.00207879)
[  0  0  1  0  3  0  0  0  0 ] (0.00005283)
[  0  0  1  1  0  0  0  0  0 ] (0.00006901)
[  0  0  1  1  0  0  0  0  1 ] (0.00228638)
[  0  0  1  1  0  0  0  0  2 ] (0.00219393)
[  0  0  1  1  0  0  0  1  0 ] (0.00002792)
[  0  0  1  1  0  0  0  1  1 ] (0.02192307)
[  0  0  1  1  0  0  0  2  0 ] (0.00000099)
[  0  0  1  1  0  0  1  0  0 ] (0.00035474)
[  0  0  1  1  0  0  1  0  1 ] (0.02271665)
[  0  0  1  1  0  0  1  1  0 ] (0.00320118)
[  0  0  1  1  0  0  2  0  0 ] (0.00529512)
[  0  0  1  1  0  1  0  0  0 ] (0.00114115)
[  0  0  1  1  0  1  0  0  1 ] (0.02479605)
[  0  0  1  1  0  1  0  1  0 ] (0.00179750)
[  0  0  1  1  0  1  1  0  0 ] (0.00028160)
[  0  0  1  1  0  2  0  0  0 ] (0.00000655)
[  0  0  1  1  1  0  0  0  0 ] (0.00006270)
[  0  0  1  1  1  0  0  0  1 ] (0.00925036)
[  0  0  1  1  1  0  0  1  0 ] (0.00582542)
[  0  0  1  1  1  0  1  0  0 ] (0.00011504)
[  0  0  1  1  1  1  0  0  0 ] (0.00000156)
[  0  0  1  1  2  0  0  0  0 ] (0.00007672)
[  0  0  1  2  0  0  0  0  0 ] (0.00000390)
[  0  0  1  2  0  0  0  0  1 ] (0.00014273)
[  0  0  1  2  0  0  0  1  0 ] (0.00325627)
[  0  0  1  2  0  0  1  0  0 ] (0.00002972)
[  0  0  1  2  0  1  0  0  0 ] (0.00013798)
[  0  0  1  2  1  0  0  0  0 ] (0.00000749)
[  0  0  1  3  0  0  0  0  0 ] (0.00006722)
[  0  0  2  0  0  0  0  0  0 ] (0.00000012)
[  0  0  2  0  0  0  0  0  1 ] (0.00000056)
[  0  0  2  0  0  0  0  0  2 ] (0.00000148)
[  0  0  2  0  0  0  0  1  0 ] (0.00000027)
[  0  0  2  0  0  0  0  1  1 ] (0.00000131)
[  0  0  2  0  0  0  0  2  0 ] (0.00000020)
[  0  0  2  0  0  0  1  0  0 ] (0.00000011)
[  0  0  2  0  0  0  1  0  1 ] (0.00000028)
[  0  0  2  0  0  0  1  1  0 ] (0.00000027)
[  0  0  2  0  0  0  2  0  0 ] (0.00000065)
[  0  0  2  0  0  1  0  0  0 ] (0.00000047)
[  0  0  2  0  0  1  0  0  1 ] (0.00000207)
[  0  0  2  0  0  1  0  1  0 ] (0.00000037)
[  0  0  2  0  0  1  1  0  0 ] (0.00000000)
[  0  0  2  0  0  2  0  0  0 ] (0.00000040)
[  0  0  2  0  1  0  0  0  0 ] (0.00000046)
[  0  0  2  0  1  0  0  0  1 ] (0.00000415)
[  0  0  2  0  1  0  0  1  0 ] (0.00000059)
[  0  0  2  0  1  0  1  0  0 ] (0.00000006)
[  0  0  2  0  1  1  0  0  0 ] (0.00000082)
[  0  0  2  0  2  0  0  0  0 ] (0.00000106)
[  0  0  2  1  0  0  0  0  0 ] (0.00000000)
[  0  0  2  1  0  0  0  0  1 ] (0.00000018)
[  0  0  2  1  0  0  0  1  0 ] (0.00000045)
[  0  0  2  1  0  0  1  0  0 ] (0.00000113)
[  0  0  2  1  0  1  0  0  0 ] (0.00000040)
[  0  0  2  1  1  0  0  0  0 ] (0.00000078)
[  0  0  2  2  0  0  0  0  0 ] (0.00000039)
[  0  0  3  0  0  0  0  0  0 ] (0.00000002)
[  0  0  3  0  0  0  0  0  1 ] (0.00000006)
[  0  0  3  0  0  0  0  1  0 ] (0.00000003)
[  0  0  3  0  0  0  1  0  0 ] (0.00000000)
[  0  0  3  0  0  1  0  0  0 ] (0.00000001)
[  0  0  3  0  1  0  0  0  0 ] (0.00000000)
[  0  0  3  1  0  0  0  0  0 ] (0.00000000)
[  0  0  4  0  0  0  0  0  0 ] (0.00000052)
[  0  1  0  0  0  0  0  0  0 ] (0.00000330)
[  0  1  0  0  0  0  0  0  1 ] (0.00001469)
[  0  1  0  0  0  0  0  0  2 ] (0.00020346)
[  0  1  0  0  0  0  0  0  3 ] (0.00024926)
[  0  1  0  0  0  0  0  1  0 ] (0.00001344)
[  0  1  0  0  0  0  0  1  1 ] (0.00028737)
[  0  1  0  0  0  0  0  1  2 ] (0.00000719)
[  0  1  0  0  0  0  0  2  0 ] (0.00032344)
[  0  1  0  0  0  0  0  2  1 ] (0.00207068)
[  0  1  0  0  0  0  0  3  0 ] (0.00004849)
[  0  1  0  0  0  0  1  0  0 ] (0.00002597)
[  0  1  0  0  0  0  1  0  1 ] (0.00087614)
[  0  1  0  0  0  0  1  0  2 ] (0.00033155)
[  0  1  0  0  0  0  1  1  0 ] (0.00007957)
[  0  1  0  0  0  0  1  1  1 ] (0.00043129)
[  0  1  0  0  0  0  1  2  0 ] (0.00266926)
[  0  1  0  0  0  0  2  0  0 ] (0.00007587)
[  0  1  0  0  0  0  2  0  1 ] (0.00075110)
[  0  1  0  0  0  0  2  1  0 ] (0.00405345)
[  0  1  0  0  0  0  3  0  0 ] (0.00006285)
[  0  1  0  0  0  1  0  0  0 ] (0.00004379)
[  0  1  0  0  0  1  0  0  1 ] (0.00040682)
[  0  1  0  0  0  1  0  0  2 ] (0.00519191)
[  0  1  0  0  0  1  0  1  0 ] (0.00086284)
[  0  1  0  0  0  1  0  1  1 ] (0.05188734)
[  0  1  0  0  0  1  0  2  0 ] (0.00005245)
[  0  1  0  0  0  1  1  0  0 ] (0.00003996)
[  0  1  0  0  0  1  1  0  1 ] (0.00162686)
[  0  1  0  0  0  1  1  1  0 ] (0.00225999)
[  0  1  0  0  0  1  2  0  0 ] (0.00001619)
[  0  1  0  0  0  2  0  0  0 ] (0.00000236)
[  0  1  0  0  0  2  0  0  1 ] (0.00002377)
[  0  1  0  0  0  2  0  1  0 ] (0.00001465)
[  0  1  0  0  0  2  1  0  0 ] (0.00042117)
[  0  1  0  0  0  3  0  0  0 ] (0.00000023)
[  0  1  0  0  1  0  0  0  0 ] (0.00010736)
[  0  1  0  0  1  0  0  0  1 ] (0.00172992)
[  0  1  0  0  1  0  0  0  2 ] (0.00723917)
[  0  1  0  0  1  0  0  1  0 ] (0.00037595)
[  0  1  0  0  1  0  0  1  1 ] (0.00526097)
[  0  1  0  0  1  0  0  2  0 ] (0.00008257)
[  0  1  0  0  1  0  1  0  0 ] (0.00044422)
[  0  1  0  0  1  0  1  0  1 ] (0.00016755)
[  0  1  0  0  1  0  1  1  0 ] (0.00235037)
[  0  1  0  0  1  0  2  0  0 ] (0.00069321)
[  0  1  0  0  1  1  0  0  0 ] (0.00054021)
[  0  1  0  0  1  1  0  0  1 ] (0.01866746)
[  0  1  0  0  1  1  0  1  0 ] (0.00063559)
[  0  1  0  0  1  1  1  0  0 ] (0.00000570)
[  0  1  0  0  1  2  0  0  0 ] (0.00013258)
[  0  1  0  0  2  0  0  0  0 ] (0.00001055)
[  0  1  0  0  2  0  0  0  1 ] (0.00031039)
[  0  1  0  0  2  0  0  1  0 ] (0.00005231)
[  0  1  0  0  2  0  1  0  0 ] (0.00069990)
[  0  1  0  0  2  1  0  0  0 ] (0.00012591)
[  0  1  0  0  3  0  0  0  0 ] (0.00007083)
[  0  1  0  1  0  0  0  0  0 ] (0.00000063)
[  0  1  0  1  0  0  0  0  1 ] (0.00335405)
[  0  1  0  1  0  0  0  0  2 ] (0.00001651)
[  0  1  0  1  0  0  0  1  0 ] (0.00000443)
[  0  1  0  1  0  0  0  1  1 ] (0.01827207)
[  0  1  0  1  0  0  0  2  0 ] (0.00236904)
[  0  1  0  1  0  0  1  0  0 ] (0.00078822)
[  0  1  0  1  0  0  1  0  1 ] (0.00488189)
[  0  1  0  1  0  0  1  1  0 ] (0.00521214)
[  0  1  0  1  0  0  2  0  0 ] (0.00022084)
[  0  1  0  1  0  1  0  0  0 ] (0.00066991)
[  0  1  0  1  0  1  0  0  1 ] (0.01291442)
[  0  1  0  1  0  1  0  1  0 ] (0.00110368)
[  0  1  0  1  0  1  1  0  0 ] (0.00045457)
[  0  1  0  1  0  2  0  0  0 ] (0.00023619)
[  0  1  0  1  1  0  0  0  0 ] (0.00080022)
[  0  1  0  1  1  0  0  0  1 ] (0.00554075)
[  0  1  0  1  1  0  0  1  0 ] (0.00051489)
[  0  1  0  1  1  0  1  0  0 ] (0.00338128)
[  0  1  0  1  1  1  0  0  0 ] (0.00046791)
[  0  1  0  1  2  0  0  0  0 ] (0.00025319)
[  0  1  0  2  0  0  0  0  0 ] (0.00077626)
[  0  1  0  2  0  0  0  0  1 ] (0.00545862)
[  0  1  0  2  0  0  0  1  0 ] (0.00007616)
[  0  1  0  2  0  0  1  0  0 ] (0.00425140)
[  0  1  0  2  0  1  0  0  0 ] (0.00252700)
[  0  1  0  2  1  0  0  0  0 ] (0.00219265)
[  0  1  0  3  0  0  0  0  0 ] (0.00002300)
[  0  1  1  0  0  0  0  0  0 ] (0.00000000)
[  0  1  1  0  0  0  0  0  1 ] (0.00000000)
[  0  1  1  0  0  0  0  0  2 ] (0.00000002)
[  0  1  1  0  0  0  0  1  0 ] (0.00000023)
[  0  1  1  0  0  0  0  1  1 ] (0.00000075)
[  0  1  1  0  0  0  0  2  0 ] (0.00000010)
[  0  1  1  0  0  0  1  0  0 ] (0.00000020)
[  0  1  1  0  0  0  1  0  1 ] (0.00000158)
[  0  1  1  0  0  0  1  1  0 ] (0.00000004)
[  0  1  1  0  0  0  2  0  0 ] (0.00000007)
[  0  1  1  0  0  1  0  0  0 ] (0.00000021)
[  0  1  1  0  0  1  0  0  1 ] (0.00000107)
[  0  1  1  0  0  1  0  1  0 ] (0.00000001)
[  0  1  1  0  0  1  1  0  0 ] (0.00000003)
[  0  1  1  0  0  2  0  0  0 ] (0.00000001)
[  0  1  1  0  1  0  0  0  0 ] (0.00000049)
[  0  1  1  0  1  0  0  0  1 ] (0.00000169)
[  0  1  1  0  1  0  0  1  0 ] (0.00000008)
[  0  1  1  0  1  0  1  0  0 ] (0.00000004)
[  0  1  1  0  1  1  0  0  0 ] (0.00000005)
[  0  1  1  0  2  0  0  0  0 ] (0.00000014)
[  0  1  1  1  0  0  0  0  0 ] (0.00000012)
[  0  1  1  1  0  0  0  0  1 ] (0.00000084)
[  0  1  1  1  0  0  0  1  0 ] (0.00000049)
[  0  1  1  1  0  0  1  0  0 ] (0.00000005)
[  0  1  1  1  0  1  0  0  0 ] (0.00000020)
[  0  1  1  1  1  0  0  0  0 ] (0.00000000)
[  0  1  1  2  0  0  0  0  0 ] (0.00000008)
[  0  1  2  0  0  0  0  0  0 ] (0.00010484)
[  0  1  2  0  0  0  0  0  1 ] (0.00031160)
[  0  1  2  0  0  0  0  1  0 ] (0.00004023)
[  0  1  2  0  0  0  1  0  0 ] (0.00012494)
[  0  1  2  0  0  1  0  0  0 ] (0.00024859)
[  0  1  2  0  1  0  0  0  0 ] (0.00013724)
[  0  1  2  1  0  0  0  0  0 ] (0.00001214)
[  0  1  3  0  0  0  0  0  0 ] (0.00000003)
[  0  2  0  0  0  0  0  0  0 ] (0.00000003)
[  0  2  0  0  0  0  0  0  1 ] (0.00000034)
[  0  2  0  0  0  0  0  0  2 ] (0.00000034)
[  0  2  0  0  0  0  0  1  0 ] (0.00000015)
[  0  2  0  0  0  0  0  1  1 ] (0.00000165)
[  0  2  0  0  0  0  0  2  0 ] (0.00000004)
[  0  2  0  0  0  0  1  0  0 ] (0.00000015)
[  0  2  0  0  0  0  1  0  1 ] (0.00000061)
[  0  2  0  0  0  0  1  1  0 ] (0.00000001)
[  0  2  0  0  0  0  2  0  0 ] (0.00000004)
[  0  2  0  0  0  1  0  0  0 ] (0.00000002)
[  0  2  0  0  0  1  0  0  1 ] (0.00000005)
[  0  2  0  0  0  1  0  1  0 ] (0.00000012)
[  0  2  0  0  0  1  1  0  0 ] (0.00000008)
[  0  2  0  0  0  2  0  0  0 ] (0.00000001)
[  0  2  0  0  1  0  0  0  0 ] (0.00000000)
[  0  2  0  0  1  0  0  0  1 ] (0.00000000)
[  0  2  0  0  1  0  0  1  0 ] (0.00000002)
[  0  2  0  0  1  0  1  0  0 ] (0.00000038)
[  0  2  0  0  1  1  0  0  0 ] (0.00000000)
[  0  2  0  0  2  0  0  0  0 ] (0.00000003)
[  0  2  0  1  0  0  0  0  0 ] (0.00000019)
[  0  2  0  1  0  0  0  0  1 ] (0.00000034)
[  0  2  0  1  0  0  0  1  0 ] (0.00000000)
[  0  2  0  1  0  0  1  0  0 ] (0.00000031)
[  0  2  0  1  0  1  0  0  0 ] (0.00000064)
[  0  2  0  1  1  0  0  0  0 ] (0.00000000)
[  0  2  0  2  0  0  0  0  0 ] (0.00000002)
[  0  2  1  0  0  0  0  0  0 ] (0.00000033)
[  0  2  1  0  0  0  0  0  1 ] (0.00000155)
[  0  2  1  0  0  0  0  1  0 ] (0.00019708)
[  0  2  1  0  0  0  1  0  0 ] (0.00017120)
[  0  2  1  0  0  1  0  0  0 ] (0.00011909)
[  0  2  1  0  1  0  0  0  0 ] (0.00009704)
[  0  2  1  1  0  0  0  0  0 ] (0.00002797)
[  0  2  2  0  0  0  0  0  0 ] (0.00000004)
[  0  3  0  0  0  0  0  0  0 ] (0.00000001)
[  0  3  0  0  0  0  0  0  1 ] (0.00000004)
[  0  3  0  0  0  0  0  1  0 ] (0.00000000)
[  0  3  0  0  0  0  1  0  0 ] (0.00000002)
[  0  3  0  0  0  1  0  0  0 ] (0.00000001)
[  0  3  0  0  1  0  0  0  0 ] (0.00000000)
[  0  3  0  1  0  0  0  0  0 ] (0.00000001)
[  0  3  1  0  0  0  0  0  0 ] (0.00000031)
[  0  4  0  0  0  0  0  0  0 ] (0.00001356)
[  1  0  0  0  0  0  0  0  0 ] (0.00000897)
[  1  0  0  0  0  0  0  0  1 ] (0.00001739)
[  1  0  0  0  0  0  0  0  2 ] (0.00117250)
[  1  0  0  0  0  0  0  0  3 ] (0.00363666)
[  1  0  0  0  0  0  0  1  0 ] (0.00003201)
[  1  0  0  0  0  0  0  1  1 ] (0.00113579)
[  1  0  0  0  0  0  0  1  2 ] (0.01997964)
[  1  0  0  0  0  0  0  2  0 ] (0.00001328)
[  1  0  0  0  0  0  0  2  1 ] (0.00002493)
[  1  0  0  0  0  0  0  3  0 ] (0.00007446)
[  1  0  0  0  0  0  1  0  0 ] (0.00032552)
[  1  0  0  0  0  0  1  0  1 ] (0.00700181)
[  1  0  0  0  0  0  1  0  2 ] (0.00978402)
[  1  0  0  0  0  0  1  1  0 ] (0.00408155)
[  1  0  0  0  0  0  1  1  1 ] (0.09792571)
[  1  0  0  0  0  0  1  2  0 ] (0.00003053)
[  1  0  0  0  0  0  2  0  0 ] (0.00349306)
[  1  0  0  0  0  0  2  0  1 ] (0.01848853)
[  1  0  0  0  0  0  2  1  0 ] (0.00004291)
[  1  0  0  0  0  0  3  0  0 ] (0.00000309)
[  1  0  0  0  0  1  0  0  0 ] (0.00010464)
[  1  0  0  0  0  1  0  0  1 ] (0.00270893)
[  1  0  0  0  0  1  0  0  2 ] (0.00107096)
[  1  0  0  0  0  1  0  1  0 ] (0.00055688)
[  1  0  0  0  0  1  0  1  1 ] (0.04306099)
[  1  0  0  0  0  1  0  2  0 ] (0.00000201)
[  1  0  0  0  0  1  1  0  0 ] (0.00110266)
[  1  0  0  0  0  1  1  0  1 ] (0.00471191)
[  1  0  0  0  0  1  1  1  0 ] (0.00141906)
[  1  0  0  0  0  1  2  0  0 ] (0.00002487)
[  1  0  0  0  0  2  0  0  0 ] (0.00155051)
[  1  0  0  0  0  2  0  0  1 ] (0.00587728)
[  1  0  0  0  0  2  0  1  0 ] (0.00099318)
[  1  0  0  0  0  2  1  0  0 ] (0.00028512)
[  1  0  0  0  0  3  0  0  0 ] (0.00027249)
[  1  0  0  0  1  0  0  0  0 ] (0.00016543)
[  1  0  0  0  1  0  0  0  1 ] (0.00473417)
[  1  0  0  0  1  0  0  0  2 ] (0.02306907)
[  1  0  0  0  1  0  0  1  0 ] (0.00000717)
[  1  0  0  0  1  0  0  1  1 ] (0.00139512)
[  1  0  0  0  1  0  0  2  0 ] (0.00005374)
[  1  0  0  0  1  0  1  0  0 ] (0.00325310)
[  1  0  0  0  1  0  1  0  1 ] (0.04599007)
[  1  0  0  0  1  0  1  1  0 ] (0.00018167)
[  1  0  0  0  1  0  2  0  0 ] (0.00039335)
[  1  0  0  0  1  1  0  0  0 ] (0.00060272)
[  1  0  0  0  1  1  0  0  1 ] (0.00000115)
[  1  0  0  0  1  1  0  1  0 ] (0.00000541)
[  1  0  0  0  1  1  1  0  0 ] (0.00041445)
[  1  0  0  0  1  2  0  0  0 ] (0.00061101)
[  1  0  0  0  2  0  0  0  0 ] (0.00004472)
[  1  0  0  0  2  0  0  0  1 ] (0.00191942)
[  1  0  0  0  2  0  0  1  0 ] (0.00035554)
[  1  0  0  0  2  0  1  0  0 ] (0.00012244)
[  1  0  0  0  2  1  0  0  0 ] (0.00002632)
[  1  0  0  0  3  0  0  0  0 ] (0.00007536)
[  1  0  0  1  0  0  0  0  0 ] (0.00001434)
[  1  0  0  1  0  0  0  0  1 ] (0.00155833)
[  1  0  0  1  0  0  0  0  2 ] (0.00104829)
[  1  0  0  1  0  0  0  1  0 ] (0.00036957)
[  1  0  0  1  0  0  0  1  1 ] (0.00924801)
[  1  0  0  1  0  0  0  2  0 ] (0.00009961)
[  1  0  0  1  0  0  1  0  0 ] (0.00073730)
[  1  0  0  1  0  0  1  0  1 ] (0.01969091)
[  1  0  0  1  0  0  1  1  0 ] (0.00013820)
[  1  0  0  1  0  0  2  0  0 ] (0.00307738)
[  1  0  0  1  0  1  0  0  0 ] (0.00043098)
[  1  0  0  1  0  1  0  0  1 ] (0.00249788)
[  1  0  0  1  0  1  0  1  0 ] (0.00032565)
[  1  0  0  1  0  1  1  0  0 ] (0.00028859)
[  1  0  0  1  0  2  0  0  0 ] (0.00004782)
[  1  0  0  1  1  0  0  0  0 ] (0.00015276)
[  1  0  0  1  1  0  0  0  1 ] (0.01371722)
[  1  0  0  1  1  0  0  1  0 ] (0.00098085)
[  1  0  0  1  1  0  1  0  0 ] (0.00006782)
[  1  0  0  1  1  1  0  0  0 ] (0.00011354)
[  1  0  0  1  2  0  0  0  0 ] (0.00015593)
[  1  0  0  2  0  0  0  0  0 ] (0.00013903)
[  1  0  0  2  0  0  0  0  1 ] (0.00054666)
[  1  0  0  2  0  0  0  1  0 ] (0.00024423)
[  1  0  0  2  0  0  1  0  0 ] (0.00267655)
[  1  0  0  2  0  1  0  0  0 ] (0.00057956)
[  1  0  0  2  1  0  0  0  0 ] (0.00026173)
[  1  0  0  3  0  0  0  0  0 ] (0.00000423)
[  1  0  1  0  0  0  0  0  0 ] (0.00000000)
[  1  0  1  0  0  0  0  0  1 ] (0.00000001)
[  1  0  1  0  0  0  0  0  2 ] (0.00000000)
[  1  0  1  0  0  0  0  1  0 ] (0.00000015)
[  1  0  1  0  0  0  0  1  1 ] (0.00000094)
[  1  0  1  0  0  0  0  2  0 ] (0.00000000)
[  1  0  1  0  0  0  1  0  0 ] (0.00000002)
[  1  0  1  0  0  0  1  0  1 ] (0.00000004)
[  1  0  1  0  0  0  1  1  0 ] (0.00000001)
[  1  0  1  0  0  0  2  0  0 ] (0.00000005)
[  1  0  1  0  0  1  0  0  0 ] (0.00000003)
[  1  0  1  0  0  1  0  0  1 ] (0.00000010)
[  1  0  1  0  0  1  0  1  0 ] (0.00000038)
[  1  0  1  0  0  1  1  0  0 ] (0.00000009)
[  1  0  1  0  0  2  0  0  0 ] (0.00000010)
[  1  0  1  0  1  0  0  0  0 ] (0.00000000)
[  1  0  1  0  1  0  0  0  1 ] (0.00000000)
[  1  0  1  0  1  0  0  1  0 ] (0.00000001)
[  1  0  1  0  1  0  1  0  0 ] (0.00000045)
[  1  0  1  0  1  1  0  0  0 ] (0.00000009)
[  1  0  1  0  2  0  0  0  0 ] (0.00000000)
[  1  0  1  1  0  0  0  0  0 ] (0.00000003)
[  1  0  1  1  0  0  0  0  1 ] (0.00000001)
[  1  0  1  1  0  0  0  1  0 ] (0.00000034)
[  1  0  1  1  0  0  1  0  0 ] (0.00000008)
[  1  0  1  1  0  1  0  0  0 ] (0.00000040)
[  1  0  1  1  1  0  0  0  0 ] (0.00000004)
[  1  0  1  2  0  0  0  0  0 ] (0.00000009)
[  1  0  2  0  0  0  0  0  0 ] (0.00012909)
[  1  0  2  0  0  0  0  0  1 ] (0.00121747)
[  1  0  2  0  0  0  0  1  0 ] (0.00000912)
[  1  0  2  0  0  0  1  0  0 ] (0.00004142)
[  1  0  2  0  0  1  0  0  0 ] (0.00168383)
[  1  0  2  0  1  0  0  0  0 ] (0.00000016)
[  1  0  2  1  0  0  0  0  0 ] (0.00003130)
[  1  0  3  0  0  0  0  0  0 ] (0.00000015)
[  1  1  0  0  0  0  0  0  0 ] (0.00000003)
[  1  1  0  0  0  0  0  0  1 ] (0.00000035)
[  1  1  0  0  0  0  0  0  2 ] (0.00000036)
[  1  1  0  0  0  0  0  1  0 ] (0.00000007)
[  1  1  0  0  0  0  0  1  1 ] (0.00000055)
[  1  1  0  0  0  0  0  2  0 ] (0.00000000)
[  1  1  0  0  0  0  1  0  0 ] (0.00000020)
[  1  1  0  0  0  0  1  0  1 ] (0.00000056)
[  1  1  0  0  0  0  1  1  0 ] (0.00000050)
[  1  1  0  0  0  0  2  0  0 ] (0.00000001)
[  1  1  0  0  0  1  0  0  0 ] (0.00000005)
[  1  1  0  0  0  1  0  0  1 ] (0.00000011)
[  1  1  0  0  0  1  0  1  0 ] (0.00000001)
[  1  1  0  0  0  1  1  0  0 ] (0.00000004)
[  1  1  0  0  0  2  0  0  0 ] (0.00000001)
[  1  1  0  0  1  0  0  0  0 ] (0.00000030)
[  1  1  0  0  1  0  0  0  1 ] (0.00000125)
[  1  1  0  0  1  0  0  1  0 ] (0.00000023)
[  1  1  0  0  1  0  1  0  0 ] (0.00000043)
[  1  1  0  0  1  1  0  0  0 ] (0.00000010)
[  1  1  0  0  2  0  0  0  0 ] (0.00000012)
[  1  1  0  1  0  0  0  0  0 ] (0.00000007)
[  1  1  0  1  0  0  0  0  1 ] (0.00000039)
[  1  1  0  1  0  0  0  1  0 ] (0.00000020)
[  1  1  0  1  0  0  1  0  0 ] (0.00000001)
[  1  1  0  1  0  1  0  0  0 ] (0.00000002)
[  1  1  0  1  1  0  0  0  0 ] (0.00000000)
[  1  1  0  2  0  0  0  0  0 ] (0.00000005)
[  1  1  1  0  0  0  0  0  0 ] (0.00000226)
[  1  1  1  0  0  0  0  0  1 ] (0.00000146)
[  1  1  1  0  0  0  0  1  0 ] (0.00000474)
[  1  1  1  0  0  0  1  0  0 ] (0.00014943)
[  1  1  1  0  0  1  0  0  0 ] (0.00020433)
[  1  1  1  0  1  0  0  0  0 ] (0.00002471)
[  1  1  1  1  0  0  0  0  0 ] (0.00002476)
[  1  1  2  0  0  0  0  0  0 ] (0.00000002)
[  1  2  0  0  0  0  0  0  0 ] (0.00000232)
[  1  2  0  0  0  0  0  0  1 ] (0.00000074)
[  1  2  0  0  0  0  0  1  0 ] (0.00000048)
[  1  2  0  0  0  0  1  0  0 ] (0.00009551)
[  1  2  0  0  0  1  0  0  0 ] (0.00004093)
[  1  2  0  0  1  0  0  0  0 ] (0.00002874)
[  1  2  0  1  0  0  0  0  0 ] (0.00003000)
[  1  2  1  0  0  0  0  0  0 ] (0.00000002)
[  1  3  0  0  0  0  0  0  0 ] (0.00000000)
[  2  0  0  0  0  0  0  0  0 ] (0.00000001)
[  2  0  0  0  0  0  0  0  1 ] (0.00000014)
[  2  0  0  0  0  0  0  0  2 ] (0.00000025)
[  2  0  0  0  0  0  0  1  0 ] (0.00000009)
[  2  0  0  0  0  0  0  1  1 ] (0.00000125)
[  2  0  0  0  0  0  0  2  0 ] (0.00000005)
[  2  0  0  0  0  0  1  0  0 ] (0.00000003)
[  2  0  0  0  0  0  1  0  1 ] (0.00000023)
[  2  0  0  0  0  0  1  1  0 ] (0.00000096)
[  2  0  0  0  0  0  2  0  0 ] (0.00000002)
[  2  0  0  0  0  1  0  0  0 ] (0.00000002)
[  2  0  0  0  0  1  0  0  1 ] (0.00000009)
[  2  0  0  0  0  1  0  1  0 ] (0.00000000)
[  2  0  0  0  0  1  1  0  0 ] (0.00000000)
[  2  0  0  0  0  2  0  0  0 ] (0.00000001)
[  2  0  0  0  1  0  0  0  0 ] (0.00000036)
[  2  0  0  0  1  0  0  0  1 ] (0.00000092)
[  2  0  0  0  1  0  0  1  0 ] (0.00000001)
[  2  0  0  0  1  0  1  0  0 ] (0.00000058)
[  2  0  0  0  1  1  0  0  0 ] (0.00000001)
[  2  0  0  0  2  0  0  0  0 ] (0.00000000)
[  2  0  0  1  0  0  0  0  0 ] (0.00000002)
[  2  0  0  1  0  0  0  0  1 ] (0.00000046)
[  2  0  0  1  0  0  0  1  0 ] (0.00000010)
[  2  0  0  1  0  0  1  0  0 ] (0.00000001)
[  2  0  0  1  0  1  0  0  0 ] (0.00000009)
[  2  0  0  1  1  0  0  0  0 ] (0.00000005)
[  2  0  0  2  0  0  0  0  0 ] (0.00000003)
[  2  0  1  0  0  0  0  0  0 ] (0.00001344)
[  2  0  1  0  0  0  0  0  1 ] (0.00027581)
[  2  0  1  0  0  0  0  1  0 ] (0.00002948)
[  2  0  1  0  0  0  1  0  0 ] (0.00007038)
[  2  0  1  0  0  1  0  0  0 ] (0.00090340)
[  2  0  1  0  1  0  0  0  0 ] (0.00006274)
[  2  0  1  1  0  0  0  0  0 ] (0.00001317)
[  2  0  2  0  0  0  0  0  0 ] (0.00000000)
[  2  1  0  0  0  0  0  0  0 ] (0.00000672)
[  2  1  0  0  0  0  0  0  1 ] (0.00009081)
[  2  1  0  0  0  0  0  1  0 ] (0.00000049)
[  2  1  0  0  0  0  1  0  0 ] (0.00010939)
[  2  1  0  0  0  1  0  0  0 ] (0.00042483)
[  2  1  0  0  1  0  0  0  0 ] (0.00005992)
[  2  1  0  1  0  0  0  0  0 ] (0.00005511)
[  2  1  1  0  0  0  0  0  0 ] (0.00000007)
[  2  2  0  0  0  0  0  0  0 ] (0.00000002)
[  3  0  0  0  0  0  0  0  0 ] (0.00000000)
[  3  0  0  0  0  0  0  0  1 ] (0.00000001)
[  3  0  0  0  0  0  0  1  0 ] (0.00000000)
[  3  0  0  0  0  0  1  0  0 ] (0.00000001)
[  3  0  0  0  0  1  0  0  0 ] (0.00000001)
[  3  0  0  0  1  0  0  0  0 ] (0.00000000)
[  3  0  0  1  0  0  0  0  0 ] (0.00000000)
[  3  0  1  0  0  0  0  0  0 ] (0.00000011)
[  3  1  0  0  0  0  0  0  0 ] (0.00000010)
[  4  0  0  0  0  0  0  0  0 ] (0.00000090)
