| -1010.543799985108 |   108.365344913317 

[  0  0  0  0  0  0  0  0  0 ] (0.00001677)
[  0  0  0  0  0  0  0  0  1 ] (0.00509549)
[  0  0  0  0  0  0  0  0  2 ] (0.00005280)
[  0  0  0  0  0  0  0  0  3 ] (0.00006371)
[  0  0  0  0  0  0  0  0  4 ] (0.00000104)
[  0  0  0  0  0  0  0  1  0 ] (0.00134086)
[  0  0  0  0  0  0  0  1  1 ] (0.00035049)
[  0  0  0  0  0  0  0  1  2 ] (0.00000706)
[  0  0  0  0  0  0  0  1  3 ] (0.00000012)
[  0  0  0  0  0  0  0  2  0 ] (0.00000229)
[  0  0  0  0  0  0  0  2  1 ] (0.00000765)
[  0  0  0  0  0  0  0  2  2 ] (0.00000009)
[  0  0  0  0  0  0  0  3  0 ] (0.00029272)
[  0  0  0  0  0  0  0  3  1 ] (0.00000329)
[  0  0  0  0  0  0  0  4  0 ] (0.00000254)
[  0  0  0  0  0  0  1  0  0 ] (0.00003081)
[  0  0  0  0  0  0  1  0  1 ] (0.00458619)
[  0  0  0  0  0  0  1  0  2 ] (0.00013972)
[  0  0  0  0  0  0  1  0  3 ] (0.00012266)
[  0  0  0  0  0  0  1  1  0 ] (0.00049228)
[  0  0  0  0  0  0  1  1  1 ] (0.00020609)
[  0  0  0  0  0  0  1  1  2 ] (0.00002950)
[  0  0  0  0  0  0  1  2  0 ] (0.00047182)
[  0  0  0  0  0  0  1  2  1 ] (0.00000903)
[  0  0  0  0  0  0  1  3  0 ] (0.00033902)
[  0  0  0  0  0  0  2  0  0 ] (0.00231425)
[  0  0  0  0  0  0  2  0  1 ] (0.00053745)
[  0  0  0  0  0  0  2  0  2 ] (0.00006793)
[  0  0  0  0  0  0  2  1  0 ] (0.00060620)
[  0  0  0  0  0  0  2  1  1 ] (0.00000108)
[  0  0  0  0  0  0  2  2  0 ] (0.00000250)
[  0  0  0  0  0  0  3  0  0 ] (0.01209776)
[  0  0  0  0  0  0  3  0  1 ] (0.00000003)
[  0  0  0  0  0  0  3  1  0 ] (0.00202443)
[  0  0  0  0  0  0  4  0  0 ] (0.00000024)
[  0  0  0  0  0  1  0  0  0 ] (0.00077429)
[  0  0  0  0  0  1  0  0  1 ] (0.00568008)
[  0  0  0  0  0  1  0  0  2 ] (0.00000184)
[  0  0  0  0  0  1  0  0  3 ] (0.00003734)
[  0  0  0  0  0  1  0  1  0 ] (0.00664735)
[  0  0  0  0  0  1  0  1  1 ] (0.00000036)
[  0  0  0  0  0  1  0  1  2 ] (0.00000001)
[  0  0  0  0  0  1  0  2  0 ] (0.00001011)
[  0  0  0  0  0  1  0  2  1 ] (0.00000062)
[  0  0  0  0  0  1  0  3  0 ] (0.00005329)
[  0  0  0  0  0  1  1  0  0 ] (0.00030748)
[  0  0  0  0  0  1  1  0  1 ] (0.00024351)
[  0  0  0  0  0  1  1  0  2 ] (0.00002232)
[  0  0  0  0  0  1  1  1  0 ] (0.00110764)
[  0  0  0  0  0  1  1  1  1 ] (0.00000010)
[  0  0  0  0  0  1  1  2  0 ] (0.00000715)
[  0  0  0  0  0  1  2  0  0 ] (0.00022912)
[  0  0  0  0  0  1  2  0  1 ] (0.00007030)
[  0  0  0  0  0  1  2  1  0 ] (0.00001595)
[  0  0  0  0  0  1  3  0  0 ] (0.00006836)
[  0  0  0  0  0  2  0  0  0 ] (0.00000005)
[  0  0  0  0  0  2  0  0  1 ] (0.00000086)
[  0  0  0  0  0  2  0  0  2 ] (0.00000612)
[  0  0  0  0  0  2  0  1  0 ] (0.00004726)
[  0  0  0  0  0  2  0  1  1 ] (0.00000078)
[  0  0  0  0  0  2  0  2  0 ] (0.00000377)
[  0  0  0  0  0  2  1  0  0 ] (0.00000188)
[  0  0  0  0  0  2  1  0  1 ] (0.00000812)
[  0  0  0  0  0  2  1  1  0 ] (0.00002549)
[  0  0  0  0  0  2  2  0  0 ] (0.00000149)
[  0  0  0  0  0  3  0  0  0 ] (0.00039360)
[  0  0  0  0  0  3  0  0  1 ] (0.00000009)
[  0  0  0  0  0  3  0  1  0 ] (0.00006977)
[  0  0  0  0  0  3  1  0  0 ] (0.00000022)
[  0  0  0  0  0  4  0  0  0 ] (0.00003546)
[  0  0  0  0  1  0  0  0  0 ] (0.00027168)
[  0  0  0  0  1  0  0  0  1 ] (0.00028428)
[  0  0  0  0  1  0  0  0  2 ] (0.00001928)
[  0  0  0  0  1  0  0  0  3 ] (0.00000486)
[  0  0  0  0  1  0  0  1  0 ] (0.00727742)
[  0  0  0  0  1  0  0  1  1 ] (0.00017594)
[  0  0  0  0  1  0  0  1  2 ] (0.00000566)
[  0  0  0  0  1  0  0  2  0 ] (0.00000087)
[  0  0  0  0  1  0  0  2  1 ] (0.00000139)
[  0  0  0  0  1  0  0  3  0 ] (0.00000044)
[  0  0  0  0  1  0  1  0  0 ] (0.01075022)
[  0  0  0  0  1  0  1  0  1 ] (0.00014989)
[  0  0  0  0  1  0  1  0  2 ] (0.00003003)
[  0  0  0  0  1  0  1  1  0 ] (0.00090783)
[  0  0  0  0  1  0  1  1  1 ] (0.00009045)
[  0  0  0  0  1  0  1  2  0 ] (0.00000215)
[  0  0  0  0  1  0  2  0  0 ] (0.00128915)
[  0  0  0  0  1  0  2  0  1 ] (0.00008611)
[  0  0  0  0  1  0  2  1  0 ] (0.00005917)
[  0  0  0  0  1  0  3  0  0 ] (0.00189759)
[  0  0  0  0  1  1  0  0  0 ] (0.01639857)
[  0  0  0  0  1  1  0  0  1 ] (0.00041253)
[  0  0  0  0  1  1  0  0  2 ] (0.00000643)
[  0  0  0  0  1  1  0  1  0 ] (0.00002338)
[  0  0  0  0  1  1  0  1  1 ] (0.00000149)
[  0  0  0  0  1  1  0  2  0 ] (0.00000027)
[  0  0  0  0  1  1  1  0  0 ] (0.00001611)
[  0  0  0  0  1  1  1  0  1 ] (0.00000112)
[  0  0  0  0  1  1  1  1  0 ] (0.00000006)
[  0  0  0  0  1  1  2  0  0 ] (0.00000616)
[  0  0  0  0  1  2  0  0  0 ] (0.00005469)
[  0  0  0  0  1  2  0  0  1 ] (0.00000312)
[  0  0  0  0  1  2  0  1  0 ] (0.00003964)
[  0  0  0  0  1  2  1  0  0 ] (0.00000293)
[  0  0  0  0  1  3  0  0  0 ] (0.00001329)
[  0  0  0  0  2  0  0  0  0 ] (0.00015309)
[  0  0  0  0  2  0  0  0  1 ] (0.00000754)
[  0  0  0  0  2  0  0  0  2 ] (0.00000056)
[  0  0  0  0  2  0  0  1  0 ] (0.00000050)
[  0  0  0  0  2  0  0  1  1 ] (0.00000003)
[  0  0  0  0  2  0  0  2  0 ] (0.00000253)
[  0  0  0  0  2  0  1  0  0 ] (0.00065784)
[  0  0  0  0  2  0  1  0  1 ] (0.00004266)
[  0  0  0  0  2  0  1  1  0 ] (0.00000068)
[  0  0  0  0  2  0  2  0  0 ] (0.00002228)
[  0  0  0  0  2  1  0  0  0 ] (0.00002940)
[  0  0  0  0  2  1  0  0  1 ] (0.00000531)
[  0  0  0  0  2  1  0  1  0 ] (0.00001671)
[  0  0  0  0  2  1  1  0  0 ] (0.00000170)
[  0  0  0  0  2  2  0  0  0 ] (0.00000192)
[  0  0  0  0  3  0  0  0  0 ] (0.00033952)
[  0  0  0  0  3  0  0  0  1 ] (0.00000300)
[  0  0  0  0  3  0  0  1  0 ] (0.00008791)
[  0  0  0  0  3  0  1  0  0 ] (0.00122846)
[  0  0  0  0  3  1  0  0  0 ] (0.00003318)
[  0  0  0  0  4  0  0  0  0 ] (0.00000047)
[  0  0  0  1  0  0  0  0  0 ] (0.00032244)
[  0  0  0  1  0  0  0  0  1 ] (0.00369078)
[  0  0  0  1  0  0  0  0  2 ] (0.00000929)
[  0  0  0  1  0  0  0  0  3 ] (0.00001376)
[  0  0  0  1  0  0  0  1  0 ] (0.01651338)
[  0  0  0  1  0  0  0  1  1 ] (0.00008001)
[  0  0  0  1  0  0  0  1  2 ] (0.00001880)
[  0  0  0  1  0  0  0  2  0 ] (0.00005850)
[  0  0  0  1  0  0  0  2  1 ] (0.00000045)
[  0  0  0  1  0  0  0  3  0 ] (0.00002874)
[  0  0  0  1  0  0  1  0  0 ] (0.40367176)
[  0  0  0  1  0  0  1  0  1 ] (0.00697987)
[  0  0  0  1  0  0  1  0  2 ] (0.00040189)
[  0  0  0  1  0  0  1  1  0 ] (0.01039677)
[  0  0  0  1  0  0  1  1  1 ] (0.00049881)
[  0  0  0  1  0  0  1  2  0 ] (0.00005678)
[  0  0  0  1  0  0  2  0  0 ] (0.00000142)
[  0  0  0  1  0  0  2  0  1 ] (0.00034114)
[  0  0  0  1  0  0  2  1  0 ] (0.00004972)
[  0  0  0  1  0  0  3  0  0 ] (0.00013225)
[  0  0  0  1  0  1  0  0  0 ] (0.01939190)
[  0  0  0  1  0  1  0  0  1 ] (0.00001244)
[  0  0  0  1  0  1  0  0  2 ] (0.00001396)
[  0  0  0  1  0  1  0  1  0 ] (0.00080827)
[  0  0  0  1  0  1  0  1  1 ] (0.00004207)
[  0  0  0  1  0  1  0  2  0 ] (0.00001045)
[  0  0  0  1  0  1  1  0  0 ] (0.00019731)
[  0  0  0  1  0  1  1  0  1 ] (0.00002654)
[  0  0  0  1  0  1  1  1  0 ] (0.00011631)
[  0  0  0  1  0  1  2  0  0 ] (0.00002394)
[  0  0  0  1  0  2  0  0  0 ] (0.00158420)
[  0  0  0  1  0  2  0  0  1 ] (0.00003195)
[  0  0  0  1  0  2  0  1  0 ] (0.00004757)
[  0  0  0  1  0  2  1  0  0 ] (0.00002253)
[  0  0  0  1  0  3  0  0  0 ] (0.00063560)
[  0  0  0  1  1  0  0  0  0 ] (0.01207896)
[  0  0  0  1  1  0  0  0  1 ] (0.00004856)
[  0  0  0  1  1  0  0  0  2 ] (0.00002676)
[  0  0  0  1  1  0  0  1  0 ] (0.00021394)
[  0  0  0  1  1  0  0  1  1 ] (0.00005229)
[  0  0  0  1  1  0  0  2  0 ] (0.00000463)
[  0  0  0  1  1  0  1  0  0 ] (0.00156291)
[  0  0  0  1  1  0  1  0  1 ] (0.00002213)
[  0  0  0  1  1  0  1  1  0 ] (0.00022801)
[  0  0  0  1  1  0  2  0  0 ] (0.00010930)
[  0  0  0  1  1  1  0  0  0 ] (0.00062570)
[  0  0  0  1  1  1  0  0  1 ] (0.00002203)
[  0  0  0  1  1  1  0  1  0 ] (0.00001428)
[  0  0  0  1  1  1  1  0  0 ] (0.00000222)
[  0  0  0  1  1  2  0  0  0 ] (0.00000110)
[  0  0  0  1  2  0  0  0  0 ] (0.00036985)
[  0  0  0  1  2  0  0  0  1 ] (0.00001239)
[  0  0  0  1  2  0  0  1  0 ] (0.00026195)
[  0  0  0  1  2  0  1  0  0 ] (0.00000098)
[  0  0  0  1  2  1  0  0  0 ] (0.00000103)
[  0  0  0  1  3  0  0  0  0 ] (0.00009923)
[  0  0  0  2  0  0  0  0  0 ] (0.00010109)
[  0  0  0  2  0  0  0  0  1 ] (0.00025127)
[  0  0  0  2  0  0  0  0  2 ] (0.00002119)
[  0  0  0  2  0  0  0  1  0 ] (0.00056772)
[  0  0  0  2  0  0  0  1  1 ] (0.00002922)
[  0  0  0  2  0  0  0  2  0 ] (0.00000033)
[  0  0  0  2  0  0  1  0  0 ] (0.00034541)
[  0  0  0  2  0  0  1  0  1 ] (0.00008128)
[  0  0  0  2  0  0  1  1  0 ] (0.00011340)
[  0  0  0  2  0  0  2  0  0 ] (0.00000225)
[  0  0  0  2  0  1  0  0  0 ] (0.00007496)
[  0  0  0  2  0  1  0  0  1 ] (0.00000619)
[  0  0  0  2  0  1  0  1  0 ] (0.00001333)
[  0  0  0  2  0  1  1  0  0 ] (0.00000008)
[  0  0  0  2  0  2  0  0  0 ] (0.00000103)
[  0  0  0  2  1  0  0  0  0 ] (0.00026542)
[  0  0  0  2  1  0  0  0  1 ] (0.00000315)
[  0  0  0  2  1  0  0  1  0 ] (0.00000208)
[  0  0  0  2  1  0  1  0  0 ] (0.00004450)
[  0  0  0  2  1  1  0  0  0 ] (0.00000517)
[  0  0  0  2  2  0  0  0  0 ] (0.00002287)
[  0  0  0  3  0  0  0  0  0 ] (0.00553227)
[  0  0  0  3  0  0  0  0  1 ] (0.00011832)
[  0  0  0  3  0  0  0  1  0 ] (0.00166855)
[  0  0  0  3  0  0  1  0  0 ] (0.00038990)
[  0  0  0  3  0  1  0  0  0 ] (0.00004938)
[  0  0  0  3  1  0  0  0  0 ] (0.00006672)
[  0  0  0  4  0  0  0  0  0 ] (0.00077889)
[  0  0  1  0  0  0  0  0  0 ] (0.00000002)
[  0  0  1  0  0  0  0  0  1 ] (0.00000115)
[  0  0  1  0  0  0  0  0  2 ] (0.00000000)
[  0  0  1  0  0  0  0  0  3 ] (0.00000000)
[  0  0  1  0  0  0  0  1  0 ] (0.00000001)
[  0  0  1  0  0  0  0  1  1 ] (0.00000001)
[  0  0  1  0  0  0  0  1  2 ] (0.00000000)
[  0  0  1  0  0  0  0  2  0 ] (0.00000000)
[  0  0  1  0  0  0  0  2  1 ] (0.00000000)
[  0  0  1  0  0  0  0  3  0 ] (0.00000000)
[  0  0  1  0  0  0  1  0  0 ] (0.00000024)
[  0  0  1  0  0  0  1  0  1 ] (0.00000003)
[  0  0  1  0  0  0  1  0  2 ] (0.00000000)
[  0  0  1  0  0  0  1  1  0 ] (0.00000003)
[  0  0  1  0  0  0  1  1  1 ] (0.00000001)
[  0  0  1  0  0  0  1  2  0 ] (0.00000000)
[  0  0  1  0  0  0  2  0  0 ] (0.00000019)
[  0  0  1  0  0  0  2  0  1 ] (0.00000002)
[  0  0  1  0  0  0  2  1  0 ] (0.00000000)
[  0  0  1  0  0  0  3  0  0 ] (0.00000000)
[  0  0  1  0  0  1  0  0  0 ] (0.00000000)
[  0  0  1  0  0  1  0  0  1 ] (0.00000001)
[  0  0  1  0  0  1  0  0  2 ] (0.00000000)
[  0  0  1  0  0  1  0  1  0 ] (0.00000000)
[  0  0  1  0  0  1  0  1  1 ] (0.00000000)
[  0  0  1  0  0  1  0  2  0 ] (0.00000000)
[  0  0  1  0  0  1  1  0  0 ] (0.00000001)
[  0  0  1  0  0  1  1  0  1 ] (0.00000000)
[  0  0  1  0  0  1  1  1  0 ] (0.00000000)
[  0  0  1  0  0  1  2  0  0 ] (0.00000000)
[  0  0  1  0  0  2  0  0  0 ] (0.00000616)
[  0  0  1  0  0  2  0  0  1 ] (0.00000062)
[  0  0  1  0  0  2  0  1  0 ] (0.00000002)
[  0  0  1  0  0  2  1  0  0 ] (0.00000009)
[  0  0  1  0  0  3  0  0  0 ] (0.00000001)
[  0  0  1  0  1  0  0  0  0 ] (0.00000000)
[  0  0  1  0  1  0  0  0  1 ] (0.00000003)
[  0  0  1  0  1  0  0  0  2 ] (0.00000000)
[  0  0  1  0  1  0  0  1  0 ] (0.00000000)
[  0  0  1  0  1  0  0  1  1 ] (0.00000000)
[  0  0  1  0  1  0  0  2  0 ] (0.00000000)
[  0  0  1  0  1  0  1  0  0 ] (0.00000015)
[  0  0  1  0  1  0  1  0  1 ] (0.00000000)
[  0  0  1  0  1  0  1  1  0 ] (0.00000000)
[  0  0  1  0  1  0  2  0  0 ] (0.00000000)
[  0  0  1  0  1  1  0  0  0 ] (0.00000003)
[  0  0  1  0  1  1  0  0  1 ] (0.00000000)
[  0  0  1  0  1  1  0  1  0 ] (0.00000000)
[  0  0  1  0  1  1  1  0  0 ] (0.00000000)
[  0  0  1  0  1  2  0  0  0 ] (0.00000013)
[  0  0  1  0  2  0  0  0  0 ] (0.00000001)
[  0  0  1  0  2  0  0  0  1 ] (0.00000000)
[  0  0  1  0  2  0  0  1  0 ] (0.00000000)
[  0  0  1  0  2  0  1  0  0 ] (0.00000001)
[  0  0  1  0  2  1  0  0  0 ] (0.00000000)
[  0  0  1  0  3  0  0  0  0 ] (0.00000000)
[  0  0  1  1  0  0  0  0  0 ] (0.00000006)
[  0  0  1  1  0  0  0  0  1 ] (0.00000000)
[  0  0  1  1  0  0  0  0  2 ] (0.00000000)
[  0  0  1  1  0  0  0  1  0 ] (0.00000022)
[  0  0  1  1  0  0  0  1  1 ] (0.00000000)
[  0  0  1  1  0  0  0  2  0 ] (0.00000000)
[  0  0  1  1  0  0  1  0  0 ] (0.00000003)
[  0  0  1  1  0  0  1  0  1 ] (0.00000001)
[  0  0  1  1  0  0  1  1  0 ] (0.00000003)
[  0  0  1  1  0  0  2  0  0 ] (0.00000000)
[  0  0  1  1  0  1  0  0  0 ] (0.00000001)
[  0  0  1  1  0  1  0  0  1 ] (0.00000001)
[  0  0  1  1  0  1  0  1  0 ] (0.00000000)
[  0  0  1  1  0  1  1  0  0 ] (0.00000000)
[  0  0  1  1  0  2  0  0  0 ] (0.00000002)
[  0  0  1  1  1  0  0  0  0 ] (0.00000044)
[  0  0  1  1  1  0  0  0  1 ] (0.00000000)
[  0  0  1  1  1  0  0  1  0 ] (0.00000002)
[  0  0  1  1  1  0  1  0  0 ] (0.00000006)
[  0  0  1  1  1  1  0  0  0 ] (0.00000002)
[  0  0  1  1  2  0  0  0  0 ] (0.00000000)
[  0  0  1  2  0  0  0  0  0 ] (0.00000227)
[  0  0  1  2  0  0  0  0  1 ] (0.00000012)
[  0  0  1  2  0  0  0  1  0 ] (0.00000001)
[  0  0  1  2  0  0  1  0  0 ] (0.00000000)
[  0  0  1  2  0  1  0  0  0 ] (0.00000003)
[  0  0  1  2  1  0  0  0  0 ] (0.00000005)
[  0  0  1  3  0  0  0  0  0 ] (0.00000003)
[  0  0  2  0  0  0  0  0  0 ] (0.00340875)
[  0  0  2  0  0  0  0  0  1 ] (0.00000235)
[  0  0  2  0  0  0  0  0  2 ] (0.00001327)
[  0  0  2  0  0  0  0  1  0 ] (0.00031235)
[  0  0  2  0  0  0  0  1  1 ] (0.00003369)
[  0  0  2  0  0  0  0  2  0 ] (0.00000762)
[  0  0  2  0  0  0  1  0  0 ] (0.04916216)
[  0  0  2  0  0  0  1  0  1 ] (0.00580527)
[  0  0  2  0  0  0  1  1  0 ] (0.00012484)
[  0  0  2  0  0  0  2  0  0 ] (0.00000488)
[  0  0  2  0  0  1  0  0  0 ] (0.03848626)
[  0  0  2  0  0  1  0  0  1 ] (0.00311085)
[  0  0  2  0  0  1  0  1  0 ] (0.00000070)
[  0  0  2  0  0  1  1  0  0 ] (0.00033708)
[  0  0  2  0  0  2  0  0  0 ] (0.00000123)
[  0  0  2  0  1  0  0  0  0 ] (0.00163730)
[  0  0  2  0  1  0  0  0  1 ] (0.00100197)
[  0  0  2  0  1  0  0  1  0 ] (0.00062879)
[  0  0  2  0  1  0  1  0  0 ] (0.00000777)
[  0  0  2  0  1  1  0  0  0 ] (0.00029955)
[  0  0  2  0  2  0  0  0  0 ] (0.00000439)
[  0  0  2  1  0  0  0  0  0 ] (0.01169892)
[  0  0  2  1  0  0  0  0  1 ] (0.00125274)
[  0  0  2  1  0  0  0  1  0 ] (0.00002917)
[  0  0  2  1  0  0  1  0  0 ] (0.00012943)
[  0  0  2  1  0  1  0  0  0 ] (0.00014248)
[  0  0  2  1  1  0  0  0  0 ] (0.00112561)
[  0  0  2  2  0  0  0  0  0 ] (0.00012605)
[  0  0  3  0  0  0  0  0  0 ] (0.00007198)
[  0  0  3  0  0  0  0  0  1 ] (0.00005128)
[  0  0  3  0  0  0  0  1  0 ] (0.00000984)
[  0  0  3  0  0  0  1  0  0 ] (0.00008442)
[  0  0  3  0  0  1  0  0  0 ] (0.00003787)
[  0  0  3  0  1  0  0  0  0 ] (0.00072484)
[  0  0  3  1  0  0  0  0  0 ] (0.00001803)
[  0  0  4  0  0  0  0  0  0 ] (0.00000053)
[  0  1  0  0  0  0  0  0  0 ] (0.00000003)
[  0  1  0  0  0  0  0  0  1 ] (0.00000003)
[  0  1  0  0  0  0  0  0  2 ] (0.00000002)
[  0  1  0  0  0  0  0  0  3 ] (0.00000001)
[  0  1  0  0  0  0  0  1  0 ] (0.00000002)
[  0  1  0  0  0  0  0  1  1 ] (0.00000000)
[  0  1  0  0  0  0  0  1  2 ] (0.00000000)
[  0  1  0  0  0  0  0  2  0 ] (0.00000009)
[  0  1  0  0  0  0  0  2  1 ] (0.00000000)
[  0  1  0  0  0  0  0  3  0 ] (0.00000000)
[  0  1  0  0  0  0  1  0  0 ] (0.00000000)
[  0  1  0  0  0  0  1  0  1 ] (0.00000000)
[  0  1  0  0  0  0  1  0  2 ] (0.00000000)
[  0  1  0  0  0  0  1  1  0 ] (0.00000000)
[  0  1  0  0  0  0  1  1  1 ] (0.00000000)
[  0  1  0  0  0  0  1  2  0 ] (0.00000000)
[  0  1  0  0  0  0  2  0  0 ] (0.00000003)
[  0  1  0  0  0  0  2  0  1 ] (0.00000000)
[  0  1  0  0  0  0  2  1  0 ] (0.00000000)
[  0  1  0  0  0  0  3  0  0 ] (0.00000001)
[  0  1  0  0  0  1  0  0  0 ] (0.00000000)
[  0  1  0  0  0  1  0  0  1 ] (0.00000000)
[  0  1  0  0  0  1  0  0  2 ] (0.00000000)
[  0  1  0  0  0  1  0  1  0 ] (0.00000000)
[  0  1  0  0  0  1  0  1  1 ] (0.00000000)
[  0  1  0  0  0  1  0  2  0 ] (0.00000000)
[  0  1  0  0  0  1  1  0  0 ] (0.00000010)
[  0  1  0  0  0  1  1  0  1 ] (0.00000000)
[  0  1  0  0  0  1  1  1  0 ] (0.00000000)
[  0  1  0  0  0  1  2  0  0 ] (0.00000000)
[  0  1  0  0  0  2  0  0  0 ] (0.00000012)
[  0  1  0  0  0  2  0  0  1 ] (0.00000000)
[  0  1  0  0  0  2  0  1  0 ] (0.00000000)
[  0  1  0  0  0  2  1  0  0 ] (0.00000000)
[  0  1  0  0  0  3  0  0  0 ] (0.00000001)
[  0  1  0  0  1  0  0  0  0 ] (0.00000000)
[  0  1  0  0  1  0  0  0  1 ] (0.00000003)
[  0  1  0  0  1  0  0  0  2 ] (0.00000000)
[  0  1  0  0  1  0  0  1  0 ] (0.00000000)
[  0  1  0  0  1  0  0  1  1 ] (0.00000000)
[  0  1  0  0  1  0  0  2  0 ] (0.00000000)
[  0  1  0  0  1  0  1  0  0 ] (0.00000001)
[  0  1  0  0  1  0  1  0  1 ] (0.00000000)
[  0  1  0  0  1  0  1  1  0 ] (0.00000000)
[  0  1  0  0  1  0  2  0  0 ] (0.00000000)
[  0  1  0  0  1  1  0  0  0 ] (0.00000007)
[  0  1  0  0  1  1  0  0  1 ] (0.00000001)
[  0  1  0  0  1  1  0  1  0 ] (0.00000000)
[  0  1  0  0  1  1  1  0  0 ] (0.00000000)
[  0  1  0  0  1  2  0  0  0 ] (0.00000005)
[  0  1  0  0  2  0  0  0  0 ] (0.00000025)
[  0  1  0  0  2  0  0  0  1 ] (0.00000000)
[  0  1  0  0  2  0  0  1  0 ] (0.00000000)
[  0  1  0  0  2  0  1  0  0 ] (0.00000000)
[  0  1  0  0  2  1  0  0  0 ] (0.00000000)
[  0  1  0  0  3  0  0  0  0 ] (0.00000000)
[  0  1  0  1  0  0  0  0  0 ] (0.00000000)
[  0  1  0  1  0  0  0  0  1 ] (0.00000009)
[  0  1  0  1  0  0  0  0  2 ] (0.00000000)
[  0  1  0  1  0  0  0  1  0 ] (0.00000012)
[  0  1  0  1  0  0  0  1  1 ] (0.00000000)
[  0  1  0  1  0  0  0  2  0 ] (0.00000000)
[  0  1  0  1  0  0  1  0  0 ] (0.00000001)
[  0  1  0  1  0  0  1  0  1 ] (0.00000003)
[  0  1  0  1  0  0  1  1  0 ] (0.00000001)
[  0  1  0  1  0  0  2  0  0 ] (0.00000000)
[  0  1  0  1  0  1  0  0  0 ] (0.00000001)
[  0  1  0  1  0  1  0  0  1 ] (0.00000001)
[  0  1  0  1  0  1  0  1  0 ] (0.00000000)
[  0  1  0  1  0  1  1  0  0 ] (0.00000000)
[  0  1  0  1  0  2  0  0  0 ] (0.00000001)
[  0  1  0  1  1  0  0  0  0 ] (0.00000017)
[  0  1  0  1  1  0  0  0  1 ] (0.00000002)
[  0  1  0  1  1  0  0  1  0 ] (0.00000001)
[  0  1  0  1  1  0  1  0  0 ] (0.00000004)
[  0  1  0  1  1  1  0  0  0 ] (0.00000000)
[  0  1  0  1  2  0  0  0  0 ] (0.00000000)
[  0  1  0  2  0  0  0  0  0 ] (0.00000033)
[  0  1  0  2  0  0  0  0  1 ] (0.00000000)
[  0  1  0  2  0  0  0  1  0 ] (0.00000001)
[  0  1  0  2  0  0  1  0  0 ] (0.00000003)
[  0  1  0  2  0  1  0  0  0 ] (0.00000000)
[  0  1  0  2  1  0  0  0  0 ] (0.00000002)
[  0  1  0  3  0  0  0  0  0 ] (0.00000000)
[  0  1  1  0  0  0  0  0  0 ] (0.00025444)
[  0  1  1  0  0  0  0  0  1 ] (0.00524760)
[  0  1  1  0  0  0  0  0  2 ] (0.00001375)
[  0  1  1  0  0  0  0  1  0 ] (0.00304837)
[  0  1  1  0  0  0  0  1  1 ] (0.00032925)
[  0  1  1  0  0  0  0  2  0 ] (0.00018717)
[  0  1  1  0  0  0  1  0  0 ] (0.00079254)
[  0  1  1  0  0  0  1  0  1 ] (0.00017410)
[  0  1  1  0  0  0  1  1  0 ] (0.00092891)
[  0  1  1  0  0  0  2  0  0 ] (0.00174671)
[  0  1  1  0  0  1  0  0  0 ] (0.00227287)
[  0  1  1  0  0  1  0  0  1 ] (0.00071861)
[  0  1  1  0  0  1  0  1  0 ] (0.00000778)
[  0  1  1  0  0  1  1  0  0 ] (0.00001501)
[  0  1  1  0  0  2  0  0  0 ] (0.00058985)
[  0  1  1  0  1  0  0  0  0 ] (0.00162876)
[  0  1  1  0  1  0  0  0  1 ] (0.00072132)
[  0  1  1  0  1  0  0  1  0 ] (0.00004544)
[  0  1  1  0  1  0  1  0  0 ] (0.00117123)
[  0  1  1  0  1  1  0  0  0 ] (0.00059932)
[  0  1  1  0  2  0  0  0  0 ] (0.00006033)
[  0  1  1  1  0  0  0  0  0 ] (0.01076134)
[  0  1  1  1  0  0  0  0  1 ] (0.00143014)
[  0  1  1  1  0  0  0  1  0 ] (0.00006217)
[  0  1  1  1  0  0  1  0  0 ] (0.00471705)
[  0  1  1  1  0  1  0  0  0 ] (0.00002283)
[  0  1  1  1  1  0  0  0  0 ] (0.00070297)
[  0  1  1  2  0  0  0  0  0 ] (0.00256985)
[  0  1  2  0  0  0  0  0  0 ] (0.00000000)
[  0  1  2  0  0  0  0  0  1 ] (0.00000000)
[  0  1  2  0  0  0  0  1  0 ] (0.00000001)
[  0  1  2  0  0  0  1  0  0 ] (0.00000005)
[  0  1  2  0  0  1  0  0  0 ] (0.00000001)
[  0  1  2  0  1  0  0  0  0 ] (0.00000005)
[  0  1  2  1  0  0  0  0  0 ] (0.00000000)
[  0  1  3  0  0  0  0  0  0 ] (0.00000069)
[  0  2  0  0  0  0  0  0  0 ] (0.00050442)
[  0  2  0  0  0  0  0  0  1 ] (0.00213143)
[  0  2  0  0  0  0  0  0  2 ] (0.00004476)
[  0  2  0  0  0  0  0  1  0 ] (0.00242946)
[  0  2  0  0  0  0  0  1  1 ] (0.00011759)
[  0  2  0  0  0  0  0  2  0 ] (0.00001452)
[  0  2  0  0  0  0  1  0  0 ] (0.00000270)
[  0  2  0  0  0  0  1  0  1 ] (0.00005242)
[  0  2  0  0  0  0  1  1  0 ] (0.00006809)
[  0  2  0  0  0  0  2  0  0 ] (0.00017748)
[  0  2  0  0  0  1  0  0  0 ] (0.00098124)
[  0  2  0  0  0  1  0  0  1 ] (0.00002706)
[  0  2  0  0  0  1  0  1  0 ] (0.00017089)
[  0  2  0  0  0  1  1  0  0 ] (0.00004968)
[  0  2  0  0  0  2  0  0  0 ] (0.00001094)
[  0  2  0  0  1  0  0  0  0 ] (0.00179473)
[  0  2  0  0  1  0  0  0  1 ] (0.00001332)
[  0  2  0  0  1  0  0  1  0 ] (0.00001931)
[  0  2  0  0  1  0  1  0  0 ] (0.00002301)
[  0  2  0  0  1  1  0  0  0 ] (0.00000395)
[  0  2  0  0  2  0  0  0  0 ] (0.00002360)
[  0  2  0  1  0  0  0  0  0 ] (0.00000019)
[  0  2  0  1  0  0  0  0  1 ] (0.00001752)
[  0  2  0  1  0  0  0  1  0 ] (0.00028503)
[  0  2  0  1  0  0  1  0  0 ] (0.00121408)
[  0  2  0  1  0  1  0  0  0 ] (0.00000296)
[  0  2  0  1  1  0  0  0  0 ] (0.00005233)
[  0  2  0  2  0  0  0  0  0 ] (0.00125764)
[  0  2  1  0  0  0  0  0  0 ] (0.00000008)
[  0  2  1  0  0  0  0  0  1 ] (0.00000003)
[  0  2  1  0  0  0  0  1  0 ] (0.00000001)
[  0  2  1  0  0  0  1  0  0 ] (0.00000002)
[  0  2  1  0  0  1  0  0  0 ] (0.00000016)
[  0  2  1  0  1  0  0  0  0 ] (0.00000000)
[  0  2  1  1  0  0  0  0  0 ] (0.00000012)
[  0  2  2  0  0  0  0  0  0 ] (0.00019102)
[  0  3  0  0  0  0  0  0  0 ] (0.00027381)
[  0  3  0  0  0  0  0  0  1 ] (0.00016692)
[  0  3  0  0  0  0  0  1  0 ] (0.00015769)
[  0  3  0  0  0  0  1  0  0 ] (0.00623200)
[  0  3  0  0  0  1  0  0  0 ] (0.00139761)
[  0  3  0  0  1  0  0  0  0 ] (0.00287424)
[  0  3  0  1  0  0  0  0  0 ] (0.00586294)
[  0  3  1  0  0  0  0  0  0 ] (0.00000009)
[  0  4  0  0  0  0  0  0  0 ] (0.00000002)
[  1  0  0  0  0  0  0  0  0 ] (0.00000000)
[  1  0  0  0  0  0  0  0  1 ] (0.00000086)
[  1  0  0  0  0  0  0  0  2 ] (0.00000002)
[  1  0  0  0  0  0  0  0  3 ] (0.00000000)
[  1  0  0  0  0  0  0  1  0 ] (0.00000000)
[  1  0  0  0  0  0  0  1  1 ] (0.00000000)
[  1  0  0  0  0  0  0  1  2 ] (0.00000000)
[  1  0  0  0  0  0  0  2  0 ] (0.00000002)
[  1  0  0  0  0  0  0  2  1 ] (0.00000000)
[  1  0  0  0  0  0  0  3  0 ] (0.00000000)
[  1  0  0  0  0  0  1  0  0 ] (0.00000000)
[  1  0  0  0  0  0  1  0  1 ] (0.00000001)
[  1  0  0  0  0  0  1  0  2 ] (0.00000000)
[  1  0  0  0  0  0  1  1  0 ] (0.00000002)
[  1  0  0  0  0  0  1  1  1 ] (0.00000000)
[  1  0  0  0  0  0  1  2  0 ] (0.00000000)
[  1  0  0  0  0  0  2  0  0 ] (0.00000002)
[  1  0  0  0  0  0  2  0  1 ] (0.00000001)
[  1  0  0  0  0  0  2  1  0 ] (0.00000000)
[  1  0  0  0  0  0  3  0  0 ] (0.00000000)
[  1  0  0  0  0  1  0  0  0 ] (0.00000000)
[  1  0  0  0  0  1  0  0  1 ] (0.00000004)
[  1  0  0  0  0  1  0  0  2 ] (0.00000000)
[  1  0  0  0  0  1  0  1  0 ] (0.00000000)
[  1  0  0  0  0  1  0  1  1 ] (0.00000000)
[  1  0  0  0  0  1  0  2  0 ] (0.00000000)
[  1  0  0  0  0  1  1  0  0 ] (0.00000007)
[  1  0  0  0  0  1  1  0  1 ] (0.00000000)
[  1  0  0  0  0  1  1  1  0 ] (0.00000000)
[  1  0  0  0  0  1  2  0  0 ] (0.00000000)
[  1  0  0  0  0  2  0  0  0 ] (0.00000048)
[  1  0  0  0  0  2  0  0  1 ] (0.00000018)
[  1  0  0  0  0  2  0  1  0 ] (0.00000000)
[  1  0  0  0  0  2  1  0  0 ] (0.00000002)
[  1  0  0  0  0  3  0  0  0 ] (0.00000000)
[  1  0  0  0  1  0  0  0  0 ] (0.00000002)
[  1  0  0  0  1  0  0  0  1 ] (0.00000001)
[  1  0  0  0  1  0  0  0  2 ] (0.00000000)
[  1  0  0  0  1  0  0  1  0 ] (0.00000000)
[  1  0  0  0  1  0  0  1  1 ] (0.00000000)
[  1  0  0  0  1  0  0  2  0 ] (0.00000000)
[  1  0  0  0  1  0  1  0  0 ] (0.00000034)
[  1  0  0  0  1  0  1  0  1 ] (0.00000000)
[  1  0  0  0  1  0  1  1  0 ] (0.00000001)
[  1  0  0  0  1  0  2  0  0 ] (0.00000000)
[  1  0  0  0  1  1  0  0  0 ] (0.00000000)
[  1  0  0  0  1  1  0  0  1 ] (0.00000000)
[  1  0  0  0  1  1  0  1  0 ] (0.00000000)
[  1  0  0  0  1  1  1  0  0 ] (0.00000000)
[  1  0  0  0  1  2  0  0  0 ] (0.00000008)
[  1  0  0  0  2  0  0  0  0 ] (0.00000001)
[  1  0  0  0  2  0  0  0  1 ] (0.00000000)
[  1  0  0  0  2  0  0  1  0 ] (0.00000000)
[  1  0  0  0  2  0  1  0  0 ] (0.00000000)
[  1  0  0  0  2  1  0  0  0 ] (0.00000001)
[  1  0  0  0  3  0  0  0  0 ] (0.00000002)
[  1  0  0  1  0  0  0  0  0 ] (0.00000027)
[  1  0  0  1  0  0  0  0  1 ] (0.00000004)
[  1  0  0  1  0  0  0  0  2 ] (0.00000000)
[  1  0  0  1  0  0  0  1  0 ] (0.00000000)
[  1  0  0  1  0  0  0  1  1 ] (0.00000000)
[  1  0  0  1  0  0  0  2  0 ] (0.00000000)
[  1  0  0  1  0  0  1  0  0 ] (0.00000001)
[  1  0  0  1  0  0  1  0  1 ] (0.00000002)
[  1  0  0  1  0  0  1  1  0 ] (0.00000006)
[  1  0  0  1  0  0  2  0  0 ] (0.00000000)
[  1  0  0  1  0  1  0  0  0 ] (0.00000064)
[  1  0  0  1  0  1  0  0  1 ] (0.00000003)
[  1  0  0  1  0  1  0  1  0 ] (0.00000000)
[  1  0  0  1  0  1  1  0  0 ] (0.00000002)
[  1  0  0  1  0  2  0  0  0 ] (0.00000000)
[  1  0  0  1  1  0  0  0  0 ] (0.00000120)
[  1  0  0  1  1  0  0  0  1 ] (0.00000000)
[  1  0  0  1  1  0  0  1  0 ] (0.00000000)
[  1  0  0  1  1  0  1  0  0 ] (0.00000003)
[  1  0  0  1  1  1  0  0  0 ] (0.00000000)
[  1  0  0  1  2  0  0  0  0 ] (0.00000000)
[  1  0  0  2  0  0  0  0  0 ] (0.00000167)
[  1  0  0  2  0  0  0  0  1 ] (0.00000015)
[  1  0  0  2  0  0  0  1  0 ] (0.00000000)
[  1  0  0  2  0  0  1  0  0 ] (0.00000000)
[  1  0  0  2  0  1  0  0  0 ] (0.00000003)
[  1  0  0  2  1  0  0  0  0 ] (0.00000009)
[  1  0  0  3  0  0  0  0  0 ] (0.00000000)
[  1  0  1  0  0  0  0  0  0 ] (0.00385513)
[  1  0  1  0  0  0  0  0  1 ] (0.00087000)
[  1  0  1  0  0  0  0  0  2 ] (0.00003509)
[  1  0  1  0  0  0  0  1  0 ] (0.00058062)
[  1  0  1  0  0  0  0  1  1 ] (0.00012591)
[  1  0  1  0  0  0  0  2  0 ] (0.00004233)
[  1  0  1  0  0  0  1  0  0 ] (0.00051046)
[  1  0  1  0  0  0  1  0  1 ] (0.00037088)
[  1  0  1  0  0  0  1  1  0 ] (0.00003625)
[  1  0  1  0  0  0  2  0  0 ] (0.00068099)
[  1  0  1  0  0  1  0  0  0 ] (0.00303291)
[  1  0  1  0  0  1  0  0  1 ] (0.00088677)
[  1  0  1  0  0  1  0  1  0 ] (0.00000013)
[  1  0  1  0  0  1  1  0  0 ] (0.00003666)
[  1  0  1  0  0  2  0  0  0 ] (0.00000045)
[  1  0  1  0  1  0  0  0  0 ] (0.00245433)
[  1  0  1  0  1  0  0  0  1 ] (0.00006967)
[  1  0  1  0  1  0  0  1  0 ] (0.00000020)
[  1  0  1  0  1  0  1  0  0 ] (0.00236290)
[  1  0  1  0  1  1  0  0  0 ] (0.00058778)
[  1  0  1  0  2  0  0  0  0 ] (0.00000631)
[  1  0  1  1  0  0  0  0  0 ] (0.04459035)
[  1  0  1  1  0  0  0  0  1 ] (0.00312678)
[  1  0  1  1  0  0  0  1  0 ] (0.00000812)
[  1  0  1  1  0  0  1  0  0 ] (0.00166400)
[  1  0  1  1  0  1  0  0  0 ] (0.00065148)
[  1  0  1  1  1  0  0  0  0 ] (0.00147923)
[  1  0  1  2  0  0  0  0  0 ] (0.00035104)
[  1  0  2  0  0  0  0  0  0 ] (0.00000006)
[  1  0  2  0  0  0  0  0  1 ] (0.00000026)
[  1  0  2  0  0  0  0  1  0 ] (0.00000003)
[  1  0  2  0  0  0  1  0  0 ] (0.00000004)
[  1  0  2  0  0  1  0  0  0 ] (0.00000004)
[  1  0  2  0  1  0  0  0  0 ] (0.00000107)
[  1  0  2  1  0  0  0  0  0 ] (0.00000034)
[  1  0  3  0  0  0  0  0  0 ] (0.00000091)
[  1  1  0  0  0  0  0  0  0 ] (0.00042491)
[  1  1  0  0  0  0  0  0  1 ] (0.00003678)
[  1  1  0  0  0  0  0  0  2 ] (0.00001140)
[  1  1  0  0  0  0  0  1  0 ] (0.00008165)
[  1  1  0  0  0  0  0  1  1 ] (0.00001766)
[  1  1  0  0  0  0  0  2  0 ] (0.00000001)
[  1  1  0  0  0  0  1  0  0 ] (0.00415308)
[  1  1  0  0  0  0  1  0  1 ] (0.00126724)
[  1  1  0  0  0  0  1  1  0 ] (0.00072129)
[  1  1  0  0  0  0  2  0  0 ] (0.00016818)
[  1  1  0  0  0  1  0  0  0 ] (0.00102199)
[  1  1  0  0  0  1  0  0  1 ] (0.00003145)
[  1  1  0  0  0  1  0  1  0 ] (0.00022166)
[  1  1  0  0  0  1  1  0  0 ] (0.00000595)
[  1  1  0  0  0  2  0  0  0 ] (0.00003072)
[  1  1  0  0  1  0  0  0  0 ] (0.00071833)
[  1  1  0  0  1  0  0  0  1 ] (0.00038661)
[  1  1  0  0  1  0  0  1  0 ] (0.00013049)
[  1  1  0  0  1  0  1  0  0 ] (0.00019291)
[  1  1  0  0  1  1  0  0  0 ] (0.00005599)
[  1  1  0  0  2  0  0  0  0 ] (0.00002324)
[  1  1  0  1  0  0  0  0  0 ] (0.01862094)
[  1  1  0  1  0  0  0  0  1 ] (0.00208688)
[  1  1  0  1  0  0  0  1  0 ] (0.00000202)
[  1  1  0  1  0  0  1  0  0 ] (0.00044523)
[  1  1  0  1  0  1  0  0  0 ] (0.00015391)
[  1  1  0  1  1  0  0  0  0 ] (0.00137829)
[  1  1  0  2  0  0  0  0  0 ] (0.00049675)
[  1  1  1  0  0  0  0  0  0 ] (0.00000003)
[  1  1  1  0  0  0  0  0  1 ] (0.00000000)
[  1  1  1  0  0  0  0  1  0 ] (0.00000001)
[  1  1  1  0  0  0  1  0  0 ] (0.00000011)
[  1  1  1  0  0  1  0  0  0 ] (0.00000012)
[  1  1  1  0  1  0  0  0  0 ] (0.00000034)
[  1  1  1  1  0  0  0  0  0 ] (0.00000001)
[  1  1  2  0  0  0  0  0  0 ] (0.00058397)
[  1  2  0  0  0  0  0  0  0 ] (0.00000000)
[  1  2  0  0  0  0  0  0  1 ] (0.00000001)
[  1  2  0  0  0  0  0  1  0 ] (0.00000000)
[  1  2  0  0  0  0  1  0  0 ] (0.00000041)
[  1  2  0  0  0  1  0  0  0 ] (0.00000090)
[  1  2  0  0  1  0  0  0  0 ] (0.00000009)
[  1  2  0  1  0  0  0  0  0 ] (0.00000010)
[  1  2  1  0  0  0  0  0  0 ] (0.00202734)
[  1  3  0  0  0  0  0  0  0 ] (0.00000008)
[  2  0  0  0  0  0  0  0  0 ] (0.00068575)
[  2  0  0  0  0  0  0  0  1 ] (0.02794516)
[  2  0  0  0  0  0  0  0  2 ] (0.00022360)
[  2  0  0  0  0  0  0  1  0 ] (0.00205960)
[  2  0  0  0  0  0  0  1  1 ] (0.00000090)
[  2  0  0  0  0  0  0  2  0 ] (0.00000436)
[  2  0  0  0  0  0  1  0  0 ] (0.00711660)
[  2  0  0  0  0  0  1  0  1 ] (0.00091819)
[  2  0  0  0  0  0  1  1  0 ] (0.00000073)
[  2  0  0  0  0  0  2  0  0 ] (0.00022088)
[  2  0  0  0  0  1  0  0  0 ] (0.00517982)
[  2  0  0  0  0  1  0  0  1 ] (0.00088111)
[  2  0  0  0  0  1  0  1  0 ] (0.00001228)
[  2  0  0  0  0  1  1  0  0 ] (0.00003485)
[  2  0  0  0  0  2  0  0  0 ] (0.00019414)
[  2  0  0  0  1  0  0  0  0 ] (0.00049459)
[  2  0  0  0  1  0  0  0  1 ] (0.00000546)
[  2  0  0  0  1  0  0  1  0 ] (0.00071121)
[  2  0  0  0  1  0  1  0  0 ] (0.00013908)
[  2  0  0  0  1  1  0  0  0 ] (0.00024475)
[  2  0  0  0  2  0  0  0  0 ] (0.00023263)
[  2  0  0  1  0  0  0  0  0 ] (0.00458643)
[  2  0  0  1  0  0  0  0  1 ] (0.00262486)
[  2  0  0  1  0  0  0  1  0 ] (0.00026055)
[  2  0  0  1  0  0  1  0  0 ] (0.00004411)
[  2  0  0  1  0  1  0  0  0 ] (0.00015546)
[  2  0  0  1  1  0  0  0  0 ] (0.00012633)
[  2  0  0  2  0  0  0  0  0 ] (0.00078253)
[  2  0  1  0  0  0  0  0  0 ] (0.00000016)
[  2  0  1  0  0  0  0  0  1 ] (0.00000012)
[  2  0  1  0  0  0  0  1  0 ] (0.00000000)
[  2  0  1  0  0  0  1  0  0 ] (0.00000000)
[  2  0  1  0  0  1  0  0  0 ] (0.00000014)
[  2  0  1  0  1  0  0  0  0 ] (0.00000178)
[  2  0  1  1  0  0  0  0  0 ] (0.00000014)
[  2  0  2  0  0  0  0  0  0 ] (0.02569850)
[  2  1  0  0  0  0  0  0  0 ] (0.00000002)
[  2  1  0  0  0  0  0  0  1 ] (0.00000004)
[  2  1  0  0  0  0  0  1  0 ] (0.00000000)
[  2  1  0  0  0  0  1  0  0 ] (0.00000028)
[  2  1  0  0  0  1  0  0  0 ] (0.00000136)
[  2  1  0  0  1  0  0  0  0 ] (0.00000010)
[  2  1  0  1  0  0  0  0  0 ] (0.00000003)
[  2  1  1  0  0  0  0  0  0 ] (0.02194716)
[  2  2  0  0  0  0  0  0  0 ] (0.01169194)
[  3  0  0  0  0  0  0  0  0 ] (0.00006285)
[  3  0  0  0  0  0  0  0  1 ] (0.00004330)
[  3  0  0  0  0  0  0  1  0 ] (0.00002677)
[  3  0  0  0  0  0  1  0  0 ] (0.00135750)
[  3  0  0  0  0  1  0  0  0 ] (0.00003697)
[  3  0  0  0  1  0  0  0  0 ] (0.00024526)
[  3  0  0  1  0  0  0  0  0 ] (0.00704465)
[  3  0  1  0  0  0  0  0  0 ] (0.00000019)
[  3  1  0  0  0  0  0  0  0 ] (0.00000010)
[  4  0  0  0  0  0  0  0  0 ] (0.00000000)
