|  -955.088846341067 |   163.820298557358 

[  0  0  0  0  0  0  0  0  0 ] (0.00000000)
[  0  0  0  0  0  0  0  0  1 ] (0.00000001)
[  0  0  0  0  0  0  0  0  2 ] (0.00000003)
[  0  0  0  0  0  0  0  0  3 ] (0.00000002)
[  0  0  0  0  0  0  0  0  4 ] (0.00000000)
[  0  0  0  0  0  0  0  1  0 ] (0.00000001)
[  0  0  0  0  0  0  0  1  1 ] (0.00000078)
[  0  0  0  0  0  0  0  1  2 ] (0.00000000)
[  0  0  0  0  0  0  0  1  3 ] (0.00000000)
[  0  0  0  0  0  0  0  2  0 ] (0.00000004)
[  0  0  0  0  0  0  0  2  1 ] (0.00000272)
[  0  0  0  0  0  0  0  2  2 ] (0.00000000)
[  0  0  0  0  0  0  0  3  0 ] (0.00000029)
[  0  0  0  0  0  0  0  3  1 ] (0.00000007)
[  0  0  0  0  0  0  0  4  0 ] (0.00000007)
[  0  0  0  0  0  0  1  0  0 ] (0.00000002)
[  0  0  0  0  0  0  1  0  1 ] (0.00000003)
[  0  0  0  0  0  0  1  0  2 ] (0.00000000)
[  0  0  0  0  0  0  1  0  3 ] (0.00000000)
[  0  0  0  0  0  0  1  1  0 ] (0.00000034)
[  0  0  0  0  0  0  1  1  1 ] (0.00000000)
[  0  0  0  0  0  0  1  1  2 ] (0.00000000)
[  0  0  0  0  0  0  1  2  0 ] (0.00000074)
[  0  0  0  0  0  0  1  2  1 ] (0.00000001)
[  0  0  0  0  0  0  1  3  0 ] (0.00000003)
[  0  0  0  0  0  0  2  0  0 ] (0.00000003)
[  0  0  0  0  0  0  2  0  1 ] (0.00000157)
[  0  0  0  0  0  0  2  0  2 ] (0.00000006)
[  0  0  0  0  0  0  2  1  0 ] (0.00000044)
[  0  0  0  0  0  0  2  1  1 ] (0.00000000)
[  0  0  0  0  0  0  2  2  0 ] (0.00000002)
[  0  0  0  0  0  0  3  0  0 ] (0.00000008)
[  0  0  0  0  0  0  3  0  1 ] (0.00000000)
[  0  0  0  0  0  0  3  1  0 ] (0.00000034)
[  0  0  0  0  0  0  4  0  0 ] (0.00000017)
[  0  0  0  0  0  1  0  0  0 ] (0.00000000)
[  0  0  0  0  0  1  0  0  1 ] (0.00000015)
[  0  0  0  0  0  1  0  0  2 ] (0.00000001)
[  0  0  0  0  0  1  0  0  3 ] (0.00000000)
[  0  0  0  0  0  1  0  1  0 ] (0.00000012)
[  0  0  0  0  0  1  0  1  1 ] (0.00000010)
[  0  0  0  0  0  1  0  1  2 ] (0.00000001)
[  0  0  0  0  0  1  0  2  0 ] (0.00000085)
[  0  0  0  0  0  1  0  2  1 ] (0.00000005)
[  0  0  0  0  0  1  0  3  0 ] (0.00000003)
[  0  0  0  0  0  1  1  0  0 ] (0.00000000)
[  0  0  0  0  0  1  1  0  1 ] (0.00000006)
[  0  0  0  0  0  1  1  0  2 ] (0.00000000)
[  0  0  0  0  0  1  1  1  0 ] (0.00000438)
[  0  0  0  0  0  1  1  1  1 ] (0.00000013)
[  0  0  0  0  0  1  1  2  0 ] (0.00000028)
[  0  0  0  0  0  1  2  0  0 ] (0.00000189)
[  0  0  0  0  0  1  2  0  1 ] (0.00000038)
[  0  0  0  0  0  1  2  1  0 ] (0.00000001)
[  0  0  0  0  0  1  3  0  0 ] (0.00000061)
[  0  0  0  0  0  2  0  0  0 ] (0.00000001)
[  0  0  0  0  0  2  0  0  1 ] (0.00000001)
[  0  0  0  0  0  2  0  0  2 ] (0.00000000)
[  0  0  0  0  0  2  0  1  0 ] (0.00000027)
[  0  0  0  0  0  2  0  1  1 ] (0.00000005)
[  0  0  0  0  0  2  0  2  0 ] (0.00000000)
[  0  0  0  0  0  2  1  0  0 ] (0.00000006)
[  0  0  0  0  0  2  1  0  1 ] (0.00000000)
[  0  0  0  0  0  2  1  1  0 ] (0.00000004)
[  0  0  0  0  0  2  2  0  0 ] (0.00000002)
[  0  0  0  0  0  3  0  0  0 ] (0.00000000)
[  0  0  0  0  0  3  0  0  1 ] (0.00000006)
[  0  0  0  0  0  3  0  1  0 ] (0.00000158)
[  0  0  0  0  0  3  1  0  0 ] (0.00000024)
[  0  0  0  0  0  4  0  0  0 ] (0.00000015)
[  0  0  0  0  1  0  0  0  0 ] (0.00000000)
[  0  0  0  0  1  0  0  0  1 ] (0.00000020)
[  0  0  0  0  1  0  0  0  2 ] (0.00000005)
[  0  0  0  0  1  0  0  0  3 ] (0.00000001)
[  0  0  0  0  1  0  0  1  0 ] (0.00000023)
[  0  0  0  0  1  0  0  1  1 ] (0.00000007)
[  0  0  0  0  1  0  0  1  2 ] (0.00000000)
[  0  0  0  0  1  0  0  2  0 ] (0.00000027)
[  0  0  0  0  1  0  0  2  1 ] (0.00000004)
[  0  0  0  0  1  0  0  3  0 ] (0.00000000)
[  0  0  0  0  1  0  1  0  0 ] (0.00000004)
[  0  0  0  0  1  0  1  0  1 ] (0.00000006)
[  0  0  0  0  1  0  1  0  2 ] (0.00000000)
[  0  0  0  0  1  0  1  1  0 ] (0.00000180)
[  0  0  0  0  1  0  1  1  1 ] (0.00000001)
[  0  0  0  0  1  0  1  2  0 ] (0.00000001)
[  0  0  0  0  1  0  2  0  0 ] (0.00000050)
[  0  0  0  0  1  0  2  0  1 ] (0.00000025)
[  0  0  0  0  1  0  2  1  0 ] (0.00000002)
[  0  0  0  0  1  0  3  0  0 ] (0.00000047)
[  0  0  0  0  1  1  0  0  0 ] (0.00000000)
[  0  0  0  0  1  1  0  0  1 ] (0.00000001)
[  0  0  0  0  1  1  0  0  2 ] (0.00000000)
[  0  0  0  0  1  1  0  1  0 ] (0.00000110)
[  0  0  0  0  1  1  0  1  1 ] (0.00000001)
[  0  0  0  0  1  1  0  2  0 ] (0.00000006)
[  0  0  0  0  1  1  1  0  0 ] (0.00000927)
[  0  0  0  0  1  1  1  0  1 ] (0.00000054)
[  0  0  0  0  1  1  1  1  0 ] (0.00000016)
[  0  0  0  0  1  1  2  0  0 ] (0.00000005)
[  0  0  0  0  1  2  0  0  0 ] (0.00000022)
[  0  0  0  0  1  2  0  0  1 ] (0.00000003)
[  0  0  0  0  1  2  0  1  0 ] (0.00000003)
[  0  0  0  0  1  2  1  0  0 ] (0.00000000)
[  0  0  0  0  1  3  0  0  0 ] (0.00000430)
[  0  0  0  0  2  0  0  0  0 ] (0.00000008)
[  0  0  0  0  2  0  0  0  1 ] (0.00000017)
[  0  0  0  0  2  0  0  0  2 ] (0.00000000)
[  0  0  0  0  2  0  0  1  0 ] (0.00000003)
[  0  0  0  0  2  0  0  1  1 ] (0.00000000)
[  0  0  0  0  2  0  0  2  0 ] (0.00000112)
[  0  0  0  0  2  0  1  0  0 ] (0.00000003)
[  0  0  0  0  2  0  1  0  1 ] (0.00000000)
[  0  0  0  0  2  0  1  1  0 ] (0.00000000)
[  0  0  0  0  2  0  2  0  0 ] (0.00000006)
[  0  0  0  0  2  1  0  0  0 ] (0.00000026)
[  0  0  0  0  2  1  0  0  1 ] (0.00000008)
[  0  0  0  0  2  1  0  1  0 ] (0.00000014)
[  0  0  0  0  2  1  1  0  0 ] (0.00000008)
[  0  0  0  0  2  2  0  0  0 ] (0.00000005)
[  0  0  0  0  3  0  0  0  0 ] (0.00000012)
[  0  0  0  0  3  0  0  0  1 ] (0.00000002)
[  0  0  0  0  3  0  0  1  0 ] (0.00000033)
[  0  0  0  0  3  0  1  0  0 ] (0.00000150)
[  0  0  0  0  3  1  0  0  0 ] (0.00000159)
[  0  0  0  0  4  0  0  0  0 ] (0.00000116)
[  0  0  0  1  0  0  0  0  0 ] (0.00000002)
[  0  0  0  1  0  0  0  0  1 ] (0.00000030)
[  0  0  0  1  0  0  0  0  2 ] (0.00000009)
[  0  0  0  1  0  0  0  0  3 ] (0.00000001)
[  0  0  0  1  0  0  0  1  0 ] (0.00000000)
[  0  0  0  1  0  0  0  1  1 ] (0.00000002)
[  0  0  0  1  0  0  0  1  2 ] (0.00000000)
[  0  0  0  1  0  0  0  2  0 ] (0.00000101)
[  0  0  0  1  0  0  0  2  1 ] (0.00000001)
[  0  0  0  1  0  0  0  3  0 ] (0.00000001)
[  0  0  0  1  0  0  1  0  0 ] (0.00000002)
[  0  0  0  1  0  0  1  0  1 ] (0.00000015)
[  0  0  0  1  0  0  1  0  2 ] (0.00000000)
[  0  0  0  1  0  0  1  1  0 ] (0.00000046)
[  0  0  0  1  0  0  1  1  1 ] (0.00000002)
[  0  0  0  1  0  0  1  2  0 ] (0.00000000)
[  0  0  0  1  0  0  2  0  0 ] (0.00000013)
[  0  0  0  1  0  0  2  0  1 ] (0.00000000)
[  0  0  0  1  0  0  2  1  0 ] (0.00000010)
[  0  0  0  1  0  0  3  0  0 ] (0.00000008)
[  0  0  0  1  0  1  0  0  0 ] (0.00000007)
[  0  0  0  1  0  1  0  0  1 ] (0.00000046)
[  0  0  0  1  0  1  0  0  2 ] (0.00000003)
[  0  0  0  1  0  1  0  1  0 ] (0.00000824)
[  0  0  0  1  0  1  0  1  1 ] (0.00000005)
[  0  0  0  1  0  1  0  2  0 ] (0.00000039)
[  0  0  0  1  0  1  1  0  0 ] (0.00001308)
[  0  0  0  1  0  1  1  0  1 ] (0.00000062)
[  0  0  0  1  0  1  1  1  0 ] (0.00000004)
[  0  0  0  1  0  1  2  0  0 ] (0.00000014)
[  0  0  0  1  0  2  0  0  0 ] (0.00000000)
[  0  0  0  1  0  2  0  0  1 ] (0.00000001)
[  0  0  0  1  0  2  0  1  0 ] (0.00000002)
[  0  0  0  1  0  2  1  0  0 ] (0.00000000)
[  0  0  0  1  0  3  0  0  0 ] (0.00000010)
[  0  0  0  1  1  0  0  0  0 ] (0.00000005)
[  0  0  0  1  1  0  0  0  1 ] (0.00000089)
[  0  0  0  1  1  0  0  0  2 ] (0.00000000)
[  0  0  0  1  1  0  0  1  0 ] (0.00000016)
[  0  0  0  1  1  0  0  1  1 ] (0.00000004)
[  0  0  0  1  1  0  0  2  0 ] (0.00000010)
[  0  0  0  1  1  0  1  0  0 ] (0.00000032)
[  0  0  0  1  1  0  1  0  1 ] (0.00000000)
[  0  0  0  1  1  0  1  1  0 ] (0.00000018)
[  0  0  0  1  1  0  2  0  0 ] (0.00000018)
[  0  0  0  1  1  1  0  0  0 ] (0.00000310)
[  0  0  0  1  1  1  0  0  1 ] (0.00000024)
[  0  0  0  1  1  1  0  1  0 ] (0.00000005)
[  0  0  0  1  1  1  1  0  0 ] (0.00000006)
[  0  0  0  1  1  2  0  0  0 ] (0.00000000)
[  0  0  0  1  2  0  0  0  0 ] (0.00000002)
[  0  0  0  1  2  0  0  0  1 ] (0.00000006)
[  0  0  0  1  2  0  0  1  0 ] (0.00000000)
[  0  0  0  1  2  0  1  0  0 ] (0.00000000)
[  0  0  0  1  2  1  0  0  0 ] (0.00000050)
[  0  0  0  1  3  0  0  0  0 ] (0.00000541)
[  0  0  0  2  0  0  0  0  0 ] (0.00000021)
[  0  0  0  2  0  0  0  0  1 ] (0.00000144)
[  0  0  0  2  0  0  0  0  2 ] (0.00000000)
[  0  0  0  2  0  0  0  1  0 ] (0.00000010)
[  0  0  0  2  0  0  0  1  1 ] (0.00000000)
[  0  0  0  2  0  0  0  2  0 ] (0.00000006)
[  0  0  0  2  0  0  1  0  0 ] (0.00000091)
[  0  0  0  2  0  0  1  0  1 ] (0.00000013)
[  0  0  0  2  0  0  1  1  0 ] (0.00000045)
[  0  0  0  2  0  0  2  0  0 ] (0.00000007)
[  0  0  0  2  0  1  0  0  0 ] (0.00000003)
[  0  0  0  2  0  1  0  0  1 ] (0.00000000)
[  0  0  0  2  0  1  0  1  0 ] (0.00000026)
[  0  0  0  2  0  1  1  0  0 ] (0.00000000)
[  0  0  0  2  0  2  0  0  0 ] (0.00000002)
[  0  0  0  2  1  0  0  0  0 ] (0.00000006)
[  0  0  0  2  1  0  0  0  1 ] (0.00000002)
[  0  0  0  2  1  0  0  1  0 ] (0.00000000)
[  0  0  0  2  1  0  1  0  0 ] (0.00000014)
[  0  0  0  2  1  1  0  0  0 ] (0.00000012)
[  0  0  0  2  2  0  0  0  0 ] (0.00000000)
[  0  0  0  3  0  0  0  0  0 ] (0.00000009)
[  0  0  0  3  0  0  0  0  1 ] (0.00000005)
[  0  0  0  3  0  0  0  1  0 ] (0.00000013)
[  0  0  0  3  0  0  1  0  0 ] (0.00000051)
[  0  0  0  3  0  1  0  0  0 ] (0.00000037)
[  0  0  0  3  1  0  0  0  0 ] (0.00000267)
[  0  0  0  4  0  0  0  0  0 ] (0.00000380)
[  0  0  1  0  0  0  0  0  0 ] (0.00025588)
[  0  0  1  0  0  0  0  0  1 ] (0.00193310)
[  0  0  1  0  0  0  0  0  2 ] (0.00956321)
[  0  0  1  0  0  0  0  0  3 ] (0.00002767)
[  0  0  1  0  0  0  0  1  0 ] (0.00011190)
[  0  0  1  0  0  0  0  1  1 ] (0.01103828)
[  0  0  1  0  0  0  0  1  2 ] (0.00083256)
[  0  0  1  0  0  0  0  2  0 ] (0.00000283)
[  0  0  1  0  0  0  0  2  1 ] (0.00002424)
[  0  0  1  0  0  0  0  3  0 ] (0.06482185)
[  0  0  1  0  0  0  1  0  0 ] (0.00000685)
[  0  0  1  0  0  0  1  0  1 ] (0.00399752)
[  0  0  1  0  0  0  1  0  2 ] (0.00000305)
[  0  0  1  0  0  0  1  1  0 ] (0.00141132)
[  0  0  1  0  0  0  1  1  1 ] (0.00032991)
[  0  0  1  0  0  0  1  2  0 ] (0.00041716)
[  0  0  1  0  0  0  2  0  0 ] (0.00008599)
[  0  0  1  0  0  0  2  0  1 ] (0.00001271)
[  0  0  1  0  0  0  2  1  0 ] (0.00063603)
[  0  0  1  0  0  0  3  0  0 ] (0.00107297)
[  0  0  1  0  0  1  0  0  0 ] (0.00014102)
[  0  0  1  0  0  1  0  0  1 ] (0.00446387)
[  0  0  1  0  0  1  0  0  2 ] (0.00003268)
[  0  0  1  0  0  1  0  1  0 ] (0.00213570)
[  0  0  1  0  0  1  0  1  1 ] (0.00001392)
[  0  0  1  0  0  1  0  2  0 ] (0.00128256)
[  0  0  1  0  0  1  1  0  0 ] (0.00198913)
[  0  0  1  0  0  1  1  0  1 ] (0.00073666)
[  0  0  1  0  0  1  1  1  0 ] (0.00008587)
[  0  0  1  0  0  1  2  0  0 ] (0.00009072)
[  0  0  1  0  0  2  0  0  0 ] (0.00000308)
[  0  0  1  0  0  2  0  0  1 ] (0.00005572)
[  0  0  1  0  0  2  0  1  0 ] (0.00013677)
[  0  0  1  0  0  2  1  0  0 ] (0.00031662)
[  0  0  1  0  0  3  0  0  0 ] (0.00077672)
[  0  0  1  0  1  0  0  0  0 ] (0.00019079)
[  0  0  1  0  1  0  0  0  1 ] (0.00802868)
[  0  0  1  0  1  0  0  0  2 ] (0.00018089)
[  0  0  1  0  1  0  0  1  0 ] (0.00036302)
[  0  0  1  0  1  0  0  1  1 ] (0.00019583)
[  0  0  1  0  1  0  0  2  0 ] (0.00053850)
[  0  0  1  0  1  0  1  0  0 ] (0.00001407)
[  0  0  1  0  1  0  1  0  1 ] (0.00055046)
[  0  0  1  0  1  0  1  1  0 ] (0.00019164)
[  0  0  1  0  1  0  2  0  0 ] (0.00093759)
[  0  0  1  0  1  1  0  0  0 ] (0.00013286)
[  0  0  1  0  1  1  0  0  1 ] (0.00043885)
[  0  0  1  0  1  1  0  1  0 ] (0.00000170)
[  0  0  1  0  1  1  1  0  0 ] (0.00000151)
[  0  0  1  0  1  2  0  0  0 ] (0.00100652)
[  0  0  1  0  2  0  0  0  0 ] (0.00006914)
[  0  0  1  0  2  0  0  0  1 ] (0.00000720)
[  0  0  1  0  2  0  0  1  0 ] (0.00001576)
[  0  0  1  0  2  0  1  0  0 ] (0.00073531)
[  0  0  1  0  2  1  0  0  0 ] (0.00260486)
[  0  0  1  0  3  0  0  0  0 ] (0.00000741)
[  0  0  1  1  0  0  0  0  0 ] (0.00139934)
[  0  0  1  1  0  0  0  0  1 ] (0.04757817)
[  0  0  1  1  0  0  0  0  2 ] (0.00154135)
[  0  0  1  1  0  0  0  1  0 ] (0.00002935)
[  0  0  1  1  0  0  0  1  1 ] (0.00002227)
[  0  0  1  1  0  0  0  2  0 ] (0.00048391)
[  0  0  1  1  0  0  1  0  0 ] (0.00018825)
[  0  0  1  1  0  0  1  0  1 ] (0.00255288)
[  0  0  1  1  0  0  1  1  0 ] (0.00008264)
[  0  0  1  1  0  0  2  0  0 ] (0.00015838)
[  0  0  1  1  0  1  0  0  0 ] (0.00028961)
[  0  0  1  1  0  1  0  0  1 ] (0.00199187)
[  0  0  1  1  0  1  0  1  0 ] (0.00056475)
[  0  0  1  1  0  1  1  0  0 ] (0.00111077)
[  0  0  1  1  0  2  0  0  0 ] (0.00202462)
[  0  0  1  1  1  0  0  0  0 ] (0.00120228)
[  0  0  1  1  1  0  0  0  1 ] (0.00031477)
[  0  0  1  1  1  0  0  1  0 ] (0.00009416)
[  0  0  1  1  1  0  1  0  0 ] (0.00102571)
[  0  0  1  1  1  1  0  0  0 ] (0.00011812)
[  0  0  1  1  2  0  0  0  0 ] (0.00041543)
[  0  0  1  2  0  0  0  0  0 ] (0.00020096)
[  0  0  1  2  0  0  0  0  1 ] (0.00043939)
[  0  0  1  2  0  0  0  1  0 ] (0.00002438)
[  0  0  1  2  0  0  1  0  0 ] (0.00162325)
[  0  0  1  2  0  1  0  0  0 ] (0.00030628)
[  0  0  1  2  1  0  0  0  0 ] (0.00004973)
[  0  0  1  3  0  0  0  0  0 ] (0.00001346)
[  0  0  2  0  0  0  0  0  0 ] (0.00000001)
[  0  0  2  0  0  0  0  0  1 ] (0.00000001)
[  0  0  2  0  0  0  0  0  2 ] (0.00000007)
[  0  0  2  0  0  0  0  1  0 ] (0.00000032)
[  0  0  2  0  0  0  0  1  1 ] (0.00000000)
[  0  0  2  0  0  0  0  2  0 ] (0.00001491)
[  0  0  2  0  0  0  1  0  0 ] (0.00000000)
[  0  0  2  0  0  0  1  0  1 ] (0.00000000)
[  0  0  2  0  0  0  1  1  0 ] (0.00000000)
[  0  0  2  0  0  0  2  0  0 ] (0.00000138)
[  0  0  2  0  0  1  0  0  0 ] (0.00000000)
[  0  0  2  0  0  1  0  0  1 ] (0.00000023)
[  0  0  2  0  0  1  0  1  0 ] (0.00000029)
[  0  0  2  0  0  1  1  0  0 ] (0.00000420)
[  0  0  2  0  0  2  0  0  0 ] (0.00000023)
[  0  0  2  0  1  0  0  0  0 ] (0.00000004)
[  0  0  2  0  1  0  0  0  1 ] (0.00000045)
[  0  0  2  0  1  0  0  1  0 ] (0.00000008)
[  0  0  2  0  1  0  1  0  0 ] (0.00000000)
[  0  0  2  0  1  1  0  0  0 ] (0.00000013)
[  0  0  2  0  2  0  0  0  0 ] (0.00000122)
[  0  0  2  1  0  0  0  0  0 ] (0.00000009)
[  0  0  2  1  0  0  0  0  1 ] (0.00000016)
[  0  0  2  1  0  0  0  1  0 ] (0.00000702)
[  0  0  2  1  0  0  1  0  0 ] (0.00000211)
[  0  0  2  1  0  1  0  0  0 ] (0.00000100)
[  0  0  2  1  1  0  0  0  0 ] (0.00000027)
[  0  0  2  2  0  0  0  0  0 ] (0.00000243)
[  0  0  3  0  0  0  0  0  0 ] (0.00000043)
[  0  0  3  0  0  0  0  0  1 ] (0.00000329)
[  0  0  3  0  0  0  0  1  0 ] (0.00000002)
[  0  0  3  0  0  0  1  0  0 ] (0.00000003)
[  0  0  3  0  0  1  0  0  0 ] (0.00000007)
[  0  0  3  0  1  0  0  0  0 ] (0.00000001)
[  0  0  3  1  0  0  0  0  0 ] (0.00000001)
[  0  0  4  0  0  0  0  0  0 ] (0.00000221)
[  0  1  0  0  0  0  0  0  0 ] (0.00019835)
[  0  1  0  0  0  0  0  0  1 ] (0.00336641)
[  0  1  0  0  0  0  0  0  2 ] (0.00134016)
[  0  1  0  0  0  0  0  0  3 ] (0.00013604)
[  0  1  0  0  0  0  0  1  0 ] (0.00169368)
[  0  1  0  0  0  0  0  1  1 ] (0.04748551)
[  0  1  0  0  0  0  0  1  2 ] (0.00292684)
[  0  1  0  0  0  0  0  2  0 ] (0.00003558)
[  0  1  0  0  0  0  0  2  1 ] (0.00004387)
[  0  1  0  0  0  0  0  3  0 ] (0.00278851)
[  0  1  0  0  0  0  1  0  0 ] (0.00071810)
[  0  1  0  0  0  0  1  0  1 ] (0.03557543)
[  0  1  0  0  0  0  1  0  2 ] (0.00129374)
[  0  1  0  0  0  0  1  1  0 ] (0.00041013)
[  0  1  0  0  0  0  1  1  1 ] (0.00001420)
[  0  1  0  0  0  0  1  2  0 ] (0.00069236)
[  0  1  0  0  0  0  2  0  0 ] (0.00005446)
[  0  1  0  0  0  0  2  0  1 ] (0.00039518)
[  0  1  0  0  0  0  2  1  0 ] (0.00060454)
[  0  1  0  0  0  0  3  0  0 ] (0.00000301)
[  0  1  0  0  0  1  0  0  0 ] (0.00016389)
[  0  1  0  0  0  1  0  0  1 ] (0.00064558)
[  0  1  0  0  0  1  0  0  2 ] (0.00022954)
[  0  1  0  0  0  1  0  1  0 ] (0.00180227)
[  0  1  0  0  0  1  0  1  1 ] (0.00001019)
[  0  1  0  0  0  1  0  2  0 ] (0.00000629)
[  0  1  0  0  0  1  1  0  0 ] (0.00060585)
[  0  1  0  0  0  1  1  0  1 ] (0.00113865)
[  0  1  0  0  0  1  1  1  0 ] (0.00014549)
[  0  1  0  0  0  1  2  0  0 ] (0.00046221)
[  0  1  0  0  0  2  0  0  0 ] (0.00005503)
[  0  1  0  0  0  2  0  0  1 ] (0.00030213)
[  0  1  0  0  0  2  0  1  0 ] (0.00084124)
[  0  1  0  0  0  2  1  0  0 ] (0.00024693)
[  0  1  0  0  0  3  0  0  0 ] (0.00000130)
[  0  1  0  0  1  0  0  0  0 ] (0.00057128)
[  0  1  0  0  1  0  0  0  1 ] (0.01320059)
[  0  1  0  0  1  0  0  0  2 ] (0.00241490)
[  0  1  0  0  1  0  0  1  0 ] (0.00000178)
[  0  1  0  0  1  0  0  1  1 ] (0.00013427)
[  0  1  0  0  1  0  0  2  0 ] (0.00911886)
[  0  1  0  0  1  0  1  0  0 ] (0.00002074)
[  0  1  0  0  1  0  1  0  1 ] (0.00015152)
[  0  1  0  0  1  0  1  1  0 ] (0.00042332)
[  0  1  0  0  1  0  2  0  0 ] (0.00236139)
[  0  1  0  0  1  1  0  0  0 ] (0.00023413)
[  0  1  0  0  1  1  0  0  1 ] (0.00003571)
[  0  1  0  0  1  1  0  1  0 ] (0.00001093)
[  0  1  0  0  1  1  1  0  0 ] (0.00046506)
[  0  1  0  0  1  2  0  0  0 ] (0.00005873)
[  0  1  0  0  2  0  0  0  0 ] (0.00139575)
[  0  1  0  0  2  0  0  0  1 ] (0.00048191)
[  0  1  0  0  2  0  0  1  0 ] (0.01394646)
[  0  1  0  0  2  0  1  0  0 ] (0.00672219)
[  0  1  0  0  2  1  0  0  0 ] (0.02190777)
[  0  1  0  0  3  0  0  0  0 ] (0.00015975)
[  0  1  0  1  0  0  0  0  0 ] (0.00199995)
[  0  1  0  1  0  0  0  0  1 ] (0.02480480)
[  0  1  0  1  0  0  0  0  2 ] (0.00274198)
[  0  1  0  1  0  0  0  1  0 ] (0.00013819)
[  0  1  0  1  0  0  0  1  1 ] (0.00171529)
[  0  1  0  1  0  0  0  2  0 ] (0.00282166)
[  0  1  0  1  0  0  1  0  0 ] (0.00054645)
[  0  1  0  1  0  0  1  0  1 ] (0.00096256)
[  0  1  0  1  0  0  1  1  0 ] (0.00124713)
[  0  1  0  1  0  0  2  0  0 ] (0.00435787)
[  0  1  0  1  0  1  0  0  0 ] (0.00022078)
[  0  1  0  1  0  1  0  0  1 ] (0.00126059)
[  0  1  0  1  0  1  0  1  0 ] (0.00004697)
[  0  1  0  1  0  1  1  0  0 ] (0.00000003)
[  0  1  0  1  0  2  0  0  0 ] (0.00887226)
[  0  1  0  1  1  0  0  0  0 ] (0.00050826)
[  0  1  0  1  1  0  0  0  1 ] (0.00259764)
[  0  1  0  1  1  0  0  1  0 ] (0.00002656)
[  0  1  0  1  1  0  1  0  0 ] (0.00300273)
[  0  1  0  1  1  1  0  0  0 ] (0.00176001)
[  0  1  0  1  2  0  0  0  0 ] (0.05324314)
[  0  1  0  2  0  0  0  0  0 ] (0.00057262)
[  0  1  0  2  0  0  0  0  1 ] (0.00307752)
[  0  1  0  2  0  0  0  1  0 ] (0.00169757)
[  0  1  0  2  0  0  1  0  0 ] (0.00091030)
[  0  1  0  2  0  1  0  0  0 ] (0.00130096)
[  0  1  0  2  1  0  0  0  0 ] (0.05094849)
[  0  1  0  3  0  0  0  0  0 ] (0.00059366)
[  0  1  1  0  0  0  0  0  0 ] (0.00000003)
[  0  1  1  0  0  0  0  0  1 ] (0.00000014)
[  0  1  1  0  0  0  0  0  2 ] (0.00000029)
[  0  1  1  0  0  0  0  1  0 ] (0.00000002)
[  0  1  1  0  0  0  0  1  1 ] (0.00000006)
[  0  1  1  0  0  0  0  2  0 ] (0.00000054)
[  0  1  1  0  0  0  1  0  0 ] (0.00000003)
[  0  1  1  0  0  0  1  0  1 ] (0.00000015)
[  0  1  1  0  0  0  1  1  0 ] (0.00000140)
[  0  1  1  0  0  0  2  0  0 ] (0.00000248)
[  0  1  1  0  0  1  0  0  0 ] (0.00000002)
[  0  1  1  0  0  1  0  0  1 ] (0.00000030)
[  0  1  1  0  0  1  0  1  0 ] (0.00000093)
[  0  1  1  0  0  1  1  0  0 ] (0.00000108)
[  0  1  1  0  0  2  0  0  0 ] (0.00000006)
[  0  1  1  0  1  0  0  0  0 ] (0.00000010)
[  0  1  1  0  1  0  0  0  1 ] (0.00000000)
[  0  1  1  0  1  0  0  1  0 ] (0.00000299)
[  0  1  1  0  1  0  1  0  0 ] (0.00000018)
[  0  1  1  0  1  1  0  0  0 ] (0.00000221)
[  0  1  1  0  2  0  0  0  0 ] (0.00000007)
[  0  1  1  1  0  0  0  0  0 ] (0.00000007)
[  0  1  1  1  0  0  0  0  1 ] (0.00000020)
[  0  1  1  1  0  0  0  1  0 ] (0.00000098)
[  0  1  1  1  0  0  1  0  0 ] (0.00000396)
[  0  1  1  1  0  1  0  0  0 ] (0.00000018)
[  0  1  1  1  1  0  0  0  0 ] (0.00000045)
[  0  1  1  2  0  0  0  0  0 ] (0.00000002)
[  0  1  2  0  0  0  0  0  0 ] (0.00015726)
[  0  1  2  0  0  0  0  0  1 ] (0.00468951)
[  0  1  2  0  0  0  0  1  0 ] (0.01100068)
[  0  1  2  0  0  0  1  0  0 ] (0.01548797)
[  0  1  2  0  0  1  0  0  0 ] (0.00066285)
[  0  1  2  0  1  0  0  0  0 ] (0.00820166)
[  0  1  2  1  0  0  0  0  0 ] (0.00058671)
[  0  1  3  0  0  0  0  0  0 ] (0.00049371)
[  0  2  0  0  0  0  0  0  0 ] (0.00000000)
[  0  2  0  0  0  0  0  0  1 ] (0.00000013)
[  0  2  0  0  0  0  0  0  2 ] (0.00000001)
[  0  2  0  0  0  0  0  1  0 ] (0.00000027)
[  0  2  0  0  0  0  0  1  1 ] (0.00000025)
[  0  2  0  0  0  0  0  2  0 ] (0.00000000)
[  0  2  0  0  0  0  1  0  0 ] (0.00000005)
[  0  2  0  0  0  0  1  0  1 ] (0.00000001)
[  0  2  0  0  0  0  1  1  0 ] (0.00000011)
[  0  2  0  0  0  0  2  0  0 ] (0.00000002)
[  0  2  0  0  0  1  0  0  0 ] (0.00000000)
[  0  2  0  0  0  1  0  0  1 ] (0.00000015)
[  0  2  0  0  0  1  0  1  0 ] (0.00000001)
[  0  2  0  0  0  1  1  0  0 ] (0.00000124)
[  0  2  0  0  0  2  0  0  0 ] (0.00000000)
[  0  2  0  0  1  0  0  0  0 ] (0.00000000)
[  0  2  0  0  1  0  0  0  1 ] (0.00000006)
[  0  2  0  0  1  0  0  1  0 ] (0.00000052)
[  0  2  0  0  1  0  1  0  0 ] (0.00000077)
[  0  2  0  0  1  1  0  0  0 ] (0.00000007)
[  0  2  0  0  2  0  0  0  0 ] (0.00000012)
[  0  2  0  1  0  0  0  0  0 ] (0.00000001)
[  0  2  0  1  0  0  0  0  1 ] (0.00000029)
[  0  2  0  1  0  0  0  1  0 ] (0.00000317)
[  0  2  0  1  0  0  1  0  0 ] (0.00000191)
[  0  2  0  1  0  1  0  0  0 ] (0.00000022)
[  0  2  0  1  1  0  0  0  0 ] (0.00000036)
[  0  2  0  2  0  0  0  0  0 ] (0.00000026)
[  0  2  1  0  0  0  0  0  0 ] (0.00004816)
[  0  2  1  0  0  0  0  0  1 ] (0.00003792)
[  0  2  1  0  0  0  0  1  0 ] (0.01379980)
[  0  2  1  0  0  0  1  0  0 ] (0.02408126)
[  0  2  1  0  0  1  0  0  0 ] (0.00030528)
[  0  2  1  0  1  0  0  0  0 ] (0.00016633)
[  0  2  1  1  0  0  0  0  0 ] (0.00009518)
[  0  2  2  0  0  0  0  0  0 ] (0.00000001)
[  0  3  0  0  0  0  0  0  0 ] (0.00000000)
[  0  3  0  0  0  0  0  0  1 ] (0.00000001)
[  0  3  0  0  0  0  0  1  0 ] (0.00000020)
[  0  3  0  0  0  0  1  0  0 ] (0.00000003)
[  0  3  0  0  0  1  0  0  0 ] (0.00000000)
[  0  3  0  0  1  0  0  0  0 ] (0.00000000)
[  0  3  0  1  0  0  0  0  0 ] (0.00000000)
[  0  3  1  0  0  0  0  0  0 ] (0.00001361)
[  0  4  0  0  0  0  0  0  0 ] (0.00006534)
[  1  0  0  0  0  0  0  0  0 ] (0.00000400)
[  1  0  0  0  0  0  0  0  1 ] (0.00000196)
[  1  0  0  0  0  0  0  0  2 ] (0.00060862)
[  1  0  0  0  0  0  0  0  3 ] (0.00003575)
[  1  0  0  0  0  0  0  1  0 ] (0.00130600)
[  1  0  0  0  0  0  0  1  1 ] (0.01412630)
[  1  0  0  0  0  0  0  1  2 ] (0.00078923)
[  1  0  0  0  0  0  0  2  0 ] (0.00000013)
[  1  0  0  0  0  0  0  2  1 ] (0.00017016)
[  1  0  0  0  0  0  0  3  0 ] (0.01012798)
[  1  0  0  0  0  0  1  0  0 ] (0.00004094)
[  1  0  0  0  0  0  1  0  1 ] (0.00259264)
[  1  0  0  0  0  0  1  0  2 ] (0.00051033)
[  1  0  0  0  0  0  1  1  0 ] (0.00010291)
[  1  0  0  0  0  0  1  1  1 ] (0.00051167)
[  1  0  0  0  0  0  1  2  0 ] (0.00105206)
[  1  0  0  0  0  0  2  0  0 ] (0.00002045)
[  1  0  0  0  0  0  2  0  1 ] (0.00000186)
[  1  0  0  0  0  0  2  1  0 ] (0.00049672)
[  1  0  0  0  0  0  3  0  0 ] (0.00056998)
[  1  0  0  0  0  1  0  0  0 ] (0.00033805)
[  1  0  0  0  0  1  0  0  1 ] (0.00193594)
[  1  0  0  0  0  1  0  0  2 ] (0.00125423)
[  1  0  0  0  0  1  0  1  0 ] (0.00004532)
[  1  0  0  0  0  1  0  1  1 ] (0.00015606)
[  1  0  0  0  0  1  0  2  0 ] (0.00905718)
[  1  0  0  0  0  1  1  0  0 ] (0.00000570)
[  1  0  0  0  0  1  1  0  1 ] (0.00001325)
[  1  0  0  0  0  1  1  1  0 ] (0.00002381)
[  1  0  0  0  0  1  2  0  0 ] (0.00120322)
[  1  0  0  0  0  2  0  0  0 ] (0.00000625)
[  1  0  0  0  0  2  0  0  1 ] (0.00005901)
[  1  0  0  0  0  2  0  1  0 ] (0.00000078)
[  1  0  0  0  0  2  1  0  0 ] (0.00007135)
[  1  0  0  0  0  3  0  0  0 ] (0.00006587)
[  1  0  0  0  1  0  0  0  0 ] (0.00007508)
[  1  0  0  0  1  0  0  0  1 ] (0.00005742)
[  1  0  0  0  1  0  0  0  2 ] (0.00025774)
[  1  0  0  0  1  0  0  1  0 ] (0.00000797)
[  1  0  0  0  1  0  0  1  1 ] (0.00002283)
[  1  0  0  0  1  0  0  2  0 ] (0.00275888)
[  1  0  0  0  1  0  1  0  0 ] (0.00012429)
[  1  0  0  0  1  0  1  0  1 ] (0.00008609)
[  1  0  0  0  1  0  1  1  0 ] (0.00002776)
[  1  0  0  0  1  0  2  0  0 ] (0.01321763)
[  1  0  0  0  1  1  0  0  0 ] (0.00016564)
[  1  0  0  0  1  1  0  0  1 ] (0.00031468)
[  1  0  0  0  1  1  0  1  0 ] (0.00084451)
[  1  0  0  0  1  1  1  0  0 ] (0.00015262)
[  1  0  0  0  1  2  0  0  0 ] (0.00005593)
[  1  0  0  0  2  0  0  0  0 ] (0.00055739)
[  1  0  0  0  2  0  0  0  1 ] (0.00002624)
[  1  0  0  0  2  0  0  1  0 ] (0.00162055)
[  1  0  0  0  2  0  1  0  0 ] (0.01090337)
[  1  0  0  0  2  1  0  0  0 ] (0.00413785)
[  1  0  0  0  3  0  0  0  0 ] (0.00000294)
[  1  0  0  1  0  0  0  0  0 ] (0.00007062)
[  1  0  0  1  0  0  0  0  1 ] (0.01861964)
[  1  0  0  1  0  0  0  0  2 ] (0.00068333)
[  1  0  0  1  0  0  0  1  0 ] (0.00000512)
[  1  0  0  1  0  0  0  1  1 ] (0.00025555)
[  1  0  0  1  0  0  0  2  0 ] (0.00620689)
[  1  0  0  1  0  0  1  0  0 ] (0.00034100)
[  1  0  0  1  0  0  1  0  1 ] (0.00066991)
[  1  0  0  1  0  0  1  1  0 ] (0.00013741)
[  1  0  0  1  0  0  2  0  0 ] (0.01183051)
[  1  0  0  1  0  1  0  0  0 ] (0.00008368)
[  1  0  0  1  0  1  0  0  1 ] (0.00066347)
[  1  0  0  1  0  1  0  1  0 ] (0.00081021)
[  1  0  0  1  0  1  1  0  0 ] (0.00011245)
[  1  0  0  1  0  2  0  0  0 ] (0.00021726)
[  1  0  0  1  1  0  0  0  0 ] (0.00172240)
[  1  0  0  1  1  0  0  0  1 ] (0.00152687)
[  1  0  0  1  1  0  0  1  0 ] (0.00092097)
[  1  0  0  1  1  0  1  0  0 ] (0.00105317)
[  1  0  0  1  1  1  0  0  0 ] (0.00001012)
[  1  0  0  1  2  0  0  0  0 ] (0.03281056)
[  1  0  0  2  0  0  0  0  0 ] (0.00044197)
[  1  0  0  2  0  0  0  0  1 ] (0.00034528)
[  1  0  0  2  0  0  0  1  0 ] (0.00038977)
[  1  0  0  2  0  0  1  0  0 ] (0.00970279)
[  1  0  0  2  0  1  0  0  0 ] (0.02456244)
[  1  0  0  2  1  0  0  0  0 ] (0.03709942)
[  1  0  0  3  0  0  0  0  0 ] (0.00078551)
[  1  0  1  0  0  0  0  0  0 ] (0.00000003)
[  1  0  1  0  0  0  0  0  1 ] (0.00000020)
[  1  0  1  0  0  0  0  0  2 ] (0.00000000)
[  1  0  1  0  0  0  0  1  0 ] (0.00000010)
[  1  0  1  0  0  0  0  1  1 ] (0.00000098)
[  1  0  1  0  0  0  0  2  0 ] (0.00001229)
[  1  0  1  0  0  0  1  0  0 ] (0.00000016)
[  1  0  1  0  0  0  1  0  1 ] (0.00000001)
[  1  0  1  0  0  0  1  1  0 ] (0.00000327)
[  1  0  1  0  0  0  2  0  0 ] (0.00000705)
[  1  0  1  0  0  1  0  0  0 ] (0.00000001)
[  1  0  1  0  0  1  0  0  1 ] (0.00000009)
[  1  0  1  0  0  1  0  1  0 ] (0.00000094)
[  1  0  1  0  0  1  1  0  0 ] (0.00000176)
[  1  0  1  0  0  2  0  0  0 ] (0.00000006)
[  1  0  1  0  1  0  0  0  0 ] (0.00000008)
[  1  0  1  0  1  0  0  0  1 ] (0.00000000)
[  1  0  1  0  1  0  0  1  0 ] (0.00000060)
[  1  0  1  0  1  0  1  0  0 ] (0.00000348)
[  1  0  1  0  1  1  0  0  0 ] (0.00000027)
[  1  0  1  0  2  0  0  0  0 ] (0.00000095)
[  1  0  1  1  0  0  0  0  0 ] (0.00000000)
[  1  0  1  1  0  0  0  0  1 ] (0.00000008)
[  1  0  1  1  0  0  0  1  0 ] (0.00000214)
[  1  0  1  1  0  0  1  0  0 ] (0.00000000)
[  1  0  1  1  0  1  0  0  0 ] (0.00000143)
[  1  0  1  1  1  0  0  0  0 ] (0.00000288)
[  1  0  1  2  0  0  0  0  0 ] (0.00000297)
[  1  0  2  0  0  0  0  0  0 ] (0.00006113)
[  1  0  2  0  0  0  0  0  1 ] (0.00017652)
[  1  0  2  0  0  0  0  1  0 ] (0.02188433)
[  1  0  2  0  0  0  1  0  0 ] (0.01899666)
[  1  0  2  0  0  1  0  0  0 ] (0.00063077)
[  1  0  2  0  1  0  0  0  0 ] (0.00023170)
[  1  0  2  1  0  0  0  0  0 ] (0.00274711)
[  1  0  3  0  0  0  0  0  0 ] (0.00038444)
[  1  1  0  0  0  0  0  0  0 ] (0.00000000)
[  1  1  0  0  0  0  0  0  1 ] (0.00000000)
[  1  1  0  0  0  0  0  0  2 ] (0.00000001)
[  1  1  0  0  0  0  0  1  0 ] (0.00000002)
[  1  1  0  0  0  0  0  1  1 ] (0.00000001)
[  1  1  0  0  0  0  0  2  0 ] (0.00000011)
[  1  1  0  0  0  0  1  0  0 ] (0.00000000)
[  1  1  0  0  0  0  1  0  1 ] (0.00000000)
[  1  1  0  0  0  0  1  1  0 ] (0.00000366)
[  1  1  0  0  0  0  2  0  0 ] (0.00000008)
[  1  1  0  0  0  1  0  0  0 ] (0.00000000)
[  1  1  0  0  0  1  0  0  1 ] (0.00000001)
[  1  1  0  0  0  1  0  1  0 ] (0.00000039)
[  1  1  0  0  0  1  1  0  0 ] (0.00000070)
[  1  1  0  0  0  2  0  0  0 ] (0.00000007)
[  1  1  0  0  1  0  0  0  0 ] (0.00000001)
[  1  1  0  0  1  0  0  0  1 ] (0.00000003)
[  1  1  0  0  1  0  0  1  0 ] (0.00000008)
[  1  1  0  0  1  0  1  0  0 ] (0.00000090)
[  1  1  0  0  1  1  0  0  0 ] (0.00000101)
[  1  1  0  0  2  0  0  0  0 ] (0.00000004)
[  1  1  0  1  0  0  0  0  0 ] (0.00000000)
[  1  1  0  1  0  0  0  0  1 ] (0.00000030)
[  1  1  0  1  0  0  0  1  0 ] (0.00000091)
[  1  1  0  1  0  0  1  0  0 ] (0.00000057)
[  1  1  0  1  0  1  0  0  0 ] (0.00000045)
[  1  1  0  1  1  0  0  0  0 ] (0.00000080)
[  1  1  0  2  0  0  0  0  0 ] (0.00000029)
[  1  1  1  0  0  0  0  0  0 ] (0.00001800)
[  1  1  1  0  0  0  0  0  1 ] (0.00030719)
[  1  1  1  0  0  0  0  1  0 ] (0.00043741)
[  1  1  1  0  0  0  1  0  0 ] (0.00642587)
[  1  1  1  0  0  1  0  0  0 ] (0.00001883)
[  1  1  1  0  1  0  0  0  0 ] (0.00299870)
[  1  1  1  1  0  0  0  0  0 ] (0.00080620)
[  1  1  2  0  0  0  0  0  0 ] (0.00000008)
[  1  2  0  0  0  0  0  0  0 ] (0.00034781)
[  1  2  0  0  0  0  0  0  1 ] (0.00004641)
[  1  2  0  0  0  0  0  1  0 ] (0.01669778)
[  1  2  0  0  0  0  1  0  0 ] (0.00739540)
[  1  2  0  0  0  1  0  0  0 ] (0.00261115)
[  1  2  0  0  1  0  0  0  0 ] (0.00094801)
[  1  2  0  1  0  0  0  0  0 ] (0.01098369)
[  1  2  1  0  0  0  0  0  0 ] (0.00000001)
[  1  3  0  0  0  0  0  0  0 ] (0.00017360)
[  2  0  0  0  0  0  0  0  0 ] (0.00000000)
[  2  0  0  0  0  0  0  0  1 ] (0.00000000)
[  2  0  0  0  0  0  0  0  2 ] (0.00000004)
[  2  0  0  0  0  0  0  1  0 ] (0.00000014)
[  2  0  0  0  0  0  0  1  1 ] (0.00000000)
[  2  0  0  0  0  0  0  2  0 ] (0.00000171)
[  2  0  0  0  0  0  1  0  0 ] (0.00000000)
[  2  0  0  0  0  0  1  0  1 ] (0.00000029)
[  2  0  0  0  0  0  1  1  0 ] (0.00000045)
[  2  0  0  0  0  0  2  0  0 ] (0.00000094)
[  2  0  0  0  0  1  0  0  0 ] (0.00000002)
[  2  0  0  0  0  1  0  0  1 ] (0.00000008)
[  2  0  0  0  0  1  0  1  0 ] (0.00000053)
[  2  0  0  0  0  1  1  0  0 ] (0.00000244)
[  2  0  0  0  0  2  0  0  0 ] (0.00000003)
[  2  0  0  0  1  0  0  0  0 ] (0.00000002)
[  2  0  0  0  1  0  0  0  1 ] (0.00000038)
[  2  0  0  0  1  0  0  1  0 ] (0.00000000)
[  2  0  0  0  1  0  1  0  0 ] (0.00000041)
[  2  0  0  0  1  1  0  0  0 ] (0.00000000)
[  2  0  0  0  2  0  0  0  0 ] (0.00000051)
[  2  0  0  1  0  0  0  0  0 ] (0.00000005)
[  2  0  0  1  0  0  0  0  1 ] (0.00000008)
[  2  0  0  1  0  0  0  1  0 ] (0.00000152)
[  2  0  0  1  0  0  1  0  0 ] (0.00000068)
[  2  0  0  1  0  1  0  0  0 ] (0.00000009)
[  2  0  0  1  1  0  0  0  0 ] (0.00000056)
[  2  0  0  2  0  0  0  0  0 ] (0.00000060)
[  2  0  1  0  0  0  0  0  0 ] (0.00006063)
[  2  0  1  0  0  0  0  0  1 ] (0.00555404)
[  2  0  1  0  0  0  0  1  0 ] (0.00323079)
[  2  0  1  0  0  0  1  0  0 ] (0.00215811)
[  2  0  1  0  0  1  0  0  0 ] (0.00023538)
[  2  0  1  0  1  0  0  0  0 ] (0.00049196)
[  2  0  1  1  0  0  0  0  0 ] (0.00135812)
[  2  0  2  0  0  0  0  0  0 ] (0.00000055)
[  2  1  0  0  0  0  0  0  0 ] (0.00025561)
[  2  1  0  0  0  0  0  0  1 ] (0.00183670)
[  2  1  0  0  0  0  0  1  0 ] (0.01286976)
[  2  1  0  0  0  0  1  0  0 ] (0.00662643)
[  2  1  0  0  0  1  0  0  0 ] (0.00102428)
[  2  1  0  0  1  0  0  0  0 ] (0.00169804)
[  2  1  0  1  0  0  0  0  0 ] (0.00892087)
[  2  1  1  0  0  0  0  0  0 ] (0.00000003)
[  2  2  0  0  0  0  0  0  0 ] (0.00000000)
[  3  0  0  0  0  0  0  0  0 ] (0.00000001)
[  3  0  0  0  0  0  0  0  1 ] (0.00000010)
[  3  0  0  0  0  0  0  1  0 ] (0.00000001)
[  3  0  0  0  0  0  1  0  0 ] (0.00000002)
[  3  0  0  0  0  1  0  0  0 ] (0.00000000)
[  3  0  0  0  1  0  0  0  0 ] (0.00000003)
[  3  0  0  1  0  0  0  0  0 ] (0.00000001)
[  3  0  1  0  0  0  0  0  0 ] (0.00005896)
[  3  1  0  0  0  0  0  0  0 ] (0.00001517)
[  4  0  0  0  0  0  0  0  0 ] (0.00021972)
