|  -898.396645850060 |   220.512499048365 

[  0  0  0  0  0  0  0  0  0 ] (0.00000506)
[  0  0  0  0  0  0  0  0  1 ] (0.00002116)
[  0  0  0  0  0  0  0  0  2 ] (0.00002924)
[  0  0  0  0  0  0  0  0  3 ] (0.00241568)
[  0  0  0  0  0  0  0  0  4 ] (0.00003103)
[  0  0  0  0  0  0  0  1  0 ] (0.00000003)
[  0  0  0  0  0  0  0  1  1 ] (0.00000083)
[  0  0  0  0  0  0  0  1  2 ] (0.00175330)
[  0  0  0  0  0  0  0  1  3 ] (0.00031084)
[  0  0  0  0  0  0  0  2  0 ] (0.00000647)
[  0  0  0  0  0  0  0  2  1 ] (0.00006298)
[  0  0  0  0  0  0  0  2  2 ] (0.00210041)
[  0  0  0  0  0  0  0  3  0 ] (0.00000840)
[  0  0  0  0  0  0  0  3  1 ] (0.01025418)
[  0  0  0  0  0  0  0  4  0 ] (0.00175213)
[  0  0  0  0  0  0  1  0  0 ] (0.00000097)
[  0  0  0  0  0  0  1  0  1 ] (0.00007802)
[  0  0  0  0  0  0  1  0  2 ] (0.00006577)
[  0  0  0  0  0  0  1  0  3 ] (0.00007974)
[  0  0  0  0  0  0  1  1  0 ] (0.00004335)
[  0  0  0  0  0  0  1  1  1 ] (0.00259467)
[  0  0  0  0  0  0  1  1  2 ] (0.00028479)
[  0  0  0  0  0  0  1  2  0 ] (0.00006778)
[  0  0  0  0  0  0  1  2  1 ] (0.00093960)
[  0  0  0  0  0  0  1  3  0 ] (0.00006491)
[  0  0  0  0  0  0  2  0  0 ] (0.00001668)
[  0  0  0  0  0  0  2  0  1 ] (0.00207112)
[  0  0  0  0  0  0  2  0  2 ] (0.00486084)
[  0  0  0  0  0  0  2  1  0 ] (0.00068498)
[  0  0  0  0  0  0  2  1  1 ] (0.00191160)
[  0  0  0  0  0  0  2  2  0 ] (0.00402780)
[  0  0  0  0  0  0  3  0  0 ] (0.00003743)
[  0  0  0  0  0  0  3  0  1 ] (0.00098862)
[  0  0  0  0  0  0  3  1  0 ] (0.00065854)
[  0  0  0  0  0  0  4  0  0 ] (0.00073727)
[  0  0  0  0  0  1  0  0  0 ] (0.00015303)
[  0  0  0  0  0  1  0  0  1 ] (0.00002714)
[  0  0  0  0  0  1  0  0  2 ] (0.00296972)
[  0  0  0  0  0  1  0  0  3 ] (0.00092104)
[  0  0  0  0  0  1  0  1  0 ] (0.00000552)
[  0  0  0  0  0  1  0  1  1 ] (0.00177607)
[  0  0  0  0  0  1  0  1  2 ] (0.00021835)
[  0  0  0  0  0  1  0  2  0 ] (0.00003204)
[  0  0  0  0  0  1  0  2  1 ] (0.00021075)
[  0  0  0  0  0  1  0  3  0 ] (0.00097668)
[  0  0  0  0  0  1  1  0  0 ] (0.00039029)
[  0  0  0  0  0  1  1  0  1 ] (0.00071608)
[  0  0  0  0  0  1  1  0  2 ] (0.00009151)
[  0  0  0  0  0  1  1  1  0 ] (0.00073642)
[  0  0  0  0  0  1  1  1  1 ] (0.00006821)
[  0  0  0  0  0  1  1  2  0 ] (0.00138510)
[  0  0  0  0  0  1  2  0  0 ] (0.00090454)
[  0  0  0  0  0  1  2  0  1 ] (0.00798605)
[  0  0  0  0  0  1  2  1  0 ] (0.01940405)
[  0  0  0  0  0  1  3  0  0 ] (0.00195392)
[  0  0  0  0  0  2  0  0  0 ] (0.00008472)
[  0  0  0  0  0  2  0  0  1 ] (0.00137311)
[  0  0  0  0  0  2  0  0  2 ] (0.02160430)
[  0  0  0  0  0  2  0  1  0 ] (0.00089160)
[  0  0  0  0  0  2  0  1  1 ] (0.01317286)
[  0  0  0  0  0  2  0  2  0 ] (0.00058309)
[  0  0  0  0  0  2  1  0  0 ] (0.00064538)
[  0  0  0  0  0  2  1  0  1 ] (0.00072279)
[  0  0  0  0  0  2  1  1  0 ] (0.00542722)
[  0  0  0  0  0  2  2  0  0 ] (0.00734846)
[  0  0  0  0  0  3  0  0  0 ] (0.00008943)
[  0  0  0  0  0  3  0  0  1 ] (0.00822500)
[  0  0  0  0  0  3  0  1  0 ] (0.00001266)
[  0  0  0  0  0  3  1  0  0 ] (0.00002257)
[  0  0  0  0  0  4  0  0  0 ] (0.00173015)
[  0  0  0  0  1  0  0  0  0 ] (0.00001362)
[  0  0  0  0  1  0  0  0  1 ] (0.00050691)
[  0  0  0  0  1  0  0  0  2 ] (0.00072499)
[  0  0  0  0  1  0  0  0  3 ] (0.00078265)
[  0  0  0  0  1  0  0  1  0 ] (0.00002445)
[  0  0  0  0  1  0  0  1  1 ] (0.00336303)
[  0  0  0  0  1  0  0  1  2 ] (0.00000901)
[  0  0  0  0  1  0  0  2  0 ] (0.00005724)
[  0  0  0  0  1  0  0  2  1 ] (0.00000223)
[  0  0  0  0  1  0  0  3  0 ] (0.00030565)
[  0  0  0  0  1  0  1  0  0 ] (0.00014503)
[  0  0  0  0  1  0  1  0  1 ] (0.00402811)
[  0  0  0  0  1  0  1  0  2 ] (0.00097725)
[  0  0  0  0  1  0  1  1  0 ] (0.00004278)
[  0  0  0  0  1  0  1  1  1 ] (0.00038436)
[  0  0  0  0  1  0  1  2  0 ] (0.00023209)
[  0  0  0  0  1  0  2  0  0 ] (0.00266987)
[  0  0  0  0  1  0  2  0  1 ] (0.00013369)
[  0  0  0  0  1  0  2  1  0 ] (0.01508594)
[  0  0  0  0  1  0  3  0  0 ] (0.00117114)
[  0  0  0  0  1  1  0  0  0 ] (0.00001557)
[  0  0  0  0  1  1  0  0  1 ] (0.00160411)
[  0  0  0  0  1  1  0  0  2 ] (0.00004491)
[  0  0  0  0  1  1  0  1  0 ] (0.00201474)
[  0  0  0  0  1  1  0  1  1 ] (0.00007921)
[  0  0  0  0  1  1  0  2  0 ] (0.00405068)
[  0  0  0  0  1  1  1  0  0 ] (0.00002138)
[  0  0  0  0  1  1  1  0  1 ] (0.00000392)
[  0  0  0  0  1  1  1  1  0 ] (0.01316538)
[  0  0  0  0  1  1  2  0  0 ] (0.02641663)
[  0  0  0  0  1  2  0  0  0 ] (0.00319496)
[  0  0  0  0  1  2  0  0  1 ] (0.01323255)
[  0  0  0  0  1  2  0  1  0 ] (0.03106534)
[  0  0  0  0  1  2  1  0  0 ] (0.08704175)
[  0  0  0  0  1  3  0  0  0 ] (0.00031383)
[  0  0  0  0  2  0  0  0  0 ] (0.00006868)
[  0  0  0  0  2  0  0  0  1 ] (0.00113753)
[  0  0  0  0  2  0  0  0  2 ] (0.00027029)
[  0  0  0  0  2  0  0  1  0 ] (0.00046359)
[  0  0  0  0  2  0  0  1  1 ] (0.00059214)
[  0  0  0  0  2  0  0  2  0 ] (0.00264621)
[  0  0  0  0  2  0  1  0  0 ] (0.00038417)
[  0  0  0  0  2  0  1  0  1 ] (0.00074784)
[  0  0  0  0  2  0  1  1  0 ] (0.00002538)
[  0  0  0  0  2  0  2  0  0 ] (0.00127676)
[  0  0  0  0  2  1  0  0  0 ] (0.00346115)
[  0  0  0  0  2  1  0  0  1 ] (0.00297618)
[  0  0  0  0  2  1  0  1  0 ] (0.02784447)
[  0  0  0  0  2  1  1  0  0 ] (0.09545993)
[  0  0  0  0  2  2  0  0  0 ] (0.01877802)
[  0  0  0  0  3  0  0  0  0 ] (0.00003813)
[  0  0  0  0  3  0  0  0  1 ] (0.00000661)
[  0  0  0  0  3  0  0  1  0 ] (0.00047418)
[  0  0  0  0  3  0  1  0  0 ] (0.00046414)
[  0  0  0  0  3  1  0  0  0 ] (0.00030882)
[  0  0  0  0  4  0  0  0  0 ] (0.00078357)
[  0  0  0  1  0  0  0  0  0 ] (0.00005433)
[  0  0  0  1  0  0  0  0  1 ] (0.00005191)
[  0  0  0  1  0  0  0  0  2 ] (0.00016402)
[  0  0  0  1  0  0  0  0  3 ] (0.00018919)
[  0  0  0  1  0  0  0  1  0 ] (0.00024087)
[  0  0  0  1  0  0  0  1  1 ] (0.00027142)
[  0  0  0  1  0  0  0  1  2 ] (0.00002312)
[  0  0  0  1  0  0  0  2  0 ] (0.00001458)
[  0  0  0  1  0  0  0  2  1 ] (0.01124625)
[  0  0  0  1  0  0  0  3  0 ] (0.00140647)
[  0  0  0  1  0  0  1  0  0 ] (0.00000333)
[  0  0  0  1  0  0  1  0  1 ] (0.00040171)
[  0  0  0  1  0  0  1  0  2 ] (0.00016653)
[  0  0  0  1  0  0  1  1  0 ] (0.00023654)
[  0  0  0  1  0  0  1  1  1 ] (0.00008861)
[  0  0  0  1  0  0  1  2  0 ] (0.03680430)
[  0  0  0  1  0  0  2  0  0 ] (0.00279132)
[  0  0  0  1  0  0  2  0  1 ] (0.00036874)
[  0  0  0  1  0  0  2  1  0 ] (0.01878379)
[  0  0  0  1  0  0  3  0  0 ] (0.00012944)
[  0  0  0  1  0  1  0  0  0 ] (0.00000004)
[  0  0  0  1  0  1  0  0  1 ] (0.00068304)
[  0  0  0  1  0  1  0  0  2 ] (0.00001267)
[  0  0  0  1  0  1  0  1  0 ] (0.00010814)
[  0  0  0  1  0  1  0  1  1 ] (0.00001704)
[  0  0  0  1  0  1  0  2  0 ] (0.00298510)
[  0  0  0  1  0  1  1  0  0 ] (0.00001681)
[  0  0  0  1  0  1  1  0  1 ] (0.00016880)
[  0  0  0  1  0  1  1  1  0 ] (0.00393531)
[  0  0  0  1  0  1  2  0  0 ] (0.02690591)
[  0  0  0  1  0  2  0  0  0 ] (0.00252166)
[  0  0  0  1  0  2  0  0  1 ] (0.00008608)
[  0  0  0  1  0  2  0  1  0 ] (0.02584975)
[  0  0  0  1  0  2  1  0  0 ] (0.00019193)
[  0  0  0  1  0  3  0  0  0 ] (0.00031816)
[  0  0  0  1  1  0  0  0  0 ] (0.00018529)
[  0  0  0  1  1  0  0  0  1 ] (0.00150637)
[  0  0  0  1  1  0  0  0  2 ] (0.00029911)
[  0  0  0  1  1  0  0  1  0 ] (0.00014068)
[  0  0  0  1  1  0  0  1  1 ] (0.00114783)
[  0  0  0  1  1  0  0  2  0 ] (0.00215903)
[  0  0  0  1  1  0  1  0  0 ] (0.00007478)
[  0  0  0  1  1  0  1  0  1 ] (0.00120046)
[  0  0  0  1  1  0  1  1  0 ] (0.00389399)
[  0  0  0  1  1  0  2  0  0 ] (0.00489427)
[  0  0  0  1  1  1  0  0  0 ] (0.00024638)
[  0  0  0  1  1  1  0  0  1 ] (0.00085832)
[  0  0  0  1  1  1  0  1  0 ] (0.01329585)
[  0  0  0  1  1  1  1  0  0 ] (0.01813877)
[  0  0  0  1  1  2  0  0  0 ] (0.01111738)
[  0  0  0  1  2  0  0  0  0 ] (0.00000082)
[  0  0  0  1  2  0  0  0  1 ] (0.00156493)
[  0  0  0  1  2  0  0  1  0 ] (0.00001572)
[  0  0  0  1  2  0  1  0  0 ] (0.01793837)
[  0  0  0  1  2  1  0  0  0 ] (0.03545502)
[  0  0  0  1  3  0  0  0  0 ] (0.00038185)
[  0  0  0  2  0  0  0  0  0 ] (0.00004344)
[  0  0  0  2  0  0  0  0  1 ] (0.00005832)
[  0  0  0  2  0  0  0  0  2 ] (0.00093331)
[  0  0  0  2  0  0  0  1  0 ] (0.00007300)
[  0  0  0  2  0  0  0  1  1 ] (0.00206886)
[  0  0  0  2  0  0  0  2  0 ] (0.00042920)
[  0  0  0  2  0  0  1  0  0 ] (0.00020186)
[  0  0  0  2  0  0  1  0  1 ] (0.00037979)
[  0  0  0  2  0  0  1  1  0 ] (0.00001102)
[  0  0  0  2  0  0  2  0  0 ] (0.00006801)
[  0  0  0  2  0  1  0  0  0 ] (0.00189211)
[  0  0  0  2  0  1  0  0  1 ] (0.00007796)
[  0  0  0  2  0  1  0  1  0 ] (0.01171210)
[  0  0  0  2  0  1  1  0  0 ] (0.00291234)
[  0  0  0  2  0  2  0  0  0 ] (0.00158494)
[  0  0  0  2  1  0  0  0  0 ] (0.00826637)
[  0  0  0  2  1  0  0  0  1 ] (0.00658089)
[  0  0  0  2  1  0  0  1  0 ] (0.07590828)
[  0  0  0  2  1  0  1  0  0 ] (0.04380407)
[  0  0  0  2  1  1  0  0  0 ] (0.01129079)
[  0  0  0  2  2  0  0  0  0 ] (0.00001645)
[  0  0  0  3  0  0  0  0  0 ] (0.00006029)
[  0  0  0  3  0  0  0  0  1 ] (0.00136188)
[  0  0  0  3  0  0  0  1  0 ] (0.00033487)
[  0  0  0  3  0  0  1  0  0 ] (0.00003825)
[  0  0  0  3  0  1  0  0  0 ] (0.00002417)
[  0  0  0  3  1  0  0  0  0 ] (0.00022800)
[  0  0  0  4  0  0  0  0  0 ] (0.00035592)
[  0  0  1  0  0  0  0  0  0 ] (0.00000002)
[  0  0  1  0  0  0  0  0  1 ] (0.00000002)
[  0  0  1  0  0  0  0  0  2 ] (0.00000001)
[  0  0  1  0  0  0  0  0  3 ] (0.00000020)
[  0  0  1  0  0  0  0  1  0 ] (0.00000000)
[  0  0  1  0  0  0  0  1  1 ] (0.00000000)
[  0  0  1  0  0  0  0  1  2 ] (0.00000361)
[  0  0  1  0  0  0  0  2  0 ] (0.00000000)
[  0  0  1  0  0  0  0  2  1 ] (0.00000001)
[  0  0  1  0  0  0  0  3  0 ] (0.00000000)
[  0  0  1  0  0  0  1  0  0 ] (0.00000001)
[  0  0  1  0  0  0  1  0  1 ] (0.00000006)
[  0  0  1  0  0  0  1  0  2 ] (0.00001172)
[  0  0  1  0  0  0  1  1  0 ] (0.00000037)
[  0  0  1  0  0  0  1  1  1 ] (0.00001155)
[  0  0  1  0  0  0  1  2  0 ] (0.00000100)
[  0  0  1  0  0  0  2  0  0 ] (0.00000012)
[  0  0  1  0  0  0  2  0  1 ] (0.00000085)
[  0  0  1  0  0  0  2  1  0 ] (0.00000001)
[  0  0  1  0  0  0  3  0  0 ] (0.00000000)
[  0  0  1  0  0  1  0  0  0 ] (0.00000000)
[  0  0  1  0  0  1  0  0  1 ] (0.00000003)
[  0  0  1  0  0  1  0  0  2 ] (0.00000091)
[  0  0  1  0  0  1  0  1  0 ] (0.00000011)
[  0  0  1  0  0  1  0  1  1 ] (0.00000050)
[  0  0  1  0  0  1  0  2  0 ] (0.00000000)
[  0  0  1  0  0  1  1  0  0 ] (0.00000001)
[  0  0  1  0  0  1  1  0  1 ] (0.00000118)
[  0  0  1  0  0  1  1  1  0 ] (0.00001540)
[  0  0  1  0  0  1  2  0  0 ] (0.00000040)
[  0  0  1  0  0  2  0  0  0 ] (0.00000032)
[  0  0  1  0  0  2  0  0  1 ] (0.00000178)
[  0  0  1  0  0  2  0  1  0 ] (0.00000005)
[  0  0  1  0  0  2  1  0  0 ] (0.00000017)
[  0  0  1  0  0  3  0  0  0 ] (0.00000000)
[  0  0  1  0  1  0  0  0  0 ] (0.00000003)
[  0  0  1  0  1  0  0  0  1 ] (0.00000009)
[  0  0  1  0  1  0  0  0  2 ] (0.00000072)
[  0  0  1  0  1  0  0  1  0 ] (0.00000013)
[  0  0  1  0  1  0  0  1  1 ] (0.00000000)
[  0  0  1  0  1  0  0  2  0 ] (0.00000015)
[  0  0  1  0  1  0  1  0  0 ] (0.00000000)
[  0  0  1  0  1  0  1  0  1 ] (0.00000001)
[  0  0  1  0  1  0  1  1  0 ] (0.00000148)
[  0  0  1  0  1  0  2  0  0 ] (0.00000030)
[  0  0  1  0  1  1  0  0  0 ] (0.00000019)
[  0  0  1  0  1  1  0  0  1 ] (0.00000425)
[  0  0  1  0  1  1  0  1  0 ] (0.00000919)
[  0  0  1  0  1  1  1  0  0 ] (0.00000283)
[  0  0  1  0  1  2  0  0  0 ] (0.00000051)
[  0  0  1  0  2  0  0  0  0 ] (0.00000000)
[  0  0  1  0  2  0  0  0  1 ] (0.00000001)
[  0  0  1  0  2  0  0  1  0 ] (0.00000013)
[  0  0  1  0  2  0  1  0  0 ] (0.00000110)
[  0  0  1  0  2  1  0  0  0 ] (0.00000167)
[  0  0  1  0  3  0  0  0  0 ] (0.00000000)
[  0  0  1  1  0  0  0  0  0 ] (0.00000008)
[  0  0  1  1  0  0  0  0  1 ] (0.00000005)
[  0  0  1  1  0  0  0  0  2 ] (0.00000021)
[  0  0  1  1  0  0  0  1  0 ] (0.00000013)
[  0  0  1  1  0  0  0  1  1 ] (0.00000026)
[  0  0  1  1  0  0  0  2  0 ] (0.00000042)
[  0  0  1  1  0  0  1  0  0 ] (0.00000008)
[  0  0  1  1  0  0  1  0  1 ] (0.00000229)
[  0  0  1  1  0  0  1  1  0 ] (0.00001143)
[  0  0  1  1  0  0  2  0  0 ] (0.00000012)
[  0  0  1  1  0  1  0  0  0 ] (0.00000001)
[  0  0  1  1  0  1  0  0  1 ] (0.00000155)
[  0  0  1  1  0  1  0  1  0 ] (0.00000148)
[  0  0  1  1  0  1  1  0  0 ] (0.00000011)
[  0  0  1  1  0  2  0  0  0 ] (0.00000003)
[  0  0  1  1  1  0  0  0  0 ] (0.00000030)
[  0  0  1  1  1  0  0  0  1 ] (0.00000564)
[  0  0  1  1  1  0  0  1  0 ] (0.00000047)
[  0  0  1  1  1  0  1  0  0 ] (0.00000008)
[  0  0  1  1  1  1  0  0  0 ] (0.00000020)
[  0  0  1  1  2  0  0  0  0 ] (0.00000056)
[  0  0  1  2  0  0  0  0  0 ] (0.00000014)
[  0  0  1  2  0  0  0  0  1 ] (0.00000063)
[  0  0  1  2  0  0  0  1  0 ] (0.00000053)
[  0  0  1  2  0  0  1  0  0 ] (0.00000335)
[  0  0  1  2  0  1  0  0  0 ] (0.00000020)
[  0  0  1  2  1  0  0  0  0 ] (0.00000066)
[  0  0  1  3  0  0  0  0  0 ] (0.00000007)
[  0  0  2  0  0  0  0  0  0 ] (0.00000211)
[  0  0  2  0  0  0  0  0  1 ] (0.00000468)
[  0  0  2  0  0  0  0  0  2 ] (0.00004782)
[  0  0  2  0  0  0  0  1  0 ] (0.00151872)
[  0  0  2  0  0  0  0  1  1 ] (0.00882964)
[  0  0  2  0  0  0  0  2  0 ] (0.00002428)
[  0  0  2  0  0  0  1  0  0 ] (0.00000064)
[  0  0  2  0  0  0  1  0  1 ] (0.00024924)
[  0  0  2  0  0  0  1  1  0 ] (0.00056884)
[  0  0  2  0  0  0  2  0  0 ] (0.00000007)
[  0  0  2  0  0  1  0  0  0 ] (0.00027259)
[  0  0  2  0  0  1  0  0  1 ] (0.00365214)
[  0  0  2  0  0  1  0  1  0 ] (0.00008394)
[  0  0  2  0  0  1  1  0  0 ] (0.00014281)
[  0  0  2  0  0  2  0  0  0 ] (0.00048393)
[  0  0  2  0  1  0  0  0  0 ] (0.00005237)
[  0  0  2  0  1  0  0  0  1 ] (0.00096228)
[  0  0  2  0  1  0  0  1  0 ] (0.00060941)
[  0  0  2  0  1  0  1  0  0 ] (0.00000006)
[  0  0  2  0  1  1  0  0  0 ] (0.00011180)
[  0  0  2  0  2  0  0  0  0 ] (0.00002197)
[  0  0  2  1  0  0  0  0  0 ] (0.00000123)
[  0  0  2  1  0  0  0  0  1 ] (0.00015120)
[  0  0  2  1  0  0  0  1  0 ] (0.00007556)
[  0  0  2  1  0  0  1  0  0 ] (0.00014280)
[  0  0  2  1  0  1  0  0  0 ] (0.00017887)
[  0  0  2  1  1  0  0  0  0 ] (0.00000158)
[  0  0  2  2  0  0  0  0  0 ] (0.00016786)
[  0  0  3  0  0  0  0  0  0 ] (0.00000215)
[  0  0  3  0  0  0  0  0  1 ] (0.00000260)
[  0  0  3  0  0  0  0  1  0 ] (0.00000032)
[  0  0  3  0  0  0  1  0  0 ] (0.00000003)
[  0  0  3  0  0  1  0  0  0 ] (0.00000928)
[  0  0  3  0  1  0  0  0  0 ] (0.00000412)
[  0  0  3  1  0  0  0  0  0 ] (0.00000049)
[  0  0  4  0  0  0  0  0  0 ] (0.00000001)
[  0  1  0  0  0  0  0  0  0 ] (0.00000000)
[  0  1  0  0  0  0  0  0  1 ] (0.00000000)
[  0  1  0  0  0  0  0  0  2 ] (0.00000002)
[  0  1  0  0  0  0  0  0  3 ] (0.00000038)
[  0  1  0  0  0  0  0  1  0 ] (0.00000000)
[  0  1  0  0  0  0  0  1  1 ] (0.00000032)
[  0  1  0  0  0  0  0  1  2 ] (0.00001116)
[  0  1  0  0  0  0  0  2  0 ] (0.00000000)
[  0  1  0  0  0  0  0  2  1 ] (0.00000002)
[  0  1  0  0  0  0  0  3  0 ] (0.00000007)
[  0  1  0  0  0  0  1  0  0 ] (0.00000012)
[  0  1  0  0  0  0  1  0  1 ] (0.00000145)
[  0  1  0  0  0  0  1  0  2 ] (0.00000671)
[  0  1  0  0  0  0  1  1  0 ] (0.00000029)
[  0  1  0  0  0  0  1  1  1 ] (0.00000496)
[  0  1  0  0  0  0  1  2  0 ] (0.00000007)
[  0  1  0  0  0  0  2  0  0 ] (0.00000000)
[  0  1  0  0  0  0  2  0  1 ] (0.00000001)
[  0  1  0  0  0  0  2  1  0 ] (0.00000004)
[  0  1  0  0  0  0  3  0  0 ] (0.00000000)
[  0  1  0  0  0  1  0  0  0 ] (0.00000001)
[  0  1  0  0  0  1  0  0  1 ] (0.00000006)
[  0  1  0  0  0  1  0  0  2 ] (0.00000108)
[  0  1  0  0  0  1  0  1  0 ] (0.00000029)
[  0  1  0  0  0  1  0  1  1 ] (0.00000817)
[  0  1  0  0  0  1  0  2  0 ] (0.00000010)
[  0  1  0  0  0  1  1  0  0 ] (0.00000005)
[  0  1  0  0  0  1  1  0  1 ] (0.00000161)
[  0  1  0  0  0  1  1  1  0 ] (0.00000026)
[  0  1  0  0  0  1  2  0  0 ] (0.00000022)
[  0  1  0  0  0  2  0  0  0 ] (0.00000051)
[  0  1  0  0  0  2  0  0  1 ] (0.00000287)
[  0  1  0  0  0  2  0  1  0 ] (0.00000009)
[  0  1  0  0  0  2  1  0  0 ] (0.00000051)
[  0  1  0  0  0  3  0  0  0 ] (0.00000002)
[  0  1  0  0  1  0  0  0  0 ] (0.00000004)
[  0  1  0  0  1  0  0  0  1 ] (0.00000056)
[  0  1  0  0  1  0  0  0  2 ] (0.00000297)
[  0  1  0  0  1  0  0  1  0 ] (0.00000021)
[  0  1  0  0  1  0  0  1  1 ] (0.00000725)
[  0  1  0  0  1  0  0  2  0 ] (0.00000001)
[  0  1  0  0  1  0  1  0  0 ] (0.00000003)
[  0  1  0  0  1  0  1  0  1 ] (0.00000000)
[  0  1  0  0  1  0  1  1  0 ] (0.00000155)
[  0  1  0  0  1  0  2  0  0 ] (0.00000005)
[  0  1  0  0  1  1  0  0  0 ] (0.00000001)
[  0  1  0  0  1  1  0  0  1 ] (0.00000164)
[  0  1  0  0  1  1  0  1  0 ] (0.00000000)
[  0  1  0  0  1  1  1  0  0 ] (0.00000086)
[  0  1  0  0  1  2  0  0  0 ] (0.00000004)
[  0  1  0  0  2  0  0  0  0 ] (0.00000014)
[  0  1  0  0  2  0  0  0  1 ] (0.00000100)
[  0  1  0  0  2  0  0  1  0 ] (0.00000015)
[  0  1  0  0  2  0  1  0  0 ] (0.00000086)
[  0  1  0  0  2  1  0  0  0 ] (0.00000033)
[  0  1  0  0  3  0  0  0  0 ] (0.00000002)
[  0  1  0  1  0  0  0  0  0 ] (0.00000001)
[  0  1  0  1  0  0  0  0  1 ] (0.00000061)
[  0  1  0  1  0  0  0  0  2 ] (0.00000207)
[  0  1  0  1  0  0  0  1  0 ] (0.00000062)
[  0  1  0  1  0  0  0  1  1 ] (0.00000033)
[  0  1  0  1  0  0  0  2  0 ] (0.00000007)
[  0  1  0  1  0  0  1  0  0 ] (0.00000037)
[  0  1  0  1  0  0  1  0  1 ] (0.00001077)
[  0  1  0  1  0  0  1  1  0 ] (0.00000011)
[  0  1  0  1  0  0  2  0  0 ] (0.00000001)
[  0  1  0  1  0  1  0  0  0 ] (0.00000005)
[  0  1  0  1  0  1  0  0  1 ] (0.00000094)
[  0  1  0  1  0  1  0  1  0 ] (0.00000008)
[  0  1  0  1  0  1  1  0  0 ] (0.00000244)
[  0  1  0  1  0  2  0  0  0 ] (0.00000003)
[  0  1  0  1  1  0  0  0  0 ] (0.00000003)
[  0  1  0  1  1  0  0  0  1 ] (0.00000089)
[  0  1  0  1  1  0  0  1  0 ] (0.00000111)
[  0  1  0  1  1  0  1  0  0 ] (0.00000016)
[  0  1  0  1  1  1  0  0  0 ] (0.00000089)
[  0  1  0  1  2  0  0  0  0 ] (0.00000018)
[  0  1  0  2  0  0  0  0  0 ] (0.00000000)
[  0  1  0  2  0  0  0  0  1 ] (0.00000002)
[  0  1  0  2  0  0  0  1  0 ] (0.00000013)
[  0  1  0  2  0  0  1  0  0 ] (0.00000000)
[  0  1  0  2  0  1  0  0  0 ] (0.00000000)
[  0  1  0  2  1  0  0  0  0 ] (0.00000001)
[  0  1  0  3  0  0  0  0  0 ] (0.00000001)
[  0  1  1  0  0  0  0  0  0 ] (0.00000244)
[  0  1  1  0  0  0  0  0  1 ] (0.00002033)
[  0  1  1  0  0  0  0  0  2 ] (0.00008633)
[  0  1  1  0  0  0  0  1  0 ] (0.00000815)
[  0  1  1  0  0  0  0  1  1 ] (0.00010190)
[  0  1  1  0  0  0  0  2  0 ] (0.00013023)
[  0  1  1  0  0  0  1  0  0 ] (0.00019548)
[  0  1  1  0  0  0  1  0  1 ] (0.00117115)
[  0  1  1  0  0  0  1  1  0 ] (0.00054687)
[  0  1  1  0  0  0  2  0  0 ] (0.00012350)
[  0  1  1  0  0  1  0  0  0 ] (0.00004783)
[  0  1  1  0  0  1  0  0  1 ] (0.00019741)
[  0  1  1  0  0  1  0  1  0 ] (0.00003090)
[  0  1  1  0  0  1  1  0  0 ] (0.00003262)
[  0  1  1  0  0  2  0  0  0 ] (0.00029248)
[  0  1  1  0  1  0  0  0  0 ] (0.00000555)
[  0  1  1  0  1  0  0  0  1 ] (0.00000702)
[  0  1  1  0  1  0  0  1  0 ] (0.00005748)
[  0  1  1  0  1  0  1  0  0 ] (0.00002659)
[  0  1  1  0  1  1  0  0  0 ] (0.00004508)
[  0  1  1  0  2  0  0  0  0 ] (0.00024384)
[  0  1  1  1  0  0  0  0  0 ] (0.00000381)
[  0  1  1  1  0  0  0  0  1 ] (0.00010109)
[  0  1  1  1  0  0  0  1  0 ] (0.00023091)
[  0  1  1  1  0  0  1  0  0 ] (0.00001939)
[  0  1  1  1  0  1  0  0  0 ] (0.00005291)
[  0  1  1  1  1  0  0  0  0 ] (0.00006461)
[  0  1  1  2  0  0  0  0  0 ] (0.00000019)
[  0  1  2  0  0  0  0  0  0 ] (0.00000004)
[  0  1  2  0  0  0  0  0  1 ] (0.00000026)
[  0  1  2  0  0  0  0  1  0 ] (0.00000008)
[  0  1  2  0  0  0  1  0  0 ] (0.00000007)
[  0  1  2  0  0  1  0  0  0 ] (0.00000008)
[  0  1  2  0  1  0  0  0  0 ] (0.00000000)
[  0  1  2  1  0  0  0  0  0 ] (0.00000001)
[  0  1  3  0  0  0  0  0  0 ] (0.00000000)
[  0  2  0  0  0  0  0  0  0 ] (0.00001152)
[  0  2  0  0  0  0  0  0  1 ] (0.00002169)
[  0  2  0  0  0  0  0  0  2 ] (0.00001311)
[  0  2  0  0  0  0  0  1  0 ] (0.00006742)
[  0  2  0  0  0  0  0  1  1 ] (0.00010537)
[  0  2  0  0  0  0  0  2  0 ] (0.00000239)
[  0  2  0  0  0  0  1  0  0 ] (0.00001845)
[  0  2  0  0  0  0  1  0  1 ] (0.00000227)
[  0  2  0  0  0  0  1  1  0 ] (0.00001152)
[  0  2  0  0  0  0  2  0  0 ] (0.00000560)
[  0  2  0  0  0  1  0  0  0 ] (0.00017153)
[  0  2  0  0  0  1  0  0  1 ] (0.00138118)
[  0  2  0  0  0  1  0  1  0 ] (0.00012176)
[  0  2  0  0  0  1  1  0  0 ] (0.00000665)
[  0  2  0  0  0  2  0  0  0 ] (0.00000887)
[  0  2  0  0  1  0  0  0  0 ] (0.00014846)
[  0  2  0  0  1  0  0  0  1 ] (0.00108302)
[  0  2  0  0  1  0  0  1  0 ] (0.00000828)
[  0  2  0  0  1  0  1  0  0 ] (0.00006187)
[  0  2  0  0  1  1  0  0  0 ] (0.00035708)
[  0  2  0  0  2  0  0  0  0 ] (0.00014799)
[  0  2  0  1  0  0  0  0  0 ] (0.00000005)
[  0  2  0  1  0  0  0  0  1 ] (0.00005715)
[  0  2  0  1  0  0  0  1  0 ] (0.00000244)
[  0  2  0  1  0  0  1  0  0 ] (0.00006763)
[  0  2  0  1  0  1  0  0  0 ] (0.00002240)
[  0  2  0  1  1  0  0  0  0 ] (0.00001892)
[  0  2  0  2  0  0  0  0  0 ] (0.00006124)
[  0  2  1  0  0  0  0  0  0 ] (0.00000012)
[  0  2  1  0  0  0  0  0  1 ] (0.00000024)
[  0  2  1  0  0  0  0  1  0 ] (0.00000002)
[  0  2  1  0  0  0  1  0  0 ] (0.00000004)
[  0  2  1  0  0  1  0  0  0 ] (0.00000001)
[  0  2  1  0  1  0  0  0  0 ] (0.00000005)
[  0  2  1  1  0  0  0  0  0 ] (0.00000000)
[  0  2  2  0  0  0  0  0  0 ] (0.00000567)
[  0  3  0  0  0  0  0  0  0 ] (0.00000484)
[  0  3  0  0  0  0  0  0  1 ] (0.00001825)
[  0  3  0  0  0  0  0  1  0 ] (0.00000111)
[  0  3  0  0  0  0  1  0  0 ] (0.00000108)
[  0  3  0  0  0  1  0  0  0 ] (0.00000694)
[  0  3  0  0  1  0  0  0  0 ] (0.00000301)
[  0  3  0  1  0  0  0  0  0 ] (0.00000113)
[  0  3  1  0  0  0  0  0  0 ] (0.00000000)
[  0  4  0  0  0  0  0  0  0 ] (0.00000001)
[  1  0  0  0  0  0  0  0  0 ] (0.00000001)
[  1  0  0  0  0  0  0  0  1 ] (0.00000003)
[  1  0  0  0  0  0  0  0  2 ] (0.00000011)
[  1  0  0  0  0  0  0  0  3 ] (0.00000008)
[  1  0  0  0  0  0  0  1  0 ] (0.00000000)
[  1  0  0  0  0  0  0  1  1 ] (0.00000009)
[  1  0  0  0  0  0  0  1  2 ] (0.00000044)
[  1  0  0  0  0  0  0  2  0 ] (0.00000001)
[  1  0  0  0  0  0  0  2  1 ] (0.00000002)
[  1  0  0  0  0  0  0  3  0 ] (0.00000000)
[  1  0  0  0  0  0  1  0  0 ] (0.00000008)
[  1  0  0  0  0  0  1  0  1 ] (0.00000024)
[  1  0  0  0  0  0  1  0  2 ] (0.00000364)
[  1  0  0  0  0  0  1  1  0 ] (0.00000034)
[  1  0  0  0  0  0  1  1  1 ] (0.00001120)
[  1  0  0  0  0  0  1  2  0 ] (0.00000022)
[  1  0  0  0  0  0  2  0  0 ] (0.00000003)
[  1  0  0  0  0  0  2  0  1 ] (0.00000014)
[  1  0  0  0  0  0  2  1  0 ] (0.00000009)
[  1  0  0  0  0  0  3  0  0 ] (0.00000001)
[  1  0  0  0  0  1  0  0  0 ] (0.00000001)
[  1  0  0  0  0  1  0  0  1 ] (0.00000000)
[  1  0  0  0  0  1  0  0  2 ] (0.00000003)
[  1  0  0  0  0  1  0  1  0 ] (0.00000000)
[  1  0  0  0  0  1  0  1  1 ] (0.00000431)
[  1  0  0  0  0  1  0  2  0 ] (0.00000004)
[  1  0  0  0  0  1  1  0  0 ] (0.00000007)
[  1  0  0  0  0  1  1  0  1 ] (0.00000000)
[  1  0  0  0  0  1  1  1  0 ] (0.00000466)
[  1  0  0  0  0  1  2  0  0 ] (0.00000000)
[  1  0  0  0  0  2  0  0  0 ] (0.00000008)
[  1  0  0  0  0  2  0  0  1 ] (0.00000096)
[  1  0  0  0  0  2  0  1  0 ] (0.00000008)
[  1  0  0  0  0  2  1  0  0 ] (0.00000066)
[  1  0  0  0  0  3  0  0  0 ] (0.00000001)
[  1  0  0  0  1  0  0  0  0 ] (0.00000001)
[  1  0  0  0  1  0  0  0  1 ] (0.00000003)
[  1  0  0  0  1  0  0  0  2 ] (0.00000715)
[  1  0  0  0  1  0  0  1  0 ] (0.00000012)
[  1  0  0  0  1  0  0  1  1 ] (0.00000005)
[  1  0  0  0  1  0  0  2  0 ] (0.00000008)
[  1  0  0  0  1  0  1  0  0 ] (0.00000019)
[  1  0  0  0  1  0  1  0  1 ] (0.00000429)
[  1  0  0  0  1  0  1  1  0 ] (0.00000001)
[  1  0  0  0  1  0  2  0  0 ] (0.00000009)
[  1  0  0  0  1  1  0  0  0 ] (0.00000002)
[  1  0  0  0  1  1  0  0  1 ] (0.00000005)
[  1  0  0  0  1  1  0  1  0 ] (0.00000274)
[  1  0  0  0  1  1  1  0  0 ] (0.00000003)
[  1  0  0  0  1  2  0  0  0 ] (0.00000007)
[  1  0  0  0  2  0  0  0  0 ] (0.00000002)
[  1  0  0  0  2  0  0  0  1 ] (0.00000084)
[  1  0  0  0  2  0  0  1  0 ] (0.00000001)
[  1  0  0  0  2  0  1  0  0 ] (0.00000020)
[  1  0  0  0  2  1  0  0  0 ] (0.00000003)
[  1  0  0  0  3  0  0  0  0 ] (0.00000001)
[  1  0  0  1  0  0  0  0  0 ] (0.00000000)
[  1  0  0  1  0  0  0  0  1 ] (0.00000022)
[  1  0  0  1  0  0  0  0  2 ] (0.00000040)
[  1  0  0  1  0  0  0  1  0 ] (0.00000066)
[  1  0  0  1  0  0  0  1  1 ] (0.00002208)
[  1  0  0  1  0  0  0  2  0 ] (0.00000001)
[  1  0  0  1  0  0  1  0  0 ] (0.00000039)
[  1  0  0  1  0  0  1  0  1 ] (0.00000355)
[  1  0  0  1  0  0  1  1  0 ] (0.00000399)
[  1  0  0  1  0  0  2  0  0 ] (0.00000049)
[  1  0  0  1  0  1  0  0  0 ] (0.00000000)
[  1  0  0  1  0  1  0  0  1 ] (0.00000031)
[  1  0  0  1  0  1  0  1  0 ] (0.00000046)
[  1  0  0  1  0  1  1  0  0 ] (0.00000294)
[  1  0  0  1  0  2  0  0  0 ] (0.00000000)
[  1  0  0  1  1  0  0  0  0 ] (0.00000044)
[  1  0  0  1  1  0  0  0  1 ] (0.00000127)
[  1  0  0  1  1  0  0  1  0 ] (0.00000049)
[  1  0  0  1  1  0  1  0  0 ] (0.00000049)
[  1  0  0  1  1  1  0  0  0 ] (0.00000019)
[  1  0  0  1  2  0  0  0  0 ] (0.00000101)
[  1  0  0  2  0  0  0  0  0 ] (0.00000000)
[  1  0  0  2  0  0  0  0  1 ] (0.00000149)
[  1  0  0  2  0  0  0  1  0 ] (0.00000005)
[  1  0  0  2  0  0  1  0  0 ] (0.00000017)
[  1  0  0  2  0  1  0  0  0 ] (0.00000003)
[  1  0  0  2  1  0  0  0  0 ] (0.00000047)
[  1  0  0  3  0  0  0  0  0 ] (0.00000003)
[  1  0  1  0  0  0  0  0  0 ] (0.00000003)
[  1  0  1  0  0  0  0  0  1 ] (0.00001308)
[  1  0  1  0  0  0  0  0  2 ] (0.00008385)
[  1  0  1  0  0  0  0  1  0 ] (0.00092850)
[  1  0  1  0  0  0  0  1  1 ] (0.00556685)
[  1  0  1  0  0  0  0  2  0 ] (0.00003103)
[  1  0  1  0  0  0  1  0  0 ] (0.00024177)
[  1  0  1  0  0  0  1  0  1 ] (0.00091401)
[  1  0  1  0  0  0  1  1  0 ] (0.00124848)
[  1  0  1  0  0  0  2  0  0 ] (0.00013327)
[  1  0  1  0  0  1  0  0  0 ] (0.00051108)
[  1  0  1  0  0  1  0  0  1 ] (0.00371833)
[  1  0  1  0  0  1  0  1  0 ] (0.00015924)
[  1  0  1  0  0  1  1  0  0 ] (0.00023526)
[  1  0  1  0  0  2  0  0  0 ] (0.00125635)
[  1  0  1  0  1  0  0  0  0 ] (0.00010208)
[  1  0  1  0  1  0  0  0  1 ] (0.00155665)
[  1  0  1  0  1  0  0  1  0 ] (0.00008682)
[  1  0  1  0  1  0  1  0  0 ] (0.00004569)
[  1  0  1  0  1  1  0  0  0 ] (0.00001057)
[  1  0  1  0  2  0  0  0  0 ] (0.00031356)
[  1  0  1  1  0  0  0  0  0 ] (0.00001504)
[  1  0  1  1  0  0  0  0  1 ] (0.00008584)
[  1  0  1  1  0  0  0  1  0 ] (0.00045253)
[  1  0  1  1  0  0  1  0  0 ] (0.00005839)
[  1  0  1  1  0  1  0  0  0 ] (0.00039456)
[  1  0  1  1  1  0  0  0  0 ] (0.00015545)
[  1  0  1  2  0  0  0  0  0 ] (0.00018536)
[  1  0  2  0  0  0  0  0  0 ] (0.00000005)
[  1  0  2  0  0  0  0  0  1 ] (0.00000017)
[  1  0  2  0  0  0  0  1  0 ] (0.00000017)
[  1  0  2  0  0  0  1  0  0 ] (0.00000000)
[  1  0  2  0  0  1  0  0  0 ] (0.00000022)
[  1  0  2  0  1  0  0  0  0 ] (0.00000000)
[  1  0  2  1  0  0  0  0  0 ] (0.00000032)
[  1  0  3  0  0  0  0  0  0 ] (0.00000000)
[  1  1  0  0  0  0  0  0  0 ] (0.00000947)
[  1  1  0  0  0  0  0  0  1 ] (0.00000934)
[  1  1  0  0  0  0  0  0  2 ] (0.00000000)
[  1  1  0  0  0  0  0  1  0 ] (0.00007155)
[  1  1  0  0  0  0  0  1  1 ] (0.00040543)
[  1  1  0  0  0  0  0  2  0 ] (0.00000140)
[  1  1  0  0  0  0  1  0  0 ] (0.00018857)
[  1  1  0  0  0  0  1  0  1 ] (0.00045887)
[  1  1  0  0  0  0  1  1  0 ] (0.00008472)
[  1  1  0  0  0  0  2  0  0 ] (0.00001115)
[  1  1  0  0  0  1  0  0  0 ] (0.00052700)
[  1  1  0  0  0  1  0  0  1 ] (0.00323932)
[  1  1  0  0  0  1  0  1  0 ] (0.00028959)
[  1  1  0  0  0  1  1  0  0 ] (0.00000093)
[  1  1  0  0  0  2  0  0  0 ] (0.00005918)
[  1  1  0  0  1  0  0  0  0 ] (0.00022538)
[  1  1  0  0  1  0  0  0  1 ] (0.00110577)
[  1  1  0  0  1  0  0  1  0 ] (0.00000456)
[  1  1  0  0  1  0  1  0  0 ] (0.00018316)
[  1  1  0  0  1  1  0  0  0 ] (0.00016182)
[  1  1  0  0  2  0  0  0  0 ] (0.00001678)
[  1  1  0  1  0  0  0  0  0 ] (0.00000728)
[  1  1  0  1  0  0  0  0  1 ] (0.00001558)
[  1  1  0  1  0  0  0  1  0 ] (0.00004016)
[  1  1  0  1  0  0  1  0  0 ] (0.00002301)
[  1  1  0  1  0  1  0  0  0 ] (0.00012220)
[  1  1  0  1  1  0  0  0  0 ] (0.00000264)
[  1  1  0  2  0  0  0  0  0 ] (0.00003801)
[  1  1  1  0  0  0  0  0  0 ] (0.00000030)
[  1  1  1  0  0  0  0  0  1 ] (0.00000126)
[  1  1  1  0  0  0  0  1  0 ] (0.00000000)
[  1  1  1  0  0  0  1  0  0 ] (0.00000005)
[  1  1  1  0  0  1  0  0  0 ] (0.00000001)
[  1  1  1  0  1  0  0  0  0 ] (0.00000005)
[  1  1  1  1  0  0  0  0  0 ] (0.00000011)
[  1  1  2  0  0  0  0  0  0 ] (0.00000084)
[  1  2  0  0  0  0  0  0  0 ] (0.00000000)
[  1  2  0  0  0  0  0  0  1 ] (0.00000001)
[  1  2  0  0  0  0  0  1  0 ] (0.00000001)
[  1  2  0  0  0  0  1  0  0 ] (0.00000017)
[  1  2  0  0  0  1  0  0  0 ] (0.00000001)
[  1  2  0  0  1  0  0  0  0 ] (0.00000002)
[  1  2  0  1  0  0  0  0  0 ] (0.00000004)
[  1  2  1  0  0  0  0  0  0 ] (0.00000755)
[  1  3  0  0  0  0  0  0  0 ] (0.00000000)
[  2  0  0  0  0  0  0  0  0 ] (0.00001817)
[  2  0  0  0  0  0  0  0  1 ] (0.00003500)
[  2  0  0  0  0  0  0  0  2 ] (0.00000578)
[  2  0  0  0  0  0  0  1  0 ] (0.00021062)
[  2  0  0  0  0  0  0  1  1 ] (0.00050307)
[  2  0  0  0  0  0  0  2  0 ] (0.00004339)
[  2  0  0  0  0  0  1  0  0 ] (0.00036480)
[  2  0  0  0  0  0  1  0  1 ] (0.00103720)
[  2  0  0  0  0  0  1  1  0 ] (0.00024624)
[  2  0  0  0  0  0  2  0  0 ] (0.00003878)
[  2  0  0  0  0  1  0  0  0 ] (0.00052700)
[  2  0  0  0  0  1  0  0  1 ] (0.00388363)
[  2  0  0  0  0  1  0  1  0 ] (0.00041501)
[  2  0  0  0  0  1  1  0  0 ] (0.00000060)
[  2  0  0  0  0  2  0  0  0 ] (0.00029214)
[  2  0  0  0  1  0  0  0  0 ] (0.00031665)
[  2  0  0  0  1  0  0  0  1 ] (0.00254180)
[  2  0  0  0  1  0  0  1  0 ] (0.00003598)
[  2  0  0  0  1  0  1  0  0 ] (0.00046592)
[  2  0  0  0  1  1  0  0  0 ] (0.00044836)
[  2  0  0  0  2  0  0  0  0 ] (0.00006040)
[  2  0  0  1  0  0  0  0  0 ] (0.00002920)
[  2  0  0  1  0  0  0  0  1 ] (0.00009844)
[  2  0  0  1  0  0  0  1  0 ] (0.00002593)
[  2  0  0  1  0  0  1  0  0 ] (0.00001132)
[  2  0  0  1  0  1  0  0  0 ] (0.00032864)
[  2  0  0  1  1  0  0  0  0 ] (0.00010653)
[  2  0  0  2  0  0  0  0  0 ] (0.00008686)
[  2  0  1  0  0  0  0  0  0 ] (0.00000013)
[  2  0  1  0  0  0  0  0  1 ] (0.00000040)
[  2  0  1  0  0  0  0  1  0 ] (0.00000001)
[  2  0  1  0  0  0  1  0  0 ] (0.00000001)
[  2  0  1  0  0  1  0  0  0 ] (0.00000010)
[  2  0  1  0  1  0  0  0  0 ] (0.00000002)
[  2  0  1  1  0  0  0  0  0 ] (0.00000036)
[  2  0  2  0  0  0  0  0  0 ] (0.00000039)
[  2  1  0  0  0  0  0  0  0 ] (0.00000005)
[  2  1  0  0  0  0  0  0  1 ] (0.00000011)
[  2  1  0  0  0  0  0  1  0 ] (0.00000001)
[  2  1  0  0  0  0  1  0  0 ] (0.00000019)
[  2  1  0  0  0  1  0  0  0 ] (0.00000001)
[  2  1  0  0  1  0  0  0  0 ] (0.00000000)
[  2  1  0  1  0  0  0  0  0 ] (0.00000012)
[  2  1  1  0  0  0  0  0  0 ] (0.00001386)
[  2  2  0  0  0  0  0  0  0 ] (0.00000326)
[  3  0  0  0  0  0  0  0  0 ] (0.00000392)
[  3  0  0  0  0  0  0  0  1 ] (0.00002139)
[  3  0  0  0  0  0  0  1  0 ] (0.00000512)
[  3  0  0  0  0  0  1  0  0 ] (0.00000151)
[  3  0  0  0  0  1  0  0  0 ] (0.00000024)
[  3  0  0  0  1  0  0  0  0 ] (0.00000195)
[  3  0  0  1  0  0  0  0  0 ] (0.00000068)
[  3  0  1  0  0  0  0  0  0 ] (0.00000000)
[  3  1  0  0  0  0  0  0  0 ] (0.00000000)
[  4  0  0  0  0  0  0  0  0 ] (0.00000003)
