|  -927.404818063621 |   191.504326834804 

[  0  0  0  0  0  0  0  0  0 ] (0.00000000)
[  0  0  0  0  0  0  0  0  1 ] (0.00000001)
[  0  0  0  0  0  0  0  0  2 ] (0.00000001)
[  0  0  0  0  0  0  0  0  3 ] (0.00000014)
[  0  0  0  0  0  0  0  0  4 ] (0.00000001)
[  0  0  0  0  0  0  0  1  0 ] (0.00000000)
[  0  0  0  0  0  0  0  1  1 ] (0.00000000)
[  0  0  0  0  0  0  0  1  2 ] (0.00000005)
[  0  0  0  0  0  0  0  1  3 ] (0.00000000)
[  0  0  0  0  0  0  0  2  0 ] (0.00000000)
[  0  0  0  0  0  0  0  2  1 ] (0.00000036)
[  0  0  0  0  0  0  0  2  2 ] (0.00000000)
[  0  0  0  0  0  0  0  3  0 ] (0.00000000)
[  0  0  0  0  0  0  0  3  1 ] (0.00000003)
[  0  0  0  0  0  0  0  4  0 ] (0.00000053)
[  0  0  0  0  0  0  1  0  0 ] (0.00000000)
[  0  0  0  0  0  0  1  0  1 ] (0.00000005)
[  0  0  0  0  0  0  1  0  2 ] (0.00000100)
[  0  0  0  0  0  0  1  0  3 ] (0.00000000)
[  0  0  0  0  0  0  1  1  0 ] (0.00000000)
[  0  0  0  0  0  0  1  1  1 ] (0.00000001)
[  0  0  0  0  0  0  1  1  2 ] (0.00000015)
[  0  0  0  0  0  0  1  2  0 ] (0.00000001)
[  0  0  0  0  0  0  1  2  1 ] (0.00000002)
[  0  0  0  0  0  0  1  3  0 ] (0.00000000)
[  0  0  0  0  0  0  2  0  0 ] (0.00000005)
[  0  0  0  0  0  0  2  0  1 ] (0.00000099)
[  0  0  0  0  0  0  2  0  2 ] (0.00000013)
[  0  0  0  0  0  0  2  1  0 ] (0.00000001)
[  0  0  0  0  0  0  2  1  1 ] (0.00000002)
[  0  0  0  0  0  0  2  2  0 ] (0.00000028)
[  0  0  0  0  0  0  3  0  0 ] (0.00000000)
[  0  0  0  0  0  0  3  0  1 ] (0.00000010)
[  0  0  0  0  0  0  3  1  0 ] (0.00000231)
[  0  0  0  0  0  0  4  0  0 ] (0.00000007)
[  0  0  0  0  0  1  0  0  0 ] (0.00000000)
[  0  0  0  0  0  1  0  0  1 ] (0.00000003)
[  0  0  0  0  0  1  0  0  2 ] (0.00000009)
[  0  0  0  0  0  1  0  0  3 ] (0.00000000)
[  0  0  0  0  0  1  0  1  0 ] (0.00000000)
[  0  0  0  0  0  1  0  1  1 ] (0.00000002)
[  0  0  0  0  0  1  0  1  2 ] (0.00000002)
[  0  0  0  0  0  1  0  2  0 ] (0.00000000)
[  0  0  0  0  0  1  0  2  1 ] (0.00000000)
[  0  0  0  0  0  1  0  3  0 ] (0.00000869)
[  0  0  0  0  0  1  1  0  0 ] (0.00000004)
[  0  0  0  0  0  1  1  0  1 ] (0.00000038)
[  0  0  0  0  0  1  1  0  2 ] (0.00000000)
[  0  0  0  0  0  1  1  1  0 ] (0.00000035)
[  0  0  0  0  0  1  1  1  1 ] (0.00000015)
[  0  0  0  0  0  1  1  2  0 ] (0.00000006)
[  0  0  0  0  0  1  2  0  0 ] (0.00000000)
[  0  0  0  0  0  1  2  0  1 ] (0.00000008)
[  0  0  0  0  0  1  2  1  0 ] (0.00000015)
[  0  0  0  0  0  1  3  0  0 ] (0.00000235)
[  0  0  0  0  0  2  0  0  0 ] (0.00000000)
[  0  0  0  0  0  2  0  0  1 ] (0.00000003)
[  0  0  0  0  0  2  0  0  2 ] (0.00000004)
[  0  0  0  0  0  2  0  1  0 ] (0.00000000)
[  0  0  0  0  0  2  0  1  1 ] (0.00000000)
[  0  0  0  0  0  2  0  2  0 ] (0.00000030)
[  0  0  0  0  0  2  1  0  0 ] (0.00000000)
[  0  0  0  0  0  2  1  0  1 ] (0.00000000)
[  0  0  0  0  0  2  1  1  0 ] (0.00000003)
[  0  0  0  0  0  2  2  0  0 ] (0.00000127)
[  0  0  0  0  0  3  0  0  0 ] (0.00000002)
[  0  0  0  0  0  3  0  0  1 ] (0.00000001)
[  0  0  0  0  0  3  0  1  0 ] (0.00000043)
[  0  0  0  0  0  3  1  0  0 ] (0.00000000)
[  0  0  0  0  0  4  0  0  0 ] (0.00000002)
[  0  0  0  0  1  0  0  0  0 ] (0.00000000)
[  0  0  0  0  1  0  0  0  1 ] (0.00000000)
[  0  0  0  0  1  0  0  0  2 ] (0.00000230)
[  0  0  0  0  1  0  0  0  3 ] (0.00000001)
[  0  0  0  0  1  0  0  1  0 ] (0.00000001)
[  0  0  0  0  1  0  0  1  1 ] (0.00000097)
[  0  0  0  0  1  0  0  1  2 ] (0.00000008)
[  0  0  0  0  1  0  0  2  0 ] (0.00000001)
[  0  0  0  0  1  0  0  2  1 ] (0.00000002)
[  0  0  0  0  1  0  0  3  0 ] (0.00000112)
[  0  0  0  0  1  0  1  0  0 ] (0.00000003)
[  0  0  0  0  1  0  1  0  1 ] (0.00000028)
[  0  0  0  0  1  0  1  0  2 ] (0.00000000)
[  0  0  0  0  1  0  1  1  0 ] (0.00000004)
[  0  0  0  0  1  0  1  1  1 ] (0.00000003)
[  0  0  0  0  1  0  1  2  0 ] (0.00000002)
[  0  0  0  0  1  0  2  0  0 ] (0.00000000)
[  0  0  0  0  1  0  2  0  1 ] (0.00000016)
[  0  0  0  0  1  0  2  1  0 ] (0.00000002)
[  0  0  0  0  1  0  3  0  0 ] (0.00000003)
[  0  0  0  0  1  1  0  0  0 ] (0.00000001)
[  0  0  0  0  1  1  0  0  1 ] (0.00000284)
[  0  0  0  0  1  1  0  0  2 ] (0.00000012)
[  0  0  0  0  1  1  0  1  0 ] (0.00000004)
[  0  0  0  0  1  1  0  1  1 ] (0.00000007)
[  0  0  0  0  1  1  0  2  0 ] (0.00000004)
[  0  0  0  0  1  1  1  0  0 ] (0.00000000)
[  0  0  0  0  1  1  1  0  1 ] (0.00000001)
[  0  0  0  0  1  1  1  1  0 ] (0.00000005)
[  0  0  0  0  1  1  2  0  0 ] (0.00000004)
[  0  0  0  0  1  2  0  0  0 ] (0.00000000)
[  0  0  0  0  1  2  0  0  1 ] (0.00000009)
[  0  0  0  0  1  2  0  1  0 ] (0.00000057)
[  0  0  0  0  1  2  1  0  0 ] (0.00000007)
[  0  0  0  0  1  3  0  0  0 ] (0.00000000)
[  0  0  0  0  2  0  0  0  0 ] (0.00000001)
[  0  0  0  0  2  0  0  0  1 ] (0.00000001)
[  0  0  0  0  2  0  0  0  2 ] (0.00000001)
[  0  0  0  0  2  0  0  1  0 ] (0.00000002)
[  0  0  0  0  2  0  0  1  1 ] (0.00000001)
[  0  0  0  0  2  0  0  2  0 ] (0.00000000)
[  0  0  0  0  2  0  1  0  0 ] (0.00000002)
[  0  0  0  0  2  0  1  0  1 ] (0.00000001)
[  0  0  0  0  2  0  1  1  0 ] (0.00000000)
[  0  0  0  0  2  0  2  0  0 ] (0.00000002)
[  0  0  0  0  2  1  0  0  0 ] (0.00000001)
[  0  0  0  0  2  1  0  0  1 ] (0.00000001)
[  0  0  0  0  2  1  0  1  0 ] (0.00000025)
[  0  0  0  0  2  1  1  0  0 ] (0.00000006)
[  0  0  0  0  2  2  0  0  0 ] (0.00000021)
[  0  0  0  0  3  0  0  0  0 ] (0.00000000)
[  0  0  0  0  3  0  0  0  1 ] (0.00000000)
[  0  0  0  0  3  0  0  1  0 ] (0.00000001)
[  0  0  0  0  3  0  1  0  0 ] (0.00000005)
[  0  0  0  0  3  1  0  0  0 ] (0.00000001)
[  0  0  0  0  4  0  0  0  0 ] (0.00000000)
[  0  0  0  1  0  0  0  0  0 ] (0.00000000)
[  0  0  0  1  0  0  0  0  1 ] (0.00000000)
[  0  0  0  1  0  0  0  0  2 ] (0.00000061)
[  0  0  0  1  0  0  0  0  3 ] (0.00000001)
[  0  0  0  1  0  0  0  1  0 ] (0.00000004)
[  0  0  0  1  0  0  0  1  1 ] (0.00000040)
[  0  0  0  1  0  0  0  1  2 ] (0.00000005)
[  0  0  0  1  0  0  0  2  0 ] (0.00000003)
[  0  0  0  1  0  0  0  2  1 ] (0.00000000)
[  0  0  0  1  0  0  0  3  0 ] (0.00000771)
[  0  0  0  1  0  0  1  0  0 ] (0.00000004)
[  0  0  0  1  0  0  1  0  1 ] (0.00000017)
[  0  0  0  1  0  0  1  0  2 ] (0.00000000)
[  0  0  0  1  0  0  1  1  0 ] (0.00000004)
[  0  0  0  1  0  0  1  1  1 ] (0.00000019)
[  0  0  0  1  0  0  1  2  0 ] (0.00000004)
[  0  0  0  1  0  0  2  0  0 ] (0.00000001)
[  0  0  0  1  0  0  2  0  1 ] (0.00000001)
[  0  0  0  1  0  0  2  1  0 ] (0.00000003)
[  0  0  0  1  0  0  3  0  0 ] (0.00000053)
[  0  0  0  1  0  1  0  0  0 ] (0.00000002)
[  0  0  0  1  0  1  0  0  1 ] (0.00000000)
[  0  0  0  1  0  1  0  0  2 ] (0.00000003)
[  0  0  0  1  0  1  0  1  0 ] (0.00000002)
[  0  0  0  1  0  1  0  1  1 ] (0.00000001)
[  0  0  0  1  0  1  0  2  0 ] (0.00000026)
[  0  0  0  1  0  1  1  0  0 ] (0.00000001)
[  0  0  0  1  0  1  1  0  1 ] (0.00000001)
[  0  0  0  1  0  1  1  1  0 ] (0.00000000)
[  0  0  0  1  0  1  2  0  0 ] (0.00000005)
[  0  0  0  1  0  2  0  0  0 ] (0.00000007)
[  0  0  0  1  0  2  0  0  1 ] (0.00000001)
[  0  0  0  1  0  2  0  1  0 ] (0.00000023)
[  0  0  0  1  0  2  1  0  0 ] (0.00000008)
[  0  0  0  1  0  3  0  0  0 ] (0.00000000)
[  0  0  0  1  1  0  0  0  0 ] (0.00000002)
[  0  0  0  1  1  0  0  0  1 ] (0.00000942)
[  0  0  0  1  1  0  0  0  2 ] (0.00000001)
[  0  0  0  1  1  0  0  1  0 ] (0.00000007)
[  0  0  0  1  1  0  0  1  1 ] (0.00000036)
[  0  0  0  1  1  0  0  2  0 ] (0.00000069)
[  0  0  0  1  1  0  1  0  0 ] (0.00000007)
[  0  0  0  1  1  0  1  0  1 ] (0.00000014)
[  0  0  0  1  1  0  1  1  0 ] (0.00000058)
[  0  0  0  1  1  0  2  0  0 ] (0.00000014)
[  0  0  0  1  1  1  0  0  0 ] (0.00000006)
[  0  0  0  1  1  1  0  0  1 ] (0.00000014)
[  0  0  0  1  1  1  0  1  0 ] (0.00000013)
[  0  0  0  1  1  1  1  0  0 ] (0.00000002)
[  0  0  0  1  1  2  0  0  0 ] (0.00000222)
[  0  0  0  1  2  0  0  0  0 ] (0.00000004)
[  0  0  0  1  2  0  0  0  1 ] (0.00000000)
[  0  0  0  1  2  0  0  1  0 ] (0.00000000)
[  0  0  0  1  2  0  1  0  0 ] (0.00000016)
[  0  0  0  1  2  1  0  0  0 ] (0.00000056)
[  0  0  0  1  3  0  0  0  0 ] (0.00000006)
[  0  0  0  2  0  0  0  0  0 ] (0.00000000)
[  0  0  0  2  0  0  0  0  1 ] (0.00000061)
[  0  0  0  2  0  0  0  0  2 ] (0.00000000)
[  0  0  0  2  0  0  0  1  0 ] (0.00000003)
[  0  0  0  2  0  0  0  1  1 ] (0.00000000)
[  0  0  0  2  0  0  0  2  0 ] (0.00000012)
[  0  0  0  2  0  0  1  0  0 ] (0.00000017)
[  0  0  0  2  0  0  1  0  1 ] (0.00000010)
[  0  0  0  2  0  0  1  1  0 ] (0.00000061)
[  0  0  0  2  0  0  2  0  0 ] (0.00000009)
[  0  0  0  2  0  1  0  0  0 ] (0.00000003)
[  0  0  0  2  0  1  0  0  1 ] (0.00000009)
[  0  0  0  2  0  1  0  1  0 ] (0.00000044)
[  0  0  0  2  0  1  1  0  0 ] (0.00000000)
[  0  0  0  2  0  2  0  0  0 ] (0.00000055)
[  0  0  0  2  1  0  0  0  0 ] (0.00000000)
[  0  0  0  2  1  0  0  0  1 ] (0.00000011)
[  0  0  0  2  1  0  0  1  0 ] (0.00000003)
[  0  0  0  2  1  0  1  0  0 ] (0.00000046)
[  0  0  0  2  1  1  0  0  0 ] (0.00000005)
[  0  0  0  2  2  0  0  0  0 ] (0.00000100)
[  0  0  0  3  0  0  0  0  0 ] (0.00000000)
[  0  0  0  3  0  0  0  0  1 ] (0.00000008)
[  0  0  0  3  0  0  0  1  0 ] (0.00000050)
[  0  0  0  3  0  0  1  0  0 ] (0.00000035)
[  0  0  0  3  0  1  0  0  0 ] (0.00000002)
[  0  0  0  3  1  0  0  0  0 ] (0.00000001)
[  0  0  0  4  0  0  0  0  0 ] (0.00000035)
[  0  0  1  0  0  0  0  0  0 ] (0.00006582)
[  0  0  1  0  0  0  0  0  1 ] (0.00013873)
[  0  0  1  0  0  0  0  0  2 ] (0.00000076)
[  0  0  1  0  0  0  0  0  3 ] (0.00032433)
[  0  0  1  0  0  0  0  1  0 ] (0.00014047)
[  0  0  1  0  0  0  0  1  1 ] (0.00068239)
[  0  0  1  0  0  0  0  1  2 ] (0.00025888)
[  0  0  1  0  0  0  0  2  0 ] (0.00019456)
[  0  0  1  0  0  0  0  2  1 ] (0.00234924)
[  0  0  1  0  0  0  0  3  0 ] (0.00068607)
[  0  0  1  0  0  0  1  0  0 ] (0.00001087)
[  0  0  1  0  0  0  1  0  1 ] (0.00071702)
[  0  0  1  0  0  0  1  0  2 ] (0.00002291)
[  0  0  1  0  0  0  1  1  0 ] (0.00043814)
[  0  0  1  0  0  0  1  1  1 ] (0.00085978)
[  0  0  1  0  0  0  1  2  0 ] (0.00299245)
[  0  0  1  0  0  0  2  0  0 ] (0.00000379)
[  0  0  1  0  0  0  2  0  1 ] (0.00062097)
[  0  0  1  0  0  0  2  1  0 ] (0.07813043)
[  0  0  1  0  0  0  3  0  0 ] (0.00007817)
[  0  0  1  0  0  1  0  0  0 ] (0.00062555)
[  0  0  1  0  0  1  0  0  1 ] (0.00349317)
[  0  0  1  0  0  1  0  0  2 ] (0.00259594)
[  0  0  1  0  0  1  0  1  0 ] (0.00000227)
[  0  0  1  0  0  1  0  1  1 ] (0.00000097)
[  0  0  1  0  0  1  0  2  0 ] (0.00021446)
[  0  0  1  0  0  1  1  0  0 ] (0.00019418)
[  0  0  1  0  0  1  1  0  1 ] (0.00353117)
[  0  0  1  0  0  1  1  1  0 ] (0.00557459)
[  0  0  1  0  0  1  2  0  0 ] (0.08180343)
[  0  0  1  0  0  2  0  0  0 ] (0.00000100)
[  0  0  1  0  0  2  0  0  1 ] (0.00240127)
[  0  0  1  0  0  2  0  1  0 ] (0.00113800)
[  0  0  1  0  0  2  1  0  0 ] (0.03099259)
[  0  0  1  0  0  3  0  0  0 ] (0.00000637)
[  0  0  1  0  1  0  0  0  0 ] (0.00000257)
[  0  0  1  0  1  0  0  0  1 ] (0.00007316)
[  0  0  1  0  1  0  0  0  2 ] (0.00000195)
[  0  0  1  0  1  0  0  1  0 ] (0.00046004)
[  0  0  1  0  1  0  0  1  1 ] (0.00002617)
[  0  0  1  0  1  0  0  2  0 ] (0.00000660)
[  0  0  1  0  1  0  1  0  0 ] (0.00000543)
[  0  0  1  0  1  0  1  0  1 ] (0.00000101)
[  0  0  1  0  1  0  1  1  0 ] (0.00610628)
[  0  0  1  0  1  0  2  0  0 ] (0.02547509)
[  0  0  1  0  1  1  0  0  0 ] (0.00008042)
[  0  0  1  0  1  1  0  0  1 ] (0.00020695)
[  0  0  1  0  1  1  0  1  0 ] (0.00025497)
[  0  0  1  0  1  1  1  0  0 ] (0.00144533)
[  0  0  1  0  1  2  0  0  0 ] (0.00284728)
[  0  0  1  0  2  0  0  0  0 ] (0.00009822)
[  0  0  1  0  2  0  0  0  1 ] (0.00015226)
[  0  0  1  0  2  0  0  1  0 ] (0.00000440)
[  0  0  1  0  2  0  1  0  0 ] (0.00151243)
[  0  0  1  0  2  1  0  0  0 ] (0.00333735)
[  0  0  1  0  3  0  0  0  0 ] (0.00000251)
[  0  0  1  1  0  0  0  0  0 ] (0.00024290)
[  0  0  1  1  0  0  0  0  1 ] (0.00314054)
[  0  0  1  1  0  0  0  0  2 ] (0.00028377)
[  0  0  1  1  0  0  0  1  0 ] (0.00000555)
[  0  0  1  1  0  0  0  1  1 ] (0.00061499)
[  0  0  1  1  0  0  0  2  0 ] (0.00239074)
[  0  0  1  1  0  0  1  0  0 ] (0.00047831)
[  0  0  1  1  0  0  1  0  1 ] (0.00170252)
[  0  0  1  1  0  0  1  1  0 ] (0.00423116)
[  0  0  1  1  0  0  2  0  0 ] (0.02125343)
[  0  0  1  1  0  1  0  0  0 ] (0.00001748)
[  0  0  1  1  0  1  0  0  1 ] (0.00067457)
[  0  0  1  1  0  1  0  1  0 ] (0.04613782)
[  0  0  1  1  0  1  1  0  0 ] (0.00097767)
[  0  0  1  1  0  2  0  0  0 ] (0.00011350)
[  0  0  1  1  1  0  0  0  0 ] (0.00075054)
[  0  0  1  1  1  0  0  0  1 ] (0.00120391)
[  0  0  1  1  1  0  0  1  0 ] (0.02106277)
[  0  0  1  1  1  0  1  0  0 ] (0.02351088)
[  0  0  1  1  1  1  0  0  0 ] (0.02228579)
[  0  0  1  1  2  0  0  0  0 ] (0.00125936)
[  0  0  1  2  0  0  0  0  0 ] (0.00055461)
[  0  0  1  2  0  0  0  0  1 ] (0.00050733)
[  0  0  1  2  0  0  0  1  0 ] (0.01322209)
[  0  0  1  2  0  0  1  0  0 ] (0.00741319)
[  0  0  1  2  0  1  0  0  0 ] (0.00000358)
[  0  0  1  2  1  0  0  0  0 ] (0.00000444)
[  0  0  1  3  0  0  0  0  0 ] (0.00075015)
[  0  0  2  0  0  0  0  0  0 ] (0.00000000)
[  0  0  2  0  0  0  0  0  1 ] (0.00000008)
[  0  0  2  0  0  0  0  0  2 ] (0.00000032)
[  0  0  2  0  0  0  0  1  0 ] (0.00000000)
[  0  0  2  0  0  0  0  1  1 ] (0.00000084)
[  0  0  2  0  0  0  0  2  0 ] (0.00000004)
[  0  0  2  0  0  0  1  0  0 ] (0.00000000)
[  0  0  2  0  0  0  1  0  1 ] (0.00000326)
[  0  0  2  0  0  0  1  1  0 ] (0.00000004)
[  0  0  2  0  0  0  2  0  0 ] (0.00000109)
[  0  0  2  0  0  1  0  0  0 ] (0.00000012)
[  0  0  2  0  0  1  0  0  1 ] (0.00000005)
[  0  0  2  0  0  1  0  1  0 ] (0.00000040)
[  0  0  2  0  0  1  1  0  0 ] (0.00000213)
[  0  0  2  0  0  2  0  0  0 ] (0.00000001)
[  0  0  2  0  1  0  0  0  0 ] (0.00000026)
[  0  0  2  0  1  0  0  0  1 ] (0.00000483)
[  0  0  2  0  1  0  0  1  0 ] (0.00000001)
[  0  0  2  0  1  0  1  0  0 ] (0.00000021)
[  0  0  2  0  1  1  0  0  0 ] (0.00000141)
[  0  0  2  0  2  0  0  0  0 ] (0.00000003)
[  0  0  2  1  0  0  0  0  0 ] (0.00000003)
[  0  0  2  1  0  0  0  0  1 ] (0.00000009)
[  0  0  2  1  0  0  0  1  0 ] (0.00000009)
[  0  0  2  1  0  0  1  0  0 ] (0.00000069)
[  0  0  2  1  0  1  0  0  0 ] (0.00000018)
[  0  0  2  1  1  0  0  0  0 ] (0.00000009)
[  0  0  2  2  0  0  0  0  0 ] (0.00000000)
[  0  0  3  0  0  0  0  0  0 ] (0.00000001)
[  0  0  3  0  0  0  0  0  1 ] (0.00000004)
[  0  0  3  0  0  0  0  1  0 ] (0.00000000)
[  0  0  3  0  0  0  1  0  0 ] (0.00000000)
[  0  0  3  0  0  1  0  0  0 ] (0.00000000)
[  0  0  3  0  1  0  0  0  0 ] (0.00000002)
[  0  0  3  1  0  0  0  0  0 ] (0.00000000)
[  0  0  4  0  0  0  0  0  0 ] (0.00009083)
[  0  1  0  0  0  0  0  0  0 ] (0.00000684)
[  0  1  0  0  0  0  0  0  1 ] (0.00000777)
[  0  1  0  0  0  0  0  0  2 ] (0.00111523)
[  0  1  0  0  0  0  0  0  3 ] (0.00000992)
[  0  1  0  0  0  0  0  1  0 ] (0.00000360)
[  0  1  0  0  0  0  0  1  1 ] (0.00102639)
[  0  1  0  0  0  0  0  1  2 ] (0.00034285)
[  0  1  0  0  0  0  0  2  0 ] (0.00000001)
[  0  1  0  0  0  0  0  2  1 ] (0.00004167)
[  0  1  0  0  0  0  0  3  0 ] (0.00000425)
[  0  1  0  0  0  0  1  0  0 ] (0.00002870)
[  0  1  0  0  0  0  1  0  1 ] (0.00000005)
[  0  1  0  0  0  0  1  0  2 ] (0.00002352)
[  0  1  0  0  0  0  1  1  0 ] (0.00029852)
[  0  1  0  0  0  0  1  1  1 ] (0.00000449)
[  0  1  0  0  0  0  1  2  0 ] (0.00002498)
[  0  1  0  0  0  0  2  0  0 ] (0.00021393)
[  0  1  0  0  0  0  2  0  1 ] (0.01008946)
[  0  1  0  0  0  0  2  1  0 ] (0.05001662)
[  0  1  0  0  0  0  3  0  0 ] (0.00007629)
[  0  1  0  0  0  1  0  0  0 ] (0.00007634)
[  0  1  0  0  0  1  0  0  1 ] (0.00111921)
[  0  1  0  0  0  1  0  0  2 ] (0.00083491)
[  0  1  0  0  0  1  0  1  0 ] (0.00008970)
[  0  1  0  0  0  1  0  1  1 ] (0.00053838)
[  0  1  0  0  0  1  0  2  0 ] (0.00038532)
[  0  1  0  0  0  1  1  0  0 ] (0.00040695)
[  0  1  0  0  0  1  1  0  1 ] (0.00001011)
[  0  1  0  0  0  1  1  1  0 ] (0.00154565)
[  0  1  0  0  0  1  2  0  0 ] (0.00060301)
[  0  1  0  0  0  2  0  0  0 ] (0.00001416)
[  0  1  0  0  0  2  0  0  1 ] (0.00395381)
[  0  1  0  0  0  2  0  1  0 ] (0.00003711)
[  0  1  0  0  0  2  1  0  0 ] (0.00368534)
[  0  1  0  0  0  3  0  0  0 ] (0.00007747)
[  0  1  0  0  1  0  0  0  0 ] (0.00000918)
[  0  1  0  0  1  0  0  0  1 ] (0.00001492)
[  0  1  0  0  1  0  0  0  2 ] (0.00017019)
[  0  1  0  0  1  0  0  1  0 ] (0.00001617)
[  0  1  0  0  1  0  0  1  1 ] (0.00000600)
[  0  1  0  0  1  0  0  2  0 ] (0.00051195)
[  0  1  0  0  1  0  1  0  0 ] (0.00161127)
[  0  1  0  0  1  0  1  0  1 ] (0.00089012)
[  0  1  0  0  1  0  1  1  0 ] (0.00001443)
[  0  1  0  0  1  0  2  0  0 ] (0.05663093)
[  0  1  0  0  1  1  0  0  0 ] (0.00000854)
[  0  1  0  0  1  1  0  0  1 ] (0.00081159)
[  0  1  0  0  1  1  0  1  0 ] (0.00583871)
[  0  1  0  0  1  1  1  0  0 ] (0.03986710)
[  0  1  0  0  1  2  0  0  0 ] (0.00218906)
[  0  1  0  0  2  0  0  0  0 ] (0.00015041)
[  0  1  0  0  2  0  0  0  1 ] (0.00005709)
[  0  1  0  0  2  0  0  1  0 ] (0.00480377)
[  0  1  0  0  2  0  1  0  0 ] (0.00378270)
[  0  1  0  0  2  1  0  0  0 ] (0.00000955)
[  0  1  0  0  3  0  0  0  0 ] (0.00008083)
[  0  1  0  1  0  0  0  0  0 ] (0.00006302)
[  0  1  0  1  0  0  0  0  1 ] (0.00209854)
[  0  1  0  1  0  0  0  0  2 ] (0.00006959)
[  0  1  0  1  0  0  0  1  0 ] (0.00009857)
[  0  1  0  1  0  0  0  1  1 ] (0.00002596)
[  0  1  0  1  0  0  0  2  0 ] (0.00137214)
[  0  1  0  1  0  0  1  0  0 ] (0.00114349)
[  0  1  0  1  0  0  1  0  1 ] (0.00109129)
[  0  1  0  1  0  0  1  1  0 ] (0.01045613)
[  0  1  0  1  0  0  2  0  0 ] (0.01745345)
[  0  1  0  1  0  1  0  0  0 ] (0.00002898)
[  0  1  0  1  0  1  0  0  1 ] (0.00018344)
[  0  1  0  1  0  1  0  1  0 ] (0.02955915)
[  0  1  0  1  0  1  1  0  0 ] (0.00000030)
[  0  1  0  1  0  2  0  0  0 ] (0.00017964)
[  0  1  0  1  1  0  0  0  0 ] (0.00005106)
[  0  1  0  1  1  0  0  0  1 ] (0.00094964)
[  0  1  0  1  1  0  0  1  0 ] (0.00484290)
[  0  1  0  1  1  0  1  0  0 ] (0.00054917)
[  0  1  0  1  1  1  0  0  0 ] (0.00377449)
[  0  1  0  1  2  0  0  0  0 ] (0.00081312)
[  0  1  0  2  0  0  0  0  0 ] (0.00010792)
[  0  1  0  2  0  0  0  0  1 ] (0.02734545)
[  0  1  0  2  0  0  0  1  0 ] (0.00006038)
[  0  1  0  2  0  0  1  0  0 ] (0.01232506)
[  0  1  0  2  0  1  0  0  0 ] (0.00288354)
[  0  1  0  2  1  0  0  0  0 ] (0.00421096)
[  0  1  0  3  0  0  0  0  0 ] (0.00000289)
[  0  1  1  0  0  0  0  0  0 ] (0.00000001)
[  0  1  1  0  0  0  0  0  1 ] (0.00000000)
[  0  1  1  0  0  0  0  0  2 ] (0.00000019)
[  0  1  1  0  0  0  0  1  0 ] (0.00000009)
[  0  1  1  0  0  0  0  1  1 ] (0.00000041)
[  0  1  1  0  0  0  0  2  0 ] (0.00000000)
[  0  1  1  0  0  0  1  0  0 ] (0.00000007)
[  0  1  1  0  0  0  1  0  1 ] (0.00000156)
[  0  1  1  0  0  0  1  1  0 ] (0.00000132)
[  0  1  1  0  0  0  2  0  0 ] (0.00000004)
[  0  1  1  0  0  1  0  0  0 ] (0.00000015)
[  0  1  1  0  0  1  0  0  1 ] (0.00000172)
[  0  1  1  0  0  1  0  1  0 ] (0.00000080)
[  0  1  1  0  0  1  1  0  0 ] (0.00000000)
[  0  1  1  0  0  2  0  0  0 ] (0.00000002)
[  0  1  1  0  1  0  0  0  0 ] (0.00000005)
[  0  1  1  0  1  0  0  0  1 ] (0.00000271)
[  0  1  1  0  1  0  0  1  0 ] (0.00000019)
[  0  1  1  0  1  0  1  0  0 ] (0.00000011)
[  0  1  1  0  1  1  0  0  0 ] (0.00000052)
[  0  1  1  0  2  0  0  0  0 ] (0.00000004)
[  0  1  1  1  0  0  0  0  0 ] (0.00000004)
[  0  1  1  1  0  0  0  0  1 ] (0.00000038)
[  0  1  1  1  0  0  0  1  0 ] (0.00000062)
[  0  1  1  1  0  0  1  0  0 ] (0.00000038)
[  0  1  1  1  0  1  0  0  0 ] (0.00000004)
[  0  1  1  1  1  0  0  0  0 ] (0.00000003)
[  0  1  1  2  0  0  0  0  0 ] (0.00000003)
[  0  1  2  0  0  0  0  0  0 ] (0.00013151)
[  0  1  2  0  0  0  0  0  1 ] (0.00017870)
[  0  1  2  0  0  0  0  1  0 ] (0.00009967)
[  0  1  2  0  0  0  1  0  0 ] (0.00006201)
[  0  1  2  0  0  1  0  0  0 ] (0.00017598)
[  0  1  2  0  1  0  0  0  0 ] (0.00000546)
[  0  1  2  1  0  0  0  0  0 ] (0.00001430)
[  0  1  3  0  0  0  0  0  0 ] (0.00000334)
[  0  2  0  0  0  0  0  0  0 ] (0.00000001)
[  0  2  0  0  0  0  0  0  1 ] (0.00000003)
[  0  2  0  0  0  0  0  0  2 ] (0.00000239)
[  0  2  0  0  0  0  0  1  0 ] (0.00000001)
[  0  2  0  0  0  0  0  1  1 ] (0.00000174)
[  0  2  0  0  0  0  0  2  0 ] (0.00000003)
[  0  2  0  0  0  0  1  0  0 ] (0.00000001)
[  0  2  0  0  0  0  1  0  1 ] (0.00000070)
[  0  2  0  0  0  0  1  1  0 ] (0.00000017)
[  0  2  0  0  0  0  2  0  0 ] (0.00000002)
[  0  2  0  0  0  1  0  0  0 ] (0.00000008)
[  0  2  0  0  0  1  0  0  1 ] (0.00000055)
[  0  2  0  0  0  1  0  1  0 ] (0.00000004)
[  0  2  0  0  0  1  1  0  0 ] (0.00000001)
[  0  2  0  0  0  2  0  0  0 ] (0.00000000)
[  0  2  0  0  1  0  0  0  0 ] (0.00000016)
[  0  2  0  0  1  0  0  0  1 ] (0.00000133)
[  0  2  0  0  1  0  0  1  0 ] (0.00000000)
[  0  2  0  0  1  0  1  0  0 ] (0.00000001)
[  0  2  0  0  1  1  0  0  0 ] (0.00000022)
[  0  2  0  0  2  0  0  0  0 ] (0.00000001)
[  0  2  0  1  0  0  0  0  0 ] (0.00000000)
[  0  2  0  1  0  0  0  0  1 ] (0.00000033)
[  0  2  0  1  0  0  0  1  0 ] (0.00000012)
[  0  2  0  1  0  0  1  0  0 ] (0.00000004)
[  0  2  0  1  0  1  0  0  0 ] (0.00000011)
[  0  2  0  1  1  0  0  0  0 ] (0.00000047)
[  0  2  0  2  0  0  0  0  0 ] (0.00000008)
[  0  2  1  0  0  0  0  0  0 ] (0.00048765)
[  0  2  1  0  0  0  0  0  1 ] (0.00097225)
[  0  2  1  0  0  0  0  1  0 ] (0.00039437)
[  0  2  1  0  0  0  1  0  0 ] (0.00002730)
[  0  2  1  0  0  1  0  0  0 ] (0.00201314)
[  0  2  1  0  1  0  0  0  0 ] (0.00000012)
[  0  2  1  1  0  0  0  0  0 ] (0.00035247)
[  0  2  2  0  0  0  0  0  0 ] (0.00000000)
[  0  3  0  0  0  0  0  0  0 ] (0.00000000)
[  0  3  0  0  0  0  0  0  1 ] (0.00000000)
[  0  3  0  0  0  0  0  1  0 ] (0.00000001)
[  0  3  0  0  0  0  1  0  0 ] (0.00000000)
[  0  3  0  0  0  1  0  0  0 ] (0.00000000)
[  0  3  0  0  1  0  0  0  0 ] (0.00000000)
[  0  3  0  1  0  0  0  0  0 ] (0.00000001)
[  0  3  1  0  0  0  0  0  0 ] (0.00000791)
[  0  4  0  0  0  0  0  0  0 ] (0.00000066)
[  1  0  0  0  0  0  0  0  0 ] (0.00000815)
[  1  0  0  0  0  0  0  0  1 ] (0.00008620)
[  1  0  0  0  0  0  0  0  2 ] (0.00072409)
[  1  0  0  0  0  0  0  0  3 ] (0.00069164)
[  1  0  0  0  0  0  0  1  0 ] (0.00005297)
[  1  0  0  0  0  0  0  1  1 ] (0.00029942)
[  1  0  0  0  0  0  0  1  2 ] (0.00027169)
[  1  0  0  0  0  0  0  2  0 ] (0.00000520)
[  1  0  0  0  0  0  0  2  1 ] (0.00009516)
[  1  0  0  0  0  0  0  3  0 ] (0.00024153)
[  1  0  0  0  0  0  1  0  0 ] (0.00003345)
[  1  0  0  0  0  0  1  0  1 ] (0.00085439)
[  1  0  0  0  0  0  1  0  2 ] (0.00114785)
[  1  0  0  0  0  0  1  1  0 ] (0.00000003)
[  1  0  0  0  0  0  1  1  1 ] (0.00049399)
[  1  0  0  0  0  0  1  2  0 ] (0.00194942)
[  1  0  0  0  0  0  2  0  0 ] (0.00000119)
[  1  0  0  0  0  0  2  0  1 ] (0.00350194)
[  1  0  0  0  0  0  2  1  0 ] (0.00107992)
[  1  0  0  0  0  0  3  0  0 ] (0.00005148)
[  1  0  0  0  0  1  0  0  0 ] (0.00000161)
[  1  0  0  0  0  1  0  0  1 ] (0.00063873)
[  1  0  0  0  0  1  0  0  2 ] (0.00018808)
[  1  0  0  0  0  1  0  1  0 ] (0.00036923)
[  1  0  0  0  0  1  0  1  1 ] (0.00027891)
[  1  0  0  0  0  1  0  2  0 ] (0.00033348)
[  1  0  0  0  0  1  1  0  0 ] (0.00021902)
[  1  0  0  0  0  1  1  0  1 ] (0.00000315)
[  1  0  0  0  0  1  1  1  0 ] (0.00046882)
[  1  0  0  0  0  1  2  0  0 ] (0.02464278)
[  1  0  0  0  0  2  0  0  0 ] (0.00004583)
[  1  0  0  0  0  2  0  0  1 ] (0.00042611)
[  1  0  0  0  0  2  0  1  0 ] (0.00006186)
[  1  0  0  0  0  2  1  0  0 ] (0.00159968)
[  1  0  0  0  0  3  0  0  0 ] (0.00017083)
[  1  0  0  0  1  0  0  0  0 ] (0.00008179)
[  1  0  0  0  1  0  0  0  1 ] (0.00022396)
[  1  0  0  0  1  0  0  0  2 ] (0.00052470)
[  1  0  0  0  1  0  0  1  0 ] (0.00000043)
[  1  0  0  0  1  0  0  1  1 ] (0.00001944)
[  1  0  0  0  1  0  0  2  0 ] (0.00052274)
[  1  0  0  0  1  0  1  0  0 ] (0.00002680)
[  1  0  0  0  1  0  1  0  1 ] (0.00088599)
[  1  0  0  0  1  0  1  1  0 ] (0.00001164)
[  1  0  0  0  1  0  2  0  0 ] (0.02166831)
[  1  0  0  0  1  1  0  0  0 ] (0.00067558)
[  1  0  0  0  1  1  0  0  1 ] (0.00019294)
[  1  0  0  0  1  1  0  1  0 ] (0.00003817)
[  1  0  0  0  1  1  1  0  0 ] (0.00059762)
[  1  0  0  0  1  2  0  0  0 ] (0.00000865)
[  1  0  0  0  2  0  0  0  0 ] (0.00001382)
[  1  0  0  0  2  0  0  0  1 ] (0.00016595)
[  1  0  0  0  2  0  0  1  0 ] (0.00242581)
[  1  0  0  0  2  0  1  0  0 ] (0.00071086)
[  1  0  0  0  2  1  0  0  0 ] (0.00013076)
[  1  0  0  0  3  0  0  0  0 ] (0.00008331)
[  1  0  0  1  0  0  0  0  0 ] (0.00033552)
[  1  0  0  1  0  0  0  0  1 ] (0.00010670)
[  1  0  0  1  0  0  0  0  2 ] (0.00091697)
[  1  0  0  1  0  0  0  1  0 ] (0.00144348)
[  1  0  0  1  0  0  0  1  1 ] (0.00243185)
[  1  0  0  1  0  0  0  2  0 ] (0.00002700)
[  1  0  0  1  0  0  1  0  0 ] (0.00139867)
[  1  0  0  1  0  0  1  0  1 ] (0.00004986)
[  1  0  0  1  0  0  1  1  0 ] (0.04542658)
[  1  0  0  1  0  0  2  0  0 ] (0.00126133)
[  1  0  0  1  0  1  0  0  0 ] (0.00100846)
[  1  0  0  1  0  1  0  0  1 ] (0.00001047)
[  1  0  0  1  0  1  0  1  0 ] (0.00038311)
[  1  0  0  1  0  1  1  0  0 ] (0.00232362)
[  1  0  0  1  0  2  0  0  0 ] (0.00052179)
[  1  0  0  1  1  0  0  0  0 ] (0.00029683)
[  1  0  0  1  1  0  0  0  1 ] (0.00261902)
[  1  0  0  1  1  0  0  1  0 ] (0.01960430)
[  1  0  0  1  1  0  1  0  0 ] (0.00019629)
[  1  0  0  1  1  1  0  0  0 ] (0.02481163)
[  1  0  0  1  2  0  0  0  0 ] (0.00055162)
[  1  0  0  2  0  0  0  0  0 ] (0.00130432)
[  1  0  0  2  0  0  0  0  1 ] (0.00708634)
[  1  0  0  2  0  0  0  1  0 ] (0.01597208)
[  1  0  0  2  0  0  1  0  0 ] (0.01549253)
[  1  0  0  2  0  1  0  0  0 ] (0.00079211)
[  1  0  0  2  1  0  0  0  0 ] (0.00967659)
[  1  0  0  3  0  0  0  0  0 ] (0.00016212)
[  1  0  1  0  0  0  0  0  0 ] (0.00000000)
[  1  0  1  0  0  0  0  0  1 ] (0.00000008)
[  1  0  1  0  0  0  0  0  2 ] (0.00000045)
[  1  0  1  0  0  0  0  1  0 ] (0.00000001)
[  1  0  1  0  0  0  0  1  1 ] (0.00000326)
[  1  0  1  0  0  0  0  2  0 ] (0.00000004)
[  1  0  1  0  0  0  1  0  0 ] (0.00000007)
[  1  0  1  0  0  0  1  0  1 ] (0.00000094)
[  1  0  1  0  0  0  1  1  0 ] (0.00000266)
[  1  0  1  0  0  0  2  0  0 ] (0.00000006)
[  1  0  1  0  0  1  0  0  0 ] (0.00000002)
[  1  0  1  0  0  1  0  0  1 ] (0.00000008)
[  1  0  1  0  0  1  0  1  0 ] (0.00000006)
[  1  0  1  0  0  1  1  0  0 ] (0.00000211)
[  1  0  1  0  0  2  0  0  0 ] (0.00000006)
[  1  0  1  0  1  0  0  0  0 ] (0.00000002)
[  1  0  1  0  1  0  0  0  1 ] (0.00000002)
[  1  0  1  0  1  0  0  1  0 ] (0.00000007)
[  1  0  1  0  1  0  1  0  0 ] (0.00000002)
[  1  0  1  0  1  1  0  0  0 ] (0.00000042)
[  1  0  1  0  2  0  0  0  0 ] (0.00000001)
[  1  0  1  1  0  0  0  0  0 ] (0.00000000)
[  1  0  1  1  0  0  0  0  1 ] (0.00000031)
[  1  0  1  1  0  0  0  1  0 ] (0.00000008)
[  1  0  1  1  0  0  1  0  0 ] (0.00000005)
[  1  0  1  1  0  1  0  0  0 ] (0.00000009)
[  1  0  1  1  1  0  0  0  0 ] (0.00000002)
[  1  0  1  2  0  0  0  0  0 ] (0.00000001)
[  1  0  2  0  0  0  0  0  0 ] (0.00013250)
[  1  0  2  0  0  0  0  0  1 ] (0.00063496)
[  1  0  2  0  0  0  0  1  0 ] (0.00041068)
[  1  0  2  0  0  0  1  0  0 ] (0.00000767)
[  1  0  2  0  0  1  0  0  0 ] (0.00083381)
[  1  0  2  0  1  0  0  0  0 ] (0.00063267)
[  1  0  2  1  0  0  0  0  0 ] (0.00011557)
[  1  0  3  0  0  0  0  0  0 ] (0.00000035)
[  1  1  0  0  0  0  0  0  0 ] (0.00000000)
[  1  1  0  0  0  0  0  0  1 ] (0.00000000)
[  1  1  0  0  0  0  0  0  2 ] (0.00000012)
[  1  1  0  0  0  0  0  1  0 ] (0.00000000)
[  1  1  0  0  0  0  0  1  1 ] (0.00000087)
[  1  1  0  0  0  0  0  2  0 ] (0.00000000)
[  1  1  0  0  0  0  1  0  0 ] (0.00000002)
[  1  1  0  0  0  0  1  0  1 ] (0.00000000)
[  1  1  0  0  0  0  1  1  0 ] (0.00000187)
[  1  1  0  0  0  0  2  0  0 ] (0.00000001)
[  1  1  0  0  0  1  0  0  0 ] (0.00000002)
[  1  1  0  0  0  1  0  0  1 ] (0.00000051)
[  1  1  0  0  0  1  0  1  0 ] (0.00000004)
[  1  1  0  0  0  1  1  0  0 ] (0.00000006)
[  1  1  0  0  0  2  0  0  0 ] (0.00000000)
[  1  1  0  0  1  0  0  0  0 ] (0.00000021)
[  1  1  0  0  1  0  0  0  1 ] (0.00000117)
[  1  1  0  0  1  0  0  1  0 ] (0.00000013)
[  1  1  0  0  1  0  1  0  0 ] (0.00000003)
[  1  1  0  0  1  1  0  0  0 ] (0.00000001)
[  1  1  0  0  2  0  0  0  0 ] (0.00000000)
[  1  1  0  1  0  0  0  0  0 ] (0.00000008)
[  1  1  0  1  0  0  0  0  1 ] (0.00000052)
[  1  1  0  1  0  0  0  1  0 ] (0.00000034)
[  1  1  0  1  0  0  1  0  0 ] (0.00000096)
[  1  1  0  1  0  1  0  0  0 ] (0.00000014)
[  1  1  0  1  1  0  0  0  0 ] (0.00000030)
[  1  1  0  2  0  0  0  0  0 ] (0.00000000)
[  1  1  1  0  0  0  0  0  0 ] (0.00002532)
[  1  1  1  0  0  0  0  0  1 ] (0.00016969)
[  1  1  1  0  0  0  0  1  0 ] (0.00028783)
[  1  1  1  0  0  0  1  0  0 ] (0.00008298)
[  1  1  1  0  0  1  0  0  0 ] (0.00043212)
[  1  1  1  0  1  0  0  0  0 ] (0.00004101)
[  1  1  1  1  0  0  0  0  0 ] (0.00046331)
[  1  1  2  0  0  0  0  0  0 ] (0.00000000)
[  1  2  0  0  0  0  0  0  0 ] (0.00051016)
[  1  2  0  0  0  0  0  0  1 ] (0.00282956)
[  1  2  0  0  0  0  0  1  0 ] (0.00005399)
[  1  2  0  0  0  0  1  0  0 ] (0.00001504)
[  1  2  0  0  0  1  0  0  0 ] (0.00010702)
[  1  2  0  0  1  0  0  0  0 ] (0.00035676)
[  1  2  0  1  0  0  0  0  0 ] (0.00009284)
[  1  2  1  0  0  0  0  0  0 ] (0.00000002)
[  1  3  0  0  0  0  0  0  0 ] (0.00001045)
[  2  0  0  0  0  0  0  0  0 ] (0.00000000)
[  2  0  0  0  0  0  0  0  1 ] (0.00000003)
[  2  0  0  0  0  0  0  0  2 ] (0.00000020)
[  2  0  0  0  0  0  0  1  0 ] (0.00000002)
[  2  0  0  0  0  0  0  1  1 ] (0.00000071)
[  2  0  0  0  0  0  0  2  0 ] (0.00000000)
[  2  0  0  0  0  0  1  0  0 ] (0.00000013)
[  2  0  0  0  0  0  1  0  1 ] (0.00000007)
[  2  0  0  0  0  0  1  1  0 ] (0.00000100)
[  2  0  0  0  0  0  2  0  0 ] (0.00000006)
[  2  0  0  0  0  1  0  0  0 ] (0.00000008)
[  2  0  0  0  0  1  0  0  1 ] (0.00000027)
[  2  0  0  0  0  1  0  1  0 ] (0.00000000)
[  2  0  0  0  0  1  1  0  0 ] (0.00000004)
[  2  0  0  0  0  2  0  0  0 ] (0.00000000)
[  2  0  0  0  1  0  0  0  0 ] (0.00000006)
[  2  0  0  0  1  0  0  0  1 ] (0.00000098)
[  2  0  0  0  1  0  0  1  0 ] (0.00000016)
[  2  0  0  0  1  0  1  0  0 ] (0.00000000)
[  2  0  0  0  1  1  0  0  0 ] (0.00000021)
[  2  0  0  0  2  0  0  0  0 ] (0.00000000)
[  2  0  0  1  0  0  0  0  0 ] (0.00000008)
[  2  0  0  1  0  0  0  0  1 ] (0.00000031)
[  2  0  0  1  0  0  0  1  0 ] (0.00000005)
[  2  0  0  1  0  0  1  0  0 ] (0.00000031)
[  2  0  0  1  0  1  0  0  0 ] (0.00000002)
[  2  0  0  1  1  0  0  0  0 ] (0.00000024)
[  2  0  0  2  0  0  0  0  0 ] (0.00000003)
[  2  0  1  0  0  0  0  0  0 ] (0.00012761)
[  2  0  1  0  0  0  0  0  1 ] (0.00068231)
[  2  0  1  0  0  0  0  1  0 ] (0.00084572)
[  2  0  1  0  0  0  1  0  0 ] (0.00015540)
[  2  0  1  0  0  1  0  0  0 ] (0.00092143)
[  2  0  1  0  1  0  0  0  0 ] (0.00020978)
[  2  0  1  1  0  0  0  0  0 ] (0.00001107)
[  2  0  2  0  0  0  0  0  0 ] (0.00000000)
[  2  1  0  0  0  0  0  0  0 ] (0.00037190)
[  2  1  0  0  0  0  0  0  1 ] (0.00209214)
[  2  1  0  0  0  0  0  1  0 ] (0.00022922)
[  2  1  0  0  0  0  1  0  0 ] (0.00007767)
[  2  1  0  0  0  1  0  0  0 ] (0.00021350)
[  2  1  0  0  1  0  0  0  0 ] (0.00012934)
[  2  1  0  1  0  0  0  0  0 ] (0.00002446)
[  2  1  1  0  0  0  0  0  0 ] (0.00000000)
[  2  2  0  0  0  0  0  0  0 ] (0.00000002)
[  3  0  0  0  0  0  0  0  0 ] (0.00000001)
[  3  0  0  0  0  0  0  0  1 ] (0.00000007)
[  3  0  0  0  0  0  0  1  0 ] (0.00000002)
[  3  0  0  0  0  0  1  0  0 ] (0.00000000)
[  3  0  0  0  0  1  0  0  0 ] (0.00000001)
[  3  0  0  0  1  0  0  0  0 ] (0.00000000)
[  3  0  0  1  0  0  0  0  0 ] (0.00000000)
[  3  0  1  0  0  0  0  0  0 ] (0.00000326)
[  3  1  0  0  0  0  0  0  0 ] (0.00000478)
[  4  0  0  0  0  0  0  0  0 ] (0.00014374)
