|  -901.131457020839 |   217.777687877586 

[  0  0  0  0  0  0  0  0  0 ] (0.00000024)
[  0  0  0  0  0  0  0  0  1 ] (0.00012760)
[  0  0  0  0  0  0  0  0  2 ] (0.00005503)
[  0  0  0  0  0  0  0  0  3 ] (0.00460452)
[  0  0  0  0  0  0  0  0  4 ] (0.00000920)
[  0  0  0  0  0  0  0  1  0 ] (0.00004586)
[  0  0  0  0  0  0  0  1  1 ] (0.00000849)
[  0  0  0  0  0  0  0  1  2 ] (0.00548568)
[  0  0  0  0  0  0  0  1  3 ] (0.00026293)
[  0  0  0  0  0  0  0  2  0 ] (0.00000018)
[  0  0  0  0  0  0  0  2  1 ] (0.00073063)
[  0  0  0  0  0  0  0  2  2 ] (0.00038919)
[  0  0  0  0  0  0  0  3  0 ] (0.00015851)
[  0  0  0  0  0  0  0  3  1 ] (0.00022758)
[  0  0  0  0  0  0  0  4  0 ] (0.00229702)
[  0  0  0  0  0  0  1  0  0 ] (0.00000466)
[  0  0  0  0  0  0  1  0  1 ] (0.00006999)
[  0  0  0  0  0  0  1  0  2 ] (0.00073323)
[  0  0  0  0  0  0  1  0  3 ] (0.00003368)
[  0  0  0  0  0  0  1  1  0 ] (0.00000195)
[  0  0  0  0  0  0  1  1  1 ] (0.00037406)
[  0  0  0  0  0  0  1  1  2 ] (0.00015987)
[  0  0  0  0  0  0  1  2  0 ] (0.00009982)
[  0  0  0  0  0  0  1  2  1 ] (0.00024923)
[  0  0  0  0  0  0  1  3  0 ] (0.00054670)
[  0  0  0  0  0  0  2  0  0 ] (0.00001899)
[  0  0  0  0  0  0  2  0  1 ] (0.00000018)
[  0  0  0  0  0  0  2  0  2 ] (0.00039085)
[  0  0  0  0  0  0  2  1  0 ] (0.00000070)
[  0  0  0  0  0  0  2  1  1 ] (0.00133164)
[  0  0  0  0  0  0  2  2  0 ] (0.00121579)
[  0  0  0  0  0  0  3  0  0 ] (0.00038159)
[  0  0  0  0  0  0  3  0  1 ] (0.00561885)
[  0  0  0  0  0  0  3  1  0 ] (0.00159182)
[  0  0  0  0  0  0  4  0  0 ] (0.00031598)
[  0  0  0  0  0  1  0  0  0 ] (0.00001847)
[  0  0  0  0  0  1  0  0  1 ] (0.00071788)
[  0  0  0  0  0  1  0  0  2 ] (0.00228756)
[  0  0  0  0  0  1  0  0  3 ] (0.00023848)
[  0  0  0  0  0  1  0  1  0 ] (0.00015052)
[  0  0  0  0  0  1  0  1  1 ] (0.00699305)
[  0  0  0  0  0  1  0  1  2 ] (0.00018146)
[  0  0  0  0  0  1  0  2  0 ] (0.00028345)
[  0  0  0  0  0  1  0  2  1 ] (0.00060490)
[  0  0  0  0  0  1  0  3  0 ] (0.00113507)
[  0  0  0  0  0  1  1  0  0 ] (0.00030235)
[  0  0  0  0  0  1  1  0  1 ] (0.00547197)
[  0  0  0  0  0  1  1  0  2 ] (0.00190316)
[  0  0  0  0  0  1  1  1  0 ] (0.00037502)
[  0  0  0  0  0  1  1  1  1 ] (0.00012565)
[  0  0  0  0  0  1  1  2  0 ] (0.03974918)
[  0  0  0  0  0  1  2  0  0 ] (0.00029542)
[  0  0  0  0  0  1  2  0  1 ] (0.00009913)
[  0  0  0  0  0  1  2  1  0 ] (0.00461199)
[  0  0  0  0  0  1  3  0  0 ] (0.00028889)
[  0  0  0  0  0  2  0  0  0 ] (0.00000159)
[  0  0  0  0  0  2  0  0  1 ] (0.00055812)
[  0  0  0  0  0  2  0  0  2 ] (0.00447492)
[  0  0  0  0  0  2  0  1  0 ] (0.00044619)
[  0  0  0  0  0  2  0  1  1 ] (0.00187833)
[  0  0  0  0  0  2  0  2  0 ] (0.00004228)
[  0  0  0  0  0  2  1  0  0 ] (0.00052248)
[  0  0  0  0  0  2  1  0  1 ] (0.00114612)
[  0  0  0  0  0  2  1  1  0 ] (0.00995661)
[  0  0  0  0  0  2  2  0  0 ] (0.00005130)
[  0  0  0  0  0  3  0  0  0 ] (0.00030006)
[  0  0  0  0  0  3  0  0  1 ] (0.00431840)
[  0  0  0  0  0  3  0  1  0 ] (0.00036694)
[  0  0  0  0  0  3  1  0  0 ] (0.00000066)
[  0  0  0  0  0  4  0  0  0 ] (0.00115836)
[  0  0  0  0  1  0  0  0  0 ] (0.00000256)
[  0  0  0  0  1  0  0  0  1 ] (0.00004521)
[  0  0  0  0  1  0  0  0  2 ] (0.00000432)
[  0  0  0  0  1  0  0  0  3 ] (0.00000490)
[  0  0  0  0  1  0  0  1  0 ] (0.00009472)
[  0  0  0  0  1  0  0  1  1 ] (0.00371606)
[  0  0  0  0  1  0  0  1  2 ] (0.00006316)
[  0  0  0  0  1  0  0  2  0 ] (0.00017393)
[  0  0  0  0  1  0  0  2  1 ] (0.00028469)
[  0  0  0  0  1  0  0  3  0 ] (0.00298552)
[  0  0  0  0  1  0  1  0  0 ] (0.00001669)
[  0  0  0  0  1  0  1  0  1 ] (0.00268898)
[  0  0  0  0  1  0  1  0  2 ] (0.00038102)
[  0  0  0  0  1  0  1  1  0 ] (0.00324939)
[  0  0  0  0  1  0  1  1  1 ] (0.00129813)
[  0  0  0  0  1  0  1  2  0 ] (0.01041402)
[  0  0  0  0  1  0  2  0  0 ] (0.00031942)
[  0  0  0  0  1  0  2  0  1 ] (0.00028186)
[  0  0  0  0  1  0  2  1  0 ] (0.01090880)
[  0  0  0  0  1  0  3  0  0 ] (0.00011929)
[  0  0  0  0  1  1  0  0  0 ] (0.00000424)
[  0  0  0  0  1  1  0  0  1 ] (0.00218358)
[  0  0  0  0  1  1  0  0  2 ] (0.00000063)
[  0  0  0  0  1  1  0  1  0 ] (0.00005877)
[  0  0  0  0  1  1  0  1  1 ] (0.00074364)
[  0  0  0  0  1  1  0  2  0 ] (0.02562402)
[  0  0  0  0  1  1  1  0  0 ] (0.00000042)
[  0  0  0  0  1  1  1  0  1 ] (0.00000046)
[  0  0  0  0  1  1  1  1  0 ] (0.00377240)
[  0  0  0  0  1  1  2  0  0 ] (0.00007165)
[  0  0  0  0  1  2  0  0  0 ] (0.00064618)
[  0  0  0  0  1  2  0  0  1 ] (0.00188949)
[  0  0  0  0  1  2  0  1  0 ] (0.01151594)
[  0  0  0  0  1  2  1  0  0 ] (0.00494638)
[  0  0  0  0  1  3  0  0  0 ] (0.00051589)
[  0  0  0  0  2  0  0  0  0 ] (0.00057186)
[  0  0  0  0  2  0  0  0  1 ] (0.00036732)
[  0  0  0  0  2  0  0  0  2 ] (0.00001314)
[  0  0  0  0  2  0  0  1  0 ] (0.00037710)
[  0  0  0  0  2  0  0  1  1 ] (0.00175727)
[  0  0  0  0  2  0  0  2  0 ] (0.00037137)
[  0  0  0  0  2  0  1  0  0 ] (0.00007189)
[  0  0  0  0  2  0  1  0  1 ] (0.00148928)
[  0  0  0  0  2  0  1  1  0 ] (0.00191960)
[  0  0  0  0  2  0  2  0  0 ] (0.00000971)
[  0  0  0  0  2  1  0  0  0 ] (0.00138454)
[  0  0  0  0  2  1  0  0  1 ] (0.00913778)
[  0  0  0  0  2  1  0  1  0 ] (0.01633035)
[  0  0  0  0  2  1  1  0  0 ] (0.03441743)
[  0  0  0  0  2  2  0  0  0 ] (0.00003848)
[  0  0  0  0  3  0  0  0  0 ] (0.00006107)
[  0  0  0  0  3  0  0  0  1 ] (0.00012488)
[  0  0  0  0  3  0  0  1  0 ] (0.00008167)
[  0  0  0  0  3  0  1  0  0 ] (0.00014153)
[  0  0  0  0  3  1  0  0  0 ] (0.00010144)
[  0  0  0  0  4  0  0  0  0 ] (0.00095510)
[  0  0  0  1  0  0  0  0  0 ] (0.00003266)
[  0  0  0  1  0  0  0  0  1 ] (0.00001217)
[  0  0  0  1  0  0  0  0  2 ] (0.00233715)
[  0  0  0  1  0  0  0  0  3 ] (0.00008078)
[  0  0  0  1  0  0  0  1  0 ] (0.00000321)
[  0  0  0  1  0  0  0  1  1 ] (0.00143597)
[  0  0  0  1  0  0  0  1  2 ] (0.00005547)
[  0  0  0  1  0  0  0  2  0 ] (0.00001088)
[  0  0  0  1  0  0  0  2  1 ] (0.00299287)
[  0  0  0  1  0  0  0  3  0 ] (0.00077021)
[  0  0  0  1  0  0  1  0  0 ] (0.00008653)
[  0  0  0  1  0  0  1  0  1 ] (0.00000354)
[  0  0  0  1  0  0  1  0  2 ] (0.00036803)
[  0  0  0  1  0  0  1  1  0 ] (0.00001417)
[  0  0  0  1  0  0  1  1  1 ] (0.00241924)
[  0  0  0  1  0  0  1  2  0 ] (0.00351534)
[  0  0  0  1  0  0  2  0  0 ] (0.00014059)
[  0  0  0  1  0  0  2  0  1 ] (0.00061413)
[  0  0  0  1  0  0  2  1  0 ] (0.00005655)
[  0  0  0  1  0  0  3  0  0 ] (0.00275206)
[  0  0  0  1  0  1  0  0  0 ] (0.00008225)
[  0  0  0  1  0  1  0  0  1 ] (0.00046615)
[  0  0  0  1  0  1  0  0  2 ] (0.00012243)
[  0  0  0  1  0  1  0  1  0 ] (0.00030541)
[  0  0  0  1  0  1  0  1  1 ] (0.00012664)
[  0  0  0  1  0  1  0  2  0 ] (0.00570826)
[  0  0  0  1  0  1  1  0  0 ] (0.00014049)
[  0  0  0  1  0  1  1  0  1 ] (0.00064238)
[  0  0  0  1  0  1  1  1  0 ] (0.00152290)
[  0  0  0  1  0  1  2  0  0 ] (0.00365689)
[  0  0  0  1  0  2  0  0  0 ] (0.00068507)
[  0  0  0  1  0  2  0  0  1 ] (0.00268191)
[  0  0  0  1  0  2  0  1  0 ] (0.00955852)
[  0  0  0  1  0  2  1  0  0 ] (0.00434350)
[  0  0  0  1  0  3  0  0  0 ] (0.00000707)
[  0  0  0  1  1  0  0  0  0 ] (0.00032330)
[  0  0  0  1  1  0  0  0  1 ] (0.00005212)
[  0  0  0  1  1  0  0  0  2 ] (0.00002832)
[  0  0  0  1  1  0  0  1  0 ] (0.00020522)
[  0  0  0  1  1  0  0  1  1 ] (0.00379457)
[  0  0  0  1  1  0  0  2  0 ] (0.03334265)
[  0  0  0  1  1  0  1  0  0 ] (0.00124609)
[  0  0  0  1  1  0  1  0  1 ] (0.00011564)
[  0  0  0  1  1  0  1  1  0 ] (0.01688236)
[  0  0  0  1  1  0  2  0  0 ] (0.00011790)
[  0  0  0  1  1  1  0  0  0 ] (0.00003266)
[  0  0  0  1  1  1  0  0  1 ] (0.00025640)
[  0  0  0  1  1  1  0  1  0 ] (0.01691203)
[  0  0  0  1  1  1  1  0  0 ] (0.00476642)
[  0  0  0  1  1  2  0  0  0 ] (0.00574068)
[  0  0  0  1  2  0  0  0  0 ] (0.00134917)
[  0  0  0  1  2  0  0  0  1 ] (0.00308709)
[  0  0  0  1  2  0  0  1  0 ] (0.02818140)
[  0  0  0  1  2  0  1  0  0 ] (0.03073908)
[  0  0  0  1  2  1  0  0  0 ] (0.00971829)
[  0  0  0  1  3  0  0  0  0 ] (0.00014574)
[  0  0  0  2  0  0  0  0  0 ] (0.00002408)
[  0  0  0  2  0  0  0  0  1 ] (0.00127376)
[  0  0  0  2  0  0  0  0  2 ] (0.00002758)
[  0  0  0  2  0  0  0  1  0 ] (0.00011252)
[  0  0  0  2  0  0  0  1  1 ] (0.00000110)
[  0  0  0  2  0  0  0  2  0 ] (0.01093247)
[  0  0  0  2  0  0  1  0  0 ] (0.00083642)
[  0  0  0  2  0  0  1  0  1 ] (0.00001260)
[  0  0  0  2  0  0  1  1  0 ] (0.01080015)
[  0  0  0  2  0  0  2  0  0 ] (0.00062050)
[  0  0  0  2  0  1  0  0  0 ] (0.00192238)
[  0  0  0  2  0  1  0  0  1 ] (0.00179229)
[  0  0  0  2  0  1  0  1  0 ] (0.00428173)
[  0  0  0  2  0  1  1  0  0 ] (0.00751731)
[  0  0  0  2  0  2  0  0  0 ] (0.00276755)
[  0  0  0  2  1  0  0  0  0 ] (0.00761231)
[  0  0  0  2  1  0  0  0  1 ] (0.03719691)
[  0  0  0  2  1  0  0  1  0 ] (0.23366150)
[  0  0  0  2  1  0  1  0  0 ] (0.00637848)
[  0  0  0  2  1  1  0  0  0 ] (0.00022379)
[  0  0  0  2  2  0  0  0  0 ] (0.00420873)
[  0  0  0  3  0  0  0  0  0 ] (0.00000626)
[  0  0  0  3  0  0  0  0  1 ] (0.00058939)
[  0  0  0  3  0  0  0  1  0 ] (0.00000004)
[  0  0  0  3  0  0  1  0  0 ] (0.00056035)
[  0  0  0  3  0  1  0  0  0 ] (0.00000199)
[  0  0  0  3  1  0  0  0  0 ] (0.00015807)
[  0  0  0  4  0  0  0  0  0 ] (0.00001918)
[  0  0  1  0  0  0  0  0  0 ] (0.00000003)
[  0  0  1  0  0  0  0  0  1 ] (0.00000000)
[  0  0  1  0  0  0  0  0  2 ] (0.00000000)
[  0  0  1  0  0  0  0  0  3 ] (0.00000387)
[  0  0  1  0  0  0  0  1  0 ] (0.00000001)
[  0  0  1  0  0  0  0  1  1 ] (0.00000038)
[  0  0  1  0  0  0  0  1  2 ] (0.00000110)
[  0  0  1  0  0  0  0  2  0 ] (0.00000020)
[  0  0  1  0  0  0  0  2  1 ] (0.00000379)
[  0  0  1  0  0  0  0  3  0 ] (0.00000002)
[  0  0  1  0  0  0  1  0  0 ] (0.00000000)
[  0  0  1  0  0  0  1  0  1 ] (0.00000042)
[  0  0  1  0  0  0  1  0  2 ] (0.00000037)
[  0  0  1  0  0  0  1  1  0 ] (0.00000014)
[  0  0  1  0  0  0  1  1  1 ] (0.00000236)
[  0  0  1  0  0  0  1  2  0 ] (0.00000159)
[  0  0  1  0  0  0  2  0  0 ] (0.00000035)
[  0  0  1  0  0  0  2  0  1 ] (0.00001066)
[  0  0  1  0  0  0  2  1  0 ] (0.00000003)
[  0  0  1  0  0  0  3  0  0 ] (0.00000001)
[  0  0  1  0  0  1  0  0  0 ] (0.00000004)
[  0  0  1  0  0  1  0  0  1 ] (0.00000051)
[  0  0  1  0  0  1  0  0  2 ] (0.00000066)
[  0  0  1  0  0  1  0  1  0 ] (0.00000009)
[  0  0  1  0  0  1  0  1  1 ] (0.00000032)
[  0  0  1  0  0  1  0  2  0 ] (0.00000057)
[  0  0  1  0  0  1  1  0  0 ] (0.00000005)
[  0  0  1  0  0  1  1  0  1 ] (0.00000055)
[  0  0  1  0  0  1  1  1  0 ] (0.00000000)
[  0  0  1  0  0  1  2  0  0 ] (0.00000201)
[  0  0  1  0  0  2  0  0  0 ] (0.00000552)
[  0  0  1  0  0  2  0  0  1 ] (0.00003307)
[  0  0  1  0  0  2  0  1  0 ] (0.00000147)
[  0  0  1  0  0  2  1  0  0 ] (0.00000102)
[  0  0  1  0  0  3  0  0  0 ] (0.00000010)
[  0  0  1  0  1  0  0  0  0 ] (0.00000001)
[  0  0  1  0  1  0  0  0  1 ] (0.00000345)
[  0  0  1  0  1  0  0  0  2 ] (0.00000035)
[  0  0  1  0  1  0  0  1  0 ] (0.00000036)
[  0  0  1  0  1  0  0  1  1 ] (0.00000002)
[  0  0  1  0  1  0  0  2  0 ] (0.00000022)
[  0  0  1  0  1  0  1  0  0 ] (0.00000016)
[  0  0  1  0  1  0  1  0  1 ] (0.00003019)
[  0  0  1  0  1  0  1  1  0 ] (0.00000004)
[  0  0  1  0  1  0  2  0  0 ] (0.00000741)
[  0  0  1  0  1  1  0  0  0 ] (0.00000150)
[  0  0  1  0  1  1  0  0  1 ] (0.00003102)
[  0  0  1  0  1  1  0  1  0 ] (0.00000284)
[  0  0  1  0  1  1  1  0  0 ] (0.00000133)
[  0  0  1  0  1  2  0  0  0 ] (0.00000190)
[  0  0  1  0  2  0  0  0  0 ] (0.00000019)
[  0  0  1  0  2  0  0  0  1 ] (0.00001141)
[  0  0  1  0  2  0  0  1  0 ] (0.00000285)
[  0  0  1  0  2  0  1  0  0 ] (0.00000002)
[  0  0  1  0  2  1  0  0  0 ] (0.00000149)
[  0  0  1  0  3  0  0  0  0 ] (0.00000001)
[  0  0  1  1  0  0  0  0  0 ] (0.00000006)
[  0  0  1  1  0  0  0  0  1 ] (0.00000009)
[  0  0  1  1  0  0  0  0  2 ] (0.00000389)
[  0  0  1  1  0  0  0  1  0 ] (0.00000004)
[  0  0  1  1  0  0  0  1  1 ] (0.00000142)
[  0  0  1  1  0  0  0  2  0 ] (0.00000294)
[  0  0  1  1  0  0  1  0  0 ] (0.00000000)
[  0  0  1  1  0  0  1  0  1 ] (0.00000267)
[  0  0  1  1  0  0  1  1  0 ] (0.00000187)
[  0  0  1  1  0  0  2  0  0 ] (0.00000639)
[  0  0  1  1  0  1  0  0  0 ] (0.00000014)
[  0  0  1  1  0  1  0  0  1 ] (0.00001218)
[  0  0  1  1  0  1  0  1  0 ] (0.00000061)
[  0  0  1  1  0  1  1  0  0 ] (0.00000283)
[  0  0  1  1  0  2  0  0  0 ] (0.00000020)
[  0  0  1  1  1  0  0  0  0 ] (0.00000016)
[  0  0  1  1  1  0  0  0  1 ] (0.00000072)
[  0  0  1  1  1  0  0  1  0 ] (0.00000000)
[  0  0  1  1  1  0  1  0  0 ] (0.00001881)
[  0  0  1  1  1  1  0  0  0 ] (0.00000033)
[  0  0  1  1  2  0  0  0  0 ] (0.00000012)
[  0  0  1  2  0  0  0  0  0 ] (0.00000015)
[  0  0  1  2  0  0  0  0  1 ] (0.00000802)
[  0  0  1  2  0  0  0  1  0 ] (0.00000274)
[  0  0  1  2  0  0  1  0  0 ] (0.00000433)
[  0  0  1  2  0  1  0  0  0 ] (0.00000017)
[  0  0  1  2  1  0  0  0  0 ] (0.00000177)
[  0  0  1  3  0  0  0  0  0 ] (0.00000000)
[  0  0  2  0  0  0  0  0  0 ] (0.00007140)
[  0  0  2  0  0  0  0  0  1 ] (0.00036767)
[  0  0  2  0  0  0  0  0  2 ] (0.00147031)
[  0  0  2  0  0  0  0  1  0 ] (0.00024676)
[  0  0  2  0  0  0  0  1  1 ] (0.00373224)
[  0  0  2  0  0  0  0  2  0 ] (0.00004461)
[  0  0  2  0  0  0  1  0  0 ] (0.00001426)
[  0  0  2  0  0  0  1  0  1 ] (0.00086792)
[  0  0  2  0  0  0  1  1  0 ] (0.00473119)
[  0  0  2  0  0  0  2  0  0 ] (0.00000170)
[  0  0  2  0  0  1  0  0  0 ] (0.00038150)
[  0  0  2  0  0  1  0  0  1 ] (0.00397469)
[  0  0  2  0  0  1  0  1  0 ] (0.00038320)
[  0  0  2  0  0  1  1  0  0 ] (0.00029023)
[  0  0  2  0  0  2  0  0  0 ] (0.00001680)
[  0  0  2  0  1  0  0  0  0 ] (0.00002128)
[  0  0  2  0  1  0  0  0  1 ] (0.00014569)
[  0  0  2  0  1  0  0  1  0 ] (0.00047385)
[  0  0  2  0  1  0  1  0  0 ] (0.00007647)
[  0  0  2  0  1  1  0  0  0 ] (0.00039821)
[  0  0  2  0  2  0  0  0  0 ] (0.00000057)
[  0  0  2  1  0  0  0  0  0 ] (0.00009307)
[  0  0  2  1  0  0  0  0  1 ] (0.00253775)
[  0  0  2  1  0  0  0  1  0 ] (0.00096443)
[  0  0  2  1  0  0  1  0  0 ] (0.00013048)
[  0  0  2  1  0  1  0  0  0 ] (0.00015271)
[  0  0  2  1  1  0  0  0  0 ] (0.00017003)
[  0  0  2  2  0  0  0  0  0 ] (0.00004330)
[  0  0  3  0  0  0  0  0  0 ] (0.00000009)
[  0  0  3  0  0  0  0  0  1 ] (0.00000048)
[  0  0  3  0  0  0  0  1  0 ] (0.00000003)
[  0  0  3  0  0  0  1  0  0 ] (0.00000347)
[  0  0  3  0  0  1  0  0  0 ] (0.00000476)
[  0  0  3  0  1  0  0  0  0 ] (0.00000033)
[  0  0  3  1  0  0  0  0  0 ] (0.00000127)
[  0  0  4  0  0  0  0  0  0 ] (0.00000000)
[  0  1  0  0  0  0  0  0  0 ] (0.00000016)
[  0  1  0  0  0  0  0  0  1 ] (0.00000019)
[  0  1  0  0  0  0  0  0  2 ] (0.00000022)
[  0  1  0  0  0  0  0  0  3 ] (0.00000705)
[  0  1  0  0  0  0  0  1  0 ] (0.00000000)
[  0  1  0  0  0  0  0  1  1 ] (0.00000000)
[  0  1  0  0  0  0  0  1  2 ] (0.00001416)
[  0  1  0  0  0  0  0  2  0 ] (0.00000039)
[  0  1  0  0  0  0  0  2  1 ] (0.00000051)
[  0  1  0  0  0  0  0  3  0 ] (0.00000003)
[  0  1  0  0  0  0  1  0  0 ] (0.00000001)
[  0  1  0  0  0  0  1  0  1 ] (0.00000000)
[  0  1  0  0  0  0  1  0  2 ] (0.00000691)
[  0  1  0  0  0  0  1  1  0 ] (0.00000001)
[  0  1  0  0  0  0  1  1  1 ] (0.00000364)
[  0  1  0  0  0  0  1  2  0 ] (0.00000022)
[  0  1  0  0  0  0  2  0  0 ] (0.00000489)
[  0  1  0  0  0  0  2  0  1 ] (0.00003455)
[  0  1  0  0  0  0  2  1  0 ] (0.00000525)
[  0  1  0  0  0  0  3  0  0 ] (0.00000011)
[  0  1  0  0  0  1  0  0  0 ] (0.00000003)
[  0  1  0  0  0  1  0  0  1 ] (0.00000016)
[  0  1  0  0  0  1  0  0  2 ] (0.00001576)
[  0  1  0  0  0  1  0  1  0 ] (0.00000000)
[  0  1  0  0  0  1  0  1  1 ] (0.00000061)
[  0  1  0  0  0  1  0  2  0 ] (0.00000024)
[  0  1  0  0  0  1  1  0  0 ] (0.00000008)
[  0  1  0  0  0  1  1  0  1 ] (0.00000513)
[  0  1  0  0  0  1  1  1  0 ] (0.00000299)
[  0  1  0  0  0  1  2  0  0 ] (0.00000066)
[  0  1  0  0  0  2  0  0  0 ] (0.00000161)
[  0  1  0  0  0  2  0  0  1 ] (0.00000511)
[  0  1  0  0  0  2  0  1  0 ] (0.00000011)
[  0  1  0  0  0  2  1  0  0 ] (0.00000157)
[  0  1  0  0  0  3  0  0  0 ] (0.00000044)
[  0  1  0  0  1  0  0  0  0 ] (0.00000042)
[  0  1  0  0  1  0  0  0  1 ] (0.00000518)
[  0  1  0  0  1  0  0  0  2 ] (0.00028475)
[  0  1  0  0  1  0  0  1  0 ] (0.00000021)
[  0  1  0  0  1  0  0  1  1 ] (0.00003769)
[  0  1  0  0  1  0  0  2  0 ] (0.00000059)
[  0  1  0  0  1  0  1  0  0 ] (0.00000111)
[  0  1  0  0  1  0  1  0  1 ] (0.00000247)
[  0  1  0  0  1  0  1  1  0 ] (0.00000495)
[  0  1  0  0  1  0  2  0  0 ] (0.00000005)
[  0  1  0  0  1  1  0  0  0 ] (0.00000037)
[  0  1  0  0  1  1  0  0  1 ] (0.00001135)
[  0  1  0  0  1  1  0  1  0 ] (0.00000214)
[  0  1  0  0  1  1  1  0  0 ] (0.00000002)
[  0  1  0  0  1  2  0  0  0 ] (0.00000030)
[  0  1  0  0  2  0  0  0  0 ] (0.00000003)
[  0  1  0  0  2  0  0  0  1 ] (0.00000003)
[  0  1  0  0  2  0  0  1  0 ] (0.00000065)
[  0  1  0  0  2  0  1  0  0 ] (0.00000122)
[  0  1  0  0  2  1  0  0  0 ] (0.00000065)
[  0  1  0  0  3  0  0  0  0 ] (0.00000029)
[  0  1  0  1  0  0  0  0  0 ] (0.00000007)
[  0  1  0  1  0  0  0  0  1 ] (0.00000058)
[  0  1  0  1  0  0  0  0  2 ] (0.00005092)
[  0  1  0  1  0  0  0  1  0 ] (0.00000017)
[  0  1  0  1  0  0  0  1  1 ] (0.00002643)
[  0  1  0  1  0  0  0  2  0 ] (0.00000047)
[  0  1  0  1  0  0  1  0  0 ] (0.00000052)
[  0  1  0  1  0  0  1  0  1 ] (0.00001300)
[  0  1  0  1  0  0  1  1  0 ] (0.00000004)
[  0  1  0  1  0  0  2  0  0 ] (0.00000496)
[  0  1  0  1  0  1  0  0  0 ] (0.00000020)
[  0  1  0  1  0  1  0  0  1 ] (0.00000027)
[  0  1  0  1  0  1  0  1  0 ] (0.00000570)
[  0  1  0  1  0  1  1  0  0 ] (0.00000492)
[  0  1  0  1  0  2  0  0  0 ] (0.00000012)
[  0  1  0  1  1  0  0  0  0 ] (0.00000028)
[  0  1  0  1  1  0  0  0  1 ] (0.00003869)
[  0  1  0  1  1  0  0  1  0 ] (0.00000284)
[  0  1  0  1  1  0  1  0  0 ] (0.00000085)
[  0  1  0  1  1  1  0  0  0 ] (0.00000632)
[  0  1  0  1  2  0  0  0  0 ] (0.00000000)
[  0  1  0  2  0  0  0  0  0 ] (0.00000057)
[  0  1  0  2  0  0  0  0  1 ] (0.00000569)
[  0  1  0  2  0  0  0  1  0 ] (0.00000051)
[  0  1  0  2  0  0  1  0  0 ] (0.00000034)
[  0  1  0  2  0  1  0  0  0 ] (0.00000267)
[  0  1  0  2  1  0  0  0  0 ] (0.00000001)
[  0  1  0  3  0  0  0  0  0 ] (0.00000002)
[  0  1  1  0  0  0  0  0  0 ] (0.00004602)
[  0  1  1  0  0  0  0  0  1 ] (0.00030474)
[  0  1  1  0  0  0  0  0  2 ] (0.00085576)
[  0  1  1  0  0  0  0  1  0 ] (0.00397660)
[  0  1  1  0  0  0  0  1  1 ] (0.01982877)
[  0  1  1  0  0  0  0  2  0 ] (0.00000550)
[  0  1  1  0  0  0  1  0  0 ] (0.00004153)
[  0  1  1  0  0  0  1  0  1 ] (0.00097903)
[  0  1  1  0  0  0  1  1  0 ] (0.00096838)
[  0  1  1  0  0  0  2  0  0 ] (0.00000000)
[  0  1  1  0  0  1  0  0  0 ] (0.00326799)
[  0  1  1  0  0  1  0  0  1 ] (0.01825728)
[  0  1  1  0  0  1  0  1  0 ] (0.00077532)
[  0  1  1  0  0  1  1  0  0 ] (0.00000572)
[  0  1  1  0  0  2  0  0  0 ] (0.00002769)
[  0  1  1  0  1  0  0  0  0 ] (0.00007872)
[  0  1  1  0  1  0  0  0  1 ] (0.00092377)
[  0  1  1  0  1  0  0  1  0 ] (0.00082535)
[  0  1  1  0  1  0  1  0  0 ] (0.00010861)
[  0  1  1  0  1  1  0  0  0 ] (0.00003393)
[  0  1  1  0  2  0  0  0  0 ] (0.00057971)
[  0  1  1  1  0  0  0  0  0 ] (0.00001223)
[  0  1  1  1  0  0  0  0  1 ] (0.00049047)
[  0  1  1  1  0  0  0  1  0 ] (0.00052157)
[  0  1  1  1  0  0  1  0  0 ] (0.00051889)
[  0  1  1  1  0  1  0  0  0 ] (0.00002975)
[  0  1  1  1  1  0  0  0  0 ] (0.00022957)
[  0  1  1  2  0  0  0  0  0 ] (0.00009105)
[  0  1  2  0  0  0  0  0  0 ] (0.00000005)
[  0  1  2  0  0  0  0  0  1 ] (0.00000009)
[  0  1  2  0  0  0  0  1  0 ] (0.00000002)
[  0  1  2  0  0  0  1  0  0 ] (0.00000006)
[  0  1  2  0  0  1  0  0  0 ] (0.00000004)
[  0  1  2  0  1  0  0  0  0 ] (0.00000066)
[  0  1  2  1  0  0  0  0  0 ] (0.00000000)
[  0  1  3  0  0  0  0  0  0 ] (0.00000000)
[  0  2  0  0  0  0  0  0  0 ] (0.00003134)
[  0  2  0  0  0  0  0  0  1 ] (0.00010363)
[  0  2  0  0  0  0  0  0  2 ] (0.00048822)
[  0  2  0  0  0  0  0  1  0 ] (0.00056110)
[  0  2  0  0  0  0  0  1  1 ] (0.00153902)
[  0  2  0  0  0  0  0  2  0 ] (0.00003946)
[  0  2  0  0  0  0  1  0  0 ] (0.00000575)
[  0  2  0  0  0  0  1  0  1 ] (0.00040822)
[  0  2  0  0  0  0  1  1  0 ] (0.00189020)
[  0  2  0  0  0  0  2  0  0 ] (0.00001750)
[  0  2  0  0  0  1  0  0  0 ] (0.00007324)
[  0  2  0  0  0  1  0  0  1 ] (0.00016610)
[  0  2  0  0  0  1  0  1  0 ] (0.00058898)
[  0  2  0  0  0  1  1  0  0 ] (0.00017130)
[  0  2  0  0  0  2  0  0  0 ] (0.00001752)
[  0  2  0  0  1  0  0  0  0 ] (0.00000208)
[  0  2  0  0  1  0  0  0  1 ] (0.00003735)
[  0  2  0  0  1  0  0  1  0 ] (0.00005915)
[  0  2  0  0  1  0  1  0  0 ] (0.00035716)
[  0  2  0  0  1  1  0  0  0 ] (0.00025571)
[  0  2  0  0  2  0  0  0  0 ] (0.00012179)
[  0  2  0  1  0  0  0  0  0 ] (0.00000545)
[  0  2  0  1  0  0  0  0  1 ] (0.00041677)
[  0  2  0  1  0  0  0  1  0 ] (0.00049818)
[  0  2  0  1  0  0  1  0  0 ] (0.00054574)
[  0  2  0  1  0  1  0  0  0 ] (0.00006511)
[  0  2  0  1  1  0  0  0  0 ] (0.00017228)
[  0  2  0  2  0  0  0  0  0 ] (0.00004518)
[  0  2  1  0  0  0  0  0  0 ] (0.00000001)
[  0  2  1  0  0  0  0  0  1 ] (0.00000000)
[  0  2  1  0  0  0  0  1  0 ] (0.00000000)
[  0  2  1  0  0  0  1  0  0 ] (0.00000013)
[  0  2  1  0  0  1  0  0  0 ] (0.00000000)
[  0  2  1  0  1  0  0  0  0 ] (0.00000007)
[  0  2  1  1  0  0  0  0  0 ] (0.00000014)
[  0  2  2  0  0  0  0  0  0 ] (0.00015854)
[  0  3  0  0  0  0  0  0  0 ] (0.00000413)
[  0  3  0  0  0  0  0  0  1 ] (0.00001208)
[  0  3  0  0  0  0  0  1  0 ] (0.00000187)
[  0  3  0  0  0  0  1  0  0 ] (0.00001497)
[  0  3  0  0  0  1  0  0  0 ] (0.00000196)
[  0  3  0  0  1  0  0  0  0 ] (0.00000001)
[  0  3  0  1  0  0  0  0  0 ] (0.00000314)
[  0  3  1  0  0  0  0  0  0 ] (0.00000000)
[  0  4  0  0  0  0  0  0  0 ] (0.00000003)
[  1  0  0  0  0  0  0  0  0 ] (0.00000004)
[  1  0  0  0  0  0  0  0  1 ] (0.00000000)
[  1  0  0  0  0  0  0  0  2 ] (0.00000101)
[  1  0  0  0  0  0  0  0  3 ] (0.00000118)
[  1  0  0  0  0  0  0  1  0 ] (0.00000000)
[  1  0  0  0  0  0  0  1  1 ] (0.00000013)
[  1  0  0  0  0  0  0  1  2 ] (0.00000008)
[  1  0  0  0  0  0  0  2  0 ] (0.00000008)
[  1  0  0  0  0  0  0  2  1 ] (0.00000104)
[  1  0  0  0  0  0  0  3  0 ] (0.00000002)
[  1  0  0  0  0  0  1  0  0 ] (0.00000000)
[  1  0  0  0  0  0  1  0  1 ] (0.00000000)
[  1  0  0  0  0  0  1  0  2 ] (0.00000159)
[  1  0  0  0  0  0  1  1  0 ] (0.00000003)
[  1  0  0  0  0  0  1  1  1 ] (0.00000605)
[  1  0  0  0  0  0  1  2  0 ] (0.00000001)
[  1  0  0  0  0  0  2  0  0 ] (0.00000631)
[  1  0  0  0  0  0  2  0  1 ] (0.00005081)
[  1  0  0  0  0  0  2  1  0 ] (0.00000050)
[  1  0  0  0  0  0  3  0  0 ] (0.00000003)
[  1  0  0  0  0  1  0  0  0 ] (0.00000000)
[  1  0  0  0  0  1  0  0  1 ] (0.00000063)
[  1  0  0  0  0  1  0  0  2 ] (0.00001357)
[  1  0  0  0  0  1  0  1  0 ] (0.00000015)
[  1  0  0  0  0  1  0  1  1 ] (0.00001502)
[  1  0  0  0  0  1  0  2  0 ] (0.00000003)
[  1  0  0  0  0  1  1  0  0 ] (0.00000020)
[  1  0  0  0  0  1  1  0  1 ] (0.00000574)
[  1  0  0  0  0  1  1  1  0 ] (0.00000014)
[  1  0  0  0  0  1  2  0  0 ] (0.00000286)
[  1  0  0  0  0  2  0  0  0 ] (0.00000621)
[  1  0  0  0  0  2  0  0  1 ] (0.00003582)
[  1  0  0  0  0  2  0  1  0 ] (0.00000091)
[  1  0  0  0  0  2  1  0  0 ] (0.00000229)
[  1  0  0  0  0  3  0  0  0 ] (0.00000016)
[  1  0  0  0  1  0  0  0  0 ] (0.00000012)
[  1  0  0  0  1  0  0  0  1 ] (0.00000293)
[  1  0  0  0  1  0  0  0  2 ] (0.00001918)
[  1  0  0  0  1  0  0  1  0 ] (0.00000003)
[  1  0  0  0  1  0  0  1  1 ] (0.00003395)
[  1  0  0  0  1  0  0  2  0 ] (0.00000014)
[  1  0  0  0  1  0  1  0  0 ] (0.00000284)
[  1  0  0  0  1  0  1  0  1 ] (0.00007111)
[  1  0  0  0  1  0  1  1  0 ] (0.00000000)
[  1  0  0  0  1  0  2  0  0 ] (0.00000039)
[  1  0  0  0  1  1  0  0  0 ] (0.00000036)
[  1  0  0  0  1  1  0  0  1 ] (0.00000197)
[  1  0  0  0  1  1  0  1  0 ] (0.00000029)
[  1  0  0  0  1  1  1  0  0 ] (0.00000003)
[  1  0  0  0  1  2  0  0  0 ] (0.00000033)
[  1  0  0  0  2  0  0  0  0 ] (0.00000013)
[  1  0  0  0  2  0  0  0  1 ] (0.00000272)
[  1  0  0  0  2  0  0  1  0 ] (0.00000055)
[  1  0  0  0  2  0  1  0  0 ] (0.00000191)
[  1  0  0  0  2  1  0  0  0 ] (0.00000011)
[  1  0  0  0  3  0  0  0  0 ] (0.00000003)
[  1  0  0  1  0  0  0  0  0 ] (0.00000002)
[  1  0  0  1  0  0  0  0  1 ] (0.00000082)
[  1  0  0  1  0  0  0  0  2 ] (0.00000608)
[  1  0  0  1  0  0  0  1  0 ] (0.00000043)
[  1  0  0  1  0  0  0  1  1 ] (0.00000310)
[  1  0  0  1  0  0  0  2  0 ] (0.00000001)
[  1  0  0  1  0  0  1  0  0 ] (0.00000005)
[  1  0  0  1  0  0  1  0  1 ] (0.00000467)
[  1  0  0  1  0  0  1  1  0 ] (0.00000027)
[  1  0  0  1  0  0  2  0  0 ] (0.00000146)
[  1  0  0  1  0  1  0  0  0 ] (0.00000108)
[  1  0  0  1  0  1  0  0  1 ] (0.00003561)
[  1  0  0  1  0  1  0  1  0 ] (0.00000045)
[  1  0  0  1  0  1  1  0  0 ] (0.00000006)
[  1  0  0  1  0  2  0  0  0 ] (0.00000018)
[  1  0  0  1  1  0  0  0  0 ] (0.00000002)
[  1  0  0  1  1  0  0  0  1 ] (0.00000004)
[  1  0  0  1  1  0  0  1  0 ] (0.00000036)
[  1  0  0  1  1  0  1  0  0 ] (0.00000012)
[  1  0  0  1  1  1  0  0  0 ] (0.00000043)
[  1  0  0  1  2  0  0  0  0 ] (0.00000015)
[  1  0  0  2  0  0  0  0  0 ] (0.00000000)
[  1  0  0  2  0  0  0  0  1 ] (0.00000146)
[  1  0  0  2  0  0  0  1  0 ] (0.00000008)
[  1  0  0  2  0  0  1  0  0 ] (0.00000005)
[  1  0  0  2  0  1  0  0  0 ] (0.00000003)
[  1  0  0  2  1  0  0  0  0 ] (0.00000094)
[  1  0  0  3  0  0  0  0  0 ] (0.00000000)
[  1  0  1  0  0  0  0  0  0 ] (0.00000011)
[  1  0  1  0  0  0  0  0  1 ] (0.00000177)
[  1  0  1  0  0  0  0  0  2 ] (0.00001620)
[  1  0  1  0  0  0  0  1  0 ] (0.00381361)
[  1  0  1  0  0  0  0  1  1 ] (0.02082417)
[  1  0  1  0  0  0  0  2  0 ] (0.00000142)
[  1  0  1  0  0  0  1  0  0 ] (0.00001510)
[  1  0  1  0  0  0  1  0  1 ] (0.00000224)
[  1  0  1  0  0  0  1  1  0 ] (0.00224724)
[  1  0  1  0  0  0  2  0  0 ] (0.00001457)
[  1  0  1  0  0  1  0  0  0 ] (0.00484351)
[  1  0  1  0  0  1  0  0  1 ] (0.02864962)
[  1  0  1  0  0  1  0  1  0 ] (0.00003349)
[  1  0  1  0  0  1  1  0  0 ] (0.00008104)
[  1  0  1  0  0  2  0  0  0 ] (0.00000084)
[  1  0  1  0  1  0  0  0  0 ] (0.00010835)
[  1  0  1  0  1  0  0  0  1 ] (0.00119209)
[  1  0  1  0  1  0  0  1  0 ] (0.00154484)
[  1  0  1  0  1  0  1  0  0 ] (0.00001859)
[  1  0  1  0  1  1  0  0  0 ] (0.00018791)
[  1  0  1  0  2  0  0  0  0 ] (0.00016397)
[  1  0  1  1  0  0  0  0  0 ] (0.00000083)
[  1  0  1  1  0  0  0  0  1 ] (0.00003006)
[  1  0  1  1  0  0  0  1  0 ] (0.00033304)
[  1  0  1  1  0  0  1  0  0 ] (0.00011120)
[  1  0  1  1  0  1  0  0  0 ] (0.00004028)
[  1  0  1  1  1  0  0  0  0 ] (0.00000011)
[  1  0  1  2  0  0  0  0  0 ] (0.00030788)
[  1  0  2  0  0  0  0  0  0 ] (0.00000002)
[  1  0  2  0  0  0  0  0  1 ] (0.00000003)
[  1  0  2  0  0  0  0  1  0 ] (0.00000001)
[  1  0  2  0  0  0  1  0  0 ] (0.00000006)
[  1  0  2  0  0  1  0  0  0 ] (0.00000010)
[  1  0  2  0  1  0  0  0  0 ] (0.00000017)
[  1  0  2  1  0  0  0  0  0 ] (0.00000008)
[  1  0  3  0  0  0  0  0  0 ] (0.00000000)
[  1  1  0  0  0  0  0  0  0 ] (0.00000633)
[  1  1  0  0  0  0  0  0  1 ] (0.00001307)
[  1  1  0  0  0  0  0  0  2 ] (0.00000581)
[  1  1  0  0  0  0  0  1  0 ] (0.00035065)
[  1  1  0  0  0  0  0  1  1 ] (0.00210955)
[  1  1  0  0  0  0  0  2  0 ] (0.00001234)
[  1  1  0  0  0  0  1  0  0 ] (0.00002712)
[  1  1  0  0  0  0  1  0  1 ] (0.00034104)
[  1  1  0  0  0  0  1  1  0 ] (0.00091544)
[  1  1  0  0  0  0  2  0  0 ] (0.00000363)
[  1  1  0  0  0  1  0  0  0 ] (0.00055392)
[  1  1  0  0  0  1  0  0  1 ] (0.00359370)
[  1  1  0  0  0  1  0  1  0 ] (0.00017699)
[  1  1  0  0  0  1  1  0  0 ] (0.00040379)
[  1  1  0  0  0  2  0  0  0 ] (0.00003400)
[  1  1  0  0  1  0  0  0  0 ] (0.00004107)
[  1  1  0  0  1  0  0  0  1 ] (0.00037728)
[  1  1  0  0  1  0  0  1  0 ] (0.00004874)
[  1  1  0  0  1  0  1  0  0 ] (0.00005945)
[  1  1  0  0  1  1  0  0  0 ] (0.00020864)
[  1  1  0  0  2  0  0  0  0 ] (0.00000938)
[  1  1  0  1  0  0  0  0  0 ] (0.00005570)
[  1  1  0  1  0  0  0  0  1 ] (0.00069655)
[  1  1  0  1  0  0  0  1  0 ] (0.00003604)
[  1  1  0  1  0  0  1  0  0 ] (0.00002597)
[  1  1  0  1  0  1  0  0  0 ] (0.00005037)
[  1  1  0  1  1  0  0  0  0 ] (0.00000824)
[  1  1  0  2  0  0  0  0  0 ] (0.00000039)
[  1  1  1  0  0  0  0  0  0 ] (0.00000000)
[  1  1  1  0  0  0  0  0  1 ] (0.00000021)
[  1  1  1  0  0  0  0  1  0 ] (0.00000007)
[  1  1  1  0  0  0  1  0  0 ] (0.00000004)
[  1  1  1  0  0  1  0  0  0 ] (0.00000073)
[  1  1  1  0  1  0  0  0  0 ] (0.00000002)
[  1  1  1  1  0  0  0  0  0 ] (0.00000023)
[  1  1  2  0  0  0  0  0  0 ] (0.00005523)
[  1  2  0  0  0  0  0  0  0 ] (0.00000019)
[  1  2  0  0  0  0  0  0  1 ] (0.00000031)
[  1  2  0  0  0  0  0  1  0 ] (0.00000009)
[  1  2  0  0  0  0  1  0  0 ] (0.00000011)
[  1  2  0  0  0  1  0  0  0 ] (0.00000017)
[  1  2  0  0  1  0  0  0  0 ] (0.00000050)
[  1  2  0  1  0  0  0  0  0 ] (0.00000005)
[  1  2  1  0  0  0  0  0  0 ] (0.00000445)
[  1  3  0  0  0  0  0  0  0 ] (0.00000000)
[  2  0  0  0  0  0  0  0  0 ] (0.00000192)
[  2  0  0  0  0  0  0  0  1 ] (0.00000000)
[  2  0  0  0  0  0  0  0  2 ] (0.00003518)
[  2  0  0  0  0  0  0  1  0 ] (0.00134827)
[  2  0  0  0  0  0  0  1  1 ] (0.00757296)
[  2  0  0  0  0  0  0  2  0 ] (0.00006908)
[  2  0  0  0  0  0  1  0  0 ] (0.00000134)
[  2  0  0  0  0  0  1  0  1 ] (0.00001542)
[  2  0  0  0  0  0  1  1  0 ] (0.00163807)
[  2  0  0  0  0  0  2  0  0 ] (0.00000099)
[  2  0  0  0  0  1  0  0  0 ] (0.00156649)
[  2  0  0  0  0  1  0  0  1 ] (0.00909676)
[  2  0  0  0  0  1  0  1  0 ] (0.00001400)
[  2  0  0  0  0  1  1  0  0 ] (0.00034183)
[  2  0  0  0  0  2  0  0  0 ] (0.00000262)
[  2  0  0  0  1  0  0  0  0 ] (0.00004880)
[  2  0  0  0  1  0  0  0  1 ] (0.00014969)
[  2  0  0  0  1  0  0  1  0 ] (0.00078017)
[  2  0  0  0  1  0  1  0  0 ] (0.00005155)
[  2  0  0  0  1  1  0  0  0 ] (0.00032556)
[  2  0  0  0  2  0  0  0  0 ] (0.00010061)
[  2  0  0  1  0  0  0  0  0 ] (0.00001232)
[  2  0  0  1  0  0  0  0  1 ] (0.00030123)
[  2  0  0  1  0  0  0  1  0 ] (0.00013006)
[  2  0  0  1  0  0  1  0  0 ] (0.00000188)
[  2  0  0  1  0  1  0  0  0 ] (0.00004386)
[  2  0  0  1  1  0  0  0  0 ] (0.00004372)
[  2  0  0  2  0  0  0  0  0 ] (0.00008848)
[  2  0  1  0  0  0  0  0  0 ] (0.00000000)
[  2  0  1  0  0  0  0  0  1 ] (0.00000000)
[  2  0  1  0  0  0  0  1  0 ] (0.00000004)
[  2  0  1  0  0  0  1  0  0 ] (0.00000022)
[  2  0  1  0  0  1  0  0  0 ] (0.00000019)
[  2  0  1  0  1  0  0  0  0 ] (0.00000011)
[  2  0  1  1  0  0  0  0  0 ] (0.00000000)
[  2  0  2  0  0  0  0  0  0 ] (0.00000317)
[  2  1  0  0  0  0  0  0  0 ] (0.00000012)
[  2  1  0  0  0  0  0  0  1 ] (0.00000029)
[  2  1  0  0  0  0  0  1  0 ] (0.00000005)
[  2  1  0  0  0  0  1  0  0 ] (0.00000018)
[  2  1  0  0  0  1  0  0  0 ] (0.00000004)
[  2  1  0  0  1  0  0  0  0 ] (0.00000049)
[  2  1  0  1  0  0  0  0  0 ] (0.00000000)
[  2  1  1  0  0  0  0  0  0 ] (0.00001276)
[  2  2  0  0  0  0  0  0  0 ] (0.00000097)
[  3  0  0  0  0  0  0  0  0 ] (0.00000008)
[  3  0  0  0  0  0  0  0  1 ] (0.00000141)
[  3  0  0  0  0  0  0  1  0 ] (0.00000000)
[  3  0  0  0  0  0  1  0  0 ] (0.00000001)
[  3  0  0  0  0  1  0  0  0 ] (0.00000508)
[  3  0  0  0  1  0  0  0  0 ] (0.00000097)
[  3  0  0  1  0  0  0  0  0 ] (0.00000024)
[  3  0  1  0  0  0  0  0  0 ] (0.00000000)
[  3  1  0  0  0  0  0  0  0 ] (0.00000000)
[  4  0  0  0  0  0  0  0  0 ] (0.00000003)
