|  -981.627706327001 |   137.281438571425 

[  0  0  0  0  0  0  0  0  0 ] (0.00000627)
[  0  0  0  0  0  0  0  0  1 ] (0.00004012)
[  0  0  0  0  0  0  0  0  2 ] (0.00119719)
[  0  0  0  0  0  0  0  0  3 ] (0.00000261)
[  0  0  0  0  0  0  0  0  4 ] (0.00000355)
[  0  0  0  0  0  0  0  1  0 ] (0.00000829)
[  0  0  0  0  0  0  0  1  1 ] (0.00003100)
[  0  0  0  0  0  0  0  1  2 ] (0.00000985)
[  0  0  0  0  0  0  0  1  3 ] (0.00002896)
[  0  0  0  0  0  0  0  2  0 ] (0.00001313)
[  0  0  0  0  0  0  0  2  1 ] (0.00000030)
[  0  0  0  0  0  0  0  2  2 ] (0.00000114)
[  0  0  0  0  0  0  0  3  0 ] (0.01098181)
[  0  0  0  0  0  0  0  3  1 ] (0.00000035)
[  0  0  0  0  0  0  0  4  0 ] (0.00000118)
[  0  0  0  0  0  0  1  0  0 ] (0.00030427)
[  0  0  0  0  0  0  1  0  1 ] (0.00008180)
[  0  0  0  0  0  0  1  0  2 ] (0.00000022)
[  0  0  0  0  0  0  1  0  3 ] (0.00002361)
[  0  0  0  0  0  0  1  1  0 ] (0.00010069)
[  0  0  0  0  0  0  1  1  1 ] (0.00000826)
[  0  0  0  0  0  0  1  1  2 ] (0.00000413)
[  0  0  0  0  0  0  1  2  0 ] (0.00032907)
[  0  0  0  0  0  0  1  2  1 ] (0.00002248)
[  0  0  0  0  0  0  1  3  0 ] (0.00000001)
[  0  0  0  0  0  0  2  0  0 ] (0.00003954)
[  0  0  0  0  0  0  2  0  1 ] (0.00016763)
[  0  0  0  0  0  0  2  0  2 ] (0.00004564)
[  0  0  0  0  0  0  2  1  0 ] (0.00927844)
[  0  0  0  0  0  0  2  1  1 ] (0.00013761)
[  0  0  0  0  0  0  2  2  0 ] (0.00037039)
[  0  0  0  0  0  0  3  0  0 ] (0.00005155)
[  0  0  0  0  0  0  3  0  1 ] (0.00000002)
[  0  0  0  0  0  0  3  1  0 ] (0.00000743)
[  0  0  0  0  0  0  4  0  0 ] (0.00006699)
[  0  0  0  0  0  1  0  0  0 ] (0.00004766)
[  0  0  0  0  0  1  0  0  1 ] (0.00292999)
[  0  0  0  0  0  1  0  0  2 ] (0.00022910)
[  0  0  0  0  0  1  0  0  3 ] (0.00006738)
[  0  0  0  0  0  1  0  1  0 ] (0.00003665)
[  0  0  0  0  0  1  0  1  1 ] (0.00007234)
[  0  0  0  0  0  1  0  1  2 ] (0.00000255)
[  0  0  0  0  0  1  0  2  0 ] (0.00067796)
[  0  0  0  0  0  1  0  2  1 ] (0.00000106)
[  0  0  0  0  0  1  0  3  0 ] (0.00001605)
[  0  0  0  0  0  1  1  0  0 ] (0.00007224)
[  0  0  0  0  0  1  1  0  1 ] (0.00000190)
[  0  0  0  0  0  1  1  0  2 ] (0.00000574)
[  0  0  0  0  0  1  1  1  0 ] (0.00071738)
[  0  0  0  0  0  1  1  1  1 ] (0.00000535)
[  0  0  0  0  0  1  1  2  0 ] (0.00000151)
[  0  0  0  0  0  1  2  0  0 ] (0.00386828)
[  0  0  0  0  0  1  2  0  1 ] (0.00000006)
[  0  0  0  0  0  1  2  1  0 ] (0.00204950)
[  0  0  0  0  0  1  3  0  0 ] (0.00000707)
[  0  0  0  0  0  2  0  0  0 ] (0.00004203)
[  0  0  0  0  0  2  0  0  1 ] (0.00008929)
[  0  0  0  0  0  2  0  0  2 ] (0.00000088)
[  0  0  0  0  0  2  0  1  0 ] (0.00121082)
[  0  0  0  0  0  2  0  1  1 ] (0.00003082)
[  0  0  0  0  0  2  0  2  0 ] (0.00006257)
[  0  0  0  0  0  2  1  0  0 ] (0.00219888)
[  0  0  0  0  0  2  1  0  1 ] (0.00026847)
[  0  0  0  0  0  2  1  1  0 ] (0.00004435)
[  0  0  0  0  0  2  2  0  0 ] (0.00039746)
[  0  0  0  0  0  3  0  0  0 ] (0.00009225)
[  0  0  0  0  0  3  0  0  1 ] (0.00002487)
[  0  0  0  0  0  3  0  1  0 ] (0.00005286)
[  0  0  0  0  0  3  1  0  0 ] (0.00002152)
[  0  0  0  0  0  4  0  0  0 ] (0.00074589)
[  0  0  0  0  1  0  0  0  0 ] (0.00000592)
[  0  0  0  0  1  0  0  0  1 ] (0.00057452)
[  0  0  0  0  1  0  0  0  2 ] (0.00010227)
[  0  0  0  0  1  0  0  0  3 ] (0.00002613)
[  0  0  0  0  1  0  0  1  0 ] (0.00107189)
[  0  0  0  0  1  0  0  1  1 ] (0.00031021)
[  0  0  0  0  1  0  0  1  2 ] (0.00000187)
[  0  0  0  0  1  0  0  2  0 ] (0.00115681)
[  0  0  0  0  1  0  0  2  1 ] (0.00000196)
[  0  0  0  0  1  0  0  3  0 ] (0.00008287)
[  0  0  0  0  1  0  1  0  0 ] (0.00008721)
[  0  0  0  0  1  0  1  0  1 ] (0.00004992)
[  0  0  0  0  1  0  1  0  2 ] (0.00000006)
[  0  0  0  0  1  0  1  1  0 ] (0.00035714)
[  0  0  0  0  1  0  1  1  1 ] (0.00001616)
[  0  0  0  0  1  0  1  2  0 ] (0.00011604)
[  0  0  0  0  1  0  2  0  0 ] (0.02532153)
[  0  0  0  0  1  0  2  0  1 ] (0.00141400)
[  0  0  0  0  1  0  2  1  0 ] (0.00138276)
[  0  0  0  0  1  0  3  0  0 ] (0.00023672)
[  0  0  0  0  1  1  0  0  0 ] (0.00005458)
[  0  0  0  0  1  1  0  0  1 ] (0.00008170)
[  0  0  0  0  1  1  0  0  2 ] (0.00000095)
[  0  0  0  0  1  1  0  1  0 ] (0.00000044)
[  0  0  0  0  1  1  0  1  1 ] (0.00001001)
[  0  0  0  0  1  1  0  2  0 ] (0.00000009)
[  0  0  0  0  1  1  1  0  0 ] (0.00028923)
[  0  0  0  0  1  1  1  0  1 ] (0.00000595)
[  0  0  0  0  1  1  1  1  0 ] (0.00010250)
[  0  0  0  0  1  1  2  0  0 ] (0.00085337)
[  0  0  0  0  1  2  0  0  0 ] (0.01401216)
[  0  0  0  0  1  2  0  0  1 ] (0.00077651)
[  0  0  0  0  1  2  0  1  0 ] (0.00049549)
[  0  0  0  0  1  2  1  0  0 ] (0.00022226)
[  0  0  0  0  1  3  0  0  0 ] (0.00003071)
[  0  0  0  0  2  0  0  0  0 ] (0.00052256)
[  0  0  0  0  2  0  0  0  1 ] (0.00036654)
[  0  0  0  0  2  0  0  0  2 ] (0.00000351)
[  0  0  0  0  2  0  0  1  0 ] (0.00003290)
[  0  0  0  0  2  0  0  1  1 ] (0.00000039)
[  0  0  0  0  2  0  0  2  0 ] (0.00001662)
[  0  0  0  0  2  0  1  0  0 ] (0.00008881)
[  0  0  0  0  2  0  1  0  1 ] (0.00009112)
[  0  0  0  0  2  0  1  1  0 ] (0.00056733)
[  0  0  0  0  2  0  2  0  0 ] (0.00001963)
[  0  0  0  0  2  1  0  0  0 ] (0.00221571)
[  0  0  0  0  2  1  0  0  1 ] (0.00017090)
[  0  0  0  0  2  1  0  1  0 ] (0.00000061)
[  0  0  0  0  2  1  1  0  0 ] (0.00000047)
[  0  0  0  0  2  2  0  0  0 ] (0.00049341)
[  0  0  0  0  3  0  0  0  0 ] (0.00039351)
[  0  0  0  0  3  0  0  0  1 ] (0.00000342)
[  0  0  0  0  3  0  0  1  0 ] (0.00006026)
[  0  0  0  0  3  0  1  0  0 ] (0.00004503)
[  0  0  0  0  3  1  0  0  0 ] (0.00016859)
[  0  0  0  0  4  0  0  0  0 ] (0.00002949)
[  0  0  0  1  0  0  0  0  0 ] (0.00008137)
[  0  0  0  1  0  0  0  0  1 ] (0.03089506)
[  0  0  0  1  0  0  0  0  2 ] (0.00001464)
[  0  0  0  1  0  0  0  0  3 ] (0.00007364)
[  0  0  0  1  0  0  0  1  0 ] (0.00025283)
[  0  0  0  1  0  0  0  1  1 ] (0.00073636)
[  0  0  0  1  0  0  0  1  2 ] (0.00000164)
[  0  0  0  1  0  0  0  2  0 ] (0.00135109)
[  0  0  0  1  0  0  0  2  1 ] (0.00000165)
[  0  0  0  1  0  0  0  3  0 ] (0.00000009)
[  0  0  0  1  0  0  1  0  0 ] (0.00010641)
[  0  0  0  1  0  0  1  0  1 ] (0.00038123)
[  0  0  0  1  0  0  1  0  2 ] (0.00004369)
[  0  0  0  1  0  0  1  1  0 ] (0.00007219)
[  0  0  0  1  0  0  1  1  1 ] (0.00000290)
[  0  0  0  1  0  0  1  2  0 ] (0.00000142)
[  0  0  0  1  0  0  2  0  0 ] (0.09643211)
[  0  0  0  1  0  0  2  0  1 ] (0.00709549)
[  0  0  0  1  0  0  2  1  0 ] (0.00313508)
[  0  0  0  1  0  0  3  0  0 ] (0.00530415)
[  0  0  0  1  0  1  0  0  0 ] (0.00018697)
[  0  0  0  1  0  1  0  0  1 ] (0.00004187)
[  0  0  0  1  0  1  0  0  2 ] (0.00001049)
[  0  0  0  1  0  1  0  1  0 ] (0.00018453)
[  0  0  0  1  0  1  0  1  1 ] (0.00000099)
[  0  0  0  1  0  1  0  2  0 ] (0.00001962)
[  0  0  0  1  0  1  1  0  0 ] (0.00039357)
[  0  0  0  1  0  1  1  0  1 ] (0.00002454)
[  0  0  0  1  0  1  1  1  0 ] (0.00000496)
[  0  0  0  1  0  1  2  0  0 ] (0.00028514)
[  0  0  0  1  0  2  0  0  0 ] (0.00132378)
[  0  0  0  1  0  2  0  0  1 ] (0.00000265)
[  0  0  0  1  0  2  0  1  0 ] (0.00022469)
[  0  0  0  1  0  2  1  0  0 ] (0.00000861)
[  0  0  0  1  0  3  0  0  0 ] (0.00122998)
[  0  0  0  1  1  0  0  0  0 ] (0.00092229)
[  0  0  0  1  1  0  0  0  1 ] (0.00003838)
[  0  0  0  1  1  0  0  0  2 ] (0.00000026)
[  0  0  0  1  1  0  0  1  0 ] (0.00138197)
[  0  0  0  1  1  0  0  1  1 ] (0.00000876)
[  0  0  0  1  1  0  0  2  0 ] (0.00000004)
[  0  0  0  1  1  0  1  0  0 ] (0.00158638)
[  0  0  0  1  1  0  1  0  1 ] (0.00000190)
[  0  0  0  1  1  0  1  1  0 ] (0.00007048)
[  0  0  0  1  1  0  2  0  0 ] (0.00020506)
[  0  0  0  1  1  1  0  0  0 ] (0.00064948)
[  0  0  0  1  1  1  0  0  1 ] (0.00013564)
[  0  0  0  1  1  1  0  1  0 ] (0.00041189)
[  0  0  0  1  1  1  1  0  0 ] (0.00001072)
[  0  0  0  1  1  2  0  0  0 ] (0.00031930)
[  0  0  0  1  2  0  0  0  0 ] (0.05174806)
[  0  0  0  1  2  0  0  0  1 ] (0.00023977)
[  0  0  0  1  2  0  0  1  0 ] (0.00235423)
[  0  0  0  1  2  0  1  0  0 ] (0.00006159)
[  0  0  0  1  2  1  0  0  0 ] (0.00025274)
[  0  0  0  1  3  0  0  0  0 ] (0.00007506)
[  0  0  0  2  0  0  0  0  0 ] (0.00027579)
[  0  0  0  2  0  0  0  0  1 ] (0.00007328)
[  0  0  0  2  0  0  0  0  2 ] (0.00001818)
[  0  0  0  2  0  0  0  1  0 ] (0.00014335)
[  0  0  0  2  0  0  0  1  1 ] (0.00001506)
[  0  0  0  2  0  0  0  2  0 ] (0.00009217)
[  0  0  0  2  0  0  1  0  0 ] (0.00526834)
[  0  0  0  2  0  0  1  0  1 ] (0.00010231)
[  0  0  0  2  0  0  1  1  0 ] (0.00005119)
[  0  0  0  2  0  0  2  0  0 ] (0.00033846)
[  0  0  0  2  0  1  0  0  0 ] (0.00657101)
[  0  0  0  2  0  1  0  0  1 ] (0.00002207)
[  0  0  0  2  0  1  0  1  0 ] (0.00045561)
[  0  0  0  2  0  1  1  0  0 ] (0.00051053)
[  0  0  0  2  0  2  0  0  0 ] (0.00028662)
[  0  0  0  2  1  0  0  0  0 ] (0.04654715)
[  0  0  0  2  1  0  0  0  1 ] (0.00021190)
[  0  0  0  2  1  0  0  1  0 ] (0.00193558)
[  0  0  0  2  1  0  1  0  0 ] (0.00065712)
[  0  0  0  2  1  1  0  0  0 ] (0.00056997)
[  0  0  0  2  2  0  0  0  0 ] (0.00098745)
[  0  0  0  3  0  0  0  0  0 ] (0.00031843)
[  0  0  0  3  0  0  0  0  1 ] (0.00000176)
[  0  0  0  3  0  0  0  1  0 ] (0.00000608)
[  0  0  0  3  0  0  1  0  0 ] (0.00041677)
[  0  0  0  3  0  1  0  0  0 ] (0.00036569)
[  0  0  0  3  1  0  0  0  0 ] (0.00060782)
[  0  0  0  4  0  0  0  0  0 ] (0.00523237)
[  0  0  1  0  0  0  0  0  0 ] (0.00000000)
[  0  0  1  0  0  0  0  0  1 ] (0.00000027)
[  0  0  1  0  0  0  0  0  2 ] (0.00000001)
[  0  0  1  0  0  0  0  0  3 ] (0.00000000)
[  0  0  1  0  0  0  0  1  0 ] (0.00000008)
[  0  0  1  0  0  0  0  1  1 ] (0.00000011)
[  0  0  1  0  0  0  0  1  2 ] (0.00000000)
[  0  0  1  0  0  0  0  2  0 ] (0.00000011)
[  0  0  1  0  0  0  0  2  1 ] (0.00000000)
[  0  0  1  0  0  0  0  3  0 ] (0.00000001)
[  0  0  1  0  0  0  1  0  0 ] (0.00000023)
[  0  0  1  0  0  0  1  0  1 ] (0.00000010)
[  0  0  1  0  0  0  1  0  2 ] (0.00000004)
[  0  0  1  0  0  0  1  1  0 ] (0.00001804)
[  0  0  1  0  0  0  1  1  1 ] (0.00000047)
[  0  0  1  0  0  0  1  2  0 ] (0.00000032)
[  0  0  1  0  0  0  2  0  0 ] (0.00000003)
[  0  0  1  0  0  0  2  0  1 ] (0.00000000)
[  0  0  1  0  0  0  2  1  0 ] (0.00000001)
[  0  0  1  0  0  0  3  0  0 ] (0.00000204)
[  0  0  1  0  0  1  0  0  0 ] (0.00000003)
[  0  0  1  0  0  1  0  0  1 ] (0.00000008)
[  0  0  1  0  0  1  0  0  2 ] (0.00000000)
[  0  0  1  0  0  1  0  1  0 ] (0.00002222)
[  0  0  1  0  0  1  0  1  1 ] (0.00000095)
[  0  0  1  0  0  1  0  2  0 ] (0.00000001)
[  0  0  1  0  0  1  1  0  0 ] (0.00000128)
[  0  0  1  0  0  1  1  0  1 ] (0.00000018)
[  0  0  1  0  0  1  1  1  0 ] (0.00000010)
[  0  0  1  0  0  1  2  0  0 ] (0.00000001)
[  0  0  1  0  0  2  0  0  0 ] (0.00000010)
[  0  0  1  0  0  2  0  0  1 ] (0.00000000)
[  0  0  1  0  0  2  0  1  0 ] (0.00000002)
[  0  0  1  0  0  2  1  0  0 ] (0.00000005)
[  0  0  1  0  0  3  0  0  0 ] (0.00000011)
[  0  0  1  0  1  0  0  0  0 ] (0.00000111)
[  0  0  1  0  1  0  0  0  1 ] (0.00000009)
[  0  0  1  0  1  0  0  0  2 ] (0.00000001)
[  0  0  1  0  1  0  0  1  0 ] (0.00001457)
[  0  0  1  0  1  0  0  1  1 ] (0.00000009)
[  0  0  1  0  1  0  0  2  0 ] (0.00000056)
[  0  0  1  0  1  0  1  0  0 ] (0.00000016)
[  0  0  1  0  1  0  1  0  1 ] (0.00000003)
[  0  0  1  0  1  0  1  1  0 ] (0.00000006)
[  0  0  1  0  1  0  2  0  0 ] (0.00000000)
[  0  0  1  0  1  1  0  0  0 ] (0.00000230)
[  0  0  1  0  1  1  0  0  1 ] (0.00000023)
[  0  0  1  0  1  1  0  1  0 ] (0.00000011)
[  0  0  1  0  1  1  1  0  0 ] (0.00000013)
[  0  0  1  0  1  2  0  0  0 ] (0.00000004)
[  0  0  1  0  2  0  0  0  0 ] (0.00000002)
[  0  0  1  0  2  0  0  0  1 ] (0.00000001)
[  0  0  1  0  2  0  0  1  0 ] (0.00000005)
[  0  0  1  0  2  0  1  0  0 ] (0.00000002)
[  0  0  1  0  2  1  0  0  0 ] (0.00000011)
[  0  0  1  0  3  0  0  0  0 ] (0.00000792)
[  0  0  1  1  0  0  0  0  0 ] (0.00000003)
[  0  0  1  1  0  0  0  0  1 ] (0.00000032)
[  0  0  1  1  0  0  0  0  2 ] (0.00000000)
[  0  0  1  1  0  0  0  1  0 ] (0.00000943)
[  0  0  1  1  0  0  0  1  1 ] (0.00000040)
[  0  0  1  1  0  0  0  2  0 ] (0.00000001)
[  0  0  1  1  0  0  1  0  0 ] (0.00000258)
[  0  0  1  1  0  0  1  0  1 ] (0.00000011)
[  0  0  1  1  0  0  1  1  0 ] (0.00000003)
[  0  0  1  1  0  0  2  0  0 ] (0.00000000)
[  0  0  1  1  0  1  0  0  0 ] (0.00000098)
[  0  0  1  1  0  1  0  0  1 ] (0.00000018)
[  0  0  1  1  0  1  0  1  0 ] (0.00000050)
[  0  0  1  1  0  1  1  0  0 ] (0.00000003)
[  0  0  1  1  0  2  0  0  0 ] (0.00000004)
[  0  0  1  1  1  0  0  0  0 ] (0.00000036)
[  0  0  1  1  1  0  0  0  1 ] (0.00000003)
[  0  0  1  1  1  0  0  1  0 ] (0.00000049)
[  0  0  1  1  1  0  1  0  0 ] (0.00000002)
[  0  0  1  1  1  1  0  0  0 ] (0.00000000)
[  0  0  1  1  2  0  0  0  0 ] (0.00000001)
[  0  0  1  2  0  0  0  0  0 ] (0.00000002)
[  0  0  1  2  0  0  0  0  1 ] (0.00000000)
[  0  0  1  2  0  0  0  1  0 ] (0.00000003)
[  0  0  1  2  0  0  1  0  0 ] (0.00000001)
[  0  0  1  2  0  1  0  0  0 ] (0.00000002)
[  0  0  1  2  1  0  0  0  0 ] (0.00000003)
[  0  0  1  3  0  0  0  0  0 ] (0.00000200)
[  0  0  2  0  0  0  0  0  0 ] (0.00000005)
[  0  0  2  0  0  0  0  0  1 ] (0.00119315)
[  0  0  2  0  0  0  0  0  2 ] (0.00001780)
[  0  0  2  0  0  0  0  1  0 ] (0.00044538)
[  0  0  2  0  0  0  0  1  1 ] (0.00000016)
[  0  0  2  0  0  0  0  2  0 ] (0.00011626)
[  0  0  2  0  0  0  1  0  0 ] (0.00002395)
[  0  0  2  0  0  0  1  0  1 ] (0.00000056)
[  0  0  2  0  0  0  1  1  0 ] (0.00013202)
[  0  0  2  0  0  0  2  0  0 ] (0.00629420)
[  0  0  2  0  0  1  0  0  0 ] (0.00000912)
[  0  0  2  0  0  1  0  0  1 ] (0.00038352)
[  0  0  2  0  0  1  0  1  0 ] (0.00027756)
[  0  0  2  0  0  1  1  0  0 ] (0.00000129)
[  0  0  2  0  0  2  0  0  0 ] (0.03131621)
[  0  0  2  0  1  0  0  0  0 ] (0.00018571)
[  0  0  2  0  1  0  0  0  1 ] (0.00000024)
[  0  0  2  0  1  0  0  1  0 ] (0.00071509)
[  0  0  2  0  1  0  1  0  0 ] (0.00209044)
[  0  0  2  0  1  1  0  0  0 ] (0.00002276)
[  0  0  2  0  2  0  0  0  0 ] (0.01169140)
[  0  0  2  1  0  0  0  0  0 ] (0.00005747)
[  0  0  2  1  0  0  0  0  1 ] (0.00008367)
[  0  0  2  1  0  0  0  1  0 ] (0.00058119)
[  0  0  2  1  0  0  1  0  0 ] (0.00000029)
[  0  0  2  1  0  1  0  0  0 ] (0.00005441)
[  0  0  2  1  1  0  0  0  0 ] (0.00078117)
[  0  0  2  2  0  0  0  0  0 ] (0.01128378)
[  0  0  3  0  0  0  0  0  0 ] (0.00002783)
[  0  0  3  0  0  0  0  0  1 ] (0.00006960)
[  0  0  3  0  0  0  0  1  0 ] (0.00293265)
[  0  0  3  0  0  0  1  0  0 ] (0.00766880)
[  0  0  3  0  0  1  0  0  0 ] (0.01317168)
[  0  0  3  0  1  0  0  0  0 ] (0.00008716)
[  0  0  3  1  0  0  0  0  0 ] (0.00430325)
[  0  0  4  0  0  0  0  0  0 ] (0.00000015)
[  0  1  0  0  0  0  0  0  0 ] (0.00000002)
[  0  1  0  0  0  0  0  0  1 ] (0.00000001)
[  0  1  0  0  0  0  0  0  2 ] (0.00000000)
[  0  1  0  0  0  0  0  0  3 ] (0.00000001)
[  0  1  0  0  0  0  0  1  0 ] (0.00000188)
[  0  1  0  0  0  0  0  1  1 ] (0.00000002)
[  0  1  0  0  0  0  0  1  2 ] (0.00000000)
[  0  1  0  0  0  0  0  2  0 ] (0.00000016)
[  0  1  0  0  0  0  0  2  1 ] (0.00000000)
[  0  1  0  0  0  0  0  3  0 ] (0.00000031)
[  0  1  0  0  0  0  1  0  0 ] (0.00000003)
[  0  1  0  0  0  0  1  0  1 ] (0.00000173)
[  0  1  0  0  0  0  1  0  2 ] (0.00000000)
[  0  1  0  0  0  0  1  1  0 ] (0.00000064)
[  0  1  0  0  0  0  1  1  1 ] (0.00000000)
[  0  1  0  0  0  0  1  2  0 ] (0.00000000)
[  0  1  0  0  0  0  2  0  0 ] (0.00000006)
[  0  1  0  0  0  0  2  0  1 ] (0.00000001)
[  0  1  0  0  0  0  2  1  0 ] (0.00000006)
[  0  1  0  0  0  0  3  0  0 ] (0.00001559)
[  0  1  0  0  0  1  0  0  0 ] (0.00000059)
[  0  1  0  0  0  1  0  0  1 ] (0.00000017)
[  0  1  0  0  0  1  0  0  2 ] (0.00000000)
[  0  1  0  0  0  1  0  1  0 ] (0.00000199)
[  0  1  0  0  0  1  0  1  1 ] (0.00000000)
[  0  1  0  0  0  1  0  2  0 ] (0.00000006)
[  0  1  0  0  0  1  1  0  0 ] (0.00000104)
[  0  1  0  0  0  1  1  0  1 ] (0.00000022)
[  0  1  0  0  0  1  1  1  0 ] (0.00000015)
[  0  1  0  0  0  1  2  0  0 ] (0.00000000)
[  0  1  0  0  0  2  0  0  0 ] (0.00000000)
[  0  1  0  0  0  2  0  0  1 ] (0.00000001)
[  0  1  0  0  0  2  0  1  0 ] (0.00000000)
[  0  1  0  0  0  2  1  0  0 ] (0.00000000)
[  0  1  0  0  0  3  0  0  0 ] (0.00000191)
[  0  1  0  0  1  0  0  0  0 ] (0.00000002)
[  0  1  0  0  1  0  0  0  1 ] (0.00000045)
[  0  1  0  0  1  0  0  0  2 ] (0.00000000)
[  0  1  0  0  1  0  0  1  0 ] (0.00000002)
[  0  1  0  0  1  0  0  1  1 ] (0.00000012)
[  0  1  0  0  1  0  0  2  0 ] (0.00000004)
[  0  1  0  0  1  0  1  0  0 ] (0.00000197)
[  0  1  0  0  1  0  1  0  1 ] (0.00000091)
[  0  1  0  0  1  0  1  1  0 ] (0.00000066)
[  0  1  0  0  1  0  2  0  0 ] (0.00000001)
[  0  1  0  0  1  1  0  0  0 ] (0.00000000)
[  0  1  0  0  1  1  0  0  1 ] (0.00000001)
[  0  1  0  0  1  1  0  1  0 ] (0.00000043)
[  0  1  0  0  1  1  1  0  0 ] (0.00000008)
[  0  1  0  0  1  2  0  0  0 ] (0.00000002)
[  0  1  0  0  2  0  0  0  0 ] (0.00000001)
[  0  1  0  0  2  0  0  0  1 ] (0.00000000)
[  0  1  0  0  2  0  0  1  0 ] (0.00000018)
[  0  1  0  0  2  0  1  0  0 ] (0.00000003)
[  0  1  0  0  2  1  0  0  0 ] (0.00000018)
[  0  1  0  0  3  0  0  0  0 ] (0.00002216)
[  0  1  0  1  0  0  0  0  0 ] (0.00000002)
[  0  1  0  1  0  0  0  0  1 ] (0.00000001)
[  0  1  0  1  0  0  0  0  2 ] (0.00000000)
[  0  1  0  1  0  0  0  1  0 ] (0.00000156)
[  0  1  0  1  0  0  0  1  1 ] (0.00000012)
[  0  1  0  1  0  0  0  2  0 ] (0.00000003)
[  0  1  0  1  0  0  1  0  0 ] (0.00000009)
[  0  1  0  1  0  0  1  0  1 ] (0.00000009)
[  0  1  0  1  0  0  1  1  0 ] (0.00000011)
[  0  1  0  1  0  0  2  0  0 ] (0.00000011)
[  0  1  0  1  0  1  0  0  0 ] (0.00000008)
[  0  1  0  1  0  1  0  0  1 ] (0.00000001)
[  0  1  0  1  0  1  0  1  0 ] (0.00000032)
[  0  1  0  1  0  1  1  0  0 ] (0.00000014)
[  0  1  0  1  0  2  0  0  0 ] (0.00000003)
[  0  1  0  1  1  0  0  0  0 ] (0.00000017)
[  0  1  0  1  1  0  0  0  1 ] (0.00000007)
[  0  1  0  1  1  0  0  1  0 ] (0.00000033)
[  0  1  0  1  1  0  1  0  0 ] (0.00000032)
[  0  1  0  1  1  1  0  0  0 ] (0.00000005)
[  0  1  0  1  2  0  0  0  0 ] (0.00000001)
[  0  1  0  2  0  0  0  0  0 ] (0.00000002)
[  0  1  0  2  0  0  0  0  1 ] (0.00000000)
[  0  1  0  2  0  0  0  1  0 ] (0.00000027)
[  0  1  0  2  0  0  1  0  0 ] (0.00000025)
[  0  1  0  2  0  1  0  0  0 ] (0.00000032)
[  0  1  0  2  1  0  0  0  0 ] (0.00000039)
[  0  1  0  3  0  0  0  0  0 ] (0.00000382)
[  0  1  1  0  0  0  0  0  0 ] (0.00066903)
[  0  1  1  0  0  0  0  0  1 ] (0.00539784)
[  0  1  1  0  0  0  0  0  2 ] (0.00231082)
[  0  1  1  0  0  0  0  1  0 ] (0.00021850)
[  0  1  1  0  0  0  0  1  1 ] (0.00023626)
[  0  1  1  0  0  0  0  2  0 ] (0.00010354)
[  0  1  1  0  0  0  1  0  0 ] (0.00034882)
[  0  1  1  0  0  0  1  0  1 ] (0.00000135)
[  0  1  1  0  0  0  1  1  0 ] (0.00004099)
[  0  1  1  0  0  0  2  0  0 ] (0.01045528)
[  0  1  1  0  0  1  0  0  0 ] (0.00000123)
[  0  1  1  0  0  1  0  0  1 ] (0.00017623)
[  0  1  1  0  0  1  0  1  0 ] (0.00178810)
[  0  1  1  0  0  1  1  0  0 ] (0.00000216)
[  0  1  1  0  0  2  0  0  0 ] (0.02397090)
[  0  1  1  0  1  0  0  0  0 ] (0.00128809)
[  0  1  1  0  1  0  0  0  1 ] (0.00016638)
[  0  1  1  0  1  0  0  1  0 ] (0.00074151)
[  0  1  1  0  1  0  1  0  0 ] (0.00008703)
[  0  1  1  0  1  1  0  0  0 ] (0.00085805)
[  0  1  1  0  2  0  0  0  0 ] (0.00157096)
[  0  1  1  1  0  0  0  0  0 ] (0.00000109)
[  0  1  1  1  0  0  0  0  1 ] (0.00076654)
[  0  1  1  1  0  0  0  1  0 ] (0.00015030)
[  0  1  1  1  0  0  1  0  0 ] (0.01343226)
[  0  1  1  1  0  1  0  0  0 ] (0.00160793)
[  0  1  1  1  1  0  0  0  0 ] (0.00010276)
[  0  1  1  2  0  0  0  0  0 ] (0.02350204)
[  0  1  2  0  0  0  0  0  0 ] (0.00000020)
[  0  1  2  0  0  0  0  0  1 ] (0.00000001)
[  0  1  2  0  0  0  0  1  0 ] (0.00000006)
[  0  1  2  0  0  0  1  0  0 ] (0.00000098)
[  0  1  2  0  0  1  0  0  0 ] (0.00000000)
[  0  1  2  0  1  0  0  0  0 ] (0.00000089)
[  0  1  2  1  0  0  0  0  0 ] (0.00000028)
[  0  1  3  0  0  0  0  0  0 ] (0.00000002)
[  0  2  0  0  0  0  0  0  0 ] (0.00011305)
[  0  2  0  0  0  0  0  0  1 ] (0.00016083)
[  0  2  0  0  0  0  0  0  2 ] (0.00024108)
[  0  2  0  0  0  0  0  1  0 ] (0.00006841)
[  0  2  0  0  0  0  0  1  1 ] (0.00002345)
[  0  2  0  0  0  0  0  2  0 ] (0.00288658)
[  0  2  0  0  0  0  1  0  0 ] (0.00030919)
[  0  2  0  0  0  0  1  0  1 ] (0.00005354)
[  0  2  0  0  0  0  1  1  0 ] (0.00004740)
[  0  2  0  0  0  0  2  0  0 ] (0.04320357)
[  0  2  0  0  0  1  0  0  0 ] (0.00000481)
[  0  2  0  0  0  1  0  0  1 ] (0.00002590)
[  0  2  0  0  0  1  0  1  0 ] (0.00126174)
[  0  2  0  0  0  1  1  0  0 ] (0.00060865)
[  0  2  0  0  0  2  0  0  0 ] (0.00166054)
[  0  2  0  0  1  0  0  0  0 ] (0.00000001)
[  0  2  0  0  1  0  0  0  1 ] (0.00015947)
[  0  2  0  0  1  0  0  1  0 ] (0.00016535)
[  0  2  0  0  1  0  1  0  0 ] (0.00059943)
[  0  2  0  0  1  1  0  0  0 ] (0.00268610)
[  0  2  0  0  2  0  0  0  0 ] (0.03073658)
[  0  2  0  1  0  0  0  0  0 ] (0.00127997)
[  0  2  0  1  0  0  0  0  1 ] (0.00006470)
[  0  2  0  1  0  0  0  1  0 ] (0.00133027)
[  0  2  0  1  0  0  1  0  0 ] (0.03035028)
[  0  2  0  1  0  1  0  0  0 ] (0.00296401)
[  0  2  0  1  1  0  0  0  0 ] (0.00000146)
[  0  2  0  2  0  0  0  0  0 ] (0.00474728)
[  0  2  1  0  0  0  0  0  0 ] (0.00000002)
[  0  2  1  0  0  0  0  0  1 ] (0.00000071)
[  0  2  1  0  0  0  0  1  0 ] (0.00000077)
[  0  2  1  0  0  0  1  0  0 ] (0.00000006)
[  0  2  1  0  0  1  0  0  0 ] (0.00000048)
[  0  2  1  0  1  0  0  0  0 ] (0.00000006)
[  0  2  1  1  0  0  0  0  0 ] (0.00000082)
[  0  2  2  0  0  0  0  0  0 ] (0.00301411)
[  0  3  0  0  0  0  0  0  0 ] (0.00044898)
[  0  3  0  0  0  0  0  0  1 ] (0.00955704)
[  0  3  0  0  0  0  0  1  0 ] (0.00011271)
[  0  3  0  0  0  0  1  0  0 ] (0.00004863)
[  0  3  0  0  0  1  0  0  0 ] (0.00002469)
[  0  3  0  0  1  0  0  0  0 ] (0.00005093)
[  0  3  0  1  0  0  0  0  0 ] (0.00001410)
[  0  3  1  0  0  0  0  0  0 ] (0.00000027)
[  0  4  0  0  0  0  0  0  0 ] (0.00000038)
[  1  0  0  0  0  0  0  0  0 ] (0.00000001)
[  1  0  0  0  0  0  0  0  1 ] (0.00000013)
[  1  0  0  0  0  0  0  0  2 ] (0.00000006)
[  1  0  0  0  0  0  0  0  3 ] (0.00000002)
[  1  0  0  0  0  0  0  1  0 ] (0.00000019)
[  1  0  0  0  0  0  0  1  1 ] (0.00000008)
[  1  0  0  0  0  0  0  1  2 ] (0.00000000)
[  1  0  0  0  0  0  0  2  0 ] (0.00000001)
[  1  0  0  0  0  0  0  2  1 ] (0.00000000)
[  1  0  0  0  0  0  0  3  0 ] (0.00000001)
[  1  0  0  0  0  0  1  0  0 ] (0.00000003)
[  1  0  0  0  0  0  1  0  1 ] (0.00000004)
[  1  0  0  0  0  0  1  0  2 ] (0.00000002)
[  1  0  0  0  0  0  1  1  0 ] (0.00000037)
[  1  0  0  0  0  0  1  1  1 ] (0.00000026)
[  1  0  0  0  0  0  1  2  0 ] (0.00000001)
[  1  0  0  0  0  0  2  0  0 ] (0.00000000)
[  1  0  0  0  0  0  2  0  1 ] (0.00000008)
[  1  0  0  0  0  0  2  1  0 ] (0.00000027)
[  1  0  0  0  0  0  3  0  0 ] (0.00000657)
[  1  0  0  0  0  1  0  0  0 ] (0.00000002)
[  1  0  0  0  0  1  0  0  1 ] (0.00000008)
[  1  0  0  0  0  1  0  0  2 ] (0.00000000)
[  1  0  0  0  0  1  0  1  0 ] (0.00000054)
[  1  0  0  0  0  1  0  1  1 ] (0.00000036)
[  1  0  0  0  0  1  0  2  0 ] (0.00000000)
[  1  0  0  0  0  1  1  0  0 ] (0.00000000)
[  1  0  0  0  0  1  1  0  1 ] (0.00000001)
[  1  0  0  0  0  1  1  1  0 ] (0.00000003)
[  1  0  0  0  0  1  2  0  0 ] (0.00000004)
[  1  0  0  0  0  2  0  0  0 ] (0.00000003)
[  1  0  0  0  0  2  0  0  1 ] (0.00000000)
[  1  0  0  0  0  2  0  1  0 ] (0.00000008)
[  1  0  0  0  0  2  1  0  0 ] (0.00000000)
[  1  0  0  0  0  3  0  0  0 ] (0.00000001)
[  1  0  0  0  1  0  0  0  0 ] (0.00000005)
[  1  0  0  0  1  0  0  0  1 ] (0.00000121)
[  1  0  0  0  1  0  0  0  2 ] (0.00000000)
[  1  0  0  0  1  0  0  1  0 ] (0.00000060)
[  1  0  0  0  1  0  0  1  1 ] (0.00000012)
[  1  0  0  0  1  0  0  2  0 ] (0.00000000)
[  1  0  0  0  1  0  1  0  0 ] (0.00000083)
[  1  0  0  0  1  0  1  0  1 ] (0.00000000)
[  1  0  0  0  1  0  1  1  0 ] (0.00000011)
[  1  0  0  0  1  0  2  0  0 ] (0.00000003)
[  1  0  0  0  1  1  0  0  0 ] (0.00000100)
[  1  0  0  0  1  1  0  0  1 ] (0.00000003)
[  1  0  0  0  1  1  0  1  0 ] (0.00000072)
[  1  0  0  0  1  1  1  0  0 ] (0.00000001)
[  1  0  0  0  1  2  0  0  0 ] (0.00000000)
[  1  0  0  0  2  0  0  0  0 ] (0.00000001)
[  1  0  0  0  2  0  0  0  1 ] (0.00000000)
[  1  0  0  0  2  0  0  1  0 ] (0.00000041)
[  1  0  0  0  2  0  1  0  0 ] (0.00000005)
[  1  0  0  0  2  1  0  0  0 ] (0.00000010)
[  1  0  0  0  3  0  0  0  0 ] (0.00000892)
[  1  0  0  1  0  0  0  0  0 ] (0.00000006)
[  1  0  0  1  0  0  0  0  1 ] (0.00000003)
[  1  0  0  1  0  0  0  0  2 ] (0.00000001)
[  1  0  0  1  0  0  0  1  0 ] (0.00000037)
[  1  0  0  1  0  0  0  1  1 ] (0.00000001)
[  1  0  0  1  0  0  0  2  0 ] (0.00000012)
[  1  0  0  1  0  0  1  0  0 ] (0.00000015)
[  1  0  0  1  0  0  1  0  1 ] (0.00000000)
[  1  0  0  1  0  0  1  1  0 ] (0.00000019)
[  1  0  0  1  0  0  2  0  0 ] (0.00000003)
[  1  0  0  1  0  1  0  0  0 ] (0.00000006)
[  1  0  0  1  0  1  0  0  1 ] (0.00000002)
[  1  0  0  1  0  1  0  1  0 ] (0.00000000)
[  1  0  0  1  0  1  1  0  0 ] (0.00000001)
[  1  0  0  1  0  2  0  0  0 ] (0.00000000)
[  1  0  0  1  1  0  0  0  0 ] (0.00000000)
[  1  0  0  1  1  0  0  0  1 ] (0.00000000)
[  1  0  0  1  1  0  0  1  0 ] (0.00000002)
[  1  0  0  1  1  0  1  0  0 ] (0.00000001)
[  1  0  0  1  1  1  0  0  0 ] (0.00000001)
[  1  0  0  1  2  0  0  0  0 ] (0.00000000)
[  1  0  0  2  0  0  0  0  0 ] (0.00000002)
[  1  0  0  2  0  0  0  0  1 ] (0.00000001)
[  1  0  0  2  0  0  0  1  0 ] (0.00000000)
[  1  0  0  2  0  0  1  0  0 ] (0.00000001)
[  1  0  0  2  0  1  0  0  0 ] (0.00000002)
[  1  0  0  2  1  0  0  0  0 ] (0.00000005)
[  1  0  0  3  0  0  0  0  0 ] (0.00000246)
[  1  0  1  0  0  0  0  0  0 ] (0.00115843)
[  1  0  1  0  0  0  0  0  1 ] (0.00897504)
[  1  0  1  0  0  0  0  0  2 ] (0.00267253)
[  1  0  1  0  0  0  0  1  0 ] (0.00015526)
[  1  0  1  0  0  0  0  1  1 ] (0.00006011)
[  1  0  1  0  0  0  0  2  0 ] (0.00002797)
[  1  0  1  0  0  0  1  0  0 ] (0.00019593)
[  1  0  1  0  0  0  1  0  1 ] (0.00025678)
[  1  0  1  0  0  0  1  1  0 ] (0.00005640)
[  1  0  1  0  0  0  2  0  0 ] (0.00201865)
[  1  0  1  0  0  1  0  0  0 ] (0.00001463)
[  1  0  1  0  0  1  0  0  1 ] (0.00004322)
[  1  0  1  0  0  1  0  1  0 ] (0.00076000)
[  1  0  1  0  0  1  1  0  0 ] (0.00000021)
[  1  0  1  0  0  2  0  0  0 ] (0.03765236)
[  1  0  1  0  1  0  0  0  0 ] (0.00016583)
[  1  0  1  0  1  0  0  0  1 ] (0.00005231)
[  1  0  1  0  1  0  0  1  0 ] (0.00085760)
[  1  0  1  0  1  0  1  0  0 ] (0.00009911)
[  1  0  1  0  1  1  0  0  0 ] (0.00014241)
[  1  0  1  0  2  0  0  0  0 ] (0.00001276)
[  1  0  1  1  0  0  0  0  0 ] (0.00003027)
[  1  0  1  1  0  0  0  0  1 ] (0.00010751)
[  1  0  1  1  0  0  0  1  0 ] (0.00100082)
[  1  0  1  1  0  0  1  0  0 ] (0.00155037)
[  1  0  1  1  0  1  0  0  0 ] (0.00026564)
[  1  0  1  1  1  0  0  0  0 ] (0.01462267)
[  1  0  1  2  0  0  0  0  0 ] (0.02748073)
[  1  0  2  0  0  0  0  0  0 ] (0.00000004)
[  1  0  2  0  0  0  0  0  1 ] (0.00000005)
[  1  0  2  0  0  0  0  1  0 ] (0.00000010)
[  1  0  2  0  0  0  1  0  0 ] (0.00000202)
[  1  0  2  0  0  1  0  0  0 ] (0.00000005)
[  1  0  2  0  1  0  0  0  0 ] (0.00000169)
[  1  0  2  1  0  0  0  0  0 ] (0.00000011)
[  1  0  3  0  0  0  0  0  0 ] (0.00000018)
[  1  1  0  0  0  0  0  0  0 ] (0.00067462)
[  1  1  0  0  0  0  0  0  1 ] (0.00187906)
[  1  1  0  0  0  0  0  0  2 ] (0.00128253)
[  1  1  0  0  0  0  0  1  0 ] (0.00053239)
[  1  1  0  0  0  0  0  1  1 ] (0.00040563)
[  1  1  0  0  0  0  0  2  0 ] (0.00010904)
[  1  1  0  0  0  0  1  0  0 ] (0.00002474)
[  1  1  0  0  0  0  1  0  1 ] (0.00018143)
[  1  1  0  0  0  0  1  1  0 ] (0.00045751)
[  1  1  0  0  0  0  2  0  0 ] (0.00048543)
[  1  1  0  0  0  1  0  0  0 ] (0.00019670)
[  1  1  0  0  0  1  0  0  1 ] (0.00007693)
[  1  1  0  0  0  1  0  1  0 ] (0.00154464)
[  1  1  0  0  0  1  1  0  0 ] (0.00053013)
[  1  1  0  0  0  2  0  0  0 ] (0.00703805)
[  1  1  0  0  1  0  0  0  0 ] (0.00000404)
[  1  1  0  0  1  0  0  0  1 ] (0.00035233)
[  1  1  0  0  1  0  0  1  0 ] (0.00271685)
[  1  1  0  0  1  0  1  0  0 ] (0.00169685)
[  1  1  0  0  1  1  0  0  0 ] (0.00034385)
[  1  1  0  0  2  0  0  0  0 ] (0.01797419)
[  1  1  0  1  0  0  0  0  0 ] (0.00005727)
[  1  1  0  1  0  0  0  0  1 ] (0.00026918)
[  1  1  0  1  0  0  0  1  0 ] (0.00116200)
[  1  1  0  1  0  0  1  0  0 ] (0.04304167)
[  1  1  0  1  0  1  0  0  0 ] (0.00090578)
[  1  1  0  1  1  0  0  0  0 ] (0.00072471)
[  1  1  0  2  0  0  0  0  0 ] (0.00186620)
[  1  1  1  0  0  0  0  0  0 ] (0.00000000)
[  1  1  1  0  0  0  0  0  1 ] (0.00000044)
[  1  1  1  0  0  0  0  1  0 ] (0.00000192)
[  1  1  1  0  0  0  1  0  0 ] (0.00000034)
[  1  1  1  0  0  1  0  0  0 ] (0.00000089)
[  1  1  1  0  1  0  0  0  0 ] (0.00000583)
[  1  1  1  1  0  0  0  0  0 ] (0.00000166)
[  1  1  2  0  0  0  0  0  0 ] (0.00753635)
[  1  2  0  0  0  0  0  0  0 ] (0.00000002)
[  1  2  0  0  0  0  0  0  1 ] (0.00000061)
[  1  2  0  0  0  0  0  1  0 ] (0.00000002)
[  1  2  0  0  0  0  1  0  0 ] (0.00000003)
[  1  2  0  0  0  1  0  0  0 ] (0.00000002)
[  1  2  0  0  1  0  0  0  0 ] (0.00000070)
[  1  2  0  1  0  0  0  0  0 ] (0.00000009)
[  1  2  1  0  0  0  0  0  0 ] (0.00344393)
[  1  3  0  0  0  0  0  0  0 ] (0.00000011)
[  2  0  0  0  0  0  0  0  0 ] (0.00000478)
[  2  0  0  0  0  0  0  0  1 ] (0.00031107)
[  2  0  0  0  0  0  0  0  2 ] (0.00000261)
[  2  0  0  0  0  0  0  1  0 ] (0.00040452)
[  2  0  0  0  0  0  0  1  1 ] (0.00000836)
[  2  0  0  0  0  0  0  2  0 ] (0.00111310)
[  2  0  0  0  0  0  1  0  0 ] (0.00004902)
[  2  0  0  0  0  0  1  0  1 ] (0.00000167)
[  2  0  0  0  0  0  1  1  0 ] (0.00002512)
[  2  0  0  0  0  0  2  0  0 ] (0.03999132)
[  2  0  0  0  0  1  0  0  0 ] (0.00000000)
[  2  0  0  0  0  1  0  0  1 ] (0.00005889)
[  2  0  0  0  0  1  0  1  0 ] (0.00023525)
[  2  0  0  0  0  1  1  0  0 ] (0.00000047)
[  2  0  0  0  0  2  0  0  0 ] (0.02119199)
[  2  0  0  0  1  0  0  0  0 ] (0.00006990)
[  2  0  0  0  1  0  0  0  1 ] (0.00057088)
[  2  0  0  0  1  0  0  1  0 ] (0.00002420)
[  2  0  0  0  1  0  1  0  0 ] (0.00484568)
[  2  0  0  0  1  1  0  0  0 ] (0.00043084)
[  2  0  0  0  2  0  0  0  0 ] (0.00824337)
[  2  0  0  1  0  0  0  0  0 ] (0.00178553)
[  2  0  0  1  0  0  0  0  1 ] (0.00035176)
[  2  0  0  1  0  0  0  1  0 ] (0.00040156)
[  2  0  0  1  0  0  1  0  0 ] (0.00209538)
[  2  0  0  1  0  1  0  0  0 ] (0.00106878)
[  2  0  0  1  1  0  0  0  0 ] (0.01315224)
[  2  0  0  2  0  0  0  0  0 ] (0.00055961)
[  2  0  1  0  0  0  0  0  0 ] (0.00000014)
[  2  0  1  0  0  0  0  0  1 ] (0.00000002)
[  2  0  1  0  0  0  0  1  0 ] (0.00000104)
[  2  0  1  0  0  0  1  0  0 ] (0.00000089)
[  2  0  1  0  0  1  0  0  0 ] (0.00000002)
[  2  0  1  0  1  0  0  0  0 ] (0.00000042)
[  2  0  1  1  0  0  0  0  0 ] (0.00000004)
[  2  0  2  0  0  0  0  0  0 ] (0.00029139)
[  2  1  0  0  0  0  0  0  0 ] (0.00000000)
[  2  1  0  0  0  0  0  0  1 ] (0.00000174)
[  2  1  0  0  0  0  0  1  0 ] (0.00000138)
[  2  1  0  0  0  0  1  0  0 ] (0.00000287)
[  2  1  0  0  0  1  0  0  0 ] (0.00000003)
[  2  1  0  0  1  0  0  0  0 ] (0.00000000)
[  2  1  0  1  0  0  0  0  0 ] (0.00000013)
[  2  1  1  0  0  0  0  0  0 ] (0.00044175)
[  2  2  0  0  0  0  0  0  0 ] (0.00061909)
[  3  0  0  0  0  0  0  0  0 ] (0.00010038)
[  3  0  0  0  0  0  0  0  1 ] (0.00151262)
[  3  0  0  0  0  0  0  1  0 ] (0.00000301)
[  3  0  0  0  0  0  1  0  0 ] (0.00010475)
[  3  0  0  0  0  1  0  0  0 ] (0.00000404)
[  3  0  0  0  1  0  0  0  0 ] (0.00005263)
[  3  0  0  1  0  0  0  0  0 ] (0.00018560)
[  3  0  1  0  0  0  0  0  0 ] (0.00000001)
[  3  1  0  0  0  0  0  0  0 ] (0.00000000)
[  4  0  0  0  0  0  0  0  0 ] (0.00000010)
