|  -836.224125343296 |   283.410119408710 

[  0  0  0  0  0  0  0  0  0 ] (0.00001325)
[  0  0  0  0  0  0  0  0  1 ] (0.00000735)
[  0  0  0  0  0  0  0  0  2 ] (0.00000256)
[  0  0  0  0  0  0  0  0  3 ] (0.00000024)
[  0  0  0  0  0  0  0  0  4 ] (0.00014005)
[  0  0  0  0  0  0  0  0  5 ] (0.00009491)
[  0  0  0  0  0  0  0  1  0 ] (0.00001512)
[  0  0  0  0  0  0  0  1  1 ] (0.00005579)
[  0  0  0  0  0  0  0  1  2 ] (0.00178405)
[  0  0  0  0  0  0  0  1  3 ] (0.00057415)
[  0  0  0  0  0  0  0  1  4 ] (0.00002630)
[  0  0  0  0  0  0  0  2  0 ] (0.00004789)
[  0  0  0  0  0  0  0  2  1 ] (0.00014944)
[  0  0  0  0  0  0  0  2  2 ] (0.00032899)
[  0  0  0  0  0  0  0  2  3 ] (0.00309242)
[  0  0  0  0  0  0  0  3  0 ] (0.00000439)
[  0  0  0  0  0  0  0  3  1 ] (0.00000017)
[  0  0  0  0  0  0  0  3  2 ] (0.15218720)
[  0  0  0  0  0  0  0  4  0 ] (0.00002036)
[  0  0  0  0  0  0  0  4  1 ] (0.01485287)
[  0  0  0  0  0  0  0  5  0 ] (0.00520440)
[  0  0  0  0  0  0  1  0  0 ] (0.00002708)
[  0  0  0  0  0  0  1  0  1 ] (0.00002105)
[  0  0  0  0  0  0  1  0  2 ] (0.00006709)
[  0  0  0  0  0  0  1  0  3 ] (0.00023789)
[  0  0  0  0  0  0  1  0  4 ] (0.00000122)
[  0  0  0  0  0  0  1  1  0 ] (0.00002855)
[  0  0  0  0  0  0  1  1  1 ] (0.00004723)
[  0  0  0  0  0  0  1  1  2 ] (0.00135069)
[  0  0  0  0  0  0  1  1  3 ] (0.00000935)
[  0  0  0  0  0  0  1  2  0 ] (0.00000119)
[  0  0  0  0  0  0  1  2  1 ] (0.00009507)
[  0  0  0  0  0  0  1  2  2 ] (0.00067453)
[  0  0  0  0  0  0  1  3  0 ] (0.00000582)
[  0  0  0  0  0  0  1  3  1 ] (0.00218076)
[  0  0  0  0  0  0  1  4  0 ] (0.00121898)
[  0  0  0  0  0  0  2  0  0 ] (0.00000336)
[  0  0  0  0  0  0  2  0  1 ] (0.00007891)
[  0  0  0  0  0  0  2  0  2 ] (0.00051991)
[  0  0  0  0  0  0  2  0  3 ] (0.00001232)
[  0  0  0  0  0  0  2  1  0 ] (0.00003703)
[  0  0  0  0  0  0  2  1  1 ] (0.00004625)
[  0  0  0  0  0  0  2  1  2 ] (0.00001269)
[  0  0  0  0  0  0  2  2  0 ] (0.00002897)
[  0  0  0  0  0  0  2  2  1 ] (0.00003213)
[  0  0  0  0  0  0  2  3  0 ] (0.00007246)
[  0  0  0  0  0  0  3  0  0 ] (0.00015558)
[  0  0  0  0  0  0  3  0  1 ] (0.00045160)
[  0  0  0  0  0  0  3  0  2 ] (0.00692419)
[  0  0  0  0  0  0  3  1  0 ] (0.00008334)
[  0  0  0  0  0  0  3  1  1 ] (0.00013045)
[  0  0  0  0  0  0  3  2  0 ] (0.00006108)
[  0  0  0  0  0  0  4  0  0 ] (0.00039290)
[  0  0  0  0  0  0  4  0  1 ] (0.00171563)
[  0  0  0  0  0  0  4  1  0 ] (0.00000199)
[  0  0  0  0  0  0  5  0  0 ] (0.00114825)
[  0  0  0  0  0  1  0  0  0 ] (0.00006577)
[  0  0  0  0  0  1  0  0  1 ] (0.00011975)
[  0  0  0  0  0  1  0  0  2 ] (0.00000122)
[  0  0  0  0  0  1  0  0  3 ] (0.00764186)
[  0  0  0  0  0  1  0  0  4 ] (0.00012832)
[  0  0  0  0  0  1  0  1  0 ] (0.00008294)
[  0  0  0  0  0  1  0  1  1 ] (0.00001154)
[  0  0  0  0  0  1  0  1  2 ] (0.00009030)
[  0  0  0  0  0  1  0  1  3 ] (0.00064634)
[  0  0  0  0  0  1  0  2  0 ] (0.00003656)
[  0  0  0  0  0  1  0  2  1 ] (0.00006974)
[  0  0  0  0  0  1  0  2  2 ] (0.00021162)
[  0  0  0  0  0  1  0  3  0 ] (0.00072827)
[  0  0  0  0  0  1  0  3  1 ] (0.00326896)
[  0  0  0  0  0  1  0  4  0 ] (0.00444501)
[  0  0  0  0  0  1  1  0  0 ] (0.00062129)
[  0  0  0  0  0  1  1  0  1 ] (0.00079854)
[  0  0  0  0  0  1  1  0  2 ] (0.01013183)
[  0  0  0  0  0  1  1  0  3 ] (0.00284546)
[  0  0  0  0  0  1  1  1  0 ] (0.00001256)
[  0  0  0  0  0  1  1  1  1 ] (0.00024282)
[  0  0  0  0  0  1  1  1  2 ] (0.00190140)
[  0  0  0  0  0  1  1  2  0 ] (0.00009495)
[  0  0  0  0  0  1  1  2  1 ] (0.00032122)
[  0  0  0  0  0  1  1  3  0 ] (0.00064019)
[  0  0  0  0  0  1  2  0  0 ] (0.00005820)
[  0  0  0  0  0  1  2  0  1 ] (0.00004360)
[  0  0  0  0  0  1  2  0  2 ] (0.00015005)
[  0  0  0  0  0  1  2  1  0 ] (0.00015498)
[  0  0  0  0  0  1  2  1  1 ] (0.00024176)
[  0  0  0  0  0  1  2  2  0 ] (0.00351189)
[  0  0  0  0  0  1  3  0  0 ] (0.00040554)
[  0  0  0  0  0  1  3  0  1 ] (0.00189122)
[  0  0  0  0  0  1  3  1  0 ] (0.00000636)
[  0  0  0  0  0  1  4  0  0 ] (0.00214226)
[  0  0  0  0  0  2  0  0  0 ] (0.00008643)
[  0  0  0  0  0  2  0  0  1 ] (0.00000575)
[  0  0  0  0  0  2  0  0  2 ] (0.00003691)
[  0  0  0  0  0  2  0  0  3 ] (0.00007626)
[  0  0  0  0  0  2  0  1  0 ] (0.00026358)
[  0  0  0  0  0  2  0  1  1 ] (0.00022723)
[  0  0  0  0  0  2  0  1  2 ] (0.00035304)
[  0  0  0  0  0  2  0  2  0 ] (0.00102358)
[  0  0  0  0  0  2  0  2  1 ] (0.00431114)
[  0  0  0  0  0  2  0  3  0 ] (0.00015249)
[  0  0  0  0  0  2  1  0  0 ] (0.00020809)
[  0  0  0  0  0  2  1  0  1 ] (0.00001261)
[  0  0  0  0  0  2  1  0  2 ] (0.00300219)
[  0  0  0  0  0  2  1  1  0 ] (0.00023492)
[  0  0  0  0  0  2  1  1  1 ] (0.00022285)
[  0  0  0  0  0  2  1  2  0 ] (0.00086049)
[  0  0  0  0  0  2  2  0  0 ] (0.00037615)
[  0  0  0  0  0  2  2  0  1 ] (0.00244856)
[  0  0  0  0  0  2  2  1  0 ] (0.00312524)
[  0  0  0  0  0  2  3  0  0 ] (0.00032933)
[  0  0  0  0  0  3  0  0  0 ] (0.00003773)
[  0  0  0  0  0  3  0  0  1 ] (0.00002706)
[  0  0  0  0  0  3  0  0  2 ] (0.00010255)
[  0  0  0  0  0  3  0  1  0 ] (0.00004996)
[  0  0  0  0  0  3  0  1  1 ] (0.00010517)
[  0  0  0  0  0  3  0  2  0 ] (0.00043691)
[  0  0  0  0  0  3  1  0  0 ] (0.00007071)
[  0  0  0  0  0  3  1  0  1 ] (0.00003845)
[  0  0  0  0  0  3  1  1  0 ] (0.00000248)
[  0  0  0  0  0  3  2  0  0 ] (0.00000042)
[  0  0  0  0  0  4  0  0  0 ] (0.00023594)
[  0  0  0  0  0  4  0  0  1 ] (0.00496199)
[  0  0  0  0  0  4  0  1  0 ] (0.00037725)
[  0  0  0  0  0  4  1  0  0 ] (0.00044343)
[  0  0  0  0  0  5  0  0  0 ] (0.00034316)
[  0  0  0  0  1  0  0  0  0 ] (0.00000000)
[  0  0  0  0  1  0  0  0  1 ] (0.00002088)
[  0  0  0  0  1  0  0  0  2 ] (0.00000078)
[  0  0  0  0  1  0  0  0  3 ] (0.00064635)
[  0  0  0  0  1  0  0  0  4 ] (0.00000436)
[  0  0  0  0  1  0  0  1  0 ] (0.00000592)
[  0  0  0  0  1  0  0  1  1 ] (0.00023978)
[  0  0  0  0  1  0  0  1  2 ] (0.00105175)
[  0  0  0  0  1  0  0  1  3 ] (0.00033052)
[  0  0  0  0  1  0  0  2  0 ] (0.00004842)
[  0  0  0  0  1  0  0  2  1 ] (0.00001622)
[  0  0  0  0  1  0  0  2  2 ] (0.00055677)
[  0  0  0  0  1  0  0  3  0 ] (0.00003520)
[  0  0  0  0  1  0  0  3  1 ] (0.00002710)
[  0  0  0  0  1  0  0  4  0 ] (0.00030969)
[  0  0  0  0  1  0  1  0  0 ] (0.00002392)
[  0  0  0  0  1  0  1  0  1 ] (0.00154291)
[  0  0  0  0  1  0  1  0  2 ] (0.00131748)
[  0  0  0  0  1  0  1  0  3 ] (0.00020094)
[  0  0  0  0  1  0  1  1  0 ] (0.00000129)
[  0  0  0  0  1  0  1  1  1 ] (0.00201984)
[  0  0  0  0  1  0  1  1  2 ] (0.00305487)
[  0  0  0  0  1  0  1  2  0 ] (0.00003308)
[  0  0  0  0  1  0  1  2  1 ] (0.00807769)
[  0  0  0  0  1  0  1  3  0 ] (0.00181963)
[  0  0  0  0  1  0  2  0  0 ] (0.00001701)
[  0  0  0  0  1  0  2  0  1 ] (0.00000011)
[  0  0  0  0  1  0  2  0  2 ] (0.00015895)
[  0  0  0  0  1  0  2  1  0 ] (0.00013216)
[  0  0  0  0  1  0  2  1  1 ] (0.00025596)
[  0  0  0  0  1  0  2  2  0 ] (0.00445672)
[  0  0  0  0  1  0  3  0  0 ] (0.00009042)
[  0  0  0  0  1  0  3  0  1 ] (0.00002021)
[  0  0  0  0  1  0  3  1  0 ] (0.00007041)
[  0  0  0  0  1  0  4  0  0 ] (0.00130986)
[  0  0  0  0  1  1  0  0  0 ] (0.00000456)
[  0  0  0  0  1  1  0  0  1 ] (0.00005155)
[  0  0  0  0  1  1  0  0  2 ] (0.00000087)
[  0  0  0  0  1  1  0  0  3 ] (0.00003157)
[  0  0  0  0  1  1  0  1  0 ] (0.00005045)
[  0  0  0  0  1  1  0  1  1 ] (0.00008330)
[  0  0  0  0  1  1  0  1  2 ] (0.00001393)
[  0  0  0  0  1  1  0  2  0 ] (0.00006199)
[  0  0  0  0  1  1  0  2  1 ] (0.00000485)
[  0  0  0  0  1  1  0  3  0 ] (0.00030057)
[  0  0  0  0  1  1  1  0  0 ] (0.00035342)
[  0  0  0  0  1  1  1  0  1 ] (0.00046949)
[  0  0  0  0  1  1  1  0  2 ] (0.00001713)
[  0  0  0  0  1  1  1  1  0 ] (0.00011220)
[  0  0  0  0  1  1  1  1  1 ] (0.00032572)
[  0  0  0  0  1  1  1  2  0 ] (0.00681393)
[  0  0  0  0  1  1  2  0  0 ] (0.00003435)
[  0  0  0  0  1  1  2  0  1 ] (0.00148559)
[  0  0  0  0  1  1  2  1  0 ] (0.00010994)
[  0  0  0  0  1  1  3  0  0 ] (0.00021061)
[  0  0  0  0  1  2  0  0  0 ] (0.00002330)
[  0  0  0  0  1  2  0  0  1 ] (0.00006483)
[  0  0  0  0  1  2  0  0  2 ] (0.00219205)
[  0  0  0  0  1  2  0  1  0 ] (0.00041712)
[  0  0  0  0  1  2  0  1  1 ] (0.00004586)
[  0  0  0  0  1  2  0  2  0 ] (0.00009563)
[  0  0  0  0  1  2  1  0  0 ] (0.00059586)
[  0  0  0  0  1  2  1  0  1 ] (0.00013574)
[  0  0  0  0  1  2  1  1  0 ] (0.00599397)
[  0  0  0  0  1  2  2  0  0 ] (0.00121065)
[  0  0  0  0  1  3  0  0  0 ] (0.00002658)
[  0  0  0  0  1  3  0  0  1 ] (0.00068157)
[  0  0  0  0  1  3  0  1  0 ] (0.00003182)
[  0  0  0  0  1  3  1  0  0 ] (0.00034541)
[  0  0  0  0  1  4  0  0  0 ] (0.00000007)
[  0  0  0  0  2  0  0  0  0 ] (0.00000204)
[  0  0  0  0  2  0  0  0  1 ] (0.00002148)
[  0  0  0  0  2  0  0  0  2 ] (0.00054554)
[  0  0  0  0  2  0  0  0  3 ] (0.00002780)
[  0  0  0  0  2  0  0  1  0 ] (0.00000943)
[  0  0  0  0  2  0  0  1  1 ] (0.00002439)
[  0  0  0  0  2  0  0  1  2 ] (0.00079773)
[  0  0  0  0  2  0  0  2  0 ] (0.00004818)
[  0  0  0  0  2  0  0  2  1 ] (0.00039970)
[  0  0  0  0  2  0  0  3  0 ] (0.00152827)
[  0  0  0  0  2  0  1  0  0 ] (0.00003411)
[  0  0  0  0  2  0  1  0  1 ] (0.00000161)
[  0  0  0  0  2  0  1  0  2 ] (0.00005864)
[  0  0  0  0  2  0  1  1  0 ] (0.00056921)
[  0  0  0  0  2  0  1  1  1 ] (0.00035254)
[  0  0  0  0  2  0  1  2  0 ] (0.00004637)
[  0  0  0  0  2  0  2  0  0 ] (0.00023137)
[  0  0  0  0  2  0  2  0  1 ] (0.00082157)
[  0  0  0  0  2  0  2  1  0 ] (0.00211858)
[  0  0  0  0  2  0  3  0  0 ] (0.00000334)
[  0  0  0  0  2  1  0  0  0 ] (0.00026674)
[  0  0  0  0  2  1  0  0  1 ] (0.00002240)
[  0  0  0  0  2  1  0  0  2 ] (0.00104101)
[  0  0  0  0  2  1  0  1  0 ] (0.00127721)
[  0  0  0  0  2  1  0  1  1 ] (0.00057996)
[  0  0  0  0  2  1  0  2  0 ] (0.00380181)
[  0  0  0  0  2  1  1  0  0 ] (0.00000402)
[  0  0  0  0  2  1  1  0  1 ] (0.00000080)
[  0  0  0  0  2  1  1  1  0 ] (0.00293213)
[  0  0  0  0  2  1  2  0  0 ] (0.00087256)
[  0  0  0  0  2  2  0  0  0 ] (0.00002187)
[  0  0  0  0  2  2  0  0  1 ] (0.00000826)
[  0  0  0  0  2  2  0  1  0 ] (0.00002072)
[  0  0  0  0  2  2  1  0  0 ] (0.00088372)
[  0  0  0  0  2  3  0  0  0 ] (0.00000101)
[  0  0  0  0  3  0  0  0  0 ] (0.00000866)
[  0  0  0  0  3  0  0  0  1 ] (0.00000007)
[  0  0  0  0  3  0  0  0  2 ] (0.00004872)
[  0  0  0  0  3  0  0  1  0 ] (0.00003534)
[  0  0  0  0  3  0  0  1  1 ] (0.00002731)
[  0  0  0  0  3  0  0  2  0 ] (0.00000171)
[  0  0  0  0  3  0  1  0  0 ] (0.00001028)
[  0  0  0  0  3  0  1  0  1 ] (0.00001912)
[  0  0  0  0  3  0  1  1  0 ] (0.00038760)
[  0  0  0  0  3  0  2  0  0 ] (0.00000784)
[  0  0  0  0  3  1  0  0  0 ] (0.00002470)
[  0  0  0  0  3  1  0  0  1 ] (0.00003382)
[  0  0  0  0  3  1  0  1  0 ] (0.00034889)
[  0  0  0  0  3  1  1  0  0 ] (0.00009846)
[  0  0  0  0  3  2  0  0  0 ] (0.00006811)
[  0  0  0  0  4  0  0  0  0 ] (0.00003673)
[  0  0  0  0  4  0  0  0  1 ] (0.00015382)
[  0  0  0  0  4  0  0  1  0 ] (0.00004484)
[  0  0  0  0  4  0  1  0  0 ] (0.00000657)
[  0  0  0  0  4  1  0  0  0 ] (0.00000065)
[  0  0  0  0  5  0  0  0  0 ] (0.00001020)
[  0  0  0  1  0  0  0  0  0 ] (0.00002491)
[  0  0  0  1  0  0  0  0  1 ] (0.00004472)
[  0  0  0  1  0  0  0  0  2 ] (0.00015179)
[  0  0  0  1  0  0  0  0  3 ] (0.00000334)
[  0  0  0  1  0  0  0  0  4 ] (0.00011549)
[  0  0  0  1  0  0  0  1  0 ] (0.00010514)
[  0  0  0  1  0  0  0  1  1 ] (0.00062815)
[  0  0  0  1  0  0  0  1  2 ] (0.00400711)
[  0  0  0  1  0  0  0  1  3 ] (0.00024412)
[  0  0  0  1  0  0  0  2  0 ] (0.00024770)
[  0  0  0  1  0  0  0  2  1 ] (0.00032025)
[  0  0  0  1  0  0  0  2  2 ] (0.00001244)
[  0  0  0  1  0  0  0  3  0 ] (0.00010977)
[  0  0  0  1  0  0  0  3  1 ] (0.04534841)
[  0  0  0  1  0  0  0  4  0 ] (0.00417940)
[  0  0  0  1  0  0  1  0  0 ] (0.00000116)
[  0  0  0  1  0  0  1  0  1 ] (0.00000011)
[  0  0  0  1  0  0  1  0  2 ] (0.00003861)
[  0  0  0  1  0  0  1  0  3 ] (0.00006242)
[  0  0  0  1  0  0  1  1  0 ] (0.00000590)
[  0  0  0  1  0  0  1  1  1 ] (0.00019175)
[  0  0  0  1  0  0  1  1  2 ] (0.00049646)
[  0  0  0  1  0  0  1  2  0 ] (0.00022505)
[  0  0  0  1  0  0  1  2  1 ] (0.00002855)
[  0  0  0  1  0  0  1  3  0 ] (0.00007788)
[  0  0  0  1  0  0  2  0  0 ] (0.00002738)
[  0  0  0  1  0  0  2  0  1 ] (0.00074743)
[  0  0  0  1  0  0  2  0  2 ] (0.00019553)
[  0  0  0  1  0  0  2  1  0 ] (0.00002284)
[  0  0  0  1  0  0  2  1  1 ] (0.00001150)
[  0  0  0  1  0  0  2  2  0 ] (0.00010524)
[  0  0  0  1  0  0  3  0  0 ] (0.00007810)
[  0  0  0  1  0  0  3  0  1 ] (0.00197322)
[  0  0  0  1  0  0  3  1  0 ] (0.00000842)
[  0  0  0  1  0  0  4  0  0 ] (0.00023632)
[  0  0  0  1  0  1  0  0  0 ] (0.00000004)
[  0  0  0  1  0  1  0  0  1 ] (0.00013335)
[  0  0  0  1  0  1  0  0  2 ] (0.00000879)
[  0  0  0  1  0  1  0  0  3 ] (0.00009555)
[  0  0  0  1  0  1  0  1  0 ] (0.00022868)
[  0  0  0  1  0  1  0  1  1 ] (0.00028148)
[  0  0  0  1  0  1  0  1  2 ] (0.00622396)
[  0  0  0  1  0  1  0  2  0 ] (0.00002158)
[  0  0  0  1  0  1  0  2  1 ] (0.00356039)
[  0  0  0  1  0  1  0  3  0 ] (0.00066660)
[  0  0  0  1  0  1  1  0  0 ] (0.00015525)
[  0  0  0  1  0  1  1  0  1 ] (0.00015011)
[  0  0  0  1  0  1  1  0  2 ] (0.00000218)
[  0  0  0  1  0  1  1  1  0 ] (0.00066571)
[  0  0  0  1  0  1  1  1  1 ] (0.00031195)
[  0  0  0  1  0  1  1  2  0 ] (0.00035074)
[  0  0  0  1  0  1  2  0  0 ] (0.00000058)
[  0  0  0  1  0  1  2  0  1 ] (0.00043254)
[  0  0  0  1  0  1  2  1  0 ] (0.00000024)
[  0  0  0  1  0  1  3  0  0 ] (0.00000034)
[  0  0  0  1  0  2  0  0  0 ] (0.00000047)
[  0  0  0  1  0  2  0  0  1 ] (0.00015618)
[  0  0  0  1  0  2  0  0  2 ] (0.00000003)
[  0  0  0  1  0  2  0  1  0 ] (0.00000001)
[  0  0  0  1  0  2  0  1  1 ] (0.00224888)
[  0  0  0  1  0  2  0  2  0 ] (0.00008635)
[  0  0  0  1  0  2  1  0  0 ] (0.00040127)
[  0  0  0  1  0  2  1  0  1 ] (0.00017146)
[  0  0  0  1  0  2  1  1  0 ] (0.00144705)
[  0  0  0  1  0  2  2  0  0 ] (0.01904276)
[  0  0  0  1  0  3  0  0  0 ] (0.00008277)
[  0  0  0  1  0  3  0  0  1 ] (0.00032800)
[  0  0  0  1  0  3  0  1  0 ] (0.00014200)
[  0  0  0  1  0  3  1  0  0 ] (0.00003251)
[  0  0  0  1  0  4  0  0  0 ] (0.00023904)
[  0  0  0  1  1  0  0  0  0 ] (0.00000395)
[  0  0  0  1  1  0  0  0  1 ] (0.00005508)
[  0  0  0  1  1  0  0  0  2 ] (0.00010670)
[  0  0  0  1  1  0  0  0  3 ] (0.00010227)
[  0  0  0  1  1  0  0  1  0 ] (0.00014700)
[  0  0  0  1  1  0  0  1  1 ] (0.00005270)
[  0  0  0  1  1  0  0  1  2 ] (0.00026125)
[  0  0  0  1  1  0  0  2  0 ] (0.00007346)
[  0  0  0  1  1  0  0  2  1 ] (0.00008056)
[  0  0  0  1  1  0  0  3  0 ] (0.00006320)
[  0  0  0  1  1  0  1  0  0 ] (0.00002623)
[  0  0  0  1  1  0  1  0  1 ] (0.00019086)
[  0  0  0  1  1  0  1  0  2 ] (0.00000003)
[  0  0  0  1  1  0  1  1  0 ] (0.00002316)
[  0  0  0  1  1  0  1  1  1 ] (0.00087248)
[  0  0  0  1  1  0  1  2  0 ] (0.00007357)
[  0  0  0  1  1  0  2  0  0 ] (0.00020584)
[  0  0  0  1  1  0  2  0  1 ] (0.00073270)
[  0  0  0  1  1  0  2  1  0 ] (0.00086356)
[  0  0  0  1  1  0  3  0  0 ] (0.00012735)
[  0  0  0  1  1  1  0  0  0 ] (0.00018250)
[  0  0  0  1  1  1  0  0  1 ] (0.00017880)
[  0  0  0  1  1  1  0  0  2 ] (0.00005017)
[  0  0  0  1  1  1  0  1  0 ] (0.00069411)
[  0  0  0  1  1  1  0  1  1 ] (0.00016366)
[  0  0  0  1  1  1  0  2  0 ] (0.00195028)
[  0  0  0  1  1  1  1  0  0 ] (0.00034133)
[  0  0  0  1  1  1  1  0  1 ] (0.00010042)
[  0  0  0  1  1  1  1  1  0 ] (0.00036324)
[  0  0  0  1  1  1  2  0  0 ] (0.00183564)
[  0  0  0  1  1  2  0  0  0 ] (0.00009629)
[  0  0  0  1  1  2  0  0  1 ] (0.00000391)
[  0  0  0  1  1  2  0  1  0 ] (0.00000007)
[  0  0  0  1  1  2  1  0  0 ] (0.00016503)
[  0  0  0  1  1  3  0  0  0 ] (0.00001821)
[  0  0  0  1  2  0  0  0  0 ] (0.00000025)
[  0  0  0  1  2  0  0  0  1 ] (0.00000972)
[  0  0  0  1  2  0  0  0  2 ] (0.00149506)
[  0  0  0  1  2  0  0  1  0 ] (0.00033116)
[  0  0  0  1  2  0  0  1  1 ] (0.00000417)
[  0  0  0  1  2  0  0  2  0 ] (0.00135425)
[  0  0  0  1  2  0  1  0  0 ] (0.00007026)
[  0  0  0  1  2  0  1  0  1 ] (0.00084612)
[  0  0  0  1  2  0  1  1  0 ] (0.00041509)
[  0  0  0  1  2  0  2  0  0 ] (0.00143031)
[  0  0  0  1  2  1  0  0  0 ] (0.00168880)
[  0  0  0  1  2  1  0  0  1 ] (0.00230260)
[  0  0  0  1  2  1  0  1  0 ] (0.01305043)
[  0  0  0  1  2  1  1  0  0 ] (0.00572791)
[  0  0  0  1  2  2  0  0  0 ] (0.00156258)
[  0  0  0  1  3  0  0  0  0 ] (0.00000005)
[  0  0  0  1  3  0  0  0  1 ] (0.00000112)
[  0  0  0  1  3  0  0  1  0 ] (0.00014053)
[  0  0  0  1  3  0  1  0  0 ] (0.00000005)
[  0  0  0  1  3  1  0  0  0 ] (0.00000794)
[  0  0  0  1  4  0  0  0  0 ] (0.00000019)
[  0  0  0  2  0  0  0  0  0 ] (0.00004310)
[  0  0  0  2  0  0  0  0  1 ] (0.00012050)
[  0  0  0  2  0  0  0  0  2 ] (0.00005942)
[  0  0  0  2  0  0  0  0  3 ] (0.00006859)
[  0  0  0  2  0  0  0  1  0 ] (0.00031275)
[  0  0  0  2  0  0  0  1  1 ] (0.00051337)
[  0  0  0  2  0  0  0  1  2 ] (0.00114207)
[  0  0  0  2  0  0  0  2  0 ] (0.00007990)
[  0  0  0  2  0  0  0  2  1 ] (0.00413608)
[  0  0  0  2  0  0  0  3  0 ] (0.00063815)
[  0  0  0  2  0  0  1  0  0 ] (0.00000075)
[  0  0  0  2  0  0  1  0  1 ] (0.00011347)
[  0  0  0  2  0  0  1  0  2 ] (0.00015559)
[  0  0  0  2  0  0  1  1  0 ] (0.00001073)
[  0  0  0  2  0  0  1  1  1 ] (0.00000918)
[  0  0  0  2  0  0  1  2  0 ] (0.00669925)
[  0  0  0  2  0  0  2  0  0 ] (0.00014013)
[  0  0  0  2  0  0  2  0  1 ] (0.00005980)
[  0  0  0  2  0  0  2  1  0 ] (0.00002236)
[  0  0  0  2  0  0  3  0  0 ] (0.00013513)
[  0  0  0  2  0  1  0  0  0 ] (0.00026937)
[  0  0  0  2  0  1  0  0  1 ] (0.00085170)
[  0  0  0  2  0  1  0  0  2 ] (0.00023275)
[  0  0  0  2  0  1  0  1  0 ] (0.00066848)
[  0  0  0  2  0  1  0  1  1 ] (0.00252261)
[  0  0  0  2  0  1  0  2  0 ] (0.00490204)
[  0  0  0  2  0  1  1  0  0 ] (0.00008320)
[  0  0  0  2  0  1  1  0  1 ] (0.00010884)
[  0  0  0  2  0  1  1  1  0 ] (0.00257802)
[  0  0  0  2  0  1  2  0  0 ] (0.00063021)
[  0  0  0  2  0  2  0  0  0 ] (0.00028321)
[  0  0  0  2  0  2  0  0  1 ] (0.00004759)
[  0  0  0  2  0  2  0  1  0 ] (0.00679437)
[  0  0  0  2  0  2  1  0  0 ] (0.00030472)
[  0  0  0  2  0  3  0  0  0 ] (0.00023601)
[  0  0  0  2  1  0  0  0  0 ] (0.00000220)
[  0  0  0  2  1  0  0  0  1 ] (0.00081743)
[  0  0  0  2  1  0  0  0  2 ] (0.00000719)
[  0  0  0  2  1  0  0  1  0 ] (0.00007379)
[  0  0  0  2  1  0  0  1  1 ] (0.00092626)
[  0  0  0  2  1  0  0  2  0 ] (0.00273109)
[  0  0  0  2  1  0  1  0  0 ] (0.00020452)
[  0  0  0  2  1  0  1  0  1 ] (0.00114830)
[  0  0  0  2  1  0  1  1  0 ] (0.00108270)
[  0  0  0  2  1  0  2  0  0 ] (0.00062728)
[  0  0  0  2  1  1  0  0  0 ] (0.00019812)
[  0  0  0  2  1  1  0  0  1 ] (0.00069431)
[  0  0  0  2  1  1  0  1  0 ] (0.00017155)
[  0  0  0  2  1  1  1  0  0 ] (0.00833425)
[  0  0  0  2  1  2  0  0  0 ] (0.00002307)
[  0  0  0  2  2  0  0  0  0 ] (0.00005314)
[  0  0  0  2  2  0  0  0  1 ] (0.00000083)
[  0  0  0  2  2  0  0  1  0 ] (0.00007600)
[  0  0  0  2  2  0  1  0  0 ] (0.00097902)
[  0  0  0  2  2  1  0  0  0 ] (0.00001304)
[  0  0  0  2  3  0  0  0  0 ] (0.00000860)
[  0  0  0  3  0  0  0  0  0 ] (0.00000163)
[  0  0  0  3  0  0  0  0  1 ] (0.00006031)
[  0  0  0  3  0  0  0  0  2 ] (0.00111847)
[  0  0  0  3  0  0  0  1  0 ] (0.00002730)
[  0  0  0  3  0  0  0  1  1 ] (0.00003982)
[  0  0  0  3  0  0  0  2  0 ] (0.00002354)
[  0  0  0  3  0  0  1  0  0 ] (0.00002661)
[  0  0  0  3  0  0  1  0  1 ] (0.00213037)
[  0  0  0  3  0  0  1  1  0 ] (0.00000349)
[  0  0  0  3  0  0  2  0  0 ] (0.00000024)
[  0  0  0  3  0  1  0  0  0 ] (0.00003008)
[  0  0  0  3  0  1  0  0  1 ] (0.00102226)
[  0  0  0  3  0  1  0  1  0 ] (0.00016576)
[  0  0  0  3  0  1  1  0  0 ] (0.00022043)
[  0  0  0  3  0  2  0  0  0 ] (0.00000561)
[  0  0  0  3  1  0  0  0  0 ] (0.00000419)
[  0  0  0  3  1  0  0  0  1 ] (0.00000110)
[  0  0  0  3  1  0  0  1  0 ] (0.00008594)
[  0  0  0  3  1  0  1  0  0 ] (0.00003228)
[  0  0  0  3  1  1  0  0  0 ] (0.00005339)
[  0  0  0  3  2  0  0  0  0 ] (0.00008502)
[  0  0  0  4  0  0  0  0  0 ] (0.00010636)
[  0  0  0  4  0  0  0  0  1 ] (0.00038673)
[  0  0  0  4  0  0  0  1  0 ] (0.00030534)
[  0  0  0  4  0  0  1  0  0 ] (0.00037168)
[  0  0  0  4  0  1  0  0  0 ] (0.00111842)
[  0  0  0  4  1  0  0  0  0 ] (0.00001011)
[  0  0  0  5  0  0  0  0  0 ] (0.00010055)
[  0  0  1  0  0  0  0  0  0 ] (0.00000001)
[  0  0  1  0  0  0  0  0  1 ] (0.00000955)
[  0  0  1  0  0  0  0  0  2 ] (0.00000279)
[  0  0  1  0  0  0  0  0  3 ] (0.00011815)
[  0  0  1  0  0  0  0  0  4 ] (0.00018694)
[  0  0  1  0  0  0  0  1  0 ] (0.00000058)
[  0  0  1  0  0  0  0  1  1 ] (0.00002861)
[  0  0  1  0  0  0  0  1  2 ] (0.00001316)
[  0  0  1  0  0  0  0  1  3 ] (0.00000083)
[  0  0  1  0  0  0  0  2  0 ] (0.00000035)
[  0  0  1  0  0  0  0  2  1 ] (0.00001535)
[  0  0  1  0  0  0  0  2  2 ] (0.00000856)
[  0  0  1  0  0  0  0  3  0 ] (0.00000427)
[  0  0  1  0  0  0  0  3  1 ] (0.00000462)
[  0  0  1  0  0  0  0  4  0 ] (0.00001709)
[  0  0  1  0  0  0  1  0  0 ] (0.00000534)
[  0  0  1  0  0  0  1  0  1 ] (0.00000543)
[  0  0  1  0  0  0  1  0  2 ] (0.00002106)
[  0  0  1  0  0  0  1  0  3 ] (0.00072038)
[  0  0  1  0  0  0  1  1  0 ] (0.00000851)
[  0  0  1  0  0  0  1  1  1 ] (0.00006329)
[  0  0  1  0  0  0  1  1  2 ] (0.00115619)
[  0  0  1  0  0  0  1  2  0 ] (0.00000269)
[  0  0  1  0  0  0  1  2  1 ] (0.00000288)
[  0  0  1  0  0  0  1  3  0 ] (0.00004062)
[  0  0  1  0  0  0  2  0  0 ] (0.00002663)
[  0  0  1  0  0  0  2  0  1 ] (0.00029785)
[  0  0  1  0  0  0  2  0  2 ] (0.00034352)
[  0  0  1  0  0  0  2  1  0 ] (0.00001125)
[  0  0  1  0  0  0  2  1  1 ] (0.00011847)
[  0  0  1  0  0  0  2  2  0 ] (0.00003409)
[  0  0  1  0  0  0  3  0  0 ] (0.00001011)
[  0  0  1  0  0  0  3  0  1 ] (0.00028655)
[  0  0  1  0  0  0  3  1  0 ] (0.00000198)
[  0  0  1  0  0  0  4  0  0 ] (0.00003054)
[  0  0  1  0  0  1  0  0  0 ] (0.00001376)
[  0  0  1  0  0  1  0  0  1 ] (0.00003834)
[  0  0  1  0  0  1  0  0  2 ] (0.00005241)
[  0  0  1  0  0  1  0  0  3 ] (0.00298868)
[  0  0  1  0  0  1  0  1  0 ] (0.00004150)
[  0  0  1  0  0  1  0  1  1 ] (0.00025646)
[  0  0  1  0  0  1  0  1  2 ] (0.00056327)
[  0  0  1  0  0  1  0  2  0 ] (0.00004835)
[  0  0  1  0  0  1  0  2  1 ] (0.00099178)
[  0  0  1  0  0  1  0  3  0 ] (0.00002604)
[  0  0  1  0  0  1  1  0  0 ] (0.00004000)
[  0  0  1  0  0  1  1  0  1 ] (0.00041320)
[  0  0  1  0  0  1  1  0  2 ] (0.00744523)
[  0  0  1  0  0  1  1  1  0 ] (0.00019884)
[  0  0  1  0  0  1  1  1  1 ] (0.00277918)
[  0  0  1  0  0  1  1  2  0 ] (0.00028202)
[  0  0  1  0  0  1  2  0  0 ] (0.00001124)
[  0  0  1  0  0  1  2  0  1 ] (0.00000351)
[  0  0  1  0  0  1  2  1  0 ] (0.00065579)
[  0  0  1  0  0  1  3  0  0 ] (0.00000011)
[  0  0  1  0  0  2  0  0  0 ] (0.00000295)
[  0  0  1  0  0  2  0  0  1 ] (0.00000953)
[  0  0  1  0  0  2  0  0  2 ] (0.00009579)
[  0  0  1  0  0  2  0  1  0 ] (0.00038542)
[  0  0  1  0  0  2  0  1  1 ] (0.00176652)
[  0  0  1  0  0  2  0  2  0 ] (0.00000614)
[  0  0  1  0  0  2  1  0  0 ] (0.00000303)
[  0  0  1  0  0  2  1  0  1 ] (0.00001908)
[  0  0  1  0  0  2  1  1  0 ] (0.00004306)
[  0  0  1  0  0  2  2  0  0 ] (0.00002078)
[  0  0  1  0  0  3  0  0  0 ] (0.00000834)
[  0  0  1  0  0  3  0  0  1 ] (0.00000000)
[  0  0  1  0  0  3  0  1  0 ] (0.00000899)
[  0  0  1  0  0  3  1  0  0 ] (0.00000026)
[  0  0  1  0  0  4  0  0  0 ] (0.00021470)
[  0  0  1  0  1  0  0  0  0 ] (0.00000018)
[  0  0  1  0  1  0  0  0  1 ] (0.00003731)
[  0  0  1  0  1  0  0  0  2 ] (0.00008491)
[  0  0  1  0  1  0  0  0  3 ] (0.00125387)
[  0  0  1  0  1  0  0  1  0 ] (0.00000263)
[  0  0  1  0  1  0  0  1  1 ] (0.00009914)
[  0  0  1  0  1  0  0  1  2 ] (0.00012621)
[  0  0  1  0  1  0  0  2  0 ] (0.00000828)
[  0  0  1  0  1  0  0  2  1 ] (0.00000360)
[  0  0  1  0  1  0  0  3  0 ] (0.00001379)
[  0  0  1  0  1  0  1  0  0 ] (0.00000082)
[  0  0  1  0  1  0  1  0  1 ] (0.00004579)
[  0  0  1  0  1  0  1  0  2 ] (0.00330342)
[  0  0  1  0  1  0  1  1  0 ] (0.00004278)
[  0  0  1  0  1  0  1  1  1 ] (0.00264457)
[  0  0  1  0  1  0  1  2  0 ] (0.00021686)
[  0  0  1  0  1  0  2  0  0 ] (0.00000976)
[  0  0  1  0  1  0  2  0  1 ] (0.00004929)
[  0  0  1  0  1  0  2  1  0 ] (0.00198719)
[  0  0  1  0  1  0  3  0  0 ] (0.00000008)
[  0  0  1  0  1  1  0  0  0 ] (0.00000104)
[  0  0  1  0  1  1  0  0  1 ] (0.00003808)
[  0  0  1  0  1  1  0  0  2 ] (0.00044094)
[  0  0  1  0  1  1  0  1  0 ] (0.00007195)
[  0  0  1  0  1  1  0  1  1 ] (0.00043056)
[  0  0  1  0  1  1  0  2  0 ] (0.00018059)
[  0  0  1  0  1  1  1  0  0 ] (0.00000029)
[  0  0  1  0  1  1  1  0  1 ] (0.00001479)
[  0  0  1  0  1  1  1  1  0 ] (0.00000534)
[  0  0  1  0  1  1  2  0  0 ] (0.00060660)
[  0  0  1  0  1  2  0  0  0 ] (0.00023055)
[  0  0  1  0  1  2  0  0  1 ] (0.00175284)
[  0  0  1  0  1  2  0  1  0 ] (0.00027698)
[  0  0  1  0  1  2  1  0  0 ] (0.00000163)
[  0  0  1  0  1  3  0  0  0 ] (0.00000073)
[  0  0  1  0  2  0  0  0  0 ] (0.00000684)
[  0  0  1  0  2  0  0  0  1 ] (0.00006452)
[  0  0  1  0  2  0  0  0  2 ] (0.00045702)
[  0  0  1  0  2  0  0  1  0 ] (0.00000058)
[  0  0  1  0  2  0  0  1  1 ] (0.00035412)
[  0  0  1  0  2  0  0  2  0 ] (0.00007588)
[  0  0  1  0  2  0  1  0  0 ] (0.00001148)
[  0  0  1  0  2  0  1  0  1 ] (0.00063085)
[  0  0  1  0  2  0  1  1  0 ] (0.00024690)
[  0  0  1  0  2  0  2  0  0 ] (0.00052480)
[  0  0  1  0  2  1  0  0  0 ] (0.00001785)
[  0  0  1  0  2  1  0  0  1 ] (0.00059380)
[  0  0  1  0  2  1  0  1  0 ] (0.00025255)
[  0  0  1  0  2  1  1  0  0 ] (0.00172286)
[  0  0  1  0  2  2  0  0  0 ] (0.00007780)
[  0  0  1  0  3  0  0  0  0 ] (0.00000119)
[  0  0  1  0  3  0  0  0  1 ] (0.00010002)
[  0  0  1  0  3  0  0  1  0 ] (0.00006016)
[  0  0  1  0  3  0  1  0  0 ] (0.00000549)
[  0  0  1  0  3  1  0  0  0 ] (0.00001661)
[  0  0  1  0  4  0  0  0  0 ] (0.00000159)
[  0  0  1  1  0  0  0  0  0 ] (0.00000548)
[  0  0  1  1  0  0  0  0  1 ] (0.00002163)
[  0  0  1  1  0  0  0  0  2 ] (0.00029648)
[  0  0  1  1  0  0  0  0  3 ] (0.00017469)
[  0  0  1  1  0  0  0  1  0 ] (0.00000835)
[  0  0  1  1  0  0  0  1  1 ] (0.00039045)
[  0  0  1  1  0  0  0  1  2 ] (0.00197855)
[  0  0  1  1  0  0  0  2  0 ] (0.00000010)
[  0  0  1  1  0  0  0  2  1 ] (0.00004281)
[  0  0  1  1  0  0  0  3  0 ] (0.00004137)
[  0  0  1  1  0  0  1  0  0 ] (0.00002680)
[  0  0  1  1  0  0  1  0  1 ] (0.00041752)
[  0  0  1  1  0  0  1  0  2 ] (0.00026422)
[  0  0  1  1  0  0  1  1  0 ] (0.00008319)
[  0  0  1  1  0  0  1  1  1 ] (0.00027361)
[  0  0  1  1  0  0  1  2  0 ] (0.00009586)
[  0  0  1  1  0  0  2  0  0 ] (0.00012072)
[  0  0  1  1  0  0  2  0  1 ] (0.00045678)
[  0  0  1  1  0  0  2  1  0 ] (0.00148094)
[  0  0  1  1  0  0  3  0  0 ] (0.00000194)
[  0  0  1  1  0  1  0  0  0 ] (0.00001909)
[  0  0  1  1  0  1  0  0  1 ] (0.00021711)
[  0  0  1  1  0  1  0  0  2 ] (0.00160808)
[  0  0  1  1  0  1  0  1  0 ] (0.00024279)
[  0  0  1  1  0  1  0  1  1 ] (0.00010532)
[  0  0  1  1  0  1  0  2  0 ] (0.00002891)
[  0  0  1  1  0  1  1  0  0 ] (0.00007858)
[  0  0  1  1  0  1  1  0  1 ] (0.00060854)
[  0  0  1  1  0  1  1  1  0 ] (0.00015350)
[  0  0  1  1  0  1  2  0  0 ] (0.00010583)
[  0  0  1  1  0  2  0  0  0 ] (0.00001834)
[  0  0  1  1  0  2  0  0  1 ] (0.00007440)
[  0  0  1  1  0  2  0  1  0 ] (0.00004196)
[  0  0  1  1  0  2  1  0  0 ] (0.00044178)
[  0  0  1  1  0  3  0  0  0 ] (0.00003621)
[  0  0  1  1  1  0  0  0  0 ] (0.00000024)
[  0  0  1  1  1  0  0  0  1 ] (0.00018783)
[  0  0  1  1  1  0  0  0  2 ] (0.00000853)
[  0  0  1  1  1  0  0  1  0 ] (0.00000000)
[  0  0  1  1  1  0  0  1  1 ] (0.00314099)
[  0  0  1  1  1  0  0  2  0 ] (0.00019082)
[  0  0  1  1  1  0  1  0  0 ] (0.00000000)
[  0  0  1  1  1  0  1  0  1 ] (0.00020463)
[  0  0  1  1  1  0  1  1  0 ] (0.00008688)
[  0  0  1  1  1  0  2  0  0 ] (0.00006654)
[  0  0  1  1  1  1  0  0  0 ] (0.00001754)
[  0  0  1  1  1  1  0  0  1 ] (0.00082690)
[  0  0  1  1  1  1  0  1  0 ] (0.00031968)
[  0  0  1  1  1  1  1  0  0 ] (0.00037135)
[  0  0  1  1  1  2  0  0  0 ] (0.00041229)
[  0  0  1  1  2  0  0  0  0 ] (0.00001614)
[  0  0  1  1  2  0  0  0  1 ] (0.00002203)
[  0  0  1  1  2  0  0  1  0 ] (0.00003749)
[  0  0  1  1  2  0  1  0  0 ] (0.00018346)
[  0  0  1  1  2  1  0  0  0 ] (0.00000026)
[  0  0  1  1  3  0  0  0  0 ] (0.00001460)
[  0  0  1  2  0  0  0  0  0 ] (0.00003019)
[  0  0  1  2  0  0  0  0  1 ] (0.00016580)
[  0  0  1  2  0  0  0  0  2 ] (0.00092026)
[  0  0  1  2  0  0  0  1  0 ] (0.00004119)
[  0  0  1  2  0  0  0  1  1 ] (0.00021171)
[  0  0  1  2  0  0  0  2  0 ] (0.00018289)
[  0  0  1  2  0  0  1  0  0 ] (0.00000669)
[  0  0  1  2  0  0  1  0  1 ] (0.00000077)
[  0  0  1  2  0  0  1  1  0 ] (0.00000952)
[  0  0  1  2  0  0  2  0  0 ] (0.00004401)
[  0  0  1  2  0  1  0  0  0 ] (0.00000048)
[  0  0  1  2  0  1  0  0  1 ] (0.00018427)
[  0  0  1  2  0  1  0  1  0 ] (0.00014101)
[  0  0  1  2  0  1  1  0  0 ] (0.00007583)
[  0  0  1  2  0  2  0  0  0 ] (0.00000239)
[  0  0  1  2  1  0  0  0  0 ] (0.00001734)
[  0  0  1  2  1  0  0  0  1 ] (0.00003333)
[  0  0  1  2  1  0  0  1  0 ] (0.00001011)
[  0  0  1  2  1  0  1  0  0 ] (0.00000069)
[  0  0  1  2  1  1  0  0  0 ] (0.00000192)
[  0  0  1  2  2  0  0  0  0 ] (0.00000005)
[  0  0  1  3  0  0  0  0  0 ] (0.00001125)
[  0  0  1  3  0  0  0  0  1 ] (0.00002091)
[  0  0  1  3  0  0  0  1  0 ] (0.00000487)
[  0  0  1  3  0  0  1  0  0 ] (0.00002967)
[  0  0  1  3  0  1  0  0  0 ] (0.00000582)
[  0  0  1  3  1  0  0  0  0 ] (0.00000467)
[  0  0  1  4  0  0  0  0  0 ] (0.00000382)
[  0  0  2  0  0  0  0  0  0 ] (0.00000165)
[  0  0  2  0  0  0  0  0  1 ] (0.00002154)
[  0  0  2  0  0  0  0  0  2 ] (0.00027838)
[  0  0  2  0  0  0  0  0  3 ] (0.00021585)
[  0  0  2  0  0  0  0  1  0 ] (0.00003950)
[  0  0  2  0  0  0  0  1  1 ] (0.00034984)
[  0  0  2  0  0  0  0  1  2 ] (0.00806958)
[  0  0  2  0  0  0  0  2  0 ] (0.00016943)
[  0  0  2  0  0  0  0  2  1 ] (0.00003694)
[  0  0  2  0  0  0  0  3  0 ] (0.00000246)
[  0  0  2  0  0  0  1  0  0 ] (0.00003717)
[  0  0  2  0  0  0  1  0  1 ] (0.00032677)
[  0  0  2  0  0  0  1  0  2 ] (0.00167272)
[  0  0  2  0  0  0  1  1  0 ] (0.00001412)
[  0  0  2  0  0  0  1  1  1 ] (0.00000024)
[  0  0  2  0  0  0  1  2  0 ] (0.00013619)
[  0  0  2  0  0  0  2  0  0 ] (0.00007722)
[  0  0  2  0  0  0  2  0  1 ] (0.00006226)
[  0  0  2  0  0  0  2  1  0 ] (0.00005245)
[  0  0  2  0  0  0  3  0  0 ] (0.00000036)
[  0  0  2  0  0  1  0  0  0 ] (0.00004987)
[  0  0  2  0  0  1  0  0  1 ] (0.00031392)
[  0  0  2  0  0  1  0  0  2 ] (0.00144974)
[  0  0  2  0  0  1  0  1  0 ] (0.00028947)
[  0  0  2  0  0  1  0  1  1 ] (0.00141159)
[  0  0  2  0  0  1  0  2  0 ] (0.00001758)
[  0  0  2  0  0  1  1  0  0 ] (0.00011840)
[  0  0  2  0  0  1  1  0  1 ] (0.00016578)
[  0  0  2  0  0  1  1  1  0 ] (0.00019309)
[  0  0  2  0  0  1  2  0  0 ] (0.00049874)
[  0  0  2  0  0  2  0  0  0 ] (0.00011594)
[  0  0  2  0  0  2  0  0  1 ] (0.00017394)
[  0  0  2  0  0  2  0  1  0 ] (0.00000884)
[  0  0  2  0  0  2  1  0  0 ] (0.00001320)
[  0  0  2  0  0  3  0  0  0 ] (0.00000853)
[  0  0  2  0  1  0  0  0  0 ] (0.00000621)
[  0  0  2  0  1  0  0  0  1 ] (0.00007949)
[  0  0  2  0  1  0  0  0  2 ] (0.00009233)
[  0  0  2  0  1  0  0  1  0 ] (0.00012532)
[  0  0  2  0  1  0  0  1  1 ] (0.00061760)
[  0  0  2  0  1  0  0  2  0 ] (0.00020362)
[  0  0  2  0  1  0  1  0  0 ] (0.00000136)
[  0  0  2  0  1  0  1  0  1 ] (0.00013269)
[  0  0  2  0  1  0  1  1  0 ] (0.00040346)
[  0  0  2  0  1  0  2  0  0 ] (0.00029570)
[  0  0  2  0  1  1  0  0  0 ] (0.00058027)
[  0  0  2  0  1  1  0  0  1 ] (0.00394240)
[  0  0  2  0  1  1  0  1  0 ] (0.00007849)
[  0  0  2  0  1  1  1  0  0 ] (0.00000186)
[  0  0  2  0  1  2  0  0  0 ] (0.00001355)
[  0  0  2  0  2  0  0  0  0 ] (0.00009096)
[  0  0  2  0  2  0  0  0  1 ] (0.00069823)
[  0  0  2  0  2  0  0  1  0 ] (0.00018396)
[  0  0  2  0  2  0  1  0  0 ] (0.00030537)
[  0  0  2  0  2  1  0  0  0 ] (0.00020771)
[  0  0  2  0  3  0  0  0  0 ] (0.00000001)
[  0  0  2  1  0  0  0  0  0 ] (0.00001670)
[  0  0  2  1  0  0  0  0  1 ] (0.00001553)
[  0  0  2  1  0  0  0  0  2 ] (0.00006774)
[  0  0  2  1  0  0  0  1  0 ] (0.00034411)
[  0  0  2  1  0  0  0  1  1 ] (0.00004499)
[  0  0  2  1  0  0  0  2  0 ] (0.00000622)
[  0  0  2  1  0  0  1  0  0 ] (0.00001836)
[  0  0  2  1  0  0  1  0  1 ] (0.00002216)
[  0  0  2  1  0  0  1  1  0 ] (0.00008758)
[  0  0  2  1  0  0  2  0  0 ] (0.00001464)
[  0  0  2  1  0  1  0  0  0 ] (0.00155714)
[  0  0  2  1  0  1  0  0  1 ] (0.00678592)
[  0  0  2  1  0  1  0  1  0 ] (0.00025834)
[  0  0  2  1  0  1  1  0  0 ] (0.00129486)
[  0  0  2  1  0  2  0  0  0 ] (0.00003302)
[  0  0  2  1  1  0  0  0  0 ] (0.00002331)
[  0  0  2  1  1  0  0  0  1 ] (0.00026327)
[  0  0  2  1  1  0  0  1  0 ] (0.00087181)
[  0  0  2  1  1  0  1  0  0 ] (0.00008339)
[  0  0  2  1  1  1  0  0  0 ] (0.00004317)
[  0  0  2  1  2  0  0  0  0 ] (0.00000021)
[  0  0  2  2  0  0  0  0  0 ] (0.00006194)
[  0  0  2  2  0  0  0  0  1 ] (0.00036389)
[  0  0  2  2  0  0  0  1  0 ] (0.00002726)
[  0  0  2  2  0  0  1  0  0 ] (0.00080960)
[  0  0  2  2  0  1  0  0  0 ] (0.00003063)
[  0  0  2  2  1  0  0  0  0 ] (0.00000039)
[  0  0  2  3  0  0  0  0  0 ] (0.00001789)
[  0  0  3  0  0  0  0  0  0 ] (0.00000221)
[  0  0  3  0  0  0  0  0  1 ] (0.00000977)
[  0  0  3  0  0  0  0  0  2 ] (0.00000723)
[  0  0  3  0  0  0  0  1  0 ] (0.00001220)
[  0  0  3  0  0  0  0  1  1 ] (0.00004773)
[  0  0  3  0  0  0  0  2  0 ] (0.00000038)
[  0  0  3  0  0  0  1  0  0 ] (0.00000123)
[  0  0  3  0  0  0  1  0  1 ] (0.00001092)
[  0  0  3  0  0  0  1  1  0 ] (0.00001580)
[  0  0  3  0  0  0  2  0  0 ] (0.00000012)
[  0  0  3  0  0  1  0  0  0 ] (0.00000001)
[  0  0  3  0  0  1  0  0  1 ] (0.00000004)
[  0  0  3  0  0  1  0  1  0 ] (0.00000257)
[  0  0  3  0  0  1  1  0  0 ] (0.00001781)
[  0  0  3  0  0  2  0  0  0 ] (0.00000001)
[  0  0  3  0  1  0  0  0  0 ] (0.00000107)
[  0  0  3  0  1  0  0  0  1 ] (0.00001292)
[  0  0  3  0  1  0  0  1  0 ] (0.00000008)
[  0  0  3  0  1  0  1  0  0 ] (0.00000139)
[  0  0  3  0  1  1  0  0  0 ] (0.00000016)
[  0  0  3  0  2  0  0  0  0 ] (0.00000169)
[  0  0  3  1  0  0  0  0  0 ] (0.00000053)
[  0  0  3  1  0  0  0  0  1 ] (0.00000004)
[  0  0  3  1  0  0  0  1  0 ] (0.00001462)
[  0  0  3  1  0  0  1  0  0 ] (0.00000090)
[  0  0  3  1  0  1  0  0  0 ] (0.00000010)
[  0  0  3  1  1  0  0  0  0 ] (0.00000125)
[  0  0  3  2  0  0  0  0  0 ] (0.00000599)
[  0  0  4  0  0  0  0  0  0 ] (0.00000001)
[  0  0  4  0  0  0  0  0  1 ] (0.00000081)
[  0  0  4  0  0  0  0  1  0 ] (0.00000795)
[  0  0  4  0  0  0  1  0  0 ] (0.00002124)
[  0  0  4  0  0  1  0  0  0 ] (0.00000801)
[  0  0  4  0  1  0  0  0  0 ] (0.00000063)
[  0  0  4  1  0  0  0  0  0 ] (0.00002175)
[  0  0  5  0  0  0  0  0  0 ] (0.00000808)
[  0  1  0  0  0  0  0  0  0 ] (0.00000174)
[  0  1  0  0  0  0  0  0  1 ] (0.00000197)
[  0  1  0  0  0  0  0  0  2 ] (0.00000183)
[  0  1  0  0  0  0  0  0  3 ] (0.00000449)
[  0  1  0  0  0  0  0  0  4 ] (0.00001464)
[  0  1  0  0  0  0  0  1  0 ] (0.00000506)
[  0  1  0  0  0  0  0  1  1 ] (0.00001124)
[  0  1  0  0  0  0  0  1  2 ] (0.00003196)
[  0  1  0  0  0  0  0  1  3 ] (0.00001092)
[  0  1  0  0  0  0  0  2  0 ] (0.00000435)
[  0  1  0  0  0  0  0  2  1 ] (0.00000613)
[  0  1  0  0  0  0  0  2  2 ] (0.00003806)
[  0  1  0  0  0  0  0  3  0 ] (0.00000137)
[  0  1  0  0  0  0  0  3  1 ] (0.00000972)
[  0  1  0  0  0  0  0  4  0 ] (0.00000089)
[  0  1  0  0  0  0  1  0  0 ] (0.00000079)
[  0  1  0  0  0  0  1  0  1 ] (0.00001462)
[  0  1  0  0  0  0  1  0  2 ] (0.00018459)
[  0  1  0  0  0  0  1  0  3 ] (0.00301805)
[  0  1  0  0  0  0  1  1  0 ] (0.00001768)
[  0  1  0  0  0  0  1  1  1 ] (0.00010032)
[  0  1  0  0  0  0  1  1  2 ] (0.00000421)
[  0  1  0  0  0  0  1  2  0 ] (0.00000697)
[  0  1  0  0  0  0  1  2  1 ] (0.00006192)
[  0  1  0  0  0  0  1  3  0 ] (0.00000033)
[  0  1  0  0  0  0  2  0  0 ] (0.00000411)
[  0  1  0  0  0  0  2  0  1 ] (0.00004604)
[  0  1  0  0  0  0  2  0  2 ] (0.00010932)
[  0  1  0  0  0  0  2  1  0 ] (0.00006800)
[  0  1  0  0  0  0  2  1  1 ] (0.00120229)
[  0  1  0  0  0  0  2  2  0 ] (0.00011537)
[  0  1  0  0  0  0  3  0  0 ] (0.00000602)
[  0  1  0  0  0  0  3  0  1 ] (0.00007283)
[  0  1  0  0  0  0  3  1  0 ] (0.00000368)
[  0  1  0  0  0  0  4  0  0 ] (0.00000291)
[  0  1  0  0  0  1  0  0  0 ] (0.00000053)
[  0  1  0  0  0  1  0  0  1 ] (0.00002718)
[  0  1  0  0  0  1  0  0  2 ] (0.00000042)
[  0  1  0  0  0  1  0  0  3 ] (0.00015609)
[  0  1  0  0  0  1  0  1  0 ] (0.00003355)
[  0  1  0  0  0  1  0  1  1 ] (0.00015670)
[  0  1  0  0  0  1  0  1  2 ] (0.00902628)
[  0  1  0  0  0  1  0  2  0 ] (0.00000606)
[  0  1  0  0  0  1  0  2  1 ] (0.00002899)
[  0  1  0  0  0  1  0  3  0 ] (0.00000221)
[  0  1  0  0  0  1  1  0  0 ] (0.00000304)
[  0  1  0  0  0  1  1  0  1 ] (0.00000801)
[  0  1  0  0  0  1  1  0  2 ] (0.00006266)
[  0  1  0  0  0  1  1  1  0 ] (0.00019558)
[  0  1  0  0  0  1  1  1  1 ] (0.00484016)
[  0  1  0  0  0  1  1  2  0 ] (0.00036254)
[  0  1  0  0  0  1  2  0  0 ] (0.00000008)
[  0  1  0  0  0  1  2  0  1 ] (0.00001782)
[  0  1  0  0  0  1  2  1  0 ] (0.00004043)
[  0  1  0  0  0  1  3  0  0 ] (0.00000009)
[  0  1  0  0  0  2  0  0  0 ] (0.00001619)
[  0  1  0  0  0  2  0  0  1 ] (0.00005223)
[  0  1  0  0  0  2  0  0  2 ] (0.00001149)
[  0  1  0  0  0  2  0  1  0 ] (0.00006494)
[  0  1  0  0  0  2  0  1  1 ] (0.00026026)
[  0  1  0  0  0  2  0  2  0 ] (0.00000012)
[  0  1  0  0  0  2  1  0  0 ] (0.00006902)
[  0  1  0  0  0  2  1  0  1 ] (0.00016872)
[  0  1  0  0  0  2  1  1  0 ] (0.00001629)
[  0  1  0  0  0  2  2  0  0 ] (0.00001607)
[  0  1  0  0  0  3  0  0  0 ] (0.00000975)
[  0  1  0  0  0  3  0  0  1 ] (0.00005126)
[  0  1  0  0  0  3  0  1  0 ] (0.00004527)
[  0  1  0  0  0  3  1  0  0 ] (0.00001880)
[  0  1  0  0  0  4  0  0  0 ] (0.00002997)
[  0  1  0  0  1  0  0  0  0 ] (0.00000846)
[  0  1  0  0  1  0  0  0  1 ] (0.00006343)
[  0  1  0  0  1  0  0  0  2 ] (0.00050308)
[  0  1  0  0  1  0  0  0  3 ] (0.00995626)
[  0  1  0  0  1  0  0  1  0 ] (0.00000014)
[  0  1  0  0  1  0  0  1  1 ] (0.00010121)
[  0  1  0  0  1  0  0  1  2 ] (0.00447518)
[  0  1  0  0  1  0  0  2  0 ] (0.00010963)
[  0  1  0  0  1  0  0  2  1 ] (0.00093544)
[  0  1  0  0  1  0  0  3  0 ] (0.00004638)
[  0  1  0  0  1  0  1  0  0 ] (0.00001361)
[  0  1  0  0  1  0  1  0  1 ] (0.00015363)
[  0  1  0  0  1  0  1  0  2 ] (0.00071837)
[  0  1  0  0  1  0  1  1  0 ] (0.00002284)
[  0  1  0  0  1  0  1  1  1 ] (0.00091059)
[  0  1  0  0  1  0  1  2  0 ] (0.00014373)
[  0  1  0  0  1  0  2  0  0 ] (0.00017994)
[  0  1  0  0  1  0  2  0  1 ] (0.00120420)
[  0  1  0  0  1  0  2  1  0 ] (0.00023881)
[  0  1  0  0  1  0  3  0  0 ] (0.00000167)
[  0  1  0  0  1  1  0  0  0 ] (0.00002989)
[  0  1  0  0  1  1  0  0  1 ] (0.00001126)
[  0  1  0  0  1  1  0  0  2 ] (0.00454736)
[  0  1  0  0  1  1  0  1  0 ] (0.00000059)
[  0  1  0  0  1  1  0  1  1 ] (0.00037894)
[  0  1  0  0  1  1  0  2  0 ] (0.00007478)
[  0  1  0  0  1  1  1  0  0 ] (0.00018194)
[  0  1  0  0  1  1  1  0  1 ] (0.00069125)
[  0  1  0  0  1  1  1  1  0 ] (0.00004451)
[  0  1  0  0  1  1  2  0  0 ] (0.00004826)
[  0  1  0  0  1  2  0  0  0 ] (0.00012122)
[  0  1  0  0  1  2  0  0  1 ] (0.00014735)
[  0  1  0  0  1  2  0  1  0 ] (0.00009907)
[  0  1  0  0  1  2  1  0  0 ] (0.00006761)
[  0  1  0  0  1  3  0  0  0 ] (0.00003792)
[  0  1  0  0  2  0  0  0  0 ] (0.00000563)
[  0  1  0  0  2  0  0  0  1 ] (0.00002847)
[  0  1  0  0  2  0  0  0  2 ] (0.00000050)
[  0  1  0  0  2  0  0  1  0 ] (0.00006493)
[  0  1  0  0  2  0  0  1  1 ] (0.00171029)
[  0  1  0  0  2  0  0  2  0 ] (0.00040446)
[  0  1  0  0  2  0  1  0  0 ] (0.00005338)
[  0  1  0  0  2  0  1  0  1 ] (0.00140634)
[  0  1  0  0  2  0  1  1  0 ] (0.00050298)
[  0  1  0  0  2  0  2  0  0 ] (0.00004320)
[  0  1  0  0  2  1  0  0  0 ] (0.00002673)
[  0  1  0  0  2  1  0  0  1 ] (0.00000164)
[  0  1  0  0  2  1  0  1  0 ] (0.00027372)
[  0  1  0  0  2  1  1  0  0 ] (0.00010026)
[  0  1  0  0  2  2  0  0  0 ] (0.00001426)
[  0  1  0  0  3  0  0  0  0 ] (0.00000225)
[  0  1  0  0  3  0  0  0  1 ] (0.00000944)
[  0  1  0  0  3  0  0  1  0 ] (0.00000456)
[  0  1  0  0  3  0  1  0  0 ] (0.00000048)
[  0  1  0  0  3  1  0  0  0 ] (0.00000009)
[  0  1  0  0  4  0  0  0  0 ] (0.00000152)
[  0  1  0  1  0  0  0  0  0 ] (0.00000179)
[  0  1  0  1  0  0  0  0  1 ] (0.00001991)
[  0  1  0  1  0  0  0  0  2 ] (0.00011417)
[  0  1  0  1  0  0  0  0  3 ] (0.00054265)
[  0  1  0  1  0  0  0  1  0 ] (0.00000203)
[  0  1  0  1  0  0  0  1  1 ] (0.00019684)
[  0  1  0  1  0  0  0  1  2 ] (0.00039197)
[  0  1  0  1  0  0  0  2  0 ] (0.00001250)
[  0  1  0  1  0  0  0  2  1 ] (0.00001175)
[  0  1  0  1  0  0  0  3  0 ] (0.00000109)
[  0  1  0  1  0  0  1  0  0 ] (0.00000028)
[  0  1  0  1  0  0  1  0  1 ] (0.00026745)
[  0  1  0  1  0  0  1  0  2 ] (0.00078737)
[  0  1  0  1  0  0  1  1  0 ] (0.00001733)
[  0  1  0  1  0  0  1  1  1 ] (0.00002707)
[  0  1  0  1  0  0  1  2  0 ] (0.00000670)
[  0  1  0  1  0  0  2  0  0 ] (0.00013255)
[  0  1  0  1  0  0  2  0  1 ] (0.00020590)
[  0  1  0  1  0  0  2  1  0 ] (0.00013164)
[  0  1  0  1  0  0  3  0  0 ] (0.00001131)
[  0  1  0  1  0  1  0  0  0 ] (0.00000099)
[  0  1  0  1  0  1  0  0  1 ] (0.00004724)
[  0  1  0  1  0  1  0  0  2 ] (0.00027701)
[  0  1  0  1  0  1  0  1  0 ] (0.00000000)
[  0  1  0  1  0  1  0  1  1 ] (0.00011183)
[  0  1  0  1  0  1  0  2  0 ] (0.00030668)
[  0  1  0  1  0  1  1  0  0 ] (0.00000263)
[  0  1  0  1  0  1  1  0  1 ] (0.00003455)
[  0  1  0  1  0  1  1  1  0 ] (0.00109748)
[  0  1  0  1  0  1  2  0  0 ] (0.00001918)
[  0  1  0  1  0  2  0  0  0 ] (0.00038083)
[  0  1  0  1  0  2  0  0  1 ] (0.00184320)
[  0  1  0  1  0  2  0  1  0 ] (0.00001937)
[  0  1  0  1  0  2  1  0  0 ] (0.00029625)
[  0  1  0  1  0  3  0  0  0 ] (0.00000015)
[  0  1  0  1  1  0  0  0  0 ] (0.00003307)
[  0  1  0  1  1  0  0  0  1 ] (0.00093795)
[  0  1  0  1  1  0  0  0  2 ] (0.00405233)
[  0  1  0  1  1  0  0  1  0 ] (0.00000346)
[  0  1  0  1  1  0  0  1  1 ] (0.00047001)
[  0  1  0  1  1  0  0  2  0 ] (0.00000045)
[  0  1  0  1  1  0  1  0  0 ] (0.00006151)
[  0  1  0  1  1  0  1  0  1 ] (0.00093706)
[  0  1  0  1  1  0  1  1  0 ] (0.00000552)
[  0  1  0  1  1  0  2  0  0 ] (0.00008309)
[  0  1  0  1  1  1  0  0  0 ] (0.00000011)
[  0  1  0  1  1  1  0  0  1 ] (0.00002730)
[  0  1  0  1  1  1  0  1  0 ] (0.00045806)
[  0  1  0  1  1  1  1  0  0 ] (0.00001326)
[  0  1  0  1  1  2  0  0  0 ] (0.00012221)
[  0  1  0  1  2  0  0  0  0 ] (0.00003687)
[  0  1  0  1  2  0  0  0  1 ] (0.00019001)
[  0  1  0  1  2  0  0  1  0 ] (0.00000140)
[  0  1  0  1  2  0  1  0  0 ] (0.00000595)
[  0  1  0  1  2  1  0  0  0 ] (0.00004864)
[  0  1  0  1  3  0  0  0  0 ] (0.00000351)
[  0  1  0  2  0  0  0  0  0 ] (0.00002422)
[  0  1  0  2  0  0  0  0  1 ] (0.00008541)
[  0  1  0  2  0  0  0  0  2 ] (0.00051818)
[  0  1  0  2  0  0  0  1  0 ] (0.00006093)
[  0  1  0  2  0  0  0  1  1 ] (0.00010143)
[  0  1  0  2  0  0  0  2  0 ] (0.00001031)
[  0  1  0  2  0  0  1  0  0 ] (0.00002670)
[  0  1  0  2  0  0  1  0  1 ] (0.00005688)
[  0  1  0  2  0  0  1  1  0 ] (0.00005923)
[  0  1  0  2  0  0  2  0  0 ] (0.00000340)
[  0  1  0  2  0  1  0  0  0 ] (0.00004338)
[  0  1  0  2  0  1  0  0  1 ] (0.00023898)
[  0  1  0  2  0  1  0  1  0 ] (0.00048157)
[  0  1  0  2  0  1  1  0  0 ] (0.00001425)
[  0  1  0  2  0  2  0  0  0 ] (0.00017339)
[  0  1  0  2  1  0  0  0  0 ] (0.00000824)
[  0  1  0  2  1  0  0  0  1 ] (0.00004619)
[  0  1  0  2  1  0  0  1  0 ] (0.00013226)
[  0  1  0  2  1  0  1  0  0 ] (0.00013533)
[  0  1  0  2  1  1  0  0  0 ] (0.00000784)
[  0  1  0  2  2  0  0  0  0 ] (0.00005249)
[  0  1  0  3  0  0  0  0  0 ] (0.00000341)
[  0  1  0  3  0  0  0  0  1 ] (0.00000435)
[  0  1  0  3  0  0  0  1  0 ] (0.00001293)
[  0  1  0  3  0  0  1  0  0 ] (0.00002841)
[  0  1  0  3  0  1  0  0  0 ] (0.00000817)
[  0  1  0  3  1  0  0  0  0 ] (0.00000800)
[  0  1  0  4  0  0  0  0  0 ] (0.00000406)
[  0  1  1  0  0  0  0  0  0 ] (0.00001549)
[  0  1  1  0  0  0  0  0  1 ] (0.00004225)
[  0  1  1  0  0  0  0  0  2 ] (0.00000127)
[  0  1  1  0  0  0  0  0  3 ] (0.01006967)
[  0  1  1  0  0  0  0  1  0 ] (0.00001836)
[  0  1  1  0  0  0  0  1  1 ] (0.00023973)
[  0  1  1  0  0  0  0  1  2 ] (0.00051777)
[  0  1  1  0  0  0  0  2  0 ] (0.00000443)
[  0  1  1  0  0  0  0  2  1 ] (0.00024026)
[  0  1  1  0  0  0  0  3  0 ] (0.00016501)
[  0  1  1  0  0  0  1  0  0 ] (0.00008554)
[  0  1  1  0  0  0  1  0  1 ] (0.00037528)
[  0  1  1  0  0  0  1  0  2 ] (0.00062056)
[  0  1  1  0  0  0  1  1  0 ] (0.00000959)
[  0  1  1  0  0  0  1  1  1 ] (0.00013455)
[  0  1  1  0  0  0  1  2  0 ] (0.00020498)
[  0  1  1  0  0  0  2  0  0 ] (0.00034769)
[  0  1  1  0  0  0  2  0  1 ] (0.00100233)
[  0  1  1  0  0  0  2  1  0 ] (0.00006664)
[  0  1  1  0  0  0  3  0  0 ] (0.00007045)
[  0  1  1  0  0  1  0  0  0 ] (0.00002293)
[  0  1  1  0  0  1  0  0  1 ] (0.00000944)
[  0  1  1  0  0  1  0  0  2 ] (0.00000464)
[  0  1  1  0  0  1  0  1  0 ] (0.00025087)
[  0  1  1  0  0  1  0  1  1 ] (0.00144698)
[  0  1  1  0  0  1  0  2  0 ] (0.00000070)
[  0  1  1  0  0  1  1  0  0 ] (0.00153066)
[  0  1  1  0  0  1  1  0  1 ] (0.00817393)
[  0  1  1  0  0  1  1  1  0 ] (0.00044073)
[  0  1  1  0  0  1  2  0  0 ] (0.00000762)
[  0  1  1  0  0  2  0  0  0 ] (0.00090998)
[  0  1  1  0  0  2  0  0  1 ] (0.00202232)
[  0  1  1  0  0  2  0  1  0 ] (0.00008215)
[  0  1  1  0  0  2  1  0  0 ] (0.00078817)
[  0  1  1  0  0  3  0  0  0 ] (0.00017003)
[  0  1  1  0  1  0  0  0  0 ] (0.00005965)
[  0  1  1  0  1  0  0  0  1 ] (0.00016141)
[  0  1  1  0  1  0  0  0  2 ] (0.00055523)
[  0  1  1  0  1  0  0  1  0 ] (0.00001502)
[  0  1  1  0  1  0  0  1  1 ] (0.00016016)
[  0  1  1  0  1  0  0  2  0 ] (0.00015498)
[  0  1  1  0  1  0  1  0  0 ] (0.00013544)
[  0  1  1  0  1  0  1  0  1 ] (0.00062598)
[  0  1  1  0  1  0  1  1  0 ] (0.00002386)
[  0  1  1  0  1  0  2  0  0 ] (0.00001213)
[  0  1  1  0  1  1  0  0  0 ] (0.00011294)
[  0  1  1  0  1  1  0  0  1 ] (0.00043693)
[  0  1  1  0  1  1  0  1  0 ] (0.00000901)
[  0  1  1  0  1  1  1  0  0 ] (0.00021559)
[  0  1  1  0  1  2  0  0  0 ] (0.00025013)
[  0  1  1  0  2  0  0  0  0 ] (0.00000231)
[  0  1  1  0  2  0  0  0  1 ] (0.00002612)
[  0  1  1  0  2  0  0  1  0 ] (0.00032221)
[  0  1  1  0  2  0  1  0  0 ] (0.00000105)
[  0  1  1  0  2  1  0  0  0 ] (0.00000031)
[  0  1  1  0  3  0  0  0  0 ] (0.00000614)
[  0  1  1  1  0  0  0  0  0 ] (0.00031814)
[  0  1  1  1  0  0  0  0  1 ] (0.00107966)
[  0  1  1  1  0  0  0  0  2 ] (0.00298219)
[  0  1  1  1  0  0  0  1  0 ] (0.00023028)
[  0  1  1  1  0  0  0  1  1 ] (0.00075342)
[  0  1  1  1  0  0  0  2  0 ] (0.00036172)
[  0  1  1  1  0  0  1  0  0 ] (0.00017780)
[  0  1  1  1  0  0  1  0  1 ] (0.00082336)
[  0  1  1  1  0  0  1  1  0 ] (0.00009712)
[  0  1  1  1  0  0  2  0  0 ] (0.00002171)
[  0  1  1  1  0  1  0  0  0 ] (0.00094001)
[  0  1  1  1  0  1  0  0  1 ] (0.00111225)
[  0  1  1  1  0  1  0  1  0 ] (0.00026014)
[  0  1  1  1  0  1  1  0  0 ] (0.00058986)
[  0  1  1  1  0  2  0  0  0 ] (0.00095265)
[  0  1  1  1  1  0  0  0  0 ] (0.00001296)
[  0  1  1  1  1  0  0  0  1 ] (0.00000974)
[  0  1  1  1  1  0  0  1  0 ] (0.00000113)
[  0  1  1  1  1  0  1  0  0 ] (0.00002821)
[  0  1  1  1  1  1  0  0  0 ] (0.00004398)
[  0  1  1  1  2  0  0  0  0 ] (0.00000890)
[  0  1  1  2  0  0  0  0  0 ] (0.00000040)
[  0  1  1  2  0  0  0  0  1 ] (0.00012780)
[  0  1  1  2  0  0  0  1  0 ] (0.00015214)
[  0  1  1  2  0  0  1  0  0 ] (0.00001846)
[  0  1  1  2  0  1  0  0  0 ] (0.00058347)
[  0  1  1  2  1  0  0  0  0 ] (0.00002073)
[  0  1  1  3  0  0  0  0  0 ] (0.00000000)
[  0  1  2  0  0  0  0  0  0 ] (0.00000041)
[  0  1  2  0  0  0  0  0  1 ] (0.00000406)
[  0  1  2  0  0  0  0  0  2 ] (0.00000003)
[  0  1  2  0  0  0  0  1  0 ] (0.00030045)
[  0  1  2  0  0  0  0  1  1 ] (0.00107343)
[  0  1  2  0  0  0  0  2  0 ] (0.00001120)
[  0  1  2  0  0  0  1  0  0 ] (0.00007817)
[  0  1  2  0  0  0  1  0  1 ] (0.00066986)
[  0  1  2  0  0  0  1  1  0 ] (0.00002080)
[  0  1  2  0  0  0  2  0  0 ] (0.00000982)
[  0  1  2  0  0  1  0  0  0 ] (0.00000796)
[  0  1  2  0  0  1  0  0  1 ] (0.00002269)
[  0  1  2  0  0  1  0  1  0 ] (0.00010191)
[  0  1  2  0  0  1  1  0  0 ] (0.00000654)
[  0  1  2  0  0  2  0  0  0 ] (0.00000576)
[  0  1  2  0  1  0  0  0  0 ] (0.00001862)
[  0  1  2  0  1  0  0  0  1 ] (0.00000303)
[  0  1  2  0  1  0  0  1  0 ] (0.00010109)
[  0  1  2  0  1  0  1  0  0 ] (0.00001927)
[  0  1  2  0  1  1  0  0  0 ] (0.00003113)
[  0  1  2  0  2  0  0  0  0 ] (0.00000126)
[  0  1  2  1  0  0  0  0  0 ] (0.00010075)
[  0  1  2  1  0  0  0  0  1 ] (0.00039746)
[  0  1  2  1  0  0  0  1  0 ] (0.00006327)
[  0  1  2  1  0  0  1  0  0 ] (0.00001080)
[  0  1  2  1  0  1  0  0  0 ] (0.00011540)
[  0  1  2  1  1  0  0  0  0 ] (0.00000098)
[  0  1  2  2  0  0  0  0  0 ] (0.00000023)
[  0  1  3  0  0  0  0  0  0 ] (0.00000342)
[  0  1  3  0  0  0  0  0  1 ] (0.00000886)
[  0  1  3  0  0  0  0  1  0 ] (0.00000027)
[  0  1  3  0  0  0  1  0  0 ] (0.00000002)
[  0  1  3  0  0  1  0  0  0 ] (0.00000072)
[  0  1  3  0  1  0  0  0  0 ] (0.00000004)
[  0  1  3  1  0  0  0  0  0 ] (0.00000027)
[  0  1  4  0  0  0  0  0  0 ] (0.00001897)
[  0  2  0  0  0  0  0  0  0 ] (0.00000043)
[  0  2  0  0  0  0  0  0  1 ] (0.00020088)
[  0  2  0  0  0  0  0  0  2 ] (0.00003736)
[  0  2  0  0  0  0  0  0  3 ] (0.00839599)
[  0  2  0  0  0  0  0  1  0 ] (0.00000320)
[  0  2  0  0  0  0  0  1  1 ] (0.00000309)
[  0  2  0  0  0  0  0  1  2 ] (0.00073158)
[  0  2  0  0  0  0  0  2  0 ] (0.00001344)
[  0  2  0  0  0  0  0  2  1 ] (0.00004348)
[  0  2  0  0  0  0  0  3  0 ] (0.00002801)
[  0  2  0  0  0  0  1  0  0 ] (0.00001916)
[  0  2  0  0  0  0  1  0  1 ] (0.00003452)
[  0  2  0  0  0  0  1  0  2 ] (0.00057592)
[  0  2  0  0  0  0  1  1  0 ] (0.00000204)
[  0  2  0  0  0  0  1  1  1 ] (0.00000737)
[  0  2  0  0  0  0  1  2  0 ] (0.00009470)
[  0  2  0  0  0  0  2  0  0 ] (0.00017163)
[  0  2  0  0  0  0  2  0  1 ] (0.00056662)
[  0  2  0  0  0  0  2  1  0 ] (0.00018739)
[  0  2  0  0  0  0  3  0  0 ] (0.00004625)
[  0  2  0  0  0  1  0  0  0 ] (0.00001349)
[  0  2  0  0  0  1  0  0  1 ] (0.00012277)
[  0  2  0  0  0  1  0  0  2 ] (0.00078649)
[  0  2  0  0  0  1  0  1  0 ] (0.00000754)
[  0  2  0  0  0  1  0  1  1 ] (0.00003541)
[  0  2  0  0  0  1  0  2  0 ] (0.00002563)
[  0  2  0  0  0  1  1  0  0 ] (0.00433429)
[  0  2  0  0  0  1  1  0  1 ] (0.01794174)
[  0  2  0  0  0  1  1  1  0 ] (0.00003231)
[  0  2  0  0  0  1  2  0  0 ] (0.00001188)
[  0  2  0  0  0  2  0  0  0 ] (0.00024414)
[  0  2  0  0  0  2  0  0  1 ] (0.00058802)
[  0  2  0  0  0  2  0  1  0 ] (0.00002174)
[  0  2  0  0  0  2  1  0  0 ] (0.00002679)
[  0  2  0  0  0  3  0  0  0 ] (0.00003124)
[  0  2  0  0  1  0  0  0  0 ] (0.00000745)
[  0  2  0  0  1  0  0  0  1 ] (0.00001980)
[  0  2  0  0  1  0  0  0  2 ] (0.00000584)
[  0  2  0  0  1  0  0  1  0 ] (0.00009045)
[  0  2  0  0  1  0  0  1  1 ] (0.00061801)
[  0  2  0  0  1  0  0  2  0 ] (0.00000011)
[  0  2  0  0  1  0  1  0  0 ] (0.00007567)
[  0  2  0  0  1  0  1  0  1 ] (0.00016011)
[  0  2  0  0  1  0  1  1  0 ] (0.00000540)
[  0  2  0  0  1  0  2  0  0 ] (0.00000246)
[  0  2  0  0  1  1  0  0  0 ] (0.00034572)
[  0  2  0  0  1  1  0  0  1 ] (0.00114868)
[  0  2  0  0  1  1  0  1  0 ] (0.00017879)
[  0  2  0  0  1  1  1  0  0 ] (0.00008934)
[  0  2  0  0  1  2  0  0  0 ] (0.00000025)
[  0  2  0  0  2  0  0  0  0 ] (0.00005418)
[  0  2  0  0  2  0  0  0  1 ] (0.00034853)
[  0  2  0  0  2  0  0  1  0 ] (0.00005289)
[  0  2  0  0  2  0  1  0  0 ] (0.00022641)
[  0  2  0  0  2  1  0  0  0 ] (0.00007493)
[  0  2  0  0  3  0  0  0  0 ] (0.00001418)
[  0  2  0  1  0  0  0  0  0 ] (0.00015606)
[  0  2  0  1  0  0  0  0  1 ] (0.00035535)
[  0  2  0  1  0  0  0  0  2 ] (0.00234318)
[  0  2  0  1  0  0  0  1  0 ] (0.00005177)
[  0  2  0  1  0  0  0  1  1 ] (0.00005434)
[  0  2  0  1  0  0  0  2  0 ] (0.00030874)
[  0  2  0  1  0  0  1  0  0 ] (0.00005772)
[  0  2  0  1  0  0  1  0  1 ] (0.00012690)
[  0  2  0  1  0  0  1  1  0 ] (0.00031015)
[  0  2  0  1  0  0  2  0  0 ] (0.00010319)
[  0  2  0  1  0  1  0  0  0 ] (0.00019089)
[  0  2  0  1  0  1  0  0  1 ] (0.00009761)
[  0  2  0  1  0  1  0  1  0 ] (0.00070750)
[  0  2  0  1  0  1  1  0  0 ] (0.00002531)
[  0  2  0  1  0  2  0  0  0 ] (0.00007719)
[  0  2  0  1  1  0  0  0  0 ] (0.00003637)
[  0  2  0  1  1  0  0  0  1 ] (0.00001908)
[  0  2  0  1  1  0  0  1  0 ] (0.00001191)
[  0  2  0  1  1  0  1  0  0 ] (0.00026443)
[  0  2  0  1  1  1  0  0  0 ] (0.00010285)
[  0  2  0  1  2  0  0  0  0 ] (0.00004182)
[  0  2  0  2  0  0  0  0  0 ] (0.00000251)
[  0  2  0  2  0  0  0  0  1 ] (0.00000825)
[  0  2  0  2  0  0  0  1  0 ] (0.00003160)
[  0  2  0  2  0  0  1  0  0 ] (0.00010909)
[  0  2  0  2  0  1  0  0  0 ] (0.00006821)
[  0  2  0  2  1  0  0  0  0 ] (0.00015180)
[  0  2  0  3  0  0  0  0  0 ] (0.00000913)
[  0  2  1  0  0  0  0  0  0 ] (0.00000112)
[  0  2  1  0  0  0  0  0  1 ] (0.00004036)
[  0  2  1  0  0  0  0  0  2 ] (0.00006662)
[  0  2  1  0  0  0  0  1  0 ] (0.00007037)
[  0  2  1  0  0  0  0  1  1 ] (0.00028034)
[  0  2  1  0  0  0  0  2  0 ] (0.00000556)
[  0  2  1  0  0  0  1  0  0 ] (0.00006108)
[  0  2  1  0  0  0  1  0  1 ] (0.00026323)
[  0  2  1  0  0  0  1  1  0 ] (0.00010035)
[  0  2  1  0  0  0  2  0  0 ] (0.00000171)
[  0  2  1  0  0  1  0  0  0 ] (0.00001614)
[  0  2  1  0  0  1  0  0  1 ] (0.00002687)
[  0  2  1  0  0  1  0  1  0 ] (0.00006115)
[  0  2  1  0  0  1  1  0  0 ] (0.00002858)
[  0  2  1  0  0  2  0  0  0 ] (0.00000115)
[  0  2  1  0  1  0  0  0  0 ] (0.00003349)
[  0  2  1  0  1  0  0  0  1 ] (0.00004863)
[  0  2  1  0  1  0  0  1  0 ] (0.00000768)
[  0  2  1  0  1  0  1  0  0 ] (0.00004569)
[  0  2  1  0  1  1  0  0  0 ] (0.00010720)
[  0  2  1  0  2  0  0  0  0 ] (0.00001481)
[  0  2  1  1  0  0  0  0  0 ] (0.00004817)
[  0  2  1  1  0  0  0  0  1 ] (0.00023985)
[  0  2  1  1  0  0  0  1  0 ] (0.00004317)
[  0  2  1  1  0  0  1  0  0 ] (0.00004096)
[  0  2  1  1  0  1  0  0  0 ] (0.00005678)
[  0  2  1  1  1  0  0  0  0 ] (0.00000054)
[  0  2  1  2  0  0  0  0  0 ] (0.00000997)
[  0  2  2  0  0  0  0  0  0 ] (0.00003158)
[  0  2  2  0  0  0  0  0  1 ] (0.00023490)
[  0  2  2  0  0  0  0  1  0 ] (0.00005920)
[  0  2  2  0  0  0  1  0  0 ] (0.00000725)
[  0  2  2  0  0  1  0  0  0 ] (0.00000919)
[  0  2  2  0  1  0  0  0  0 ] (0.00001444)
[  0  2  2  1  0  0  0  0  0 ] (0.00007786)
[  0  2  3  0  0  0  0  0  0 ] (0.00000008)
[  0  3  0  0  0  0  0  0  0 ] (0.00000255)
[  0  3  0  0  0  0  0  0  1 ] (0.00001450)
[  0  3  0  0  0  0  0  0  2 ] (0.00008507)
[  0  3  0  0  0  0  0  1  0 ] (0.00000199)
[  0  3  0  0  0  0  0  1  1 ] (0.00000045)
[  0  3  0  0  0  0  0  2  0 ] (0.00000530)
[  0  3  0  0  0  0  1  0  0 ] (0.00004315)
[  0  3  0  0  0  0  1  0  1 ] (0.00009052)
[  0  3  0  0  0  0  1  1  0 ] (0.00001708)
[  0  3  0  0  0  0  2  0  0 ] (0.00002350)
[  0  3  0  0  0  1  0  0  0 ] (0.00000672)
[  0  3  0  0  0  1  0  0  1 ] (0.00002014)
[  0  3  0  0  0  1  0  1  0 ] (0.00000020)
[  0  3  0  0  0  1  1  0  0 ] (0.00000097)
[  0  3  0  0  0  2  0  0  0 ] (0.00000051)
[  0  3  0  0  1  0  0  0  0 ] (0.00000002)
[  0  3  0  0  1  0  0  0  1 ] (0.00000043)
[  0  3  0  0  1  0  0  1  0 ] (0.00000042)
[  0  3  0  0  1  0  1  0  0 ] (0.00000161)
[  0  3  0  0  1  1  0  0  0 ] (0.00000031)
[  0  3  0  0  2  0  0  0  0 ] (0.00000085)
[  0  3  0  1  0  0  0  0  0 ] (0.00000001)
[  0  3  0  1  0  0  0  0  1 ] (0.00000955)
[  0  3  0  1  0  0  0  1  0 ] (0.00001853)
[  0  3  0  1  0  0  1  0  0 ] (0.00003298)
[  0  3  0  1  0  1  0  0  0 ] (0.00000361)
[  0  3  0  1  1  0  0  0  0 ] (0.00000069)
[  0  3  0  2  0  0  0  0  0 ] (0.00000084)
[  0  3  1  0  0  0  0  0  0 ] (0.00000666)
[  0  3  1  0  0  0  0  0  1 ] (0.00002078)
[  0  3  1  0  0  0  0  1  0 ] (0.00000042)
[  0  3  1  0  0  0  1  0  0 ] (0.00000121)
[  0  3  1  0  0  1  0  0  0 ] (0.00000483)
[  0  3  1  0  1  0  0  0  0 ] (0.00000053)
[  0  3  1  1  0  0  0  0  0 ] (0.00000184)
[  0  3  2  0  0  0  0  0  0 ] (0.00000149)
[  0  4  0  0  0  0  0  0  0 ] (0.00000032)
[  0  4  0  0  0  0  0  0  1 ] (0.00000000)
[  0  4  0  0  0  0  0  1  0 ] (0.00000506)
[  0  4  0  0  0  0  1  0  0 ] (0.00000282)
[  0  4  0  0  0  1  0  0  0 ] (0.00000155)
[  0  4  0  0  1  0  0  0  0 ] (0.00000116)
[  0  4  0  1  0  0  0  0  0 ] (0.00000314)
[  0  4  1  0  0  0  0  0  0 ] (0.00000427)
[  0  5  0  0  0  0  0  0  0 ] (0.00000111)
[  1  0  0  0  0  0  0  0  0 ] (0.00000002)
[  1  0  0  0  0  0  0  0  1 ] (0.00000370)
[  1  0  0  0  0  0  0  0  2 ] (0.00000071)
[  1  0  0  0  0  0  0  0  3 ] (0.00000002)
[  1  0  0  0  0  0  0  0  4 ] (0.00024573)
[  1  0  0  0  0  0  0  1  0 ] (0.00000022)
[  1  0  0  0  0  0  0  1  1 ] (0.00000120)
[  1  0  0  0  0  0  0  1  2 ] (0.00004299)
[  1  0  0  0  0  0  0  1  3 ] (0.00000861)
[  1  0  0  0  0  0  0  2  0 ] (0.00000485)
[  1  0  0  0  0  0  0  2  1 ] (0.00010802)
[  1  0  0  0  0  0  0  2  2 ] (0.00004055)
[  1  0  0  0  0  0  0  3  0 ] (0.00000013)
[  1  0  0  0  0  0  0  3  1 ] (0.00006500)
[  1  0  0  0  0  0  0  4  0 ] (0.00000260)
[  1  0  0  0  0  0  1  0  0 ] (0.00001038)
[  1  0  0  0  0  0  1  0  1 ] (0.00000030)
[  1  0  0  0  0  0  1  0  2 ] (0.00050621)
[  1  0  0  0  0  0  1  0  3 ] (0.00053029)
[  1  0  0  0  0  0  1  1  0 ] (0.00003400)
[  1  0  0  0  0  0  1  1  1 ] (0.00014918)
[  1  0  0  0  0  0  1  1  2 ] (0.00916594)
[  1  0  0  0  0  0  1  2  0 ] (0.00000025)
[  1  0  0  0  0  0  1  2  1 ] (0.00000064)
[  1  0  0  0  0  0  1  3  0 ] (0.00006765)
[  1  0  0  0  0  0  2  0  0 ] (0.00000299)
[  1  0  0  0  0  0  2  0  1 ] (0.00001738)
[  1  0  0  0  0  0  2  0  2 ] (0.00001137)
[  1  0  0  0  0  0  2  1  0 ] (0.00000042)
[  1  0  0  0  0  0  2  1  1 ] (0.00000221)
[  1  0  0  0  0  0  2  2  0 ] (0.00003089)
[  1  0  0  0  0  0  3  0  0 ] (0.00001148)
[  1  0  0  0  0  0  3  0  1 ] (0.00000104)
[  1  0  0  0  0  0  3  1  0 ] (0.00003178)
[  1  0  0  0  0  0  4  0  0 ] (0.00006561)
[  1  0  0  0  0  1  0  0  0 ] (0.00000215)
[  1  0  0  0  0  1  0  0  1 ] (0.00002593)
[  1  0  0  0  0  1  0  0  2 ] (0.00000064)
[  1  0  0  0  0  1  0  0  3 ] (0.00300670)
[  1  0  0  0  0  1  0  1  0 ] (0.00000050)
[  1  0  0  0  0  1  0  1  1 ] (0.00020636)
[  1  0  0  0  0  1  0  1  2 ] (0.00001977)
[  1  0  0  0  0  1  0  2  0 ] (0.00000314)
[  1  0  0  0  0  1  0  2  1 ] (0.00005508)
[  1  0  0  0  0  1  0  3  0 ] (0.00000545)
[  1  0  0  0  0  1  1  0  0 ] (0.00006712)
[  1  0  0  0  0  1  1  0  1 ] (0.00051470)
[  1  0  0  0  0  1  1  0  2 ] (0.00044472)
[  1  0  0  0  0  1  1  1  0 ] (0.00001814)
[  1  0  0  0  0  1  1  1  1 ] (0.00052827)
[  1  0  0  0  0  1  1  2  0 ] (0.00000441)
[  1  0  0  0  0  1  2  0  0 ] (0.00000126)
[  1  0  0  0  0  1  2  0  1 ] (0.00035594)
[  1  0  0  0  0  1  2  1  0 ] (0.00028832)
[  1  0  0  0  0  1  3  0  0 ] (0.00008175)
[  1  0  0  0  0  2  0  0  0 ] (0.00003990)
[  1  0  0  0  0  2  0  0  1 ] (0.00030707)
[  1  0  0  0  0  2  0  0  2 ] (0.00072278)
[  1  0  0  0  0  2  0  1  0 ] (0.00015031)
[  1  0  0  0  0  2  0  1  1 ] (0.00049652)
[  1  0  0  0  0  2  0  2  0 ] (0.00000098)
[  1  0  0  0  0  2  1  0  0 ] (0.00131034)
[  1  0  0  0  0  2  1  0  1 ] (0.00530410)
[  1  0  0  0  0  2  1  1  0 ] (0.00035191)
[  1  0  0  0  0  2  2  0  0 ] (0.00035531)
[  1  0  0  0  0  3  0  0  0 ] (0.00000308)
[  1  0  0  0  0  3  0  0  1 ] (0.00000981)
[  1  0  0  0  0  3  0  1  0 ] (0.00000771)
[  1  0  0  0  0  3  1  0  0 ] (0.00007472)
[  1  0  0  0  0  4  0  0  0 ] (0.00000011)
[  1  0  0  0  1  0  0  0  0 ] (0.00000578)
[  1  0  0  0  1  0  0  0  1 ] (0.00000165)
[  1  0  0  0  1  0  0  0  2 ] (0.00015249)
[  1  0  0  0  1  0  0  0  3 ] (0.00733248)
[  1  0  0  0  1  0  0  1  0 ] (0.00005666)
[  1  0  0  0  1  0  0  1  1 ] (0.00018699)
[  1  0  0  0  1  0  0  1  2 ] (0.00074505)
[  1  0  0  0  1  0  0  2  0 ] (0.00006171)
[  1  0  0  0  1  0  0  2  1 ] (0.00021500)
[  1  0  0  0  1  0  0  3  0 ] (0.00000042)
[  1  0  0  0  1  0  1  0  0 ] (0.00001105)
[  1  0  0  0  1  0  1  0  1 ] (0.00000172)
[  1  0  0  0  1  0  1  0  2 ] (0.00124952)
[  1  0  0  0  1  0  1  1  0 ] (0.00001620)
[  1  0  0  0  1  0  1  1  1 ] (0.00002824)
[  1  0  0  0  1  0  1  2  0 ] (0.00040021)
[  1  0  0  0  1  0  2  0  0 ] (0.00025802)
[  1  0  0  0  1  0  2  0  1 ] (0.00183619)
[  1  0  0  0  1  0  2  1  0 ] (0.00088759)
[  1  0  0  0  1  0  3  0  0 ] (0.00000358)
[  1  0  0  0  1  1  0  0  0 ] (0.00000031)
[  1  0  0  0  1  1  0  0  1 ] (0.00009557)
[  1  0  0  0  1  1  0  0  2 ] (0.00007998)
[  1  0  0  0  1  1  0  1  0 ] (0.00001916)
[  1  0  0  0  1  1  0  1  1 ] (0.00196796)
[  1  0  0  0  1  1  0  2  0 ] (0.00000055)
[  1  0  0  0  1  1  1  0  0 ] (0.00027581)
[  1  0  0  0  1  1  1  0  1 ] (0.00026905)
[  1  0  0  0  1  1  1  1  0 ] (0.00010793)
[  1  0  0  0  1  1  2  0  0 ] (0.00009988)
[  1  0  0  0  1  2  0  0  0 ] (0.00004578)
[  1  0  0  0  1  2  0  0  1 ] (0.00015775)
[  1  0  0  0  1  2  0  1  0 ] (0.00031463)
[  1  0  0  0  1  2  1  0  0 ] (0.00016105)
[  1  0  0  0  1  3  0  0  0 ] (0.00002932)
[  1  0  0  0  2  0  0  0  0 ] (0.00000363)
[  1  0  0  0  2  0  0  0  1 ] (0.00000382)
[  1  0  0  0  2  0  0  0  2 ] (0.00023036)
[  1  0  0  0  2  0  0  1  0 ] (0.00000004)
[  1  0  0  0  2  0  0  1  1 ] (0.00064485)
[  1  0  0  0  2  0  0  2  0 ] (0.00009233)
[  1  0  0  0  2  0  1  0  0 ] (0.00000228)
[  1  0  0  0  2  0  1  0  1 ] (0.00031998)
[  1  0  0  0  2  0  1  1  0 ] (0.00000442)
[  1  0  0  0  2  0  2  0  0 ] (0.00000664)
[  1  0  0  0  2  1  0  0  0 ] (0.00005779)
[  1  0  0  0  2  1  0  0  1 ] (0.00011347)
[  1  0  0  0  2  1  0  1  0 ] (0.00001887)
[  1  0  0  0  2  1  1  0  0 ] (0.00058947)
[  1  0  0  0  2  2  0  0  0 ] (0.00002833)
[  1  0  0  0  3  0  0  0  0 ] (0.00000005)
[  1  0  0  0  3  0  0  0  1 ] (0.00000027)
[  1  0  0  0  3  0  0  1  0 ] (0.00000604)
[  1  0  0  0  3  0  1  0  0 ] (0.00000036)
[  1  0  0  0  3  1  0  0  0 ] (0.00000104)
[  1  0  0  0  4  0  0  0  0 ] (0.00000011)
[  1  0  0  1  0  0  0  0  0 ] (0.00000318)
[  1  0  0  1  0  0  0  0  1 ] (0.00004956)
[  1  0  0  1  0  0  0  0  2 ] (0.00029751)
[  1  0  0  1  0  0  0  0  3 ] (0.00017293)
[  1  0  0  1  0  0  0  1  0 ] (0.00000115)
[  1  0  0  1  0  0  0  1  1 ] (0.00005743)
[  1  0  0  1  0  0  0  1  2 ] (0.00155978)
[  1  0  0  1  0  0  0  2  0 ] (0.00000379)
[  1  0  0  1  0  0  0  2  1 ] (0.00004234)
[  1  0  0  1  0  0  0  3  0 ] (0.00006110)
[  1  0  0  1  0  0  1  0  0 ] (0.00000471)
[  1  0  0  1  0  0  1  0  1 ] (0.00002118)
[  1  0  0  1  0  0  1  0  2 ] (0.00530174)
[  1  0  0  1  0  0  1  1  0 ] (0.00023539)
[  1  0  0  1  0  0  1  1  1 ] (0.00754466)
[  1  0  0  1  0  0  1  2  0 ] (0.00007747)
[  1  0  0  1  0  0  2  0  0 ] (0.00039361)
[  1  0  0  1  0  0  2  0  1 ] (0.00222201)
[  1  0  0  1  0  0  2  1  0 ] (0.00113219)
[  1  0  0  1  0  0  3  0  0 ] (0.00002305)
[  1  0  0  1  0  1  0  0  0 ] (0.00001884)
[  1  0  0  1  0  1  0  0  1 ] (0.00025603)
[  1  0  0  1  0  1  0  0  2 ] (0.00262285)
[  1  0  0  1  0  1  0  1  0 ] (0.00010877)
[  1  0  0  1  0  1  0  1  1 ] (0.00168016)
[  1  0  0  1  0  1  0  2  0 ] (0.00000092)
[  1  0  0  1  0  1  1  0  0 ] (0.00006299)
[  1  0  0  1  0  1  1  0  1 ] (0.00015000)
[  1  0  0  1  0  1  1  1  0 ] (0.00091292)
[  1  0  0  1  0  1  2  0  0 ] (0.00011311)
[  1  0  0  1  0  2  0  0  0 ] (0.00009982)
[  1  0  0  1  0  2  0  0  1 ] (0.00009308)
[  1  0  0  1  0  2  0  1  0 ] (0.00000258)
[  1  0  0  1  0  2  1  0  0 ] (0.00019968)
[  1  0  0  1  0  3  0  0  0 ] (0.00002561)
[  1  0  0  1  1  0  0  0  0 ] (0.00004646)
[  1  0  0  1  1  0  0  0  1 ] (0.00001406)
[  1  0  0  1  1  0  0  0  2 ] (0.00172504)
[  1  0  0  1  1  0  0  1  0 ] (0.00004160)
[  1  0  0  1  1  0  0  1  1 ] (0.00014062)
[  1  0  0  1  1  0  0  2  0 ] (0.00000726)
[  1  0  0  1  1  0  1  0  0 ] (0.00001667)
[  1  0  0  1  1  0  1  0  1 ] (0.00012495)
[  1  0  0  1  1  0  1  1  0 ] (0.00150258)
[  1  0  0  1  1  0  2  0  0 ] (0.00025637)
[  1  0  0  1  1  1  0  0  0 ] (0.00005257)
[  1  0  0  1  1  1  0  0  1 ] (0.00107922)
[  1  0  0  1  1  1  0  1  0 ] (0.00048626)
[  1  0  0  1  1  1  1  0  0 ] (0.00002952)
[  1  0  0  1  1  2  0  0  0 ] (0.00030978)
[  1  0  0  1  2  0  0  0  0 ] (0.00007592)
[  1  0  0  1  2  0  0  0  1 ] (0.00109365)
[  1  0  0  1  2  0  0  1  0 ] (0.00068660)
[  1  0  0  1  2  0  1  0  0 ] (0.00004515)
[  1  0  0  1  2  1  0  0  0 ] (0.00020447)
[  1  0  0  1  3  0  0  0  0 ] (0.00000770)
[  1  0  0  2  0  0  0  0  0 ] (0.00004215)
[  1  0  0  2  0  0  0  0  1 ] (0.00069149)
[  1  0  0  2  0  0  0  0  2 ] (0.00196732)
[  1  0  0  2  0  0  0  1  0 ] (0.00002162)
[  1  0  0  2  0  0  0  1  1 ] (0.00120256)
[  1  0  0  2  0  0  0  2  0 ] (0.00001339)
[  1  0  0  2  0  0  1  0  0 ] (0.00000443)
[  1  0  0  2  0  0  1  0  1 ] (0.00019242)
[  1  0  0  2  0  0  1  1  0 ] (0.00007316)
[  1  0  0  2  0  0  2  0  0 ] (0.00201964)
[  1  0  0  2  0  1  0  0  0 ] (0.00005567)
[  1  0  0  2  0  1  0  0  1 ] (0.00110553)
[  1  0  0  2  0  1  0  1  0 ] (0.00001530)
[  1  0  0  2  0  1  1  0  0 ] (0.00001956)
[  1  0  0  2  0  2  0  0  0 ] (0.00000008)
[  1  0  0  2  1  0  0  0  0 ] (0.00001194)
[  1  0  0  2  1  0  0  0  1 ] (0.00045018)
[  1  0  0  2  1  0  0  1  0 ] (0.00011015)
[  1  0  0  2  1  0  1  0  0 ] (0.00063847)
[  1  0  0  2  1  1  0  0  0 ] (0.00000299)
[  1  0  0  2  2  0  0  0  0 ] (0.00000569)
[  1  0  0  3  0  0  0  0  0 ] (0.00000524)
[  1  0  0  3  0  0  0  0  1 ] (0.00000110)
[  1  0  0  3  0  0  0  1  0 ] (0.00000098)
[  1  0  0  3  0  0  1  0  0 ] (0.00001049)
[  1  0  0  3  0  1  0  0  0 ] (0.00001306)
[  1  0  0  3  1  0  0  0  0 ] (0.00000174)
[  1  0  0  4  0  0  0  0  0 ] (0.00000133)
[  1  0  1  0  0  0  0  0  0 ] (0.00000451)
[  1  0  1  0  0  0  0  0  1 ] (0.00011193)
[  1  0  1  0  0  0  0  0  2 ] (0.00004120)
[  1  0  1  0  0  0  0  0  3 ] (0.00583032)
[  1  0  1  0  0  0  0  1  0 ] (0.00001238)
[  1  0  1  0  0  0  0  1  1 ] (0.00037433)
[  1  0  1  0  0  0  0  1  2 ] (0.00168672)
[  1  0  1  0  0  0  0  2  0 ] (0.00021946)
[  1  0  1  0  0  0  0  2  1 ] (0.00041334)
[  1  0  1  0  0  0  0  3  0 ] (0.00002152)
[  1  0  1  0  0  0  1  0  0 ] (0.00003177)
[  1  0  1  0  0  0  1  0  1 ] (0.00042693)
[  1  0  1  0  0  0  1  0  2 ] (0.00211413)
[  1  0  1  0  0  0  1  1  0 ] (0.00009825)
[  1  0  1  0  0  0  1  1  1 ] (0.00039902)
[  1  0  1  0  0  0  1  2  0 ] (0.00007417)
[  1  0  1  0  0  0  2  0  0 ] (0.00073786)
[  1  0  1  0  0  0  2  0  1 ] (0.00367592)
[  1  0  1  0  0  0  2  1  0 ] (0.00004748)
[  1  0  1  0  0  0  3  0  0 ] (0.00005399)
[  1  0  1  0  0  1  0  0  0 ] (0.00004851)
[  1  0  1  0  0  1  0  0  1 ] (0.00007898)
[  1  0  1  0  0  1  0  0  2 ] (0.00035631)
[  1  0  1  0  0  1  0  1  0 ] (0.00019812)
[  1  0  1  0  0  1  0  1  1 ] (0.00060964)
[  1  0  1  0  0  1  0  2  0 ] (0.00001574)
[  1  0  1  0  0  1  1  0  0 ] (0.00000029)
[  1  0  1  0  0  1  1  0  1 ] (0.00000059)
[  1  0  1  0  0  1  1  1  0 ] (0.00015885)
[  1  0  1  0  0  1  2  0  0 ] (0.00021287)
[  1  0  1  0  0  2  0  0  0 ] (0.00030306)
[  1  0  1  0  0  2  0  0  1 ] (0.00097045)
[  1  0  1  0  0  2  0  1  0 ] (0.00000024)
[  1  0  1  0  0  2  1  0  0 ] (0.00053070)
[  1  0  1  0  0  3  0  0  0 ] (0.00015843)
[  1  0  1  0  1  0  0  0  0 ] (0.00000503)
[  1  0  1  0  1  0  0  0  1 ] (0.00001242)
[  1  0  1  0  1  0  0  0  2 ] (0.00088921)
[  1  0  1  0  1  0  0  1  0 ] (0.00000614)
[  1  0  1  0  1  0  0  1  1 ] (0.00000960)
[  1  0  1  0  1  0  0  2  0 ] (0.00009647)
[  1  0  1  0  1  0  1  0  0 ] (0.00000341)
[  1  0  1  0  1  0  1  0  1 ] (0.00050411)
[  1  0  1  0  1  0  1  1  0 ] (0.00028179)
[  1  0  1  0  1  0  2  0  0 ] (0.00040911)
[  1  0  1  0  1  1  0  0  0 ] (0.00092954)
[  1  0  1  0  1  1  0  0  1 ] (0.00416909)
[  1  0  1  0  1  1  0  1  0 ] (0.00003950)
[  1  0  1  0  1  1  1  0  0 ] (0.00014199)
[  1  0  1  0  1  2  0  0  0 ] (0.00012867)
[  1  0  1  0  2  0  0  0  0 ] (0.00003559)
[  1  0  1  0  2  0  0  0  1 ] (0.00038237)
[  1  0  1  0  2  0  0  1  0 ] (0.00011624)
[  1  0  1  0  2  0  1  0  0 ] (0.00029913)
[  1  0  1  0  2  1  0  0  0 ] (0.00007896)
[  1  0  1  0  3  0  0  0  0 ] (0.00000149)
[  1  0  1  1  0  0  0  0  0 ] (0.00021886)
[  1  0  1  1  0  0  0  0  1 ] (0.00185336)
[  1  0  1  1  0  0  0  0  2 ] (0.00536648)
[  1  0  1  1  0  0  0  1  0 ] (0.00000553)
[  1  0  1  1  0  0  0  1  1 ] (0.00011182)
[  1  0  1  1  0  0  0  2  0 ] (0.00001115)
[  1  0  1  1  0  0  1  0  0 ] (0.00000357)
[  1  0  1  1  0  0  1  0  1 ] (0.00074965)
[  1  0  1  1  0  0  1  1  0 ] (0.00012726)
[  1  0  1  1  0  0  2  0  0 ] (0.00009137)
[  1  0  1  1  0  1  0  0  0 ] (0.00019966)
[  1  0  1  1  0  1  0  0  1 ] (0.00075208)
[  1  0  1  1  0  1  0  1  0 ] (0.00013556)
[  1  0  1  1  0  1  1  0  0 ] (0.00102659)
[  1  0  1  1  0  2  0  0  0 ] (0.00036269)
[  1  0  1  1  1  0  0  0  0 ] (0.00029734)
[  1  0  1  1  1  0  0  0  1 ] (0.00043065)
[  1  0  1  1  1  0  0  1  0 ] (0.00080817)
[  1  0  1  1  1  0  1  0  0 ] (0.00036361)
[  1  0  1  1  1  1  0  0  0 ] (0.00000078)
[  1  0  1  1  2  0  0  0  0 ] (0.00000080)
[  1  0  1  2  0  0  0  0  0 ] (0.00001885)
[  1  0  1  2  0  0  0  0  1 ] (0.00010975)
[  1  0  1  2  0  0  0  1  0 ] (0.00034327)
[  1  0  1  2  0  0  1  0  0 ] (0.00033856)
[  1  0  1  2  0  1  0  0  0 ] (0.00028396)
[  1  0  1  2  1  0  0  0  0 ] (0.00029126)
[  1  0  1  3  0  0  0  0  0 ] (0.00001657)
[  1  0  2  0  0  0  0  0  0 ] (0.00001564)
[  1  0  2  0  0  0  0  0  1 ] (0.00006787)
[  1  0  2  0  0  0  0  0  2 ] (0.00002891)
[  1  0  2  0  0  0  0  1  0 ] (0.00000573)
[  1  0  2  0  0  0  0  1  1 ] (0.00003592)
[  1  0  2  0  0  0  0  2  0 ] (0.00000168)
[  1  0  2  0  0  0  1  0  0 ] (0.00036859)
[  1  0  2  0  0  0  1  0  1 ] (0.00115926)
[  1  0  2  0  0  0  1  1  0 ] (0.00005618)
[  1  0  2  0  0  0  2  0  0 ] (0.00002838)
[  1  0  2  0  0  1  0  0  0 ] (0.00000557)
[  1  0  2  0  0  1  0  0  1 ] (0.00003854)
[  1  0  2  0  0  1  0  1  0 ] (0.00006859)
[  1  0  2  0  0  1  1  0  0 ] (0.00043918)
[  1  0  2  0  0  2  0  0  0 ] (0.00006182)
[  1  0  2  0  1  0  0  0  0 ] (0.00000000)
[  1  0  2  0  1  0  0  0  1 ] (0.00000328)
[  1  0  2  0  1  0  0  1  0 ] (0.00015462)
[  1  0  2  0  1  0  1  0  0 ] (0.00000578)
[  1  0  2  0  1  1  0  0  0 ] (0.00001680)
[  1  0  2  0  2  0  0  0  0 ] (0.00004930)
[  1  0  2  1  0  0  0  0  0 ] (0.00021006)
[  1  0  2  1  0  0  0  0  1 ] (0.00079776)
[  1  0  2  1  0  0  0  1  0 ] (0.00005467)
[  1  0  2  1  0  0  1  0  0 ] (0.00047605)
[  1  0  2  1  0  1  0  0  0 ] (0.00008934)
[  1  0  2  1  1  0  0  0  0 ] (0.00000531)
[  1  0  2  2  0  0  0  0  0 ] (0.00034808)
[  1  0  3  0  0  0  0  0  0 ] (0.00000020)
[  1  0  3  0  0  0  0  0  1 ] (0.00000150)
[  1  0  3  0  0  0  0  1  0 ] (0.00000043)
[  1  0  3  0  0  0  1  0  0 ] (0.00000428)
[  1  0  3  0  0  1  0  0  0 ] (0.00000074)
[  1  0  3  0  1  0  0  0  0 ] (0.00000229)
[  1  0  3  1  0  0  0  0  0 ] (0.00000300)
[  1  0  4  0  0  0  0  0  0 ] (0.00001767)
[  1  1  0  0  0  0  0  0  0 ] (0.00002470)
[  1  1  0  0  0  0  0  0  1 ] (0.00019639)
[  1  1  0  0  0  0  0  0  2 ] (0.00000999)
[  1  1  0  0  0  0  0  0  3 ] (0.00516167)
[  1  1  0  0  0  0  0  1  0 ] (0.00000077)
[  1  1  0  0  0  0  0  1  1 ] (0.00000678)
[  1  1  0  0  0  0  0  1  2 ] (0.00005958)
[  1  1  0  0  0  0  0  2  0 ] (0.00000017)
[  1  1  0  0  0  0  0  2  1 ] (0.00005984)
[  1  1  0  0  0  0  0  3  0 ] (0.00006649)
[  1  1  0  0  0  0  1  0  0 ] (0.00034738)
[  1  1  0  0  0  0  1  0  1 ] (0.00210696)
[  1  1  0  0  0  0  1  0  2 ] (0.00341519)
[  1  1  0  0  0  0  1  1  0 ] (0.00001324)
[  1  1  0  0  0  0  1  1  1 ] (0.00003315)
[  1  1  0  0  0  0  1  2  0 ] (0.00002261)
[  1  1  0  0  0  0  2  0  0 ] (0.00005916)
[  1  1  0  0  0  0  2  0  1 ] (0.00001496)
[  1  1  0  0  0  0  2  1  0 ] (0.00023941)
[  1  1  0  0  0  0  3  0  0 ] (0.00000537)
[  1  1  0  0  0  1  0  0  0 ] (0.00011725)
[  1  1  0  0  0  1  0  0  1 ] (0.00069063)
[  1  1  0  0  0  1  0  0  2 ] (0.00189824)
[  1  1  0  0  0  1  0  1  0 ] (0.00004729)
[  1  1  0  0  0  1  0  1  1 ] (0.00025084)
[  1  1  0  0  0  1  0  2  0 ] (0.00007115)
[  1  1  0  0  0  1  1  0  0 ] (0.00112069)
[  1  1  0  0  0  1  1  0  1 ] (0.00299310)
[  1  1  0  0  0  1  1  1  0 ] (0.00002838)
[  1  1  0  0  0  1  2  0  0 ] (0.00008791)
[  1  1  0  0  0  2  0  0  0 ] (0.00002590)
[  1  1  0  0  0  2  0  0  1 ] (0.00000148)
[  1  1  0  0  0  2  0  1  0 ] (0.00000007)
[  1  1  0  0  0  2  1  0  0 ] (0.00015339)
[  1  1  0  0  0  3  0  0  0 ] (0.00000011)
[  1  1  0  0  1  0  0  0  0 ] (0.00003091)
[  1  1  0  0  1  0  0  0  1 ] (0.00017619)
[  1  1  0  0  1  0  0  0  2 ] (0.00015073)
[  1  1  0  0  1  0  0  1  0 ] (0.00008866)
[  1  1  0  0  1  0  0  1  1 ] (0.00003104)
[  1  1  0  0  1  0  0  2  0 ] (0.00003216)
[  1  1  0  0  1  0  1  0  0 ] (0.00016680)
[  1  1  0  0  1  0  1  0  1 ] (0.00104851)
[  1  1  0  0  1  0  1  1  0 ] (0.00087791)
[  1  1  0  0  1  0  2  0  0 ] (0.00025425)
[  1  1  0  0  1  1  0  0  0 ] (0.00007548)
[  1  1  0  0  1  1  0  0  1 ] (0.00002099)
[  1  1  0  0  1  1  0  1  0 ] (0.00007672)
[  1  1  0  0  1  1  1  0  0 ] (0.00039031)
[  1  1  0  0  1  2  0  0  0 ] (0.00000008)
[  1  1  0  0  2  0  0  0  0 ] (0.00000068)
[  1  1  0  0  2  0  0  0  1 ] (0.00009045)
[  1  1  0  0  2  0  0  1  0 ] (0.00003239)
[  1  1  0  0  2  0  1  0  0 ] (0.00001744)
[  1  1  0  0  2  1  0  0  0 ] (0.00000003)
[  1  1  0  0  3  0  0  0  0 ] (0.00000361)
[  1  1  0  1  0  0  0  0  0 ] (0.00002953)
[  1  1  0  1  0  0  0  0  1 ] (0.00031741)
[  1  1  0  1  0  0  0  0  2 ] (0.00080189)
[  1  1  0  1  0  0  0  1  0 ] (0.00000515)
[  1  1  0  1  0  0  0  1  1 ] (0.00052935)
[  1  1  0  1  0  0  0  2  0 ] (0.00000646)
[  1  1  0  1  0  0  1  0  0 ] (0.00012524)
[  1  1  0  1  0  0  1  0  1 ] (0.00146496)
[  1  1  0  1  0  0  1  1  0 ] (0.00082169)
[  1  1  0  1  0  0  2  0  0 ] (0.00048950)
[  1  1  0  1  0  1  0  0  0 ] (0.00039868)
[  1  1  0  1  0  1  0  0  1 ] (0.00084760)
[  1  1  0  1  0  1  0  1  0 ] (0.00007132)
[  1  1  0  1  0  1  1  0  0 ] (0.00026081)
[  1  1  0  1  0  2  0  0  0 ] (0.00001304)
[  1  1  0  1  1  0  0  0  0 ] (0.00028344)
[  1  1  0  1  1  0  0  0  1 ] (0.00095206)
[  1  1  0  1  1  0  0  1  0 ] (0.00049714)
[  1  1  0  1  1  0  1  0  0 ] (0.00171547)
[  1  1  0  1  1  1  0  0  0 ] (0.00026297)
[  1  1  0  1  2  0  0  0  0 ] (0.00005143)
[  1  1  0  2  0  0  0  0  0 ] (0.00000151)
[  1  1  0  2  0  0  0  0  1 ] (0.00022327)
[  1  1  0  2  0  0  0  1  0 ] (0.00045354)
[  1  1  0  2  0  0  1  0  0 ] (0.00102797)
[  1  1  0  2  0  1  0  0  0 ] (0.00000527)
[  1  1  0  2  1  0  0  0  0 ] (0.00092307)
[  1  1  0  3  0  0  0  0  0 ] (0.00000635)
[  1  1  1  0  0  0  0  0  0 ] (0.00003138)
[  1  1  1  0  0  0  0  0  1 ] (0.00012314)
[  1  1  1  0  0  0  0  0  2 ] (0.00001667)
[  1  1  1  0  0  0  0  1  0 ] (0.00012954)
[  1  1  1  0  0  0  0  1  1 ] (0.00034426)
[  1  1  1  0  0  0  0  2  0 ] (0.00003588)
[  1  1  1  0  0  0  1  0  0 ] (0.00029313)
[  1  1  1  0  0  0  1  0  1 ] (0.00127072)
[  1  1  1  0  0  0  1  1  0 ] (0.00000983)
[  1  1  1  0  0  0  2  0  0 ] (0.00004986)
[  1  1  1  0  0  1  0  0  0 ] (0.00018308)
[  1  1  1  0  0  1  0  0  1 ] (0.00007764)
[  1  1  1  0  0  1  0  1  0 ] (0.00001970)
[  1  1  1  0  0  1  1  0  0 ] (0.00008908)
[  1  1  1  0  0  2  0  0  0 ] (0.00001116)
[  1  1  1  0  1  0  0  0  0 ] (0.00000040)
[  1  1  1  0  1  0  0  0  1 ] (0.00001352)
[  1  1  1  0  1  0  0  1  0 ] (0.00008564)
[  1  1  1  0  1  0  1  0  0 ] (0.00001251)
[  1  1  1  0  1  1  0  0  0 ] (0.00001188)
[  1  1  1  0  2  0  0  0  0 ] (0.00001634)
[  1  1  1  1  0  0  0  0  0 ] (0.00036309)
[  1  1  1  1  0  0  0  0  1 ] (0.00156001)
[  1  1  1  1  0  0  0  1  0 ] (0.00029064)
[  1  1  1  1  0  0  1  0  0 ] (0.00027304)
[  1  1  1  1  0  1  0  0  0 ] (0.00022026)
[  1  1  1  1  1  0  0  0  0 ] (0.00000491)
[  1  1  1  2  0  0  0  0  0 ] (0.00003091)
[  1  1  2  0  0  0  0  0  0 ] (0.00009361)
[  1  1  2  0  0  0  0  0  1 ] (0.00023300)
[  1  1  2  0  0  0  0  1  0 ] (0.00001441)
[  1  1  2  0  0  0  1  0  0 ] (0.00007587)
[  1  1  2  0  0  1  0  0  0 ] (0.00000135)
[  1  1  2  0  1  0  0  0  0 ] (0.00000516)
[  1  1  2  1  0  0  0  0  0 ] (0.00000144)
[  1  1  3  0  0  0  0  0  0 ] (0.00000029)
[  1  2  0  0  0  0  0  0  0 ] (0.00002333)
[  1  2  0  0  0  0  0  0  1 ] (0.00008967)
[  1  2  0  0  0  0  0  0  2 ] (0.00004302)
[  1  2  0  0  0  0  0  1  0 ] (0.00002688)
[  1  2  0  0  0  0  0  1  1 ] (0.00013018)
[  1  2  0  0  0  0  0  2  0 ] (0.00000091)
[  1  2  0  0  0  0  1  0  0 ] (0.00043701)
[  1  2  0  0  0  0  1  0  1 ] (0.00098680)
[  1  2  0  0  0  0  1  1  0 ] (0.00002432)
[  1  2  0  0  0  0  2  0  0 ] (0.00003128)
[  1  2  0  0  0  1  0  0  0 ] (0.00000441)
[  1  2  0  0  0  1  0  0  1 ] (0.00000261)
[  1  2  0  0  0  1  0  1  0 ] (0.00000566)
[  1  2  0  0  0  1  1  0  0 ] (0.00020690)
[  1  2  0  0  0  2  0  0  0 ] (0.00000343)
[  1  2  0  0  1  0  0  0  0 ] (0.00000866)
[  1  2  0  0  1  0  0  0  1 ] (0.00004928)
[  1  2  0  0  1  0  0  1  0 ] (0.00012173)
[  1  2  0  0  1  0  1  0  0 ] (0.00000068)
[  1  2  0  0  1  1  0  0  0 ] (0.00000002)
[  1  2  0  0  2  0  0  0  0 ] (0.00003918)
[  1  2  0  1  0  0  0  0  0 ] (0.00029305)
[  1  2  0  1  0  0  0  0  1 ] (0.00094365)
[  1  2  0  1  0  0  0  1  0 ] (0.00018020)
[  1  2  0  1  0  0  1  0  0 ] (0.00055803)
[  1  2  0  1  0  1  0  0  0 ] (0.00017146)
[  1  2  0  1  1  0  0  0  0 ] (0.00001895)
[  1  2  0  2  0  0  0  0  0 ] (0.00028571)
[  1  2  1  0  0  0  0  0  0 ] (0.00000053)
[  1  2  1  0  0  0  0  0  1 ] (0.00019052)
[  1  2  1  0  0  0  0  1  0 ] (0.00004151)
[  1  2  1  0  0  0  1  0  0 ] (0.00000234)
[  1  2  1  0  0  1  0  0  0 ] (0.00009299)
[  1  2  1  0  1  0  0  0  0 ] (0.00003946)
[  1  2  1  1  0  0  0  0  0 ] (0.00014466)
[  1  2  2  0  0  0  0  0  0 ] (0.00000064)
[  1  3  0  0  0  0  0  0  0 ] (0.00001308)
[  1  3  0  0  0  0  0  0  1 ] (0.00002941)
[  1  3  0  0  0  0  0  1  0 ] (0.00000853)
[  1  3  0  0  0  0  1  0  0 ] (0.00001486)
[  1  3  0  0  0  1  0  0  0 ] (0.00000432)
[  1  3  0  0  1  0  0  0  0 ] (0.00000015)
[  1  3  0  1  0  0  0  0  0 ] (0.00001381)
[  1  3  1  0  0  0  0  0  0 ] (0.00000449)
[  1  4  0  0  0  0  0  0  0 ] (0.00005340)
[  2  0  0  0  0  0  0  0  0 ] (0.00000508)
[  2  0  0  0  0  0  0  0  1 ] (0.00000440)
[  2  0  0  0  0  0  0  0  2 ] (0.00003778)
[  2  0  0  0  0  0  0  0  3 ] (0.00000110)
[  2  0  0  0  0  0  0  1  0 ] (0.00000071)
[  2  0  0  0  0  0  0  1  1 ] (0.00000586)
[  2  0  0  0  0  0  0  1  2 ] (0.00175376)
[  2  0  0  0  0  0  0  2  0 ] (0.00002334)
[  2  0  0  0  0  0  0  2  1 ] (0.00000250)
[  2  0  0  0  0  0  0  3  0 ] (0.00000125)
[  2  0  0  0  0  0  1  0  0 ] (0.00012022)
[  2  0  0  0  0  0  1  0  1 ] (0.00054649)
[  2  0  0  0  0  0  1  0  2 ] (0.00129857)
[  2  0  0  0  0  0  1  1  0 ] (0.00002125)
[  2  0  0  0  0  0  1  1  1 ] (0.00103418)
[  2  0  0  0  0  0  1  2  0 ] (0.00000249)
[  2  0  0  0  0  0  2  0  0 ] (0.00015181)
[  2  0  0  0  0  0  2  0  1 ] (0.00013593)
[  2  0  0  0  0  0  2  1  0 ] (0.00001216)
[  2  0  0  0  0  0  3  0  0 ] (0.00000065)
[  2  0  0  0  0  1  0  0  0 ] (0.00007012)
[  2  0  0  0  0  1  0  0  1 ] (0.00044128)
[  2  0  0  0  0  1  0  0  2 ] (0.00103494)
[  2  0  0  0  0  1  0  1  0 ] (0.00023990)
[  2  0  0  0  0  1  0  1  1 ] (0.00098146)
[  2  0  0  0  0  1  0  2  0 ] (0.00009414)
[  2  0  0  0  0  1  1  0  0 ] (0.00038569)
[  2  0  0  0  0  1  1  0  1 ] (0.00093381)
[  2  0  0  0  0  1  1  1  0 ] (0.00001399)
[  2  0  0  0  0  1  2  0  0 ] (0.00014852)
[  2  0  0  0  0  2  0  0  0 ] (0.00000380)
[  2  0  0  0  0  2  0  0  1 ] (0.00003473)
[  2  0  0  0  0  2  0  1  0 ] (0.00000461)
[  2  0  0  0  0  2  1  0  0 ] (0.00001871)
[  2  0  0  0  0  3  0  0  0 ] (0.00000410)
[  2  0  0  0  1  0  0  0  0 ] (0.00001576)
[  2  0  0  0  1  0  0  0  1 ] (0.00001812)
[  2  0  0  0  1  0  0  0  2 ] (0.00007457)
[  2  0  0  0  1  0  0  1  0 ] (0.00001787)
[  2  0  0  0  1  0  0  1  1 ] (0.00003662)
[  2  0  0  0  1  0  0  2  0 ] (0.00002669)
[  2  0  0  0  1  0  1  0  0 ] (0.00001818)
[  2  0  0  0  1  0  1  0  1 ] (0.00028998)
[  2  0  0  0  1  0  1  1  0 ] (0.00011855)
[  2  0  0  0  1  0  2  0  0 ] (0.00000090)
[  2  0  0  0  1  1  0  0  0 ] (0.00001639)
[  2  0  0  0  1  1  0  0  1 ] (0.00022265)
[  2  0  0  0  1  1  0  1  0 ] (0.00004547)
[  2  0  0  0  1  1  1  0  0 ] (0.00000349)
[  2  0  0  0  1  2  0  0  0 ] (0.00000839)
[  2  0  0  0  2  0  0  0  0 ] (0.00000000)
[  2  0  0  0  2  0  0  0  1 ] (0.00000166)
[  2  0  0  0  2  0  0  1  0 ] (0.00003240)
[  2  0  0  0  2  0  1  0  0 ] (0.00002025)
[  2  0  0  0  2  1  0  0  0 ] (0.00000017)
[  2  0  0  0  3  0  0  0  0 ] (0.00000024)
[  2  0  0  1  0  0  0  0  0 ] (0.00000338)
[  2  0  0  1  0  0  0  0  1 ] (0.00001687)
[  2  0  0  1  0  0  0  0  2 ] (0.00002256)
[  2  0  0  1  0  0  0  1  0 ] (0.00000197)
[  2  0  0  1  0  0  0  1  1 ] (0.00204108)
[  2  0  0  1  0  0  0  2  0 ] (0.00001504)
[  2  0  0  1  0  0  1  0  0 ] (0.00016159)
[  2  0  0  1  0  0  1  0  1 ] (0.00147601)
[  2  0  0  1  0  0  1  1  0 ] (0.00001145)
[  2  0  0  1  0  0  2  0  0 ] (0.00011171)
[  2  0  0  1  0  1  0  0  0 ] (0.00008980)
[  2  0  0  1  0  1  0  0  1 ] (0.00030174)
[  2  0  0  1  0  1  0  1  0 ] (0.00003539)
[  2  0  0  1  0  1  1  0  0 ] (0.00029940)
[  2  0  0  1  0  2  0  0  0 ] (0.00001402)
[  2  0  0  1  1  0  0  0  0 ] (0.00000014)
[  2  0  0  1  1  0  0  0  1 ] (0.00003626)
[  2  0  0  1  1  0  0  1  0 ] (0.00002627)
[  2  0  0  1  1  0  1  0  0 ] (0.00054338)
[  2  0  0  1  1  1  0  0  0 ] (0.00000170)
[  2  0  0  1  2  0  0  0  0 ] (0.00024728)
[  2  0  0  2  0  0  0  0  0 ] (0.00001259)
[  2  0  0  2  0  0  0  0  1 ] (0.00035662)
[  2  0  0  2  0  0  0  1  0 ] (0.00001154)
[  2  0  0  2  0  0  1  0  0 ] (0.00052643)
[  2  0  0  2  0  1  0  0  0 ] (0.00000255)
[  2  0  0  2  1  0  0  0  0 ] (0.00033352)
[  2  0  0  3  0  0  0  0  0 ] (0.00001389)
[  2  0  1  0  0  0  0  0  0 ] (0.00000025)
[  2  0  1  0  0  0  0  0  1 ] (0.00000722)
[  2  0  1  0  0  0  0  0  2 ] (0.00000165)
[  2  0  1  0  0  0  0  1  0 ] (0.00000763)
[  2  0  1  0  0  0  0  1  1 ] (0.00001262)
[  2  0  1  0  0  0  0  2  0 ] (0.00000000)
[  2  0  1  0  0  0  1  0  0 ] (0.00001236)
[  2  0  1  0  0  0  1  0  1 ] (0.00003141)
[  2  0  1  0  0  0  1  1  0 ] (0.00001333)
[  2  0  1  0  0  0  2  0  0 ] (0.00000075)
[  2  0  1  0  0  1  0  0  0 ] (0.00002036)
[  2  0  1  0  0  1  0  0  1 ] (0.00001982)
[  2  0  1  0  0  1  0  1  0 ] (0.00004014)
[  2  0  1  0  0  1  1  0  0 ] (0.00006127)
[  2  0  1  0  0  2  0  0  0 ] (0.00006506)
[  2  0  1  0  1  0  0  0  0 ] (0.00000170)
[  2  0  1  0  1  0  0  0  1 ] (0.00002846)
[  2  0  1  0  1  0  0  1  0 ] (0.00004089)
[  2  0  1  0  1  0  1  0  0 ] (0.00000322)
[  2  0  1  0  1  1  0  0  0 ] (0.00000002)
[  2  0  1  0  2  0  0  0  0 ] (0.00000073)
[  2  0  1  1  0  0  0  0  0 ] (0.00000334)
[  2  0  1  1  0  0  0  0  1 ] (0.00000653)
[  2  0  1  1  0  0  0  1  0 ] (0.00005554)
[  2  0  1  1  0  0  1  0  0 ] (0.00003224)
[  2  0  1  1  0  1  0  0  0 ] (0.00000327)
[  2  0  1  1  1  0  0  0  0 ] (0.00000233)
[  2  0  1  2  0  0  0  0  0 ] (0.00008172)
[  2  0  2  0  0  0  0  0  0 ] (0.00000791)
[  2  0  2  0  0  0  0  0  1 ] (0.00000235)
[  2  0  2  0  0  0  0  1  0 ] (0.00017039)
[  2  0  2  0  0  0  1  0  0 ] (0.00000004)
[  2  0  2  0  0  1  0  0  0 ] (0.00005639)
[  2  0  2  0  1  0  0  0  0 ] (0.00000004)
[  2  0  2  1  0  0  0  0  0 ] (0.00002576)
[  2  0  3  0  0  0  0  0  0 ] (0.00000064)
[  2  1  0  0  0  0  0  0  0 ] (0.00000003)
[  2  1  0  0  0  0  0  0  1 ] (0.00000172)
[  2  1  0  0  0  0  0  0  2 ] (0.00000004)
[  2  1  0  0  0  0  0  1  0 ] (0.00000234)
[  2  1  0  0  0  0  0  1  1 ] (0.00000040)
[  2  1  0  0  0  0  0  2  0 ] (0.00000293)
[  2  1  0  0  0  0  1  0  0 ] (0.00003997)
[  2  1  0  0  0  0  1  0  1 ] (0.00018260)
[  2  1  0  0  0  0  1  1  0 ] (0.00002039)
[  2  1  0  0  0  0  2  0  0 ] (0.00001005)
[  2  1  0  0  0  1  0  0  0 ] (0.00002834)
[  2  1  0  0  0  1  0  0  1 ] (0.00016863)
[  2  1  0  0  0  1  0  1  0 ] (0.00000827)
[  2  1  0  0  0  1  1  0  0 ] (0.00007382)
[  2  1  0  0  0  2  0  0  0 ] (0.00000464)
[  2  1  0  0  1  0  0  0  0 ] (0.00000006)
[  2  1  0  0  1  0  0  0  1 ] (0.00000077)
[  2  1  0  0  1  0  0  1  0 ] (0.00006944)
[  2  1  0  0  1  0  1  0  0 ] (0.00000744)
[  2  1  0  0  1  1  0  0  0 ] (0.00000063)
[  2  1  0  0  2  0  0  0  0 ] (0.00002121)
[  2  1  0  1  0  0  0  0  0 ] (0.00000180)
[  2  1  0  1  0  0  0  0  1 ] (0.00002232)
[  2  1  0  1  0  0  0  1  0 ] (0.00000936)
[  2  1  0  1  0  0  1  0  0 ] (0.00000318)
[  2  1  0  1  0  1  0  0  0 ] (0.00000209)
[  2  1  0  1  1  0  0  0  0 ] (0.00002295)
[  2  1  0  2  0  0  0  0  0 ] (0.00000500)
[  2  1  1  0  0  0  0  0  0 ] (0.00000109)
[  2  1  1  0  0  0  0  0  1 ] (0.00006263)
[  2  1  1  0  0  0  0  1  0 ] (0.00002721)
[  2  1  1  0  0  0  1  0  0 ] (0.00002659)
[  2  1  1  0  0  1  0  0  0 ] (0.00024209)
[  2  1  1  0  1  0  0  0  0 ] (0.00007327)
[  2  1  1  1  0  0  0  0  0 ] (0.00008341)
[  2  1  2  0  0  0  0  0  0 ] (0.00000042)
[  2  2  0  0  0  0  0  0  0 ] (0.00010161)
[  2  2  0  0  0  0  0  0  1 ] (0.00067501)
[  2  2  0  0  0  0  0  1  0 ] (0.00000088)
[  2  2  0  0  0  0  1  0  0 ] (0.00016097)
[  2  2  0  0  0  1  0  0  0 ] (0.00004873)
[  2  2  0  0  1  0  0  0  0 ] (0.00000151)
[  2  2  0  1  0  0  0  0  0 ] (0.00000084)
[  2  2  1  0  0  0  0  0  0 ] (0.00002049)
[  2  3  0  0  0  0  0  0  0 ] (0.00000266)
[  3  0  0  0  0  0  0  0  0 ] (0.00000130)
[  3  0  0  0  0  0  0  0  1 ] (0.00000205)
[  3  0  0  0  0  0  0  0  2 ] (0.00000116)
[  3  0  0  0  0  0  0  1  0 ] (0.00000010)
[  3  0  0  0  0  0  0  1  1 ] (0.00000040)
[  3  0  0  0  0  0  0  2  0 ] (0.00000011)
[  3  0  0  0  0  0  1  0  0 ] (0.00000137)
[  3  0  0  0  0  0  1  0  1 ] (0.00000229)
[  3  0  0  0  0  0  1  1  0 ] (0.00000136)
[  3  0  0  0  0  0  2  0  0 ] (0.00000097)
[  3  0  0  0  0  1  0  0  0 ] (0.00000088)
[  3  0  0  0  0  1  0  0  1 ] (0.00000239)
[  3  0  0  0  0  1  0  1  0 ] (0.00000013)
[  3  0  0  0  0  1  1  0  0 ] (0.00000153)
[  3  0  0  0  0  2  0  0  0 ] (0.00000067)
[  3  0  0  0  1  0  0  0  0 ] (0.00000005)
[  3  0  0  0  1  0  0  0  1 ] (0.00000019)
[  3  0  0  0  1  0  0  1  0 ] (0.00000001)
[  3  0  0  0  1  0  1  0  0 ] (0.00000064)
[  3  0  0  0  1  1  0  0  0 ] (0.00000474)
[  3  0  0  0  2  0  0  0  0 ] (0.00000145)
[  3  0  0  1  0  0  0  0  0 ] (0.00000005)
[  3  0  0  1  0  0  0  0  1 ] (0.00000002)
[  3  0  0  1  0  0  0  1  0 ] (0.00000009)
[  3  0  0  1  0  0  1  0  0 ] (0.00000318)
[  3  0  0  1  0  1  0  0  0 ] (0.00000154)
[  3  0  0  1  1  0  0  0  0 ] (0.00000381)
[  3  0  0  2  0  0  0  0  0 ] (0.00000144)
[  3  0  1  0  0  0  0  0  0 ] (0.00000000)
[  3  0  1  0  0  0  0  0  1 ] (0.00000006)
[  3  0  1  0  0  0  0  1  0 ] (0.00000000)
[  3  0  1  0  0  0  1  0  0 ] (0.00000002)
[  3  0  1  0  0  1  0  0  0 ] (0.00000050)
[  3  0  1  0  1  0  0  0  0 ] (0.00000032)
[  3  0  1  1  0  0  0  0  0 ] (0.00000000)
[  3  0  2  0  0  0  0  0  0 ] (0.00000062)
[  3  1  0  0  0  0  0  0  0 ] (0.00000010)
[  3  1  0  0  0  0  0  0  1 ] (0.00000013)
[  3  1  0  0  0  0  0  1  0 ] (0.00000011)
[  3  1  0  0  0  0  1  0  0 ] (0.00000010)
[  3  1  0  0  0  1  0  0  0 ] (0.00000014)
[  3  1  0  0  1  0  0  0  0 ] (0.00000051)
[  3  1  0  1  0  0  0  0  0 ] (0.00000002)
[  3  1  1  0  0  0  0  0  0 ] (0.00000218)
[  3  2  0  0  0  0  0  0  0 ] (0.00000242)
[  4  0  0  0  0  0  0  0  0 ] (0.00000008)
[  4  0  0  0  0  0  0  0  1 ] (0.00000664)
[  4  0  0  0  0  0  0  1  0 ] (0.00000063)
[  4  0  0  0  0  0  1  0  0 ] (0.00000854)
[  4  0  0  0  0  1  0  0  0 ] (0.00000661)
[  4  0  0  0  1  0  0  0  0 ] (0.00000120)
[  4  0  0  1  0  0  0  0  0 ] (0.00000052)
[  4  0  1  0  0  0  0  0  0 ] (0.00000311)
[  4  1  0  0  0  0  0  0  0 ] (0.00003396)
[  5  0  0  0  0  0  0  0  0 ] (0.00000353)
