| -1016.416131640025 |   103.218113111981 

[  0  0  0  0  0  0  0  0  0 ] (0.00003044)
[  0  0  0  0  0  0  0  0  1 ] (0.00251092)
[  0  0  0  0  0  0  0  0  2 ] (0.00055572)
[  0  0  0  0  0  0  0  0  3 ] (0.00012160)
[  0  0  0  0  0  0  0  0  4 ] (0.00000005)
[  0  0  0  0  0  0  0  0  5 ] (0.00000137)
[  0  0  0  0  0  0  0  1  0 ] (0.00006967)
[  0  0  0  0  0  0  0  1  1 ] (0.00083514)
[  0  0  0  0  0  0  0  1  2 ] (0.00000254)
[  0  0  0  0  0  0  0  1  3 ] (0.00000020)
[  0  0  0  0  0  0  0  1  4 ] (0.00000441)
[  0  0  0  0  0  0  0  2  0 ] (0.00109930)
[  0  0  0  0  0  0  0  2  1 ] (0.00000313)
[  0  0  0  0  0  0  0  2  2 ] (0.00000017)
[  0  0  0  0  0  0  0  2  3 ] (0.00000007)
[  0  0  0  0  0  0  0  3  0 ] (0.00001891)
[  0  0  0  0  0  0  0  3  1 ] (0.00000252)
[  0  0  0  0  0  0  0  3  2 ] (0.00000000)
[  0  0  0  0  0  0  0  4  0 ] (0.00000038)
[  0  0  0  0  0  0  0  4  1 ] (0.00000007)
[  0  0  0  0  0  0  0  5  0 ] (0.00000017)
[  0  0  0  0  0  0  1  0  0 ] (0.00085045)
[  0  0  0  0  0  0  1  0  1 ] (0.00435711)
[  0  0  0  0  0  0  1  0  2 ] (0.00005001)
[  0  0  0  0  0  0  1  0  3 ] (0.00008760)
[  0  0  0  0  0  0  1  0  4 ] (0.00000361)
[  0  0  0  0  0  0  1  1  0 ] (0.00959681)
[  0  0  0  0  0  0  1  1  1 ] (0.00021070)
[  0  0  0  0  0  0  1  1  2 ] (0.00000077)
[  0  0  0  0  0  0  1  1  3 ] (0.00000432)
[  0  0  0  0  0  0  1  2  0 ] (0.00002218)
[  0  0  0  0  0  0  1  2  1 ] (0.00000014)
[  0  0  0  0  0  0  1  2  2 ] (0.00000011)
[  0  0  0  0  0  0  1  3  0 ] (0.00006036)
[  0  0  0  0  0  0  1  3  1 ] (0.00000013)
[  0  0  0  0  0  0  1  4  0 ] (0.00000972)
[  0  0  0  0  0  0  2  0  0 ] (0.00000037)
[  0  0  0  0  0  0  2  0  1 ] (0.00018107)
[  0  0  0  0  0  0  2  0  2 ] (0.00000004)
[  0  0  0  0  0  0  2  0  3 ] (0.00000549)
[  0  0  0  0  0  0  2  1  0 ] (0.00023202)
[  0  0  0  0  0  0  2  1  1 ] (0.00000275)
[  0  0  0  0  0  0  2  1  2 ] (0.00000010)
[  0  0  0  0  0  0  2  2  0 ] (0.00001551)
[  0  0  0  0  0  0  2  2  1 ] (0.00000014)
[  0  0  0  0  0  0  2  3  0 ] (0.00000231)
[  0  0  0  0  0  0  3  0  0 ] (0.00036071)
[  0  0  0  0  0  0  3  0  1 ] (0.00007812)
[  0  0  0  0  0  0  3  0  2 ] (0.00000733)
[  0  0  0  0  0  0  3  1  0 ] (0.00044712)
[  0  0  0  0  0  0  3  1  1 ] (0.00000728)
[  0  0  0  0  0  0  3  2  0 ] (0.00001477)
[  0  0  0  0  0  0  4  0  0 ] (0.00000137)
[  0  0  0  0  0  0  4  0  1 ] (0.00000303)
[  0  0  0  0  0  0  4  1  0 ] (0.00008123)
[  0  0  0  0  0  0  5  0  0 ] (0.00000017)
[  0  0  0  0  0  1  0  0  0 ] (0.00157650)
[  0  0  0  0  0  1  0  0  1 ] (0.00001296)
[  0  0  0  0  0  1  0  0  2 ] (0.00000249)
[  0  0  0  0  0  1  0  0  3 ] (0.00000699)
[  0  0  0  0  0  1  0  0  4 ] (0.00000003)
[  0  0  0  0  0  1  0  1  0 ] (0.00199464)
[  0  0  0  0  0  1  0  1  1 ] (0.00000495)
[  0  0  0  0  0  1  0  1  2 ] (0.00000011)
[  0  0  0  0  0  1  0  1  3 ] (0.00000018)
[  0  0  0  0  0  1  0  2  0 ] (0.00007188)
[  0  0  0  0  0  1  0  2  1 ] (0.00000002)
[  0  0  0  0  0  1  0  2  2 ] (0.00000023)
[  0  0  0  0  0  1  0  3  0 ] (0.00002696)
[  0  0  0  0  0  1  0  3  1 ] (0.00000006)
[  0  0  0  0  0  1  0  4  0 ] (0.00000170)
[  0  0  0  0  0  1  1  0  0 ] (0.00834680)
[  0  0  0  0  0  1  1  0  1 ] (0.00003236)
[  0  0  0  0  0  1  1  0  2 ] (0.00000153)
[  0  0  0  0  0  1  1  0  3 ] (0.00000001)
[  0  0  0  0  0  1  1  1  0 ] (0.00133110)
[  0  0  0  0  0  1  1  1  1 ] (0.00002445)
[  0  0  0  0  0  1  1  1  2 ] (0.00000037)
[  0  0  0  0  0  1  1  2  0 ] (0.00000464)
[  0  0  0  0  0  1  1  2  1 ] (0.00000065)
[  0  0  0  0  0  1  1  3  0 ] (0.00000025)
[  0  0  0  0  0  1  2  0  0 ] (0.00013837)
[  0  0  0  0  0  1  2  0  1 ] (0.00000824)
[  0  0  0  0  0  1  2  0  2 ] (0.00000039)
[  0  0  0  0  0  1  2  1  0 ] (0.00000019)
[  0  0  0  0  0  1  2  1  1 ] (0.00000019)
[  0  0  0  0  0  1  2  2  0 ] (0.00000131)
[  0  0  0  0  0  1  3  0  0 ] (0.00022986)
[  0  0  0  0  0  1  3  0  1 ] (0.00000110)
[  0  0  0  0  0  1  3  1  0 ] (0.00000039)
[  0  0  0  0  0  1  4  0  0 ] (0.00001353)
[  0  0  0  0  0  2  0  0  0 ] (0.00000002)
[  0  0  0  0  0  2  0  0  1 ] (0.00002479)
[  0  0  0  0  0  2  0  0  2 ] (0.00000002)
[  0  0  0  0  0  2  0  0  3 ] (0.00000046)
[  0  0  0  0  0  2  0  1  0 ] (0.00018452)
[  0  0  0  0  0  2  0  1  1 ] (0.00000006)
[  0  0  0  0  0  2  0  1  2 ] (0.00000027)
[  0  0  0  0  0  2  0  2  0 ] (0.00000012)
[  0  0  0  0  0  2  0  2  1 ] (0.00000019)
[  0  0  0  0  0  2  0  3  0 ] (0.00000169)
[  0  0  0  0  0  2  1  0  0 ] (0.00000468)
[  0  0  0  0  0  2  1  0  1 ] (0.00000141)
[  0  0  0  0  0  2  1  0  2 ] (0.00000046)
[  0  0  0  0  0  2  1  1  0 ] (0.00001241)
[  0  0  0  0  0  2  1  1  1 ] (0.00000224)
[  0  0  0  0  0  2  1  2  0 ] (0.00000005)
[  0  0  0  0  0  2  2  0  0 ] (0.00000019)
[  0  0  0  0  0  2  2  0  1 ] (0.00000025)
[  0  0  0  0  0  2  2  1  0 ] (0.00000059)
[  0  0  0  0  0  2  3  0  0 ] (0.00000040)
[  0  0  0  0  0  3  0  0  0 ] (0.00004031)
[  0  0  0  0  0  3  0  0  1 ] (0.00004492)
[  0  0  0  0  0  3  0  0  2 ] (0.00000006)
[  0  0  0  0  0  3  0  1  0 ] (0.00013057)
[  0  0  0  0  0  3  0  1  1 ] (0.00000179)
[  0  0  0  0  0  3  0  2  0 ] (0.00000098)
[  0  0  0  0  0  3  1  0  0 ] (0.00000463)
[  0  0  0  0  0  3  1  0  1 ] (0.00000002)
[  0  0  0  0  0  3  1  1  0 ] (0.00001660)
[  0  0  0  0  0  3  2  0  0 ] (0.00000004)
[  0  0  0  0  0  4  0  0  0 ] (0.00021446)
[  0  0  0  0  0  4  0  0  1 ] (0.00000044)
[  0  0  0  0  0  4  0  1  0 ] (0.00000238)
[  0  0  0  0  0  4  1  0  0 ] (0.00001450)
[  0  0  0  0  0  5  0  0  0 ] (0.00000036)
[  0  0  0  0  1  0  0  0  0 ] (0.00241707)
[  0  0  0  0  1  0  0  0  1 ] (0.00186642)
[  0  0  0  0  1  0  0  0  2 ] (0.00000761)
[  0  0  0  0  1  0  0  0  3 ] (0.00002023)
[  0  0  0  0  1  0  0  0  4 ] (0.00000146)
[  0  0  0  0  1  0  0  1  0 ] (0.00965501)
[  0  0  0  0  1  0  0  1  1 ] (0.00000567)
[  0  0  0  0  1  0  0  1  2 ] (0.00000100)
[  0  0  0  0  1  0  0  1  3 ] (0.00000026)
[  0  0  0  0  1  0  0  2  0 ] (0.00010356)
[  0  0  0  0  1  0  0  2  1 ] (0.00000240)
[  0  0  0  0  1  0  0  2  2 ] (0.00000167)
[  0  0  0  0  1  0  0  3  0 ] (0.00006124)
[  0  0  0  0  1  0  0  3  1 ] (0.00000191)
[  0  0  0  0  1  0  0  4  0 ] (0.00000556)
[  0  0  0  0  1  0  1  0  0 ] (0.03335603)
[  0  0  0  0  1  0  1  0  1 ] (0.00114699)
[  0  0  0  0  1  0  1  0  2 ] (0.00001370)
[  0  0  0  0  1  0  1  0  3 ] (0.00000230)
[  0  0  0  0  1  0  1  1  0 ] (0.00072195)
[  0  0  0  0  1  0  1  1  1 ] (0.00005751)
[  0  0  0  0  1  0  1  1  2 ] (0.00000485)
[  0  0  0  0  1  0  1  2  0 ] (0.00000001)
[  0  0  0  0  1  0  1  2  1 ] (0.00000502)
[  0  0  0  0  1  0  1  3  0 ] (0.00000270)
[  0  0  0  0  1  0  2  0  0 ] (0.00112405)
[  0  0  0  0  1  0  2  0  1 ] (0.00004302)
[  0  0  0  0  1  0  2  0  2 ] (0.00000009)
[  0  0  0  0  1  0  2  1  0 ] (0.00002437)
[  0  0  0  0  1  0  2  1  1 ] (0.00000170)
[  0  0  0  0  1  0  2  2  0 ] (0.00000152)
[  0  0  0  0  1  0  3  0  0 ] (0.00159219)
[  0  0  0  0  1  0  3  0  1 ] (0.00001086)
[  0  0  0  0  1  0  3  1  0 ] (0.00003310)
[  0  0  0  0  1  0  4  0  0 ] (0.00003803)
[  0  0  0  0  1  1  0  0  0 ] (0.05133071)
[  0  0  0  0  1  1  0  0  1 ] (0.00028624)
[  0  0  0  0  1  1  0  0  2 ] (0.00000059)
[  0  0  0  0  1  1  0  0  3 ] (0.00000304)
[  0  0  0  0  1  1  0  1  0 ] (0.00165240)
[  0  0  0  0  1  1  0  1  1 ] (0.00000001)
[  0  0  0  0  1  1  0  1  2 ] (0.00000586)
[  0  0  0  0  1  1  0  2  0 ] (0.00000305)
[  0  0  0  0  1  1  0  2  1 ] (0.00000215)
[  0  0  0  0  1  1  0  3  0 ] (0.00000974)
[  0  0  0  0  1  1  1  0  0 ] (0.00017588)
[  0  0  0  0  1  1  1  0  1 ] (0.00004338)
[  0  0  0  0  1  1  1  0  2 ] (0.00000418)
[  0  0  0  0  1  1  1  1  0 ] (0.00006339)
[  0  0  0  0  1  1  1  1  1 ] (0.00001018)
[  0  0  0  0  1  1  1  2  0 ] (0.00001000)
[  0  0  0  0  1  1  2  0  0 ] (0.00007848)
[  0  0  0  0  1  1  2  0  1 ] (0.00001249)
[  0  0  0  0  1  1  2  1  0 ] (0.00001247)
[  0  0  0  0  1  1  3  0  0 ] (0.00005655)
[  0  0  0  0  1  2  0  0  0 ] (0.00000746)
[  0  0  0  0  1  2  0  0  1 ] (0.00000608)
[  0  0  0  0  1  2  0  0  2 ] (0.00000095)
[  0  0  0  0  1  2  0  1  0 ] (0.00000022)
[  0  0  0  0  1  2  0  1  1 ] (0.00000122)
[  0  0  0  0  1  2  0  2  0 ] (0.00000114)
[  0  0  0  0  1  2  1  0  0 ] (0.00006018)
[  0  0  0  0  1  2  1  0  1 ] (0.00003213)
[  0  0  0  0  1  2  1  1  0 ] (0.00000015)
[  0  0  0  0  1  2  2  0  0 ] (0.00000102)
[  0  0  0  0  1  3  0  0  0 ] (0.00003050)
[  0  0  0  0  1  3  0  0  1 ] (0.00000225)
[  0  0  0  0  1  3  0  1  0 ] (0.00000412)
[  0  0  0  0  1  3  1  0  0 ] (0.00001763)
[  0  0  0  0  1  4  0  0  0 ] (0.00005091)
[  0  0  0  0  2  0  0  0  0 ] (0.00018038)
[  0  0  0  0  2  0  0  0  1 ] (0.00004945)
[  0  0  0  0  2  0  0  0  2 ] (0.00000036)
[  0  0  0  0  2  0  0  0  3 ] (0.00000079)
[  0  0  0  0  2  0  0  1  0 ] (0.00001054)
[  0  0  0  0  2  0  0  1  1 ] (0.00001255)
[  0  0  0  0  2  0  0  1  2 ] (0.00000000)
[  0  0  0  0  2  0  0  2  0 ] (0.00005203)
[  0  0  0  0  2  0  0  2  1 ] (0.00000344)
[  0  0  0  0  2  0  0  3  0 ] (0.00000619)
[  0  0  0  0  2  0  1  0  0 ] (0.00000535)
[  0  0  0  0  2  0  1  0  1 ] (0.00000635)
[  0  0  0  0  2  0  1  0  2 ] (0.00000191)
[  0  0  0  0  2  0  1  1  0 ] (0.00006125)
[  0  0  0  0  2  0  1  1  1 ] (0.00002721)
[  0  0  0  0  2  0  1  2  0 ] (0.00006035)
[  0  0  0  0  2  0  2  0  0 ] (0.00001313)
[  0  0  0  0  2  0  2  0  1 ] (0.00003088)
[  0  0  0  0  2  0  2  1  0 ] (0.00002503)
[  0  0  0  0  2  0  3  0  0 ] (0.00000516)
[  0  0  0  0  2  1  0  0  0 ] (0.00091918)
[  0  0  0  0  2  1  0  0  1 ] (0.00004011)
[  0  0  0  0  2  1  0  0  2 ] (0.00000004)
[  0  0  0  0  2  1  0  1  0 ] (0.00008121)
[  0  0  0  0  2  1  0  1  1 ] (0.00000208)
[  0  0  0  0  2  1  0  2  0 ] (0.00000019)
[  0  0  0  0  2  1  1  0  0 ] (0.00000782)
[  0  0  0  0  2  1  1  0  1 ] (0.00000021)
[  0  0  0  0  2  1  1  1  0 ] (0.00001297)
[  0  0  0  0  2  1  2  0  0 ] (0.00000219)
[  0  0  0  0  2  2  0  0  0 ] (0.00002673)
[  0  0  0  0  2  2  0  0  1 ] (0.00000003)
[  0  0  0  0  2  2  0  1  0 ] (0.00000671)
[  0  0  0  0  2  2  1  0  0 ] (0.00000308)
[  0  0  0  0  2  3  0  0  0 ] (0.00002414)
[  0  0  0  0  3  0  0  0  0 ] (0.00144174)
[  0  0  0  0  3  0  0  0  1 ] (0.00000072)
[  0  0  0  0  3  0  0  0  2 ] (0.00000001)
[  0  0  0  0  3  0  0  1  0 ] (0.00006188)
[  0  0  0  0  3  0  0  1  1 ] (0.00000061)
[  0  0  0  0  3  0  0  2  0 ] (0.00000024)
[  0  0  0  0  3  0  1  0  0 ] (0.00000901)
[  0  0  0  0  3  0  1  0  1 ] (0.00000006)
[  0  0  0  0  3  0  1  1  0 ] (0.00010899)
[  0  0  0  0  3  0  2  0  0 ] (0.00001403)
[  0  0  0  0  3  1  0  0  0 ] (0.00039551)
[  0  0  0  0  3  1  0  0  1 ] (0.00001008)
[  0  0  0  0  3  1  0  1  0 ] (0.00000230)
[  0  0  0  0  3  1  1  0  0 ] (0.00003717)
[  0  0  0  0  3  2  0  0  0 ] (0.00000143)
[  0  0  0  0  4  0  0  0  0 ] (0.00057360)
[  0  0  0  0  4  0  0  0  1 ] (0.00000016)
[  0  0  0  0  4  0  0  1  0 ] (0.00002118)
[  0  0  0  0  4  0  1  0  0 ] (0.00007853)
[  0  0  0  0  4  1  0  0  0 ] (0.00004157)
[  0  0  0  0  5  0  0  0  0 ] (0.00000046)
[  0  0  0  1  0  0  0  0  0 ] (0.00030325)
[  0  0  0  1  0  0  0  0  1 ] (0.00099343)
[  0  0  0  1  0  0  0  0  2 ] (0.00001603)
[  0  0  0  1  0  0  0  0  3 ] (0.00000071)
[  0  0  0  1  0  0  0  0  4 ] (0.00000005)
[  0  0  0  1  0  0  0  1  0 ] (0.00461654)
[  0  0  0  1  0  0  0  1  1 ] (0.00003778)
[  0  0  0  1  0  0  0  1  2 ] (0.00000003)
[  0  0  0  1  0  0  0  1  3 ] (0.00000006)
[  0  0  0  1  0  0  0  2  0 ] (0.00008253)
[  0  0  0  1  0  0  0  2  1 ] (0.00000802)
[  0  0  0  1  0  0  0  2  2 ] (0.00000005)
[  0  0  0  1  0  0  0  3  0 ] (0.00011917)
[  0  0  0  1  0  0  0  3  1 ] (0.00000433)
[  0  0  0  1  0  0  0  4  0 ] (0.00000010)
[  0  0  0  1  0  0  1  0  0 ] (0.02006537)
[  0  0  0  1  0  0  1  0  1 ] (0.00028030)
[  0  0  0  1  0  0  1  0  2 ] (0.00001977)
[  0  0  0  1  0  0  1  0  3 ] (0.00000058)
[  0  0  0  1  0  0  1  1  0 ] (0.00138787)
[  0  0  0  1  0  0  1  1  1 ] (0.00002454)
[  0  0  0  1  0  0  1  1  2 ] (0.00000001)
[  0  0  0  1  0  0  1  2  0 ] (0.00001845)
[  0  0  0  1  0  0  1  2  1 ] (0.00000016)
[  0  0  0  1  0  0  1  3  0 ] (0.00000650)
[  0  0  0  1  0  0  2  0  0 ] (0.00004459)
[  0  0  0  1  0  0  2  0  1 ] (0.00001696)
[  0  0  0  1  0  0  2  0  2 ] (0.00000179)
[  0  0  0  1  0  0  2  1  0 ] (0.00000703)
[  0  0  0  1  0  0  2  1  1 ] (0.00000024)
[  0  0  0  1  0  0  2  2  0 ] (0.00000035)
[  0  0  0  1  0  0  3  0  0 ] (0.00001133)
[  0  0  0  1  0  0  3  0  1 ] (0.00000438)
[  0  0  0  1  0  0  3  1  0 ] (0.00000082)
[  0  0  0  1  0  0  4  0  0 ] (0.00008596)
[  0  0  0  1  0  1  0  0  0 ] (0.00924117)
[  0  0  0  1  0  1  0  0  1 ] (0.00020125)
[  0  0  0  1  0  1  0  0  2 ] (0.00000285)
[  0  0  0  1  0  1  0  0  3 ] (0.00000067)
[  0  0  0  1  0  1  0  1  0 ] (0.00005794)
[  0  0  0  1  0  1  0  1  1 ] (0.00000259)
[  0  0  0  1  0  1  0  1  2 ] (0.00000011)
[  0  0  0  1  0  1  0  2  0 ] (0.00000349)
[  0  0  0  1  0  1  0  2  1 ] (0.00000036)
[  0  0  0  1  0  1  0  3  0 ] (0.00000007)
[  0  0  0  1  0  1  1  0  0 ] (0.00069632)
[  0  0  0  1  0  1  1  0  1 ] (0.00000302)
[  0  0  0  1  0  1  1  0  2 ] (0.00000024)
[  0  0  0  1  0  1  1  1  0 ] (0.00000265)
[  0  0  0  1  0  1  1  1  1 ] (0.00000275)
[  0  0  0  1  0  1  1  2  0 ] (0.00000263)
[  0  0  0  1  0  1  2  0  0 ] (0.00000082)
[  0  0  0  1  0  1  2  0  1 ] (0.00000002)
[  0  0  0  1  0  1  2  1  0 ] (0.00000016)
[  0  0  0  1  0  1  3  0  0 ] (0.00000005)
[  0  0  0  1  0  2  0  0  0 ] (0.00009507)
[  0  0  0  1  0  2  0  0  1 ] (0.00000063)
[  0  0  0  1  0  2  0  0  2 ] (0.00000035)
[  0  0  0  1  0  2  0  1  0 ] (0.00001672)
[  0  0  0  1  0  2  0  1  1 ] (0.00000116)
[  0  0  0  1  0  2  0  2  0 ] (0.00000034)
[  0  0  0  1  0  2  1  0  0 ] (0.00000060)
[  0  0  0  1  0  2  1  0  1 ] (0.00000027)
[  0  0  0  1  0  2  1  1  0 ] (0.00001894)
[  0  0  0  1  0  2  2  0  0 ] (0.00000981)
[  0  0  0  1  0  3  0  0  0 ] (0.00007985)
[  0  0  0  1  0  3  0  0  1 ] (0.00000114)
[  0  0  0  1  0  3  0  1  0 ] (0.00000846)
[  0  0  0  1  0  3  1  0  0 ] (0.00000014)
[  0  0  0  1  0  4  0  0  0 ] (0.00001014)
[  0  0  0  1  1  0  0  0  0 ] (0.01179381)
[  0  0  0  1  1  0  0  0  1 ] (0.00040056)
[  0  0  0  1  1  0  0  0  2 ] (0.00001455)
[  0  0  0  1  1  0  0  0  3 ] (0.00000000)
[  0  0  0  1  1  0  0  1  0 ] (0.00059246)
[  0  0  0  1  1  0  0  1  1 ] (0.00001075)
[  0  0  0  1  1  0  0  1  2 ] (0.00000197)
[  0  0  0  1  1  0  0  2  0 ] (0.00000044)
[  0  0  0  1  1  0  0  2  1 ] (0.00000226)
[  0  0  0  1  1  0  0  3  0 ] (0.00001040)
[  0  0  0  1  1  0  1  0  0 ] (0.00000326)
[  0  0  0  1  1  0  1  0  1 ] (0.00000012)
[  0  0  0  1  1  0  1  0  2 ] (0.00000042)
[  0  0  0  1  1  0  1  1  0 ] (0.00000325)
[  0  0  0  1  1  0  1  1  1 ] (0.00001757)
[  0  0  0  1  1  0  1  2  0 ] (0.00000000)
[  0  0  0  1  1  0  2  0  0 ] (0.00001431)
[  0  0  0  1  1  0  2  0  1 ] (0.00003919)
[  0  0  0  1  1  0  2  1  0 ] (0.00003903)
[  0  0  0  1  1  0  3  0  0 ] (0.00000903)
[  0  0  0  1  1  1  0  0  0 ] (0.00135260)
[  0  0  0  1  1  1  0  0  1 ] (0.00000036)
[  0  0  0  1  1  1  0  0  2 ] (0.00000074)
[  0  0  0  1  1  1  0  1  0 ] (0.00004598)
[  0  0  0  1  1  1  0  1  1 ] (0.00001382)
[  0  0  0  1  1  1  0  2  0 ] (0.00000946)
[  0  0  0  1  1  1  1  0  0 ] (0.00004734)
[  0  0  0  1  1  1  1  0  1 ] (0.00000006)
[  0  0  0  1  1  1  1  1  0 ] (0.00000004)
[  0  0  0  1  1  1  2  0  0 ] (0.00000301)
[  0  0  0  1  1  2  0  0  0 ] (0.00000113)
[  0  0  0  1  1  2  0  0  1 ] (0.00002565)
[  0  0  0  1  1  2  0  1  0 ] (0.00002585)
[  0  0  0  1  1  2  1  0  0 ] (0.00000031)
[  0  0  0  1  1  3  0  0  0 ] (0.00000036)
[  0  0  0  1  2  0  0  0  0 ] (0.00036009)
[  0  0  0  1  2  0  0  0  1 ] (0.00000222)
[  0  0  0  1  2  0  0  0  2 ] (0.00000002)
[  0  0  0  1  2  0  0  1  0 ] (0.00001188)
[  0  0  0  1  2  0  0  1  1 ] (0.00000634)
[  0  0  0  1  2  0  0  2  0 ] (0.00003261)
[  0  0  0  1  2  0  1  0  0 ] (0.00000311)
[  0  0  0  1  2  0  1  0  1 ] (0.00004026)
[  0  0  0  1  2  0  1  1  0 ] (0.00000986)
[  0  0  0  1  2  0  2  0  0 ] (0.00000014)
[  0  0  0  1  2  1  0  0  0 ] (0.00001583)
[  0  0  0  1  2  1  0  0  1 ] (0.00000955)
[  0  0  0  1  2  1  0  1  0 ] (0.00000019)
[  0  0  0  1  2  1  1  0  0 ] (0.00000986)
[  0  0  0  1  2  2  0  0  0 ] (0.00000197)
[  0  0  0  1  3  0  0  0  0 ] (0.00014972)
[  0  0  0  1  3  0  0  0  1 ] (0.00001835)
[  0  0  0  1  3  0  0  1  0 ] (0.00002269)
[  0  0  0  1  3  0  1  0  0 ] (0.00000044)
[  0  0  0  1  3  1  0  0  0 ] (0.00000007)
[  0  0  0  1  4  0  0  0  0 ] (0.00000379)
[  0  0  0  2  0  0  0  0  0 ] (0.00003663)
[  0  0  0  2  0  0  0  0  1 ] (0.00000883)
[  0  0  0  2  0  0  0  0  2 ] (0.00000003)
[  0  0  0  2  0  0  0  0  3 ] (0.00000223)
[  0  0  0  2  0  0  0  1  0 ] (0.00000209)
[  0  0  0  2  0  0  0  1  1 ] (0.00000013)
[  0  0  0  2  0  0  0  1  2 ] (0.00000041)
[  0  0  0  2  0  0  0  2  0 ] (0.00003347)
[  0  0  0  2  0  0  0  2  1 ] (0.00000076)
[  0  0  0  2  0  0  0  3  0 ] (0.00000709)
[  0  0  0  2  0  0  1  0  0 ] (0.00080997)
[  0  0  0  2  0  0  1  0  1 ] (0.00006123)
[  0  0  0  2  0  0  1  0  2 ] (0.00000089)
[  0  0  0  2  0  0  1  1  0 ] (0.00000393)
[  0  0  0  2  0  0  1  1  1 ] (0.00000365)
[  0  0  0  2  0  0  1  2  0 ] (0.00000138)
[  0  0  0  2  0  0  2  0  0 ] (0.00015738)
[  0  0  0  2  0  0  2  0  1 ] (0.00005785)
[  0  0  0  2  0  0  2  1  0 ] (0.00003372)
[  0  0  0  2  0  0  3  0  0 ] (0.00001109)
[  0  0  0  2  0  1  0  0  0 ] (0.00058461)
[  0  0  0  2  0  1  0  0  1 ] (0.00001723)
[  0  0  0  2  0  1  0  0  2 ] (0.00000008)
[  0  0  0  2  0  1  0  1  0 ] (0.00001904)
[  0  0  0  2  0  1  0  1  1 ] (0.00000003)
[  0  0  0  2  0  1  0  2  0 ] (0.00000049)
[  0  0  0  2  0  1  1  0  0 ] (0.00001680)
[  0  0  0  2  0  1  1  0  1 ] (0.00000006)
[  0  0  0  2  0  1  1  1  0 ] (0.00000126)
[  0  0  0  2  0  1  2  0  0 ] (0.00000077)
[  0  0  0  2  0  2  0  0  0 ] (0.00001354)
[  0  0  0  2  0  2  0  0  1 ] (0.00000373)
[  0  0  0  2  0  2  0  1  0 ] (0.00000160)
[  0  0  0  2  0  2  1  0  0 ] (0.00000329)
[  0  0  0  2  0  3  0  0  0 ] (0.00001795)
[  0  0  0  2  1  0  0  0  0 ] (0.00001413)
[  0  0  0  2  1  0  0  0  1 ] (0.00000144)
[  0  0  0  2  1  0  0  0  2 ] (0.00000002)
[  0  0  0  2  1  0  0  1  0 ] (0.00002399)
[  0  0  0  2  1  0  0  1  1 ] (0.00000001)
[  0  0  0  2  1  0  0  2  0 ] (0.00000004)
[  0  0  0  2  1  0  1  0  0 ] (0.00000025)
[  0  0  0  2  1  0  1  0  1 ] (0.00002387)
[  0  0  0  2  1  0  1  1  0 ] (0.00000034)
[  0  0  0  2  1  0  2  0  0 ] (0.00001509)
[  0  0  0  2  1  1  0  0  0 ] (0.00007078)
[  0  0  0  2  1  1  0  0  1 ] (0.00000176)
[  0  0  0  2  1  1  0  1  0 ] (0.00000668)
[  0  0  0  2  1  1  1  0  0 ] (0.00006889)
[  0  0  0  2  1  2  0  0  0 ] (0.00000567)
[  0  0  0  2  2  0  0  0  0 ] (0.00000115)
[  0  0  0  2  2  0  0  0  1 ] (0.00000193)
[  0  0  0  2  2  0  0  1  0 ] (0.00002289)
[  0  0  0  2  2  0  1  0  0 ] (0.00000012)
[  0  0  0  2  2  1  0  0  0 ] (0.00000243)
[  0  0  0  2  3  0  0  0  0 ] (0.00000239)
[  0  0  0  3  0  0  0  0  0 ] (0.00035109)
[  0  0  0  3  0  0  0  0  1 ] (0.00000387)
[  0  0  0  3  0  0  0  0  2 ] (0.00000045)
[  0  0  0  3  0  0  0  1  0 ] (0.00000398)
[  0  0  0  3  0  0  0  1  1 ] (0.00000401)
[  0  0  0  3  0  0  0  2  0 ] (0.00000107)
[  0  0  0  3  0  0  1  0  0 ] (0.00042424)
[  0  0  0  3  0  0  1  0  1 ] (0.00000782)
[  0  0  0  3  0  0  1  1  0 ] (0.00000389)
[  0  0  0  3  0  0  2  0  0 ] (0.00000081)
[  0  0  0  3  0  1  0  0  0 ] (0.00018734)
[  0  0  0  3  0  1  0  0  1 ] (0.00000423)
[  0  0  0  3  0  1  0  1  0 ] (0.00000005)
[  0  0  0  3  0  1  1  0  0 ] (0.00000756)
[  0  0  0  3  0  2  0  0  0 ] (0.00000168)
[  0  0  0  3  1  0  0  0  0 ] (0.00007373)
[  0  0  0  3  1  0  0  0  1 ] (0.00000135)
[  0  0  0  3  1  0  0  1  0 ] (0.00000603)
[  0  0  0  3  1  0  1  0  0 ] (0.00000181)
[  0  0  0  3  1  1  0  0  0 ] (0.00001803)
[  0  0  0  3  2  0  0  0  0 ] (0.00002655)
[  0  0  0  4  0  0  0  0  0 ] (0.00001242)
[  0  0  0  4  0  0  0  0  1 ] (0.00001605)
[  0  0  0  4  0  0  0  1  0 ] (0.00001115)
[  0  0  0  4  0  0  1  0  0 ] (0.00008815)
[  0  0  0  4  0  1  0  0  0 ] (0.00004057)
[  0  0  0  4  1  0  0  0  0 ] (0.00000477)
[  0  0  0  5  0  0  0  0  0 ] (0.00000041)
[  0  0  1  0  0  0  0  0  0 ] (0.00000001)
[  0  0  1  0  0  0  0  0  1 ] (0.00000009)
[  0  0  1  0  0  0  0  0  2 ] (0.00000005)
[  0  0  1  0  0  0  0  0  3 ] (0.00000001)
[  0  0  1  0  0  0  0  0  4 ] (0.00000000)
[  0  0  1  0  0  0  0  1  0 ] (0.00000008)
[  0  0  1  0  0  0  0  1  1 ] (0.00000009)
[  0  0  1  0  0  0  0  1  2 ] (0.00000000)
[  0  0  1  0  0  0  0  1  3 ] (0.00000000)
[  0  0  1  0  0  0  0  2  0 ] (0.00000003)
[  0  0  1  0  0  0  0  2  1 ] (0.00000000)
[  0  0  1  0  0  0  0  2  2 ] (0.00000000)
[  0  0  1  0  0  0  0  3  0 ] (0.00000000)
[  0  0  1  0  0  0  0  3  1 ] (0.00000000)
[  0  0  1  0  0  0  0  4  0 ] (0.00000000)
[  0  0  1  0  0  0  1  0  0 ] (0.00000014)
[  0  0  1  0  0  0  1  0  1 ] (0.00000010)
[  0  0  1  0  0  0  1  0  2 ] (0.00000000)
[  0  0  1  0  0  0  1  0  3 ] (0.00000000)
[  0  0  1  0  0  0  1  1  0 ] (0.00000001)
[  0  0  1  0  0  0  1  1  1 ] (0.00000000)
[  0  0  1  0  0  0  1  1  2 ] (0.00000000)
[  0  0  1  0  0  0  1  2  0 ] (0.00000001)
[  0  0  1  0  0  0  1  2  1 ] (0.00000000)
[  0  0  1  0  0  0  1  3  0 ] (0.00000000)
[  0  0  1  0  0  0  2  0  0 ] (0.00000000)
[  0  0  1  0  0  0  2  0  1 ] (0.00000004)
[  0  0  1  0  0  0  2  0  2 ] (0.00000000)
[  0  0  1  0  0  0  2  1  0 ] (0.00000000)
[  0  0  1  0  0  0  2  1  1 ] (0.00000000)
[  0  0  1  0  0  0  2  2  0 ] (0.00000000)
[  0  0  1  0  0  0  3  0  0 ] (0.00000001)
[  0  0  1  0  0  0  3  0  1 ] (0.00000000)
[  0  0  1  0  0  0  3  1  0 ] (0.00000000)
[  0  0  1  0  0  0  4  0  0 ] (0.00000001)
[  0  0  1  0  0  1  0  0  0 ] (0.00000000)
[  0  0  1  0  0  1  0  0  1 ] (0.00000008)
[  0  0  1  0  0  1  0  0  2 ] (0.00000000)
[  0  0  1  0  0  1  0  0  3 ] (0.00000000)
[  0  0  1  0  0  1  0  1  0 ] (0.00000000)
[  0  0  1  0  0  1  0  1  1 ] (0.00000000)
[  0  0  1  0  0  1  0  1  2 ] (0.00000000)
[  0  0  1  0  0  1  0  2  0 ] (0.00000000)
[  0  0  1  0  0  1  0  2  1 ] (0.00000000)
[  0  0  1  0  0  1  0  3  0 ] (0.00000000)
[  0  0  1  0  0  1  1  0  0 ] (0.00000005)
[  0  0  1  0  0  1  1  0  1 ] (0.00000003)
[  0  0  1  0  0  1  1  0  2 ] (0.00000000)
[  0  0  1  0  0  1  1  1  0 ] (0.00000001)
[  0  0  1  0  0  1  1  1  1 ] (0.00000000)
[  0  0  1  0  0  1  1  2  0 ] (0.00000000)
[  0  0  1  0  0  1  2  0  0 ] (0.00000003)
[  0  0  1  0  0  1  2  0  1 ] (0.00000000)
[  0  0  1  0  0  1  2  1  0 ] (0.00000000)
[  0  0  1  0  0  1  3  0  0 ] (0.00000001)
[  0  0  1  0  0  2  0  0  0 ] (0.00000189)
[  0  0  1  0  0  2  0  0  1 ] (0.00000017)
[  0  0  1  0  0  2  0  0  2 ] (0.00000000)
[  0  0  1  0  0  2  0  1  0 ] (0.00000001)
[  0  0  1  0  0  2  0  1  1 ] (0.00000000)
[  0  0  1  0  0  2  0  2  0 ] (0.00000000)
[  0  0  1  0  0  2  1  0  0 ] (0.00000007)
[  0  0  1  0  0  2  1  0  1 ] (0.00000000)
[  0  0  1  0  0  2  1  1  0 ] (0.00000000)
[  0  0  1  0  0  2  2  0  0 ] (0.00000000)
[  0  0  1  0  0  3  0  0  0 ] (0.00000004)
[  0  0  1  0  0  3  0  0  1 ] (0.00000000)
[  0  0  1  0  0  3  0  1  0 ] (0.00000000)
[  0  0  1  0  0  3  1  0  0 ] (0.00000000)
[  0  0  1  0  0  4  0  0  0 ] (0.00000001)
[  0  0  1  0  1  0  0  0  0 ] (0.00000044)
[  0  0  1  0  1  0  0  0  1 ] (0.00000001)
[  0  0  1  0  1  0  0  0  2 ] (0.00000000)
[  0  0  1  0  1  0  0  0  3 ] (0.00000000)
[  0  0  1  0  1  0  0  1  0 ] (0.00000003)
[  0  0  1  0  1  0  0  1  1 ] (0.00000000)
[  0  0  1  0  1  0  0  1  2 ] (0.00000000)
[  0  0  1  0  1  0  0  2  0 ] (0.00000001)
[  0  0  1  0  1  0  0  2  1 ] (0.00000000)
[  0  0  1  0  1  0  0  3  0 ] (0.00000000)
[  0  0  1  0  1  0  1  0  0 ] (0.00000000)
[  0  0  1  0  1  0  1  0  1 ] (0.00000001)
[  0  0  1  0  1  0  1  0  2 ] (0.00000000)
[  0  0  1  0  1  0  1  1  0 ] (0.00000001)
[  0  0  1  0  1  0  1  1  1 ] (0.00000000)
[  0  0  1  0  1  0  1  2  0 ] (0.00000000)
[  0  0  1  0  1  0  2  0  0 ] (0.00000004)
[  0  0  1  0  1  0  2  0  1 ] (0.00000001)
[  0  0  1  0  1  0  2  1  0 ] (0.00000000)
[  0  0  1  0  1  0  3  0  0 ] (0.00000001)
[  0  0  1  0  1  1  0  0  0 ] (0.00000011)
[  0  0  1  0  1  1  0  0  1 ] (0.00000000)
[  0  0  1  0  1  1  0  0  2 ] (0.00000000)
[  0  0  1  0  1  1  0  1  0 ] (0.00000000)
[  0  0  1  0  1  1  0  1  1 ] (0.00000000)
[  0  0  1  0  1  1  0  2  0 ] (0.00000000)
[  0  0  1  0  1  1  1  0  0 ] (0.00000000)
[  0  0  1  0  1  1  1  0  1 ] (0.00000000)
[  0  0  1  0  1  1  1  1  0 ] (0.00000000)
[  0  0  1  0  1  1  2  0  0 ] (0.00000000)
[  0  0  1  0  1  2  0  0  0 ] (0.00000000)
[  0  0  1  0  1  2  0  0  1 ] (0.00000000)
[  0  0  1  0  1  2  0  1  0 ] (0.00000000)
[  0  0  1  0  1  2  1  0  0 ] (0.00000000)
[  0  0  1  0  1  3  0  0  0 ] (0.00000000)
[  0  0  1  0  2  0  0  0  0 ] (0.00000121)
[  0  0  1  0  2  0  0  0  1 ] (0.00000002)
[  0  0  1  0  2  0  0  0  2 ] (0.00000000)
[  0  0  1  0  2  0  0  1  0 ] (0.00000000)
[  0  0  1  0  2  0  0  1  1 ] (0.00000000)
[  0  0  1  0  2  0  0  2  0 ] (0.00000000)
[  0  0  1  0  2  0  1  0  0 ] (0.00000006)
[  0  0  1  0  2  0  1  0  1 ] (0.00000001)
[  0  0  1  0  2  0  1  1  0 ] (0.00000000)
[  0  0  1  0  2  0  2  0  0 ] (0.00000000)
[  0  0  1  0  2  1  0  0  0 ] (0.00000000)
[  0  0  1  0  2  1  0  0  1 ] (0.00000000)
[  0  0  1  0  2  1  0  1  0 ] (0.00000000)
[  0  0  1  0  2  1  1  0  0 ] (0.00000001)
[  0  0  1  0  2  2  0  0  0 ] (0.00000000)
[  0  0  1  0  3  0  0  0  0 ] (0.00000000)
[  0  0  1  0  3  0  0  0  1 ] (0.00000000)
[  0  0  1  0  3  0  0  1  0 ] (0.00000000)
[  0  0  1  0  3  0  1  0  0 ] (0.00000000)
[  0  0  1  0  3  1  0  0  0 ] (0.00000001)
[  0  0  1  0  4  0  0  0  0 ] (0.00000004)
[  0  0  1  1  0  0  0  0  0 ] (0.00000002)
[  0  0  1  1  0  0  0  0  1 ] (0.00000002)
[  0  0  1  1  0  0  0  0  2 ] (0.00000000)
[  0  0  1  1  0  0  0  0  3 ] (0.00000000)
[  0  0  1  1  0  0  0  1  0 ] (0.00000000)
[  0  0  1  1  0  0  0  1  1 ] (0.00000000)
[  0  0  1  1  0  0  0  1  2 ] (0.00000000)
[  0  0  1  1  0  0  0  2  0 ] (0.00000000)
[  0  0  1  1  0  0  0  2  1 ] (0.00000000)
[  0  0  1  1  0  0  0  3  0 ] (0.00000000)
[  0  0  1  1  0  0  1  0  0 ] (0.00000003)
[  0  0  1  1  0  0  1  0  1 ] (0.00000001)
[  0  0  1  1  0  0  1  0  2 ] (0.00000000)
[  0  0  1  1  0  0  1  1  0 ] (0.00000000)
[  0  0  1  1  0  0  1  1  1 ] (0.00000000)
[  0  0  1  1  0  0  1  2  0 ] (0.00000000)
[  0  0  1  1  0  0  2  0  0 ] (0.00000001)
[  0  0  1  1  0  0  2  0  1 ] (0.00000001)
[  0  0  1  1  0  0  2  1  0 ] (0.00000000)
[  0  0  1  1  0  0  3  0  0 ] (0.00000000)
[  0  0  1  1  0  1  0  0  0 ] (0.00000008)
[  0  0  1  1  0  1  0  0  1 ] (0.00000001)
[  0  0  1  1  0  1  0  0  2 ] (0.00000000)
[  0  0  1  1  0  1  0  1  0 ] (0.00000000)
[  0  0  1  1  0  1  0  1  1 ] (0.00000000)
[  0  0  1  1  0  1  0  2  0 ] (0.00000000)
[  0  0  1  1  0  1  1  0  0 ] (0.00000000)
[  0  0  1  1  0  1  1  0  1 ] (0.00000000)
[  0  0  1  1  0  1  1  1  0 ] (0.00000000)
[  0  0  1  1  0  1  2  0  0 ] (0.00000000)
[  0  0  1  1  0  2  0  0  0 ] (0.00000003)
[  0  0  1  1  0  2  0  0  1 ] (0.00000001)
[  0  0  1  1  0  2  0  1  0 ] (0.00000000)
[  0  0  1  1  0  2  1  0  0 ] (0.00000000)
[  0  0  1  1  0  3  0  0  0 ] (0.00000000)
[  0  0  1  1  1  0  0  0  0 ] (0.00000000)
[  0  0  1  1  1  0  0  0  1 ] (0.00000000)
[  0  0  1  1  1  0  0  0  2 ] (0.00000000)
[  0  0  1  1  1  0  0  1  0 ] (0.00000000)
[  0  0  1  1  1  0  0  1  1 ] (0.00000000)
[  0  0  1  1  1  0  0  2  0 ] (0.00000000)
[  0  0  1  1  1  0  1  0  0 ] (0.00000000)
[  0  0  1  1  1  0  1  0  1 ] (0.00000000)
[  0  0  1  1  1  0  1  1  0 ] (0.00000000)
[  0  0  1  1  1  0  2  0  0 ] (0.00000000)
[  0  0  1  1  1  1  0  0  0 ] (0.00000001)
[  0  0  1  1  1  1  0  0  1 ] (0.00000000)
[  0  0  1  1  1  1  0  1  0 ] (0.00000000)
[  0  0  1  1  1  1  1  0  0 ] (0.00000000)
[  0  0  1  1  1  2  0  0  0 ] (0.00000000)
[  0  0  1  1  2  0  0  0  0 ] (0.00000001)
[  0  0  1  1  2  0  0  0  1 ] (0.00000000)
[  0  0  1  1  2  0  0  1  0 ] (0.00000000)
[  0  0  1  1  2  0  1  0  0 ] (0.00000000)
[  0  0  1  1  2  1  0  0  0 ] (0.00000000)
[  0  0  1  1  3  0  0  0  0 ] (0.00000000)
[  0  0  1  2  0  0  0  0  0 ] (0.00000151)
[  0  0  1  2  0  0  0  0  1 ] (0.00000009)
[  0  0  1  2  0  0  0  0  2 ] (0.00000000)
[  0  0  1  2  0  0  0  1  0 ] (0.00000001)
[  0  0  1  2  0  0  0  1  1 ] (0.00000000)
[  0  0  1  2  0  0  0  2  0 ] (0.00000000)
[  0  0  1  2  0  0  1  0  0 ] (0.00000000)
[  0  0  1  2  0  0  1  0  1 ] (0.00000000)
[  0  0  1  2  0  0  1  1  0 ] (0.00000000)
[  0  0  1  2  0  0  2  0  0 ] (0.00000003)
[  0  0  1  2  0  1  0  0  0 ] (0.00000004)
[  0  0  1  2  0  1  0  0  1 ] (0.00000000)
[  0  0  1  2  0  1  0  1  0 ] (0.00000000)
[  0  0  1  2  0  1  1  0  0 ] (0.00000000)
[  0  0  1  2  0  2  0  0  0 ] (0.00000000)
[  0  0  1  2  1  0  0  0  0 ] (0.00000000)
[  0  0  1  2  1  0  0  0  1 ] (0.00000000)
[  0  0  1  2  1  0  0  1  0 ] (0.00000000)
[  0  0  1  2  1  0  1  0  0 ] (0.00000000)
[  0  0  1  2  1  1  0  0  0 ] (0.00000000)
[  0  0  1  2  2  0  0  0  0 ] (0.00000000)
[  0  0  1  3  0  0  0  0  0 ] (0.00000000)
[  0  0  1  3  0  0  0  0  1 ] (0.00000000)
[  0  0  1  3  0  0  0  1  0 ] (0.00000000)
[  0  0  1  3  0  0  1  0  0 ] (0.00000000)
[  0  0  1  3  0  1  0  0  0 ] (0.00000000)
[  0  0  1  3  1  0  0  0  0 ] (0.00000000)
[  0  0  1  4  0  0  0  0  0 ] (0.00000000)
[  0  0  2  0  0  0  0  0  0 ] (0.00073126)
[  0  0  2  0  0  0  0  0  1 ] (0.00004875)
[  0  0  2  0  0  0  0  0  2 ] (0.00007405)
[  0  0  2  0  0  0  0  0  3 ] (0.00002744)
[  0  0  2  0  0  0  0  1  0 ] (0.01756909)
[  0  0  2  0  0  0  0  1  1 ] (0.00137830)
[  0  0  2  0  0  0  0  1  2 ] (0.00000010)
[  0  0  2  0  0  0  0  2  0 ] (0.00022505)
[  0  0  2  0  0  0  0  2  1 ] (0.00001824)
[  0  0  2  0  0  0  0  3  0 ] (0.00022413)
[  0  0  2  0  0  0  1  0  0 ] (0.09608139)
[  0  0  2  0  0  0  1  0  1 ] (0.01078346)
[  0  0  2  0  0  0  1  0  2 ] (0.00001209)
[  0  0  2  0  0  0  1  1  0 ] (0.00075951)
[  0  0  2  0  0  0  1  1  1 ] (0.00017781)
[  0  0  2  0  0  0  1  2  0 ] (0.00006016)
[  0  0  2  0  0  0  2  0  0 ] (0.00020662)
[  0  0  2  0  0  0  2  0  1 ] (0.00000005)
[  0  0  2  0  0  0  2  1  0 ] (0.00003233)
[  0  0  2  0  0  0  3  0  0 ] (0.00001464)
[  0  0  2  0  0  1  0  0  0 ] (0.00670759)
[  0  0  2  0  0  1  0  0  1 ] (0.00106167)
[  0  0  2  0  0  1  0  0  2 ] (0.00000236)
[  0  0  2  0  0  1  0  1  0 ] (0.00023028)
[  0  0  2  0  0  1  0  1  1 ] (0.00002373)
[  0  0  2  0  0  1  0  2  0 ] (0.00000591)
[  0  0  2  0  0  1  1  0  0 ] (0.00037369)
[  0  0  2  0  0  1  1  0  1 ] (0.00002313)
[  0  0  2  0  0  1  1  1  0 ] (0.00009116)
[  0  0  2  0  0  1  2  0  0 ] (0.00000014)
[  0  0  2  0  0  2  0  0  0 ] (0.00024773)
[  0  0  2  0  0  2  0  0  1 ] (0.00002699)
[  0  0  2  0  0  2  0  1  0 ] (0.00000183)
[  0  0  2  0  0  2  1  0  0 ] (0.00000295)
[  0  0  2  0  0  3  0  0  0 ] (0.00013153)
[  0  0  2  0  1  0  0  0  0 ] (0.02015029)
[  0  0  2  0  1  0  0  0  1 ] (0.00238933)
[  0  0  2  0  1  0  0  0  2 ] (0.00000177)
[  0  0  2  0  1  0  0  1  0 ] (0.00014860)
[  0  0  2  0  1  0  0  1  1 ] (0.00000271)
[  0  0  2  0  1  0  0  2  0 ] (0.00002521)
[  0  0  2  0  1  0  1  0  0 ] (0.00178181)
[  0  0  2  0  1  0  1  0  1 ] (0.00026516)
[  0  0  2  0  1  0  1  1  0 ] (0.00000017)
[  0  0  2  0  1  0  2  0  0 ] (0.00000374)
[  0  0  2  0  1  1  0  0  0 ] (0.00006676)
[  0  0  2  0  1  1  0  0  1 ] (0.00001023)
[  0  0  2  0  1  1  0  1  0 ] (0.00003378)
[  0  0  2  0  1  1  1  0  0 ] (0.00024320)
[  0  0  2  0  1  2  0  0  0 ] (0.00000265)
[  0  0  2  0  2  0  0  0  0 ] (0.00013112)
[  0  0  2  0  2  0  0  0  1 ] (0.00001539)
[  0  0  2  0  2  0  0  1  0 ] (0.00000052)
[  0  0  2  0  2  0  1  0  0 ] (0.00000723)
[  0  0  2  0  2  1  0  0  0 ] (0.00004379)
[  0  0  2  0  3  0  0  0  0 ] (0.00018767)
[  0  0  2  1  0  0  0  0  0 ] (0.02905167)
[  0  0  2  1  0  0  0  0  1 ] (0.00110025)
[  0  0  2  1  0  0  0  0  2 ] (0.00003543)
[  0  0  2  1  0  0  0  1  0 ] (0.00007610)
[  0  0  2  1  0  0  0  1  1 ] (0.00003669)
[  0  0  2  1  0  0  0  2  0 ] (0.00000448)
[  0  0  2  1  0  0  1  0  0 ] (0.00006953)
[  0  0  2  1  0  0  1  0  1 ] (0.00001678)
[  0  0  2  1  0  0  1  1  0 ] (0.00000043)
[  0  0  2  1  0  0  2  0  0 ] (0.00016583)
[  0  0  2  1  0  1  0  0  0 ] (0.00007983)
[  0  0  2  1  0  1  0  0  1 ] (0.00001394)
[  0  0  2  1  0  1  0  1  0 ] (0.00001520)
[  0  0  2  1  0  1  1  0  0 ] (0.00000262)
[  0  0  2  1  0  2  0  0  0 ] (0.00000006)
[  0  0  2  1  1  0  0  0  0 ] (0.00051774)
[  0  0  2  1  1  0  0  0  1 ] (0.00001259)
[  0  0  2  1  1  0  0  1  0 ] (0.00000002)
[  0  0  2  1  1  0  1  0  0 ] (0.00005095)
[  0  0  2  1  1  1  0  0  0 ] (0.00008393)
[  0  0  2  1  2  0  0  0  0 ] (0.00000813)
[  0  0  2  2  0  0  0  0  0 ] (0.00171910)
[  0  0  2  2  0  0  0  0  1 ] (0.00008722)
[  0  0  2  2  0  0  0  1  0 ] (0.00013146)
[  0  0  2  2  0  0  1  0  0 ] (0.00002718)
[  0  0  2  2  0  1  0  0  0 ] (0.00000937)
[  0  0  2  2  1  0  0  0  0 ] (0.00000804)
[  0  0  2  3  0  0  0  0  0 ] (0.00021398)
[  0  0  3  0  0  0  0  0  0 ] (0.00008058)
[  0  0  3  0  0  0  0  0  1 ] (0.00001492)
[  0  0  3  0  0  0  0  0  2 ] (0.00000074)
[  0  0  3  0  0  0  0  1  0 ] (0.00010992)
[  0  0  3  0  0  0  0  1  1 ] (0.00001400)
[  0  0  3  0  0  0  0  2  0 ] (0.00001037)
[  0  0  3  0  0  0  1  0  0 ] (0.00124723)
[  0  0  3  0  0  0  1  0  1 ] (0.00034234)
[  0  0  3  0  0  0  1  1  0 ] (0.00000062)
[  0  0  3  0  0  0  2  0  0 ] (0.00000124)
[  0  0  3  0  0  1  0  0  0 ] (0.00003446)
[  0  0  3  0  0  1  0  0  1 ] (0.00000571)
[  0  0  3  0  0  1  0  1  0 ] (0.00002128)
[  0  0  3  0  0  1  1  0  0 ] (0.00006054)
[  0  0  3  0  0  2  0  0  0 ] (0.00000197)
[  0  0  3  0  1  0  0  0  0 ] (0.00405298)
[  0  0  3  0  1  0  0  0  1 ] (0.00037526)
[  0  0  3  0  1  0  0  1  0 ] (0.00000225)
[  0  0  3  0  1  0  1  0  0 ] (0.00001208)
[  0  0  3  0  1  1  0  0  0 ] (0.00004893)
[  0  0  3  0  2  0  0  0  0 ] (0.00000601)
[  0  0  3  1  0  0  0  0  0 ] (0.00070866)
[  0  0  3  1  0  0  0  0  1 ] (0.00012687)
[  0  0  3  1  0  0  0  1  0 ] (0.00000371)
[  0  0  3  1  0  0  1  0  0 ] (0.00004031)
[  0  0  3  1  0  1  0  0  0 ] (0.00000030)
[  0  0  3  1  1  0  0  0  0 ] (0.00001463)
[  0  0  3  2  0  0  0  0  0 ] (0.00002636)
[  0  0  4  0  0  0  0  0  0 ] (0.00000009)
[  0  0  4  0  0  0  0  0  1 ] (0.00000001)
[  0  0  4  0  0  0  0  1  0 ] (0.00000000)
[  0  0  4  0  0  0  1  0  0 ] (0.00000001)
[  0  0  4  0  0  1  0  0  0 ] (0.00000008)
[  0  0  4  0  1  0  0  0  0 ] (0.00000000)
[  0  0  4  1  0  0  0  0  0 ] (0.00000003)
[  0  0  5  0  0  0  0  0  0 ] (0.00048252)
[  0  1  0  0  0  0  0  0  0 ] (0.00000000)
[  0  1  0  0  0  0  0  0  1 ] (0.00000029)
[  0  1  0  0  0  0  0  0  2 ] (0.00000001)
[  0  1  0  0  0  0  0  0  3 ] (0.00000000)
[  0  1  0  0  0  0  0  0  4 ] (0.00000000)
[  0  1  0  0  0  0  0  1  0 ] (0.00000034)
[  0  1  0  0  0  0  0  1  1 ] (0.00000000)
[  0  1  0  0  0  0  0  1  2 ] (0.00000000)
[  0  1  0  0  0  0  0  1  3 ] (0.00000000)
[  0  1  0  0  0  0  0  2  0 ] (0.00000022)
[  0  1  0  0  0  0  0  2  1 ] (0.00000001)
[  0  1  0  0  0  0  0  2  2 ] (0.00000000)
[  0  1  0  0  0  0  0  3  0 ] (0.00000000)
[  0  1  0  0  0  0  0  3  1 ] (0.00000000)
[  0  1  0  0  0  0  0  4  0 ] (0.00000000)
[  0  1  0  0  0  0  1  0  0 ] (0.00000000)
[  0  1  0  0  0  0  1  0  1 ] (0.00000009)
[  0  1  0  0  0  0  1  0  2 ] (0.00000000)
[  0  1  0  0  0  0  1  0  3 ] (0.00000000)
[  0  1  0  0  0  0  1  1  0 ] (0.00000007)
[  0  1  0  0  0  0  1  1  1 ] (0.00000001)
[  0  1  0  0  0  0  1  1  2 ] (0.00000000)
[  0  1  0  0  0  0  1  2  0 ] (0.00000000)
[  0  1  0  0  0  0  1  2  1 ] (0.00000000)
[  0  1  0  0  0  0  1  3  0 ] (0.00000000)
[  0  1  0  0  0  0  2  0  0 ] (0.00000968)
[  0  1  0  0  0  0  2  0  1 ] (0.00000085)
[  0  1  0  0  0  0  2  0  2 ] (0.00000001)
[  0  1  0  0  0  0  2  1  0 ] (0.00000003)
[  0  1  0  0  0  0  2  1  1 ] (0.00000000)
[  0  1  0  0  0  0  2  2  0 ] (0.00000000)
[  0  1  0  0  0  0  3  0  0 ] (0.00000010)
[  0  1  0  0  0  0  3  0  1 ] (0.00000001)
[  0  1  0  0  0  0  3  1  0 ] (0.00000000)
[  0  1  0  0  0  0  4  0  0 ] (0.00000001)
[  0  1  0  0  0  1  0  0  0 ] (0.00000000)
[  0  1  0  0  0  1  0  0  1 ] (0.00000002)
[  0  1  0  0  0  1  0  0  2 ] (0.00000000)
[  0  1  0  0  0  1  0  0  3 ] (0.00000000)
[  0  1  0  0  0  1  0  1  0 ] (0.00000001)
[  0  1  0  0  0  1  0  1  1 ] (0.00000000)
[  0  1  0  0  0  1  0  1  2 ] (0.00000000)
[  0  1  0  0  0  1  0  2  0 ] (0.00000000)
[  0  1  0  0  0  1  0  2  1 ] (0.00000000)
[  0  1  0  0  0  1  0  3  0 ] (0.00000000)
[  0  1  0  0  0  1  1  0  0 ] (0.00000000)
[  0  1  0  0  0  1  1  0  1 ] (0.00000000)
[  0  1  0  0  0  1  1  0  2 ] (0.00000000)
[  0  1  0  0  0  1  1  1  0 ] (0.00000000)
[  0  1  0  0  0  1  1  1  1 ] (0.00000000)
[  0  1  0  0  0  1  1  2  0 ] (0.00000000)
[  0  1  0  0  0  1  2  0  0 ] (0.00000009)
[  0  1  0  0  0  1  2  0  1 ] (0.00000001)
[  0  1  0  0  0  1  2  1  0 ] (0.00000000)
[  0  1  0  0  0  1  3  0  0 ] (0.00000000)
[  0  1  0  0  0  2  0  0  0 ] (0.00000131)
[  0  1  0  0  0  2  0  0  1 ] (0.00000019)
[  0  1  0  0  0  2  0  0  2 ] (0.00000000)
[  0  1  0  0  0  2  0  1  0 ] (0.00000001)
[  0  1  0  0  0  2  0  1  1 ] (0.00000000)
[  0  1  0  0  0  2  0  2  0 ] (0.00000000)
[  0  1  0  0  0  2  1  0  0 ] (0.00000004)
[  0  1  0  0  0  2  1  0  1 ] (0.00000001)
[  0  1  0  0  0  2  1  1  0 ] (0.00000000)
[  0  1  0  0  0  2  2  0  0 ] (0.00000000)
[  0  1  0  0  0  3  0  0  0 ] (0.00000004)
[  0  1  0  0  0  3  0  0  1 ] (0.00000000)
[  0  1  0  0  0  3  0  1  0 ] (0.00000000)
[  0  1  0  0  0  3  1  0  0 ] (0.00000000)
[  0  1  0  0  0  4  0  0  0 ] (0.00000002)
[  0  1  0  0  1  0  0  0  0 ] (0.00000000)
[  0  1  0  0  1  0  0  0  1 ] (0.00000009)
[  0  1  0  0  1  0  0  0  2 ] (0.00000000)
[  0  1  0  0  1  0  0  0  3 ] (0.00000000)
[  0  1  0  0  1  0  0  1  0 ] (0.00000045)
[  0  1  0  0  1  0  0  1  1 ] (0.00000000)
[  0  1  0  0  1  0  0  1  2 ] (0.00000000)
[  0  1  0  0  1  0  0  2  0 ] (0.00000000)
[  0  1  0  0  1  0  0  2  1 ] (0.00000000)
[  0  1  0  0  1  0  0  3  0 ] (0.00000000)
[  0  1  0  0  1  0  1  0  0 ] (0.00000001)
[  0  1  0  0  1  0  1  0  1 ] (0.00000000)
[  0  1  0  0  1  0  1  0  2 ] (0.00000000)
[  0  1  0  0  1  0  1  1  0 ] (0.00000004)
[  0  1  0  0  1  0  1  1  1 ] (0.00000000)
[  0  1  0  0  1  0  1  2  0 ] (0.00000000)
[  0  1  0  0  1  0  2  0  0 ] (0.00000001)
[  0  1  0  0  1  0  2  0  1 ] (0.00000000)
[  0  1  0  0  1  0  2  1  0 ] (0.00000000)
[  0  1  0  0  1  0  3  0  0 ] (0.00000000)
[  0  1  0  0  1  1  0  0  0 ] (0.00000000)
[  0  1  0  0  1  1  0  0  1 ] (0.00000002)
[  0  1  0  0  1  1  0  0  2 ] (0.00000000)
[  0  1  0  0  1  1  0  1  0 ] (0.00000000)
[  0  1  0  0  1  1  0  1  1 ] (0.00000000)
[  0  1  0  0  1  1  0  2  0 ] (0.00000000)
[  0  1  0  0  1  1  1  0  0 ] (0.00000001)
[  0  1  0  0  1  1  1  0  1 ] (0.00000000)
[  0  1  0  0  1  1  1  1  0 ] (0.00000000)
[  0  1  0  0  1  1  2  0  0 ] (0.00000001)
[  0  1  0  0  1  2  0  0  0 ] (0.00000001)
[  0  1  0  0  1  2  0  0  1 ] (0.00000000)
[  0  1  0  0  1  2  0  1  0 ] (0.00000000)
[  0  1  0  0  1  2  1  0  0 ] (0.00000000)
[  0  1  0  0  1  3  0  0  0 ] (0.00000001)
[  0  1  0  0  2  0  0  0  0 ] (0.00000644)
[  0  1  0  0  2  0  0  0  1 ] (0.00000011)
[  0  1  0  0  2  0  0  0  2 ] (0.00000000)
[  0  1  0  0  2  0  0  1  0 ] (0.00000008)
[  0  1  0  0  2  0  0  1  1 ] (0.00000001)
[  0  1  0  0  2  0  0  2  0 ] (0.00000000)
[  0  1  0  0  2  0  1  0  0 ] (0.00000003)
[  0  1  0  0  2  0  1  0  1 ] (0.00000000)
[  0  1  0  0  2  0  1  1  0 ] (0.00000000)
[  0  1  0  0  2  0  2  0  0 ] (0.00000001)
[  0  1  0  0  2  1  0  0  0 ] (0.00000001)
[  0  1  0  0  2  1  0  0  1 ] (0.00000000)
[  0  1  0  0  2  1  0  1  0 ] (0.00000000)
[  0  1  0  0  2  1  1  0  0 ] (0.00000002)
[  0  1  0  0  2  2  0  0  0 ] (0.00000000)
[  0  1  0  0  3  0  0  0  0 ] (0.00000023)
[  0  1  0  0  3  0  0  0  1 ] (0.00000001)
[  0  1  0  0  3  0  0  1  0 ] (0.00000001)
[  0  1  0  0  3  0  1  0  0 ] (0.00000000)
[  0  1  0  0  3  1  0  0  0 ] (0.00000000)
[  0  1  0  0  4  0  0  0  0 ] (0.00000002)
[  0  1  0  1  0  0  0  0  0 ] (0.00000015)
[  0  1  0  1  0  0  0  0  1 ] (0.00000002)
[  0  1  0  1  0  0  0  0  2 ] (0.00000000)
[  0  1  0  1  0  0  0  0  3 ] (0.00000000)
[  0  1  0  1  0  0  0  1  0 ] (0.00000001)
[  0  1  0  1  0  0  0  1  1 ] (0.00000000)
[  0  1  0  1  0  0  0  1  2 ] (0.00000000)
[  0  1  0  1  0  0  0  2  0 ] (0.00000000)
[  0  1  0  1  0  0  0  2  1 ] (0.00000000)
[  0  1  0  1  0  0  0  3  0 ] (0.00000000)
[  0  1  0  1  0  0  1  0  0 ] (0.00000000)
[  0  1  0  1  0  0  1  0  1 ] (0.00000000)
[  0  1  0  1  0  0  1  0  2 ] (0.00000000)
[  0  1  0  1  0  0  1  1  0 ] (0.00000001)
[  0  1  0  1  0  0  1  1  1 ] (0.00000000)
[  0  1  0  1  0  0  1  2  0 ] (0.00000000)
[  0  1  0  1  0  0  2  0  0 ] (0.00000026)
[  0  1  0  1  0  0  2  0  1 ] (0.00000003)
[  0  1  0  1  0  0  2  1  0 ] (0.00000002)
[  0  1  0  1  0  0  3  0  0 ] (0.00000000)
[  0  1  0  1  0  1  0  0  0 ] (0.00000006)
[  0  1  0  1  0  1  0  0  1 ] (0.00000001)
[  0  1  0  1  0  1  0  0  2 ] (0.00000000)
[  0  1  0  1  0  1  0  1  0 ] (0.00000000)
[  0  1  0  1  0  1  0  1  1 ] (0.00000000)
[  0  1  0  1  0  1  0  2  0 ] (0.00000000)
[  0  1  0  1  0  1  1  0  0 ] (0.00000000)
[  0  1  0  1  0  1  1  0  1 ] (0.00000000)
[  0  1  0  1  0  1  1  1  0 ] (0.00000000)
[  0  1  0  1  0  1  2  0  0 ] (0.00000000)
[  0  1  0  1  0  2  0  0  0 ] (0.00000008)
[  0  1  0  1  0  2  0  0  1 ] (0.00000001)
[  0  1  0  1  0  2  0  1  0 ] (0.00000000)
[  0  1  0  1  0  2  1  0  0 ] (0.00000000)
[  0  1  0  1  0  3  0  0  0 ] (0.00000000)
[  0  1  0  1  1  0  0  0  0 ] (0.00000008)
[  0  1  0  1  1  0  0  0  1 ] (0.00000000)
[  0  1  0  1  1  0  0  0  2 ] (0.00000000)
[  0  1  0  1  1  0  0  1  0 ] (0.00000002)
[  0  1  0  1  1  0  0  1  1 ] (0.00000000)
[  0  1  0  1  1  0  0  2  0 ] (0.00000000)
[  0  1  0  1  1  0  1  0  0 ] (0.00000005)
[  0  1  0  1  1  0  1  0  1 ] (0.00000000)
[  0  1  0  1  1  0  1  1  0 ] (0.00000000)
[  0  1  0  1  1  0  2  0  0 ] (0.00000000)
[  0  1  0  1  1  1  0  0  0 ] (0.00000000)
[  0  1  0  1  1  1  0  0  1 ] (0.00000000)
[  0  1  0  1  1  1  0  1  0 ] (0.00000000)
[  0  1  0  1  1  1  1  0  0 ] (0.00000000)
[  0  1  0  1  1  2  0  0  0 ] (0.00000000)
[  0  1  0  1  2  0  0  0  0 ] (0.00000022)
[  0  1  0  1  2  0  0  0  1 ] (0.00000001)
[  0  1  0  1  2  0  0  1  0 ] (0.00000000)
[  0  1  0  1  2  0  1  0  0 ] (0.00000000)
[  0  1  0  1  2  1  0  0  0 ] (0.00000000)
[  0  1  0  1  3  0  0  0  0 ] (0.00000000)
[  0  1  0  2  0  0  0  0  0 ] (0.00000103)
[  0  1  0  2  0  0  0  0  1 ] (0.00000002)
[  0  1  0  2  0  0  0  0  2 ] (0.00000000)
[  0  1  0  2  0  0  0  1  0 ] (0.00000000)
[  0  1  0  2  0  0  0  1  1 ] (0.00000000)
[  0  1  0  2  0  0  0  2  0 ] (0.00000000)
[  0  1  0  2  0  0  1  0  0 ] (0.00000011)
[  0  1  0  2  0  0  1  0  1 ] (0.00000001)
[  0  1  0  2  0  0  1  1  0 ] (0.00000002)
[  0  1  0  2  0  0  2  0  0 ] (0.00000002)
[  0  1  0  2  0  1  0  0  0 ] (0.00000007)
[  0  1  0  2  0  1  0  0  1 ] (0.00000000)
[  0  1  0  2  0  1  0  1  0 ] (0.00000000)
[  0  1  0  2  0  1  1  0  0 ] (0.00000000)
[  0  1  0  2  0  2  0  0  0 ] (0.00000000)
[  0  1  0  2  1  0  0  0  0 ] (0.00000001)
[  0  1  0  2  1  0  0  0  1 ] (0.00000000)
[  0  1  0  2  1  0  0  1  0 ] (0.00000000)
[  0  1  0  2  1  0  1  0  0 ] (0.00000000)
[  0  1  0  2  1  1  0  0  0 ] (0.00000000)
[  0  1  0  2  2  0  0  0  0 ] (0.00000000)
[  0  1  0  3  0  0  0  0  0 ] (0.00000006)
[  0  1  0  3  0  0  0  0  1 ] (0.00000000)
[  0  1  0  3  0  0  0  1  0 ] (0.00000000)
[  0  1  0  3  0  0  1  0  0 ] (0.00000001)
[  0  1  0  3  0  1  0  0  0 ] (0.00000000)
[  0  1  0  3  1  0  0  0  0 ] (0.00000000)
[  0  1  0  4  0  0  0  0  0 ] (0.00000004)
[  0  1  1  0  0  0  0  0  0 ] (0.00006451)
[  0  1  1  0  0  0  0  0  1 ] (0.00922447)
[  0  1  1  0  0  0  0  0  2 ] (0.00007828)
[  0  1  1  0  0  0  0  0  3 ] (0.00011537)
[  0  1  1  0  0  0  0  1  0 ] (0.02916709)
[  0  1  1  0  0  0  0  1  1 ] (0.00325299)
[  0  1  1  0  0  0  0  1  2 ] (0.00000039)
[  0  1  1  0  0  0  0  2  0 ] (0.00106484)
[  0  1  1  0  0  0  0  2  1 ] (0.00014330)
[  0  1  1  0  0  0  0  3  0 ] (0.00053343)
[  0  1  1  0  0  0  1  0  0 ] (0.00116862)
[  0  1  1  0  0  0  1  0  1 ] (0.00127371)
[  0  1  1  0  0  0  1  0  2 ] (0.00000752)
[  0  1  1  0  0  0  1  1  0 ] (0.00000014)
[  0  1  1  0  0  0  1  1  1 ] (0.00003306)
[  0  1  1  0  0  0  1  2  0 ] (0.00001387)
[  0  1  1  0  0  0  2  0  0 ] (0.00050281)
[  0  1  1  0  0  0  2  0  1 ] (0.00006946)
[  0  1  1  0  0  0  2  1  0 ] (0.00000575)
[  0  1  1  0  0  0  3  0  0 ] (0.00010786)
[  0  1  1  0  0  1  0  0  0 ] (0.00274512)
[  0  1  1  0  0  1  0  0  1 ] (0.00014493)
[  0  1  1  0  0  1  0  0  2 ] (0.00000003)
[  0  1  1  0  0  1  0  1  0 ] (0.00021933)
[  0  1  1  0  0  1  0  1  1 ] (0.00003102)
[  0  1  1  0  0  1  0  2  0 ] (0.00000087)
[  0  1  1  0  0  1  1  0  0 ] (0.00044817)
[  0  1  1  0  0  1  1  0  1 ] (0.00007229)
[  0  1  1  0  0  1  1  1  0 ] (0.00001087)
[  0  1  1  0  0  1  2  0  0 ] (0.00000453)
[  0  1  1  0  0  2  0  0  0 ] (0.00016146)
[  0  1  1  0  0  2  0  0  1 ] (0.00000376)
[  0  1  1  0  0  2  0  1  0 ] (0.00000158)
[  0  1  1  0  0  2  1  0  0 ] (0.00000001)
[  0  1  1  0  0  3  0  0  0 ] (0.00001746)
[  0  1  1  0  1  0  0  0  0 ] (0.00840144)
[  0  1  1  0  1  0  0  0  1 ] (0.00174135)
[  0  1  1  0  1  0  0  0  2 ] (0.00000141)
[  0  1  1  0  1  0  0  1  0 ] (0.00021367)
[  0  1  1  0  1  0  0  1  1 ] (0.00001148)
[  0  1  1  0  1  0  0  2  0 ] (0.00002765)
[  0  1  1  0  1  0  1  0  0 ] (0.00030538)
[  0  1  1  0  1  0  1  0  1 ] (0.00000281)
[  0  1  1  0  1  0  1  1  0 ] (0.00007366)
[  0  1  1  0  1  0  2  0  0 ] (0.00010729)
[  0  1  1  0  1  1  0  0  0 ] (0.00179635)
[  0  1  1  0  1  1  0  0  1 ] (0.00001116)
[  0  1  1  0  1  1  0  1  0 ] (0.00003162)
[  0  1  1  0  1  1  1  0  0 ] (0.00006578)
[  0  1  1  0  1  2  0  0  0 ] (0.00000948)
[  0  1  1  0  2  0  0  0  0 ] (0.00000140)
[  0  1  1  0  2  0  0  0  1 ] (0.00001033)
[  0  1  1  0  2  0  0  1  0 ] (0.00001830)
[  0  1  1  0  2  0  1  0  0 ] (0.00000323)
[  0  1  1  0  2  1  0  0  0 ] (0.00001008)
[  0  1  1  0  3  0  0  0  0 ] (0.00002836)
[  0  1  1  1  0  0  0  0  0 ] (0.00007445)
[  0  1  1  1  0  0  0  0  1 ] (0.00000183)
[  0  1  1  1  0  0  0  0  2 ] (0.00001200)
[  0  1  1  1  0  0  0  1  0 ] (0.00168303)
[  0  1  1  1  0  0  0  1  1 ] (0.00019268)
[  0  1  1  1  0  0  0  2  0 ] (0.00002057)
[  0  1  1  1  0  0  1  0  0 ] (0.00125266)
[  0  1  1  1  0  0  1  0  1 ] (0.00008933)
[  0  1  1  1  0  0  1  1  0 ] (0.00014146)
[  0  1  1  1  0  0  2  0  0 ] (0.00057314)
[  0  1  1  1  0  1  0  0  0 ] (0.00001230)
[  0  1  1  1  0  1  0  0  1 ] (0.00000000)
[  0  1  1  1  0  1  0  1  0 ] (0.00000000)
[  0  1  1  1  0  1  1  0  0 ] (0.00001119)
[  0  1  1  1  0  2  0  0  0 ] (0.00000220)
[  0  1  1  1  1  0  0  0  0 ] (0.00111540)
[  0  1  1  1  1  0  0  0  1 ] (0.00008881)
[  0  1  1  1  1  0  0  1  0 ] (0.00004883)
[  0  1  1  1  1  0  1  0  0 ] (0.00000664)
[  0  1  1  1  1  1  0  0  0 ] (0.00001061)
[  0  1  1  1  2  0  0  0  0 ] (0.00000299)
[  0  1  1  2  0  0  0  0  0 ] (0.00000788)
[  0  1  1  2  0  0  0  0  1 ] (0.00000668)
[  0  1  1  2  0  0  0  1  0 ] (0.00006258)
[  0  1  1  2  0  0  1  0  0 ] (0.00107760)
[  0  1  1  2  0  1  0  0  0 ] (0.00001664)
[  0  1  1  2  1  0  0  0  0 ] (0.00007167)
[  0  1  1  3  0  0  0  0  0 ] (0.00010792)
[  0  1  2  0  0  0  0  0  0 ] (0.00000019)
[  0  1  2  0  0  0  0  0  1 ] (0.00000000)
[  0  1  2  0  0  0  0  0  2 ] (0.00000000)
[  0  1  2  0  0  0  0  1  0 ] (0.00000015)
[  0  1  2  0  0  0  0  1  1 ] (0.00000000)
[  0  1  2  0  0  0  0  2  0 ] (0.00000000)
[  0  1  2  0  0  0  1  0  0 ] (0.00000000)
[  0  1  2  0  0  0  1  0  1 ] (0.00000000)
[  0  1  2  0  0  0  1  1  0 ] (0.00000000)
[  0  1  2  0  0  0  2  0  0 ] (0.00000001)
[  0  1  2  0  0  1  0  0  0 ] (0.00000001)
[  0  1  2  0  0  1  0  0  1 ] (0.00000000)
[  0  1  2  0  0  1  0  1  0 ] (0.00000000)
[  0  1  2  0  0  1  1  0  0 ] (0.00000003)
[  0  1  2  0  0  2  0  0  0 ] (0.00000000)
[  0  1  2  0  1  0  0  0  0 ] (0.00000000)
[  0  1  2  0  1  0  0  0  1 ] (0.00000002)
[  0  1  2  0  1  0  0  1  0 ] (0.00000000)
[  0  1  2  0  1  0  1  0  0 ] (0.00000001)
[  0  1  2  0  1  1  0  0  0 ] (0.00000006)
[  0  1  2  0  2  0  0  0  0 ] (0.00000000)
[  0  1  2  1  0  0  0  0  0 ] (0.00000019)
[  0  1  2  1  0  0  0  0  1 ] (0.00000000)
[  0  1  2  1  0  0  0  1  0 ] (0.00000000)
[  0  1  2  1  0  0  1  0  0 ] (0.00000003)
[  0  1  2  1  0  1  0  0  0 ] (0.00000001)
[  0  1  2  1  1  0  0  0  0 ] (0.00000002)
[  0  1  2  2  0  0  0  0  0 ] (0.00000006)
[  0  1  3  0  0  0  0  0  0 ] (0.00000102)
[  0  1  3  0  0  0  0  0  1 ] (0.00000019)
[  0  1  3  0  0  0  0  1  0 ] (0.00000001)
[  0  1  3  0  0  0  1  0  0 ] (0.00000000)
[  0  1  3  0  0  1  0  0  0 ] (0.00000000)
[  0  1  3  0  1  0  0  0  0 ] (0.00000000)
[  0  1  3  1  0  0  0  0  0 ] (0.00000001)
[  0  1  4  0  0  0  0  0  0 ] (0.00164525)
[  0  2  0  0  0  0  0  0  0 ] (0.00055917)
[  0  2  0  0  0  0  0  0  1 ] (0.00084580)
[  0  2  0  0  0  0  0  0  2 ] (0.00000113)
[  0  2  0  0  0  0  0  0  3 ] (0.00000014)
[  0  2  0  0  0  0  0  1  0 ] (0.00045449)
[  0  2  0  0  0  0  0  1  1 ] (0.00020885)
[  0  2  0  0  0  0  0  1  2 ] (0.00000017)
[  0  2  0  0  0  0  0  2  0 ] (0.00001041)
[  0  2  0  0  0  0  0  2  1 ] (0.00000046)
[  0  2  0  0  0  0  0  3  0 ] (0.00000027)
[  0  2  0  0  0  0  1  0  0 ] (0.00317466)
[  0  2  0  0  0  0  1  0  1 ] (0.00018274)
[  0  2  0  0  0  0  1  0  2 ] (0.00001797)
[  0  2  0  0  0  0  1  1  0 ] (0.00002066)
[  0  2  0  0  0  0  1  1  1 ] (0.00002915)
[  0  2  0  0  0  0  1  2  0 ] (0.00000005)
[  0  2  0  0  0  0  2  0  0 ] (0.00034192)
[  0  2  0  0  0  0  2  0  1 ] (0.00002303)
[  0  2  0  0  0  0  2  1  0 ] (0.00005066)
[  0  2  0  0  0  0  3  0  0 ] (0.00001412)
[  0  2  0  0  0  1  0  0  0 ] (0.00539657)
[  0  2  0  0  0  1  0  0  1 ] (0.00024166)
[  0  2  0  0  0  1  0  0  2 ] (0.00002700)
[  0  2  0  0  0  1  0  1  0 ] (0.00037797)
[  0  2  0  0  0  1  0  1  1 ] (0.00008445)
[  0  2  0  0  0  1  0  2  0 ] (0.00001436)
[  0  2  0  0  0  1  1  0  0 ] (0.00045041)
[  0  2  0  0  0  1  1  0  1 ] (0.00006423)
[  0  2  0  0  0  1  1  1  0 ] (0.00000178)
[  0  2  0  0  0  1  2  0  0 ] (0.00000018)
[  0  2  0  0  0  2  0  0  0 ] (0.00206895)
[  0  2  0  0  0  2  0  0  1 ] (0.00020735)
[  0  2  0  0  0  2  0  1  0 ] (0.00000007)
[  0  2  0  0  0  2  1  0  0 ] (0.00002872)
[  0  2  0  0  0  3  0  0  0 ] (0.00085805)
[  0  2  0  0  1  0  0  0  0 ] (0.00657596)
[  0  2  0  0  1  0  0  0  1 ] (0.00000987)
[  0  2  0  0  1  0  0  0  2 ] (0.00000024)
[  0  2  0  0  1  0  0  1  0 ] (0.00066791)
[  0  2  0  0  1  0  0  1  1 ] (0.00008827)
[  0  2  0  0  1  0  0  2  0 ] (0.00004814)
[  0  2  0  0  1  0  1  0  0 ] (0.00022403)
[  0  2  0  0  1  0  1  0  1 ] (0.00003269)
[  0  2  0  0  1  0  1  1  0 ] (0.00000024)
[  0  2  0  0  1  0  2  0  0 ] (0.00000440)
[  0  2  0  0  1  1  0  0  0 ] (0.00009312)
[  0  2  0  0  1  1  0  0  1 ] (0.00000084)
[  0  2  0  0  1  1  0  1  0 ] (0.00001333)
[  0  2  0  0  1  1  1  0  0 ] (0.00000985)
[  0  2  0  0  1  2  0  0  0 ] (0.00001381)
[  0  2  0  0  2  0  0  0  0 ] (0.00033136)
[  0  2  0  0  2  0  0  0  1 ] (0.00005489)
[  0  2  0  0  2  0  0  1  0 ] (0.00000834)
[  0  2  0  0  2  0  1  0  0 ] (0.00000051)
[  0  2  0  0  2  1  0  0  0 ] (0.00004850)
[  0  2  0  0  3  0  0  0  0 ] (0.00000061)
[  0  2  0  1  0  0  0  0  0 ] (0.00031027)
[  0  2  0  1  0  0  0  0  1 ] (0.00027063)
[  0  2  0  1  0  0  0  0  2 ] (0.00000033)
[  0  2  0  1  0  0  0  1  0 ] (0.00014797)
[  0  2  0  1  0  0  0  1  1 ] (0.00002957)
[  0  2  0  1  0  0  0  2  0 ] (0.00000873)
[  0  2  0  1  0  0  1  0  0 ] (0.00047758)
[  0  2  0  1  0  0  1  0  1 ] (0.00000000)
[  0  2  0  1  0  0  1  1  0 ] (0.00000753)
[  0  2  0  1  0  0  2  0  0 ] (0.00016407)
[  0  2  0  1  0  1  0  0  0 ] (0.00208004)
[  0  2  0  1  0  1  0  0  1 ] (0.00004344)
[  0  2  0  1  0  1  0  1  0 ] (0.00002715)
[  0  2  0  1  0  1  1  0  0 ] (0.00003385)
[  0  2  0  1  0  2  0  0  0 ] (0.00000033)
[  0  2  0  1  1  0  0  0  0 ] (0.00002209)
[  0  2  0  1  1  0  0  0  1 ] (0.00000869)
[  0  2  0  1  1  0  0  1  0 ] (0.00003802)
[  0  2  0  1  1  0  1  0  0 ] (0.00000281)
[  0  2  0  1  1  1  0  0  0 ] (0.00007713)
[  0  2  0  1  2  0  0  0  0 ] (0.00002061)
[  0  2  0  2  0  0  0  0  0 ] (0.00016156)
[  0  2  0  2  0  0  0  0  1 ] (0.00000015)
[  0  2  0  2  0  0  0  1  0 ] (0.00008874)
[  0  2  0  2  0  0  1  0  0 ] (0.00041424)
[  0  2  0  2  0  1  0  0  0 ] (0.00001871)
[  0  2  0  2  1  0  0  0  0 ] (0.00000012)
[  0  2  0  3  0  0  0  0  0 ] (0.00045700)
[  0  2  1  0  0  0  0  0  0 ] (0.00000001)
[  0  2  1  0  0  0  0  0  1 ] (0.00000005)
[  0  2  1  0  0  0  0  0  2 ] (0.00000002)
[  0  2  1  0  0  0  0  1  0 ] (0.00000018)
[  0  2  1  0  0  0  0  1  1 ] (0.00000000)
[  0  2  1  0  0  0  0  2  0 ] (0.00000001)
[  0  2  1  0  0  0  1  0  0 ] (0.00000033)
[  0  2  1  0  0  0  1  0  1 ] (0.00000002)
[  0  2  1  0  0  0  1  1  0 ] (0.00000001)
[  0  2  1  0  0  0  2  0  0 ] (0.00000002)
[  0  2  1  0  0  1  0  0  0 ] (0.00000219)
[  0  2  1  0  0  1  0  0  1 ] (0.00000020)
[  0  2  1  0  0  1  0  1  0 ] (0.00000000)
[  0  2  1  0  0  1  1  0  0 ] (0.00000000)
[  0  2  1  0  0  2  0  0  0 ] (0.00000001)
[  0  2  1  0  1  0  0  0  0 ] (0.00000077)
[  0  2  1  0  1  0  0  0  1 ] (0.00000000)
[  0  2  1  0  1  0  0  1  0 ] (0.00000001)
[  0  2  1  0  1  0  1  0  0 ] (0.00000000)
[  0  2  1  0  1  1  0  0  0 ] (0.00000004)
[  0  2  1  0  2  0  0  0  0 ] (0.00000005)
[  0  2  1  1  0  0  0  0  0 ] (0.00000012)
[  0  2  1  1  0  0  0  0  1 ] (0.00000000)
[  0  2  1  1  0  0  0  1  0 ] (0.00000002)
[  0  2  1  1  0  0  1  0  0 ] (0.00000001)
[  0  2  1  1  0  1  0  0  0 ] (0.00000000)
[  0  2  1  1  1  0  0  0  0 ] (0.00000001)
[  0  2  1  2  0  0  0  0  0 ] (0.00000003)
[  0  2  2  0  0  0  0  0  0 ] (0.00019293)
[  0  2  2  0  0  0  0  0  1 ] (0.00002574)
[  0  2  2  0  0  0  0  1  0 ] (0.00092696)
[  0  2  2  0  0  0  1  0  0 ] (0.00106618)
[  0  2  2  0  0  1  0  0  0 ] (0.00012436)
[  0  2  2  0  1  0  0  0  0 ] (0.00127536)
[  0  2  2  1  0  0  0  0  0 ] (0.00042936)
[  0  2  3  0  0  0  0  0  0 ] (0.00000158)
[  0  3  0  0  0  0  0  0  0 ] (0.00767070)
[  0  3  0  0  0  0  0  0  1 ] (0.00065187)
[  0  3  0  0  0  0  0  0  2 ] (0.00006952)
[  0  3  0  0  0  0  0  1  0 ] (0.00609207)
[  0  3  0  0  0  0  0  1  1 ] (0.00049044)
[  0  3  0  0  0  0  0  2  0 ] (0.00006376)
[  0  3  0  0  0  0  1  0  0 ] (0.00517090)
[  0  3  0  0  0  0  1  0  1 ] (0.00058908)
[  0  3  0  0  0  0  1  1  0 ] (0.00001099)
[  0  3  0  0  0  0  2  0  0 ] (0.00011486)
[  0  3  0  0  0  1  0  0  0 ] (0.21605618)
[  0  3  0  0  0  1  0  0  1 ] (0.02454702)
[  0  3  0  0  0  1  0  1  0 ] (0.00160774)
[  0  3  0  0  0  1  1  0  0 ] (0.00190030)
[  0  3  0  0  0  2  0  0  0 ] (0.00262419)
[  0  3  0  0  1  0  0  0  0 ] (0.00413532)
[  0  3  0  0  1  0  0  0  1 ] (0.00099164)
[  0  3  0  0  1  0  0  1  0 ] (0.00038030)
[  0  3  0  0  1  0  1  0  0 ] (0.00010473)
[  0  3  0  0  1  1  0  0  0 ] (0.00174591)
[  0  3  0  0  2  0  0  0  0 ] (0.00000622)
[  0  3  0  1  0  0  0  0  0 ] (0.00488791)
[  0  3  0  1  0  0  0  0  1 ] (0.00005856)
[  0  3  0  1  0  0  0  1  0 ] (0.00043064)
[  0  3  0  1  0  0  1  0  0 ] (0.00013078)
[  0  3  0  1  0  1  0  0  0 ] (0.00509135)
[  0  3  0  1  1  0  0  0  0 ] (0.00022990)
[  0  3  0  2  0  0  0  0  0 ] (0.00013893)
[  0  3  1  0  0  0  0  0  0 ] (0.00000073)
[  0  3  1  0  0  0  0  0  1 ] (0.00000005)
[  0  3  1  0  0  0  0  1  0 ] (0.00000000)
[  0  3  1  0  0  0  1  0  0 ] (0.00000001)
[  0  3  1  0  0  1  0  0  0 ] (0.00000036)
[  0  3  1  0  1  0  0  0  0 ] (0.00000003)
[  0  3  1  1  0  0  0  0  0 ] (0.00000000)
[  0  3  2  0  0  0  0  0  0 ] (0.00026703)
[  0  4  0  0  0  0  0  0  0 ] (0.00000004)
[  0  4  0  0  0  0  0  0  1 ] (0.00000014)
[  0  4  0  0  0  0  0  1  0 ] (0.00000020)
[  0  4  0  0  0  0  1  0  0 ] (0.00000011)
[  0  4  0  0  0  1  0  0  0 ] (0.00000138)
[  0  4  0  0  1  0  0  0  0 ] (0.00000256)
[  0  4  0  1  0  0  0  0  0 ] (0.00000016)
[  0  4  1  0  0  0  0  0  0 ] (0.00707219)
[  0  5  0  0  0  0  0  0  0 ] (0.01878422)
[  1  0  0  0  0  0  0  0  0 ] (0.00000000)
[  1  0  0  0  0  0  0  0  1 ] (0.00000116)
[  1  0  0  0  0  0  0  0  2 ] (0.00000001)
[  1  0  0  0  0  0  0  0  3 ] (0.00000000)
[  1  0  0  0  0  0  0  0  4 ] (0.00000000)
[  1  0  0  0  0  0  0  1  0 ] (0.00000000)
[  1  0  0  0  0  0  0  1  1 ] (0.00000001)
[  1  0  0  0  0  0  0  1  2 ] (0.00000000)
[  1  0  0  0  0  0  0  1  3 ] (0.00000000)
[  1  0  0  0  0  0  0  2  0 ] (0.00000006)
[  1  0  0  0  0  0  0  2  1 ] (0.00000001)
[  1  0  0  0  0  0  0  2  2 ] (0.00000000)
[  1  0  0  0  0  0  0  3  0 ] (0.00000001)
[  1  0  0  0  0  0  0  3  1 ] (0.00000000)
[  1  0  0  0  0  0  0  4  0 ] (0.00000000)
[  1  0  0  0  0  0  1  0  0 ] (0.00000002)
[  1  0  0  0  0  0  1  0  1 ] (0.00000000)
[  1  0  0  0  0  0  1  0  2 ] (0.00000001)
[  1  0  0  0  0  0  1  0  3 ] (0.00000000)
[  1  0  0  0  0  0  1  1  0 ] (0.00000001)
[  1  0  0  0  0  0  1  1  1 ] (0.00000000)
[  1  0  0  0  0  0  1  1  2 ] (0.00000000)
[  1  0  0  0  0  0  1  2  0 ] (0.00000000)
[  1  0  0  0  0  0  1  2  1 ] (0.00000000)
[  1  0  0  0  0  0  1  3  0 ] (0.00000000)
[  1  0  0  0  0  0  2  0  0 ] (0.00000017)
[  1  0  0  0  0  0  2  0  1 ] (0.00000003)
[  1  0  0  0  0  0  2  0  2 ] (0.00000000)
[  1  0  0  0  0  0  2  1  0 ] (0.00000003)
[  1  0  0  0  0  0  2  1  1 ] (0.00000000)
[  1  0  0  0  0  0  2  2  0 ] (0.00000000)
[  1  0  0  0  0  0  3  0  0 ] (0.00000000)
[  1  0  0  0  0  0  3  0  1 ] (0.00000001)
[  1  0  0  0  0  0  3  1  0 ] (0.00000000)
[  1  0  0  0  0  0  4  0  0 ] (0.00000002)
[  1  0  0  0  0  1  0  0  0 ] (0.00000005)
[  1  0  0  0  0  1  0  0  1 ] (0.00000024)
[  1  0  0  0  0  1  0  0  2 ] (0.00000000)
[  1  0  0  0  0  1  0  0  3 ] (0.00000001)
[  1  0  0  0  0  1  0  1  0 ] (0.00000000)
[  1  0  0  0  0  1  0  1  1 ] (0.00000000)
[  1  0  0  0  0  1  0  1  2 ] (0.00000000)
[  1  0  0  0  0  1  0  2  0 ] (0.00000000)
[  1  0  0  0  0  1  0  2  1 ] (0.00000000)
[  1  0  0  0  0  1  0  3  0 ] (0.00000000)
[  1  0  0  0  0  1  1  0  0 ] (0.00000011)
[  1  0  0  0  0  1  1  0  1 ] (0.00000000)
[  1  0  0  0  0  1  1  0  2 ] (0.00000000)
[  1  0  0  0  0  1  1  1  0 ] (0.00000000)
[  1  0  0  0  0  1  1  1  1 ] (0.00000000)
[  1  0  0  0  0  1  1  2  0 ] (0.00000000)
[  1  0  0  0  0  1  2  0  0 ] (0.00000000)
[  1  0  0  0  0  1  2  0  1 ] (0.00000000)
[  1  0  0  0  0  1  2  1  0 ] (0.00000000)
[  1  0  0  0  0  1  3  0  0 ] (0.00000000)
[  1  0  0  0  0  2  0  0  0 ] (0.00000028)
[  1  0  0  0  0  2  0  0  1 ] (0.00000002)
[  1  0  0  0  0  2  0  0  2 ] (0.00000000)
[  1  0  0  0  0  2  0  1  0 ] (0.00000001)
[  1  0  0  0  0  2  0  1  1 ] (0.00000000)
[  1  0  0  0  0  2  0  2  0 ] (0.00000000)
[  1  0  0  0  0  2  1  0  0 ] (0.00000003)
[  1  0  0  0  0  2  1  0  1 ] (0.00000000)
[  1  0  0  0  0  2  1  1  0 ] (0.00000000)
[  1  0  0  0  0  2  2  0  0 ] (0.00000000)
[  1  0  0  0  0  3  0  0  0 ] (0.00000000)
[  1  0  0  0  0  3  0  0  1 ] (0.00000000)
[  1  0  0  0  0  3  0  1  0 ] (0.00000000)
[  1  0  0  0  0  3  1  0  0 ] (0.00000000)
[  1  0  0  0  0  4  0  0  0 ] (0.00000000)
[  1  0  0  0  1  0  0  0  0 ] (0.00000016)
[  1  0  0  0  1  0  0  0  1 ] (0.00000011)
[  1  0  0  0  1  0  0  0  2 ] (0.00000001)
[  1  0  0  0  1  0  0  0  3 ] (0.00000000)
[  1  0  0  0  1  0  0  1  0 ] (0.00000013)
[  1  0  0  0  1  0  0  1  1 ] (0.00000000)
[  1  0  0  0  1  0  0  1  2 ] (0.00000000)
[  1  0  0  0  1  0  0  2  0 ] (0.00000000)
[  1  0  0  0  1  0  0  2  1 ] (0.00000000)
[  1  0  0  0  1  0  0  3  0 ] (0.00000000)
[  1  0  0  0  1  0  1  0  0 ] (0.00000001)
[  1  0  0  0  1  0  1  0  1 ] (0.00000000)
[  1  0  0  0  1  0  1  0  2 ] (0.00000000)
[  1  0  0  0  1  0  1  1  0 ] (0.00000001)
[  1  0  0  0  1  0  1  1  1 ] (0.00000000)
[  1  0  0  0  1  0  1  2  0 ] (0.00000000)
[  1  0  0  0  1  0  2  0  0 ] (0.00000000)
[  1  0  0  0  1  0  2  0  1 ] (0.00000000)
[  1  0  0  0  1  0  2  1  0 ] (0.00000000)
[  1  0  0  0  1  0  3  0  0 ] (0.00000000)
[  1  0  0  0  1  1  0  0  0 ] (0.00000067)
[  1  0  0  0  1  1  0  0  1 ] (0.00000000)
[  1  0  0  0  1  1  0  0  2 ] (0.00000000)
[  1  0  0  0  1  1  0  1  0 ] (0.00000000)
[  1  0  0  0  1  1  0  1  1 ] (0.00000000)
[  1  0  0  0  1  1  0  2  0 ] (0.00000000)
[  1  0  0  0  1  1  1  0  0 ] (0.00000007)
[  1  0  0  0  1  1  1  0  1 ] (0.00000000)
[  1  0  0  0  1  1  1  1  0 ] (0.00000000)
[  1  0  0  0  1  1  2  0  0 ] (0.00000000)
[  1  0  0  0  1  2  0  0  0 ] (0.00000001)
[  1  0  0  0  1  2  0  0  1 ] (0.00000000)
[  1  0  0  0  1  2  0  1  0 ] (0.00000000)
[  1  0  0  0  1  2  1  0  0 ] (0.00000000)
[  1  0  0  0  1  3  0  0  0 ] (0.00000000)
[  1  0  0  0  2  0  0  0  0 ] (0.00000014)
[  1  0  0  0  2  0  0  0  1 ] (0.00000014)
[  1  0  0  0  2  0  0  0  2 ] (0.00000000)
[  1  0  0  0  2  0  0  1  0 ] (0.00000001)
[  1  0  0  0  2  0  0  1  1 ] (0.00000000)
[  1  0  0  0  2  0  0  2  0 ] (0.00000000)
[  1  0  0  0  2  0  1  0  0 ] (0.00000011)
[  1  0  0  0  2  0  1  0  1 ] (0.00000002)
[  1  0  0  0  2  0  1  1  0 ] (0.00000000)
[  1  0  0  0  2  0  2  0  0 ] (0.00000000)
[  1  0  0  0  2  1  0  0  0 ] (0.00000004)
[  1  0  0  0  2  1  0  0  1 ] (0.00000000)
[  1  0  0  0  2  1  0  1  0 ] (0.00000000)
[  1  0  0  0  2  1  1  0  0 ] (0.00000000)
[  1  0  0  0  2  2  0  0  0 ] (0.00000000)
[  1  0  0  0  3  0  0  0  0 ] (0.00000001)
[  1  0  0  0  3  0  0  0  1 ] (0.00000000)
[  1  0  0  0  3  0  0  1  0 ] (0.00000000)
[  1  0  0  0  3  0  1  0  0 ] (0.00000001)
[  1  0  0  0  3  1  0  0  0 ] (0.00000000)
[  1  0  0  0  4  0  0  0  0 ] (0.00000000)
[  1  0  0  1  0  0  0  0  0 ] (0.00000000)
[  1  0  0  1  0  0  0  0  1 ] (0.00000005)
[  1  0  0  1  0  0  0  0  2 ] (0.00000000)
[  1  0  0  1  0  0  0  0  3 ] (0.00000000)
[  1  0  0  1  0  0  0  1  0 ] (0.00000000)
[  1  0  0  1  0  0  0  1  1 ] (0.00000000)
[  1  0  0  1  0  0  0  1  2 ] (0.00000000)
[  1  0  0  1  0  0  0  2  0 ] (0.00000000)
[  1  0  0  1  0  0  0  2  1 ] (0.00000000)
[  1  0  0  1  0  0  0  3  0 ] (0.00000000)
[  1  0  0  1  0  0  1  0  0 ] (0.00000003)
[  1  0  0  1  0  0  1  0  1 ] (0.00000000)
[  1  0  0  1  0  0  1  0  2 ] (0.00000000)
[  1  0  0  1  0  0  1  1  0 ] (0.00000000)
[  1  0  0  1  0  0  1  1  1 ] (0.00000000)
[  1  0  0  1  0  0  1  2  0 ] (0.00000000)
[  1  0  0  1  0  0  2  0  0 ] (0.00000000)
[  1  0  0  1  0  0  2  0  1 ] (0.00000000)
[  1  0  0  1  0  0  2  1  0 ] (0.00000000)
[  1  0  0  1  0  0  3  0  0 ] (0.00000000)
[  1  0  0  1  0  1  0  0  0 ] (0.00000030)
[  1  0  0  1  0  1  0  0  1 ] (0.00000002)
[  1  0  0  1  0  1  0  0  2 ] (0.00000000)
[  1  0  0  1  0  1  0  1  0 ] (0.00000000)
[  1  0  0  1  0  1  0  1  1 ] (0.00000000)
[  1  0  0  1  0  1  0  2  0 ] (0.00000000)
[  1  0  0  1  0  1  1  0  0 ] (0.00000000)
[  1  0  0  1  0  1  1  0  1 ] (0.00000000)
[  1  0  0  1  0  1  1  1  0 ] (0.00000000)
[  1  0  0  1  0  1  2  0  0 ] (0.00000000)
[  1  0  0  1  0  2  0  0  0 ] (0.00000000)
[  1  0  0  1  0  2  0  0  1 ] (0.00000000)
[  1  0  0  1  0  2  0  1  0 ] (0.00000000)
[  1  0  0  1  0  2  1  0  0 ] (0.00000000)
[  1  0  0  1  0  3  0  0  0 ] (0.00000000)
[  1  0  0  1  1  0  0  0  0 ] (0.00000014)
[  1  0  0  1  1  0  0  0  1 ] (0.00000001)
[  1  0  0  1  1  0  0  0  2 ] (0.00000000)
[  1  0  0  1  1  0  0  1  0 ] (0.00000002)
[  1  0  0  1  1  0  0  1  1 ] (0.00000000)
[  1  0  0  1  1  0  0  2  0 ] (0.00000000)
[  1  0  0  1  1  0  1  0  0 ] (0.00000000)
[  1  0  0  1  1  0  1  0  1 ] (0.00000000)
[  1  0  0  1  1  0  1  1  0 ] (0.00000000)
[  1  0  0  1  1  0  2  0  0 ] (0.00000000)
[  1  0  0  1  1  1  0  0  0 ] (0.00000002)
[  1  0  0  1  1  1  0  0  1 ] (0.00000000)
[  1  0  0  1  1  1  0  1  0 ] (0.00000000)
[  1  0  0  1  1  1  1  0  0 ] (0.00000000)
[  1  0  0  1  1  2  0  0  0 ] (0.00000000)
[  1  0  0  1  2  0  0  0  0 ] (0.00000001)
[  1  0  0  1  2  0  0  0  1 ] (0.00000000)
[  1  0  0  1  2  0  0  1  0 ] (0.00000000)
[  1  0  0  1  2  0  1  0  0 ] (0.00000000)
[  1  0  0  1  2  1  0  0  0 ] (0.00000000)
[  1  0  0  1  3  0  0  0  0 ] (0.00000001)
[  1  0  0  2  0  0  0  0  0 ] (0.00000006)
[  1  0  0  2  0  0  0  0  1 ] (0.00000001)
[  1  0  0  2  0  0  0  0  2 ] (0.00000000)
[  1  0  0  2  0  0  0  1  0 ] (0.00000000)
[  1  0  0  2  0  0  0  1  1 ] (0.00000000)
[  1  0  0  2  0  0  0  2  0 ] (0.00000000)
[  1  0  0  2  0  0  1  0  0 ] (0.00000001)
[  1  0  0  2  0  0  1  0  1 ] (0.00000000)
[  1  0  0  2  0  0  1  1  0 ] (0.00000000)
[  1  0  0  2  0  0  2  0  0 ] (0.00000000)
[  1  0  0  2  0  1  0  0  0 ] (0.00000000)
[  1  0  0  2  0  1  0  0  1 ] (0.00000000)
[  1  0  0  2  0  1  0  1  0 ] (0.00000000)
[  1  0  0  2  0  1  1  0  0 ] (0.00000000)
[  1  0  0  2  0  2  0  0  0 ] (0.00000000)
[  1  0  0  2  1  0  0  0  0 ] (0.00000000)
[  1  0  0  2  1  0  0  0  1 ] (0.00000000)
[  1  0  0  2  1  0  0  1  0 ] (0.00000000)
[  1  0  0  2  1  0  1  0  0 ] (0.00000000)
[  1  0  0  2  1  1  0  0  0 ] (0.00000000)
[  1  0  0  2  2  0  0  0  0 ] (0.00000000)
[  1  0  0  3  0  0  0  0  0 ] (0.00000001)
[  1  0  0  3  0  0  0  0  1 ] (0.00000000)
[  1  0  0  3  0  0  0  1  0 ] (0.00000000)
[  1  0  0  3  0  0  1  0  0 ] (0.00000000)
[  1  0  0  3  0  1  0  0  0 ] (0.00000000)
[  1  0  0  3  1  0  0  0  0 ] (0.00000000)
[  1  0  0  4  0  0  0  0  0 ] (0.00000000)
[  1  0  1  0  0  0  0  0  0 ] (0.00147564)
[  1  0  1  0  0  0  0  0  1 ] (0.00435482)
[  1  0  1  0  0  0  0  0  2 ] (0.00006753)
[  1  0  1  0  0  0  0  0  3 ] (0.00003402)
[  1  0  1  0  0  0  0  1  0 ] (0.00924906)
[  1  0  1  0  0  0  0  1  1 ] (0.00027824)
[  1  0  1  0  0  0  0  1  2 ] (0.00002000)
[  1  0  1  0  0  0  0  2  0 ] (0.00002004)
[  1  0  1  0  0  0  0  2  1 ] (0.00000000)
[  1  0  1  0  0  0  0  3  0 ] (0.00009066)
[  1  0  1  0  0  0  1  0  0 ] (0.00068938)
[  1  0  1  0  0  0  1  0  1 ] (0.00114301)
[  1  0  1  0  0  0  1  0  2 ] (0.00000944)
[  1  0  1  0  0  0  1  1  0 ] (0.00046709)
[  1  0  1  0  0  0  1  1  1 ] (0.00010579)
[  1  0  1  0  0  0  1  2  0 ] (0.00000766)
[  1  0  1  0  0  0  2  0  0 ] (0.00405801)
[  1  0  1  0  0  0  2  0  1 ] (0.00055312)
[  1  0  1  0  0  0  2  1  0 ] (0.00001943)
[  1  0  1  0  0  0  3  0  0 ] (0.00199249)
[  1  0  1  0  0  1  0  0  0 ] (0.00219261)
[  1  0  1  0  0  1  0  0  1 ] (0.00031964)
[  1  0  1  0  0  1  0  0  2 ] (0.00000503)
[  1  0  1  0  0  1  0  1  0 ] (0.00000145)
[  1  0  1  0  0  1  0  1  1 ] (0.00003145)
[  1  0  1  0  0  1  0  2  0 ] (0.00001169)
[  1  0  1  0  0  1  1  0  0 ] (0.00001448)
[  1  0  1  0  0  1  1  0  1 ] (0.00000405)
[  1  0  1  0  0  1  1  1  0 ] (0.00000115)
[  1  0  1  0  0  1  2  0  0 ] (0.00001307)
[  1  0  1  0  0  2  0  0  0 ] (0.00026450)
[  1  0  1  0  0  2  0  0  1 ] (0.00005805)
[  1  0  1  0  0  2  0  1  0 ] (0.00000006)
[  1  0  1  0  0  2  1  0  0 ] (0.00002320)
[  1  0  1  0  0  3  0  0  0 ] (0.00005545)
[  1  0  1  0  1  0  0  0  0 ] (0.00008615)
[  1  0  1  0  1  0  0  0  1 ] (0.00065807)
[  1  0  1  0  1  0  0  0  2 ] (0.00002979)
[  1  0  1  0  1  0  0  1  0 ] (0.00022043)
[  1  0  1  0  1  0  0  1  1 ] (0.00004792)
[  1  0  1  0  1  0  0  2  0 ] (0.00000081)
[  1  0  1  0  1  0  1  0  0 ] (0.00326082)
[  1  0  1  0  1  0  1  0  1 ] (0.00100258)
[  1  0  1  0  1  0  1  1  0 ] (0.00001350)
[  1  0  1  0  1  0  2  0  0 ] (0.00000766)
[  1  0  1  0  1  1  0  0  0 ] (0.00048440)
[  1  0  1  0  1  1  0  0  1 ] (0.00000004)
[  1  0  1  0  1  1  0  1  0 ] (0.00007705)
[  1  0  1  0  1  1  1  0  0 ] (0.00008411)
[  1  0  1  0  1  2  0  0  0 ] (0.00000029)
[  1  0  1  0  2  0  0  0  0 ] (0.00205644)
[  1  0  1  0  2  0  0  0  1 ] (0.00047894)
[  1  0  1  0  2  0  0  1  0 ] (0.00007069)
[  1  0  1  0  2  0  1  0  0 ] (0.00001190)
[  1  0  1  0  2  1  0  0  0 ] (0.00000008)
[  1  0  1  0  3  0  0  0  0 ] (0.00025662)
[  1  0  1  1  0  0  0  0  0 ] (0.00256209)
[  1  0  1  1  0  0  0  0  1 ] (0.00047825)
[  1  0  1  1  0  0  0  0  2 ] (0.00000758)
[  1  0  1  1  0  0  0  1  0 ] (0.00005983)
[  1  0  1  1  0  0  0  1  1 ] (0.00002007)
[  1  0  1  1  0  0  0  2  0 ] (0.00000651)
[  1  0  1  1  0  0  1  0  0 ] (0.00069900)
[  1  0  1  1  0  0  1  0  1 ] (0.00014308)
[  1  0  1  1  0  0  1  1  0 ] (0.00000847)
[  1  0  1  1  0  0  2  0  0 ] (0.00001239)
[  1  0  1  1  0  1  0  0  0 ] (0.00000065)
[  1  0  1  1  0  1  0  0  1 ] (0.00000067)
[  1  0  1  1  0  1  0  1  0 ] (0.00001371)
[  1  0  1  1  0  1  1  0  0 ] (0.00001163)
[  1  0  1  1  0  2  0  0  0 ] (0.00002211)
[  1  0  1  1  1  0  0  0  0 ] (0.00108307)
[  1  0  1  1  1  0  0  0  1 ] (0.00028918)
[  1  0  1  1  1  0  0  1  0 ] (0.00000450)
[  1  0  1  1  1  0  1  0  0 ] (0.00000088)
[  1  0  1  1  1  1  0  0  0 ] (0.00000072)
[  1  0  1  1  2  0  0  0  0 ] (0.00000669)
[  1  0  1  2  0  0  0  0  0 ] (0.00030328)
[  1  0  1  2  0  0  0  0  1 ] (0.00000382)
[  1  0  1  2  0  0  0  1  0 ] (0.00007242)
[  1  0  1  2  0  0  1  0  0 ] (0.00000167)
[  1  0  1  2  0  1  0  0  0 ] (0.00000080)
[  1  0  1  2  1  0  0  0  0 ] (0.00000507)
[  1  0  1  3  0  0  0  0  0 ] (0.00014584)
[  1  0  2  0  0  0  0  0  0 ] (0.00000009)
[  1  0  2  0  0  0  0  0  1 ] (0.00000000)
[  1  0  2  0  0  0  0  0  2 ] (0.00000000)
[  1  0  2  0  0  0  0  1  0 ] (0.00000000)
[  1  0  2  0  0  0  0  1  1 ] (0.00000000)
[  1  0  2  0  0  0  0  2  0 ] (0.00000000)
[  1  0  2  0  0  0  1  0  0 ] (0.00000003)
[  1  0  2  0  0  0  1  0  1 ] (0.00000000)
[  1  0  2  0  0  0  1  1  0 ] (0.00000000)
[  1  0  2  0  0  0  2  0  0 ] (0.00000000)
[  1  0  2  0  0  1  0  0  0 ] (0.00000000)
[  1  0  2  0  0  1  0  0  1 ] (0.00000003)
[  1  0  2  0  0  1  0  1  0 ] (0.00000000)
[  1  0  2  0  0  1  1  0  0 ] (0.00000000)
[  1  0  2  0  0  2  0  0  0 ] (0.00000001)
[  1  0  2  0  1  0  0  0  0 ] (0.00000002)
[  1  0  2  0  1  0  0  0  1 ] (0.00000000)
[  1  0  2  0  1  0  0  1  0 ] (0.00000001)
[  1  0  2  0  1  0  1  0  0 ] (0.00000003)
[  1  0  2  0  1  1  0  0  0 ] (0.00000000)
[  1  0  2  0  2  0  0  0  0 ] (0.00000000)
[  1  0  2  1  0  0  0  0  0 ] (0.00000001)
[  1  0  2  1  0  0  0  0  1 ] (0.00000001)
[  1  0  2  1  0  0  0  1  0 ] (0.00000000)
[  1  0  2  1  0  0  1  0  0 ] (0.00000000)
[  1  0  2  1  0  1  0  0  0 ] (0.00000000)
[  1  0  2  1  1  0  0  0  0 ] (0.00000001)
[  1  0  2  2  0  0  0  0  0 ] (0.00000001)
[  1  0  3  0  0  0  0  0  0 ] (0.00000063)
[  1  0  3  0  0  0  0  0  1 ] (0.00000016)
[  1  0  3  0  0  0  0  1  0 ] (0.00000001)
[  1  0  3  0  0  0  1  0  0 ] (0.00000000)
[  1  0  3  0  0  1  0  0  0 ] (0.00000000)
[  1  0  3  0  1  0  0  0  0 ] (0.00000000)
[  1  0  3  1  0  0  0  0  0 ] (0.00000000)
[  1  0  4  0  0  0  0  0  0 ] (0.00049336)
[  1  1  0  0  0  0  0  0  0 ] (0.00059874)
[  1  1  0  0  0  0  0  0  1 ] (0.00198738)
[  1  1  0  0  0  0  0  0  2 ] (0.00024092)
[  1  1  0  0  0  0  0  0  3 ] (0.00008158)
[  1  1  0  0  0  0  0  1  0 ] (0.00261746)
[  1  1  0  0  0  0  0  1  1 ] (0.00102800)
[  1  1  0  0  0  0  0  1  2 ] (0.00000065)
[  1  1  0  0  0  0  0  2  0 ] (0.00028519)
[  1  1  0  0  0  0  0  2  1 ] (0.00010271)
[  1  1  0  0  0  0  0  3  0 ] (0.00010774)
[  1  1  0  0  0  0  1  0  0 ] (0.00080830)
[  1  1  0  0  0  0  1  0  1 ] (0.00000936)
[  1  1  0  0  0  0  1  0  2 ] (0.00000049)
[  1  1  0  0  0  0  1  1  0 ] (0.00079993)
[  1  1  0  0  0  0  1  1  1 ] (0.00004778)
[  1  1  0  0  0  0  1  2  0 ] (0.00002127)
[  1  1  0  0  0  0  2  0  0 ] (0.00108746)
[  1  1  0  0  0  0  2  0  1 ] (0.00016084)
[  1  1  0  0  0  0  2  1  0 ] (0.00001832)
[  1  1  0  0  0  0  3  0  0 ] (0.00005333)
[  1  1  0  0  0  1  0  0  0 ] (0.00597125)
[  1  1  0  0  0  1  0  0  1 ] (0.00288894)
[  1  1  0  0  0  1  0  0  2 ] (0.00000024)
[  1  1  0  0  0  1  0  1  0 ] (0.00009380)
[  1  1  0  0  0  1  0  1  1 ] (0.00000918)
[  1  1  0  0  0  1  0  2  0 ] (0.00000014)
[  1  1  0  0  0  1  1  0  0 ] (0.00011163)
[  1  1  0  0  0  1  1  0  1 ] (0.00000097)
[  1  1  0  0  0  1  1  1  0 ] (0.00000560)
[  1  1  0  0  0  1  2  0  0 ] (0.00000227)
[  1  1  0  0  0  2  0  0  0 ] (0.00082761)
[  1  1  0  0  0  2  0  0  1 ] (0.00003976)
[  1  1  0  0  0  2  0  1  0 ] (0.00000444)
[  1  1  0  0  0  2  1  0  0 ] (0.00001388)
[  1  1  0  0  0  3  0  0  0 ] (0.00010031)
[  1  1  0  0  1  0  0  0  0 ] (0.00233180)
[  1  1  0  0  1  0  0  0  1 ] (0.00070021)
[  1  1  0  0  1  0  0  0  2 ] (0.00000327)
[  1  1  0  0  1  0  0  1  0 ] (0.00107054)
[  1  1  0  0  1  0  0  1  1 ] (0.00053557)
[  1  1  0  0  1  0  0  2  0 ] (0.00005441)
[  1  1  0  0  1  0  1  0  0 ] (0.00027737)
[  1  1  0  0  1  0  1  0  1 ] (0.00000949)
[  1  1  0  0  1  0  1  1  0 ] (0.00001809)
[  1  1  0  0  1  0  2  0  0 ] (0.00004607)
[  1  1  0  0  1  1  0  0  0 ] (0.00001130)
[  1  1  0  0  1  1  0  0  1 ] (0.00036932)
[  1  1  0  0  1  1  0  1  0 ] (0.00000201)
[  1  1  0  0  1  1  1  0  0 ] (0.00018969)
[  1  1  0  0  1  2  0  0  0 ] (0.00000839)
[  1  1  0  0  2  0  0  0  0 ] (0.00022923)
[  1  1  0  0  2  0  0  0  1 ] (0.00007654)
[  1  1  0  0  2  0  0  1  0 ] (0.00001793)
[  1  1  0  0  2  0  1  0  0 ] (0.00000158)
[  1  1  0  0  2  1  0  0  0 ] (0.00000049)
[  1  1  0  0  3  0  0  0  0 ] (0.00007045)
[  1  1  0  1  0  0  0  0  0 ] (0.00001849)
[  1  1  0  1  0  0  0  0  1 ] (0.00007513)
[  1  1  0  1  0  0  0  0  2 ] (0.00000235)
[  1  1  0  1  0  0  0  1  0 ] (0.00005846)
[  1  1  0  1  0  0  0  1  1 ] (0.00000035)
[  1  1  0  1  0  0  0  2  0 ] (0.00000006)
[  1  1  0  1  0  0  1  0  0 ] (0.00028568)
[  1  1  0  1  0  0  1  0  1 ] (0.00043904)
[  1  1  0  1  0  0  1  1  0 ] (0.00004490)
[  1  1  0  1  0  0  2  0  0 ] (0.00021706)
[  1  1  0  1  0  1  0  0  0 ] (0.00002103)
[  1  1  0  1  0  1  0  0  1 ] (0.00010079)
[  1  1  0  1  0  1  0  1  0 ] (0.00000000)
[  1  1  0  1  0  1  1  0  0 ] (0.00003897)
[  1  1  0  1  0  2  0  0  0 ] (0.00000039)
[  1  1  0  1  1  0  0  0  0 ] (0.00000025)
[  1  1  0  1  1  0  0  0  1 ] (0.00007771)
[  1  1  0  1  1  0  0  1  0 ] (0.00000076)
[  1  1  0  1  1  0  1  0  0 ] (0.00022242)
[  1  1  0  1  1  1  0  0  0 ] (0.00006302)
[  1  1  0  1  2  0  0  0  0 ] (0.00001614)
[  1  1  0  2  0  0  0  0  0 ] (0.00124447)
[  1  1  0  2  0  0  0  0  1 ] (0.00021944)
[  1  1  0  2  0  0  0  1  0 ] (0.00003529)
[  1  1  0  2  0  0  1  0  0 ] (0.00022414)
[  1  1  0  2  0  1  0  0  0 ] (0.00001501)
[  1  1  0  2  1  0  0  0  0 ] (0.00005593)
[  1  1  0  3  0  0  0  0  0 ] (0.00009456)
[  1  1  1  0  0  0  0  0  0 ] (0.00000015)
[  1  1  1  0  0  0  0  0  1 ] (0.00000002)
[  1  1  1  0  0  0  0  0  2 ] (0.00000000)
[  1  1  1  0  0  0  0  1  0 ] (0.00000031)
[  1  1  1  0  0  0  0  1  1 ] (0.00000001)
[  1  1  1  0  0  0  0  2  0 ] (0.00000001)
[  1  1  1  0  0  0  1  0  0 ] (0.00000005)
[  1  1  1  0  0  0  1  0  1 ] (0.00000002)
[  1  1  1  0  0  0  1  1  0 ] (0.00000000)
[  1  1  1  0  0  0  2  0  0 ] (0.00000000)
[  1  1  1  0  0  1  0  0  0 ] (0.00000114)
[  1  1  1  0  0  1  0  0  1 ] (0.00000014)
[  1  1  1  0  0  1  0  1  0 ] (0.00000002)
[  1  1  1  0  0  1  1  0  0 ] (0.00000003)
[  1  1  1  0  0  2  0  0  0 ] (0.00000000)
[  1  1  1  0  1  0  0  0  0 ] (0.00000001)
[  1  1  1  0  1  0  0  0  1 ] (0.00000007)
[  1  1  1  0  1  0  0  1  0 ] (0.00000000)
[  1  1  1  0  1  0  1  0  0 ] (0.00000003)
[  1  1  1  0  1  1  0  0  0 ] (0.00000000)
[  1  1  1  0  2  0  0  0  0 ] (0.00000004)
[  1  1  1  1  0  0  0  0  0 ] (0.00000126)
[  1  1  1  1  0  0  0  0  1 ] (0.00000001)
[  1  1  1  1  0  0  0  1  0 ] (0.00000000)
[  1  1  1  1  0  0  1  0  0 ] (0.00000001)
[  1  1  1  1  0  1  0  0  0 ] (0.00000000)
[  1  1  1  1  1  0  0  0  0 ] (0.00000005)
[  1  1  1  2  0  0  0  0  0 ] (0.00000000)
[  1  1  2  0  0  0  0  0  0 ] (0.00299597)
[  1  1  2  0  0  0  0  0  1 ] (0.00014806)
[  1  1  2  0  0  0  0  1  0 ] (0.00007046)
[  1  1  2  0  0  0  1  0  0 ] (0.00094108)
[  1  1  2  0  0  1  0  0  0 ] (0.00021841)
[  1  1  2  0  1  0  0  0  0 ] (0.00091771)
[  1  1  2  1  0  0  0  0  0 ] (0.00011638)
[  1  1  3  0  0  0  0  0  0 ] (0.00053378)
[  1  2  0  0  0  0  0  0  0 ] (0.00000005)
[  1  2  0  0  0  0  0  0  1 ] (0.00000004)
[  1  2  0  0  0  0  0  0  2 ] (0.00000000)
[  1  2  0  0  0  0  0  1  0 ] (0.00000014)
[  1  2  0  0  0  0  0  1  1 ] (0.00000000)
[  1  2  0  0  0  0  0  2  0 ] (0.00000000)
[  1  2  0  0  0  0  1  0  0 ] (0.00000052)
[  1  2  0  0  0  0  1  0  1 ] (0.00000006)
[  1  2  0  0  0  0  1  1  0 ] (0.00000002)
[  1  2  0  0  0  0  2  0  0 ] (0.00000004)
[  1  2  0  0  0  1  0  0  0 ] (0.00000030)
[  1  2  0  0  0  1  0  0  1 ] (0.00000000)
[  1  2  0  0  0  1  0  1  0 ] (0.00000000)
[  1  2  0  0  0  1  1  0  0 ] (0.00000000)
[  1  2  0  0  0  2  0  0  0 ] (0.00000000)
[  1  2  0  0  1  0  0  0  0 ] (0.00000587)
[  1  2  0  0  1  0  0  0  1 ] (0.00000023)
[  1  2  0  0  1  0  0  1  0 ] (0.00000006)
[  1  2  0  0  1  0  1  0  0 ] (0.00000000)
[  1  2  0  0  1  1  0  0  0 ] (0.00000006)
[  1  2  0  0  2  0  0  0  0 ] (0.00000000)
[  1  2  0  1  0  0  0  0  0 ] (0.00000020)
[  1  2  0  1  0  0  0  0  1 ] (0.00000001)
[  1  2  0  1  0  0  0  1  0 ] (0.00000000)
[  1  2  0  1  0  0  1  0  0 ] (0.00000000)
[  1  2  0  1  0  1  0  0  0 ] (0.00000002)
[  1  2  0  1  1  0  0  0  0 ] (0.00000006)
[  1  2  0  2  0  0  0  0  0 ] (0.00000001)
[  1  2  1  0  0  0  0  0  0 ] (0.01344482)
[  1  2  1  0  0  0  0  0  1 ] (0.00312240)
[  1  2  1  0  0  0  0  1  0 ] (0.00016739)
[  1  2  1  0  0  0  1  0  0 ] (0.00060597)
[  1  2  1  0  0  1  0  0  0 ] (0.00002050)
[  1  2  1  0  1  0  0  0  0 ] (0.00003654)
[  1  2  1  1  0  0  0  0  0 ] (0.00007887)
[  1  2  2  0  0  0  0  0  0 ] (0.00000017)
[  1  3  0  0  0  0  0  0  0 ] (0.00000000)
[  1  3  0  0  0  0  0  0  1 ] (0.00000002)
[  1  3  0  0  0  0  0  1  0 ] (0.00000000)
[  1  3  0  0  0  0  1  0  0 ] (0.00000000)
[  1  3  0  0  0  1  0  0  0 ] (0.00000027)
[  1  3  0  0  1  0  0  0  0 ] (0.00000003)
[  1  3  0  1  0  0  0  0  0 ] (0.00000001)
[  1  3  1  0  0  0  0  0  0 ] (0.00000102)
[  1  4  0  0  0  0  0  0  0 ] (0.00045753)
[  2  0  0  0  0  0  0  0  0 ] (0.00000001)
[  2  0  0  0  0  0  0  0  1 ] (0.00413021)
[  2  0  0  0  0  0  0  0  2 ] (0.00011889)
[  2  0  0  0  0  0  0  0  3 ] (0.00006265)
[  2  0  0  0  0  0  0  1  0 ] (0.00246944)
[  2  0  0  0  0  0  0  1  1 ] (0.00015328)
[  2  0  0  0  0  0  0  1  2 ] (0.00000142)
[  2  0  0  0  0  0  0  2  0 ] (0.00030874)
[  2  0  0  0  0  0  0  2  1 ] (0.00002922)
[  2  0  0  0  0  0  0  3  0 ] (0.00008987)
[  2  0  0  0  0  0  1  0  0 ] (0.00101006)
[  2  0  0  0  0  0  1  0  1 ] (0.00005115)
[  2  0  0  0  0  0  1  0  2 ] (0.00001595)
[  2  0  0  0  0  0  1  1  0 ] (0.00004280)
[  2  0  0  0  0  0  1  1  1 ] (0.00000034)
[  2  0  0  0  0  0  1  2  0 ] (0.00000052)
[  2  0  0  0  0  0  2  0  0 ] (0.00002141)
[  2  0  0  0  0  0  2  0  1 ] (0.00004144)
[  2  0  0  0  0  0  2  1  0 ] (0.00001346)
[  2  0  0  0  0  0  3  0  0 ] (0.00002690)
[  2  0  0  0  0  1  0  0  0 ] (0.00003215)
[  2  0  0  0  0  1  0  0  1 ] (0.00001150)
[  2  0  0  0  0  1  0  0  2 ] (0.00000815)
[  2  0  0  0  0  1  0  1  0 ] (0.00001133)
[  2  0  0  0  0  1  0  1  1 ] (0.00000462)
[  2  0  0  0  0  1  0  2  0 ] (0.00000161)
[  2  0  0  0  0  1  1  0  0 ] (0.00004872)
[  2  0  0  0  0  1  1  0  1 ] (0.00000002)
[  2  0  0  0  0  1  1  1  0 ] (0.00000029)
[  2  0  0  0  0  1  2  0  0 ] (0.00000229)
[  2  0  0  0  0  2  0  0  0 ] (0.00012719)
[  2  0  0  0  0  2  0  0  1 ] (0.00000357)
[  2  0  0  0  0  2  0  1  0 ] (0.00000014)
[  2  0  0  0  0  2  1  0  0 ] (0.00000110)
[  2  0  0  0  0  3  0  0  0 ] (0.00003053)
[  2  0  0  0  1  0  0  0  0 ] (0.00076676)
[  2  0  0  0  1  0  0  0  1 ] (0.00033877)
[  2  0  0  0  1  0  0  0  2 ] (0.00002056)
[  2  0  0  0  1  0  0  1  0 ] (0.00088091)
[  2  0  0  0  1  0  0  1  1 ] (0.00011329)
[  2  0  0  0  1  0  0  2  0 ] (0.00001958)
[  2  0  0  0  1  0  1  0  0 ] (0.00000609)
[  2  0  0  0  1  0  1  0  1 ] (0.00004821)
[  2  0  0  0  1  0  1  1  0 ] (0.00007077)
[  2  0  0  0  1  0  2  0  0 ] (0.00004730)
[  2  0  0  0  1  1  0  0  0 ] (0.00000443)
[  2  0  0  0  1  1  0  0  1 ] (0.00005412)
[  2  0  0  0  1  1  0  1  0 ] (0.00000039)
[  2  0  0  0  1  1  1  0  0 ] (0.00000741)
[  2  0  0  0  1  2  0  0  0 ] (0.00005396)
[  2  0  0  0  2  0  0  0  0 ] (0.00109697)
[  2  0  0  0  2  0  0  0  1 ] (0.00006909)
[  2  0  0  0  2  0  0  1  0 ] (0.00000476)
[  2  0  0  0  2  0  1  0  0 ] (0.00012953)
[  2  0  0  0  2  1  0  0  0 ] (0.00001034)
[  2  0  0  0  3  0  0  0  0 ] (0.00015301)
[  2  0  0  1  0  0  0  0  0 ] (0.00150749)
[  2  0  0  1  0  0  0  0  1 ] (0.00037321)
[  2  0  0  1  0  0  0  0  2 ] (0.00000004)
[  2  0  0  1  0  0  0  1  0 ] (0.00000000)
[  2  0  0  1  0  0  0  1  1 ] (0.00000200)
[  2  0  0  1  0  0  0  2  0 ] (0.00000286)
[  2  0  0  1  0  0  1  0  0 ] (0.00012891)
[  2  0  0  1  0  0  1  0  1 ] (0.00004852)
[  2  0  0  1  0  0  1  1  0 ] (0.00000972)
[  2  0  0  1  0  0  2  0  0 ] (0.00000099)
[  2  0  0  1  0  1  0  0  0 ] (0.00002952)
[  2  0  0  1  0  1  0  0  1 ] (0.00000780)
[  2  0  0  1  0  1  0  1  0 ] (0.00000009)
[  2  0  0  1  0  1  1  0  0 ] (0.00000933)
[  2  0  0  1  0  2  0  0  0 ] (0.00000261)
[  2  0  0  1  1  0  0  0  0 ] (0.00035660)
[  2  0  0  1  1  0  0  0  1 ] (0.00009148)
[  2  0  0  1  1  0  0  1  0 ] (0.00001295)
[  2  0  0  1  1  0  1  0  0 ] (0.00000862)
[  2  0  0  1  1  1  0  0  0 ] (0.00000287)
[  2  0  0  1  2  0  0  0  0 ] (0.00003299)
[  2  0  0  2  0  0  0  0  0 ] (0.00004528)
[  2  0  0  2  0  0  0  0  1 ] (0.00003087)
[  2  0  0  2  0  0  0  1  0 ] (0.00000940)
[  2  0  0  2  0  0  1  0  0 ] (0.00000000)
[  2  0  0  2  0  1  0  0  0 ] (0.00000005)
[  2  0  0  2  1  0  0  0  0 ] (0.00000894)
[  2  0  0  3  0  0  0  0  0 ] (0.00003941)
[  2  0  1  0  0  0  0  0  0 ] (0.00000001)
[  2  0  1  0  0  0  0  0  1 ] (0.00000005)
[  2  0  1  0  0  0  0  0  2 ] (0.00000002)
[  2  0  1  0  0  0  0  1  0 ] (0.00000008)
[  2  0  1  0  0  0  0  1  1 ] (0.00000002)
[  2  0  1  0  0  0  0  2  0 ] (0.00000001)
[  2  0  1  0  0  0  1  0  0 ] (0.00000002)
[  2  0  1  0  0  0  1  0  1 ] (0.00000001)
[  2  0  1  0  0  0  1  1  0 ] (0.00000002)
[  2  0  1  0  0  0  2  0  0 ] (0.00000001)
[  2  0  1  0  0  1  0  0  0 ] (0.00000013)
[  2  0  1  0  0  1  0  0  1 ] (0.00000001)
[  2  0  1  0  0  1  0  1  0 ] (0.00000000)
[  2  0  1  0  0  1  1  0  0 ] (0.00000002)
[  2  0  1  0  0  2  0  0  0 ] (0.00000000)
[  2  0  1  0  1  0  0  0  0 ] (0.00000003)
[  2  0  1  0  1  0  0  0  1 ] (0.00000000)
[  2  0  1  0  1  0  0  1  0 ] (0.00000000)
[  2  0  1  0  1  0  1  0  0 ] (0.00000003)
[  2  0  1  0  1  1  0  0  0 ] (0.00000000)
[  2  0  1  0  2  0  0  0  0 ] (0.00000004)
[  2  0  1  1  0  0  0  0  0 ] (0.00000026)
[  2  0  1  1  0  0  0  0  1 ] (0.00000001)
[  2  0  1  1  0  0  0  1  0 ] (0.00000000)
[  2  0  1  1  0  0  1  0  0 ] (0.00000000)
[  2  0  1  1  0  1  0  0  0 ] (0.00000001)
[  2  0  1  1  1  0  0  0  0 ] (0.00000004)
[  2  0  1  2  0  0  0  0  0 ] (0.00000000)
[  2  0  2  0  0  0  0  0  0 ] (0.00903087)
[  2  0  2  0  0  0  0  0  1 ] (0.00233761)
[  2  0  2  0  0  0  0  1  0 ] (0.00076262)
[  2  0  2  0  0  0  1  0  0 ] (0.00000923)
[  2  0  2  0  0  1  0  0  0 ] (0.00004859)
[  2  0  2  0  1  0  0  0  0 ] (0.00116237)
[  2  0  2  1  0  0  0  0  0 ] (0.00114962)
[  2  0  3  0  0  0  0  0  0 ] (0.00122864)
[  2  1  0  0  0  0  0  0  0 ] (0.00000019)
[  2  1  0  0  0  0  0  0  1 ] (0.00000017)
[  2  1  0  0  0  0  0  0  2 ] (0.00000000)
[  2  1  0  0  0  0  0  1  0 ] (0.00000003)
[  2  1  0  0  0  0  0  1  1 ] (0.00000000)
[  2  1  0  0  0  0  0  2  0 ] (0.00000000)
[  2  1  0  0  0  0  1  0  0 ] (0.00000012)
[  2  1  0  0  0  0  1  0  1 ] (0.00000007)
[  2  1  0  0  0  0  1  1  0 ] (0.00000000)
[  2  1  0  0  0  0  2  0  0 ] (0.00000000)
[  2  1  0  0  0  1  0  0  0 ] (0.00000436)
[  2  1  0  0  0  1  0  0  1 ] (0.00000038)
[  2  1  0  0  0  1  0  1  0 ] (0.00000004)
[  2  1  0  0  0  1  1  0  0 ] (0.00000004)
[  2  1  0  0  0  2  0  0  0 ] (0.00000000)
[  2  1  0  0  1  0  0  0  0 ] (0.00000017)
[  2  1  0  0  1  0  0  0  1 ] (0.00000006)
[  2  1  0  0  1  0  0  1  0 ] (0.00000002)
[  2  1  0  0  1  0  1  0  0 ] (0.00000001)
[  2  1  0  0  1  1  0  0  0 ] (0.00000009)
[  2  1  0  0  2  0  0  0  0 ] (0.00000001)
[  2  1  0  1  0  0  0  0  0 ] (0.00000025)
[  2  1  0  1  0  0  0  0  1 ] (0.00000001)
[  2  1  0  1  0  0  0  1  0 ] (0.00000002)
[  2  1  0  1  0  0  1  0  0 ] (0.00000000)
[  2  1  0  1  0  1  0  0  0 ] (0.00000000)
[  2  1  0  1  1  0  0  0  0 ] (0.00000000)
[  2  1  0  2  0  0  0  0  0 ] (0.00000001)
[  2  1  1  0  0  0  0  0  0 ] (0.00141390)
[  2  1  1  0  0  0  0  0  1 ] (0.00108986)
[  2  1  1  0  0  0  0  1  0 ] (0.00017079)
[  2  1  1  0  0  0  1  0  0 ] (0.00022923)
[  2  1  1  0  0  1  0  0  0 ] (0.00001865)
[  2  1  1  0  1  0  0  0  0 ] (0.00002674)
[  2  1  1  1  0  0  0  0  0 ] (0.00002852)
[  2  1  2  0  0  0  0  0  0 ] (0.00000001)
[  2  2  0  0  0  0  0  0  0 ] (0.00160388)
[  2  2  0  0  0  0  0  0  1 ] (0.00078865)
[  2  2  0  0  0  0  0  1  0 ] (0.00001392)
[  2  2  0  0  0  0  1  0  0 ] (0.00019131)
[  2  2  0  0  0  1  0  0  0 ] (0.00000386)
[  2  2  0  0  1  0  0  0  0 ] (0.00009806)
[  2  2  0  1  0  0  0  0  0 ] (0.00025878)
[  2  2  1  0  0  0  0  0  0 ] (0.00000050)
[  2  3  0  0  0  0  0  0  0 ] (0.00005711)
[  3  0  0  0  0  0  0  0  0 ] (0.00024278)
[  3  0  0  0  0  0  0  0  1 ] (0.00111577)
[  3  0  0  0  0  0  0  0  2 ] (0.00002254)
[  3  0  0  0  0  0  0  1  0 ] (0.00646238)
[  3  0  0  0  0  0  0  1  1 ] (0.00053689)
[  3  0  0  0  0  0  0  2  0 ] (0.00017981)
[  3  0  0  0  0  0  1  0  0 ] (0.00190971)
[  3  0  0  0  0  0  1  0  1 ] (0.00018012)
[  3  0  0  0  0  0  1  1  0 ] (0.00001218)
[  3  0  0  0  0  0  2  0  0 ] (0.00000012)
[  3  0  0  0  0  1  0  0  0 ] (0.00046325)
[  3  0  0  0  0  1  0  0  1 ] (0.00003310)
[  3  0  0  0  0  1  0  1  0 ] (0.00000083)
[  3  0  0  0  0  1  1  0  0 ] (0.00000200)
[  3  0  0  0  0  2  0  0  0 ] (0.00001444)
[  3  0  0  0  1  0  0  0  0 ] (0.00174487)
[  3  0  0  0  1  0  0  0  1 ] (0.00002245)
[  3  0  0  0  1  0  0  1  0 ] (0.00011268)
[  3  0  0  0  1  0  1  0  0 ] (0.00011096)
[  3  0  0  0  1  1  0  0  0 ] (0.00006248)
[  3  0  0  0  2  0  0  0  0 ] (0.00016453)
[  3  0  0  1  0  0  0  0  0 ] (0.00081700)
[  3  0  0  1  0  0  0  0  1 ] (0.00004694)
[  3  0  0  1  0  0  0  1  0 ] (0.00000032)
[  3  0  0  1  0  0  1  0  0 ] (0.00000310)
[  3  0  0  1  0  1  0  0  0 ] (0.00003189)
[  3  0  0  1  1  0  0  0  0 ] (0.00008681)
[  3  0  0  2  0  0  0  0  0 ] (0.00000662)
[  3  0  1  0  0  0  0  0  0 ] (0.00000025)
[  3  0  1  0  0  0  0  0  1 ] (0.00000002)
[  3  0  1  0  0  0  0  1  0 ] (0.00000001)
[  3  0  1  0  0  0  1  0  0 ] (0.00000002)
[  3  0  1  0  0  1  0  0  0 ] (0.00000002)
[  3  0  1  0  1  0  0  0  0 ] (0.00000000)
[  3  0  1  1  0  0  0  0  0 ] (0.00000002)
[  3  0  2  0  0  0  0  0  0 ] (0.00291244)
[  3  1  0  0  0  0  0  0  0 ] (0.00000013)
[  3  1  0  0  0  0  0  0  1 ] (0.00000000)
[  3  1  0  0  0  0  0  1  0 ] (0.00000000)
[  3  1  0  0  0  0  1  0  0 ] (0.00000000)
[  3  1  0  0  0  1  0  0  0 ] (0.00000001)
[  3  1  0  0  1  0  0  0  0 ] (0.00000000)
[  3  1  0  1  0  0  0  0  0 ] (0.00000001)
[  3  1  1  0  0  0  0  0  0 ] (0.00089119)
[  3  2  0  0  0  0  0  0  0 ] (0.00221028)
[  4  0  0  0  0  0  0  0  0 ] (0.00000013)
[  4  0  0  0  0  0  0  0  1 ] (0.00000007)
[  4  0  0  0  0  0  0  1  0 ] (0.00000002)
[  4  0  0  0  0  0  1  0  0 ] (0.00000000)
[  4  0  0  0  0  1  0  0  0 ] (0.00000048)
[  4  0  0  0  1  0  0  0  0 ] (0.00000034)
[  4  0  0  1  0  0  0  0  0 ] (0.00000009)
[  4  0  1  0  0  0  0  0  0 ] (0.01507829)
[  4  1  0  0  0  0  0  0  0 ] (0.00124040)
[  5  0  0  0  0  0  0  0  0 ] (0.00365763)
