|  -914.944135034949 |   204.690109717058 

[  0  0  0  0  0  0  0  0  0 ] (0.00000000)
[  0  0  0  0  0  0  0  0  1 ] (0.00006152)
[  0  0  0  0  0  0  0  0  2 ] (0.00022843)
[  0  0  0  0  0  0  0  0  3 ] (0.00002406)
[  0  0  0  0  0  0  0  0  4 ] (0.00002593)
[  0  0  0  0  0  0  0  0  5 ] (0.00001613)
[  0  0  0  0  0  0  0  1  0 ] (0.00001435)
[  0  0  0  0  0  0  0  1  1 ] (0.00024293)
[  0  0  0  0  0  0  0  1  2 ] (0.00695072)
[  0  0  0  0  0  0  0  1  3 ] (0.00000421)
[  0  0  0  0  0  0  0  1  4 ] (0.00000048)
[  0  0  0  0  0  0  0  2  0 ] (0.00000221)
[  0  0  0  0  0  0  0  2  1 ] (0.00008950)
[  0  0  0  0  0  0  0  2  2 ] (0.00038549)
[  0  0  0  0  0  0  0  2  3 ] (0.00000106)
[  0  0  0  0  0  0  0  3  0 ] (0.00000864)
[  0  0  0  0  0  0  0  3  1 ] (0.00000607)
[  0  0  0  0  0  0  0  3  2 ] (0.00005353)
[  0  0  0  0  0  0  0  4  0 ] (0.00000414)
[  0  0  0  0  0  0  0  4  1 ] (0.00004832)
[  0  0  0  0  0  0  0  5  0 ] (0.00000237)
[  0  0  0  0  0  0  1  0  0 ] (0.00000087)
[  0  0  0  0  0  0  1  0  1 ] (0.00046354)
[  0  0  0  0  0  0  1  0  2 ] (0.00951075)
[  0  0  0  0  0  0  1  0  3 ] (0.00001579)
[  0  0  0  0  0  0  1  0  4 ] (0.00004223)
[  0  0  0  0  0  0  1  1  0 ] (0.00000014)
[  0  0  0  0  0  0  1  1  1 ] (0.00548158)
[  0  0  0  0  0  0  1  1  2 ] (0.00065813)
[  0  0  0  0  0  0  1  1  3 ] (0.00009841)
[  0  0  0  0  0  0  1  2  0 ] (0.00000368)
[  0  0  0  0  0  0  1  2  1 ] (0.00007750)
[  0  0  0  0  0  0  1  2  2 ] (0.00000014)
[  0  0  0  0  0  0  1  3  0 ] (0.00069834)
[  0  0  0  0  0  0  1  3  1 ] (0.00005606)
[  0  0  0  0  0  0  1  4  0 ] (0.00000364)
[  0  0  0  0  0  0  2  0  0 ] (0.00000989)
[  0  0  0  0  0  0  2  0  1 ] (0.00007661)
[  0  0  0  0  0  0  2  0  2 ] (0.00005409)
[  0  0  0  0  0  0  2  0  3 ] (0.00001735)
[  0  0  0  0  0  0  2  1  0 ] (0.00133167)
[  0  0  0  0  0  0  2  1  1 ] (0.00112775)
[  0  0  0  0  0  0  2  1  2 ] (0.00000585)
[  0  0  0  0  0  0  2  2  0 ] (0.00006439)
[  0  0  0  0  0  0  2  2  1 ] (0.00013306)
[  0  0  0  0  0  0  2  3  0 ] (0.00059509)
[  0  0  0  0  0  0  3  0  0 ] (0.00005557)
[  0  0  0  0  0  0  3  0  1 ] (0.00149620)
[  0  0  0  0  0  0  3  0  2 ] (0.00018546)
[  0  0  0  0  0  0  3  1  0 ] (0.00007371)
[  0  0  0  0  0  0  3  1  1 ] (0.00016004)
[  0  0  0  0  0  0  3  2  0 ] (0.00003178)
[  0  0  0  0  0  0  4  0  0 ] (0.00000389)
[  0  0  0  0  0  0  4  0  1 ] (0.00016458)
[  0  0  0  0  0  0  4  1  0 ] (0.00006749)
[  0  0  0  0  0  0  5  0  0 ] (0.00024427)
[  0  0  0  0  0  1  0  0  0 ] (0.00001247)
[  0  0  0  0  0  1  0  0  1 ] (0.00001596)
[  0  0  0  0  0  1  0  0  2 ] (0.00044699)
[  0  0  0  0  0  1  0  0  3 ] (0.00000738)
[  0  0  0  0  0  1  0  0  4 ] (0.00000286)
[  0  0  0  0  0  1  0  1  0 ] (0.00011361)
[  0  0  0  0  0  1  0  1  1 ] (0.00016825)
[  0  0  0  0  0  1  0  1  2 ] (0.00014352)
[  0  0  0  0  0  1  0  1  3 ] (0.00001145)
[  0  0  0  0  0  1  0  2  0 ] (0.00053089)
[  0  0  0  0  0  1  0  2  1 ] (0.00019588)
[  0  0  0  0  0  1  0  2  2 ] (0.00001930)
[  0  0  0  0  0  1  0  3  0 ] (0.00083418)
[  0  0  0  0  0  1  0  3  1 ] (0.00000191)
[  0  0  0  0  0  1  0  4  0 ] (0.00032301)
[  0  0  0  0  0  1  1  0  0 ] (0.00000034)
[  0  0  0  0  0  1  1  0  1 ] (0.00011902)
[  0  0  0  0  0  1  1  0  2 ] (0.00001223)
[  0  0  0  0  0  1  1  0  3 ] (0.00000089)
[  0  0  0  0  0  1  1  1  0 ] (0.00005735)
[  0  0  0  0  0  1  1  1  1 ] (0.00035529)
[  0  0  0  0  0  1  1  1  2 ] (0.00000438)
[  0  0  0  0  0  1  1  2  0 ] (0.01009854)
[  0  0  0  0  0  1  1  2  1 ] (0.00065168)
[  0  0  0  0  0  1  1  3  0 ] (0.00000007)
[  0  0  0  0  0  1  2  0  0 ] (0.00032174)
[  0  0  0  0  0  1  2  0  1 ] (0.00001540)
[  0  0  0  0  0  1  2  0  2 ] (0.00001100)
[  0  0  0  0  0  1  2  1  0 ] (0.01064489)
[  0  0  0  0  0  1  2  1  1 ] (0.00181552)
[  0  0  0  0  0  1  2  2  0 ] (0.00070050)
[  0  0  0  0  0  1  3  0  0 ] (0.00008337)
[  0  0  0  0  0  1  3  0  1 ] (0.00000381)
[  0  0  0  0  0  1  3  1  0 ] (0.00000014)
[  0  0  0  0  0  1  4  0  0 ] (0.00003145)
[  0  0  0  0  0  2  0  0  0 ] (0.00000095)
[  0  0  0  0  0  2  0  0  1 ] (0.00010536)
[  0  0  0  0  0  2  0  0  2 ] (0.00000073)
[  0  0  0  0  0  2  0  0  3 ] (0.00000043)
[  0  0  0  0  0  2  0  1  0 ] (0.00010322)
[  0  0  0  0  0  2  0  1  1 ] (0.00002706)
[  0  0  0  0  0  2  0  1  2 ] (0.00000080)
[  0  0  0  0  0  2  0  2  0 ] (0.00012535)
[  0  0  0  0  0  2  0  2  1 ] (0.00000841)
[  0  0  0  0  0  2  0  3  0 ] (0.00003201)
[  0  0  0  0  0  2  1  0  0 ] (0.00015805)
[  0  0  0  0  0  2  1  0  1 ] (0.00000016)
[  0  0  0  0  0  2  1  0  2 ] (0.00000812)
[  0  0  0  0  0  2  1  1  0 ] (0.01196701)
[  0  0  0  0  0  2  1  1  1 ] (0.00179922)
[  0  0  0  0  0  2  1  2  0 ] (0.00012601)
[  0  0  0  0  0  2  2  0  0 ] (0.00003751)
[  0  0  0  0  0  2  2  0  1 ] (0.00000025)
[  0  0  0  0  0  2  2  1  0 ] (0.00006558)
[  0  0  0  0  0  2  3  0  0 ] (0.00144134)
[  0  0  0  0  0  3  0  0  0 ] (0.00001720)
[  0  0  0  0  0  3  0  0  1 ] (0.00148265)
[  0  0  0  0  0  3  0  0  2 ] (0.00005320)
[  0  0  0  0  0  3  0  1  0 ] (0.00005140)
[  0  0  0  0  0  3  0  1  1 ] (0.00035378)
[  0  0  0  0  0  3  0  2  0 ] (0.00190380)
[  0  0  0  0  0  3  1  0  0 ] (0.00002293)
[  0  0  0  0  0  3  1  0  1 ] (0.00045991)
[  0  0  0  0  0  3  1  1  0 ] (0.00024230)
[  0  0  0  0  0  3  2  0  0 ] (0.00009363)
[  0  0  0  0  0  4  0  0  0 ] (0.00000911)
[  0  0  0  0  0  4  0  0  1 ] (0.00001619)
[  0  0  0  0  0  4  0  1  0 ] (0.00012036)
[  0  0  0  0  0  4  1  0  0 ] (0.00001932)
[  0  0  0  0  0  5  0  0  0 ] (0.00000822)
[  0  0  0  0  1  0  0  0  0 ] (0.00000497)
[  0  0  0  0  1  0  0  0  1 ] (0.00000696)
[  0  0  0  0  1  0  0  0  2 ] (0.00200327)
[  0  0  0  0  1  0  0  0  3 ] (0.00000000)
[  0  0  0  0  1  0  0  0  4 ] (0.00000794)
[  0  0  0  0  1  0  0  1  0 ] (0.00006965)
[  0  0  0  0  1  0  0  1  1 ] (0.00081925)
[  0  0  0  0  1  0  0  1  2 ] (0.00001148)
[  0  0  0  0  1  0  0  1  3 ] (0.00001219)
[  0  0  0  0  1  0  0  2  0 ] (0.00001670)
[  0  0  0  0  1  0  0  2  1 ] (0.00034407)
[  0  0  0  0  1  0  0  2  2 ] (0.00001189)
[  0  0  0  0  1  0  0  3  0 ] (0.00001408)
[  0  0  0  0  1  0  0  3  1 ] (0.00000045)
[  0  0  0  0  1  0  0  4  0 ] (0.00003581)
[  0  0  0  0  1  0  1  0  0 ] (0.00000263)
[  0  0  0  0  1  0  1  0  1 ] (0.00002156)
[  0  0  0  0  1  0  1  0  2 ] (0.00001676)
[  0  0  0  0  1  0  1  0  3 ] (0.00006562)
[  0  0  0  0  1  0  1  1  0 ] (0.00017978)
[  0  0  0  0  1  0  1  1  1 ] (0.00060835)
[  0  0  0  0  1  0  1  1  2 ] (0.00006870)
[  0  0  0  0  1  0  1  2  0 ] (0.00151705)
[  0  0  0  0  1  0  1  2  1 ] (0.00001192)
[  0  0  0  0  1  0  1  3  0 ] (0.00000515)
[  0  0  0  0  1  0  2  0  0 ] (0.00006063)
[  0  0  0  0  1  0  2  0  1 ] (0.00000012)
[  0  0  0  0  1  0  2  0  2 ] (0.00000194)
[  0  0  0  0  1  0  2  1  0 ] (0.00155100)
[  0  0  0  0  1  0  2  1  1 ] (0.00014859)
[  0  0  0  0  1  0  2  2  0 ] (0.00003507)
[  0  0  0  0  1  0  3  0  0 ] (0.00033439)
[  0  0  0  0  1  0  3  0  1 ] (0.00001655)
[  0  0  0  0  1  0  3  1  0 ] (0.00103844)
[  0  0  0  0  1  0  4  0  0 ] (0.00002243)
[  0  0  0  0  1  1  0  0  0 ] (0.00003196)
[  0  0  0  0  1  1  0  0  1 ] (0.00126885)
[  0  0  0  0  1  1  0  0  2 ] (0.00000483)
[  0  0  0  0  1  1  0  0  3 ] (0.00001097)
[  0  0  0  0  1  1  0  1  0 ] (0.00150424)
[  0  0  0  0  1  1  0  1  1 ] (0.00002045)
[  0  0  0  0  1  1  0  1  2 ] (0.00003124)
[  0  0  0  0  1  1  0  2  0 ] (0.00182704)
[  0  0  0  0  1  1  0  2  1 ] (0.00000007)
[  0  0  0  0  1  1  0  3  0 ] (0.00027598)
[  0  0  0  0  1  1  1  0  0 ] (0.00030198)
[  0  0  0  0  1  1  1  0  1 ] (0.00011936)
[  0  0  0  0  1  1  1  0  2 ] (0.00003686)
[  0  0  0  0  1  1  1  1  0 ] (0.00054748)
[  0  0  0  0  1  1  1  1  1 ] (0.00000240)
[  0  0  0  0  1  1  1  2  0 ] (0.00010069)
[  0  0  0  0  1  1  2  0  0 ] (0.00030473)
[  0  0  0  0  1  1  2  0  1 ] (0.00002672)
[  0  0  0  0  1  1  2  1  0 ] (0.00002259)
[  0  0  0  0  1  1  3  0  0 ] (0.00015568)
[  0  0  0  0  1  2  0  0  0 ] (0.00003163)
[  0  0  0  0  1  2  0  0  1 ] (0.00059936)
[  0  0  0  0  1  2  0  0  2 ] (0.00001852)
[  0  0  0  0  1  2  0  1  0 ] (0.00230811)
[  0  0  0  0  1  2  0  1  1 ] (0.00015128)
[  0  0  0  0  1  2  0  2  0 ] (0.00000388)
[  0  0  0  0  1  2  1  0  0 ] (0.00000090)
[  0  0  0  0  1  2  1  0  1 ] (0.00003690)
[  0  0  0  0  1  2  1  1  0 ] (0.00011356)
[  0  0  0  0  1  2  2  0  0 ] (0.00001916)
[  0  0  0  0  1  3  0  0  0 ] (0.00004890)
[  0  0  0  0  1  3  0  0  1 ] (0.00005273)
[  0  0  0  0  1  3  0  1  0 ] (0.00009257)
[  0  0  0  0  1  3  1  0  0 ] (0.00000048)
[  0  0  0  0  1  4  0  0  0 ] (0.00057729)
[  0  0  0  0  2  0  0  0  0 ] (0.00004721)
[  0  0  0  0  2  0  0  0  1 ] (0.00000375)
[  0  0  0  0  2  0  0  0  2 ] (0.00000304)
[  0  0  0  0  2  0  0  0  3 ] (0.00000596)
[  0  0  0  0  2  0  0  1  0 ] (0.00004608)
[  0  0  0  0  2  0  0  1  1 ] (0.00008496)
[  0  0  0  0  2  0  0  1  2 ] (0.00002332)
[  0  0  0  0  2  0  0  2  0 ] (0.00000704)
[  0  0  0  0  2  0  0  2  1 ] (0.00000089)
[  0  0  0  0  2  0  0  3  0 ] (0.00003715)
[  0  0  0  0  2  0  1  0  0 ] (0.00003206)
[  0  0  0  0  2  0  1  0  1 ] (0.00043226)
[  0  0  0  0  2  0  1  0  2 ] (0.00001967)
[  0  0  0  0  2  0  1  1  0 ] (0.00860663)
[  0  0  0  0  2  0  1  1  1 ] (0.00041777)
[  0  0  0  0  2  0  1  2  0 ] (0.00028471)
[  0  0  0  0  2  0  2  0  0 ] (0.00044950)
[  0  0  0  0  2  0  2  0  1 ] (0.00010513)
[  0  0  0  0  2  0  2  1  0 ] (0.00043145)
[  0  0  0  0  2  0  3  0  0 ] (0.00364666)
[  0  0  0  0  2  1  0  0  0 ] (0.00027070)
[  0  0  0  0  2  1  0  0  1 ] (0.00091788)
[  0  0  0  0  2  1  0  0  2 ] (0.00000824)
[  0  0  0  0  2  1  0  1  0 ] (0.00423060)
[  0  0  0  0  2  1  0  1  1 ] (0.00013344)
[  0  0  0  0  2  1  0  2  0 ] (0.00020766)
[  0  0  0  0  2  1  1  0  0 ] (0.00676808)
[  0  0  0  0  2  1  1  0  1 ] (0.00044519)
[  0  0  0  0  2  1  1  1  0 ] (0.00105470)
[  0  0  0  0  2  1  2  0  0 ] (0.00000311)
[  0  0  0  0  2  2  0  0  0 ] (0.00104199)
[  0  0  0  0  2  2  0  0  1 ] (0.00009287)
[  0  0  0  0  2  2  0  1  0 ] (0.00024841)
[  0  0  0  0  2  2  1  0  0 ] (0.00034839)
[  0  0  0  0  2  3  0  0  0 ] (0.00849158)
[  0  0  0  0  3  0  0  0  0 ] (0.00000964)
[  0  0  0  0  3  0  0  0  1 ] (0.00075172)
[  0  0  0  0  3  0  0  0  2 ] (0.00002538)
[  0  0  0  0  3  0  0  1  0 ] (0.00030930)
[  0  0  0  0  3  0  0  1  1 ] (0.00006675)
[  0  0  0  0  3  0  0  2  0 ] (0.00002611)
[  0  0  0  0  3  0  1  0  0 ] (0.00038664)
[  0  0  0  0  3  0  1  0  1 ] (0.00004870)
[  0  0  0  0  3  0  1  1  0 ] (0.00001818)
[  0  0  0  0  3  0  2  0  0 ] (0.00689364)
[  0  0  0  0  3  1  0  0  0 ] (0.00022667)
[  0  0  0  0  3  1  0  0  1 ] (0.00002455)
[  0  0  0  0  3  1  0  1  0 ] (0.00104750)
[  0  0  0  0  3  1  1  0  0 ] (0.00023243)
[  0  0  0  0  3  2  0  0  0 ] (0.00164245)
[  0  0  0  0  4  0  0  0  0 ] (0.00028046)
[  0  0  0  0  4  0  0  0  1 ] (0.00000364)
[  0  0  0  0  4  0  0  1  0 ] (0.00002477)
[  0  0  0  0  4  0  1  0  0 ] (0.00044464)
[  0  0  0  0  4  1  0  0  0 ] (0.00488630)
[  0  0  0  0  5  0  0  0  0 ] (0.00033137)
[  0  0  0  1  0  0  0  0  0 ] (0.00000114)
[  0  0  0  1  0  0  0  0  1 ] (0.00039650)
[  0  0  0  1  0  0  0  0  2 ] (0.00030316)
[  0  0  0  1  0  0  0  0  3 ] (0.00006707)
[  0  0  0  1  0  0  0  0  4 ] (0.00000156)
[  0  0  0  1  0  0  0  1  0 ] (0.00008446)
[  0  0  0  1  0  0  0  1  1 ] (0.00667069)
[  0  0  0  1  0  0  0  1  2 ] (0.00001929)
[  0  0  0  1  0  0  0  1  3 ] (0.00000582)
[  0  0  0  1  0  0  0  2  0 ] (0.00000270)
[  0  0  0  1  0  0  0  2  1 ] (0.00139701)
[  0  0  0  1  0  0  0  2  2 ] (0.00000253)
[  0  0  0  1  0  0  0  3  0 ] (0.00136937)
[  0  0  0  1  0  0  0  3  1 ] (0.00009781)
[  0  0  0  1  0  0  0  4  0 ] (0.00011851)
[  0  0  0  1  0  0  1  0  0 ] (0.00001989)
[  0  0  0  1  0  0  1  0  1 ] (0.00051522)
[  0  0  0  1  0  0  1  0  2 ] (0.00013768)
[  0  0  0  1  0  0  1  0  3 ] (0.00002000)
[  0  0  0  1  0  0  1  1  0 ] (0.00000018)
[  0  0  0  1  0  0  1  1  1 ] (0.00005668)
[  0  0  0  1  0  0  1  1  2 ] (0.00001882)
[  0  0  0  1  0  0  1  2  0 ] (0.00027607)
[  0  0  0  1  0  0  1  2  1 ] (0.00002506)
[  0  0  0  1  0  0  1  3  0 ] (0.00000058)
[  0  0  0  1  0  0  2  0  0 ] (0.00000272)
[  0  0  0  1  0  0  2  0  1 ] (0.00005224)
[  0  0  0  1  0  0  2  0  2 ] (0.00000039)
[  0  0  0  1  0  0  2  1  0 ] (0.00008177)
[  0  0  0  1  0  0  2  1  1 ] (0.00000409)
[  0  0  0  1  0  0  2  2  0 ] (0.00004975)
[  0  0  0  1  0  0  3  0  0 ] (0.00027305)
[  0  0  0  1  0  0  3  0  1 ] (0.00001088)
[  0  0  0  1  0  0  3  1  0 ] (0.00000074)
[  0  0  0  1  0  0  4  0  0 ] (0.00133705)
[  0  0  0  1  0  1  0  0  0 ] (0.00003780)
[  0  0  0  1  0  1  0  0  1 ] (0.00012760)
[  0  0  0  1  0  1  0  0  2 ] (0.00000043)
[  0  0  0  1  0  1  0  0  3 ] (0.00000037)
[  0  0  0  1  0  1  0  1  0 ] (0.00085177)
[  0  0  0  1  0  1  0  1  1 ] (0.00064506)
[  0  0  0  1  0  1  0  1  2 ] (0.00001652)
[  0  0  0  1  0  1  0  2  0 ] (0.01440185)
[  0  0  0  1  0  1  0  2  1 ] (0.00033410)
[  0  0  0  1  0  1  0  3  0 ] (0.00000003)
[  0  0  0  1  0  1  1  0  0 ] (0.00033338)
[  0  0  0  1  0  1  1  0  1 ] (0.00000011)
[  0  0  0  1  0  1  1  0  2 ] (0.00000721)
[  0  0  0  1  0  1  1  1  0 ] (0.00049082)
[  0  0  0  1  0  1  1  1  1 ] (0.00000557)
[  0  0  0  1  0  1  1  2  0 ] (0.00050833)
[  0  0  0  1  0  1  2  0  0 ] (0.01971608)
[  0  0  0  1  0  1  2  0  1 ] (0.00249118)
[  0  0  0  1  0  1  2  1  0 ] (0.00105677)
[  0  0  0  1  0  1  3  0  0 ] (0.00015560)
[  0  0  0  1  0  2  0  0  0 ] (0.00006900)
[  0  0  0  1  0  2  0  0  1 ] (0.00022420)
[  0  0  0  1  0  2  0  0  2 ] (0.00001356)
[  0  0  0  1  0  2  0  1  0 ] (0.00063729)
[  0  0  0  1  0  2  0  1  1 ] (0.00005213)
[  0  0  0  1  0  2  0  2  0 ] (0.00000212)
[  0  0  0  1  0  2  1  0  0 ] (0.00142734)
[  0  0  0  1  0  2  1  0  1 ] (0.00010068)
[  0  0  0  1  0  2  1  1  0 ] (0.00004951)
[  0  0  0  1  0  2  2  0  0 ] (0.00043541)
[  0  0  0  1  0  3  0  0  0 ] (0.00000417)
[  0  0  0  1  0  3  0  0  1 ] (0.00007168)
[  0  0  0  1  0  3  0  1  0 ] (0.00049372)
[  0  0  0  1  0  3  1  0  0 ] (0.00000695)
[  0  0  0  1  0  4  0  0  0 ] (0.00000672)
[  0  0  0  1  1  0  0  0  0 ] (0.00000622)
[  0  0  0  1  1  0  0  0  1 ] (0.00102505)
[  0  0  0  1  1  0  0  0  2 ] (0.00000000)
[  0  0  0  1  1  0  0  0  3 ] (0.00001290)
[  0  0  0  1  1  0  0  1  0 ] (0.00004719)
[  0  0  0  1  1  0  0  1  1 ] (0.00035005)
[  0  0  0  1  1  0  0  1  2 ] (0.00003159)
[  0  0  0  1  1  0  0  2  0 ] (0.00002657)
[  0  0  0  1  1  0  0  2  1 ] (0.00000653)
[  0  0  0  1  1  0  0  3  0 ] (0.00008356)
[  0  0  0  1  1  0  1  0  0 ] (0.00023879)
[  0  0  0  1  1  0  1  0  1 ] (0.00046967)
[  0  0  0  1  1  0  1  0  2 ] (0.00000880)
[  0  0  0  1  1  0  1  1  0 ] (0.00165854)
[  0  0  0  1  1  0  1  1  1 ] (0.00005236)
[  0  0  0  1  1  0  1  2  0 ] (0.00011583)
[  0  0  0  1  1  0  2  0  0 ] (0.00265973)
[  0  0  0  1  1  0  2  0  1 ] (0.00051407)
[  0  0  0  1  1  0  2  1  0 ] (0.00013624)
[  0  0  0  1  1  0  3  0  0 ] (0.00000262)
[  0  0  0  1  1  1  0  0  0 ] (0.00073678)
[  0  0  0  1  1  1  0  0  1 ] (0.00058529)
[  0  0  0  1  1  1  0  0  2 ] (0.00000261)
[  0  0  0  1  1  1  0  1  0 ] (0.00126306)
[  0  0  0  1  1  1  0  1  1 ] (0.00005453)
[  0  0  0  1  1  1  0  2  0 ] (0.00133472)
[  0  0  0  1  1  1  1  0  0 ] (0.00840848)
[  0  0  0  1  1  1  1  0  1 ] (0.00017184)
[  0  0  0  1  1  1  1  1  0 ] (0.00141251)
[  0  0  0  1  1  1  2  0  0 ] (0.00003344)
[  0  0  0  1  1  2  0  0  0 ] (0.00048347)
[  0  0  0  1  1  2  0  0  1 ] (0.00000018)
[  0  0  0  1  1  2  0  1  0 ] (0.00039517)
[  0  0  0  1  1  2  1  0  0 ] (0.00000218)
[  0  0  0  1  1  3  0  0  0 ] (0.00073104)
[  0  0  0  1  2  0  0  0  0 ] (0.00028963)
[  0  0  0  1  2  0  0  0  1 ] (0.00020754)
[  0  0  0  1  2  0  0  0  2 ] (0.00000016)
[  0  0  0  1  2  0  0  1  0 ] (0.00218400)
[  0  0  0  1  2  0  0  1  1 ] (0.00015543)
[  0  0  0  1  2  0  0  2  0 ] (0.00014323)
[  0  0  0  1  2  0  1  0  0 ] (0.00108245)
[  0  0  0  1  2  0  1  0  1 ] (0.00033287)
[  0  0  0  1  2  0  1  1  0 ] (0.00002095)
[  0  0  0  1  2  0  2  0  0 ] (0.00002408)
[  0  0  0  1  2  1  0  0  0 ] (0.00280612)
[  0  0  0  1  2  1  0  0  1 ] (0.00081993)
[  0  0  0  1  2  1  0  1  0 ] (0.00009490)
[  0  0  0  1  2  1  1  0  0 ] (0.00001521)
[  0  0  0  1  2  2  0  0  0 ] (0.00042869)
[  0  0  0  1  3  0  0  0  0 ] (0.00052065)
[  0  0  0  1  3  0  0  0  1 ] (0.00007858)
[  0  0  0  1  3  0  0  1  0 ] (0.00005725)
[  0  0  0  1  3  0  1  0  0 ] (0.00028928)
[  0  0  0  1  3  1  0  0  0 ] (0.00042792)
[  0  0  0  1  4  0  0  0  0 ] (0.00044060)
[  0  0  0  2  0  0  0  0  0 ] (0.00000205)
[  0  0  0  2  0  0  0  0  1 ] (0.00291180)
[  0  0  0  2  0  0  0  0  2 ] (0.00003786)
[  0  0  0  2  0  0  0  0  3 ] (0.00003072)
[  0  0  0  2  0  0  0  1  0 ] (0.00064075)
[  0  0  0  2  0  0  0  1  1 ] (0.00025228)
[  0  0  0  2  0  0  0  1  2 ] (0.00000037)
[  0  0  0  2  0  0  0  2  0 ] (0.00055372)
[  0  0  0  2  0  0  0  2  1 ] (0.00004621)
[  0  0  0  2  0  0  0  3  0 ] (0.00021073)
[  0  0  0  2  0  0  1  0  0 ] (0.00002720)
[  0  0  0  2  0  0  1  0  1 ] (0.00003753)
[  0  0  0  2  0  0  1  0  2 ] (0.00000281)
[  0  0  0  2  0  0  1  1  0 ] (0.00175561)
[  0  0  0  2  0  0  1  1  1 ] (0.00001013)
[  0  0  0  2  0  0  1  2  0 ] (0.00002912)
[  0  0  0  2  0  0  2  0  0 ] (0.00125593)
[  0  0  0  2  0  0  2  0  1 ] (0.00035363)
[  0  0  0  2  0  0  2  1  0 ] (0.00003915)
[  0  0  0  2  0  0  3  0  0 ] (0.00045866)
[  0  0  0  2  0  1  0  0  0 ] (0.00072206)
[  0  0  0  2  0  1  0  0  1 ] (0.00133517)
[  0  0  0  2  0  1  0  0  2 ] (0.00001281)
[  0  0  0  2  0  1  0  1  0 ] (0.00086603)
[  0  0  0  2  0  1  0  1  1 ] (0.00000323)
[  0  0  0  2  0  1  0  2  0 ] (0.00097484)
[  0  0  0  2  0  1  1  0  0 ] (0.00046060)
[  0  0  0  2  0  1  1  0  1 ] (0.00005766)
[  0  0  0  2  0  1  1  1  0 ] (0.00001728)
[  0  0  0  2  0  1  2  0  0 ] (0.00024777)
[  0  0  0  2  0  2  0  0  0 ] (0.00021303)
[  0  0  0  2  0  2  0  0  1 ] (0.00005960)
[  0  0  0  2  0  2  0  1  0 ] (0.00000290)
[  0  0  0  2  0  2  1  0  0 ] (0.00018565)
[  0  0  0  2  0  3  0  0  0 ] (0.00285694)
[  0  0  0  2  1  0  0  0  0 ] (0.00003555)
[  0  0  0  2  1  0  0  0  1 ] (0.00060676)
[  0  0  0  2  1  0  0  0  2 ] (0.00000847)
[  0  0  0  2  1  0  0  1  0 ] (0.00117153)
[  0  0  0  2  1  0  0  1  1 ] (0.00022660)
[  0  0  0  2  1  0  0  2  0 ] (0.00008252)
[  0  0  0  2  1  0  1  0  0 ] (0.01442964)
[  0  0  0  2  1  0  1  0  1 ] (0.00041702)
[  0  0  0  2  1  0  1  1  0 ] (0.00016947)
[  0  0  0  2  1  0  2  0  0 ] (0.00016572)
[  0  0  0  2  1  1  0  0  0 ] (0.00270194)
[  0  0  0  2  1  1  0  0  1 ] (0.00000189)
[  0  0  0  2  1  1  0  1  0 ] (0.00000396)
[  0  0  0  2  1  1  1  0  0 ] (0.00114381)
[  0  0  0  2  1  2  0  0  0 ] (0.00021397)
[  0  0  0  2  2  0  0  0  0 ] (0.00011199)
[  0  0  0  2  2  0  0  0  1 ] (0.00007518)
[  0  0  0  2  2  0  0  1  0 ] (0.00015582)
[  0  0  0  2  2  0  1  0  0 ] (0.00012171)
[  0  0  0  2  2  1  0  0  0 ] (0.00048233)
[  0  0  0  2  3  0  0  0  0 ] (0.01207620)
[  0  0  0  3  0  0  0  0  0 ] (0.00000028)
[  0  0  0  3  0  0  0  0  1 ] (0.00597907)
[  0  0  0  3  0  0  0  0  2 ] (0.00010534)
[  0  0  0  3  0  0  0  1  0 ] (0.00005296)
[  0  0  0  3  0  0  0  1  1 ] (0.00067233)
[  0  0  0  3  0  0  0  2  0 ] (0.00242230)
[  0  0  0  3  0  0  1  0  0 ] (0.00011841)
[  0  0  0  3  0  0  1  0  1 ] (0.00002607)
[  0  0  0  3  0  0  1  1  0 ] (0.00031044)
[  0  0  0  3  0  0  2  0  0 ] (0.00563505)
[  0  0  0  3  0  1  0  0  0 ] (0.00009238)
[  0  0  0  3  0  1  0  0  1 ] (0.00000121)
[  0  0  0  3  0  1  0  1  0 ] (0.00047526)
[  0  0  0  3  0  1  1  0  0 ] (0.00053062)
[  0  0  0  3  0  2  0  0  0 ] (0.00195034)
[  0  0  0  3  1  0  0  0  0 ] (0.00050420)
[  0  0  0  3  1  0  0  0  1 ] (0.00000219)
[  0  0  0  3  1  0  0  1  0 ] (0.00016294)
[  0  0  0  3  1  0  1  0  0 ] (0.00018163)
[  0  0  0  3  1  1  0  0  0 ] (0.00117109)
[  0  0  0  3  2  0  0  0  0 ] (0.00020176)
[  0  0  0  4  0  0  0  0  0 ] (0.00000755)
[  0  0  0  4  0  0  0  0  1 ] (0.00057997)
[  0  0  0  4  0  0  0  1  0 ] (0.00004014)
[  0  0  0  4  0  0  1  0  0 ] (0.00029333)
[  0  0  0  4  0  1  0  0  0 ] (0.00001026)
[  0  0  0  4  1  0  0  0  0 ] (0.00126440)
[  0  0  0  5  0  0  0  0  0 ] (0.00000049)
[  0  0  1  0  0  0  0  0  0 ] (0.00000006)
[  0  0  1  0  0  0  0  0  1 ] (0.00000008)
[  0  0  1  0  0  0  0  0  2 ] (0.00000006)
[  0  0  1  0  0  0  0  0  3 ] (0.00000000)
[  0  0  1  0  0  0  0  0  4 ] (0.00000010)
[  0  0  1  0  0  0  0  1  0 ] (0.00000000)
[  0  0  1  0  0  0  0  1  1 ] (0.00000005)
[  0  0  1  0  0  0  0  1  2 ] (0.00000618)
[  0  0  1  0  0  0  0  1  3 ] (0.00000078)
[  0  0  1  0  0  0  0  2  0 ] (0.00000092)
[  0  0  1  0  0  0  0  2  1 ] (0.00001020)
[  0  0  1  0  0  0  0  2  2 ] (0.00000131)
[  0  0  1  0  0  0  0  3  0 ] (0.00000536)
[  0  0  1  0  0  0  0  3  1 ] (0.00000045)
[  0  0  1  0  0  0  0  4  0 ] (0.00002014)
[  0  0  1  0  0  0  1  0  0 ] (0.00000004)
[  0  0  1  0  0  0  1  0  1 ] (0.00000062)
[  0  0  1  0  0  0  1  0  2 ] (0.00000000)
[  0  0  1  0  0  0  1  0  3 ] (0.00000007)
[  0  0  1  0  0  0  1  1  0 ] (0.00000009)
[  0  0  1  0  0  0  1  1  1 ] (0.00000130)
[  0  0  1  0  0  0  1  1  2 ] (0.00000006)
[  0  0  1  0  0  0  1  2  0 ] (0.00000211)
[  0  0  1  0  0  0  1  2  1 ] (0.00000046)
[  0  0  1  0  0  0  1  3  0 ] (0.00000742)
[  0  0  1  0  0  0  2  0  0 ] (0.00000022)
[  0  0  1  0  0  0  2  0  1 ] (0.00000076)
[  0  0  1  0  0  0  2  0  2 ] (0.00000004)
[  0  0  1  0  0  0  2  1  0 ] (0.00000004)
[  0  0  1  0  0  0  2  1  1 ] (0.00000001)
[  0  0  1  0  0  0  2  2  0 ] (0.00000199)
[  0  0  1  0  0  0  3  0  0 ] (0.00000150)
[  0  0  1  0  0  0  3  0  1 ] (0.00000560)
[  0  0  1  0  0  0  3  1  0 ] (0.00006846)
[  0  0  1  0  0  0  4  0  0 ] (0.00000696)
[  0  0  1  0  0  1  0  0  0 ] (0.00000000)
[  0  0  1  0  0  1  0  0  1 ] (0.00000014)
[  0  0  1  0  0  1  0  0  2 ] (0.00000812)
[  0  0  1  0  0  1  0  0  3 ] (0.00000001)
[  0  0  1  0  0  1  0  1  0 ] (0.00000328)
[  0  0  1  0  0  1  0  1  1 ] (0.00000115)
[  0  0  1  0  0  1  0  1  2 ] (0.00000017)
[  0  0  1  0  0  1  0  2  0 ] (0.00000074)
[  0  0  1  0  0  1  0  2  1 ] (0.00000021)
[  0  0  1  0  0  1  0  3  0 ] (0.00000941)
[  0  0  1  0  0  1  1  0  0 ] (0.00000000)
[  0  0  1  0  0  1  1  0  1 ] (0.00000968)
[  0  0  1  0  0  1  1  0  2 ] (0.00000028)
[  0  0  1  0  0  1  1  1  0 ] (0.00000095)
[  0  0  1  0  0  1  1  1  1 ] (0.00000022)
[  0  0  1  0  0  1  1  2  0 ] (0.00000000)
[  0  0  1  0  0  1  2  0  0 ] (0.00000013)
[  0  0  1  0  0  1  2  0  1 ] (0.00000002)
[  0  0  1  0  0  1  2  1  0 ] (0.00000025)
[  0  0  1  0  0  1  3  0  0 ] (0.00000003)
[  0  0  1  0  0  2  0  0  0 ] (0.00000001)
[  0  0  1  0  0  2  0  0  1 ] (0.00000024)
[  0  0  1  0  0  2  0  0  2 ] (0.00000003)
[  0  0  1  0  0  2  0  1  0 ] (0.00000026)
[  0  0  1  0  0  2  0  1  1 ] (0.00000010)
[  0  0  1  0  0  2  0  2  0 ] (0.00001100)
[  0  0  1  0  0  2  1  0  0 ] (0.00000002)
[  0  0  1  0  0  2  1  0  1 ] (0.00000006)
[  0  0  1  0  0  2  1  1  0 ] (0.00000035)
[  0  0  1  0  0  2  2  0  0 ] (0.00000062)
[  0  0  1  0  0  3  0  0  0 ] (0.00000000)
[  0  0  1  0  0  3  0  0  1 ] (0.00000254)
[  0  0  1  0  0  3  0  1  0 ] (0.00000051)
[  0  0  1  0  0  3  1  0  0 ] (0.00000470)
[  0  0  1  0  0  4  0  0  0 ] (0.00001998)
[  0  0  1  0  1  0  0  0  0 ] (0.00000000)
[  0  0  1  0  1  0  0  0  1 ] (0.00000237)
[  0  0  1  0  1  0  0  0  2 ] (0.00000077)
[  0  0  1  0  1  0  0  0  3 ] (0.00000034)
[  0  0  1  0  1  0  0  1  0 ] (0.00000192)
[  0  0  1  0  1  0  0  1  1 ] (0.00000007)
[  0  0  1  0  1  0  0  1  2 ] (0.00000008)
[  0  0  1  0  1  0  0  2  0 ] (0.00000091)
[  0  0  1  0  1  0  0  2  1 ] (0.00000000)
[  0  0  1  0  1  0  0  3  0 ] (0.00013790)
[  0  0  1  0  1  0  1  0  0 ] (0.00000077)
[  0  0  1  0  1  0  1  0  1 ] (0.00000354)
[  0  0  1  0  1  0  1  0  2 ] (0.00000038)
[  0  0  1  0  1  0  1  1  0 ] (0.00001245)
[  0  0  1  0  1  0  1  1  1 ] (0.00000027)
[  0  0  1  0  1  0  1  2  0 ] (0.00000062)
[  0  0  1  0  1  0  2  0  0 ] (0.00000060)
[  0  0  1  0  1  0  2  0  1 ] (0.00000003)
[  0  0  1  0  1  0  2  1  0 ] (0.00000011)
[  0  0  1  0  1  0  3  0  0 ] (0.00000628)
[  0  0  1  0  1  1  0  0  0 ] (0.00000395)
[  0  0  1  0  1  1  0  0  1 ] (0.00000864)
[  0  0  1  0  1  1  0  0  2 ] (0.00000269)
[  0  0  1  0  1  1  0  1  0 ] (0.00000122)
[  0  0  1  0  1  1  0  1  1 ] (0.00000046)
[  0  0  1  0  1  1  0  2  0 ] (0.00000238)
[  0  0  1  0  1  1  1  0  0 ] (0.00000059)
[  0  0  1  0  1  1  1  0  1 ] (0.00000186)
[  0  0  1  0  1  1  1  1  0 ] (0.00000108)
[  0  0  1  0  1  1  2  0  0 ] (0.00000026)
[  0  0  1  0  1  2  0  0  0 ] (0.00000064)
[  0  0  1  0  1  2  0  0  1 ] (0.00000003)
[  0  0  1  0  1  2  0  1  0 ] (0.00001193)
[  0  0  1  0  1  2  1  0  0 ] (0.00000000)
[  0  0  1  0  1  3  0  0  0 ] (0.00000250)
[  0  0  1  0  2  0  0  0  0 ] (0.00000668)
[  0  0  1  0  2  0  0  0  1 ] (0.00010025)
[  0  0  1  0  2  0  0  0  2 ] (0.00001065)
[  0  0  1  0  2  0  0  1  0 ] (0.00000018)
[  0  0  1  0  2  0  0  1  1 ] (0.00000000)
[  0  0  1  0  2  0  0  2  0 ] (0.00000103)
[  0  0  1  0  2  0  1  0  0 ] (0.00000019)
[  0  0  1  0  2  0  1  0  1 ] (0.00000219)
[  0  0  1  0  2  0  1  1  0 ] (0.00000094)
[  0  0  1  0  2  0  2  0  0 ] (0.00000019)
[  0  0  1  0  2  1  0  0  0 ] (0.00000315)
[  0  0  1  0  2  1  0  0  1 ] (0.00000135)
[  0  0  1  0  2  1  0  1  0 ] (0.00000820)
[  0  0  1  0  2  1  1  0  0 ] (0.00000004)
[  0  0  1  0  2  2  0  0  0 ] (0.00003642)
[  0  0  1  0  3  0  0  0  0 ] (0.00000021)
[  0  0  1  0  3  0  0  0  1 ] (0.00000005)
[  0  0  1  0  3  0  0  1  0 ] (0.00001070)
[  0  0  1  0  3  0  1  0  0 ] (0.00001961)
[  0  0  1  0  3  1  0  0  0 ] (0.00020825)
[  0  0  1  0  4  0  0  0  0 ] (0.00000035)
[  0  0  1  1  0  0  0  0  0 ] (0.00000003)
[  0  0  1  1  0  0  0  0  1 ] (0.00000191)
[  0  0  1  1  0  0  0  0  2 ] (0.00000020)
[  0  0  1  1  0  0  0  0  3 ] (0.00000036)
[  0  0  1  1  0  0  0  1  0 ] (0.00000058)
[  0  0  1  1  0  0  0  1  1 ] (0.00000316)
[  0  0  1  1  0  0  0  1  2 ] (0.00000057)
[  0  0  1  1  0  0  0  2  0 ] (0.00000198)
[  0  0  1  1  0  0  0  2  1 ] (0.00000000)
[  0  0  1  1  0  0  0  3  0 ] (0.00001115)
[  0  0  1  1  0  0  1  0  0 ] (0.00000000)
[  0  0  1  1  0  0  1  0  1 ] (0.00000100)
[  0  0  1  1  0  0  1  0  2 ] (0.00000006)
[  0  0  1  1  0  0  1  1  0 ] (0.00000334)
[  0  0  1  1  0  0  1  1  1 ] (0.00000009)
[  0  0  1  1  0  0  1  2  0 ] (0.00000117)
[  0  0  1  1  0  0  2  0  0 ] (0.00000142)
[  0  0  1  1  0  0  2  0  1 ] (0.00000004)
[  0  0  1  1  0  0  2  1  0 ] (0.00000198)
[  0  0  1  1  0  0  3  0  0 ] (0.00003214)
[  0  0  1  1  0  1  0  0  0 ] (0.00000072)
[  0  0  1  1  0  1  0  0  1 ] (0.00000554)
[  0  0  1  1  0  1  0  0  2 ] (0.00000034)
[  0  0  1  1  0  1  0  1  0 ] (0.00000005)
[  0  0  1  1  0  1  0  1  1 ] (0.00000049)
[  0  0  1  1  0  1  0  2  0 ] (0.00000676)
[  0  0  1  1  0  1  1  0  0 ] (0.00000383)
[  0  0  1  1  0  1  1  0  1 ] (0.00000285)
[  0  0  1  1  0  1  1  1  0 ] (0.00000000)
[  0  0  1  1  0  1  2  0  0 ] (0.00000006)
[  0  0  1  1  0  2  0  0  0 ] (0.00000001)
[  0  0  1  1  0  2  0  0  1 ] (0.00000043)
[  0  0  1  1  0  2  0  1  0 ] (0.00000004)
[  0  0  1  1  0  2  1  0  0 ] (0.00000021)
[  0  0  1  1  0  3  0  0  0 ] (0.00001797)
[  0  0  1  1  1  0  0  0  0 ] (0.00000065)
[  0  0  1  1  1  0  0  0  1 ] (0.00000002)
[  0  0  1  1  1  0  0  0  2 ] (0.00000007)
[  0  0  1  1  1  0  0  1  0 ] (0.00000522)
[  0  0  1  1  1  0  0  1  1 ] (0.00000246)
[  0  0  1  1  1  0  0  2  0 ] (0.00001560)
[  0  0  1  1  1  0  1  0  0 ] (0.00000207)
[  0  0  1  1  1  0  1  0  1 ] (0.00000005)
[  0  0  1  1  1  0  1  1  0 ] (0.00000001)
[  0  0  1  1  1  0  2  0  0 ] (0.00000139)
[  0  0  1  1  1  1  0  0  0 ] (0.00000001)
[  0  0  1  1  1  1  0  0  1 ] (0.00000025)
[  0  0  1  1  1  1  0  1  0 ] (0.00000277)
[  0  0  1  1  1  1  1  0  0 ] (0.00000039)
[  0  0  1  1  1  2  0  0  0 ] (0.00000065)
[  0  0  1  1  2  0  0  0  0 ] (0.00000013)
[  0  0  1  1  2  0  0  0  1 ] (0.00000091)
[  0  0  1  1  2  0  0  1  0 ] (0.00000203)
[  0  0  1  1  2  0  1  0  0 ] (0.00000041)
[  0  0  1  1  2  1  0  0  0 ] (0.00000047)
[  0  0  1  1  3  0  0  0  0 ] (0.00000189)
[  0  0  1  2  0  0  0  0  0 ] (0.00000013)
[  0  0  1  2  0  0  0  0  1 ] (0.00000031)
[  0  0  1  2  0  0  0  0  2 ] (0.00000001)
[  0  0  1  2  0  0  0  1  0 ] (0.00000264)
[  0  0  1  2  0  0  0  1  1 ] (0.00000231)
[  0  0  1  2  0  0  0  2  0 ] (0.00000007)
[  0  0  1  2  0  0  1  0  0 ] (0.00000166)
[  0  0  1  2  0  0  1  0  1 ] (0.00000521)
[  0  0  1  2  0  0  1  1  0 ] (0.00000033)
[  0  0  1  2  0  0  2  0  0 ] (0.00000149)
[  0  0  1  2  0  1  0  0  0 ] (0.00000081)
[  0  0  1  2  0  1  0  0  1 ] (0.00000000)
[  0  0  1  2  0  1  0  1  0 ] (0.00000087)
[  0  0  1  2  0  1  1  0  0 ] (0.00000084)
[  0  0  1  2  0  2  0  0  0 ] (0.00000018)
[  0  0  1  2  1  0  0  0  0 ] (0.00000176)
[  0  0  1  2  1  0  0  0  1 ] (0.00000401)
[  0  0  1  2  1  0  0  1  0 ] (0.00000081)
[  0  0  1  2  1  0  1  0  0 ] (0.00000042)
[  0  0  1  2  1  1  0  0  0 ] (0.00000043)
[  0  0  1  2  2  0  0  0  0 ] (0.00002020)
[  0  0  1  3  0  0  0  0  0 ] (0.00000000)
[  0  0  1  3  0  0  0  0  1 ] (0.00000149)
[  0  0  1  3  0  0  0  1  0 ] (0.00000449)
[  0  0  1  3  0  0  1  0  0 ] (0.00000452)
[  0  0  1  3  0  1  0  0  0 ] (0.00000056)
[  0  0  1  3  1  0  0  0  0 ] (0.00001133)
[  0  0  1  4  0  0  0  0  0 ] (0.00000913)
[  0  0  2  0  0  0  0  0  0 ] (0.00000270)
[  0  0  2  0  0  0  0  0  1 ] (0.00024223)
[  0  0  2  0  0  0  0  0  2 ] (0.00032232)
[  0  0  2  0  0  0  0  0  3 ] (0.00002515)
[  0  0  2  0  0  0  0  1  0 ] (0.00003073)
[  0  0  2  0  0  0  0  1  1 ] (0.00069430)
[  0  0  2  0  0  0  0  1  2 ] (0.00008902)
[  0  0  2  0  0  0  0  2  0 ] (0.00000746)
[  0  0  2  0  0  0  0  2  1 ] (0.00097433)
[  0  0  2  0  0  0  0  3  0 ] (0.00024598)
[  0  0  2  0  0  0  1  0  0 ] (0.00003554)
[  0  0  2  0  0  0  1  0  1 ] (0.00022170)
[  0  0  2  0  0  0  1  0  2 ] (0.00003008)
[  0  0  2  0  0  0  1  1  0 ] (0.00001493)
[  0  0  2  0  0  0  1  1  1 ] (0.00024354)
[  0  0  2  0  0  0  1  2  0 ] (0.00111743)
[  0  0  2  0  0  0  2  0  0 ] (0.00001293)
[  0  0  2  0  0  0  2  0  1 ] (0.00000836)
[  0  0  2  0  0  0  2  1  0 ] (0.00765776)
[  0  0  2  0  0  0  3  0  0 ] (0.00012247)
[  0  0  2  0  0  1  0  0  0 ] (0.00012911)
[  0  0  2  0  0  1  0  0  1 ] (0.00016333)
[  0  0  2  0  0  1  0  0  2 ] (0.00007030)
[  0  0  2  0  0  1  0  1  0 ] (0.00016274)
[  0  0  2  0  0  1  0  1  1 ] (0.00000001)
[  0  0  2  0  0  1  0  2  0 ] (0.00762517)
[  0  0  2  0  0  1  1  0  0 ] (0.00014352)
[  0  0  2  0  0  1  1  0  1 ] (0.00063461)
[  0  0  2  0  0  1  1  1  0 ] (0.00015267)
[  0  0  2  0  0  1  2  0  0 ] (0.00130347)
[  0  0  2  0  0  2  0  0  0 ] (0.00001696)
[  0  0  2  0  0  2  0  0  1 ] (0.00002351)
[  0  0  2  0  0  2  0  1  0 ] (0.00193640)
[  0  0  2  0  0  2  1  0  0 ] (0.00004697)
[  0  0  2  0  0  3  0  0  0 ] (0.00008558)
[  0  0  2  0  1  0  0  0  0 ] (0.00000151)
[  0  0  2  0  1  0  0  0  1 ] (0.00001735)
[  0  0  2  0  1  0  0  0  2 ] (0.00000123)
[  0  0  2  0  1  0  0  1  0 ] (0.00000770)
[  0  0  2  0  1  0  0  1  1 ] (0.00046456)
[  0  0  2  0  1  0  0  2  0 ] (0.00013132)
[  0  0  2  0  1  0  1  0  0 ] (0.00008803)
[  0  0  2  0  1  0  1  0  1 ] (0.00001214)
[  0  0  2  0  1  0  1  1  0 ] (0.00058875)
[  0  0  2  0  1  0  2  0  0 ] (0.00280861)
[  0  0  2  0  1  1  0  0  0 ] (0.00003185)
[  0  0  2  0  1  1  0  0  1 ] (0.00013552)
[  0  0  2  0  1  1  0  1  0 ] (0.00007964)
[  0  0  2  0  1  1  1  0  0 ] (0.00143660)
[  0  0  2  0  1  2  0  0  0 ] (0.00723116)
[  0  0  2  0  2  0  0  0  0 ] (0.00003432)
[  0  0  2  0  2  0  0  0  1 ] (0.00025808)
[  0  0  2  0  2  0  0  1  0 ] (0.00820482)
[  0  0  2  0  2  0  1  0  0 ] (0.00083079)
[  0  0  2  0  2  1  0  0  0 ] (0.03126957)
[  0  0  2  0  3  0  0  0  0 ] (0.00068975)
[  0  0  2  1  0  0  0  0  0 ] (0.00004447)
[  0  0  2  1  0  0  0  0  1 ] (0.00004464)
[  0  0  2  1  0  0  0  0  2 ] (0.00000056)
[  0  0  2  1  0  0  0  1  0 ] (0.00100383)
[  0  0  2  1  0  0  0  1  1 ] (0.00016553)
[  0  0  2  1  0  0  0  2  0 ] (0.00078599)
[  0  0  2  1  0  0  1  0  0 ] (0.00003619)
[  0  0  2  1  0  0  1  0  1 ] (0.00005709)
[  0  0  2  1  0  0  1  1  0 ] (0.00228077)
[  0  0  2  1  0  0  2  0  0 ] (0.00000170)
[  0  0  2  1  0  1  0  0  0 ] (0.00002942)
[  0  0  2  1  0  1  0  0  1 ] (0.00000312)
[  0  0  2  1  0  1  0  1  0 ] (0.00000455)
[  0  0  2  1  0  1  1  0  0 ] (0.00033430)
[  0  0  2  1  0  2  0  0  0 ] (0.00061501)
[  0  0  2  1  1  0  0  0  0 ] (0.00002092)
[  0  0  2  1  1  0  0  0  1 ] (0.00000266)
[  0  0  2  1  1  0  0  1  0 ] (0.00047190)
[  0  0  2  1  1  0  1  0  0 ] (0.00040242)
[  0  0  2  1  1  1  0  0  0 ] (0.00103379)
[  0  0  2  1  2  0  0  0  0 ] (0.00794370)
[  0  0  2  2  0  0  0  0  0 ] (0.00009804)
[  0  0  2  2  0  0  0  0  1 ] (0.00016675)
[  0  0  2  2  0  0  0  1  0 ] (0.00021496)
[  0  0  2  2  0  0  1  0  0 ] (0.00003579)
[  0  0  2  2  0  1  0  0  0 ] (0.00089864)
[  0  0  2  2  1  0  0  0  0 ] (0.00159202)
[  0  0  2  3  0  0  0  0  0 ] (0.00015461)
[  0  0  3  0  0  0  0  0  0 ] (0.00000216)
[  0  0  3  0  0  0  0  0  1 ] (0.00014270)
[  0  0  3  0  0  0  0  0  2 ] (0.00112810)
[  0  0  3  0  0  0  0  1  0 ] (0.00011749)
[  0  0  3  0  0  0  0  1  1 ] (0.00070605)
[  0  0  3  0  0  0  0  2  0 ] (0.00001835)
[  0  0  3  0  0  0  1  0  0 ] (0.00000015)
[  0  0  3  0  0  0  1  0  1 ] (0.00011759)
[  0  0  3  0  0  0  1  1  0 ] (0.00106037)
[  0  0  3  0  0  0  2  0  0 ] (0.00158655)
[  0  0  3  0  0  1  0  0  0 ] (0.00000141)
[  0  0  3  0  0  1  0  0  1 ] (0.00009557)
[  0  0  3  0  0  1  0  1  0 ] (0.00011777)
[  0  0  3  0  0  1  1  0  0 ] (0.00009166)
[  0  0  3  0  0  2  0  0  0 ] (0.00009073)
[  0  0  3  0  1  0  0  0  0 ] (0.00001762)
[  0  0  3  0  1  0  0  0  1 ] (0.00007283)
[  0  0  3  0  1  0  0  1  0 ] (0.00011747)
[  0  0  3  0  1  0  1  0  0 ] (0.00149044)
[  0  0  3  0  1  1  0  0  0 ] (0.00067081)
[  0  0  3  0  2  0  0  0  0 ] (0.00012668)
[  0  0  3  1  0  0  0  0  0 ] (0.00002243)
[  0  0  3  1  0  0  0  0  1 ] (0.00004211)
[  0  0  3  1  0  0  0  1  0 ] (0.00013493)
[  0  0  3  1  0  0  1  0  0 ] (0.00298309)
[  0  0  3  1  0  1  0  0  0 ] (0.00014050)
[  0  0  3  1  1  0  0  0  0 ] (0.00098615)
[  0  0  3  2  0  0  0  0  0 ] (0.00014783)
[  0  0  4  0  0  0  0  0  0 ] (0.00000057)
[  0  0  4  0  0  0  0  0  1 ] (0.00000554)
[  0  0  4  0  0  0  0  1  0 ] (0.00000005)
[  0  0  4  0  0  0  1  0  0 ] (0.00000024)
[  0  0  4  0  0  1  0  0  0 ] (0.00000285)
[  0  0  4  0  1  0  0  0  0 ] (0.00000063)
[  0  0  4  1  0  0  0  0  0 ] (0.00000005)
[  0  0  5  0  0  0  0  0  0 ] (0.00000636)
[  0  1  0  0  0  0  0  0  0 ] (0.00000001)
[  0  1  0  0  0  0  0  0  1 ] (0.00000005)
[  0  1  0  0  0  0  0  0  2 ] (0.00000122)
[  0  1  0  0  0  0  0  0  3 ] (0.00000012)
[  0  1  0  0  0  0  0  0  4 ] (0.00000005)
[  0  1  0  0  0  0  0  1  0 ] (0.00000034)
[  0  1  0  0  0  0  0  1  1 ] (0.00000045)
[  0  1  0  0  0  0  0  1  2 ] (0.00000207)
[  0  1  0  0  0  0  0  1  3 ] (0.00000009)
[  0  1  0  0  0  0  0  2  0 ] (0.00000105)
[  0  1  0  0  0  0  0  2  1 ] (0.00001748)
[  0  1  0  0  0  0  0  2  2 ] (0.00000622)
[  0  1  0  0  0  0  0  3  0 ] (0.00000018)
[  0  1  0  0  0  0  0  3  1 ] (0.00000162)
[  0  1  0  0  0  0  0  4  0 ] (0.00006884)
[  0  1  0  0  0  0  1  0  0 ] (0.00000000)
[  0  1  0  0  0  0  1  0  1 ] (0.00000047)
[  0  1  0  0  0  0  1  0  2 ] (0.00000011)
[  0  1  0  0  0  0  1  0  3 ] (0.00000003)
[  0  1  0  0  0  0  1  1  0 ] (0.00000004)
[  0  1  0  0  0  0  1  1  1 ] (0.00000024)
[  0  1  0  0  0  0  1  1  2 ] (0.00000002)
[  0  1  0  0  0  0  1  2  0 ] (0.00000002)
[  0  1  0  0  0  0  1  2  1 ] (0.00000034)
[  0  1  0  0  0  0  1  3  0 ] (0.00002909)
[  0  1  0  0  0  0  2  0  0 ] (0.00000016)
[  0  1  0  0  0  0  2  0  1 ] (0.00000287)
[  0  1  0  0  0  0  2  0  2 ] (0.00000018)
[  0  1  0  0  0  0  2  1  0 ] (0.00000023)
[  0  1  0  0  0  0  2  1  1 ] (0.00000029)
[  0  1  0  0  0  0  2  2  0 ] (0.00001413)
[  0  1  0  0  0  0  3  0  0 ] (0.00000047)
[  0  1  0  0  0  0  3  0  1 ] (0.00000009)
[  0  1  0  0  0  0  3  1  0 ] (0.00002457)
[  0  1  0  0  0  0  4  0  0 ] (0.00000098)
[  0  1  0  0  0  1  0  0  0 ] (0.00000013)
[  0  1  0  0  0  1  0  0  1 ] (0.00000043)
[  0  1  0  0  0  1  0  0  2 ] (0.00000494)
[  0  1  0  0  0  1  0  0  3 ] (0.00000012)
[  0  1  0  0  0  1  0  1  0 ] (0.00000003)
[  0  1  0  0  0  1  0  1  1 ] (0.00002708)
[  0  1  0  0  0  1  0  1  2 ] (0.00000042)
[  0  1  0  0  0  1  0  2  0 ] (0.00000291)
[  0  1  0  0  0  1  0  2  1 ] (0.00000113)
[  0  1  0  0  0  1  0  3  0 ] (0.00007221)
[  0  1  0  0  0  1  1  0  0 ] (0.00000102)
[  0  1  0  0  0  1  1  0  1 ] (0.00000002)
[  0  1  0  0  0  1  1  0  2 ] (0.00000013)
[  0  1  0  0  0  1  1  1  0 ] (0.00000383)
[  0  1  0  0  0  1  1  1  1 ] (0.00000354)
[  0  1  0  0  0  1  1  2  0 ] (0.00000047)
[  0  1  0  0  0  1  2  0  0 ] (0.00000003)
[  0  1  0  0  0  1  2  0  1 ] (0.00000005)
[  0  1  0  0  0  1  2  1  0 ] (0.00000053)
[  0  1  0  0  0  1  3  0  0 ] (0.00002066)
[  0  1  0  0  0  2  0  0  0 ] (0.00000014)
[  0  1  0  0  0  2  0  0  1 ] (0.00000336)
[  0  1  0  0  0  2  0  0  2 ] (0.00000198)
[  0  1  0  0  0  2  0  1  0 ] (0.00000124)
[  0  1  0  0  0  2  0  1  1 ] (0.00000021)
[  0  1  0  0  0  2  0  2  0 ] (0.00000502)
[  0  1  0  0  0  2  1  0  0 ] (0.00000023)
[  0  1  0  0  0  2  1  0  1 ] (0.00000012)
[  0  1  0  0  0  2  1  1  0 ] (0.00000152)
[  0  1  0  0  0  2  2  0  0 ] (0.00000000)
[  0  1  0  0  0  3  0  0  0 ] (0.00000020)
[  0  1  0  0  0  3  0  0  1 ] (0.00000166)
[  0  1  0  0  0  3  0  1  0 ] (0.00000005)
[  0  1  0  0  0  3  1  0  0 ] (0.00002591)
[  0  1  0  0  0  4  0  0  0 ] (0.00000006)
[  0  1  0  0  1  0  0  0  0 ] (0.00000001)
[  0  1  0  0  1  0  0  0  1 ] (0.00000009)
[  0  1  0  0  1  0  0  0  2 ] (0.00001067)
[  0  1  0  0  1  0  0  0  3 ] (0.00000020)
[  0  1  0  0  1  0  0  1  0 ] (0.00000645)
[  0  1  0  0  1  0  0  1  1 ] (0.00006582)
[  0  1  0  0  1  0  0  1  2 ] (0.00000021)
[  0  1  0  0  1  0  0  2  0 ] (0.00000004)
[  0  1  0  0  1  0  0  2  1 ] (0.00000004)
[  0  1  0  0  1  0  0  3  0 ] (0.00031386)
[  0  1  0  0  1  0  1  0  0 ] (0.00000018)
[  0  1  0  0  1  0  1  0  1 ] (0.00001007)
[  0  1  0  0  1  0  1  0  2 ] (0.00000009)
[  0  1  0  0  1  0  1  1  0 ] (0.00000364)
[  0  1  0  0  1  0  1  1  1 ] (0.00000053)
[  0  1  0  0  1  0  1  2  0 ] (0.00001552)
[  0  1  0  0  1  0  2  0  0 ] (0.00000006)
[  0  1  0  0  1  0  2  0  1 ] (0.00000034)
[  0  1  0  0  1  0  2  1  0 ] (0.00000045)
[  0  1  0  0  1  0  3  0  0 ] (0.00000027)
[  0  1  0  0  1  1  0  0  0 ] (0.00000112)
[  0  1  0  0  1  1  0  0  1 ] (0.00000956)
[  0  1  0  0  1  1  0  0  2 ] (0.00000004)
[  0  1  0  0  1  1  0  1  0 ] (0.00000595)
[  0  1  0  0  1  1  0  1  1 ] (0.00000211)
[  0  1  0  0  1  1  0  2  0 ] (0.00000720)
[  0  1  0  0  1  1  1  0  0 ] (0.00000052)
[  0  1  0  0  1  1  1  0  1 ] (0.00000000)
[  0  1  0  0  1  1  1  1  0 ] (0.00000051)
[  0  1  0  0  1  1  2  0  0 ] (0.00000080)
[  0  1  0  0  1  2  0  0  0 ] (0.00000189)
[  0  1  0  0  1  2  0  0  1 ] (0.00000029)
[  0  1  0  0  1  2  0  1  0 ] (0.00002936)
[  0  1  0  0  1  2  1  0  0 ] (0.00000106)
[  0  1  0  0  1  3  0  0  0 ] (0.00000053)
[  0  1  0  0  2  0  0  0  0 ] (0.00000151)
[  0  1  0  0  2  0  0  0  1 ] (0.00005204)
[  0  1  0  0  2  0  0  0  2 ] (0.00000262)
[  0  1  0  0  2  0  0  1  0 ] (0.00000003)
[  0  1  0  0  2  0  0  1  1 ] (0.00000267)
[  0  1  0  0  2  0  0  2  0 ] (0.00000019)
[  0  1  0  0  2  0  1  0  0 ] (0.00000103)
[  0  1  0  0  2  0  1  0  1 ] (0.00000005)
[  0  1  0  0  2  0  1  1  0 ] (0.00000027)
[  0  1  0  0  2  0  2  0  0 ] (0.00000060)
[  0  1  0  0  2  1  0  0  0 ] (0.00000027)
[  0  1  0  0  2  1  0  0  1 ] (0.00000154)
[  0  1  0  0  2  1  0  1  0 ] (0.00000559)
[  0  1  0  0  2  1  1  0  0 ] (0.00000254)
[  0  1  0  0  2  2  0  0  0 ] (0.00000860)
[  0  1  0  0  3  0  0  0  0 ] (0.00000205)
[  0  1  0  0  3  0  0  0  1 ] (0.00001026)
[  0  1  0  0  3  0  0  1  0 ] (0.00004070)
[  0  1  0  0  3  0  1  0  0 ] (0.00000467)
[  0  1  0  0  3  1  0  0  0 ] (0.00000430)
[  0  1  0  0  4  0  0  0  0 ] (0.00000863)
[  0  1  0  1  0  0  0  0  0 ] (0.00000004)
[  0  1  0  1  0  0  0  0  1 ] (0.00000371)
[  0  1  0  1  0  0  0  0  2 ] (0.00000052)
[  0  1  0  1  0  0  0  0  3 ] (0.00000002)
[  0  1  0  1  0  0  0  1  0 ] (0.00000454)
[  0  1  0  1  0  0  0  1  1 ] (0.00000270)
[  0  1  0  1  0  0  0  1  2 ] (0.00000023)
[  0  1  0  1  0  0  0  2  0 ] (0.00000004)
[  0  1  0  1  0  0  0  2  1 ] (0.00000000)
[  0  1  0  1  0  0  0  3  0 ] (0.00000185)
[  0  1  0  1  0  0  1  0  0 ] (0.00000029)
[  0  1  0  1  0  0  1  0  1 ] (0.00000167)
[  0  1  0  1  0  0  1  0  2 ] (0.00000041)
[  0  1  0  1  0  0  1  1  0 ] (0.00000001)
[  0  1  0  1  0  0  1  1  1 ] (0.00000012)
[  0  1  0  1  0  0  1  2  0 ] (0.00000021)
[  0  1  0  1  0  0  2  0  0 ] (0.00000004)
[  0  1  0  1  0  0  2  0  1 ] (0.00000044)
[  0  1  0  1  0  0  2  1  0 ] (0.00000461)
[  0  1  0  1  0  0  3  0  0 ] (0.00000261)
[  0  1  0  1  0  1  0  0  0 ] (0.00000001)
[  0  1  0  1  0  1  0  0  1 ] (0.00000631)
[  0  1  0  1  0  1  0  0  2 ] (0.00000004)
[  0  1  0  1  0  1  0  1  0 ] (0.00000108)
[  0  1  0  1  0  1  0  1  1 ] (0.00000361)
[  0  1  0  1  0  1  0  2  0 ] (0.00001033)
[  0  1  0  1  0  1  1  0  0 ] (0.00000462)
[  0  1  0  1  0  1  1  0  1 ] (0.00000327)
[  0  1  0  1  0  1  1  1  0 ] (0.00000049)
[  0  1  0  1  0  1  2  0  0 ] (0.00000190)
[  0  1  0  1  0  2  0  0  0 ] (0.00000039)
[  0  1  0  1  0  2  0  0  1 ] (0.00000000)
[  0  1  0  1  0  2  0  1  0 ] (0.00000336)
[  0  1  0  1  0  2  1  0  0 ] (0.00000019)
[  0  1  0  1  0  3  0  0  0 ] (0.00000060)
[  0  1  0  1  1  0  0  0  0 ] (0.00000004)
[  0  1  0  1  1  0  0  0  1 ] (0.00008104)
[  0  1  0  1  1  0  0  0  2 ] (0.00000144)
[  0  1  0  1  1  0  0  1  0 ] (0.00001263)
[  0  1  0  1  1  0  0  1  1 ] (0.00000005)
[  0  1  0  1  1  0  0  2  0 ] (0.00001018)
[  0  1  0  1  1  0  1  0  0 ] (0.00000260)
[  0  1  0  1  1  0  1  0  1 ] (0.00000029)
[  0  1  0  1  1  0  1  1  0 ] (0.00000489)
[  0  1  0  1  1  0  2  0  0 ] (0.00000008)
[  0  1  0  1  1  1  0  0  0 ] (0.00000040)
[  0  1  0  1  1  1  0  0  1 ] (0.00000019)
[  0  1  0  1  1  1  0  1  0 ] (0.00000380)
[  0  1  0  1  1  1  1  0  0 ] (0.00000019)
[  0  1  0  1  1  2  0  0  0 ] (0.00000899)
[  0  1  0  1  2  0  0  0  0 ] (0.00000294)
[  0  1  0  1  2  0  0  0  1 ] (0.00001528)
[  0  1  0  1  2  0  0  1  0 ] (0.00000063)
[  0  1  0  1  2  0  1  0  0 ] (0.00000724)
[  0  1  0  1  2  1  0  0  0 ] (0.00000026)
[  0  1  0  1  3  0  0  0  0 ] (0.00000118)
[  0  1  0  2  0  0  0  0  0 ] (0.00000191)
[  0  1  0  2  0  0  0  0  1 ] (0.00000157)
[  0  1  0  2  0  0  0  0  2 ] (0.00000270)
[  0  1  0  2  0  0  0  1  0 ] (0.00000002)
[  0  1  0  2  0  0  0  1  1 ] (0.00000080)
[  0  1  0  2  0  0  0  2  0 ] (0.00000005)
[  0  1  0  2  0  0  1  0  0 ] (0.00000019)
[  0  1  0  2  0  0  1  0  1 ] (0.00000209)
[  0  1  0  2  0  0  1  1  0 ] (0.00000008)
[  0  1  0  2  0  0  2  0  0 ] (0.00000002)
[  0  1  0  2  0  1  0  0  0 ] (0.00000008)
[  0  1  0  2  0  1  0  0  1 ] (0.00000051)
[  0  1  0  2  0  1  0  1  0 ] (0.00000499)
[  0  1  0  2  0  1  1  0  0 ] (0.00000113)
[  0  1  0  2  0  2  0  0  0 ] (0.00000003)
[  0  1  0  2  1  0  0  0  0 ] (0.00000012)
[  0  1  0  2  1  0  0  0  1 ] (0.00000036)
[  0  1  0  2  1  0  0  1  0 ] (0.00002518)
[  0  1  0  2  1  0  1  0  0 ] (0.00000175)
[  0  1  0  2  1  1  0  0  0 ] (0.00000413)
[  0  1  0  2  2  0  0  0  0 ] (0.00003180)
[  0  1  0  3  0  0  0  0  0 ] (0.00000003)
[  0  1  0  3  0  0  0  0  1 ] (0.00000000)
[  0  1  0  3  0  0  0  1  0 ] (0.00000096)
[  0  1  0  3  0  0  1  0  0 ] (0.00000241)
[  0  1  0  3  0  1  0  0  0 ] (0.00000185)
[  0  1  0  3  1  0  0  0  0 ] (0.00000054)
[  0  1  0  4  0  0  0  0  0 ] (0.00000950)
[  0  1  1  0  0  0  0  0  0 ] (0.00000055)
[  0  1  1  0  0  0  0  0  1 ] (0.00005441)
[  0  1  1  0  0  0  0  0  2 ] (0.00000260)
[  0  1  1  0  0  0  0  0  3 ] (0.00000374)
[  0  1  1  0  0  0  0  1  0 ] (0.00012007)
[  0  1  1  0  0  0  0  1  1 ] (0.00000141)
[  0  1  1  0  0  0  0  1  2 ] (0.00005374)
[  0  1  1  0  0  0  0  2  0 ] (0.00002095)
[  0  1  1  0  0  0  0  2  1 ] (0.00027145)
[  0  1  1  0  0  0  0  3  0 ] (0.00158891)
[  0  1  1  0  0  0  1  0  0 ] (0.00001815)
[  0  1  1  0  0  0  1  0  1 ] (0.00000633)
[  0  1  1  0  0  0  1  0  2 ] (0.00010505)
[  0  1  1  0  0  0  1  1  0 ] (0.00058044)
[  0  1  1  0  0  0  1  1  1 ] (0.00028519)
[  0  1  1  0  0  0  1  2  0 ] (0.00685618)
[  0  1  1  0  0  0  2  0  0 ] (0.00029652)
[  0  1  1  0  0  0  2  0  1 ] (0.00097211)
[  0  1  1  0  0  0  2  1  0 ] (0.00207595)
[  0  1  1  0  0  0  3  0  0 ] (0.00004057)
[  0  1  1  0  0  1  0  0  0 ] (0.00008951)
[  0  1  1  0  0  1  0  0  1 ] (0.00002514)
[  0  1  1  0  0  1  0  0  2 ] (0.00009602)
[  0  1  1  0  0  1  0  1  0 ] (0.00003481)
[  0  1  1  0  0  1  0  1  1 ] (0.00013647)
[  0  1  1  0  0  1  0  2  0 ] (0.00011392)
[  0  1  1  0  0  1  1  0  0 ] (0.00001484)
[  0  1  1  0  0  1  1  0  1 ] (0.00000486)
[  0  1  1  0  0  1  1  1  0 ] (0.00269784)
[  0  1  1  0  0  1  2  0  0 ] (0.00037733)
[  0  1  1  0  0  2  0  0  0 ] (0.00001918)
[  0  1  1  0  0  2  0  0  1 ] (0.00021450)
[  0  1  1  0  0  2  0  1  0 ] (0.00101697)
[  0  1  1  0  0  2  1  0  0 ] (0.00135553)
[  0  1  1  0  0  3  0  0  0 ] (0.00077832)
[  0  1  1  0  1  0  0  0  0 ] (0.00007521)
[  0  1  1  0  1  0  0  0  1 ] (0.00013891)
[  0  1  1  0  1  0  0  0  2 ] (0.00006507)
[  0  1  1  0  1  0  0  1  0 ] (0.00002808)
[  0  1  1  0  1  0  0  1  1 ] (0.00002500)
[  0  1  1  0  1  0  0  2  0 ] (0.00766620)
[  0  1  1  0  1  0  1  0  0 ] (0.00007282)
[  0  1  1  0  1  0  1  0  1 ] (0.00001273)
[  0  1  1  0  1  0  1  1  0 ] (0.00440147)
[  0  1  1  0  1  0  2  0  0 ] (0.00023866)
[  0  1  1  0  1  1  0  0  0 ] (0.00009439)
[  0  1  1  0  1  1  0  0  1 ] (0.00001746)
[  0  1  1  0  1  1  0  1  0 ] (0.00027311)
[  0  1  1  0  1  1  1  0  0 ] (0.00009710)
[  0  1  1  0  1  2  0  0  0 ] (0.00853224)
[  0  1  1  0  2  0  0  0  0 ] (0.00065830)
[  0  1  1  0  2  0  0  0  1 ] (0.00000193)
[  0  1  1  0  2  0  0  1  0 ] (0.00079644)
[  0  1  1  0  2  0  1  0  0 ] (0.01566411)
[  0  1  1  0  2  1  0  0  0 ] (0.03374409)
[  0  1  1  0  3  0  0  0  0 ] (0.00004225)
[  0  1  1  1  0  0  0  0  0 ] (0.00001375)
[  0  1  1  1  0  0  0  0  1 ] (0.00039650)
[  0  1  1  1  0  0  0  0  2 ] (0.00020017)
[  0  1  1  1  0  0  0  1  0 ] (0.00063034)
[  0  1  1  1  0  0  0  1  1 ] (0.00000499)
[  0  1  1  1  0  0  0  2  0 ] (0.00245295)
[  0  1  1  1  0  0  1  0  0 ] (0.00008865)
[  0  1  1  1  0  0  1  0  1 ] (0.00007410)
[  0  1  1  1  0  0  1  1  0 ] (0.00119224)
[  0  1  1  1  0  0  2  0  0 ] (0.00280748)
[  0  1  1  1  0  1  0  0  0 ] (0.00095212)
[  0  1  1  1  0  1  0  0  1 ] (0.00017398)
[  0  1  1  1  0  1  0  1  0 ] (0.00000798)
[  0  1  1  1  0  1  1  0  0 ] (0.00021326)
[  0  1  1  1  0  2  0  0  0 ] (0.00003399)
[  0  1  1  1  1  0  0  0  0 ] (0.00018163)
[  0  1  1  1  1  0  0  0  1 ] (0.00004887)
[  0  1  1  1  1  0  0  1  0 ] (0.00283400)
[  0  1  1  1  1  0  1  0  0 ] (0.00007293)
[  0  1  1  1  1  1  0  0  0 ] (0.01570784)
[  0  1  1  1  2  0  0  0  0 ] (0.00843334)
[  0  1  1  2  0  0  0  0  0 ] (0.00001827)
[  0  1  1  2  0  0  0  0  1 ] (0.00000213)
[  0  1  1  2  0  0  0  1  0 ] (0.00093701)
[  0  1  1  2  0  0  1  0  0 ] (0.00037172)
[  0  1  1  2  0  1  0  0  0 ] (0.00077643)
[  0  1  1  2  1  0  0  0  0 ] (0.00085616)
[  0  1  1  3  0  0  0  0  0 ] (0.00000170)
[  0  1  2  0  0  0  0  0  0 ] (0.00000022)
[  0  1  2  0  0  0  0  0  1 ] (0.00000098)
[  0  1  2  0  0  0  0  0  2 ] (0.00001041)
[  0  1  2  0  0  0  0  1  0 ] (0.00000004)
[  0  1  2  0  0  0  0  1  1 ] (0.00000721)
[  0  1  2  0  0  0  0  2  0 ] (0.00002197)
[  0  1  2  0  0  0  1  0  0 ] (0.00000073)
[  0  1  2  0  0  0  1  0  1 ] (0.00000845)
[  0  1  2  0  0  0  1  1  0 ] (0.00000017)
[  0  1  2  0  0  0  2  0  0 ] (0.00000090)
[  0  1  2  0  0  1  0  0  0 ] (0.00000008)
[  0  1  2  0  0  1  0  0  1 ] (0.00000064)
[  0  1  2  0  0  1  0  1  0 ] (0.00001505)
[  0  1  2  0  0  1  1  0  0 ] (0.00000175)
[  0  1  2  0  0  2  0  0  0 ] (0.00000027)
[  0  1  2  0  1  0  0  0  0 ] (0.00000000)
[  0  1  2  0  1  0  0  0  1 ] (0.00000004)
[  0  1  2  0  1  0  0  1  0 ] (0.00007334)
[  0  1  2  0  1  0  1  0  0 ] (0.00000003)
[  0  1  2  0  1  1  0  0  0 ] (0.00000008)
[  0  1  2  0  2  0  0  0  0 ] (0.00006552)
[  0  1  2  1  0  0  0  0  0 ] (0.00000154)
[  0  1  2  1  0  0  0  0  1 ] (0.00000039)
[  0  1  2  1  0  0  0  1  0 ] (0.00000098)
[  0  1  2  1  0  0  1  0  0 ] (0.00002092)
[  0  1  2  1  0  1  0  0  0 ] (0.00000040)
[  0  1  2  1  1  0  0  0  0 ] (0.00001129)
[  0  1  2  2  0  0  0  0  0 ] (0.00000101)
[  0  1  3  0  0  0  0  0  0 ] (0.00000003)
[  0  1  3  0  0  0  0  0  1 ] (0.00000030)
[  0  1  3  0  0  0  0  1  0 ] (0.00000188)
[  0  1  3  0  0  0  1  0  0 ] (0.00000085)
[  0  1  3  0  0  1  0  0  0 ] (0.00000040)
[  0  1  3  0  1  0  0  0  0 ] (0.00000001)
[  0  1  3  1  0  0  0  0  0 ] (0.00000078)
[  0  1  4  0  0  0  0  0  0 ] (0.00003149)
[  0  2  0  0  0  0  0  0  0 ] (0.00000522)
[  0  2  0  0  0  0  0  0  1 ] (0.00000082)
[  0  2  0  0  0  0  0  0  2 ] (0.00008617)
[  0  2  0  0  0  0  0  0  3 ] (0.00003228)
[  0  2  0  0  0  0  0  1  0 ] (0.00000014)
[  0  2  0  0  0  0  0  1  1 ] (0.00021774)
[  0  2  0  0  0  0  0  1  2 ] (0.00000860)
[  0  2  0  0  0  0  0  2  0 ] (0.00014150)
[  0  2  0  0  0  0  0  2  1 ] (0.00400651)
[  0  2  0  0  0  0  0  3  0 ] (0.00000017)
[  0  2  0  0  0  0  1  0  0 ] (0.00000507)
[  0  2  0  0  0  0  1  0  1 ] (0.00004324)
[  0  2  0  0  0  0  1  0  2 ] (0.00000523)
[  0  2  0  0  0  0  1  1  0 ] (0.00000290)
[  0  2  0  0  0  0  1  1  1 ] (0.00009450)
[  0  2  0  0  0  0  1  2  0 ] (0.00317240)
[  0  2  0  0  0  0  2  0  0 ] (0.00000239)
[  0  2  0  0  0  0  2  0  1 ] (0.00251176)
[  0  2  0  0  0  0  2  1  0 ] (0.00378839)
[  0  2  0  0  0  0  3  0  0 ] (0.00000478)
[  0  2  0  0  0  1  0  0  0 ] (0.00006377)
[  0  2  0  0  0  1  0  0  1 ] (0.00000261)
[  0  2  0  0  0  1  0  0  2 ] (0.00000257)
[  0  2  0  0  0  1  0  1  0 ] (0.00000102)
[  0  2  0  0  0  1  0  1  1 ] (0.00001335)
[  0  2  0  0  0  1  0  2  0 ] (0.00070434)
[  0  2  0  0  0  1  1  0  0 ] (0.00001125)
[  0  2  0  0  0  1  1  0  1 ] (0.00008723)
[  0  2  0  0  0  1  1  1  0 ] (0.00414383)
[  0  2  0  0  0  1  2  0  0 ] (0.00303897)
[  0  2  0  0  0  2  0  0  0 ] (0.00000575)
[  0  2  0  0  0  2  0  0  1 ] (0.00114687)
[  0  2  0  0  0  2  0  1  0 ] (0.00164491)
[  0  2  0  0  0  2  1  0  0 ] (0.00123854)
[  0  2  0  0  0  3  0  0  0 ] (0.00005800)
[  0  2  0  0  1  0  0  0  0 ] (0.00000220)
[  0  2  0  0  1  0  0  0  1 ] (0.00044634)
[  0  2  0  0  1  0  0  0  2 ] (0.00007504)
[  0  2  0  0  1  0  0  1  0 ] (0.00000612)
[  0  2  0  0  1  0  0  1  1 ] (0.00000074)
[  0  2  0  0  1  0  0  2  0 ] (0.00334395)
[  0  2  0  0  1  0  1  0  0 ] (0.00003157)
[  0  2  0  0  1  0  1  0  1 ] (0.00007825)
[  0  2  0  0  1  0  1  1  0 ] (0.00000384)
[  0  2  0  0  1  0  2  0  0 ] (0.00162301)
[  0  2  0  0  1  1  0  0  0 ] (0.00029515)
[  0  2  0  0  1  1  0  0  1 ] (0.00007833)
[  0  2  0  0  1  1  0  1  0 ] (0.00650606)
[  0  2  0  0  1  1  1  0  0 ] (0.00115607)
[  0  2  0  0  1  2  0  0  0 ] (0.00016413)
[  0  2  0  0  2  0  0  0  0 ] (0.00015845)
[  0  2  0  0  2  0  0  0  1 ] (0.00007401)
[  0  2  0  0  2  0  0  1  0 ] (0.00366280)
[  0  2  0  0  2  0  1  0  0 ] (0.01443249)
[  0  2  0  0  2  1  0  0  0 ] (0.00290847)
[  0  2  0  0  3  0  0  0  0 ] (0.00008634)
[  0  2  0  1  0  0  0  0  0 ] (0.00001680)
[  0  2  0  1  0  0  0  0  1 ] (0.00001364)
[  0  2  0  1  0  0  0  0  2 ] (0.00005262)
[  0  2  0  1  0  0  0  1  0 ] (0.00000139)
[  0  2  0  1  0  0  0  1  1 ] (0.00011897)
[  0  2  0  1  0  0  0  2  0 ] (0.01031251)
[  0  2  0  1  0  0  1  0  0 ] (0.00031072)
[  0  2  0  1  0  0  1  0  1 ] (0.00012931)
[  0  2  0  1  0  0  1  1  0 ] (0.00003083)
[  0  2  0  1  0  0  2  0  0 ] (0.00588469)
[  0  2  0  1  0  1  0  0  0 ] (0.00026838)
[  0  2  0  1  0  1  0  0  1 ] (0.00000512)
[  0  2  0  1  0  1  0  1  0 ] (0.00007381)
[  0  2  0  1  0  1  1  0  0 ] (0.00004736)
[  0  2  0  1  0  2  0  0  0 ] (0.00013036)
[  0  2  0  1  1  0  0  0  0 ] (0.00042879)
[  0  2  0  1  1  0  0  0  1 ] (0.00000069)
[  0  2  0  1  1  0  0  1  0 ] (0.00272302)
[  0  2  0  1  1  0  1  0  0 ] (0.00038818)
[  0  2  0  1  1  1  0  0  0 ] (0.01144180)
[  0  2  0  1  2  0  0  0  0 ] (0.00729889)
[  0  2  0  2  0  0  0  0  0 ] (0.00000828)
[  0  2  0  2  0  0  0  0  1 ] (0.00227802)
[  0  2  0  2  0  0  0  1  0 ] (0.00059293)
[  0  2  0  2  0  0  1  0  0 ] (0.00430898)
[  0  2  0  2  0  1  0  0  0 ] (0.00105143)
[  0  2  0  2  1  0  0  0  0 ] (0.00781439)
[  0  2  0  3  0  0  0  0  0 ] (0.00017496)
[  0  2  1  0  0  0  0  0  0 ] (0.00000007)
[  0  2  1  0  0  0  0  0  1 ] (0.00000000)
[  0  2  1  0  0  0  0  0  2 ] (0.00000004)
[  0  2  1  0  0  0  0  1  0 ] (0.00000037)
[  0  2  1  0  0  0  0  1  1 ] (0.00000002)
[  0  2  1  0  0  0  0  2  0 ] (0.00002252)
[  0  2  1  0  0  0  1  0  0 ] (0.00000027)
[  0  2  1  0  0  0  1  0  1 ] (0.00000081)
[  0  2  1  0  0  0  1  1  0 ] (0.00000048)
[  0  2  1  0  0  0  2  0  0 ] (0.00000203)
[  0  2  1  0  0  1  0  0  0 ] (0.00000001)
[  0  2  1  0  0  1  0  0  1 ] (0.00000625)
[  0  2  1  0  0  1  0  1  0 ] (0.00000473)
[  0  2  1  0  0  1  1  0  0 ] (0.00000305)
[  0  2  1  0  0  2  0  0  0 ] (0.00000005)
[  0  2  1  0  1  0  0  0  0 ] (0.00000009)
[  0  2  1  0  1  0  0  0  1 ] (0.00001020)
[  0  2  1  0  1  0  0  1  0 ] (0.00000513)
[  0  2  1  0  1  0  1  0  0 ] (0.00000292)
[  0  2  1  0  1  1  0  0  0 ] (0.00000035)
[  0  2  1  0  2  0  0  0  0 ] (0.00003162)
[  0  2  1  1  0  0  0  0  0 ] (0.00000051)
[  0  2  1  1  0  0  0  0  1 ] (0.00000056)
[  0  2  1  1  0  0  0  1  0 ] (0.00000179)
[  0  2  1  1  0  0  1  0  0 ] (0.00000445)
[  0  2  1  1  0  1  0  0  0 ] (0.00000142)
[  0  2  1  1  1  0  0  0  0 ] (0.00000026)
[  0  2  1  2  0  0  0  0  0 ] (0.00000184)
[  0  2  2  0  0  0  0  0  0 ] (0.00013739)
[  0  2  2  0  0  0  0  0  1 ] (0.00097763)
[  0  2  2  0  0  0  0  1  0 ] (0.00027686)
[  0  2  2  0  0  0  1  0  0 ] (0.00021702)
[  0  2  2  0  0  1  0  0  0 ] (0.00094222)
[  0  2  2  0  1  0  0  0  0 ] (0.00014664)
[  0  2  2  1  0  0  0  0  0 ] (0.00024480)
[  0  2  3  0  0  0  0  0  0 ] (0.00000946)
[  0  3  0  0  0  0  0  0  0 ] (0.00000436)
[  0  3  0  0  0  0  0  0  1 ] (0.00006213)
[  0  3  0  0  0  0  0  0  2 ] (0.00042335)
[  0  3  0  0  0  0  0  1  0 ] (0.00000889)
[  0  3  0  0  0  0  0  1  1 ] (0.00007309)
[  0  3  0  0  0  0  0  2  0 ] (0.00038275)
[  0  3  0  0  0  0  1  0  0 ] (0.00005658)
[  0  3  0  0  0  0  1  0  1 ] (0.00034118)
[  0  3  0  0  0  0  1  1  0 ] (0.00040343)
[  0  3  0  0  0  0  2  0  0 ] (0.00023191)
[  0  3  0  0  0  1  0  0  0 ] (0.00002023)
[  0  3  0  0  0  1  0  0  1 ] (0.00000383)
[  0  3  0  0  0  1  0  1  0 ] (0.00000558)
[  0  3  0  0  0  1  1  0  0 ] (0.00034680)
[  0  3  0  0  0  2  0  0  0 ] (0.00004651)
[  0  3  0  0  1  0  0  0  0 ] (0.00004567)
[  0  3  0  0  1  0  0  0  1 ] (0.00001951)
[  0  3  0  0  1  0  0  1  0 ] (0.00007212)
[  0  3  0  0  1  0  1  0  0 ] (0.00006942)
[  0  3  0  0  1  1  0  0  0 ] (0.00055246)
[  0  3  0  0  2  0  0  0  0 ] (0.00012887)
[  0  3  0  1  0  0  0  0  0 ] (0.00000504)
[  0  3  0  1  0  0  0  0  1 ] (0.00004505)
[  0  3  0  1  0  0  0  1  0 ] (0.00015459)
[  0  3  0  1  0  0  1  0  0 ] (0.00002446)
[  0  3  0  1  0  1  0  0  0 ] (0.00006229)
[  0  3  0  1  1  0  0  0  0 ] (0.00098056)
[  0  3  0  2  0  0  0  0  0 ] (0.00041552)
[  0  3  1  0  0  0  0  0  0 ] (0.00000033)
[  0  3  1  0  0  0  0  0  1 ] (0.00000185)
[  0  3  1  0  0  0  0  1  0 ] (0.00000067)
[  0  3  1  0  0  0  1  0  0 ] (0.00000058)
[  0  3  1  0  0  1  0  0  0 ] (0.00000118)
[  0  3  1  0  1  0  0  0  0 ] (0.00000046)
[  0  3  1  1  0  0  0  0  0 ] (0.00000010)
[  0  3  2  0  0  0  0  0  0 ] (0.00000020)
[  0  4  0  0  0  0  0  0  0 ] (0.00000007)
[  0  4  0  0  0  0  0  0  1 ] (0.00000055)
[  0  4  0  0  0  0  0  1  0 ] (0.00000036)
[  0  4  0  0  0  0  1  0  0 ] (0.00000006)
[  0  4  0  0  0  1  0  0  0 ] (0.00000020)
[  0  4  0  0  1  0  0  0  0 ] (0.00000000)
[  0  4  0  1  0  0  0  0  0 ] (0.00000031)
[  0  4  1  0  0  0  0  0  0 ] (0.00000040)
[  0  5  0  0  0  0  0  0  0 ] (0.00000581)
[  1  0  0  0  0  0  0  0  0 ] (0.00000000)
[  1  0  0  0  0  0  0  0  1 ] (0.00000003)
[  1  0  0  0  0  0  0  0  2 ] (0.00000005)
[  1  0  0  0  0  0  0  0  3 ] (0.00000174)
[  1  0  0  0  0  0  0  0  4 ] (0.00000000)
[  1  0  0  0  0  0  0  1  0 ] (0.00000044)
[  1  0  0  0  0  0  0  1  1 ] (0.00000018)
[  1  0  0  0  0  0  0  1  2 ] (0.00001286)
[  1  0  0  0  0  0  0  1  3 ] (0.00000011)
[  1  0  0  0  0  0  0  2  0 ] (0.00000082)
[  1  0  0  0  0  0  0  2  1 ] (0.00000002)
[  1  0  0  0  0  0  0  2  2 ] (0.00000024)
[  1  0  0  0  0  0  0  3  0 ] (0.00000003)
[  1  0  0  0  0  0  0  3  1 ] (0.00000002)
[  1  0  0  0  0  0  0  4  0 ] (0.00021059)
[  1  0  0  0  0  0  1  0  0 ] (0.00000001)
[  1  0  0  0  0  0  1  0  1 ] (0.00000051)
[  1  0  0  0  0  0  1  0  2 ] (0.00000065)
[  1  0  0  0  0  0  1  0  3 ] (0.00000007)
[  1  0  0  0  0  0  1  1  0 ] (0.00000045)
[  1  0  0  0  0  0  1  1  1 ] (0.00000008)
[  1  0  0  0  0  0  1  1  2 ] (0.00000010)
[  1  0  0  0  0  0  1  2  0 ] (0.00000023)
[  1  0  0  0  0  0  1  2  1 ] (0.00000003)
[  1  0  0  0  0  0  1  3  0 ] (0.00003505)
[  1  0  0  0  0  0  2  0  0 ] (0.00000018)
[  1  0  0  0  0  0  2  0  1 ] (0.00000000)
[  1  0  0  0  0  0  2  0  2 ] (0.00000011)
[  1  0  0  0  0  0  2  1  0 ] (0.00000001)
[  1  0  0  0  0  0  2  1  1 ] (0.00000044)
[  1  0  0  0  0  0  2  2  0 ] (0.00002876)
[  1  0  0  0  0  0  3  0  0 ] (0.00000126)
[  1  0  0  0  0  0  3  0  1 ] (0.00000000)
[  1  0  0  0  0  0  3  1  0 ] (0.00001158)
[  1  0  0  0  0  0  4  0  0 ] (0.00000775)
[  1  0  0  0  0  1  0  0  0 ] (0.00000009)
[  1  0  0  0  0  1  0  0  1 ] (0.00000099)
[  1  0  0  0  0  1  0  0  2 ] (0.00000044)
[  1  0  0  0  0  1  0  0  3 ] (0.00000010)
[  1  0  0  0  0  1  0  1  0 ] (0.00000159)
[  1  0  0  0  0  1  0  1  1 ] (0.00000943)
[  1  0  0  0  0  1  0  1  2 ] (0.00000240)
[  1  0  0  0  0  1  0  2  0 ] (0.00000034)
[  1  0  0  0  0  1  0  2  1 ] (0.00000003)
[  1  0  0  0  0  1  0  3  0 ] (0.00011770)
[  1  0  0  0  0  1  1  0  0 ] (0.00000016)
[  1  0  0  0  0  1  1  0  1 ] (0.00000612)
[  1  0  0  0  0  1  1  0  2 ] (0.00000141)
[  1  0  0  0  0  1  1  1  0 ] (0.00000193)
[  1  0  0  0  0  1  1  1  1 ] (0.00000047)
[  1  0  0  0  0  1  1  2  0 ] (0.00000180)
[  1  0  0  0  0  1  2  0  0 ] (0.00000041)
[  1  0  0  0  0  1  2  0  1 ] (0.00000007)
[  1  0  0  0  0  1  2  1  0 ] (0.00000009)
[  1  0  0  0  0  1  3  0  0 ] (0.00000032)
[  1  0  0  0  0  2  0  0  0 ] (0.00000281)
[  1  0  0  0  0  2  0  0  1 ] (0.00000892)
[  1  0  0  0  0  2  0  0  2 ] (0.00000466)
[  1  0  0  0  0  2  0  1  0 ] (0.00000003)
[  1  0  0  0  0  2  0  1  1 ] (0.00000008)
[  1  0  0  0  0  2  0  2  0 ] (0.00002160)
[  1  0  0  0  0  2  1  0  0 ] (0.00000006)
[  1  0  0  0  0  2  1  0  1 ] (0.00000001)
[  1  0  0  0  0  2  1  1  0 ] (0.00000000)
[  1  0  0  0  0  2  2  0  0 ] (0.00000160)
[  1  0  0  0  0  3  0  0  0 ] (0.00000096)
[  1  0  0  0  0  3  0  0  1 ] (0.00000007)
[  1  0  0  0  0  3  0  1  0 ] (0.00000146)
[  1  0  0  0  0  3  1  0  0 ] (0.00004009)
[  1  0  0  0  0  4  0  0  0 ] (0.00000677)
[  1  0  0  0  1  0  0  0  0 ] (0.00000004)
[  1  0  0  0  1  0  0  0  1 ] (0.00000007)
[  1  0  0  0  1  0  0  0  2 ] (0.00000241)
[  1  0  0  0  1  0  0  0  3 ] (0.00000000)
[  1  0  0  0  1  0  0  1  0 ] (0.00000370)
[  1  0  0  0  1  0  0  1  1 ] (0.00005597)
[  1  0  0  0  1  0  0  1  2 ] (0.00000103)
[  1  0  0  0  1  0  0  2  0 ] (0.00000097)
[  1  0  0  0  1  0  0  2  1 ] (0.00000083)
[  1  0  0  0  1  0  0  3  0 ] (0.00102729)
[  1  0  0  0  1  0  1  0  0 ] (0.00000024)
[  1  0  0  0  1  0  1  0  1 ] (0.00002135)
[  1  0  0  0  1  0  1  0  2 ] (0.00000012)
[  1  0  0  0  1  0  1  1  0 ] (0.00000049)
[  1  0  0  0  1  0  1  1  1 ] (0.00000002)
[  1  0  0  0  1  0  1  2  0 ] (0.00005669)
[  1  0  0  0  1  0  2  0  0 ] (0.00000000)
[  1  0  0  0  1  0  2  0  1 ] (0.00000045)
[  1  0  0  0  1  0  2  1  0 ] (0.00000083)
[  1  0  0  0  1  0  3  0  0 ] (0.00000175)
[  1  0  0  0  1  1  0  0  0 ] (0.00000110)
[  1  0  0  0  1  1  0  0  1 ] (0.00000100)
[  1  0  0  0  1  1  0  0  2 ] (0.00000020)
[  1  0  0  0  1  1  0  1  0 ] (0.00000093)
[  1  0  0  0  1  1  0  1  1 ] (0.00000001)
[  1  0  0  0  1  1  0  2  0 ] (0.00000230)
[  1  0  0  0  1  1  1  0  0 ] (0.00000337)
[  1  0  0  0  1  1  1  0  1 ] (0.00000246)
[  1  0  0  0  1  1  1  1  0 ] (0.00000002)
[  1  0  0  0  1  1  2  0  0 ] (0.00000148)
[  1  0  0  0  1  2  0  0  0 ] (0.00000105)
[  1  0  0  0  1  2  0  0  1 ] (0.00000301)
[  1  0  0  0  1  2  0  1  0 ] (0.00005351)
[  1  0  0  0  1  2  1  0  0 ] (0.00000081)
[  1  0  0  0  1  3  0  0  0 ] (0.00000011)
[  1  0  0  0  2  0  0  0  0 ] (0.00000001)
[  1  0  0  0  2  0  0  0  1 ] (0.00000830)
[  1  0  0  0  2  0  0  0  2 ] (0.00000004)
[  1  0  0  0  2  0  0  1  0 ] (0.00000001)
[  1  0  0  0  2  0  0  1  1 ] (0.00000006)
[  1  0  0  0  2  0  0  2  0 ] (0.00000201)
[  1  0  0  0  2  0  1  0  0 ] (0.00000099)
[  1  0  0  0  2  0  1  0  1 ] (0.00000172)
[  1  0  0  0  2  0  1  1  0 ] (0.00000470)
[  1  0  0  0  2  0  2  0  0 ] (0.00000000)
[  1  0  0  0  2  1  0  0  0 ] (0.00000066)
[  1  0  0  0  2  1  0  0  1 ] (0.00000032)
[  1  0  0  0  2  1  0  1  0 ] (0.00000703)
[  1  0  0  0  2  1  1  0  0 ] (0.00000304)
[  1  0  0  0  2  2  0  0  0 ] (0.00004267)
[  1  0  0  0  3  0  0  0  0 ] (0.00000044)
[  1  0  0  0  3  0  0  0  1 ] (0.00000010)
[  1  0  0  0  3  0  0  1  0 ] (0.00001460)
[  1  0  0  0  3  0  1  0  0 ] (0.00000445)
[  1  0  0  0  3  1  0  0  0 ] (0.00005244)
[  1  0  0  0  4  0  0  0  0 ] (0.00000059)
[  1  0  0  1  0  0  0  0  0 ] (0.00000000)
[  1  0  0  1  0  0  0  0  1 ] (0.00000048)
[  1  0  0  1  0  0  0  0  2 ] (0.00001749)
[  1  0  0  1  0  0  0  0  3 ] (0.00000003)
[  1  0  0  1  0  0  0  1  0 ] (0.00000169)
[  1  0  0  1  0  0  0  1  1 ] (0.00000013)
[  1  0  0  1  0  0  0  1  2 ] (0.00000109)
[  1  0  0  1  0  0  0  2  0 ] (0.00000039)
[  1  0  0  1  0  0  0  2  1 ] (0.00000019)
[  1  0  0  1  0  0  0  3  0 ] (0.00009645)
[  1  0  0  1  0  0  1  0  0 ] (0.00000038)
[  1  0  0  1  0  0  1  0  1 ] (0.00000149)
[  1  0  0  1  0  0  1  0  2 ] (0.00000032)
[  1  0  0  1  0  0  1  1  0 ] (0.00000383)
[  1  0  0  1  0  0  1  1  1 ] (0.00000202)
[  1  0  0  1  0  0  1  2  0 ] (0.00000232)
[  1  0  0  1  0  0  2  0  0 ] (0.00000076)
[  1  0  0  1  0  0  2  0  1 ] (0.00000019)
[  1  0  0  1  0  0  2  1  0 ] (0.00000830)
[  1  0  0  1  0  0  3  0  0 ] (0.00000092)
[  1  0  0  1  0  1  0  0  0 ] (0.00000087)
[  1  0  0  1  0  1  0  0  1 ] (0.00001370)
[  1  0  0  1  0  1  0  0  2 ] (0.00000083)
[  1  0  0  1  0  1  0  1  0 ] (0.00000004)
[  1  0  0  1  0  1  0  1  1 ] (0.00000000)
[  1  0  0  1  0  1  0  2  0 ] (0.00001375)
[  1  0  0  1  0  1  1  0  0 ] (0.00000146)
[  1  0  0  1  0  1  1  0  1 ] (0.00000021)
[  1  0  0  1  0  1  1  1  0 ] (0.00000126)
[  1  0  0  1  0  1  2  0  0 ] (0.00000088)
[  1  0  0  1  0  2  0  0  0 ] (0.00000001)
[  1  0  0  1  0  2  0  0  1 ] (0.00000149)
[  1  0  0  1  0  2  0  1  0 ] (0.00000220)
[  1  0  0  1  0  2  1  0  0 ] (0.00000008)
[  1  0  0  1  0  3  0  0  0 ] (0.00000049)
[  1  0  0  1  1  0  0  0  0 ] (0.00000076)
[  1  0  0  1  1  0  0  0  1 ] (0.00004109)
[  1  0  0  1  1  0  0  0  2 ] (0.00000416)
[  1  0  0  1  1  0  0  1  0 ] (0.00000001)
[  1  0  0  1  1  0  0  1  1 ] (0.00000168)
[  1  0  0  1  1  0  0  2  0 ] (0.00001078)
[  1  0  0  1  1  0  1  0  0 ] (0.00000057)
[  1  0  0  1  1  0  1  0  1 ] (0.00000029)
[  1  0  0  1  1  0  1  1  0 ] (0.00000184)
[  1  0  0  1  1  0  2  0  0 ] (0.00000038)
[  1  0  0  1  1  1  0  0  0 ] (0.00000023)
[  1  0  0  1  1  1  0  0  1 ] (0.00000036)
[  1  0  0  1  1  1  0  1  0 ] (0.00000325)
[  1  0  0  1  1  1  1  0  0 ] (0.00000190)
[  1  0  0  1  1  2  0  0  0 ] (0.00000803)
[  1  0  0  1  2  0  0  0  0 ] (0.00000090)
[  1  0  0  1  2  0  0  0  1 ] (0.00000002)
[  1  0  0  1  2  0  0  1  0 ] (0.00000546)
[  1  0  0  1  2  0  1  0  0 ] (0.00000362)
[  1  0  0  1  2  1  0  0  0 ] (0.00000103)
[  1  0  0  1  3  0  0  0  0 ] (0.00000069)
[  1  0  0  2  0  0  0  0  0 ] (0.00000145)
[  1  0  0  2  0  0  0  0  1 ] (0.00004724)
[  1  0  0  2  0  0  0  0  2 ] (0.00000127)
[  1  0  0  2  0  0  0  1  0 ] (0.00000417)
[  1  0  0  2  0  0  0  1  1 ] (0.00000001)
[  1  0  0  2  0  0  0  2  0 ] (0.00000201)
[  1  0  0  2  0  0  1  0  0 ] (0.00000237)
[  1  0  0  2  0  0  1  0  1 ] (0.00000498)
[  1  0  0  2  0  0  1  1  0 ] (0.00000334)
[  1  0  0  2  0  0  2  0  0 ] (0.00000360)
[  1  0  0  2  0  1  0  0  0 ] (0.00000246)
[  1  0  0  2  0  1  0  0  1 ] (0.00000095)
[  1  0  0  2  0  1  0  1  0 ] (0.00002210)
[  1  0  0  2  0  1  1  0  0 ] (0.00000007)
[  1  0  0  2  0  2  0  0  0 ] (0.00000903)
[  1  0  0  2  1  0  0  0  0 ] (0.00000107)
[  1  0  0  2  1  0  0  0  1 ] (0.00000003)
[  1  0  0  2  1  0  0  1  0 ] (0.00002755)
[  1  0  0  2  1  0  1  0  0 ] (0.00000082)
[  1  0  0  2  1  1  0  0  0 ] (0.00000979)
[  1  0  0  2  2  0  0  0  0 ] (0.00007694)
[  1  0  0  3  0  0  0  0  0 ] (0.00000008)
[  1  0  0  3  0  0  0  0  1 ] (0.00000341)
[  1  0  0  3  0  0  0  1  0 ] (0.00000714)
[  1  0  0  3  0  0  1  0  0 ] (0.00000504)
[  1  0  0  3  0  1  0  0  0 ] (0.00000000)
[  1  0  0  3  1  0  0  0  0 ] (0.00000427)
[  1  0  0  4  0  0  0  0  0 ] (0.00000034)
[  1  0  1  0  0  0  0  0  0 ] (0.00003302)
[  1  0  1  0  0  0  0  0  1 ] (0.00033860)
[  1  0  1  0  0  0  0  0  2 ] (0.00241455)
[  1  0  1  0  0  0  0  0  3 ] (0.00001657)
[  1  0  1  0  0  0  0  1  0 ] (0.00003685)
[  1  0  1  0  0  0  0  1  1 ] (0.00270201)
[  1  0  1  0  0  0  0  1  2 ] (0.00042205)
[  1  0  1  0  0  0  0  2  0 ] (0.00010311)
[  1  0  1  0  0  0  0  2  1 ] (0.00019337)
[  1  0  1  0  0  0  0  3  0 ] (0.00103721)
[  1  0  1  0  0  0  1  0  0 ] (0.00003543)
[  1  0  1  0  0  0  1  0  1 ] (0.00064539)
[  1  0  1  0  0  0  1  0  2 ] (0.00055065)
[  1  0  1  0  0  0  1  1  0 ] (0.00036244)
[  1  0  1  0  0  0  1  1  1 ] (0.00017051)
[  1  0  1  0  0  0  1  2  0 ] (0.00007225)
[  1  0  1  0  0  0  2  0  0 ] (0.00012035)
[  1  0  1  0  0  0  2  0  1 ] (0.00002569)
[  1  0  1  0  0  0  2  1  0 ] (0.01258318)
[  1  0  1  0  0  0  3  0  0 ] (0.00005242)
[  1  0  1  0  0  1  0  0  0 ] (0.00000986)
[  1  0  1  0  0  1  0  0  1 ] (0.00013411)
[  1  0  1  0  0  1  0  0  2 ] (0.00018139)
[  1  0  1  0  0  1  0  1  0 ] (0.00019851)
[  1  0  1  0  0  1  0  1  1 ] (0.00001301)
[  1  0  1  0  0  1  0  2  0 ] (0.00391451)
[  1  0  1  0  0  1  1  0  0 ] (0.00010403)
[  1  0  1  0  0  1  1  0  1 ] (0.00010318)
[  1  0  1  0  0  1  1  1  0 ] (0.00029028)
[  1  0  1  0  0  1  2  0  0 ] (0.00019918)
[  1  0  1  0  0  2  0  0  0 ] (0.00002312)
[  1  0  1  0  0  2  0  0  1 ] (0.00037306)
[  1  0  1  0  0  2  0  1  0 ] (0.00146074)
[  1  0  1  0  0  2  1  0  0 ] (0.00128453)
[  1  0  1  0  0  3  0  0  0 ] (0.00000524)
[  1  0  1  0  1  0  0  0  0 ] (0.00017891)
[  1  0  1  0  1  0  0  0  1 ] (0.00112820)
[  1  0  1  0  1  0  0  0  2 ] (0.00111511)
[  1  0  1  0  1  0  0  1  0 ] (0.00011696)
[  1  0  1  0  1  0  0  1  1 ] (0.00000610)
[  1  0  1  0  1  0  0  2  0 ] (0.00029563)
[  1  0  1  0  1  0  1  0  0 ] (0.00000958)
[  1  0  1  0  1  0  1  0  1 ] (0.00030167)
[  1  0  1  0  1  0  1  1  0 ] (0.00047708)
[  1  0  1  0  1  0  2  0  0 ] (0.00662770)
[  1  0  1  0  1  1  0  0  0 ] (0.00029195)
[  1  0  1  0  1  1  0  0  1 ] (0.00166598)
[  1  0  1  0  1  1  0  1  0 ] (0.00033175)
[  1  0  1  0  1  1  1  0  0 ] (0.00404107)
[  1  0  1  0  1  2  0  0  0 ] (0.00008136)
[  1  0  1  0  2  0  0  0  0 ] (0.00007805)
[  1  0  1  0  2  0  0  0  1 ] (0.00094275)
[  1  0  1  0  2  0  0  1  0 ] (0.00274809)
[  1  0  1  0  2  0  1  0  0 ] (0.00089668)
[  1  0  1  0  2  1  0  0  0 ] (0.01595012)
[  1  0  1  0  3  0  0  0  0 ] (0.00046899)
[  1  0  1  1  0  0  0  0  0 ] (0.00007584)
[  1  0  1  1  0  0  0  0  1 ] (0.00132564)
[  1  0  1  1  0  0  0  0  2 ] (0.00016638)
[  1  0  1  1  0  0  0  1  0 ] (0.00000011)
[  1  0  1  1  0  0  0  1  1 ] (0.00008640)
[  1  0  1  1  0  0  0  2  0 ] (0.00152590)
[  1  0  1  1  0  0  1  0  0 ] (0.00001685)
[  1  0  1  1  0  0  1  0  1 ] (0.00000136)
[  1  0  1  1  0  0  1  1  0 ] (0.00000052)
[  1  0  1  1  0  0  2  0  0 ] (0.00978689)
[  1  0  1  1  0  1  0  0  0 ] (0.00001532)
[  1  0  1  1  0  1  0  0  1 ] (0.00003254)
[  1  0  1  1  0  1  0  1  0 ] (0.00005925)
[  1  0  1  1  0  1  1  0  0 ] (0.00087863)
[  1  0  1  1  0  2  0  0  0 ] (0.00001200)
[  1  0  1  1  1  0  0  0  0 ] (0.00004218)
[  1  0  1  1  1  0  0  0  1 ] (0.00002079)
[  1  0  1  1  1  0  0  1  0 ] (0.00305481)
[  1  0  1  1  1  0  1  0  0 ] (0.00025196)
[  1  0  1  1  1  1  0  0  0 ] (0.00002495)
[  1  0  1  1  2  0  0  0  0 ] (0.00034799)
[  1  0  1  2  0  0  0  0  0 ] (0.00010700)
[  1  0  1  2  0  0  0  0  1 ] (0.00210435)
[  1  0  1  2  0  0  0  1  0 ] (0.00513142)
[  1  0  1  2  0  0  1  0  0 ] (0.00044766)
[  1  0  1  2  0  1  0  0  0 ] (0.00145742)
[  1  0  1  2  1  0  0  0  0 ] (0.00162418)
[  1  0  1  3  0  0  0  0  0 ] (0.00025000)
[  1  0  2  0  0  0  0  0  0 ] (0.00000002)
[  1  0  2  0  0  0  0  0  1 ] (0.00000057)
[  1  0  2  0  0  0  0  0  2 ] (0.00000000)
[  1  0  2  0  0  0  0  1  0 ] (0.00000009)
[  1  0  2  0  0  0  0  1  1 ] (0.00001260)
[  1  0  2  0  0  0  0  2  0 ] (0.00000100)
[  1  0  2  0  0  0  1  0  0 ] (0.00000013)
[  1  0  2  0  0  0  1  0  1 ] (0.00000112)
[  1  0  2  0  0  0  1  1  0 ] (0.00000134)
[  1  0  2  0  0  0  2  0  0 ] (0.00000179)
[  1  0  2  0  0  1  0  0  0 ] (0.00000071)
[  1  0  2  0  0  1  0  0  1 ] (0.00000656)
[  1  0  2  0  0  1  0  1  0 ] (0.00000552)
[  1  0  2  0  0  1  1  0  0 ] (0.00000002)
[  1  0  2  0  0  2  0  0  0 ] (0.00000055)
[  1  0  2  0  1  0  0  0  0 ] (0.00000000)
[  1  0  2  0  1  0  0  0  1 ] (0.00000457)
[  1  0  2  0  1  0  0  1  0 ] (0.00003853)
[  1  0  2  0  1  0  1  0  0 ] (0.00001809)
[  1  0  2  0  1  1  0  0  0 ] (0.00000056)
[  1  0  2  0  2  0  0  0  0 ] (0.00000337)
[  1  0  2  1  0  0  0  0  0 ] (0.00000003)
[  1  0  2  1  0  0  0  0  1 ] (0.00001621)
[  1  0  2  1  0  0  0  1  0 ] (0.00000489)
[  1  0  2  1  0  0  1  0  0 ] (0.00000850)
[  1  0  2  1  0  1  0  0  0 ] (0.00003435)
[  1  0  2  1  1  0  0  0  0 ] (0.00002264)
[  1  0  2  2  0  0  0  0  0 ] (0.00000131)
[  1  0  3  0  0  0  0  0  0 ] (0.00000003)
[  1  0  3  0  0  0  0  0  1 ] (0.00000080)
[  1  0  3  0  0  0  0  1  0 ] (0.00000071)
[  1  0  3  0  0  0  1  0  0 ] (0.00000004)
[  1  0  3  0  0  1  0  0  0 ] (0.00000011)
[  1  0  3  0  1  0  0  0  0 ] (0.00000020)
[  1  0  3  1  0  0  0  0  0 ] (0.00000133)
[  1  0  4  0  0  0  0  0  0 ] (0.00005499)
[  1  1  0  0  0  0  0  0  0 ] (0.00000840)
[  1  1  0  0  0  0  0  0  1 ] (0.00014024)
[  1  1  0  0  0  0  0  0  2 ] (0.00046511)
[  1  1  0  0  0  0  0  0  3 ] (0.00008543)
[  1  1  0  0  0  0  0  1  0 ] (0.00000790)
[  1  1  0  0  0  0  0  1  1 ] (0.00023377)
[  1  1  0  0  0  0  0  1  2 ] (0.00002643)
[  1  1  0  0  0  0  0  2  0 ] (0.00029152)
[  1  1  0  0  0  0  0  2  1 ] (0.00375887)
[  1  1  0  0  0  0  0  3  0 ] (0.00036391)
[  1  1  0  0  0  0  1  0  0 ] (0.00000730)
[  1  1  0  0  0  0  1  0  1 ] (0.00029513)
[  1  1  0  0  0  0  1  0  2 ] (0.00031827)
[  1  1  0  0  0  0  1  1  0 ] (0.00026589)
[  1  1  0  0  0  0  1  1  1 ] (0.00030370)
[  1  1  0  0  0  0  1  2  0 ] (0.00089476)
[  1  1  0  0  0  0  2  0  0 ] (0.00001805)
[  1  1  0  0  0  0  2  0  1 ] (0.00124838)
[  1  1  0  0  0  0  2  1  0 ] (0.00057268)
[  1  1  0  0  0  0  3  0  0 ] (0.00030607)
[  1  1  0  0  0  1  0  0  0 ] (0.00005479)
[  1  1  0  0  0  1  0  0  1 ] (0.00004271)
[  1  1  0  0  0  1  0  0  2 ] (0.00015953)
[  1  1  0  0  0  1  0  1  0 ] (0.00001227)
[  1  1  0  0  0  1  0  1  1 ] (0.00011304)
[  1  1  0  0  0  1  0  2  0 ] (0.00223753)
[  1  1  0  0  0  1  1  0  0 ] (0.00009825)
[  1  1  0  0  0  1  1  0  1 ] (0.00002390)
[  1  1  0  0  0  1  1  1  0 ] (0.00307008)
[  1  1  0  0  0  1  2  0  0 ] (0.00022691)
[  1  1  0  0  0  2  0  0  0 ] (0.00001777)
[  1  1  0  0  0  2  0  0  1 ] (0.00225303)
[  1  1  0  0  0  2  0  1  0 ] (0.00016215)
[  1  1  0  0  0  2  1  0  0 ] (0.00334659)
[  1  1  0  0  0  3  0  0  0 ] (0.00000001)
[  1  1  0  0  1  0  0  0  0 ] (0.00000071)
[  1  1  0  0  1  0  0  0  1 ] (0.00023734)
[  1  1  0  0  1  0  0  0  2 ] (0.00004249)
[  1  1  0  0  1  0  0  1  0 ] (0.00005650)
[  1  1  0  0  1  0  0  1  1 ] (0.00007813)
[  1  1  0  0  1  0  0  2  0 ] (0.00003424)
[  1  1  0  0  1  0  1  0  0 ] (0.00018150)
[  1  1  0  0  1  0  1  0  1 ] (0.00008433)
[  1  1  0  0  1  0  1  1  0 ] (0.00375672)
[  1  1  0  0  1  0  2  0  0 ] (0.00042448)
[  1  1  0  0  1  1  0  0  0 ] (0.00043775)
[  1  1  0  0  1  1  0  0  1 ] (0.00075800)
[  1  1  0  0  1  1  0  1  0 ] (0.00174812)
[  1  1  0  0  1  1  1  0  0 ] (0.00065874)
[  1  1  0  0  1  2  0  0  0 ] (0.00365485)
[  1  1  0  0  2  0  0  0  0 ] (0.00005107)
[  1  1  0  0  2  0  0  0  1 ] (0.00014237)
[  1  1  0  0  2  0  0  1  0 ] (0.01043136)
[  1  1  0  0  2  0  1  0  0 ] (0.00051170)
[  1  1  0  0  2  1  0  0  0 ] (0.00198300)
[  1  1  0  0  3  0  0  0  0 ] (0.00014984)
[  1  1  0  1  0  0  0  0  0 ] (0.00002707)
[  1  1  0  1  0  0  0  0  1 ] (0.00000213)
[  1  1  0  1  0  0  0  0  2 ] (0.00005817)
[  1  1  0  1  0  0  0  1  0 ] (0.00114796)
[  1  1  0  1  0  0  0  1  1 ] (0.00104096)
[  1  1  0  1  0  0  0  2  0 ] (0.00309632)
[  1  1  0  1  0  0  1  0  0 ] (0.00011396)
[  1  1  0  1  0  0  1  0  1 ] (0.00008345)
[  1  1  0  1  0  0  1  1  0 ] (0.00497162)
[  1  1  0  1  0  0  2  0  0 ] (0.00034139)
[  1  1  0  1  0  1  0  0  0 ] (0.00021680)
[  1  1  0  1  0  1  0  0  1 ] (0.00010363)
[  1  1  0  1  0  1  0  1  0 ] (0.00966654)
[  1  1  0  1  0  1  1  0  0 ] (0.00194297)
[  1  1  0  1  0  2  0  0  0 ] (0.00087130)
[  1  1  0  1  1  0  0  0  0 ] (0.00020056)
[  1  1  0  1  1  0  0  0  1 ] (0.00008913)
[  1  1  0  1  1  0  0  1  0 ] (0.00006248)
[  1  1  0  1  1  0  1  0  0 ] (0.00456558)
[  1  1  0  1  1  1  0  0  0 ] (0.00052274)
[  1  1  0  1  2  0  0  0  0 ] (0.00017970)
[  1  1  0  2  0  0  0  0  0 ] (0.00000156)
[  1  1  0  2  0  0  0  0  1 ] (0.00046757)
[  1  1  0  2  0  0  0  1  0 ] (0.00299444)
[  1  1  0  2  0  0  1  0  0 ] (0.00195794)
[  1  1  0  2  0  1  0  0  0 ] (0.00725655)
[  1  1  0  2  1  0  0  0  0 ] (0.00032579)
[  1  1  0  3  0  0  0  0  0 ] (0.00001769)
[  1  1  1  0  0  0  0  0  0 ] (0.00000000)
[  1  1  1  0  0  0  0  0  1 ] (0.00000025)
[  1  1  1  0  0  0  0  0  2 ] (0.00000438)
[  1  1  1  0  0  0  0  1  0 ] (0.00000008)
[  1  1  1  0  0  0  0  1  1 ] (0.00001212)
[  1  1  1  0  0  0  0  2  0 ] (0.00000101)
[  1  1  1  0  0  0  1  0  0 ] (0.00000017)
[  1  1  1  0  0  0  1  0  1 ] (0.00000010)
[  1  1  1  0  0  0  1  1  0 ] (0.00000003)
[  1  1  1  0  0  0  2  0  0 ] (0.00000141)
[  1  1  1  0  0  1  0  0  0 ] (0.00000006)
[  1  1  1  0  0  1  0  0  1 ] (0.00001362)
[  1  1  1  0  0  1  0  1  0 ] (0.00000246)
[  1  1  1  0  0  1  1  0  0 ] (0.00000747)
[  1  1  1  0  0  2  0  0  0 ] (0.00000308)
[  1  1  1  0  1  0  0  0  0 ] (0.00000000)
[  1  1  1  0  1  0  0  0  1 ] (0.00000001)
[  1  1  1  0  1  0  0  1  0 ] (0.00000098)
[  1  1  1  0  1  0  1  0  0 ] (0.00001088)
[  1  1  1  0  1  1  0  0  0 ] (0.00000001)
[  1  1  1  0  2  0  0  0  0 ] (0.00000718)
[  1  1  1  1  0  0  0  0  0 ] (0.00000063)
[  1  1  1  1  0  0  0  0  1 ] (0.00000540)
[  1  1  1  1  0  0  0  1  0 ] (0.00000093)
[  1  1  1  1  0  0  1  0  0 ] (0.00000254)
[  1  1  1  1  0  1  0  0  0 ] (0.00000748)
[  1  1  1  1  1  0  0  0  0 ] (0.00000332)
[  1  1  1  2  0  0  0  0  0 ] (0.00000000)
[  1  1  2  0  0  0  0  0  0 ] (0.00005096)
[  1  1  2  0  0  0  0  0  1 ] (0.00000459)
[  1  1  2  0  0  0  0  1  0 ] (0.00246030)
[  1  1  2  0  0  0  1  0  0 ] (0.00133611)
[  1  1  2  0  0  1  0  0  0 ] (0.00001145)
[  1  1  2  0  1  0  0  0  0 ] (0.00034871)
[  1  1  2  1  0  0  0  0  0 ] (0.00000367)
[  1  1  3  0  0  0  0  0  0 ] (0.00000030)
[  1  2  0  0  0  0  0  0  0 ] (0.00000000)
[  1  2  0  0  0  0  0  0  1 ] (0.00000042)
[  1  2  0  0  0  0  0  0  2 ] (0.00000265)
[  1  2  0  0  0  0  0  1  0 ] (0.00000021)
[  1  2  0  0  0  0  0  1  1 ] (0.00000943)
[  1  2  0  0  0  0  0  2  0 ] (0.00000375)
[  1  2  0  0  0  0  1  0  0 ] (0.00000000)
[  1  2  0  0  0  0  1  0  1 ] (0.00000018)
[  1  2  0  0  0  0  1  1  0 ] (0.00000200)
[  1  2  0  0  0  0  2  0  0 ] (0.00000166)
[  1  2  0  0  0  1  0  0  0 ] (0.00000147)
[  1  2  0  0  0  1  0  0  1 ] (0.00000218)
[  1  2  0  0  0  1  0  1  0 ] (0.00007413)
[  1  2  0  0  0  1  1  0  0 ] (0.00000030)
[  1  2  0  0  0  2  0  0  0 ] (0.00002079)
[  1  2  0  0  1  0  0  0  0 ] (0.00000008)
[  1  2  0  0  1  0  0  0  1 ] (0.00000203)
[  1  2  0  0  1  0  0  1  0 ] (0.00000192)
[  1  2  0  0  1  0  1  0  0 ] (0.00000303)
[  1  2  0  0  1  1  0  0  0 ] (0.00000655)
[  1  2  0  0  2  0  0  0  0 ] (0.00000001)
[  1  2  0  1  0  0  0  0  0 ] (0.00000083)
[  1  2  0  1  0  0  0  0  1 ] (0.00000267)
[  1  2  0  1  0  0  0  1  0 ] (0.00000005)
[  1  2  0  1  0  0  1  0  0 ] (0.00000060)
[  1  2  0  1  0  1  0  0  0 ] (0.00000733)
[  1  2  0  1  1  0  0  0  0 ] (0.00002187)
[  1  2  0  2  0  0  0  0  0 ] (0.00000298)
[  1  2  1  0  0  0  0  0  0 ] (0.00008781)
[  1  2  1  0  0  0  0  0  1 ] (0.00061693)
[  1  2  1  0  0  0  0  1  0 ] (0.00150220)
[  1  2  1  0  0  0  1  0  0 ] (0.00019516)
[  1  2  1  0  0  1  0  0  0 ] (0.00006892)
[  1  2  1  0  1  0  0  0  0 ] (0.00113162)
[  1  2  1  1  0  0  0  0  0 ] (0.00116080)
[  1  2  2  0  0  0  0  0  0 ] (0.00000049)
[  1  3  0  0  0  0  0  0  0 ] (0.00000005)
[  1  3  0  0  0  0  0  0  1 ] (0.00000054)
[  1  3  0  0  0  0  0  1  0 ] (0.00000010)
[  1  3  0  0  0  0  1  0  0 ] (0.00000000)
[  1  3  0  0  0  1  0  0  0 ] (0.00000017)
[  1  3  0  0  1  0  0  0  0 ] (0.00000056)
[  1  3  0  1  0  0  0  0  0 ] (0.00000004)
[  1  3  1  0  0  0  0  0  0 ] (0.00000016)
[  1  4  0  0  0  0  0  0  0 ] (0.00002056)
[  2  0  0  0  0  0  0  0  0 ] (0.00001387)
[  2  0  0  0  0  0  0  0  1 ] (0.00008455)
[  2  0  0  0  0  0  0  0  2 ] (0.00087786)
[  2  0  0  0  0  0  0  0  3 ] (0.00007370)
[  2  0  0  0  0  0  0  1  0 ] (0.00000817)
[  2  0  0  0  0  0  0  1  1 ] (0.00000014)
[  2  0  0  0  0  0  0  1  2 ] (0.00005191)
[  2  0  0  0  0  0  0  2  0 ] (0.00002412)
[  2  0  0  0  0  0  0  2  1 ] (0.00014370)
[  2  0  0  0  0  0  0  3  0 ] (0.00011037)
[  2  0  0  0  0  0  1  0  0 ] (0.00005774)
[  2  0  0  0  0  0  1  0  1 ] (0.00022402)
[  2  0  0  0  0  0  1  0  2 ] (0.00017390)
[  2  0  0  0  0  0  1  1  0 ] (0.00000278)
[  2  0  0  0  0  0  1  1  1 ] (0.00000863)
[  2  0  0  0  0  0  1  2  0 ] (0.00151517)
[  2  0  0  0  0  0  2  0  0 ] (0.00004089)
[  2  0  0  0  0  0  2  0  1 ] (0.00005793)
[  2  0  0  0  0  0  2  1  0 ] (0.00307817)
[  2  0  0  0  0  0  3  0  0 ] (0.00012440)
[  2  0  0  0  0  1  0  0  0 ] (0.00006480)
[  2  0  0  0  0  1  0  0  1 ] (0.00025290)
[  2  0  0  0  0  1  0  0  2 ] (0.00025255)
[  2  0  0  0  0  1  0  1  0 ] (0.00000031)
[  2  0  0  0  0  1  0  1  1 ] (0.00013967)
[  2  0  0  0  0  1  0  2  0 ] (0.00056069)
[  2  0  0  0  0  1  1  0  0 ] (0.00001334)
[  2  0  0  0  0  1  1  0  1 ] (0.00000260)
[  2  0  0  0  0  1  1  1  0 ] (0.00008657)
[  2  0  0  0  0  1  2  0  0 ] (0.00002152)
[  2  0  0  0  0  2  0  0  0 ] (0.00000076)
[  2  0  0  0  0  2  0  0  1 ] (0.00041805)
[  2  0  0  0  0  2  0  1  0 ] (0.00115458)
[  2  0  0  0  0  2  1  0  0 ] (0.00065786)
[  2  0  0  0  0  3  0  0  0 ] (0.00002983)
[  2  0  0  0  1  0  0  0  0 ] (0.00000118)
[  2  0  0  0  1  0  0  0  1 ] (0.00062069)
[  2  0  0  0  1  0  0  0  2 ] (0.00031123)
[  2  0  0  0  1  0  0  1  0 ] (0.00040970)
[  2  0  0  0  1  0  0  1  1 ] (0.00051447)
[  2  0  0  0  1  0  0  2  0 ] (0.00001870)
[  2  0  0  0  1  0  1  0  0 ] (0.00000172)
[  2  0  0  0  1  0  1  0  1 ] (0.00031848)
[  2  0  0  0  1  0  1  1  0 ] (0.00000079)
[  2  0  0  0  1  0  2  0  0 ] (0.00519285)
[  2  0  0  0  1  1  0  0  0 ] (0.00028902)
[  2  0  0  0  1  1  0  0  1 ] (0.00009997)
[  2  0  0  0  1  1  0  1  0 ] (0.00000161)
[  2  0  0  0  1  1  1  0  0 ] (0.00117484)
[  2  0  0  0  1  2  0  0  0 ] (0.00271003)
[  2  0  0  0  2  0  0  0  0 ] (0.00005345)
[  2  0  0  0  2  0  0  0  1 ] (0.00020027)
[  2  0  0  0  2  0  0  1  0 ] (0.00056623)
[  2  0  0  0  2  0  1  0  0 ] (0.00006408)
[  2  0  0  0  2  1  0  0  0 ] (0.00498854)
[  2  0  0  0  3  0  0  0  0 ] (0.00040722)
[  2  0  0  1  0  0  0  0  0 ] (0.00000010)
[  2  0  0  1  0  0  0  0  1 ] (0.00034112)
[  2  0  0  1  0  0  0  0  2 ] (0.00005843)
[  2  0  0  1  0  0  0  1  0 ] (0.00008950)
[  2  0  0  1  0  0  0  1  1 ] (0.00023772)
[  2  0  0  1  0  0  0  2  0 ] (0.00001027)
[  2  0  0  1  0  0  1  0  0 ] (0.00000574)
[  2  0  0  1  0  0  1  0  1 ] (0.00018243)
[  2  0  0  1  0  0  1  1  0 ] (0.01099477)
[  2  0  0  1  0  0  2  0  0 ] (0.00801278)
[  2  0  0  1  0  1  0  0  0 ] (0.00026507)
[  2  0  0  1  0  1  0  0  1 ] (0.00051237)
[  2  0  0  1  0  1  0  1  0 ] (0.00029835)
[  2  0  0  1  0  1  1  0  0 ] (0.00153849)
[  2  0  0  1  0  2  0  0  0 ] (0.00000787)
[  2  0  0  1  1  0  0  0  0 ] (0.00000025)
[  2  0  0  1  1  0  0  0  1 ] (0.00087778)
[  2  0  0  1  1  0  0  1  0 ] (0.00832789)
[  2  0  0  1  1  0  1  0  0 ] (0.00368036)
[  2  0  0  1  1  1  0  0  0 ] (0.01173205)
[  2  0  0  1  2  0  0  0  0 ] (0.00072229)
[  2  0  0  2  0  0  0  0  0 ] (0.00014375)
[  2  0  0  2  0  0  0  0  1 ] (0.00388906)
[  2  0  0  2  0  0  0  1  0 ] (0.00000010)
[  2  0  0  2  0  0  1  0  0 ] (0.00035662)
[  2  0  0  2  0  1  0  0  0 ] (0.00865891)
[  2  0  0  2  1  0  0  0  0 ] (0.00050910)
[  2  0  0  3  0  0  0  0  0 ] (0.00012545)
[  2  0  1  0  0  0  0  0  0 ] (0.00000001)
[  2  0  1  0  0  0  0  0  1 ] (0.00000001)
[  2  0  1  0  0  0  0  0  2 ] (0.00000924)
[  2  0  1  0  0  0  0  1  0 ] (0.00000021)
[  2  0  1  0  0  0  0  1  1 ] (0.00000055)
[  2  0  1  0  0  0  0  2  0 ] (0.00000106)
[  2  0  1  0  0  0  1  0  0 ] (0.00000036)
[  2  0  1  0  0  0  1  0  1 ] (0.00000153)
[  2  0  1  0  0  0  1  1  0 ] (0.00000000)
[  2  0  1  0  0  0  2  0  0 ] (0.00000332)
[  2  0  1  0  0  1  0  0  0 ] (0.00000111)
[  2  0  1  0  0  1  0  0  1 ] (0.00001378)
[  2  0  1  0  0  1  0  1  0 ] (0.00001356)
[  2  0  1  0  0  1  1  0  0 ] (0.00000050)
[  2  0  1  0  0  2  0  0  0 ] (0.00000048)
[  2  0  1  0  1  0  0  0  0 ] (0.00000202)
[  2  0  1  0  1  0  0  0  1 ] (0.00001936)
[  2  0  1  0  1  0  0  1  0 ] (0.00000477)
[  2  0  1  0  1  0  1  0  0 ] (0.00000154)
[  2  0  1  0  1  1  0  0  0 ] (0.00000013)
[  2  0  1  0  2  0  0  0  0 ] (0.00000017)
[  2  0  1  1  0  0  0  0  0 ] (0.00000000)
[  2  0  1  1  0  0  0  0  1 ] (0.00000256)
[  2  0  1  1  0  0  0  1  0 ] (0.00002382)
[  2  0  1  1  0  0  1  0  0 ] (0.00000316)
[  2  0  1  1  0  1  0  0  0 ] (0.00000055)
[  2  0  1  1  1  0  0  0  0 ] (0.00000857)
[  2  0  1  2  0  0  0  0  0 ] (0.00000465)
[  2  0  2  0  0  0  0  0  0 ] (0.00010181)
[  2  0  2  0  0  0  0  0  1 ] (0.00000106)
[  2  0  2  0  0  0  0  1  0 ] (0.00076861)
[  2  0  2  0  0  0  1  0  0 ] (0.00069991)
[  2  0  2  0  0  1  0  0  0 ] (0.00029180)
[  2  0  2  0  1  0  0  0  0 ] (0.00045269)
[  2  0  2  1  0  0  0  0  0 ] (0.00012272)
[  2  0  3  0  0  0  0  0  0 ] (0.00000052)
[  2  1  0  0  0  0  0  0  0 ] (0.00000006)
[  2  1  0  0  0  0  0  0  1 ] (0.00000239)
[  2  1  0  0  0  0  0  0  2 ] (0.00000137)
[  2  1  0  0  0  0  0  1  0 ] (0.00000037)
[  2  1  0  0  0  0  0  1  1 ] (0.00001164)
[  2  1  0  0  0  0  0  2  0 ] (0.00000092)
[  2  1  0  0  0  0  1  0  0 ] (0.00000000)
[  2  1  0  0  0  0  1  0  1 ] (0.00000000)
[  2  1  0  0  0  0  1  1  0 ] (0.00000024)
[  2  1  0  0  0  0  2  0  0 ] (0.00000063)
[  2  1  0  0  0  1  0  0  0 ] (0.00000296)
[  2  1  0  0  0  1  0  0  1 ] (0.00000221)
[  2  1  0  0  0  1  0  1  0 ] (0.00002734)
[  2  1  0  0  0  1  1  0  0 ] (0.00000178)
[  2  1  0  0  0  2  0  0  0 ] (0.00000709)
[  2  1  0  0  1  0  0  0  0 ] (0.00000310)
[  2  1  0  0  1  0  0  0  1 ] (0.00003904)
[  2  1  0  0  1  0  0  1  0 ] (0.00001980)
[  2  1  0  0  1  0  1  0  0 ] (0.00000029)
[  2  1  0  0  1  1  0  0  0 ] (0.00000334)
[  2  1  0  0  2  0  0  0  0 ] (0.00000028)
[  2  1  0  1  0  0  0  0  0 ] (0.00000000)
[  2  1  0  1  0  0  0  0  1 ] (0.00000005)
[  2  1  0  1  0  0  0  1  0 ] (0.00000005)
[  2  1  0  1  0  0  1  0  0 ] (0.00000116)
[  2  1  0  1  0  1  0  0  0 ] (0.00000053)
[  2  1  0  1  1  0  0  0  0 ] (0.00001235)
[  2  1  0  2  0  0  0  0  0 ] (0.00000449)
[  2  1  1  0  0  0  0  0  0 ] (0.00000383)
[  2  1  1  0  0  0  0  0  1 ] (0.00029996)
[  2  1  1  0  0  0  0  1  0 ] (0.00010402)
[  2  1  1  0  0  0  1  0  0 ] (0.00004407)
[  2  1  1  0  0  1  0  0  0 ] (0.00009460)
[  2  1  1  0  1  0  0  0  0 ] (0.00004969)
[  2  1  1  1  0  0  0  0  0 ] (0.00007573)
[  2  1  2  0  0  0  0  0  0 ] (0.00000072)
[  2  2  0  0  0  0  0  0  0 ] (0.00000766)
[  2  2  0  0  0  0  0  0  1 ] (0.00000770)
[  2  2  0  0  0  0  0  1  0 ] (0.00000000)
[  2  2  0  0  0  0  1  0  0 ] (0.00011613)
[  2  2  0  0  0  1  0  0  0 ] (0.00001905)
[  2  2  0  0  1  0  0  0  0 ] (0.00017573)
[  2  2  0  1  0  0  0  0  0 ] (0.00004137)
[  2  2  1  0  0  0  0  0  0 ] (0.00000000)
[  2  3  0  0  0  0  0  0  0 ] (0.00000001)
[  3  0  0  0  0  0  0  0  0 ] (0.00002073)
[  3  0  0  0  0  0  0  0  1 ] (0.00016961)
[  3  0  0  0  0  0  0  0  2 ] (0.00048100)
[  3  0  0  0  0  0  0  1  0 ] (0.00007660)
[  3  0  0  0  0  0  0  1  1 ] (0.00090247)
[  3  0  0  0  0  0  0  2  0 ] (0.00000498)
[  3  0  0  0  0  0  1  0  0 ] (0.00081087)
[  3  0  0  0  0  0  1  0  1 ] (0.00581155)
[  3  0  0  0  0  0  1  1  0 ] (0.00008822)
[  3  0  0  0  0  0  2  0  0 ] (0.00023811)
[  3  0  0  0  0  1  0  0  0 ] (0.00033118)
[  3  0  0  0  0  1  0  0  1 ] (0.00302230)
[  3  0  0  0  0  1  0  1  0 ] (0.00000589)
[  3  0  0  0  0  1  1  0  0 ] (0.00000142)
[  3  0  0  0  0  2  0  0  0 ] (0.00004524)
[  3  0  0  0  1  0  0  0  0 ] (0.00002520)
[  3  0  0  0  1  0  0  0  1 ] (0.00005196)
[  3  0  0  0  1  0  0  1  0 ] (0.00002989)
[  3  0  0  0  1  0  1  0  0 ] (0.00004462)
[  3  0  0  0  1  1  0  0  0 ] (0.00001200)
[  3  0  0  0  2  0  0  0  0 ] (0.00003033)
[  3  0  0  1  0  0  0  0  0 ] (0.00025643)
[  3  0  0  1  0  0  0  0  1 ] (0.00201304)
[  3  0  0  1  0  0  0  1  0 ] (0.00061221)
[  3  0  0  1  0  0  1  0  0 ] (0.00079354)
[  3  0  0  1  0  1  0  0  0 ] (0.00044699)
[  3  0  0  1  1  0  0  0  0 ] (0.00002295)
[  3  0  0  2  0  0  0  0  0 ] (0.00028014)
[  3  0  1  0  0  0  0  0  0 ] (0.00000008)
[  3  0  1  0  0  0  0  0  1 ] (0.00000077)
[  3  0  1  0  0  0  0  1  0 ] (0.00000001)
[  3  0  1  0  0  0  1  0  0 ] (0.00000001)
[  3  0  1  0  0  1  0  0  0 ] (0.00000006)
[  3  0  1  0  1  0  0  0  0 ] (0.00000015)
[  3  0  1  1  0  0  0  0  0 ] (0.00000001)
[  3  0  2  0  0  0  0  0  0 ] (0.00000324)
[  3  1  0  0  0  0  0  0  0 ] (0.00000001)
[  3  1  0  0  0  0  0  0  1 ] (0.00000014)
[  3  1  0  0  0  0  0  1  0 ] (0.00000047)
[  3  1  0  0  0  0  1  0  0 ] (0.00000006)
[  3  1  0  0  0  1  0  0  0 ] (0.00000003)
[  3  1  0  0  1  0  0  0  0 ] (0.00000002)
[  3  1  0  1  0  0  0  0  0 ] (0.00000008)
[  3  1  1  0  0  0  0  0  0 ] (0.00000462)
[  3  2  0  0  0  0  0  0  0 ] (0.00000007)
[  4  0  0  0  0  0  0  0  0 ] (0.00000002)
[  4  0  0  0  0  0  0  0  1 ] (0.00000051)
[  4  0  0  0  0  0  0  1  0 ] (0.00000016)
[  4  0  0  0  0  0  1  0  0 ] (0.00000012)
[  4  0  0  0  0  1  0  0  0 ] (0.00000000)
[  4  0  0  0  1  0  0  0  0 ] (0.00000021)
[  4  0  0  1  0  0  0  0  0 ] (0.00000030)
[  4  0  1  0  0  0  0  0  0 ] (0.00000053)
[  4  1  0  0  0  0  0  0  0 ] (0.00001488)
[  5  0  0  0  0  0  0  0  0 ] (0.00004647)
