|  -852.983326345193 |   266.650918406813 

[  0  0  0  0  0  0  0  0  0 ] (0.00000000)
[  0  0  0  0  0  0  0  0  1 ] (0.00000025)
[  0  0  0  0  0  0  0  0  2 ] (0.00000015)
[  0  0  0  0  0  0  0  0  3 ] (0.00000155)
[  0  0  0  0  0  0  0  0  4 ] (0.00000543)
[  0  0  0  0  0  0  0  0  5 ] (0.00000023)
[  0  0  0  0  0  0  0  1  0 ] (0.00000020)
[  0  0  0  0  0  0  0  1  1 ] (0.00000020)
[  0  0  0  0  0  0  0  1  2 ] (0.00000002)
[  0  0  0  0  0  0  0  1  3 ] (0.00002563)
[  0  0  0  0  0  0  0  1  4 ] (0.00000004)
[  0  0  0  0  0  0  0  2  0 ] (0.00000001)
[  0  0  0  0  0  0  0  2  1 ] (0.00000013)
[  0  0  0  0  0  0  0  2  2 ] (0.00000035)
[  0  0  0  0  0  0  0  2  3 ] (0.00000034)
[  0  0  0  0  0  0  0  3  0 ] (0.00000003)
[  0  0  0  0  0  0  0  3  1 ] (0.00000272)
[  0  0  0  0  0  0  0  3  2 ] (0.00000176)
[  0  0  0  0  0  0  0  4  0 ] (0.00000037)
[  0  0  0  0  0  0  0  4  1 ] (0.00000005)
[  0  0  0  0  0  0  0  5  0 ] (0.00000061)
[  0  0  0  0  0  0  1  0  0 ] (0.00000001)
[  0  0  0  0  0  0  1  0  1 ] (0.00000005)
[  0  0  0  0  0  0  1  0  2 ] (0.00000081)
[  0  0  0  0  0  0  1  0  3 ] (0.00002239)
[  0  0  0  0  0  0  1  0  4 ] (0.00000000)
[  0  0  0  0  0  0  1  1  0 ] (0.00000000)
[  0  0  0  0  0  0  1  1  1 ] (0.00000009)
[  0  0  0  0  0  0  1  1  2 ] (0.00000000)
[  0  0  0  0  0  0  1  1  3 ] (0.00000139)
[  0  0  0  0  0  0  1  2  0 ] (0.00000021)
[  0  0  0  0  0  0  1  2  1 ] (0.00000278)
[  0  0  0  0  0  0  1  2  2 ] (0.00000034)
[  0  0  0  0  0  0  1  3  0 ] (0.00000035)
[  0  0  0  0  0  0  1  3  1 ] (0.00000018)
[  0  0  0  0  0  0  1  4  0 ] (0.00002171)
[  0  0  0  0  0  0  2  0  0 ] (0.00000000)
[  0  0  0  0  0  0  2  0  1 ] (0.00000011)
[  0  0  0  0  0  0  2  0  2 ] (0.00000011)
[  0  0  0  0  0  0  2  0  3 ] (0.00000007)
[  0  0  0  0  0  0  2  1  0 ] (0.00000000)
[  0  0  0  0  0  0  2  1  1 ] (0.00000058)
[  0  0  0  0  0  0  2  1  2 ] (0.00000029)
[  0  0  0  0  0  0  2  2  0 ] (0.00000000)
[  0  0  0  0  0  0  2  2  1 ] (0.00000065)
[  0  0  0  0  0  0  2  3  0 ] (0.00000012)
[  0  0  0  0  0  0  3  0  0 ] (0.00000001)
[  0  0  0  0  0  0  3  0  1 ] (0.00000017)
[  0  0  0  0  0  0  3  0  2 ] (0.00005500)
[  0  0  0  0  0  0  3  1  0 ] (0.00000128)
[  0  0  0  0  0  0  3  1  1 ] (0.00004892)
[  0  0  0  0  0  0  3  2  0 ] (0.00000001)
[  0  0  0  0  0  0  4  0  0 ] (0.00000025)
[  0  0  0  0  0  0  4  0  1 ] (0.00000069)
[  0  0  0  0  0  0  4  1  0 ] (0.00000082)
[  0  0  0  0  0  0  5  0  0 ] (0.00000008)
[  0  0  0  0  0  1  0  0  0 ] (0.00000001)
[  0  0  0  0  0  1  0  0  1 ] (0.00000000)
[  0  0  0  0  0  1  0  0  2 ] (0.00000014)
[  0  0  0  0  0  1  0  0  3 ] (0.00000943)
[  0  0  0  0  0  1  0  0  4 ] (0.00000005)
[  0  0  0  0  0  1  0  1  0 ] (0.00000004)
[  0  0  0  0  0  1  0  1  1 ] (0.00000012)
[  0  0  0  0  0  1  0  1  2 ] (0.00000054)
[  0  0  0  0  0  1  0  1  3 ] (0.00000000)
[  0  0  0  0  0  1  0  2  0 ] (0.00000004)
[  0  0  0  0  0  1  0  2  1 ] (0.00000091)
[  0  0  0  0  0  1  0  2  2 ] (0.00000013)
[  0  0  0  0  0  1  0  3  0 ] (0.00000004)
[  0  0  0  0  0  1  0  3  1 ] (0.00000087)
[  0  0  0  0  0  1  0  4  0 ] (0.00000312)
[  0  0  0  0  0  1  1  0  0 ] (0.00000008)
[  0  0  0  0  0  1  1  0  1 ] (0.00000028)
[  0  0  0  0  0  1  1  0  2 ] (0.00000427)
[  0  0  0  0  0  1  1  0  3 ] (0.00000008)
[  0  0  0  0  0  1  1  1  0 ] (0.00000003)
[  0  0  0  0  0  1  1  1  1 ] (0.00001213)
[  0  0  0  0  0  1  1  1  2 ] (0.00000008)
[  0  0  0  0  0  1  1  2  0 ] (0.00000027)
[  0  0  0  0  0  1  1  2  1 ] (0.00000015)
[  0  0  0  0  0  1  1  3  0 ] (0.00000263)
[  0  0  0  0  0  1  2  0  0 ] (0.00000008)
[  0  0  0  0  0  1  2  0  1 ] (0.00000001)
[  0  0  0  0  0  1  2  0  2 ] (0.00000001)
[  0  0  0  0  0  1  2  1  0 ] (0.00000016)
[  0  0  0  0  0  1  2  1  1 ] (0.00000038)
[  0  0  0  0  0  1  2  2  0 ] (0.00000611)
[  0  0  0  0  0  1  3  0  0 ] (0.00000051)
[  0  0  0  0  0  1  3  0  1 ] (0.00000959)
[  0  0  0  0  0  1  3  1  0 ] (0.00000024)
[  0  0  0  0  0  1  4  0  0 ] (0.00000048)
[  0  0  0  0  0  2  0  0  0 ] (0.00000024)
[  0  0  0  0  0  2  0  0  1 ] (0.00000021)
[  0  0  0  0  0  2  0  0  2 ] (0.00000112)
[  0  0  0  0  0  2  0  0  3 ] (0.00000120)
[  0  0  0  0  0  2  0  1  0 ] (0.00000000)
[  0  0  0  0  0  2  0  1  1 ] (0.00000001)
[  0  0  0  0  0  2  0  1  2 ] (0.00000271)
[  0  0  0  0  0  2  0  2  0 ] (0.00000065)
[  0  0  0  0  0  2  0  2  1 ] (0.00000782)
[  0  0  0  0  0  2  0  3  0 ] (0.00000000)
[  0  0  0  0  0  2  1  0  0 ] (0.00000016)
[  0  0  0  0  0  2  1  0  1 ] (0.00000030)
[  0  0  0  0  0  2  1  0  2 ] (0.00000107)
[  0  0  0  0  0  2  1  1  0 ] (0.00000028)
[  0  0  0  0  0  2  1  1  1 ] (0.00000011)
[  0  0  0  0  0  2  1  2  0 ] (0.00000042)
[  0  0  0  0  0  2  2  0  0 ] (0.00000006)
[  0  0  0  0  0  2  2  0  1 ] (0.00000094)
[  0  0  0  0  0  2  2  1  0 ] (0.00001619)
[  0  0  0  0  0  2  3  0  0 ] (0.00000033)
[  0  0  0  0  0  3  0  0  0 ] (0.00000014)
[  0  0  0  0  0  3  0  0  1 ] (0.00000005)
[  0  0  0  0  0  3  0  0  2 ] (0.00001454)
[  0  0  0  0  0  3  0  1  0 ] (0.00000002)
[  0  0  0  0  0  3  0  1  1 ] (0.00002215)
[  0  0  0  0  0  3  0  2  0 ] (0.00000034)
[  0  0  0  0  0  3  1  0  0 ] (0.00000003)
[  0  0  0  0  0  3  1  0  1 ] (0.00000045)
[  0  0  0  0  0  3  1  1  0 ] (0.00000004)
[  0  0  0  0  0  3  2  0  0 ] (0.00000000)
[  0  0  0  0  0  4  0  0  0 ] (0.00000042)
[  0  0  0  0  0  4  0  0  1 ] (0.00000316)
[  0  0  0  0  0  4  0  1  0 ] (0.00000042)
[  0  0  0  0  0  4  1  0  0 ] (0.00000022)
[  0  0  0  0  0  5  0  0  0 ] (0.00000000)
[  0  0  0  0  1  0  0  0  0 ] (0.00000000)
[  0  0  0  0  1  0  0  0  1 ] (0.00000000)
[  0  0  0  0  1  0  0  0  2 ] (0.00000000)
[  0  0  0  0  1  0  0  0  3 ] (0.00002073)
[  0  0  0  0  1  0  0  0  4 ] (0.00000007)
[  0  0  0  0  1  0  0  1  0 ] (0.00000000)
[  0  0  0  0  1  0  0  1  1 ] (0.00000030)
[  0  0  0  0  1  0  0  1  2 ] (0.00000013)
[  0  0  0  0  1  0  0  1  3 ] (0.00000168)
[  0  0  0  0  1  0  0  2  0 ] (0.00000008)
[  0  0  0  0  1  0  0  2  1 ] (0.00000283)
[  0  0  0  0  1  0  0  2  2 ] (0.00000164)
[  0  0  0  0  1  0  0  3  0 ] (0.00000082)
[  0  0  0  0  1  0  0  3  1 ] (0.00000093)
[  0  0  0  0  1  0  0  4  0 ] (0.00000068)
[  0  0  0  0  1  0  1  0  0 ] (0.00000000)
[  0  0  0  0  1  0  1  0  1 ] (0.00000270)
[  0  0  0  0  1  0  1  0  2 ] (0.00001356)
[  0  0  0  0  1  0  1  0  3 ] (0.00000018)
[  0  0  0  0  1  0  1  1  0 ] (0.00000008)
[  0  0  0  0  1  0  1  1  1 ] (0.00000017)
[  0  0  0  0  1  0  1  1  2 ] (0.00000203)
[  0  0  0  0  1  0  1  2  0 ] (0.00000066)
[  0  0  0  0  1  0  1  2  1 ] (0.00000011)
[  0  0  0  0  1  0  1  3  0 ] (0.00000447)
[  0  0  0  0  1  0  2  0  0 ] (0.00000041)
[  0  0  0  0  1  0  2  0  1 ] (0.00000015)
[  0  0  0  0  1  0  2  0  2 ] (0.00000223)
[  0  0  0  0  1  0  2  1  0 ] (0.00000030)
[  0  0  0  0  1  0  2  1  1 ] (0.00000034)
[  0  0  0  0  1  0  2  2  0 ] (0.00000003)
[  0  0  0  0  1  0  3  0  0 ] (0.00000075)
[  0  0  0  0  1  0  3  0  1 ] (0.00000361)
[  0  0  0  0  1  0  3  1  0 ] (0.00000492)
[  0  0  0  0  1  0  4  0  0 ] (0.00000183)
[  0  0  0  0  1  1  0  0  0 ] (0.00000003)
[  0  0  0  0  1  1  0  0  1 ] (0.00000115)
[  0  0  0  0  1  1  0  0  2 ] (0.00000089)
[  0  0  0  0  1  1  0  0  3 ] (0.00000052)
[  0  0  0  0  1  1  0  1  0 ] (0.00000059)
[  0  0  0  0  1  1  0  1  1 ] (0.00000077)
[  0  0  0  0  1  1  0  1  2 ] (0.00000001)
[  0  0  0  0  1  1  0  2  0 ] (0.00000078)
[  0  0  0  0  1  1  0  2  1 ] (0.00000016)
[  0  0  0  0  1  1  0  3  0 ] (0.00000337)
[  0  0  0  0  1  1  1  0  0 ] (0.00000100)
[  0  0  0  0  1  1  1  0  1 ] (0.00000143)
[  0  0  0  0  1  1  1  0  2 ] (0.00000069)
[  0  0  0  0  1  1  1  1  0 ] (0.00001120)
[  0  0  0  0  1  1  1  1  1 ] (0.00000001)
[  0  0  0  0  1  1  1  2  0 ] (0.00003932)
[  0  0  0  0  1  1  2  0  0 ] (0.00000002)
[  0  0  0  0  1  1  2  0  1 ] (0.00000067)
[  0  0  0  0  1  1  2  1  0 ] (0.00000709)
[  0  0  0  0  1  1  3  0  0 ] (0.00000351)
[  0  0  0  0  1  2  0  0  0 ] (0.00000010)
[  0  0  0  0  1  2  0  0  1 ] (0.00000011)
[  0  0  0  0  1  2  0  0  2 ] (0.00000067)
[  0  0  0  0  1  2  0  1  0 ] (0.00000115)
[  0  0  0  0  1  2  0  1  1 ] (0.00000093)
[  0  0  0  0  1  2  0  2  0 ] (0.00000496)
[  0  0  0  0  1  2  1  0  0 ] (0.00000070)
[  0  0  0  0  1  2  1  0  1 ] (0.00000059)
[  0  0  0  0  1  2  1  1  0 ] (0.00000370)
[  0  0  0  0  1  2  2  0  0 ] (0.00009316)
[  0  0  0  0  1  3  0  0  0 ] (0.00000002)
[  0  0  0  0  1  3  0  0  1 ] (0.00000027)
[  0  0  0  0  1  3  0  1  0 ] (0.00000026)
[  0  0  0  0  1  3  1  0  0 ] (0.00000033)
[  0  0  0  0  1  4  0  0  0 ] (0.00000008)
[  0  0  0  0  2  0  0  0  0 ] (0.00000001)
[  0  0  0  0  2  0  0  0  1 ] (0.00000134)
[  0  0  0  0  2  0  0  0  2 ] (0.00000002)
[  0  0  0  0  2  0  0  0  3 ] (0.00000037)
[  0  0  0  0  2  0  0  1  0 ] (0.00000023)
[  0  0  0  0  2  0  0  1  1 ] (0.00000829)
[  0  0  0  0  2  0  0  1  2 ] (0.00000026)
[  0  0  0  0  2  0  0  2  0 ] (0.00000006)
[  0  0  0  0  2  0  0  2  1 ] (0.00000000)
[  0  0  0  0  2  0  0  3  0 ] (0.00000100)
[  0  0  0  0  2  0  1  0  0 ] (0.00000000)
[  0  0  0  0  2  0  1  0  1 ] (0.00000393)
[  0  0  0  0  2  0  1  0  2 ] (0.00000016)
[  0  0  0  0  2  0  1  1  0 ] (0.00000123)
[  0  0  0  0  2  0  1  1  1 ] (0.00000069)
[  0  0  0  0  2  0  1  2  0 ] (0.00000016)
[  0  0  0  0  2  0  2  0  0 ] (0.00000110)
[  0  0  0  0  2  0  2  0  1 ] (0.00000093)
[  0  0  0  0  2  0  2  1  0 ] (0.00000148)
[  0  0  0  0  2  0  3  0  0 ] (0.00000018)
[  0  0  0  0  2  1  0  0  0 ] (0.00000001)
[  0  0  0  0  2  1  0  0  1 ] (0.00000016)
[  0  0  0  0  2  1  0  0  2 ] (0.00000040)
[  0  0  0  0  2  1  0  1  0 ] (0.00000039)
[  0  0  0  0  2  1  0  1  1 ] (0.00000028)
[  0  0  0  0  2  1  0  2  0 ] (0.00000126)
[  0  0  0  0  2  1  1  0  0 ] (0.00000042)
[  0  0  0  0  2  1  1  0  1 ] (0.00000282)
[  0  0  0  0  2  1  1  1  0 ] (0.00000072)
[  0  0  0  0  2  1  2  0  0 ] (0.00001617)
[  0  0  0  0  2  2  0  0  0 ] (0.00000190)
[  0  0  0  0  2  2  0  0  1 ] (0.00000014)
[  0  0  0  0  2  2  0  1  0 ] (0.00002734)
[  0  0  0  0  2  2  1  0  0 ] (0.00001629)
[  0  0  0  0  2  3  0  0  0 ] (0.00000009)
[  0  0  0  0  3  0  0  0  0 ] (0.00000003)
[  0  0  0  0  3  0  0  0  1 ] (0.00000009)
[  0  0  0  0  3  0  0  0  2 ] (0.00000487)
[  0  0  0  0  3  0  0  1  0 ] (0.00000009)
[  0  0  0  0  3  0  0  1  1 ] (0.00000005)
[  0  0  0  0  3  0  0  2  0 ] (0.00000156)
[  0  0  0  0  3  0  1  0  0 ] (0.00000024)
[  0  0  0  0  3  0  1  0  1 ] (0.00001494)
[  0  0  0  0  3  0  1  1  0 ] (0.00000021)
[  0  0  0  0  3  0  2  0  0 ] (0.00000001)
[  0  0  0  0  3  1  0  0  0 ] (0.00000000)
[  0  0  0  0  3  1  0  0  1 ] (0.00000069)
[  0  0  0  0  3  1  0  1  0 ] (0.00000000)
[  0  0  0  0  3  1  1  0  0 ] (0.00000104)
[  0  0  0  0  3  2  0  0  0 ] (0.00000004)
[  0  0  0  0  4  0  0  0  0 ] (0.00000031)
[  0  0  0  0  4  0  0  0  1 ] (0.00000003)
[  0  0  0  0  4  0  0  1  0 ] (0.00000034)
[  0  0  0  0  4  0  1  0  0 ] (0.00000226)
[  0  0  0  0  4  1  0  0  0 ] (0.00000008)
[  0  0  0  0  5  0  0  0  0 ] (0.00000168)
[  0  0  0  1  0  0  0  0  0 ] (0.00000002)
[  0  0  0  1  0  0  0  0  1 ] (0.00000012)
[  0  0  0  1  0  0  0  0  2 ] (0.00000004)
[  0  0  0  1  0  0  0  0  3 ] (0.00001856)
[  0  0  0  1  0  0  0  0  4 ] (0.00000035)
[  0  0  0  1  0  0  0  1  0 ] (0.00000003)
[  0  0  0  1  0  0  0  1  1 ] (0.00000001)
[  0  0  0  1  0  0  0  1  2 ] (0.00000923)
[  0  0  0  1  0  0  0  1  3 ] (0.00000000)
[  0  0  0  1  0  0  0  2  0 ] (0.00000022)
[  0  0  0  1  0  0  0  2  1 ] (0.00000336)
[  0  0  0  1  0  0  0  2  2 ] (0.00000041)
[  0  0  0  1  0  0  0  3  0 ] (0.00000036)
[  0  0  0  1  0  0  0  3  1 ] (0.00000608)
[  0  0  0  1  0  0  0  4  0 ] (0.00002104)
[  0  0  0  1  0  0  1  0  0 ] (0.00000006)
[  0  0  0  1  0  0  1  0  1 ] (0.00000030)
[  0  0  0  1  0  0  1  0  2 ] (0.00000002)
[  0  0  0  1  0  0  1  0  3 ] (0.00000085)
[  0  0  0  1  0  0  1  1  0 ] (0.00000045)
[  0  0  0  1  0  0  1  1  1 ] (0.00000104)
[  0  0  0  1  0  0  1  1  2 ] (0.00000062)
[  0  0  0  1  0  0  1  2  0 ] (0.00000013)
[  0  0  0  1  0  0  1  2  1 ] (0.00000034)
[  0  0  0  1  0  0  1  3  0 ] (0.00000287)
[  0  0  0  1  0  0  2  0  0 ] (0.00000059)
[  0  0  0  1  0  0  2  0  1 ] (0.00000804)
[  0  0  0  1  0  0  2  0  2 ] (0.00000016)
[  0  0  0  1  0  0  2  1  0 ] (0.00000005)
[  0  0  0  1  0  0  2  1  1 ] (0.00000014)
[  0  0  0  1  0  0  2  2  0 ] (0.00000132)
[  0  0  0  1  0  0  3  0  0 ] (0.00000021)
[  0  0  0  1  0  0  3  0  1 ] (0.00000554)
[  0  0  0  1  0  0  3  1  0 ] (0.00000425)
[  0  0  0  1  0  0  4  0  0 ] (0.00000002)
[  0  0  0  1  0  1  0  0  0 ] (0.00000001)
[  0  0  0  1  0  1  0  0  1 ] (0.00000236)
[  0  0  0  1  0  1  0  0  2 ] (0.00000112)
[  0  0  0  1  0  1  0  0  3 ] (0.00000054)
[  0  0  0  1  0  1  0  1  0 ] (0.00000048)
[  0  0  0  1  0  1  0  1  1 ] (0.00000714)
[  0  0  0  1  0  1  0  1  2 ] (0.00000201)
[  0  0  0  1  0  1  0  2  0 ] (0.00000020)
[  0  0  0  1  0  1  0  2  1 ] (0.00002372)
[  0  0  0  1  0  1  0  3  0 ] (0.00000095)
[  0  0  0  1  0  1  1  0  0 ] (0.00000004)
[  0  0  0  1  0  1  1  0  1 ] (0.00000057)
[  0  0  0  1  0  1  1  0  2 ] (0.00000000)
[  0  0  0  1  0  1  1  1  0 ] (0.00000068)
[  0  0  0  1  0  1  1  1  1 ] (0.00000099)
[  0  0  0  1  0  1  1  2  0 ] (0.00000043)
[  0  0  0  1  0  1  2  0  0 ] (0.00000008)
[  0  0  0  1  0  1  2  0  1 ] (0.00000001)
[  0  0  0  1  0  1  2  1  0 ] (0.00000061)
[  0  0  0  1  0  1  3  0  0 ] (0.00000020)
[  0  0  0  1  0  2  0  0  0 ] (0.00000003)
[  0  0  0  1  0  2  0  0  1 ] (0.00000008)
[  0  0  0  1  0  2  0  0  2 ] (0.00000327)
[  0  0  0  1  0  2  0  1  0 ] (0.00000016)
[  0  0  0  1  0  2  0  1  1 ] (0.00000094)
[  0  0  0  1  0  2  0  2  0 ] (0.00000105)
[  0  0  0  1  0  2  1  0  0 ] (0.00000002)
[  0  0  0  1  0  2  1  0  1 ] (0.00000012)
[  0  0  0  1  0  2  1  1  0 ] (0.00000245)
[  0  0  0  1  0  2  2  0  0 ] (0.00000134)
[  0  0  0  1  0  3  0  0  0 ] (0.00000028)
[  0  0  0  1  0  3  0  0  1 ] (0.00001196)
[  0  0  0  1  0  3  0  1  0 ] (0.00000005)
[  0  0  0  1  0  3  1  0  0 ] (0.00000047)
[  0  0  0  1  0  4  0  0  0 ] (0.00000316)
[  0  0  0  1  1  0  0  0  0 ] (0.00000023)
[  0  0  0  1  1  0  0  0  1 ] (0.00000037)
[  0  0  0  1  1  0  0  0  2 ] (0.00000523)
[  0  0  0  1  1  0  0  0  3 ] (0.00000006)
[  0  0  0  1  1  0  0  1  0 ] (0.00000228)
[  0  0  0  1  1  0  0  1  1 ] (0.00000013)
[  0  0  0  1  1  0  0  1  2 ] (0.00000022)
[  0  0  0  1  1  0  0  2  0 ] (0.00000017)
[  0  0  0  1  1  0  0  2  1 ] (0.00000909)
[  0  0  0  1  1  0  0  3  0 ] (0.00001454)
[  0  0  0  1  1  0  1  0  0 ] (0.00000039)
[  0  0  0  1  1  0  1  0  1 ] (0.00001817)
[  0  0  0  1  1  0  1  0  2 ] (0.00000215)
[  0  0  0  1  1  0  1  1  0 ] (0.00000087)
[  0  0  0  1  1  0  1  1  1 ] (0.00000000)
[  0  0  0  1  1  0  1  2  0 ] (0.00000016)
[  0  0  0  1  1  0  2  0  0 ] (0.00000001)
[  0  0  0  1  1  0  2  0  1 ] (0.00000184)
[  0  0  0  1  1  0  2  1  0 ] (0.00000007)
[  0  0  0  1  1  0  3  0  0 ] (0.00000320)
[  0  0  0  1  1  1  0  0  0 ] (0.00000206)
[  0  0  0  1  1  1  0  0  1 ] (0.00000194)
[  0  0  0  1  1  1  0  0  2 ] (0.00000061)
[  0  0  0  1  1  1  0  1  0 ] (0.00000924)
[  0  0  0  1  1  1  0  1  1 ] (0.00000122)
[  0  0  0  1  1  1  0  2  0 ] (0.00007122)
[  0  0  0  1  1  1  1  0  0 ] (0.00000002)
[  0  0  0  1  1  1  1  0  1 ] (0.00000009)
[  0  0  0  1  1  1  1  1  0 ] (0.00000112)
[  0  0  0  1  1  1  2  0  0 ] (0.00000033)
[  0  0  0  1  1  2  0  0  0 ] (0.00000402)
[  0  0  0  1  1  2  0  0  1 ] (0.00000000)
[  0  0  0  1  1  2  0  1  0 ] (0.00005921)
[  0  0  0  1  1  2  1  0  0 ] (0.00000086)
[  0  0  0  1  1  3  0  0  0 ] (0.00000097)
[  0  0  0  1  2  0  0  0  0 ] (0.00000006)
[  0  0  0  1  2  0  0  0  1 ] (0.00000008)
[  0  0  0  1  2  0  0  0  2 ] (0.00000014)
[  0  0  0  1  2  0  0  1  0 ] (0.00000015)
[  0  0  0  1  2  0  0  1  1 ] (0.00000008)
[  0  0  0  1  2  0  0  2  0 ] (0.00001157)
[  0  0  0  1  2  0  1  0  0 ] (0.00000063)
[  0  0  0  1  2  0  1  0  1 ] (0.00000008)
[  0  0  0  1  2  0  1  1  0 ] (0.00000013)
[  0  0  0  1  2  0  2  0  0 ] (0.00000096)
[  0  0  0  1  2  1  0  0  0 ] (0.00000042)
[  0  0  0  1  2  1  0  0  1 ] (0.00000001)
[  0  0  0  1  2  1  0  1  0 ] (0.00000012)
[  0  0  0  1  2  1  1  0  0 ] (0.00001624)
[  0  0  0  1  2  2  0  0  0 ] (0.00002166)
[  0  0  0  1  3  0  0  0  0 ] (0.00000002)
[  0  0  0  1  3  0  0  0  1 ] (0.00000181)
[  0  0  0  1  3  0  0  1  0 ] (0.00000066)
[  0  0  0  1  3  0  1  0  0 ] (0.00000046)
[  0  0  0  1  3  1  0  0  0 ] (0.00000005)
[  0  0  0  1  4  0  0  0  0 ] (0.00000134)
[  0  0  0  2  0  0  0  0  0 ] (0.00000010)
[  0  0  0  2  0  0  0  0  1 ] (0.00000363)
[  0  0  0  2  0  0  0  0  2 ] (0.00000090)
[  0  0  0  2  0  0  0  0  3 ] (0.00000486)
[  0  0  0  2  0  0  0  1  0 ] (0.00000005)
[  0  0  0  2  0  0  0  1  1 ] (0.00002873)
[  0  0  0  2  0  0  0  1  2 ] (0.00000051)
[  0  0  0  2  0  0  0  2  0 ] (0.00000001)
[  0  0  0  2  0  0  0  2  1 ] (0.00000058)
[  0  0  0  2  0  0  0  3  0 ] (0.00000001)
[  0  0  0  2  0  0  1  0  0 ] (0.00000004)
[  0  0  0  2  0  0  1  0  1 ] (0.00000003)
[  0  0  0  2  0  0  1  0  2 ] (0.00000342)
[  0  0  0  2  0  0  1  1  0 ] (0.00000000)
[  0  0  0  2  0  0  1  1  1 ] (0.00000070)
[  0  0  0  2  0  0  1  2  0 ] (0.00000418)
[  0  0  0  2  0  0  2  0  0 ] (0.00000000)
[  0  0  0  2  0  0  2  0  1 ] (0.00000198)
[  0  0  0  2  0  0  2  1  0 ] (0.00000039)
[  0  0  0  2  0  0  3  0  0 ] (0.00000101)
[  0  0  0  2  0  1  0  0  0 ] (0.00000021)
[  0  0  0  2  0  1  0  0  1 ] (0.00000019)
[  0  0  0  2  0  1  0  0  2 ] (0.00000297)
[  0  0  0  2  0  1  0  1  0 ] (0.00000060)
[  0  0  0  2  0  1  0  1  1 ] (0.00001052)
[  0  0  0  2  0  1  0  2  0 ] (0.00000097)
[  0  0  0  2  0  1  1  0  0 ] (0.00000002)
[  0  0  0  2  0  1  1  0  1 ] (0.00000128)
[  0  0  0  2  0  1  1  1  0 ] (0.00000127)
[  0  0  0  2  0  1  2  0  0 ] (0.00000054)
[  0  0  0  2  0  2  0  0  0 ] (0.00000135)
[  0  0  0  2  0  2  0  0  1 ] (0.00002181)
[  0  0  0  2  0  2  0  1  0 ] (0.00001055)
[  0  0  0  2  0  2  1  0  0 ] (0.00001474)
[  0  0  0  2  0  3  0  0  0 ] (0.00000001)
[  0  0  0  2  1  0  0  0  0 ] (0.00000027)
[  0  0  0  2  1  0  0  0  1 ] (0.00000099)
[  0  0  0  2  1  0  0  0  2 ] (0.00000005)
[  0  0  0  2  1  0  0  1  0 ] (0.00000045)
[  0  0  0  2  1  0  0  1  1 ] (0.00000167)
[  0  0  0  2  1  0  0  2  0 ] (0.00002655)
[  0  0  0  2  1  0  1  0  0 ] (0.00000081)
[  0  0  0  2  1  0  1  0  1 ] (0.00000278)
[  0  0  0  2  1  0  1  1  0 ] (0.00000336)
[  0  0  0  2  1  0  2  0  0 ] (0.00000309)
[  0  0  0  2  1  1  0  0  0 ] (0.00000059)
[  0  0  0  2  1  1  0  0  1 ] (0.00000380)
[  0  0  0  2  1  1  0  1  0 ] (0.00000009)
[  0  0  0  2  1  1  1  0  0 ] (0.00000094)
[  0  0  0  2  1  2  0  0  0 ] (0.00002032)
[  0  0  0  2  2  0  0  0  0 ] (0.00000132)
[  0  0  0  2  2  0  0  0  1 ] (0.00000004)
[  0  0  0  2  2  0  0  1  0 ] (0.00000695)
[  0  0  0  2  2  0  1  0  0 ] (0.00000070)
[  0  0  0  2  2  1  0  0  0 ] (0.00000262)
[  0  0  0  2  3  0  0  0  0 ] (0.00000013)
[  0  0  0  3  0  0  0  0  0 ] (0.00000010)
[  0  0  0  3  0  0  0  0  1 ] (0.00000169)
[  0  0  0  3  0  0  0  0  2 ] (0.00000377)
[  0  0  0  3  0  0  0  1  0 ] (0.00000010)
[  0  0  0  3  0  0  0  1  1 ] (0.00005949)
[  0  0  0  3  0  0  0  2  0 ] (0.00000062)
[  0  0  0  3  0  0  1  0  0 ] (0.00000021)
[  0  0  0  3  0  0  1  0  1 ] (0.00000727)
[  0  0  0  3  0  0  1  1  0 ] (0.00000030)
[  0  0  0  3  0  0  2  0  0 ] (0.00000093)
[  0  0  0  3  0  1  0  0  0 ] (0.00000001)
[  0  0  0  3  0  1  0  0  1 ] (0.00000004)
[  0  0  0  3  0  1  0  1  0 ] (0.00000059)
[  0  0  0  3  0  1  1  0  0 ] (0.00000156)
[  0  0  0  3  0  2  0  0  0 ] (0.00000001)
[  0  0  0  3  1  0  0  0  0 ] (0.00000047)
[  0  0  0  3  1  0  0  0  1 ] (0.00000144)
[  0  0  0  3  1  0  0  1  0 ] (0.00000269)
[  0  0  0  3  1  0  1  0  0 ] (0.00000008)
[  0  0  0  3  1  1  0  0  0 ] (0.00000014)
[  0  0  0  3  2  0  0  0  0 ] (0.00000002)
[  0  0  0  4  0  0  0  0  0 ] (0.00000001)
[  0  0  0  4  0  0  0  0  1 ] (0.00002056)
[  0  0  0  4  0  0  0  1  0 ] (0.00000109)
[  0  0  0  4  0  0  1  0  0 ] (0.00000117)
[  0  0  0  4  0  1  0  0  0 ] (0.00000037)
[  0  0  0  4  1  0  0  0  0 ] (0.00000051)
[  0  0  0  5  0  0  0  0  0 ] (0.00000332)
[  0  0  1  0  0  0  0  0  0 ] (0.00000000)
[  0  0  1  0  0  0  0  0  1 ] (0.00006169)
[  0  0  1  0  0  0  0  0  2 ] (0.00010939)
[  0  0  1  0  0  0  0  0  3 ] (0.00097640)
[  0  0  1  0  0  0  0  0  4 ] (0.00017263)
[  0  0  1  0  0  0  0  1  0 ] (0.00000165)
[  0  0  1  0  0  0  0  1  1 ] (0.00001861)
[  0  0  1  0  0  0  0  1  2 ] (0.00000012)
[  0  0  1  0  0  0  0  1  3 ] (0.00078731)
[  0  0  1  0  0  0  0  2  0 ] (0.00000903)
[  0  0  1  0  0  0  0  2  1 ] (0.00068647)
[  0  0  1  0  0  0  0  2  2 ] (0.00592206)
[  0  0  1  0  0  0  0  3  0 ] (0.00000410)
[  0  0  1  0  0  0  0  3  1 ] (0.00028834)
[  0  0  1  0  0  0  0  4  0 ] (0.00040104)
[  0  0  1  0  0  0  1  0  0 ] (0.00001606)
[  0  0  1  0  0  0  1  0  1 ] (0.00004077)
[  0  0  1  0  0  0  1  0  2 ] (0.00000010)
[  0  0  1  0  0  0  1  0  3 ] (0.00024694)
[  0  0  1  0  0  0  1  1  0 ] (0.00009828)
[  0  0  1  0  0  0  1  1  1 ] (0.00006847)
[  0  0  1  0  0  0  1  1  2 ] (0.00243509)
[  0  0  1  0  0  0  1  2  0 ] (0.00002478)
[  0  0  1  0  0  0  1  2  1 ] (0.00059969)
[  0  0  1  0  0  0  1  3  0 ] (0.00000744)
[  0  0  1  0  0  0  2  0  0 ] (0.00000000)
[  0  0  1  0  0  0  2  0  1 ] (0.00000748)
[  0  0  1  0  0  0  2  0  2 ] (0.00101842)
[  0  0  1  0  0  0  2  1  0 ] (0.00034532)
[  0  0  1  0  0  0  2  1  1 ] (0.00464006)
[  0  0  1  0  0  0  2  2  0 ] (0.00019248)
[  0  0  1  0  0  0  3  0  0 ] (0.00022498)
[  0  0  1  0  0  0  3  0  1 ] (0.00044690)
[  0  0  1  0  0  0  3  1  0 ] (0.00019187)
[  0  0  1  0  0  0  4  0  0 ] (0.00007626)
[  0  0  1  0  0  1  0  0  0 ] (0.00000010)
[  0  0  1  0  0  1  0  0  1 ] (0.00003808)
[  0  0  1  0  0  1  0  0  2 ] (0.00001688)
[  0  0  1  0  0  1  0  0  3 ] (0.00004172)
[  0  0  1  0  0  1  0  1  0 ] (0.00029831)
[  0  0  1  0  0  1  0  1  1 ] (0.00114580)
[  0  0  1  0  0  1  0  1  2 ] (0.01285043)
[  0  0  1  0  0  1  0  2  0 ] (0.00000335)
[  0  0  1  0  0  1  0  2  1 ] (0.00018683)
[  0  0  1  0  0  1  0  3  0 ] (0.00034839)
[  0  0  1  0  0  1  1  0  0 ] (0.00000034)
[  0  0  1  0  0  1  1  0  1 ] (0.00005504)
[  0  0  1  0  0  1  1  0  2 ] (0.00000361)
[  0  0  1  0  0  1  1  1  0 ] (0.00012428)
[  0  0  1  0  0  1  1  1  1 ] (0.00311447)
[  0  0  1  0  0  1  1  2  0 ] (0.00192692)
[  0  0  1  0  0  1  2  0  0 ] (0.00034466)
[  0  0  1  0  0  1  2  0  1 ] (0.00455833)
[  0  0  1  0  0  1  2  1  0 ] (0.00198660)
[  0  0  1  0  0  1  3  0  0 ] (0.00036424)
[  0  0  1  0  0  2  0  0  0 ] (0.00032295)
[  0  0  1  0  0  2  0  0  1 ] (0.00141420)
[  0  0  1  0  0  2  0  0  2 ] (0.02057601)
[  0  0  1  0  0  2  0  1  0 ] (0.00087475)
[  0  0  1  0  0  2  0  1  1 ] (0.01300802)
[  0  0  1  0  0  2  0  2  0 ] (0.00007620)
[  0  0  1  0  0  2  1  0  0 ] (0.00000114)
[  0  0  1  0  0  2  1  0  1 ] (0.00011755)
[  0  0  1  0  0  2  1  1  0 ] (0.00000445)
[  0  0  1  0  0  2  2  0  0 ] (0.00198619)
[  0  0  1  0  0  3  0  0  0 ] (0.00000050)
[  0  0  1  0  0  3  0  0  1 ] (0.00014533)
[  0  0  1  0  0  3  0  1  0 ] (0.00000370)
[  0  0  1  0  0  3  1  0  0 ] (0.00001086)
[  0  0  1  0  0  4  0  0  0 ] (0.00002296)
[  0  0  1  0  1  0  0  0  0 ] (0.00001741)
[  0  0  1  0  1  0  0  0  1 ] (0.00007443)
[  0  0  1  0  1  0  0  0  2 ] (0.00003266)
[  0  0  1  0  1  0  0  0  3 ] (0.00082203)
[  0  0  1  0  1  0  0  1  0 ] (0.00001866)
[  0  0  1  0  1  0  0  1  1 ] (0.00000397)
[  0  0  1  0  1  0  0  1  2 ] (0.00211833)
[  0  0  1  0  1  0  0  2  0 ] (0.00159818)
[  0  0  1  0  1  0  0  2  1 ] (0.02025332)
[  0  0  1  0  1  0  0  3  0 ] (0.00000290)
[  0  0  1  0  1  0  1  0  0 ] (0.00000111)
[  0  0  1  0  1  0  1  0  1 ] (0.00028337)
[  0  0  1  0  1  0  1  0  2 ] (0.00027408)
[  0  0  1  0  1  0  1  1  0 ] (0.00051838)
[  0  0  1  0  1  0  1  1  1 ] (0.00003998)
[  0  0  1  0  1  0  1  2  0 ] (0.00611298)
[  0  0  1  0  1  0  2  0  0 ] (0.00009085)
[  0  0  1  0  1  0  2  0  1 ] (0.00001091)
[  0  0  1  0  1  0  2  1  0 ] (0.00266424)
[  0  0  1  0  1  0  3  0  0 ] (0.00013886)
[  0  0  1  0  1  1  0  0  0 ] (0.00000824)
[  0  0  1  0  1  1  0  0  1 ] (0.00000417)
[  0  0  1  0  1  1  0  0  2 ] (0.01054568)
[  0  0  1  0  1  1  0  1  0 ] (0.00002536)
[  0  0  1  0  1  1  0  1  1 ] (0.00175262)
[  0  0  1  0  1  1  0  2  0 ] (0.00000710)
[  0  0  1  0  1  1  1  0  0 ] (0.00115134)
[  0  0  1  0  1  1  1  0  1 ] (0.00199316)
[  0  0  1  0  1  1  1  1  0 ] (0.01801230)
[  0  0  1  0  1  1  2  0  0 ] (0.00505655)
[  0  0  1  0  1  2  0  0  0 ] (0.00018171)
[  0  0  1  0  1  2  0  0  1 ] (0.00012657)
[  0  0  1  0  1  2  0  1  0 ] (0.00117594)
[  0  0  1  0  1  2  1  0  0 ] (0.00140208)
[  0  0  1  0  1  3  0  0  0 ] (0.00003475)
[  0  0  1  0  2  0  0  0  0 ] (0.00000570)
[  0  0  1  0  2  0  0  0  1 ] (0.00010850)
[  0  0  1  0  2  0  0  0  2 ] (0.00752760)
[  0  0  1  0  2  0  0  1  0 ] (0.00003691)
[  0  0  1  0  2  0  0  1  1 ] (0.00631568)
[  0  0  1  0  2  0  0  2  0 ] (0.00045301)
[  0  0  1  0  2  0  1  0  0 ] (0.00003168)
[  0  0  1  0  2  0  1  0  1 ] (0.00612830)
[  0  0  1  0  2  0  1  1  0 ] (0.00000103)
[  0  0  1  0  2  0  2  0  0 ] (0.00115085)
[  0  0  1  0  2  1  0  0  0 ] (0.00010020)
[  0  0  1  0  2  1  0  0  1 ] (0.00211494)
[  0  0  1  0  2  1  0  1  0 ] (0.00001491)
[  0  0  1  0  2  1  1  0  0 ] (0.00060738)
[  0  0  1  0  2  2  0  0  0 ] (0.00008177)
[  0  0  1  0  3  0  0  0  0 ] (0.00002641)
[  0  0  1  0  3  0  0  0  1 ] (0.00000518)
[  0  0  1  0  3  0  0  1  0 ] (0.00023518)
[  0  0  1  0  3  0  1  0  0 ] (0.00000680)
[  0  0  1  0  3  1  0  0  0 ] (0.00000495)
[  0  0  1  0  4  0  0  0  0 ] (0.00000365)
[  0  0  1  1  0  0  0  0  0 ] (0.00000000)
[  0  0  1  1  0  0  0  0  1 ] (0.00002843)
[  0  0  1  1  0  0  0  0  2 ] (0.00003651)
[  0  0  1  1  0  0  0  0  3 ] (0.00016004)
[  0  0  1  1  0  0  0  1  0 ] (0.00004705)
[  0  0  1  1  0  0  0  1  1 ] (0.00006494)
[  0  0  1  1  0  0  0  1  2 ] (0.00016661)
[  0  0  1  1  0  0  0  2  0 ] (0.00000031)
[  0  0  1  1  0  0  0  2  1 ] (0.00168631)
[  0  0  1  1  0  0  0  3  0 ] (0.00021565)
[  0  0  1  1  0  0  1  0  0 ] (0.00001704)
[  0  0  1  1  0  0  1  0  1 ] (0.00000025)
[  0  0  1  1  0  0  1  0  2 ] (0.00280870)
[  0  0  1  1  0  0  1  1  0 ] (0.00059307)
[  0  0  1  1  0  0  1  1  1 ] (0.00192398)
[  0  0  1  1  0  0  1  2  0 ] (0.00130391)
[  0  0  1  1  0  0  2  0  0 ] (0.00076501)
[  0  0  1  1  0  0  2  0  1 ] (0.00515058)
[  0  0  1  1  0  0  2  1  0 ] (0.00005573)
[  0  0  1  1  0  0  3  0  0 ] (0.00062543)
[  0  0  1  1  0  1  0  0  0 ] (0.00003196)
[  0  0  1  1  0  1  0  0  1 ] (0.00000490)
[  0  0  1  1  0  1  0  0  2 ] (0.00000848)
[  0  0  1  1  0  1  0  1  0 ] (0.00000551)
[  0  0  1  1  0  1  0  1  1 ] (0.00265685)
[  0  0  1  1  0  1  0  2  0 ] (0.00009170)
[  0  0  1  1  0  1  1  0  0 ] (0.00064835)
[  0  0  1  1  0  1  1  0  1 ] (0.00145240)
[  0  0  1  1  0  1  1  1  0 ] (0.00316438)
[  0  0  1  1  0  1  2  0  0 ] (0.02005530)
[  0  0  1  1  0  2  0  0  0 ] (0.00018079)
[  0  0  1  1  0  2  0  0  1 ] (0.00164120)
[  0  0  1  1  0  2  0  1  0 ] (0.00025208)
[  0  0  1  1  0  2  1  0  0 ] (0.00065311)
[  0  0  1  1  0  3  0  0  0 ] (0.00000090)
[  0  0  1  1  1  0  0  0  0 ] (0.00000637)
[  0  0  1  1  1  0  0  0  1 ] (0.00194937)
[  0  0  1  1  1  0  0  0  2 ] (0.00156402)
[  0  0  1  1  1  0  0  1  0 ] (0.00001117)
[  0  0  1  1  1  0  0  1  1 ] (0.00030078)
[  0  0  1  1  1  0  0  2  0 ] (0.00568571)
[  0  0  1  1  1  0  1  0  0 ] (0.00000019)
[  0  0  1  1  1  0  1  0  1 ] (0.00015391)
[  0  0  1  1  1  0  1  1  0 ] (0.00181137)
[  0  0  1  1  1  0  2  0  0 ] (0.00033491)
[  0  0  1  1  1  1  0  0  0 ] (0.00035802)
[  0  0  1  1  1  1  0  0  1 ] (0.00000313)
[  0  0  1  1  1  1  0  1  0 ] (0.00476701)
[  0  0  1  1  1  1  1  0  0 ] (0.00043899)
[  0  0  1  1  1  2  0  0  0 ] (0.00001248)
[  0  0  1  1  2  0  0  0  0 ] (0.00013078)
[  0  0  1  1  2  0  0  0  1 ] (0.00057716)
[  0  0  1  1  2  0  0  1  0 ] (0.00006017)
[  0  0  1  1  2  0  1  0  0 ] (0.00001480)
[  0  0  1  1  2  1  0  0  0 ] (0.00000002)
[  0  0  1  1  3  0  0  0  0 ] (0.00025027)
[  0  0  1  2  0  0  0  0  0 ] (0.00000114)
[  0  0  1  2  0  0  0  0  1 ] (0.00225714)
[  0  0  1  2  0  0  0  0  2 ] (0.00003362)
[  0  0  1  2  0  0  0  1  0 ] (0.00021902)
[  0  0  1  2  0  0  0  1  1 ] (0.00982632)
[  0  0  1  2  0  0  0  2  0 ] (0.00257169)
[  0  0  1  2  0  0  1  0  0 ] (0.00006184)
[  0  0  1  2  0  0  1  0  1 ] (0.00166252)
[  0  0  1  2  0  0  1  1  0 ] (0.00067871)
[  0  0  1  2  0  0  2  0  0 ] (0.00058008)
[  0  0  1  2  0  1  0  0  0 ] (0.00002558)
[  0  0  1  2  0  1  0  0  1 ] (0.00560049)
[  0  0  1  2  0  1  0  1  0 ] (0.00009280)
[  0  0  1  2  0  1  1  0  0 ] (0.00278266)
[  0  0  1  2  0  2  0  0  0 ] (0.00014259)
[  0  0  1  2  1  0  0  0  0 ] (0.00001791)
[  0  0  1  2  1  0  0  0  1 ] (0.00041168)
[  0  0  1  2  1  0  0  1  0 ] (0.00019651)
[  0  0  1  2  1  0  1  0  0 ] (0.00000070)
[  0  0  1  2  1  1  0  0  0 ] (0.00073781)
[  0  0  1  2  2  0  0  0  0 ] (0.00095359)
[  0  0  1  3  0  0  0  0  0 ] (0.00000636)
[  0  0  1  3  0  0  0  0  1 ] (0.00001864)
[  0  0  1  3  0  0  0  1  0 ] (0.00071054)
[  0  0  1  3  0  0  1  0  0 ] (0.00070189)
[  0  0  1  3  0  1  0  0  0 ] (0.00002050)
[  0  0  1  3  1  0  0  0  0 ] (0.00000665)
[  0  0  1  4  0  0  0  0  0 ] (0.00010438)
[  0  0  2  0  0  0  0  0  0 ] (0.00000002)
[  0  0  2  0  0  0  0  0  1 ] (0.00000002)
[  0  0  2  0  0  0  0  0  2 ] (0.00000012)
[  0  0  2  0  0  0  0  0  3 ] (0.00000139)
[  0  0  2  0  0  0  0  1  0 ] (0.00000001)
[  0  0  2  0  0  0  0  1  1 ] (0.00000001)
[  0  0  2  0  0  0  0  1  2 ] (0.00000226)
[  0  0  2  0  0  0  0  2  0 ] (0.00000022)
[  0  0  2  0  0  0  0  2  1 ] (0.00000118)
[  0  0  2  0  0  0  0  3  0 ] (0.00000000)
[  0  0  2  0  0  0  1  0  0 ] (0.00000012)
[  0  0  2  0  0  0  1  0  1 ] (0.00000078)
[  0  0  2  0  0  0  1  0  2 ] (0.00000411)
[  0  0  2  0  0  0  1  1  0 ] (0.00000002)
[  0  0  2  0  0  0  1  1  1 ] (0.00000039)
[  0  0  2  0  0  0  1  2  0 ] (0.00000270)
[  0  0  2  0  0  0  2  0  0 ] (0.00000191)
[  0  0  2  0  0  0  2  0  1 ] (0.00001010)
[  0  0  2  0  0  0  2  1  0 ] (0.00000001)
[  0  0  2  0  0  0  3  0  0 ] (0.00000022)
[  0  0  2  0  0  1  0  0  0 ] (0.00000000)
[  0  0  2  0  0  1  0  0  1 ] (0.00000000)
[  0  0  2  0  0  1  0  0  2 ] (0.00000083)
[  0  0  2  0  0  1  0  1  0 ] (0.00000000)
[  0  0  2  0  0  1  0  1  1 ] (0.00000072)
[  0  0  2  0  0  1  0  2  0 ] (0.00000060)
[  0  0  2  0  0  1  1  0  0 ] (0.00000033)
[  0  0  2  0  0  1  1  0  1 ] (0.00000072)
[  0  0  2  0  0  1  1  1  0 ] (0.00000254)
[  0  0  2  0  0  1  2  0  0 ] (0.00000018)
[  0  0  2  0  0  2  0  0  0 ] (0.00000012)
[  0  0  2  0  0  2  0  0  1 ] (0.00000029)
[  0  0  2  0  0  2  0  1  0 ] (0.00000035)
[  0  0  2  0  0  2  1  0  0 ] (0.00000002)
[  0  0  2  0  0  3  0  0  0 ] (0.00000000)
[  0  0  2  0  1  0  0  0  0 ] (0.00000012)
[  0  0  2  0  1  0  0  0  1 ] (0.00000027)
[  0  0  2  0  1  0  0  0  2 ] (0.00000248)
[  0  0  2  0  1  0  0  1  0 ] (0.00000000)
[  0  0  2  0  1  0  0  1  1 ] (0.00000103)
[  0  0  2  0  1  0  0  2  0 ] (0.00000104)
[  0  0  2  0  1  0  1  0  0 ] (0.00000070)
[  0  0  2  0  1  0  1  0  1 ] (0.00000747)
[  0  0  2  0  1  0  1  1  0 ] (0.00000020)
[  0  0  2  0  1  0  2  0  0 ] (0.00000631)
[  0  0  2  0  1  1  0  0  0 ] (0.00000001)
[  0  0  2  0  1  1  0  0  1 ] (0.00000147)
[  0  0  2  0  1  1  0  1  0 ] (0.00000008)
[  0  0  2  0  1  1  1  0  0 ] (0.00000004)
[  0  0  2  0  1  2  0  0  0 ] (0.00000005)
[  0  0  2  0  2  0  0  0  0 ] (0.00000053)
[  0  0  2  0  2  0  0  0  1 ] (0.00000033)
[  0  0  2  0  2  0  0  1  0 ] (0.00000344)
[  0  0  2  0  2  0  1  0  0 ] (0.00000085)
[  0  0  2  0  2  1  0  0  0 ] (0.00000043)
[  0  0  2  0  3  0  0  0  0 ] (0.00000002)
[  0  0  2  1  0  0  0  0  0 ] (0.00000004)
[  0  0  2  1  0  0  0  0  1 ] (0.00000086)
[  0  0  2  1  0  0  0  0  2 ] (0.00000441)
[  0  0  2  1  0  0  0  1  0 ] (0.00000010)
[  0  0  2  1  0  0  0  1  1 ] (0.00000012)
[  0  0  2  1  0  0  0  2  0 ] (0.00000007)
[  0  0  2  1  0  0  1  0  0 ] (0.00000005)
[  0  0  2  1  0  0  1  0  1 ] (0.00000007)
[  0  0  2  1  0  0  1  1  0 ] (0.00000009)
[  0  0  2  1  0  0  2  0  0 ] (0.00000485)
[  0  0  2  1  0  1  0  0  0 ] (0.00000083)
[  0  0  2  1  0  1  0  0  1 ] (0.00000221)
[  0  0  2  1  0  1  0  1  0 ] (0.00000222)
[  0  0  2  1  0  1  1  0  0 ] (0.00000184)
[  0  0  2  1  0  2  0  0  0 ] (0.00000034)
[  0  0  2  1  1  0  0  0  0 ] (0.00000001)
[  0  0  2  1  1  0  0  0  1 ] (0.00000079)
[  0  0  2  1  1  0  0  1  0 ] (0.00000270)
[  0  0  2  1  1  0  1  0  0 ] (0.00000125)
[  0  0  2  1  1  1  0  0  0 ] (0.00000221)
[  0  0  2  1  2  0  0  0  0 ] (0.00000008)
[  0  0  2  2  0  0  0  0  0 ] (0.00000000)
[  0  0  2  2  0  0  0  0  1 ] (0.00000022)
[  0  0  2  2  0  0  0  1  0 ] (0.00000239)
[  0  0  2  2  0  0  1  0  0 ] (0.00000009)
[  0  0  2  2  0  1  0  0  0 ] (0.00000014)
[  0  0  2  2  1  0  0  0  0 ] (0.00000001)
[  0  0  2  3  0  0  0  0  0 ] (0.00000036)
[  0  0  3  0  0  0  0  0  0 ] (0.00000000)
[  0  0  3  0  0  0  0  0  1 ] (0.00000000)
[  0  0  3  0  0  0  0  0  2 ] (0.00000000)
[  0  0  3  0  0  0  0  1  0 ] (0.00000000)
[  0  0  3  0  0  0  0  1  1 ] (0.00000001)
[  0  0  3  0  0  0  0  2  0 ] (0.00000001)
[  0  0  3  0  0  0  1  0  0 ] (0.00000002)
[  0  0  3  0  0  0  1  0  1 ] (0.00000006)
[  0  0  3  0  0  0  1  1  0 ] (0.00000000)
[  0  0  3  0  0  0  2  0  0 ] (0.00000000)
[  0  0  3  0  0  1  0  0  0 ] (0.00000001)
[  0  0  3  0  0  1  0  0  1 ] (0.00000001)
[  0  0  3  0  0  1  0  1  0 ] (0.00000004)
[  0  0  3  0  0  1  1  0  0 ] (0.00000008)
[  0  0  3  0  0  2  0  0  0 ] (0.00000000)
[  0  0  3  0  1  0  0  0  0 ] (0.00000001)
[  0  0  3  0  1  0  0  0  1 ] (0.00000003)
[  0  0  3  0  1  0  0  1  0 ] (0.00000001)
[  0  0  3  0  1  0  1  0  0 ] (0.00000000)
[  0  0  3  0  1  1  0  0  0 ] (0.00000001)
[  0  0  3  0  2  0  0  0  0 ] (0.00000000)
[  0  0  3  1  0  0  0  0  0 ] (0.00000001)
[  0  0  3  1  0  0  0  0  1 ] (0.00000000)
[  0  0  3  1  0  0  0  1  0 ] (0.00000001)
[  0  0  3  1  0  0  1  0  0 ] (0.00000001)
[  0  0  3  1  0  1  0  0  0 ] (0.00000001)
[  0  0  3  1  1  0  0  0  0 ] (0.00000000)
[  0  0  3  2  0  0  0  0  0 ] (0.00000000)
[  0  0  4  0  0  0  0  0  0 ] (0.00001610)
[  0  0  4  0  0  0  0  0  1 ] (0.00005881)
[  0  0  4  0  0  0  0  1  0 ] (0.00022139)
[  0  0  4  0  0  0  1  0  0 ] (0.00005125)
[  0  0  4  0  0  1  0  0  0 ] (0.00000090)
[  0  0  4  0  1  0  0  0  0 ] (0.00014705)
[  0  0  4  1  0  0  0  0  0 ] (0.00008139)
[  0  0  5  0  0  0  0  0  0 ] (0.00000000)
[  0  1  0  0  0  0  0  0  0 ] (0.00000682)
[  0  1  0  0  0  0  0  0  1 ] (0.00000315)
[  0  1  0  0  0  0  0  0  2 ] (0.00000137)
[  0  1  0  0  0  0  0  0  3 ] (0.00001885)
[  0  1  0  0  0  0  0  0  4 ] (0.00006021)
[  0  1  0  0  0  0  0  1  0 ] (0.00000001)
[  0  1  0  0  0  0  0  1  1 ] (0.00006952)
[  0  1  0  0  0  0  0  1  2 ] (0.00014677)
[  0  1  0  0  0  0  0  1  3 ] (0.00020123)
[  0  1  0  0  0  0  0  2  0 ] (0.00000444)
[  0  1  0  0  0  0  0  2  1 ] (0.00000067)
[  0  1  0  0  0  0  0  2  2 ] (0.00173251)
[  0  1  0  0  0  0  0  3  0 ] (0.00000324)
[  0  1  0  0  0  0  0  3  1 ] (0.00013447)
[  0  1  0  0  0  0  0  4  0 ] (0.00077586)
[  0  1  0  0  0  0  1  0  0 ] (0.00000201)
[  0  1  0  0  0  0  1  0  1 ] (0.00002655)
[  0  1  0  0  0  0  1  0  2 ] (0.00001132)
[  0  1  0  0  0  0  1  0  3 ] (0.00055165)
[  0  1  0  0  0  0  1  1  0 ] (0.00000022)
[  0  1  0  0  0  0  1  1  1 ] (0.00011112)
[  0  1  0  0  0  0  1  1  2 ] (0.00004540)
[  0  1  0  0  0  0  1  2  0 ] (0.00214528)
[  0  1  0  0  0  0  1  2  1 ] (0.05349782)
[  0  1  0  0  0  0  1  3  0 ] (0.00013663)
[  0  1  0  0  0  0  2  0  0 ] (0.00000038)
[  0  1  0  0  0  0  2  0  1 ] (0.00007381)
[  0  1  0  0  0  0  2  0  2 ] (0.00116803)
[  0  1  0  0  0  0  2  1  0 ] (0.00174818)
[  0  1  0  0  0  0  2  1  1 ] (0.00702101)
[  0  1  0  0  0  0  2  2  0 ] (0.00888545)
[  0  1  0  0  0  0  3  0  0 ] (0.00027092)
[  0  1  0  0  0  0  3  0  1 ] (0.00053278)
[  0  1  0  0  0  0  3  1  0 ] (0.00034000)
[  0  1  0  0  0  0  4  0  0 ] (0.00016543)
[  0  1  0  0  0  1  0  0  0 ] (0.00000210)
[  0  1  0  0  0  1  0  0  1 ] (0.00005943)
[  0  1  0  0  0  1  0  0  2 ] (0.00010540)
[  0  1  0  0  0  1  0  0  3 ] (0.00001265)
[  0  1  0  0  0  1  0  1  0 ] (0.00002874)
[  0  1  0  0  0  1  0  1  1 ] (0.00003371)
[  0  1  0  0  0  1  0  1  2 ] (0.00000601)
[  0  1  0  0  0  1  0  2  0 ] (0.00012236)
[  0  1  0  0  0  1  0  2  1 ] (0.00144678)
[  0  1  0  0  0  1  0  3  0 ] (0.00016398)
[  0  1  0  0  0  1  1  0  0 ] (0.00002819)
[  0  1  0  0  0  1  1  0  1 ] (0.00038931)
[  0  1  0  0  0  1  1  0  2 ] (0.00529360)
[  0  1  0  0  0  1  1  1  0 ] (0.00007135)
[  0  1  0  0  0  1  1  1  1 ] (0.00386973)
[  0  1  0  0  0  1  1  2  0 ] (0.00023188)
[  0  1  0  0  0  1  2  0  0 ] (0.00030941)
[  0  1  0  0  0  1  2  0  1 ] (0.00002638)
[  0  1  0  0  0  1  2  1  0 ] (0.00683447)
[  0  1  0  0  0  1  3  0  0 ] (0.00000017)
[  0  1  0  0  0  2  0  0  0 ] (0.00016757)
[  0  1  0  0  0  2  0  0  1 ] (0.00081063)
[  0  1  0  0  0  2  0  0  2 ] (0.00497064)
[  0  1  0  0  0  2  0  1  0 ] (0.00001094)
[  0  1  0  0  0  2  0  1  1 ] (0.00009058)
[  0  1  0  0  0  2  0  2  0 ] (0.00001548)
[  0  1  0  0  0  2  1  0  0 ] (0.00017958)
[  0  1  0  0  0  2  1  0  1 ] (0.00168942)
[  0  1  0  0  0  2  1  1  0 ] (0.00139841)
[  0  1  0  0  0  2  2  0  0 ] (0.00043734)
[  0  1  0  0  0  3  0  0  0 ] (0.00004254)
[  0  1  0  0  0  3  0  0  1 ] (0.00078990)
[  0  1  0  0  0  3  0  1  0 ] (0.00000001)
[  0  1  0  0  0  3  1  0  0 ] (0.00000137)
[  0  1  0  0  0  4  0  0  0 ] (0.00009175)
[  0  1  0  0  1  0  0  0  0 ] (0.00007931)
[  0  1  0  0  1  0  0  0  1 ] (0.00001174)
[  0  1  0  0  1  0  0  0  2 ] (0.00000280)
[  0  1  0  0  1  0  0  0  3 ] (0.00170720)
[  0  1  0  0  1  0  0  1  0 ] (0.00000325)
[  0  1  0  0  1  0  0  1  1 ] (0.00005312)
[  0  1  0  0  1  0  0  1  2 ] (0.00403356)
[  0  1  0  0  1  0  0  2  0 ] (0.00063835)
[  0  1  0  0  1  0  0  2  1 ] (0.00196359)
[  0  1  0  0  1  0  0  3  0 ] (0.00000010)
[  0  1  0  0  1  0  1  0  0 ] (0.00005326)
[  0  1  0  0  1  0  1  0  1 ] (0.00000225)
[  0  1  0  0  1  0  1  0  2 ] (0.00886423)
[  0  1  0  0  1  0  1  1  0 ] (0.00280188)
[  0  1  0  0  1  0  1  1  1 ] (0.02482524)
[  0  1  0  0  1  0  1  2  0 ] (0.01024542)
[  0  1  0  0  1  0  2  0  0 ] (0.00003737)
[  0  1  0  0  1  0  2  0  1 ] (0.00028625)
[  0  1  0  0  1  0  2  1  0 ] (0.00177886)
[  0  1  0  0  1  0  3  0  0 ] (0.00071586)
[  0  1  0  0  1  1  0  0  0 ] (0.00006877)
[  0  1  0  0  1  1  0  0  1 ] (0.00052830)
[  0  1  0  0  1  1  0  0  2 ] (0.00004995)
[  0  1  0  0  1  1  0  1  0 ] (0.00024073)
[  0  1  0  0  1  1  0  1  1 ] (0.00670100)
[  0  1  0  0  1  1  0  2  0 ] (0.00000271)
[  0  1  0  0  1  1  1  0  0 ] (0.00053358)
[  0  1  0  0  1  1  1  0  1 ] (0.00539024)
[  0  1  0  0  1  1  1  1  0 ] (0.00016846)
[  0  1  0  0  1  1  2  0  0 ] (0.00404808)
[  0  1  0  0  1  2  0  0  0 ] (0.00031730)
[  0  1  0  0  1  2  0  0  1 ] (0.00321037)
[  0  1  0  0  1  2  0  1  0 ] (0.00082065)
[  0  1  0  0  1  2  1  0  0 ] (0.00069461)
[  0  1  0  0  1  3  0  0  0 ] (0.00000200)
[  0  1  0  0  2  0  0  0  0 ] (0.00000783)
[  0  1  0  0  2  0  0  0  1 ] (0.00348091)
[  0  1  0  0  2  0  0  0  2 ] (0.00107749)
[  0  1  0  0  2  0  0  1  0 ] (0.00004736)
[  0  1  0  0  2  0  0  1  1 ] (0.02398899)
[  0  1  0  0  2  0  0  2  0 ] (0.00023806)
[  0  1  0  0  2  0  1  0  0 ] (0.00036902)
[  0  1  0  0  2  0  1  0  1 ] (0.01955737)
[  0  1  0  0  2  0  1  1  0 ] (0.00119927)
[  0  1  0  0  2  0  2  0  0 ] (0.00029268)
[  0  1  0  0  2  1  0  0  0 ] (0.00028496)
[  0  1  0  0  2  1  0  0  1 ] (0.00584975)
[  0  1  0  0  2  1  0  1  0 ] (0.00000037)
[  0  1  0  0  2  1  1  0  0 ] (0.00149713)
[  0  1  0  0  2  2  0  0  0 ] (0.00070775)
[  0  1  0  0  3  0  0  0  0 ] (0.00009389)
[  0  1  0  0  3  0  0  0  1 ] (0.00012514)
[  0  1  0  0  3  0  0  1  0 ] (0.00020264)
[  0  1  0  0  3  0  1  0  0 ] (0.00000182)
[  0  1  0  0  3  1  0  0  0 ] (0.00000088)
[  0  1  0  0  4  0  0  0  0 ] (0.00015579)
[  0  1  0  1  0  0  0  0  0 ] (0.00003884)
[  0  1  0  1  0  0  0  0  1 ] (0.00024693)
[  0  1  0  1  0  0  0  0  2 ] (0.00000398)
[  0  1  0  1  0  0  0  0  3 ] (0.00180664)
[  0  1  0  1  0  0  0  1  0 ] (0.00026075)
[  0  1  0  1  0  0  0  1  1 ] (0.00034023)
[  0  1  0  1  0  0  0  1  2 ] (0.00011681)
[  0  1  0  1  0  0  0  2  0 ] (0.00003978)
[  0  1  0  1  0  0  0  2  1 ] (0.00016229)
[  0  1  0  1  0  0  0  3  0 ] (0.00007040)
[  0  1  0  1  0  0  1  0  0 ] (0.00001405)
[  0  1  0  1  0  0  1  0  1 ] (0.00001152)
[  0  1  0  1  0  0  1  0  2 ] (0.00008922)
[  0  1  0  1  0  0  1  1  0 ] (0.00061627)
[  0  1  0  1  0  0  1  1  1 ] (0.00807753)
[  0  1  0  1  0  0  1  2  0 ] (0.00003629)
[  0  1  0  1  0  0  2  0  0 ] (0.00000699)
[  0  1  0  1  0  0  2  0  1 ] (0.00004830)
[  0  1  0  1  0  0  2  1  0 ] (0.00750938)
[  0  1  0  1  0  0  3  0  0 ] (0.00018555)
[  0  1  0  1  0  1  0  0  0 ] (0.00002572)
[  0  1  0  1  0  1  0  0  1 ] (0.00026651)
[  0  1  0  1  0  1  0  0  2 ] (0.00888492)
[  0  1  0  1  0  1  0  1  0 ] (0.00004102)
[  0  1  0  1  0  1  0  1  1 ] (0.00067552)
[  0  1  0  1  0  1  0  2  0 ] (0.00020498)
[  0  1  0  1  0  1  1  0  0 ] (0.00042043)
[  0  1  0  1  0  1  1  0  1 ] (0.01124475)
[  0  1  0  1  0  1  1  1  0 ] (0.00181090)
[  0  1  0  1  0  1  2  0  0 ] (0.00199475)
[  0  1  0  1  0  2  0  0  0 ] (0.00040438)
[  0  1  0  1  0  2  0  0  1 ] (0.00422500)
[  0  1  0  1  0  2  0  1  0 ] (0.00034083)
[  0  1  0  1  0  2  1  0  0 ] (0.00009694)
[  0  1  0  1  0  3  0  0  0 ] (0.00001781)
[  0  1  0  1  1  0  0  0  0 ] (0.00003843)
[  0  1  0  1  1  0  0  0  1 ] (0.00008523)
[  0  1  0  1  1  0  0  0  2 ] (0.00868989)
[  0  1  0  1  1  0  0  1  0 ] (0.00003515)
[  0  1  0  1  1  0  0  1  1 ] (0.00458249)
[  0  1  0  1  1  0  0  2  0 ] (0.01089516)
[  0  1  0  1  1  0  1  0  0 ] (0.00043094)
[  0  1  0  1  1  0  1  0  1 ] (0.00099002)
[  0  1  0  1  1  0  1  1  0 ] (0.01041946)
[  0  1  0  1  1  0  2  0  0 ] (0.00297418)
[  0  1  0  1  1  1  0  0  0 ] (0.00034347)
[  0  1  0  1  1  1  0  0  1 ] (0.00079880)
[  0  1  0  1  1  1  0  1  0 ] (0.00435940)
[  0  1  0  1  1  1  1  0  0 ] (0.00017571)
[  0  1  0  1  1  2  0  0  0 ] (0.00006216)
[  0  1  0  1  2  0  0  0  0 ] (0.00000641)
[  0  1  0  1  2  0  0  0  1 ] (0.01316865)
[  0  1  0  1  2  0  0  1  0 ] (0.00005278)
[  0  1  0  1  2  0  1  0  0 ] (0.00001526)
[  0  1  0  1  2  1  0  0  0 ] (0.00002463)
[  0  1  0  1  3  0  0  0  0 ] (0.00008080)
[  0  1  0  2  0  0  0  0  0 ] (0.00000011)
[  0  1  0  2  0  0  0  0  1 ] (0.00017755)
[  0  1  0  2  0  0  0  0  2 ] (0.00217161)
[  0  1  0  2  0  0  0  1  0 ] (0.00002425)
[  0  1  0  2  0  0  0  1  1 ] (0.00000667)
[  0  1  0  2  0  0  0  2  0 ] (0.00693523)
[  0  1  0  2  0  0  1  0  0 ] (0.00015302)
[  0  1  0  2  0  0  1  0  1 ] (0.00156432)
[  0  1  0  2  0  0  1  1  0 ] (0.00255926)
[  0  1  0  2  0  0  2  0  0 ] (0.00160692)
[  0  1  0  2  0  1  0  0  0 ] (0.00001544)
[  0  1  0  2  0  1  0  0  1 ] (0.00222836)
[  0  1  0  2  0  1  0  1  0 ] (0.00150182)
[  0  1  0  2  0  1  1  0  0 ] (0.00000001)
[  0  1  0  2  0  2  0  0  0 ] (0.00044134)
[  0  1  0  2  1  0  0  0  0 ] (0.00000203)
[  0  1  0  2  1  0  0  0  1 ] (0.00380461)
[  0  1  0  2  1  0  0  1  0 ] (0.00000000)
[  0  1  0  2  1  0  1  0  0 ] (0.00261315)
[  0  1  0  2  1  1  0  0  0 ] (0.00054794)
[  0  1  0  2  2  0  0  0  0 ] (0.00161807)
[  0  1  0  3  0  0  0  0  0 ] (0.00000761)
[  0  1  0  3  0  0  0  0  1 ] (0.00068853)
[  0  1  0  3  0  0  0  1  0 ] (0.00118757)
[  0  1  0  3  0  0  1  0  0 ] (0.00005662)
[  0  1  0  3  0  1  0  0  0 ] (0.00020395)
[  0  1  0  3  1  0  0  0  0 ] (0.00007295)
[  0  1  0  4  0  0  0  0  0 ] (0.00013094)
[  0  1  1  0  0  0  0  0  0 ] (0.00000001)
[  0  1  1  0  0  0  0  0  1 ] (0.00000013)
[  0  1  1  0  0  0  0  0  2 ] (0.00000016)
[  0  1  1  0  0  0  0  0  3 ] (0.00000804)
[  0  1  1  0  0  0  0  1  0 ] (0.00000003)
[  0  1  1  0  0  0  0  1  1 ] (0.00000045)
[  0  1  1  0  0  0  0  1  2 ] (0.00000616)
[  0  1  1  0  0  0  0  2  0 ] (0.00000031)
[  0  1  1  0  0  0  0  2  1 ] (0.00000023)
[  0  1  1  0  0  0  0  3  0 ] (0.00000010)
[  0  1  1  0  0  0  1  0  0 ] (0.00000001)
[  0  1  1  0  0  0  1  0  1 ] (0.00000001)
[  0  1  1  0  0  0  1  0  2 ] (0.00000051)
[  0  1  1  0  0  0  1  1  0 ] (0.00000006)
[  0  1  1  0  0  0  1  1  1 ] (0.00000136)
[  0  1  1  0  0  0  1  2  0 ] (0.00000002)
[  0  1  1  0  0  0  2  0  0 ] (0.00000005)
[  0  1  1  0  0  0  2  0  1 ] (0.00000009)
[  0  1  1  0  0  0  2  1  0 ] (0.00000174)
[  0  1  1  0  0  0  3  0  0 ] (0.00000011)
[  0  1  1  0  0  1  0  0  0 ] (0.00000006)
[  0  1  1  0  0  1  0  0  1 ] (0.00000011)
[  0  1  1  0  0  1  0  0  2 ] (0.00000004)
[  0  1  1  0  0  1  0  1  0 ] (0.00000035)
[  0  1  1  0  0  1  0  1  1 ] (0.00000021)
[  0  1  1  0  0  1  0  2  0 ] (0.00000009)
[  0  1  1  0  0  1  1  0  0 ] (0.00000028)
[  0  1  1  0  0  1  1  0  1 ] (0.00000334)
[  0  1  1  0  0  1  1  1  0 ] (0.00000354)
[  0  1  1  0  0  1  2  0  0 ] (0.00000080)
[  0  1  1  0  0  2  0  0  0 ] (0.00000006)
[  0  1  1  0  0  2  0  0  1 ] (0.00000000)
[  0  1  1  0  0  2  0  1  0 ] (0.00000023)
[  0  1  1  0  0  2  1  0  0 ] (0.00000041)
[  0  1  1  0  0  3  0  0  0 ] (0.00000002)
[  0  1  1  0  1  0  0  0  0 ] (0.00000034)
[  0  1  1  0  1  0  0  0  1 ] (0.00000281)
[  0  1  1  0  1  0  0  0  2 ] (0.00001199)
[  0  1  1  0  1  0  0  1  0 ] (0.00000203)
[  0  1  1  0  1  0  0  1  1 ] (0.00000221)
[  0  1  1  0  1  0  0  2  0 ] (0.00000006)
[  0  1  1  0  1  0  1  0  0 ] (0.00000119)
[  0  1  1  0  1  0  1  0  1 ] (0.00000640)
[  0  1  1  0  1  0  1  1  0 ] (0.00000166)
[  0  1  1  0  1  0  2  0  0 ] (0.00000089)
[  0  1  1  0  1  1  0  0  0 ] (0.00000093)
[  0  1  1  0  1  1  0  0  1 ] (0.00000283)
[  0  1  1  0  1  1  0  1  0 ] (0.00000076)
[  0  1  1  0  1  1  1  0  0 ] (0.00000082)
[  0  1  1  0  1  2  0  0  0 ] (0.00000048)
[  0  1  1  0  2  0  0  0  0 ] (0.00000004)
[  0  1  1  0  2  0  0  0  1 ] (0.00000164)
[  0  1  1  0  2  0  0  1  0 ] (0.00000001)
[  0  1  1  0  2  0  1  0  0 ] (0.00000037)
[  0  1  1  0  2  1  0  0  0 ] (0.00000018)
[  0  1  1  0  3  0  0  0  0 ] (0.00000007)
[  0  1  1  1  0  0  0  0  0 ] (0.00000024)
[  0  1  1  1  0  0  0  0  1 ] (0.00000156)
[  0  1  1  1  0  0  0  0  2 ] (0.00000242)
[  0  1  1  1  0  0  0  1  0 ] (0.00000006)
[  0  1  1  1  0  0  0  1  1 ] (0.00000210)
[  0  1  1  1  0  0  0  2  0 ] (0.00000006)
[  0  1  1  1  0  0  1  0  0 ] (0.00000031)
[  0  1  1  1  0  0  1  0  1 ] (0.00000004)
[  0  1  1  1  0  0  1  1  0 ] (0.00000108)
[  0  1  1  1  0  0  2  0  0 ] (0.00000228)
[  0  1  1  1  0  1  0  0  0 ] (0.00000016)
[  0  1  1  1  0  1  0  0  1 ] (0.00000336)
[  0  1  1  1  0  1  0  1  0 ] (0.00000198)
[  0  1  1  1  0  1  1  0  0 ] (0.00000013)
[  0  1  1  1  0  2  0  0  0 ] (0.00000117)
[  0  1  1  1  1  0  0  0  0 ] (0.00000062)
[  0  1  1  1  1  0  0  0  1 ] (0.00000237)
[  0  1  1  1  1  0  0  1  0 ] (0.00000199)
[  0  1  1  1  1  0  1  0  0 ] (0.00000004)
[  0  1  1  1  1  1  0  0  0 ] (0.00000114)
[  0  1  1  1  2  0  0  0  0 ] (0.00000081)
[  0  1  1  2  0  0  0  0  0 ] (0.00000017)
[  0  1  1  2  0  0  0  0  1 ] (0.00000134)
[  0  1  1  2  0  0  0  1  0 ] (0.00000102)
[  0  1  1  2  0  0  1  0  0 ] (0.00000013)
[  0  1  1  2  0  1  0  0  0 ] (0.00000025)
[  0  1  1  2  1  0  0  0  0 ] (0.00000003)
[  0  1  1  3  0  0  0  0  0 ] (0.00000078)
[  0  1  2  0  0  0  0  0  0 ] (0.00000001)
[  0  1  2  0  0  0  0  0  1 ] (0.00000942)
[  0  1  2  0  0  0  0  0  2 ] (0.00003570)
[  0  1  2  0  0  0  0  1  0 ] (0.00465611)
[  0  1  2  0  0  0  0  1  1 ] (0.01171350)
[  0  1  2  0  0  0  0  2  0 ] (0.00065014)
[  0  1  2  0  0  0  1  0  0 ] (0.00120857)
[  0  1  2  0  0  0  1  0  1 ] (0.00371797)
[  0  1  2  0  0  0  1  1  0 ] (0.00046340)
[  0  1  2  0  0  0  2  0  0 ] (0.00042581)
[  0  1  2  0  0  1  0  0  0 ] (0.00010038)
[  0  1  2  0  0  1  0  0  1 ] (0.00040170)
[  0  1  2  0  0  1  0  1  0 ] (0.00165010)
[  0  1  2  0  0  1  1  0  0 ] (0.00001468)
[  0  1  2  0  0  2  0  0  0 ] (0.00007638)
[  0  1  2  0  1  0  0  0  0 ] (0.00000521)
[  0  1  2  0  1  0  0  0  1 ] (0.00004138)
[  0  1  2  0  1  0  0  1  0 ] (0.00022770)
[  0  1  2  0  1  0  1  0  0 ] (0.00000661)
[  0  1  2  0  1  1  0  0  0 ] (0.00042190)
[  0  1  2  0  2  0  0  0  0 ] (0.00000383)
[  0  1  2  1  0  0  0  0  0 ] (0.00000027)
[  0  1  2  1  0  0  0  0  1 ] (0.00000083)
[  0  1  2  1  0  0  0  1  0 ] (0.00169963)
[  0  1  2  1  0  0  1  0  0 ] (0.00033991)
[  0  1  2  1  0  1  0  0  0 ] (0.00000090)
[  0  1  2  1  1  0  0  0  0 ] (0.00000108)
[  0  1  2  2  0  0  0  0  0 ] (0.00010606)
[  0  1  3  0  0  0  0  0  0 ] (0.00001060)
[  0  1  3  0  0  0  0  0  1 ] (0.00004351)
[  0  1  3  0  0  0  0  1  0 ] (0.00000242)
[  0  1  3  0  0  0  1  0  0 ] (0.00000189)
[  0  1  3  0  0  1  0  0  0 ] (0.00000986)
[  0  1  3  0  1  0  0  0  0 ] (0.00000693)
[  0  1  3  1  0  0  0  0  0 ] (0.00000009)
[  0  1  4  0  0  0  0  0  0 ] (0.00000004)
[  0  2  0  0  0  0  0  0  0 ] (0.00000001)
[  0  2  0  0  0  0  0  0  1 ] (0.00000010)
[  0  2  0  0  0  0  0  0  2 ] (0.00000017)
[  0  2  0  0  0  0  0  0  3 ] (0.00000070)
[  0  2  0  0  0  0  0  1  0 ] (0.00000038)
[  0  2  0  0  0  0  0  1  1 ] (0.00000276)
[  0  2  0  0  0  0  0  1  2 ] (0.00002110)
[  0  2  0  0  0  0  0  2  0 ] (0.00000011)
[  0  2  0  0  0  0  0  2  1 ] (0.00000045)
[  0  2  0  0  0  0  0  3  0 ] (0.00000003)
[  0  2  0  0  0  0  1  0  0 ] (0.00000006)
[  0  2  0  0  0  0  1  0  1 ] (0.00000051)
[  0  2  0  0  0  0  1  0  2 ] (0.00000000)
[  0  2  0  0  0  0  1  1  0 ] (0.00000030)
[  0  2  0  0  0  0  1  1  1 ] (0.00000225)
[  0  2  0  0  0  0  1  2  0 ] (0.00000129)
[  0  2  0  0  0  0  2  0  0 ] (0.00000004)
[  0  2  0  0  0  0  2  0  1 ] (0.00000029)
[  0  2  0  0  0  0  2  1  0 ] (0.00000037)
[  0  2  0  0  0  0  3  0  0 ] (0.00000007)
[  0  2  0  0  0  1  0  0  0 ] (0.00000002)
[  0  2  0  0  0  1  0  0  1 ] (0.00000006)
[  0  2  0  0  0  1  0  0  2 ] (0.00000005)
[  0  2  0  0  0  1  0  1  0 ] (0.00000028)
[  0  2  0  0  0  1  0  1  1 ] (0.00000380)
[  0  2  0  0  0  1  0  2  0 ] (0.00000030)
[  0  2  0  0  0  1  1  0  0 ] (0.00000014)
[  0  2  0  0  0  1  1  0  1 ] (0.00000026)
[  0  2  0  0  0  1  1  1  0 ] (0.00000001)
[  0  2  0  0  0  1  2  0  0 ] (0.00000000)
[  0  2  0  0  0  2  0  0  0 ] (0.00000156)
[  0  2  0  0  0  2  0  0  1 ] (0.00000566)
[  0  2  0  0  0  2  0  1  0 ] (0.00000045)
[  0  2  0  0  0  2  1  0  0 ] (0.00000030)
[  0  2  0  0  0  3  0  0  0 ] (0.00000011)
[  0  2  0  0  1  0  0  0  0 ] (0.00000004)
[  0  2  0  0  1  0  0  0  1 ] (0.00000020)
[  0  2  0  0  1  0  0  0  2 ] (0.00000252)
[  0  2  0  0  1  0  0  1  0 ] (0.00000009)
[  0  2  0  0  1  0  0  1  1 ] (0.00000009)
[  0  2  0  0  1  0  0  2  0 ] (0.00000029)
[  0  2  0  0  1  0  1  0  0 ] (0.00000007)
[  0  2  0  0  1  0  1  0  1 ] (0.00000211)
[  0  2  0  0  1  0  1  1  0 ] (0.00000310)
[  0  2  0  0  1  0  2  0  0 ] (0.00000022)
[  0  2  0  0  1  1  0  0  0 ] (0.00000126)
[  0  2  0  0  1  1  0  0  1 ] (0.00000203)
[  0  2  0  0  1  1  0  1  0 ] (0.00000026)
[  0  2  0  0  1  1  1  0  0 ] (0.00000004)
[  0  2  0  0  1  2  0  0  0 ] (0.00000004)
[  0  2  0  0  2  0  0  0  0 ] (0.00000028)
[  0  2  0  0  2  0  0  0  1 ] (0.00000020)
[  0  2  0  0  2  0  0  1  0 ] (0.00000306)
[  0  2  0  0  2  0  1  0  0 ] (0.00000000)
[  0  2  0  0  2  1  0  0  0 ] (0.00000000)
[  0  2  0  0  3  0  0  0  0 ] (0.00000001)
[  0  2  0  1  0  0  0  0  0 ] (0.00000019)
[  0  2  0  1  0  0  0  0  1 ] (0.00000079)
[  0  2  0  1  0  0  0  0  2 ] (0.00000135)
[  0  2  0  1  0  0  0  1  0 ] (0.00000001)
[  0  2  0  1  0  0  0  1  1 ] (0.00000020)
[  0  2  0  1  0  0  0  2  0 ] (0.00000005)
[  0  2  0  1  0  0  1  0  0 ] (0.00000075)
[  0  2  0  1  0  0  1  0  1 ] (0.00001477)
[  0  2  0  1  0  0  1  1  0 ] (0.00000002)
[  0  2  0  1  0  0  2  0  0 ] (0.00000062)
[  0  2  0  1  0  1  0  0  0 ] (0.00000016)
[  0  2  0  1  0  1  0  0  1 ] (0.00000209)
[  0  2  0  1  0  1  0  1  0 ] (0.00000014)
[  0  2  0  1  0  1  1  0  0 ] (0.00000020)
[  0  2  0  1  0  2  0  0  0 ] (0.00000001)
[  0  2  0  1  1  0  0  0  0 ] (0.00000007)
[  0  2  0  1  1  0  0  0  1 ] (0.00000029)
[  0  2  0  1  1  0  0  1  0 ] (0.00000462)
[  0  2  0  1  1  0  1  0  0 ] (0.00000177)
[  0  2  0  1  1  1  0  0  0 ] (0.00000044)
[  0  2  0  1  2  0  0  0  0 ] (0.00000002)
[  0  2  0  2  0  0  0  0  0 ] (0.00000020)
[  0  2  0  2  0  0  0  0  1 ] (0.00000072)
[  0  2  0  2  0  0  0  1  0 ] (0.00000004)
[  0  2  0  2  0  0  1  0  0 ] (0.00000103)
[  0  2  0  2  0  1  0  0  0 ] (0.00000079)
[  0  2  0  2  1  0  0  0  0 ] (0.00000118)
[  0  2  0  3  0  0  0  0  0 ] (0.00000018)
[  0  2  1  0  0  0  0  0  0 ] (0.00013822)
[  0  2  1  0  0  0  0  0  1 ] (0.00049445)
[  0  2  1  0  0  0  0  0  2 ] (0.00167456)
[  0  2  1  0  0  0  0  1  0 ] (0.00304801)
[  0  2  1  0  0  0  0  1  1 ] (0.00924803)
[  0  2  1  0  0  0  0  2  0 ] (0.00020287)
[  0  2  1  0  0  0  1  0  0 ] (0.00025246)
[  0  2  1  0  0  0  1  0  1 ] (0.00057338)
[  0  2  1  0  0  0  1  1  0 ] (0.00101744)
[  0  2  1  0  0  0  2  0  0 ] (0.00010321)
[  0  2  1  0  0  1  0  0  0 ] (0.00002552)
[  0  2  1  0  0  1  0  0  1 ] (0.00051281)
[  0  2  1  0  0  1  0  1  0 ] (0.00203611)
[  0  2  1  0  0  1  1  0  0 ] (0.00048690)
[  0  2  1  0  0  2  0  0  0 ] (0.00025236)
[  0  2  1  0  1  0  0  0  0 ] (0.00000001)
[  0  2  1  0  1  0  0  0  1 ] (0.00001274)
[  0  2  1  0  1  0  0  1  0 ] (0.00000017)
[  0  2  1  0  1  0  1  0  0 ] (0.00000722)
[  0  2  1  0  1  1  0  0  0 ] (0.00000375)
[  0  2  1  0  2  0  0  0  0 ] (0.00004750)
[  0  2  1  1  0  0  0  0  0 ] (0.00007925)
[  0  2  1  1  0  0  0  0  1 ] (0.00031656)
[  0  2  1  1  0  0  0  1  0 ] (0.00315325)
[  0  2  1  1  0  0  1  0  0 ] (0.00019824)
[  0  2  1  1  0  1  0  0  0 ] (0.00008010)
[  0  2  1  1  1  0  0  0  0 ] (0.00000245)
[  0  2  1  2  0  0  0  0  0 ] (0.00004405)
[  0  2  2  0  0  0  0  0  0 ] (0.00000008)
[  0  2  2  0  0  0  0  0  1 ] (0.00000000)
[  0  2  2  0  0  0  0  1  0 ] (0.00000030)
[  0  2  2  0  0  0  1  0  0 ] (0.00000000)
[  0  2  2  0  0  1  0  0  0 ] (0.00000022)
[  0  2  2  0  1  0  0  0  0 ] (0.00000027)
[  0  2  2  1  0  0  0  0  0 ] (0.00000006)
[  0  2  3  0  0  0  0  0  0 ] (0.00000000)
[  0  3  0  0  0  0  0  0  0 ] (0.00000001)
[  0  3  0  0  0  0  0  0  1 ] (0.00000001)
[  0  3  0  0  0  0  0  0  2 ] (0.00000007)
[  0  3  0  0  0  0  0  1  0 ] (0.00000001)
[  0  3  0  0  0  0  0  1  1 ] (0.00000000)
[  0  3  0  0  0  0  0  2  0 ] (0.00000000)
[  0  3  0  0  0  0  1  0  0 ] (0.00000002)
[  0  3  0  0  0  0  1  0  1 ] (0.00000023)
[  0  3  0  0  0  0  1  1  0 ] (0.00000004)
[  0  3  0  0  0  0  2  0  0 ] (0.00000001)
[  0  3  0  0  0  1  0  0  0 ] (0.00000003)
[  0  3  0  0  0  1  0  0  1 ] (0.00000007)
[  0  3  0  0  0  1  0  1  0 ] (0.00000000)
[  0  3  0  0  0  1  1  0  0 ] (0.00000000)
[  0  3  0  0  0  2  0  0  0 ] (0.00000001)
[  0  3  0  0  1  0  0  0  0 ] (0.00000000)
[  0  3  0  0  1  0  0  0  1 ] (0.00000000)
[  0  3  0  0  1  0  0  1  0 ] (0.00000009)
[  0  3  0  0  1  0  1  0  0 ] (0.00000007)
[  0  3  0  0  1  1  0  0  0 ] (0.00000000)
[  0  3  0  0  2  0  0  0  0 ] (0.00000000)
[  0  3  0  1  0  0  0  0  0 ] (0.00000000)
[  0  3  0  1  0  0  0  0  1 ] (0.00000006)
[  0  3  0  1  0  0  0  1  0 ] (0.00000012)
[  0  3  0  1  0  0  1  0  0 ] (0.00000005)
[  0  3  0  1  0  1  0  0  0 ] (0.00000001)
[  0  3  0  1  1  0  0  0  0 ] (0.00000003)
[  0  3  0  2  0  0  0  0  0 ] (0.00000005)
[  0  3  1  0  0  0  0  0  0 ] (0.00001817)
[  0  3  1  0  0  0  0  0  1 ] (0.00004560)
[  0  3  1  0  0  0  0  1  0 ] (0.00000198)
[  0  3  1  0  0  0  1  0  0 ] (0.00000025)
[  0  3  1  0  0  1  0  0  0 ] (0.00001107)
[  0  3  1  0  1  0  0  0  0 ] (0.00000240)
[  0  3  1  1  0  0  0  0  0 ] (0.00000002)
[  0  3  2  0  0  0  0  0  0 ] (0.00000000)
[  0  4  0  0  0  0  0  0  0 ] (0.00001455)
[  0  4  0  0  0  0  0  0  1 ] (0.00009156)
[  0  4  0  0  0  0  0  1  0 ] (0.00038267)
[  0  4  0  0  0  0  1  0  0 ] (0.00000114)
[  0  4  0  0  0  1  0  0  0 ] (0.00001761)
[  0  4  0  0  1  0  0  0  0 ] (0.00002372)
[  0  4  0  1  0  0  0  0  0 ] (0.00000020)
[  0  4  1  0  0  0  0  0  0 ] (0.00000015)
[  0  5  0  0  0  0  0  0  0 ] (0.00000002)
[  1  0  0  0  0  0  0  0  0 ] (0.00000001)
[  1  0  0  0  0  0  0  0  1 ] (0.00002857)
[  1  0  0  0  0  0  0  0  2 ] (0.00000697)
[  1  0  0  0  0  0  0  0  3 ] (0.00053292)
[  1  0  0  0  0  0  0  0  4 ] (0.00000039)
[  1  0  0  0  0  0  0  1  0 ] (0.00000968)
[  1  0  0  0  0  0  0  1  1 ] (0.00000925)
[  1  0  0  0  0  0  0  1  2 ] (0.00008871)
[  1  0  0  0  0  0  0  1  3 ] (0.00076507)
[  1  0  0  0  0  0  0  2  0 ] (0.00000941)
[  1  0  0  0  0  0  0  2  1 ] (0.00008409)
[  1  0  0  0  0  0  0  2  2 ] (0.00147145)
[  1  0  0  0  0  0  0  3  0 ] (0.00002635)
[  1  0  0  0  0  0  0  3  1 ] (0.00000215)
[  1  0  0  0  0  0  0  4  0 ] (0.00015346)
[  1  0  0  0  0  0  1  0  0 ] (0.00001064)
[  1  0  0  0  0  0  1  0  1 ] (0.00000004)
[  1  0  0  0  0  0  1  0  2 ] (0.00016681)
[  1  0  0  0  0  0  1  0  3 ] (0.00001987)
[  1  0  0  0  0  0  1  1  0 ] (0.00000000)
[  1  0  0  0  0  0  1  1  1 ] (0.00005703)
[  1  0  0  0  0  0  1  1  2 ] (0.00181390)
[  1  0  0  0  0  0  1  2  0 ] (0.00000120)
[  1  0  0  0  0  0  1  2  1 ] (0.00000068)
[  1  0  0  0  0  0  1  3  0 ] (0.00008682)
[  1  0  0  0  0  0  2  0  0 ] (0.00025195)
[  1  0  0  0  0  0  2  0  1 ] (0.00199946)
[  1  0  0  0  0  0  2  0  2 ] (0.02136117)
[  1  0  0  0  0  0  2  1  0 ] (0.00275773)
[  1  0  0  0  0  0  2  1  1 ] (0.01991272)
[  1  0  0  0  0  0  2  2  0 ] (0.00020879)
[  1  0  0  0  0  0  3  0  0 ] (0.00005513)
[  1  0  0  0  0  0  3  0  1 ] (0.00053606)
[  1  0  0  0  0  0  3  1  0 ] (0.00007930)
[  1  0  0  0  0  0  4  0  0 ] (0.00000645)
[  1  0  0  0  0  1  0  0  0 ] (0.00002352)
[  1  0  0  0  0  1  0  0  1 ] (0.00006169)
[  1  0  0  0  0  1  0  0  2 ] (0.00011427)
[  1  0  0  0  0  1  0  0  3 ] (0.00000001)
[  1  0  0  0  0  1  0  1  0 ] (0.00005592)
[  1  0  0  0  0  1  0  1  1 ] (0.00006883)
[  1  0  0  0  0  1  0  1  2 ] (0.00527580)
[  1  0  0  0  0  1  0  2  0 ] (0.00098074)
[  1  0  0  0  0  1  0  2  1 ] (0.00705679)
[  1  0  0  0  0  1  0  3  0 ] (0.00033587)
[  1  0  0  0  0  1  1  0  0 ] (0.00000797)
[  1  0  0  0  0  1  1  0  1 ] (0.00018337)
[  1  0  0  0  0  1  1  0  2 ] (0.00581290)
[  1  0  0  0  0  1  1  1  0 ] (0.00000656)
[  1  0  0  0  0  1  1  1  1 ] (0.00089750)
[  1  0  0  0  0  1  1  2  0 ] (0.00070775)
[  1  0  0  0  0  1  2  0  0 ] (0.00103897)
[  1  0  0  0  0  1  2  0  1 ] (0.01190887)
[  1  0  0  0  0  1  2  1  0 ] (0.00271240)
[  1  0  0  0  0  1  3  0  0 ] (0.00005812)
[  1  0  0  0  0  2  0  0  0 ] (0.00001907)
[  1  0  0  0  0  2  0  0  1 ] (0.00034302)
[  1  0  0  0  0  2  0  0  2 ] (0.00176564)
[  1  0  0  0  0  2  0  1  0 ] (0.00090495)
[  1  0  0  0  0  2  0  1  1 ] (0.00502697)
[  1  0  0  0  0  2  0  2  0 ] (0.00000001)
[  1  0  0  0  0  2  1  0  0 ] (0.00001611)
[  1  0  0  0  0  2  1  0  1 ] (0.00024955)
[  1  0  0  0  0  2  1  1  0 ] (0.00032413)
[  1  0  0  0  0  2  2  0  0 ] (0.00113237)
[  1  0  0  0  0  3  0  0  0 ] (0.00007527)
[  1  0  0  0  0  3  0  0  1 ] (0.00007297)
[  1  0  0  0  0  3  0  1  0 ] (0.00009053)
[  1  0  0  0  0  3  1  0  0 ] (0.00001191)
[  1  0  0  0  0  4  0  0  0 ] (0.00008843)
[  1  0  0  0  1  0  0  0  0 ] (0.00020210)
[  1  0  0  0  1  0  0  0  1 ] (0.00012999)
[  1  0  0  0  1  0  0  0  2 ] (0.00167062)
[  1  0  0  0  1  0  0  0  3 ] (0.00006527)
[  1  0  0  0  1  0  0  1  0 ] (0.00021096)
[  1  0  0  0  1  0  0  1  1 ] (0.00044277)
[  1  0  0  0  1  0  0  1  2 ] (0.00188513)
[  1  0  0  0  1  0  0  2  0 ] (0.00001335)
[  1  0  0  0  1  0  0  2  1 ] (0.00102831)
[  1  0  0  0  1  0  0  3  0 ] (0.00058403)
[  1  0  0  0  1  0  1  0  0 ] (0.00002863)
[  1  0  0  0  1  0  1  0  1 ] (0.00043413)
[  1  0  0  0  1  0  1  0  2 ] (0.00440149)
[  1  0  0  0  1  0  1  1  0 ] (0.00010632)
[  1  0  0  0  1  0  1  1  1 ] (0.00110385)
[  1  0  0  0  1  0  1  2  0 ] (0.00071304)
[  1  0  0  0  1  0  2  0  0 ] (0.00000085)
[  1  0  0  0  1  0  2  0  1 ] (0.00000014)
[  1  0  0  0  1  0  2  1  0 ] (0.00153740)
[  1  0  0  0  1  0  3  0  0 ] (0.00024503)
[  1  0  0  0  1  1  0  0  0 ] (0.00015022)
[  1  0  0  0  1  1  0  0  1 ] (0.00038157)
[  1  0  0  0  1  1  0  0  2 ] (0.01481661)
[  1  0  0  0  1  1  0  1  0 ] (0.00066008)
[  1  0  0  0  1  1  0  1  1 ] (0.00174142)
[  1  0  0  0  1  1  0  2  0 ] (0.00276802)
[  1  0  0  0  1  1  1  0  0 ] (0.00062665)
[  1  0  0  0  1  1  1  0  1 ] (0.00231367)
[  1  0  0  0  1  1  1  1  0 ] (0.00438962)
[  1  0  0  0  1  1  2  0  0 ] (0.00036067)
[  1  0  0  0  1  2  0  0  0 ] (0.00023971)
[  1  0  0  0  1  2  0  0  1 ] (0.00004959)
[  1  0  0  0  1  2  0  1  0 ] (0.00192977)
[  1  0  0  0  1  2  1  0  0 ] (0.00674132)
[  1  0  0  0  1  3  0  0  0 ] (0.00054524)
[  1  0  0  0  2  0  0  0  0 ] (0.00008445)
[  1  0  0  0  2  0  0  0  1 ] (0.00002045)
[  1  0  0  0  2  0  0  0  2 ] (0.01019891)
[  1  0  0  0  2  0  0  1  0 ] (0.00001312)
[  1  0  0  0  2  0  0  1  1 ] (0.00329977)
[  1  0  0  0  2  0  0  2  0 ] (0.00000770)
[  1  0  0  0  2  0  1  0  0 ] (0.00021026)
[  1  0  0  0  2  0  1  0  1 ] (0.00810830)
[  1  0  0  0  2  0  1  1  0 ] (0.00083932)
[  1  0  0  0  2  0  2  0  0 ] (0.00302448)
[  1  0  0  0  2  1  0  0  0 ] (0.00001688)
[  1  0  0  0  2  1  0  0  1 ] (0.00000086)
[  1  0  0  0  2  1  0  1  0 ] (0.00179189)
[  1  0  0  0  2  1  1  0  0 ] (0.00000783)
[  1  0  0  0  2  2  0  0  0 ] (0.00025476)
[  1  0  0  0  3  0  0  0  0 ] (0.00000008)
[  1  0  0  0  3  0  0  0  1 ] (0.00005183)
[  1  0  0  0  3  0  0  1  0 ] (0.00016526)
[  1  0  0  0  3  0  1  0  0 ] (0.00002240)
[  1  0  0  0  3  1  0  0  0 ] (0.00005289)
[  1  0  0  0  4  0  0  0  0 ] (0.00000006)
[  1  0  0  1  0  0  0  0  0 ] (0.00000812)
[  1  0  0  1  0  0  0  0  1 ] (0.00008801)
[  1  0  0  1  0  0  0  0  2 ] (0.00087958)
[  1  0  0  1  0  0  0  0  3 ] (0.00297673)
[  1  0  0  1  0  0  0  1  0 ] (0.00008770)
[  1  0  0  1  0  0  0  1  1 ] (0.00011948)
[  1  0  0  1  0  0  0  1  2 ] (0.00253993)
[  1  0  0  1  0  0  0  2  0 ] (0.00083113)
[  1  0  0  1  0  0  0  2  1 ] (0.00280286)
[  1  0  0  1  0  0  0  3  0 ] (0.00009524)
[  1  0  0  1  0  0  1  0  0 ] (0.00001437)
[  1  0  0  1  0  0  1  0  1 ] (0.00017151)
[  1  0  0  1  0  0  1  0  2 ] (0.00015406)
[  1  0  0  1  0  0  1  1  0 ] (0.00010860)
[  1  0  0  1  0  0  1  1  1 ] (0.00431810)
[  1  0  0  1  0  0  1  2  0 ] (0.00001334)
[  1  0  0  1  0  0  2  0  0 ] (0.00071309)
[  1  0  0  1  0  0  2  0  1 ] (0.00543569)
[  1  0  0  1  0  0  2  1  0 ] (0.00021570)
[  1  0  0  1  0  0  3  0  0 ] (0.00019507)
[  1  0  0  1  0  1  0  0  0 ] (0.00000104)
[  1  0  0  1  0  1  0  0  1 ] (0.00026410)
[  1  0  0  1  0  1  0  0  2 ] (0.00335420)
[  1  0  0  1  0  1  0  1  0 ] (0.00006834)
[  1  0  0  1  0  1  0  1  1 ] (0.00122798)
[  1  0  0  1  0  1  0  2  0 ] (0.00034777)
[  1  0  0  1  0  1  1  0  0 ] (0.00002895)
[  1  0  0  1  0  1  1  0  1 ] (0.00706759)
[  1  0  0  1  0  1  1  1  0 ] (0.00047140)
[  1  0  0  1  0  1  2  0  0 ] (0.00065917)
[  1  0  0  1  0  2  0  0  0 ] (0.00031308)
[  1  0  0  1  0  2  0  0  1 ] (0.00042433)
[  1  0  0  1  0  2  0  1  0 ] (0.00048121)
[  1  0  0  1  0  2  1  0  0 ] (0.00142496)
[  1  0  0  1  0  3  0  0  0 ] (0.00002103)
[  1  0  0  1  1  0  0  0  0 ] (0.00007995)
[  1  0  0  1  1  0  0  0  1 ] (0.00008451)
[  1  0  0  1  1  0  0  0  2 ] (0.00091788)
[  1  0  0  1  1  0  0  1  0 ] (0.00015370)
[  1  0  0  1  1  0  0  1  1 ] (0.00341871)
[  1  0  0  1  1  0  0  2  0 ] (0.00143736)
[  1  0  0  1  1  0  1  0  0 ] (0.00023704)
[  1  0  0  1  1  0  1  0  1 ] (0.00133824)
[  1  0  0  1  1  0  1  1  0 ] (0.00014366)
[  1  0  0  1  1  0  2  0  0 ] (0.00097490)
[  1  0  0  1  1  1  0  0  0 ] (0.00056189)
[  1  0  0  1  1  1  0  0  1 ] (0.00035506)
[  1  0  0  1  1  1  0  1  0 ] (0.00176877)
[  1  0  0  1  1  1  1  0  0 ] (0.00040115)
[  1  0  0  1  1  2  0  0  0 ] (0.00233032)
[  1  0  0  1  2  0  0  0  0 ] (0.00021100)
[  1  0  0  1  2  0  0  0  1 ] (0.00040157)
[  1  0  0  1  2  0  0  1  0 ] (0.00043611)
[  1  0  0  1  2  0  1  0  0 ] (0.00012173)
[  1  0  0  1  2  1  0  0  0 ] (0.00029141)
[  1  0  0  1  3  0  0  0  0 ] (0.00004102)
[  1  0  0  2  0  0  0  0  0 ] (0.00001497)
[  1  0  0  2  0  0  0  0  1 ] (0.00000237)
[  1  0  0  2  0  0  0  0  2 ] (0.00000192)
[  1  0  0  2  0  0  0  1  0 ] (0.00013431)
[  1  0  0  2  0  0  0  1  1 ] (0.00003047)
[  1  0  0  2  0  0  0  2  0 ] (0.00012263)
[  1  0  0  2  0  0  1  0  0 ] (0.00008730)
[  1  0  0  2  0  0  1  0  1 ] (0.00152259)
[  1  0  0  2  0  0  1  1  0 ] (0.00073213)
[  1  0  0  2  0  0  2  0  0 ] (0.00085802)
[  1  0  0  2  0  1  0  0  0 ] (0.00008549)
[  1  0  0  2  0  1  0  0  1 ] (0.00151748)
[  1  0  0  2  0  1  0  1  0 ] (0.00091944)
[  1  0  0  2  0  1  1  0  0 ] (0.00018340)
[  1  0  0  2  0  2  0  0  0 ] (0.00032222)
[  1  0  0  2  1  0  0  0  0 ] (0.00002545)
[  1  0  0  2  1  0  0  0  1 ] (0.00118590)
[  1  0  0  2  1  0  0  1  0 ] (0.00010317)
[  1  0  0  2  1  0  1  0  0 ] (0.00084522)
[  1  0  0  2  1  1  0  0  0 ] (0.00023694)
[  1  0  0  2  2  0  0  0  0 ] (0.00003446)
[  1  0  0  3  0  0  0  0  0 ] (0.00000691)
[  1  0  0  3  0  0  0  0  1 ] (0.00001810)
[  1  0  0  3  0  0  0  1  0 ] (0.00000014)
[  1  0  0  3  0  0  1  0  0 ] (0.00001673)
[  1  0  0  3  0  1  0  0  0 ] (0.00004850)
[  1  0  0  3  1  0  0  0  0 ] (0.00005402)
[  1  0  0  4  0  0  0  0  0 ] (0.00000755)
[  1  0  1  0  0  0  0  0  0 ] (0.00000001)
[  1  0  1  0  0  0  0  0  1 ] (0.00000001)
[  1  0  1  0  0  0  0  0  2 ] (0.00000033)
[  1  0  1  0  0  0  0  0  3 ] (0.00000066)
[  1  0  1  0  0  0  0  1  0 ] (0.00000009)
[  1  0  1  0  0  0  0  1  1 ] (0.00000142)
[  1  0  1  0  0  0  0  1  2 ] (0.00000849)
[  1  0  1  0  0  0  0  2  0 ] (0.00000025)
[  1  0  1  0  0  0  0  2  1 ] (0.00000015)
[  1  0  1  0  0  0  0  3  0 ] (0.00000011)
[  1  0  1  0  0  0  1  0  0 ] (0.00000000)
[  1  0  1  0  0  0  1  0  1 ] (0.00000000)
[  1  0  1  0  0  0  1  0  2 ] (0.00000344)
[  1  0  1  0  0  0  1  1  0 ] (0.00000131)
[  1  0  1  0  0  0  1  1  1 ] (0.00001172)
[  1  0  1  0  0  0  1  2  0 ] (0.00000024)
[  1  0  1  0  0  0  2  0  0 ] (0.00000059)
[  1  0  1  0  0  0  2  0  1 ] (0.00000073)
[  1  0  1  0  0  0  2  1  0 ] (0.00000189)
[  1  0  1  0  0  0  3  0  0 ] (0.00000001)
[  1  0  1  0  0  1  0  0  0 ] (0.00000006)
[  1  0  1  0  0  1  0  0  1 ] (0.00000004)
[  1  0  1  0  0  1  0  0  2 ] (0.00000013)
[  1  0  1  0  0  1  0  1  0 ] (0.00000014)
[  1  0  1  0  0  1  0  1  1 ] (0.00000068)
[  1  0  1  0  0  1  0  2  0 ] (0.00000008)
[  1  0  1  0  0  1  1  0  0 ] (0.00000002)
[  1  0  1  0  0  1  1  0  1 ] (0.00000137)
[  1  0  1  0  0  1  1  1  0 ] (0.00000097)
[  1  0  1  0  0  1  2  0  0 ] (0.00000232)
[  1  0  1  0  0  2  0  0  0 ] (0.00000011)
[  1  0  1  0  0  2  0  0  1 ] (0.00000081)
[  1  0  1  0  0  2  0  1  0 ] (0.00000000)
[  1  0  1  0  0  2  1  0  0 ] (0.00000005)
[  1  0  1  0  0  3  0  0  0 ] (0.00000003)
[  1  0  1  0  1  0  0  0  0 ] (0.00000008)
[  1  0  1  0  1  0  0  0  1 ] (0.00000063)
[  1  0  1  0  1  0  0  0  2 ] (0.00000102)
[  1  0  1  0  1  0  0  1  0 ] (0.00000008)
[  1  0  1  0  1  0  0  1  1 ] (0.00000009)
[  1  0  1  0  1  0  0  2  0 ] (0.00000000)
[  1  0  1  0  1  0  1  0  0 ] (0.00000197)
[  1  0  1  0  1  0  1  0  1 ] (0.00001452)
[  1  0  1  0  1  0  1  1  0 ] (0.00000096)
[  1  0  1  0  1  0  2  0  0 ] (0.00000065)
[  1  0  1  0  1  1  0  0  0 ] (0.00000091)
[  1  0  1  0  1  1  0  0  1 ] (0.00000540)
[  1  0  1  0  1  1  0  1  0 ] (0.00000057)
[  1  0  1  0  1  1  1  0  0 ] (0.00000020)
[  1  0  1  0  1  2  0  0  0 ] (0.00000021)
[  1  0  1  0  2  0  0  0  0 ] (0.00000022)
[  1  0  1  0  2  0  0  0  1 ] (0.00000046)
[  1  0  1  0  2  0  0  1  0 ] (0.00000030)
[  1  0  1  0  2  0  1  0  0 ] (0.00000097)
[  1  0  1  0  2  1  0  0  0 ] (0.00000009)
[  1  0  1  0  3  0  0  0  0 ] (0.00000013)
[  1  0  1  1  0  0  0  0  0 ] (0.00000045)
[  1  0  1  1  0  0  0  0  1 ] (0.00000339)
[  1  0  1  1  0  0  0  0  2 ] (0.00002029)
[  1  0  1  1  0  0  0  1  0 ] (0.00000015)
[  1  0  1  1  0  0  0  1  1 ] (0.00000108)
[  1  0  1  1  0  0  0  2  0 ] (0.00000003)
[  1  0  1  1  0  0  1  0  0 ] (0.00000000)
[  1  0  1  1  0  0  1  0  1 ] (0.00000059)
[  1  0  1  1  0  0  1  1  0 ] (0.00000087)
[  1  0  1  1  0  0  2  0  0 ] (0.00000003)
[  1  0  1  1  0  1  0  0  0 ] (0.00000061)
[  1  0  1  1  0  1  0  0  1 ] (0.00000199)
[  1  0  1  1  0  1  0  1  0 ] (0.00000145)
[  1  0  1  1  0  1  1  0  0 ] (0.00000842)
[  1  0  1  1  0  2  0  0  0 ] (0.00000190)
[  1  0  1  1  1  0  0  0  0 ] (0.00000002)
[  1  0  1  1  1  0  0  0  1 ] (0.00000015)
[  1  0  1  1  1  0  0  1  0 ] (0.00000006)
[  1  0  1  1  1  0  1  0  0 ] (0.00000220)
[  1  0  1  1  1  1  0  0  0 ] (0.00000070)
[  1  0  1  1  2  0  0  0  0 ] (0.00000074)
[  1  0  1  2  0  0  0  0  0 ] (0.00000046)
[  1  0  1  2  0  0  0  0  1 ] (0.00000363)
[  1  0  1  2  0  0  0  1  0 ] (0.00000169)
[  1  0  1  2  0  0  1  0  0 ] (0.00000087)
[  1  0  1  2  0  1  0  0  0 ] (0.00000012)
[  1  0  1  2  1  0  0  0  0 ] (0.00000038)
[  1  0  1  3  0  0  0  0  0 ] (0.00000000)
[  1  0  2  0  0  0  0  0  0 ] (0.00000863)
[  1  0  2  0  0  0  0  0  1 ] (0.00003523)
[  1  0  2  0  0  0  0  0  2 ] (0.00009827)
[  1  0  2  0  0  0  0  1  0 ] (0.00058355)
[  1  0  2  0  0  0  0  1  1 ] (0.00267219)
[  1  0  2  0  0  0  0  2  0 ] (0.00000556)
[  1  0  2  0  0  0  1  0  0 ] (0.00022493)
[  1  0  2  0  0  0  1  0  1 ] (0.00093195)
[  1  0  2  0  0  0  1  1  0 ] (0.00013728)
[  1  0  2  0  0  0  2  0  0 ] (0.00022544)
[  1  0  2  0  0  1  0  0  0 ] (0.00003754)
[  1  0  2  0  0  1  0  0  1 ] (0.00000414)
[  1  0  2  0  0  1  0  1  0 ] (0.00000477)
[  1  0  2  0  0  1  1  0  0 ] (0.00001221)
[  1  0  2  0  0  2  0  0  0 ] (0.00001072)
[  1  0  2  0  1  0  0  0  0 ] (0.00063358)
[  1  0  2  0  1  0  0  0  1 ] (0.00172060)
[  1  0  2  0  1  0  0  1  0 ] (0.00003671)
[  1  0  2  0  1  0  1  0  0 ] (0.00020179)
[  1  0  2  0  1  1  0  0  0 ] (0.00019732)
[  1  0  2  0  2  0  0  0  0 ] (0.00011313)
[  1  0  2  1  0  0  0  0  0 ] (0.00016600)
[  1  0  2  1  0  0  0  0  1 ] (0.00039299)
[  1  0  2  1  0  0  0  1  0 ] (0.00054094)
[  1  0  2  1  0  0  1  0  0 ] (0.00030692)
[  1  0  2  1  0  1  0  0  0 ] (0.00004523)
[  1  0  2  1  1  0  0  0  0 ] (0.00005252)
[  1  0  2  2  0  0  0  0  0 ] (0.00000046)
[  1  0  3  0  0  0  0  0  0 ] (0.00000173)
[  1  0  3  0  0  0  0  0  1 ] (0.00000193)
[  1  0  3  0  0  0  0  1  0 ] (0.00000075)
[  1  0  3  0  0  0  1  0  0 ] (0.00000957)
[  1  0  3  0  0  1  0  0  0 ] (0.00000161)
[  1  0  3  0  1  0  0  0  0 ] (0.00000671)
[  1  0  3  1  0  0  0  0  0 ] (0.00000020)
[  1  0  4  0  0  0  0  0  0 ] (0.00000000)
[  1  1  0  0  0  0  0  0  0 ] (0.00000000)
[  1  1  0  0  0  0  0  0  1 ] (0.00000029)
[  1  1  0  0  0  0  0  0  2 ] (0.00000054)
[  1  1  0  0  0  0  0  0  3 ] (0.00000652)
[  1  1  0  0  0  0  0  1  0 ] (0.00000038)
[  1  1  0  0  0  0  0  1  1 ] (0.00000243)
[  1  1  0  0  0  0  0  1  2 ] (0.00001082)
[  1  1  0  0  0  0  0  2  0 ] (0.00000051)
[  1  1  0  0  0  0  0  2  1 ] (0.00000251)
[  1  1  0  0  0  0  0  3  0 ] (0.00000001)
[  1  1  0  0  0  0  1  0  0 ] (0.00000005)
[  1  1  0  0  0  0  1  0  1 ] (0.00000008)
[  1  1  0  0  0  0  1  0  2 ] (0.00000012)
[  1  1  0  0  0  0  1  1  0 ] (0.00000010)
[  1  1  0  0  0  0  1  1  1 ] (0.00000001)
[  1  1  0  0  0  0  1  2  0 ] (0.00000089)
[  1  1  0  0  0  0  2  0  0 ] (0.00000028)
[  1  1  0  0  0  0  2  0  1 ] (0.00000110)
[  1  1  0  0  0  0  2  1  0 ] (0.00000279)
[  1  1  0  0  0  0  3  0  0 ] (0.00000001)
[  1  1  0  0  0  1  0  0  0 ] (0.00000000)
[  1  1  0  0  0  1  0  0  1 ] (0.00000008)
[  1  1  0  0  0  1  0  0  2 ] (0.00000014)
[  1  1  0  0  0  1  0  1  0 ] (0.00000124)
[  1  1  0  0  0  1  0  1  1 ] (0.00000683)
[  1  1  0  0  0  1  0  2  0 ] (0.00000049)
[  1  1  0  0  0  1  1  0  0 ] (0.00000002)
[  1  1  0  0  0  1  1  0  1 ] (0.00000001)
[  1  1  0  0  0  1  1  1  0 ] (0.00000176)
[  1  1  0  0  0  1  2  0  0 ] (0.00000000)
[  1  1  0  0  0  2  0  0  0 ] (0.00000222)
[  1  1  0  0  0  2  0  0  1 ] (0.00000620)
[  1  1  0  0  0  2  0  1  0 ] (0.00000045)
[  1  1  0  0  0  2  1  0  0 ] (0.00000051)
[  1  1  0  0  0  3  0  0  0 ] (0.00000014)
[  1  1  0  0  1  0  0  0  0 ] (0.00000001)
[  1  1  0  0  1  0  0  0  1 ] (0.00000007)
[  1  1  0  0  1  0  0  0  2 ] (0.00000009)
[  1  1  0  0  1  0  0  1  0 ] (0.00000030)
[  1  1  0  0  1  0  0  1  1 ] (0.00000071)
[  1  1  0  0  1  0  0  2  0 ] (0.00000089)
[  1  1  0  0  1  0  1  0  0 ] (0.00000001)
[  1  1  0  0  1  0  1  0  1 ] (0.00000003)
[  1  1  0  0  1  0  1  1  0 ] (0.00000478)
[  1  1  0  0  1  0  2  0  0 ] (0.00000025)
[  1  1  0  0  1  1  0  0  0 ] (0.00000053)
[  1  1  0  0  1  1  0  0  1 ] (0.00000273)
[  1  1  0  0  1  1  0  1  0 ] (0.00000078)
[  1  1  0  0  1  1  1  0  0 ] (0.00000030)
[  1  1  0  0  1  2  0  0  0 ] (0.00000017)
[  1  1  0  0  2  0  0  0  0 ] (0.00000067)
[  1  1  0  0  2  0  0  0  1 ] (0.00000327)
[  1  1  0  0  2  0  0  1  0 ] (0.00000235)
[  1  1  0  0  2  0  1  0  0 ] (0.00000015)
[  1  1  0  0  2  1  0  0  0 ] (0.00000008)
[  1  1  0  0  3  0  0  0  0 ] (0.00000000)
[  1  1  0  1  0  0  0  0  0 ] (0.00000005)
[  1  1  0  1  0  0  0  0  1 ] (0.00000030)
[  1  1  0  1  0  0  0  0  2 ] (0.00000108)
[  1  1  0  1  0  0  0  1  0 ] (0.00000017)
[  1  1  0  1  0  0  0  1  1 ] (0.00000337)
[  1  1  0  1  0  0  0  2  0 ] (0.00000000)
[  1  1  0  1  0  0  1  0  0 ] (0.00000106)
[  1  1  0  1  0  0  1  0  1 ] (0.00000295)
[  1  1  0  1  0  0  1  1  0 ] (0.00000119)
[  1  1  0  1  0  0  2  0  0 ] (0.00000010)
[  1  1  0  1  0  1  0  0  0 ] (0.00000012)
[  1  1  0  1  0  1  0  0  1 ] (0.00000003)
[  1  1  0  1  0  1  0  1  0 ] (0.00000003)
[  1  1  0  1  0  1  1  0  0 ] (0.00000103)
[  1  1  0  1  0  2  0  0  0 ] (0.00000008)
[  1  1  0  1  1  0  0  0  0 ] (0.00000065)
[  1  1  0  1  1  0  0  0  1 ] (0.00000266)
[  1  1  0  1  1  0  0  1  0 ] (0.00000008)
[  1  1  0  1  1  0  1  0  0 ] (0.00000176)
[  1  1  0  1  1  1  0  0  0 ] (0.00000051)
[  1  1  0  1  2  0  0  0  0 ] (0.00000073)
[  1  1  0  2  0  0  0  0  0 ] (0.00000008)
[  1  1  0  2  0  0  0  0  1 ] (0.00000079)
[  1  1  0  2  0  0  0  1  0 ] (0.00000060)
[  1  1  0  2  0  0  1  0  0 ] (0.00000005)
[  1  1  0  2  0  1  0  0  0 ] (0.00000056)
[  1  1  0  2  1  0  0  0  0 ] (0.00000022)
[  1  1  0  3  0  0  0  0  0 ] (0.00000005)
[  1  1  1  0  0  0  0  0  0 ] (0.00014083)
[  1  1  1  0  0  0  0  0  1 ] (0.00047204)
[  1  1  1  0  0  0  0  0  2 ] (0.00128928)
[  1  1  1  0  0  0  0  1  0 ] (0.00002912)
[  1  1  1  0  0  0  0  1  1 ] (0.00001836)
[  1  1  1  0  0  0  0  2  0 ] (0.00005758)
[  1  1  1  0  0  0  1  0  0 ] (0.00003992)
[  1  1  1  0  0  0  1  0  1 ] (0.00000790)
[  1  1  1  0  0  0  1  1  0 ] (0.00060369)
[  1  1  1  0  0  0  2  0  0 ] (0.00005058)
[  1  1  1  0  0  1  0  0  0 ] (0.00009800)
[  1  1  1  0  0  1  0  0  1 ] (0.00025624)
[  1  1  1  0  0  1  0  1  0 ] (0.00020472)
[  1  1  1  0  0  1  1  0  0 ] (0.00028615)
[  1  1  1  0  0  2  0  0  0 ] (0.00019596)
[  1  1  1  0  1  0  0  0  0 ] (0.00000304)
[  1  1  1  0  1  0  0  0  1 ] (0.00002341)
[  1  1  1  0  1  0  0  1  0 ] (0.00031992)
[  1  1  1  0  1  0  1  0  0 ] (0.00001502)
[  1  1  1  0  1  1  0  0  0 ] (0.00108408)
[  1  1  1  0  2  0  0  0  0 ] (0.00000666)
[  1  1  1  1  0  0  0  0  0 ] (0.00000171)
[  1  1  1  1  0  0  0  0  1 ] (0.00048951)
[  1  1  1  1  0  0  0  1  0 ] (0.00043865)
[  1  1  1  1  0  0  1  0  0 ] (0.00005287)
[  1  1  1  1  0  1  0  0  0 ] (0.00023962)
[  1  1  1  1  1  0  0  0  0 ] (0.00001186)
[  1  1  1  2  0  0  0  0  0 ] (0.00000105)
[  1  1  2  0  0  0  0  0  0 ] (0.00000007)
[  1  1  2  0  0  0  0  0  1 ] (0.00000008)
[  1  1  2  0  0  0  0  1  0 ] (0.00000002)
[  1  1  2  0  0  0  1  0  0 ] (0.00000002)
[  1  1  2  0  0  1  0  0  0 ] (0.00000001)
[  1  1  2  0  1  0  0  0  0 ] (0.00000001)
[  1  1  2  1  0  0  0  0  0 ] (0.00000034)
[  1  1  3  0  0  0  0  0  0 ] (0.00000000)
[  1  2  0  0  0  0  0  0  0 ] (0.00000523)
[  1  2  0  0  0  0  0  0  1 ] (0.00002504)
[  1  2  0  0  0  0  0  0  2 ] (0.00008250)
[  1  2  0  0  0  0  0  1  0 ] (0.00004777)
[  1  2  0  0  0  0  0  1  1 ] (0.00004527)
[  1  2  0  0  0  0  0  2  0 ] (0.00001941)
[  1  2  0  0  0  0  1  0  0 ] (0.00004461)
[  1  2  0  0  0  0  1  0  1 ] (0.00007070)
[  1  2  0  0  0  0  1  1  0 ] (0.00016096)
[  1  2  0  0  0  0  2  0  0 ] (0.00002861)
[  1  2  0  0  0  1  0  0  0 ] (0.00000009)
[  1  2  0  0  0  1  0  0  1 ] (0.00002237)
[  1  2  0  0  0  1  0  1  0 ] (0.00002156)
[  1  2  0  0  0  1  1  0  0 ] (0.00022786)
[  1  2  0  0  0  2  0  0  0 ] (0.00001092)
[  1  2  0  0  1  0  0  0  0 ] (0.00029559)
[  1  2  0  0  1  0  0  0  1 ] (0.00092329)
[  1  2  0  0  1  0  0  1  0 ] (0.00002981)
[  1  2  0  0  1  0  1  0  0 ] (0.00000215)
[  1  2  0  0  1  1  0  0  0 ] (0.00001717)
[  1  2  0  0  2  0  0  0  0 ] (0.00012652)
[  1  2  0  1  0  0  0  0  0 ] (0.00025406)
[  1  2  0  1  0  0  0  0  1 ] (0.00136697)
[  1  2  0  1  0  0  0  1  0 ] (0.00016235)
[  1  2  0  1  0  0  1  0  0 ] (0.00006786)
[  1  2  0  1  0  1  0  0  0 ] (0.00000983)
[  1  2  0  1  1  0  0  0  0 ] (0.00000157)
[  1  2  0  2  0  0  0  0  0 ] (0.00011819)
[  1  2  1  0  0  0  0  0  0 ] (0.00000007)
[  1  2  1  0  0  0  0  0  1 ] (0.00000002)
[  1  2  1  0  0  0  0  1  0 ] (0.00000021)
[  1  2  1  0  0  0  1  0  0 ] (0.00000004)
[  1  2  1  0  0  1  0  0  0 ] (0.00000007)
[  1  2  1  0  1  0  0  0  0 ] (0.00000001)
[  1  2  1  1  0  0  0  0  0 ] (0.00000013)
[  1  2  2  0  0  0  0  0  0 ] (0.00000652)
[  1  3  0  0  0  0  0  0  0 ] (0.00001291)
[  1  3  0  0  0  0  0  0  1 ] (0.00003344)
[  1  3  0  0  0  0  0  1  0 ] (0.00000455)
[  1  3  0  0  0  0  1  0  0 ] (0.00000595)
[  1  3  0  0  0  1  0  0  0 ] (0.00000739)
[  1  3  0  0  1  0  0  0  0 ] (0.00000018)
[  1  3  0  1  0  0  0  0  0 ] (0.00000471)
[  1  3  1  0  0  0  0  0  0 ] (0.00000000)
[  1  4  0  0  0  0  0  0  0 ] (0.00000001)
[  2  0  0  0  0  0  0  0  0 ] (0.00000000)
[  2  0  0  0  0  0  0  0  1 ] (0.00000026)
[  2  0  0  0  0  0  0  0  2 ] (0.00000004)
[  2  0  0  0  0  0  0  0  3 ] (0.00000668)
[  2  0  0  0  0  0  0  1  0 ] (0.00000000)
[  2  0  0  0  0  0  0  1  1 ] (0.00000001)
[  2  0  0  0  0  0  0  1  2 ] (0.00000008)
[  2  0  0  0  0  0  0  2  0 ] (0.00000027)
[  2  0  0  0  0  0  0  2  1 ] (0.00000040)
[  2  0  0  0  0  0  0  3  0 ] (0.00000003)
[  2  0  0  0  0  0  1  0  0 ] (0.00000003)
[  2  0  0  0  0  0  1  0  1 ] (0.00000017)
[  2  0  0  0  0  0  1  0  2 ] (0.00000023)
[  2  0  0  0  0  0  1  1  0 ] (0.00000039)
[  2  0  0  0  0  0  1  1  1 ] (0.00000348)
[  2  0  0  0  0  0  1  2  0 ] (0.00000116)
[  2  0  0  0  0  0  2  0  0 ] (0.00000000)
[  2  0  0  0  0  0  2  0  1 ] (0.00000001)
[  2  0  0  0  0  0  2  1  0 ] (0.00000101)
[  2  0  0  0  0  0  3  0  0 ] (0.00000002)
[  2  0  0  0  0  1  0  0  0 ] (0.00000000)
[  2  0  0  0  0  1  0  0  1 ] (0.00000006)
[  2  0  0  0  0  1  0  0  2 ] (0.00000010)
[  2  0  0  0  0  1  0  1  0 ] (0.00000115)
[  2  0  0  0  0  1  0  1  1 ] (0.00000490)
[  2  0  0  0  0  1  0  2  0 ] (0.00000045)
[  2  0  0  0  0  1  1  0  0 ] (0.00000003)
[  2  0  0  0  0  1  1  0  1 ] (0.00000007)
[  2  0  0  0  0  1  1  1  0 ] (0.00000001)
[  2  0  0  0  0  1  2  0  0 ] (0.00000016)
[  2  0  0  0  0  2  0  0  0 ] (0.00000078)
[  2  0  0  0  0  2  0  0  1 ] (0.00000244)
[  2  0  0  0  0  2  0  1  0 ] (0.00000005)
[  2  0  0  0  0  2  1  0  0 ] (0.00000018)
[  2  0  0  0  0  3  0  0  0 ] (0.00000002)
[  2  0  0  0  1  0  0  0  0 ] (0.00000000)
[  2  0  0  0  1  0  0  0  1 ] (0.00000001)
[  2  0  0  0  1  0  0  0  2 ] (0.00000000)
[  2  0  0  0  1  0  0  1  0 ] (0.00000002)
[  2  0  0  0  1  0  0  1  1 ] (0.00000003)
[  2  0  0  0  1  0  0  2  0 ] (0.00000020)
[  2  0  0  0  1  0  1  0  0 ] (0.00000048)
[  2  0  0  0  1  0  1  0  1 ] (0.00000146)
[  2  0  0  0  1  0  1  1  0 ] (0.00000154)
[  2  0  0  0  1  0  2  0  0 ] (0.00000006)
[  2  0  0  0  1  1  0  0  0 ] (0.00000003)
[  2  0  0  0  1  1  0  0  1 ] (0.00000005)
[  2  0  0  0  1  1  0  1  0 ] (0.00000018)
[  2  0  0  0  1  1  1  0  0 ] (0.00000012)
[  2  0  0  0  1  2  0  0  0 ] (0.00000040)
[  2  0  0  0  2  0  0  0  0 ] (0.00000043)
[  2  0  0  0  2  0  0  0  1 ] (0.00000028)
[  2  0  0  0  2  0  0  1  0 ] (0.00000150)
[  2  0  0  0  2  0  1  0  0 ] (0.00000015)
[  2  0  0  0  2  1  0  0  0 ] (0.00000000)
[  2  0  0  0  3  0  0  0  0 ] (0.00000001)
[  2  0  0  1  0  0  0  0  0 ] (0.00000003)
[  2  0  0  1  0  0  0  0  1 ] (0.00000041)
[  2  0  0  1  0  0  0  0  2 ] (0.00000132)
[  2  0  0  1  0  0  0  1  0 ] (0.00000014)
[  2  0  0  1  0  0  0  1  1 ] (0.00000197)
[  2  0  0  1  0  0  0  2  0 ] (0.00000007)
[  2  0  0  1  0  0  1  0  0 ] (0.00000034)
[  2  0  0  1  0  0  1  0  1 ] (0.00000216)
[  2  0  0  1  0  0  1  1  0 ] (0.00000020)
[  2  0  0  1  0  0  2  0  0 ] (0.00000007)
[  2  0  0  1  0  1  0  0  0 ] (0.00000049)
[  2  0  0  1  0  1  0  0  1 ] (0.00000059)
[  2  0  0  1  0  1  0  1  0 ] (0.00000039)
[  2  0  0  1  0  1  1  0  0 ] (0.00000001)
[  2  0  0  1  0  2  0  0  0 ] (0.00000045)
[  2  0  0  1  1  0  0  0  0 ] (0.00000037)
[  2  0  0  1  1  0  0  0  1 ] (0.00000026)
[  2  0  0  1  1  0  0  1  0 ] (0.00000009)
[  2  0  0  1  1  0  1  0  0 ] (0.00000204)
[  2  0  0  1  1  1  0  0  0 ] (0.00000002)
[  2  0  0  1  2  0  0  0  0 ] (0.00000025)
[  2  0  0  2  0  0  0  0  0 ] (0.00000019)
[  2  0  0  2  0  0  0  0  1 ] (0.00000237)
[  2  0  0  2  0  0  0  1  0 ] (0.00000105)
[  2  0  0  2  0  0  1  0  0 ] (0.00000002)
[  2  0  0  2  0  1  0  0  0 ] (0.00000036)
[  2  0  0  2  1  0  0  0  0 ] (0.00000032)
[  2  0  0  3  0  0  0  0  0 ] (0.00000001)
[  2  0  1  0  0  0  0  0  0 ] (0.00006421)
[  2  0  1  0  0  0  0  0  1 ] (0.00026225)
[  2  0  1  0  0  0  0  0  2 ] (0.00142148)
[  2  0  1  0  0  0  0  1  0 ] (0.00006122)
[  2  0  1  0  0  0  0  1  1 ] (0.00053881)
[  2  0  1  0  0  0  0  2  0 ] (0.00010938)
[  2  0  1  0  0  0  1  0  0 ] (0.00004954)
[  2  0  1  0  0  0  1  0  1 ] (0.00011114)
[  2  0  1  0  0  0  1  1  0 ] (0.00006026)
[  2  0  1  0  0  0  2  0  0 ] (0.00003781)
[  2  0  1  0  0  1  0  0  0 ] (0.00009435)
[  2  0  1  0  0  1  0  0  1 ] (0.00022418)
[  2  0  1  0  0  1  0  1  0 ] (0.00033324)
[  2  0  1  0  0  1  1  0  0 ] (0.00004471)
[  2  0  1  0  0  2  0  0  0 ] (0.00015635)
[  2  0  1  0  1  0  0  0  0 ] (0.00024632)
[  2  0  1  0  1  0  0  0  1 ] (0.00033370)
[  2  0  1  0  1  0  0  1  0 ] (0.00007954)
[  2  0  1  0  1  0  1  0  0 ] (0.00027581)
[  2  0  1  0  1  1  0  0  0 ] (0.00018749)
[  2  0  1  0  2  0  0  0  0 ] (0.00000818)
[  2  0  1  1  0  0  0  0  0 ] (0.00015385)
[  2  0  1  1  0  0  0  0  1 ] (0.00077728)
[  2  0  1  1  0  0  0  1  0 ] (0.00001080)
[  2  0  1  1  0  0  1  0  0 ] (0.00005731)
[  2  0  1  1  0  1  0  0  0 ] (0.00000525)
[  2  0  1  1  1  0  0  0  0 ] (0.00000782)
[  2  0  1  2  0  0  0  0  0 ] (0.00000062)
[  2  0  2  0  0  0  0  0  0 ] (0.00000001)
[  2  0  2  0  0  0  0  0  1 ] (0.00000000)
[  2  0  2  0  0  0  0  1  0 ] (0.00000004)
[  2  0  2  0  0  0  1  0  0 ] (0.00000001)
[  2  0  2  0  0  1  0  0  0 ] (0.00000001)
[  2  0  2  0  1  0  0  0  0 ] (0.00000000)
[  2  0  2  1  0  0  0  0  0 ] (0.00000025)
[  2  0  3  0  0  0  0  0  0 ] (0.00000000)
[  2  1  0  0  0  0  0  0  0 ] (0.00002776)
[  2  1  0  0  0  0  0  0  1 ] (0.00009390)
[  2  1  0  0  0  0  0  0  2 ] (0.00038932)
[  2  1  0  0  0  0  0  1  0 ] (0.00000680)
[  2  1  0  0  0  0  0  1  1 ] (0.00000969)
[  2  1  0  0  0  0  0  2  0 ] (0.00000043)
[  2  1  0  0  0  0  1  0  0 ] (0.00003350)
[  2  1  0  0  0  0  1  0  1 ] (0.00003283)
[  2  1  0  0  0  0  1  1  0 ] (0.00000946)
[  2  1  0  0  0  0  2  0  0 ] (0.00001003)
[  2  1  0  0  0  1  0  0  0 ] (0.00001435)
[  2  1  0  0  0  1  0  0  1 ] (0.00018983)
[  2  1  0  0  0  1  0  1  0 ] (0.00001619)
[  2  1  0  0  0  1  1  0  0 ] (0.00022822)
[  2  1  0  0  0  2  0  0  0 ] (0.00000357)
[  2  1  0  0  1  0  0  0  0 ] (0.00018053)
[  2  1  0  0  1  0  0  0  1 ] (0.00090852)
[  2  1  0  0  1  0  0  1  0 ] (0.00000911)
[  2  1  0  0  1  0  1  0  0 ] (0.00000392)
[  2  1  0  0  1  1  0  0  0 ] (0.00000028)
[  2  1  0  0  2  0  0  0  0 ] (0.00006915)
[  2  1  0  1  0  0  0  0  0 ] (0.00019384)
[  2  1  0  1  0  0  0  0  1 ] (0.00093034)
[  2  1  0  1  0  0  0  1  0 ] (0.00000042)
[  2  1  0  1  0  0  1  0  0 ] (0.00002199)
[  2  1  0  1  0  1  0  0  0 ] (0.00000717)
[  2  1  0  1  1  0  0  0  0 ] (0.00002083)
[  2  1  0  2  0  0  0  0  0 ] (0.00004755)
[  2  1  1  0  0  0  0  0  0 ] (0.00000000)
[  2  1  1  0  0  0  0  0  1 ] (0.00000003)
[  2  1  1  0  0  0  0  1  0 ] (0.00000013)
[  2  1  1  0  0  0  1  0  0 ] (0.00000000)
[  2  1  1  0  0  1  0  0  0 ] (0.00000002)
[  2  1  1  0  1  0  0  0  0 ] (0.00000000)
[  2  1  1  1  0  0  0  0  0 ] (0.00000039)
[  2  1  2  0  0  0  0  0  0 ] (0.00001503)
[  2  2  0  0  0  0  0  0  0 ] (0.00000003)
[  2  2  0  0  0  0  0  0  1 ] (0.00000038)
[  2  2  0  0  0  0  0  1  0 ] (0.00000002)
[  2  2  0  0  0  0  1  0  0 ] (0.00000001)
[  2  2  0  0  0  1  0  0  0 ] (0.00000004)
[  2  2  0  0  1  0  0  0  0 ] (0.00000000)
[  2  2  0  1  0  0  0  0  0 ] (0.00000002)
[  2  2  1  0  0  0  0  0  0 ] (0.00019538)
[  2  3  0  0  0  0  0  0  0 ] (0.00000000)
[  3  0  0  0  0  0  0  0  0 ] (0.00000000)
[  3  0  0  0  0  0  0  0  1 ] (0.00000002)
[  3  0  0  0  0  0  0  0  2 ] (0.00000003)
[  3  0  0  0  0  0  0  1  0 ] (0.00000000)
[  3  0  0  0  0  0  0  1  1 ] (0.00000000)
[  3  0  0  0  0  0  0  2  0 ] (0.00000001)
[  3  0  0  0  0  0  1  0  0 ] (0.00000000)
[  3  0  0  0  0  0  1  0  1 ] (0.00000000)
[  3  0  0  0  0  0  1  1  0 ] (0.00000002)
[  3  0  0  0  0  0  2  0  0 ] (0.00000000)
[  3  0  0  0  0  1  0  0  0 ] (0.00000000)
[  3  0  0  0  0  1  0  0  1 ] (0.00000001)
[  3  0  0  0  0  1  0  1  0 ] (0.00000001)
[  3  0  0  0  0  1  1  0  0 ] (0.00000000)
[  3  0  0  0  0  2  0  0  0 ] (0.00000000)
[  3  0  0  0  1  0  0  0  0 ] (0.00000000)
[  3  0  0  0  1  0  0  0  1 ] (0.00000001)
[  3  0  0  0  1  0  0  1  0 ] (0.00000000)
[  3  0  0  0  1  0  1  0  0 ] (0.00000000)
[  3  0  0  0  1  1  0  0  0 ] (0.00000000)
[  3  0  0  0  2  0  0  0  0 ] (0.00000000)
[  3  0  0  1  0  0  0  0  0 ] (0.00000000)
[  3  0  0  1  0  0  0  0  1 ] (0.00000000)
[  3  0  0  1  0  0  0  1  0 ] (0.00000000)
[  3  0  0  1  0  0  1  0  0 ] (0.00000001)
[  3  0  0  1  0  1  0  0  0 ] (0.00000001)
[  3  0  0  1  1  0  0  0  0 ] (0.00000000)
[  3  0  0  2  0  0  0  0  0 ] (0.00000001)
[  3  0  1  0  0  0  0  0  0 ] (0.00000651)
[  3  0  1  0  0  0  0  0  1 ] (0.00002011)
[  3  0  1  0  0  0  0  1  0 ] (0.00000008)
[  3  0  1  0  0  0  1  0  0 ] (0.00000299)
[  3  0  1  0  0  1  0  0  0 ] (0.00000010)
[  3  0  1  0  1  0  0  0  0 ] (0.00000958)
[  3  0  1  1  0  0  0  0  0 ] (0.00000239)
[  3  0  2  0  0  0  0  0  0 ] (0.00000000)
[  3  1  0  0  0  0  0  0  0 ] (0.00000585)
[  3  1  0  0  0  0  0  0  1 ] (0.00002144)
[  3  1  0  0  0  0  0  1  0 ] (0.00000002)
[  3  1  0  0  0  0  1  0  0 ] (0.00000059)
[  3  1  0  0  0  1  0  0  0 ] (0.00000030)
[  3  1  0  0  1  0  0  0  0 ] (0.00000382)
[  3  1  0  1  0  0  0  0  0 ] (0.00000171)
[  3  1  1  0  0  0  0  0  0 ] (0.00000001)
[  3  2  0  0  0  0  0  0  0 ] (0.00000000)
[  4  0  0  0  0  0  0  0  0 ] (0.00002230)
[  4  0  0  0  0  0  0  0  1 ] (0.00009973)
[  4  0  0  0  0  0  0  1  0 ] (0.00000340)
[  4  0  0  0  0  0  1  0  0 ] (0.00000007)
[  4  0  0  0  0  1  0  0  0 ] (0.00000934)
[  4  0  0  0  1  0  0  0  0 ] (0.00009800)
[  4  0  0  1  0  0  0  0  0 ] (0.00006334)
[  4  0  1  0  0  0  0  0  0 ] (0.00000000)
[  4  1  0  0  0  0  0  0  0 ] (0.00000002)
[  5  0  0  0  0  0  0  0  0 ] (0.00000001)
