| -1076.205997764913 |    43.428246987093 

[  0  0  0  0  0  0  0  0  0 ] (0.00000011)
[  0  0  0  0  0  0  0  0  1 ] (0.00000000)
[  0  0  0  0  0  0  0  0  2 ] (0.00000000)
[  0  0  0  0  0  0  0  0  3 ] (0.00000000)
[  0  0  0  0  0  0  0  0  4 ] (0.00000000)
[  0  0  0  0  0  0  0  0  5 ] (0.00000000)
[  0  0  0  0  0  0  0  1  0 ] (0.00000151)
[  0  0  0  0  0  0  0  1  1 ] (0.00000001)
[  0  0  0  0  0  0  0  1  2 ] (0.00000000)
[  0  0  0  0  0  0  0  1  3 ] (0.00000000)
[  0  0  0  0  0  0  0  1  4 ] (0.00000000)
[  0  0  0  0  0  0  0  2  0 ] (0.00000001)
[  0  0  0  0  0  0  0  2  1 ] (0.00000000)
[  0  0  0  0  0  0  0  2  2 ] (0.00000000)
[  0  0  0  0  0  0  0  2  3 ] (0.00000000)
[  0  0  0  0  0  0  0  3  0 ] (0.00000000)
[  0  0  0  0  0  0  0  3  1 ] (0.00000000)
[  0  0  0  0  0  0  0  3  2 ] (0.00000000)
[  0  0  0  0  0  0  0  4  0 ] (0.00000000)
[  0  0  0  0  0  0  0  4  1 ] (0.00000000)
[  0  0  0  0  0  0  0  5  0 ] (0.00000000)
[  0  0  0  0  0  0  1  0  0 ] (0.00000141)
[  0  0  0  0  0  0  1  0  1 ] (0.00000000)
[  0  0  0  0  0  0  1  0  2 ] (0.00000000)
[  0  0  0  0  0  0  1  0  3 ] (0.00000000)
[  0  0  0  0  0  0  1  0  4 ] (0.00000000)
[  0  0  0  0  0  0  1  1  0 ] (0.00000006)
[  0  0  0  0  0  0  1  1  1 ] (0.00000000)
[  0  0  0  0  0  0  1  1  2 ] (0.00000000)
[  0  0  0  0  0  0  1  1  3 ] (0.00000000)
[  0  0  0  0  0  0  1  2  0 ] (0.00000000)
[  0  0  0  0  0  0  1  2  1 ] (0.00000000)
[  0  0  0  0  0  0  1  2  2 ] (0.00000000)
[  0  0  0  0  0  0  1  3  0 ] (0.00000000)
[  0  0  0  0  0  0  1  3  1 ] (0.00000000)
[  0  0  0  0  0  0  1  4  0 ] (0.00000000)
[  0  0  0  0  0  0  2  0  0 ] (0.00000004)
[  0  0  0  0  0  0  2  0  1 ] (0.00000002)
[  0  0  0  0  0  0  2  0  2 ] (0.00000000)
[  0  0  0  0  0  0  2  0  3 ] (0.00000000)
[  0  0  0  0  0  0  2  1  0 ] (0.00000002)
[  0  0  0  0  0  0  2  1  1 ] (0.00000001)
[  0  0  0  0  0  0  2  1  2 ] (0.00000000)
[  0  0  0  0  0  0  2  2  0 ] (0.00000000)
[  0  0  0  0  0  0  2  2  1 ] (0.00000000)
[  0  0  0  0  0  0  2  3  0 ] (0.00000000)
[  0  0  0  0  0  0  3  0  0 ] (0.00000001)
[  0  0  0  0  0  0  3  0  1 ] (0.00000000)
[  0  0  0  0  0  0  3  0  2 ] (0.00000000)
[  0  0  0  0  0  0  3  1  0 ] (0.00000000)
[  0  0  0  0  0  0  3  1  1 ] (0.00000000)
[  0  0  0  0  0  0  3  2  0 ] (0.00000000)
[  0  0  0  0  0  0  4  0  0 ] (0.00000001)
[  0  0  0  0  0  0  4  0  1 ] (0.00000001)
[  0  0  0  0  0  0  4  1  0 ] (0.00000001)
[  0  0  0  0  0  0  5  0  0 ] (0.00000000)
[  0  0  0  0  0  1  0  0  0 ] (0.00000016)
[  0  0  0  0  0  1  0  0  1 ] (0.00000000)
[  0  0  0  0  0  1  0  0  2 ] (0.00000000)
[  0  0  0  0  0  1  0  0  3 ] (0.00000000)
[  0  0  0  0  0  1  0  0  4 ] (0.00000000)
[  0  0  0  0  0  1  0  1  0 ] (0.00000001)
[  0  0  0  0  0  1  0  1  1 ] (0.00000000)
[  0  0  0  0  0  1  0  1  2 ] (0.00000000)
[  0  0  0  0  0  1  0  1  3 ] (0.00000000)
[  0  0  0  0  0  1  0  2  0 ] (0.00000000)
[  0  0  0  0  0  1  0  2  1 ] (0.00000000)
[  0  0  0  0  0  1  0  2  2 ] (0.00000000)
[  0  0  0  0  0  1  0  3  0 ] (0.00000000)
[  0  0  0  0  0  1  0  3  1 ] (0.00000000)
[  0  0  0  0  0  1  0  4  0 ] (0.00000000)
[  0  0  0  0  0  1  1  0  0 ] (0.00000001)
[  0  0  0  0  0  1  1  0  1 ] (0.00000000)
[  0  0  0  0  0  1  1  0  2 ] (0.00000000)
[  0  0  0  0  0  1  1  0  3 ] (0.00000000)
[  0  0  0  0  0  1  1  1  0 ] (0.00000000)
[  0  0  0  0  0  1  1  1  1 ] (0.00000000)
[  0  0  0  0  0  1  1  1  2 ] (0.00000000)
[  0  0  0  0  0  1  1  2  0 ] (0.00000000)
[  0  0  0  0  0  1  1  2  1 ] (0.00000000)
[  0  0  0  0  0  1  1  3  0 ] (0.00000000)
[  0  0  0  0  0  1  2  0  0 ] (0.00000000)
[  0  0  0  0  0  1  2  0  1 ] (0.00000000)
[  0  0  0  0  0  1  2  0  2 ] (0.00000000)
[  0  0  0  0  0  1  2  1  0 ] (0.00000000)
[  0  0  0  0  0  1  2  1  1 ] (0.00000000)
[  0  0  0  0  0  1  2  2  0 ] (0.00000000)
[  0  0  0  0  0  1  3  0  0 ] (0.00000000)
[  0  0  0  0  0  1  3  0  1 ] (0.00000000)
[  0  0  0  0  0  1  3  1  0 ] (0.00000000)
[  0  0  0  0  0  1  4  0  0 ] (0.00000000)
[  0  0  0  0  0  2  0  0  0 ] (0.00000000)
[  0  0  0  0  0  2  0  0  1 ] (0.00000000)
[  0  0  0  0  0  2  0  0  2 ] (0.00000000)
[  0  0  0  0  0  2  0  0  3 ] (0.00000000)
[  0  0  0  0  0  2  0  1  0 ] (0.00000000)
[  0  0  0  0  0  2  0  1  1 ] (0.00000000)
[  0  0  0  0  0  2  0  1  2 ] (0.00000000)
[  0  0  0  0  0  2  0  2  0 ] (0.00000000)
[  0  0  0  0  0  2  0  2  1 ] (0.00000000)
[  0  0  0  0  0  2  0  3  0 ] (0.00000000)
[  0  0  0  0  0  2  1  0  0 ] (0.00000000)
[  0  0  0  0  0  2  1  0  1 ] (0.00000000)
[  0  0  0  0  0  2  1  0  2 ] (0.00000000)
[  0  0  0  0  0  2  1  1  0 ] (0.00000000)
[  0  0  0  0  0  2  1  1  1 ] (0.00000000)
[  0  0  0  0  0  2  1  2  0 ] (0.00000000)
[  0  0  0  0  0  2  2  0  0 ] (0.00000003)
[  0  0  0  0  0  2  2  0  1 ] (0.00000000)
[  0  0  0  0  0  2  2  1  0 ] (0.00000000)
[  0  0  0  0  0  2  3  0  0 ] (0.00000000)
[  0  0  0  0  0  3  0  0  0 ] (0.00000000)
[  0  0  0  0  0  3  0  0  1 ] (0.00000000)
[  0  0  0  0  0  3  0  0  2 ] (0.00000000)
[  0  0  0  0  0  3  0  1  0 ] (0.00000000)
[  0  0  0  0  0  3  0  1  1 ] (0.00000000)
[  0  0  0  0  0  3  0  2  0 ] (0.00000000)
[  0  0  0  0  0  3  1  0  0 ] (0.00000000)
[  0  0  0  0  0  3  1  0  1 ] (0.00000000)
[  0  0  0  0  0  3  1  1  0 ] (0.00000000)
[  0  0  0  0  0  3  2  0  0 ] (0.00000000)
[  0  0  0  0  0  4  0  0  0 ] (0.00000000)
[  0  0  0  0  0  4  0  0  1 ] (0.00000000)
[  0  0  0  0  0  4  0  1  0 ] (0.00000000)
[  0  0  0  0  0  4  1  0  0 ] (0.00000000)
[  0  0  0  0  0  5  0  0  0 ] (0.00000000)
[  0  0  0  0  1  0  0  0  0 ] (0.00000484)
[  0  0  0  0  1  0  0  0  1 ] (0.00000000)
[  0  0  0  0  1  0  0  0  2 ] (0.00000000)
[  0  0  0  0  1  0  0  0  3 ] (0.00000000)
[  0  0  0  0  1  0  0  0  4 ] (0.00000000)
[  0  0  0  0  1  0  0  1  0 ] (0.00000004)
[  0  0  0  0  1  0  0  1  1 ] (0.00000000)
[  0  0  0  0  1  0  0  1  2 ] (0.00000000)
[  0  0  0  0  1  0  0  1  3 ] (0.00000000)
[  0  0  0  0  1  0  0  2  0 ] (0.00000000)
[  0  0  0  0  1  0  0  2  1 ] (0.00000000)
[  0  0  0  0  1  0  0  2  2 ] (0.00000000)
[  0  0  0  0  1  0  0  3  0 ] (0.00000000)
[  0  0  0  0  1  0  0  3  1 ] (0.00000000)
[  0  0  0  0  1  0  0  4  0 ] (0.00000000)
[  0  0  0  0  1  0  1  0  0 ] (0.00000004)
[  0  0  0  0  1  0  1  0  1 ] (0.00000000)
[  0  0  0  0  1  0  1  0  2 ] (0.00000000)
[  0  0  0  0  1  0  1  0  3 ] (0.00000000)
[  0  0  0  0  1  0  1  1  0 ] (0.00000000)
[  0  0  0  0  1  0  1  1  1 ] (0.00000000)
[  0  0  0  0  1  0  1  1  2 ] (0.00000000)
[  0  0  0  0  1  0  1  2  0 ] (0.00000000)
[  0  0  0  0  1  0  1  2  1 ] (0.00000000)
[  0  0  0  0  1  0  1  3  0 ] (0.00000000)
[  0  0  0  0  1  0  2  0  0 ] (0.00000001)
[  0  0  0  0  1  0  2  0  1 ] (0.00000000)
[  0  0  0  0  1  0  2  0  2 ] (0.00000000)
[  0  0  0  0  1  0  2  1  0 ] (0.00000000)
[  0  0  0  0  1  0  2  1  1 ] (0.00000000)
[  0  0  0  0  1  0  2  2  0 ] (0.00000000)
[  0  0  0  0  1  0  3  0  0 ] (0.00000000)
[  0  0  0  0  1  0  3  0  1 ] (0.00000000)
[  0  0  0  0  1  0  3  1  0 ] (0.00000001)
[  0  0  0  0  1  0  4  0  0 ] (0.00000000)
[  0  0  0  0  1  1  0  0  0 ] (0.00000001)
[  0  0  0  0  1  1  0  0  1 ] (0.00000000)
[  0  0  0  0  1  1  0  0  2 ] (0.00000000)
[  0  0  0  0  1  1  0  0  3 ] (0.00000000)
[  0  0  0  0  1  1  0  1  0 ] (0.00000000)
[  0  0  0  0  1  1  0  1  1 ] (0.00000000)
[  0  0  0  0  1  1  0  1  2 ] (0.00000000)
[  0  0  0  0  1  1  0  2  0 ] (0.00000000)
[  0  0  0  0  1  1  0  2  1 ] (0.00000000)
[  0  0  0  0  1  1  0  3  0 ] (0.00000000)
[  0  0  0  0  1  1  1  0  0 ] (0.00000000)
[  0  0  0  0  1  1  1  0  1 ] (0.00000000)
[  0  0  0  0  1  1  1  0  2 ] (0.00000000)
[  0  0  0  0  1  1  1  1  0 ] (0.00000000)
[  0  0  0  0  1  1  1  1  1 ] (0.00000000)
[  0  0  0  0  1  1  1  2  0 ] (0.00000000)
[  0  0  0  0  1  1  2  0  0 ] (0.00000000)
[  0  0  0  0  1  1  2  0  1 ] (0.00000000)
[  0  0  0  0  1  1  2  1  0 ] (0.00000000)
[  0  0  0  0  1  1  3  0  0 ] (0.00000000)
[  0  0  0  0  1  2  0  0  0 ] (0.00000000)
[  0  0  0  0  1  2  0  0  1 ] (0.00000000)
[  0  0  0  0  1  2  0  0  2 ] (0.00000000)
[  0  0  0  0  1  2  0  1  0 ] (0.00000000)
[  0  0  0  0  1  2  0  1  1 ] (0.00000000)
[  0  0  0  0  1  2  0  2  0 ] (0.00000000)
[  0  0  0  0  1  2  1  0  0 ] (0.00000000)
[  0  0  0  0  1  2  1  0  1 ] (0.00000000)
[  0  0  0  0  1  2  1  1  0 ] (0.00000000)
[  0  0  0  0  1  2  2  0  0 ] (0.00000000)
[  0  0  0  0  1  3  0  0  0 ] (0.00000000)
[  0  0  0  0  1  3  0  0  1 ] (0.00000000)
[  0  0  0  0  1  3  0  1  0 ] (0.00000000)
[  0  0  0  0  1  3  1  0  0 ] (0.00000000)
[  0  0  0  0  1  4  0  0  0 ] (0.00000000)
[  0  0  0  0  2  0  0  0  0 ] (0.00000000)
[  0  0  0  0  2  0  0  0  1 ] (0.00000000)
[  0  0  0  0  2  0  0  0  2 ] (0.00000000)
[  0  0  0  0  2  0  0  0  3 ] (0.00000000)
[  0  0  0  0  2  0  0  1  0 ] (0.00000000)
[  0  0  0  0  2  0  0  1  1 ] (0.00000000)
[  0  0  0  0  2  0  0  1  2 ] (0.00000000)
[  0  0  0  0  2  0  0  2  0 ] (0.00000000)
[  0  0  0  0  2  0  0  2  1 ] (0.00000000)
[  0  0  0  0  2  0  0  3  0 ] (0.00000000)
[  0  0  0  0  2  0  1  0  0 ] (0.00000000)
[  0  0  0  0  2  0  1  0  1 ] (0.00000000)
[  0  0  0  0  2  0  1  0  2 ] (0.00000000)
[  0  0  0  0  2  0  1  1  0 ] (0.00000001)
[  0  0  0  0  2  0  1  1  1 ] (0.00000000)
[  0  0  0  0  2  0  1  2  0 ] (0.00000000)
[  0  0  0  0  2  0  2  0  0 ] (0.00000000)
[  0  0  0  0  2  0  2  0  1 ] (0.00000000)
[  0  0  0  0  2  0  2  1  0 ] (0.00000000)
[  0  0  0  0  2  0  3  0  0 ] (0.00000000)
[  0  0  0  0  2  1  0  0  0 ] (0.00000000)
[  0  0  0  0  2  1  0  0  1 ] (0.00000000)
[  0  0  0  0  2  1  0  0  2 ] (0.00000000)
[  0  0  0  0  2  1  0  1  0 ] (0.00000000)
[  0  0  0  0  2  1  0  1  1 ] (0.00000000)
[  0  0  0  0  2  1  0  2  0 ] (0.00000000)
[  0  0  0  0  2  1  1  0  0 ] (0.00000000)
[  0  0  0  0  2  1  1  0  1 ] (0.00000000)
[  0  0  0  0  2  1  1  1  0 ] (0.00000000)
[  0  0  0  0  2  1  2  0  0 ] (0.00000000)
[  0  0  0  0  2  2  0  0  0 ] (0.00000000)
[  0  0  0  0  2  2  0  0  1 ] (0.00000000)
[  0  0  0  0  2  2  0  1  0 ] (0.00000000)
[  0  0  0  0  2  2  1  0  0 ] (0.00000000)
[  0  0  0  0  2  3  0  0  0 ] (0.00000000)
[  0  0  0  0  3  0  0  0  0 ] (0.00000000)
[  0  0  0  0  3  0  0  0  1 ] (0.00000000)
[  0  0  0  0  3  0  0  0  2 ] (0.00000000)
[  0  0  0  0  3  0  0  1  0 ] (0.00000000)
[  0  0  0  0  3  0  0  1  1 ] (0.00000000)
[  0  0  0  0  3  0  0  2  0 ] (0.00000000)
[  0  0  0  0  3  0  1  0  0 ] (0.00000000)
[  0  0  0  0  3  0  1  0  1 ] (0.00000000)
[  0  0  0  0  3  0  1  1  0 ] (0.00000000)
[  0  0  0  0  3  0  2  0  0 ] (0.00000000)
[  0  0  0  0  3  1  0  0  0 ] (0.00000000)
[  0  0  0  0  3  1  0  0  1 ] (0.00000000)
[  0  0  0  0  3  1  0  1  0 ] (0.00000000)
[  0  0  0  0  3  1  1  0  0 ] (0.00000000)
[  0  0  0  0  3  2  0  0  0 ] (0.00000000)
[  0  0  0  0  4  0  0  0  0 ] (0.00000001)
[  0  0  0  0  4  0  0  0  1 ] (0.00000000)
[  0  0  0  0  4  0  0  1  0 ] (0.00000001)
[  0  0  0  0  4  0  1  0  0 ] (0.00000000)
[  0  0  0  0  4  1  0  0  0 ] (0.00000000)
[  0  0  0  0  5  0  0  0  0 ] (0.00000000)
[  0  0  0  1  0  0  0  0  0 ] (0.00000018)
[  0  0  0  1  0  0  0  0  1 ] (0.00000000)
[  0  0  0  1  0  0  0  0  2 ] (0.00000000)
[  0  0  0  1  0  0  0  0  3 ] (0.00000000)
[  0  0  0  1  0  0  0  0  4 ] (0.00000000)
[  0  0  0  1  0  0  0  1  0 ] (0.00000000)
[  0  0  0  1  0  0  0  1  1 ] (0.00000000)
[  0  0  0  1  0  0  0  1  2 ] (0.00000000)
[  0  0  0  1  0  0  0  1  3 ] (0.00000000)
[  0  0  0  1  0  0  0  2  0 ] (0.00000000)
[  0  0  0  1  0  0  0  2  1 ] (0.00000000)
[  0  0  0  1  0  0  0  2  2 ] (0.00000000)
[  0  0  0  1  0  0  0  3  0 ] (0.00000000)
[  0  0  0  1  0  0  0  3  1 ] (0.00000000)
[  0  0  0  1  0  0  0  4  0 ] (0.00000000)
[  0  0  0  1  0  0  1  0  0 ] (0.00000000)
[  0  0  0  1  0  0  1  0  1 ] (0.00000000)
[  0  0  0  1  0  0  1  0  2 ] (0.00000000)
[  0  0  0  1  0  0  1  0  3 ] (0.00000001)
[  0  0  0  1  0  0  1  1  0 ] (0.00000000)
[  0  0  0  1  0  0  1  1  1 ] (0.00000001)
[  0  0  0  1  0  0  1  1  2 ] (0.00000000)
[  0  0  0  1  0  0  1  2  0 ] (0.00000000)
[  0  0  0  1  0  0  1  2  1 ] (0.00000000)
[  0  0  0  1  0  0  1  3  0 ] (0.00000000)
[  0  0  0  1  0  0  2  0  0 ] (0.00000001)
[  0  0  0  1  0  0  2  0  1 ] (0.00000002)
[  0  0  0  1  0  0  2  0  2 ] (0.00000000)
[  0  0  0  1  0  0  2  1  0 ] (0.00000002)
[  0  0  0  1  0  0  2  1  1 ] (0.00000002)
[  0  0  0  1  0  0  2  2  0 ] (0.00000001)
[  0  0  0  1  0  0  3  0  0 ] (0.00000000)
[  0  0  0  1  0  0  3  0  1 ] (0.00000000)
[  0  0  0  1  0  0  3  1  0 ] (0.00000000)
[  0  0  0  1  0  0  4  0  0 ] (0.00000000)
[  0  0  0  1  0  1  0  0  0 ] (0.00000001)
[  0  0  0  1  0  1  0  0  1 ] (0.00000000)
[  0  0  0  1  0  1  0  0  2 ] (0.00000000)
[  0  0  0  1  0  1  0  0  3 ] (0.00000000)
[  0  0  0  1  0  1  0  1  0 ] (0.00000000)
[  0  0  0  1  0  1  0  1  1 ] (0.00000000)
[  0  0  0  1  0  1  0  1  2 ] (0.00000000)
[  0  0  0  1  0  1  0  2  0 ] (0.00000000)
[  0  0  0  1  0  1  0  2  1 ] (0.00000000)
[  0  0  0  1  0  1  0  3  0 ] (0.00000000)
[  0  0  0  1  0  1  1  0  0 ] (0.00000001)
[  0  0  0  1  0  1  1  0  1 ] (0.00000000)
[  0  0  0  1  0  1  1  0  2 ] (0.00000000)
[  0  0  0  1  0  1  1  1  0 ] (0.00000000)
[  0  0  0  1  0  1  1  1  1 ] (0.00000000)
[  0  0  0  1  0  1  1  2  0 ] (0.00000000)
[  0  0  0  1  0  1  2  0  0 ] (0.00000001)
[  0  0  0  1  0  1  2  0  1 ] (0.00000000)
[  0  0  0  1  0  1  2  1  0 ] (0.00000000)
[  0  0  0  1  0  1  3  0  0 ] (0.00000000)
[  0  0  0  1  0  2  0  0  0 ] (0.00000000)
[  0  0  0  1  0  2  0  0  1 ] (0.00000000)
[  0  0  0  1  0  2  0  0  2 ] (0.00000000)
[  0  0  0  1  0  2  0  1  0 ] (0.00000000)
[  0  0  0  1  0  2  0  1  1 ] (0.00000000)
[  0  0  0  1  0  2  0  2  0 ] (0.00000000)
[  0  0  0  1  0  2  1  0  0 ] (0.00000002)
[  0  0  0  1  0  2  1  0  1 ] (0.00000000)
[  0  0  0  1  0  2  1  1  0 ] (0.00000000)
[  0  0  0  1  0  2  2  0  0 ] (0.00000009)
[  0  0  0  1  0  3  0  0  0 ] (0.00000000)
[  0  0  0  1  0  3  0  0  1 ] (0.00000000)
[  0  0  0  1  0  3  0  1  0 ] (0.00000000)
[  0  0  0  1  0  3  1  0  0 ] (0.00000000)
[  0  0  0  1  0  4  0  0  0 ] (0.00000000)
[  0  0  0  1  1  0  0  0  0 ] (0.00000000)
[  0  0  0  1  1  0  0  0  1 ] (0.00000000)
[  0  0  0  1  1  0  0  0  2 ] (0.00000000)
[  0  0  0  1  1  0  0  0  3 ] (0.00000000)
[  0  0  0  1  1  0  0  1  0 ] (0.00000000)
[  0  0  0  1  1  0  0  1  1 ] (0.00000000)
[  0  0  0  1  1  0  0  1  2 ] (0.00000000)
[  0  0  0  1  1  0  0  2  0 ] (0.00000000)
[  0  0  0  1  1  0  0  2  1 ] (0.00000000)
[  0  0  0  1  1  0  0  3  0 ] (0.00000000)
[  0  0  0  1  1  0  1  0  0 ] (0.00000000)
[  0  0  0  1  1  0  1  0  1 ] (0.00000000)
[  0  0  0  1  1  0  1  0  2 ] (0.00000000)
[  0  0  0  1  1  0  1  1  0 ] (0.00000000)
[  0  0  0  1  1  0  1  1  1 ] (0.00000000)
[  0  0  0  1  1  0  1  2  0 ] (0.00000000)
[  0  0  0  1  1  0  2  0  0 ] (0.00000000)
[  0  0  0  1  1  0  2  0  1 ] (0.00000000)
[  0  0  0  1  1  0  2  1  0 ] (0.00000000)
[  0  0  0  1  1  0  3  0  0 ] (0.00000000)
[  0  0  0  1  1  1  0  0  0 ] (0.00000000)
[  0  0  0  1  1  1  0  0  1 ] (0.00000000)
[  0  0  0  1  1  1  0  0  2 ] (0.00000000)
[  0  0  0  1  1  1  0  1  0 ] (0.00000000)
[  0  0  0  1  1  1  0  1  1 ] (0.00000000)
[  0  0  0  1  1  1  0  2  0 ] (0.00000000)
[  0  0  0  1  1  1  1  0  0 ] (0.00000000)
[  0  0  0  1  1  1  1  0  1 ] (0.00000000)
[  0  0  0  1  1  1  1  1  0 ] (0.00000000)
[  0  0  0  1  1  1  2  0  0 ] (0.00000000)
[  0  0  0  1  1  2  0  0  0 ] (0.00000000)
[  0  0  0  1  1  2  0  0  1 ] (0.00000000)
[  0  0  0  1  1  2  0  1  0 ] (0.00000000)
[  0  0  0  1  1  2  1  0  0 ] (0.00000000)
[  0  0  0  1  1  3  0  0  0 ] (0.00000000)
[  0  0  0  1  2  0  0  0  0 ] (0.00000000)
[  0  0  0  1  2  0  0  0  1 ] (0.00000000)
[  0  0  0  1  2  0  0  0  2 ] (0.00000000)
[  0  0  0  1  2  0  0  1  0 ] (0.00000000)
[  0  0  0  1  2  0  0  1  1 ] (0.00000000)
[  0  0  0  1  2  0  0  2  0 ] (0.00000000)
[  0  0  0  1  2  0  1  0  0 ] (0.00000001)
[  0  0  0  1  2  0  1  0  1 ] (0.00000000)
[  0  0  0  1  2  0  1  1  0 ] (0.00000000)
[  0  0  0  1  2  0  2  0  0 ] (0.00000000)
[  0  0  0  1  2  1  0  0  0 ] (0.00000000)
[  0  0  0  1  2  1  0  0  1 ] (0.00000000)
[  0  0  0  1  2  1  0  1  0 ] (0.00000000)
[  0  0  0  1  2  1  1  0  0 ] (0.00000000)
[  0  0  0  1  2  2  0  0  0 ] (0.00000000)
[  0  0  0  1  3  0  0  0  0 ] (0.00000000)
[  0  0  0  1  3  0  0  0  1 ] (0.00000000)
[  0  0  0  1  3  0  0  1  0 ] (0.00000000)
[  0  0  0  1  3  0  1  0  0 ] (0.00000001)
[  0  0  0  1  3  1  0  0  0 ] (0.00000000)
[  0  0  0  1  4  0  0  0  0 ] (0.00000000)
[  0  0  0  2  0  0  0  0  0 ] (0.00000002)
[  0  0  0  2  0  0  0  0  1 ] (0.00000000)
[  0  0  0  2  0  0  0  0  2 ] (0.00000000)
[  0  0  0  2  0  0  0  0  3 ] (0.00000001)
[  0  0  0  2  0  0  0  1  0 ] (0.00000002)
[  0  0  0  2  0  0  0  1  1 ] (0.00000001)
[  0  0  0  2  0  0  0  1  2 ] (0.00000000)
[  0  0  0  2  0  0  0  2  0 ] (0.00000001)
[  0  0  0  2  0  0  0  2  1 ] (0.00000000)
[  0  0  0  2  0  0  0  3  0 ] (0.00000000)
[  0  0  0  2  0  0  1  0  0 ] (0.00000002)
[  0  0  0  2  0  0  1  0  1 ] (0.00000001)
[  0  0  0  2  0  0  1  0  2 ] (0.00000000)
[  0  0  0  2  0  0  1  1  0 ] (0.00000005)
[  0  0  0  2  0  0  1  1  1 ] (0.00000002)
[  0  0  0  2  0  0  1  2  0 ] (0.00000001)
[  0  0  0  2  0  0  2  0  0 ] (0.00000008)
[  0  0  0  2  0  0  2  0  1 ] (0.00000011)
[  0  0  0  2  0  0  2  1  0 ] (0.00000038)
[  0  0  0  2  0  0  3  0  0 ] (0.00000000)
[  0  0  0  2  0  1  0  0  0 ] (0.00000001)
[  0  0  0  2  0  1  0  0  1 ] (0.00000000)
[  0  0  0  2  0  1  0  0  2 ] (0.00000000)
[  0  0  0  2  0  1  0  1  0 ] (0.00000001)
[  0  0  0  2  0  1  0  1  1 ] (0.00000000)
[  0  0  0  2  0  1  0  2  0 ] (0.00000000)
[  0  0  0  2  0  1  1  0  0 ] (0.00000002)
[  0  0  0  2  0  1  1  0  1 ] (0.00000000)
[  0  0  0  2  0  1  1  1  0 ] (0.00000001)
[  0  0  0  2  0  1  2  0  0 ] (0.00000003)
[  0  0  0  2  0  2  0  0  0 ] (0.00000001)
[  0  0  0  2  0  2  0  0  1 ] (0.00000000)
[  0  0  0  2  0  2  0  1  0 ] (0.00000000)
[  0  0  0  2  0  2  1  0  0 ] (0.00000023)
[  0  0  0  2  0  3  0  0  0 ] (0.00000000)
[  0  0  0  2  1  0  0  0  0 ] (0.00000001)
[  0  0  0  2  1  0  0  0  1 ] (0.00000000)
[  0  0  0  2  1  0  0  0  2 ] (0.00000000)
[  0  0  0  2  1  0  0  1  0 ] (0.00000000)
[  0  0  0  2  1  0  0  1  1 ] (0.00000000)
[  0  0  0  2  1  0  0  2  0 ] (0.00000000)
[  0  0  0  2  1  0  1  0  0 ] (0.00000000)
[  0  0  0  2  1  0  1  0  1 ] (0.00000000)
[  0  0  0  2  1  0  1  1  0 ] (0.00000000)
[  0  0  0  2  1  0  2  0  0 ] (0.00000010)
[  0  0  0  2  1  1  0  0  0 ] (0.00000000)
[  0  0  0  2  1  1  0  0  1 ] (0.00000000)
[  0  0  0  2  1  1  0  1  0 ] (0.00000000)
[  0  0  0  2  1  1  1  0  0 ] (0.00000000)
[  0  0  0  2  1  2  0  0  0 ] (0.00000000)
[  0  0  0  2  2  0  0  0  0 ] (0.00000000)
[  0  0  0  2  2  0  0  0  1 ] (0.00000000)
[  0  0  0  2  2  0  0  1  0 ] (0.00000000)
[  0  0  0  2  2  0  1  0  0 ] (0.00000000)
[  0  0  0  2  2  1  0  0  0 ] (0.00000000)
[  0  0  0  2  3  0  0  0  0 ] (0.00000000)
[  0  0  0  3  0  0  0  0  0 ] (0.00000000)
[  0  0  0  3  0  0  0  0  1 ] (0.00000000)
[  0  0  0  3  0  0  0  0  2 ] (0.00000000)
[  0  0  0  3  0  0  0  1  0 ] (0.00000000)
[  0  0  0  3  0  0  0  1  1 ] (0.00000000)
[  0  0  0  3  0  0  0  2  0 ] (0.00000000)
[  0  0  0  3  0  0  1  0  0 ] (0.00000000)
[  0  0  0  3  0  0  1  0  1 ] (0.00000000)
[  0  0  0  3  0  0  1  1  0 ] (0.00000000)
[  0  0  0  3  0  0  2  0  0 ] (0.00000000)
[  0  0  0  3  0  1  0  0  0 ] (0.00000000)
[  0  0  0  3  0  1  0  0  1 ] (0.00000000)
[  0  0  0  3  0  1  0  1  0 ] (0.00000000)
[  0  0  0  3  0  1  1  0  0 ] (0.00000000)
[  0  0  0  3  0  2  0  0  0 ] (0.00000000)
[  0  0  0  3  1  0  0  0  0 ] (0.00000000)
[  0  0  0  3  1  0  0  0  1 ] (0.00000000)
[  0  0  0  3  1  0  0  1  0 ] (0.00000000)
[  0  0  0  3  1  0  1  0  0 ] (0.00000000)
[  0  0  0  3  1  1  0  0  0 ] (0.00000000)
[  0  0  0  3  2  0  0  0  0 ] (0.00000000)
[  0  0  0  4  0  0  0  0  0 ] (0.00000001)
[  0  0  0  4  0  0  0  0  1 ] (0.00000000)
[  0  0  0  4  0  0  0  1  0 ] (0.00000001)
[  0  0  0  4  0  0  1  0  0 ] (0.00000001)
[  0  0  0  4  0  1  0  0  0 ] (0.00000000)
[  0  0  0  4  1  0  0  0  0 ] (0.00000000)
[  0  0  0  5  0  0  0  0  0 ] (0.00000000)
[  0  0  1  0  0  0  0  0  0 ] (0.00528687)
[  0  0  1  0  0  0  0  0  1 ] (0.00017772)
[  0  0  1  0  0  0  0  0  2 ] (0.00002076)
[  0  0  1  0  0  0  0  0  3 ] (0.00000347)
[  0  0  1  0  0  0  0  0  4 ] (0.00000005)
[  0  0  1  0  0  0  0  1  0 ] (0.00318951)
[  0  0  1  0  0  0  0  1  1 ] (0.00025424)
[  0  0  1  0  0  0  0  1  2 ] (0.00001868)
[  0  0  1  0  0  0  0  1  3 ] (0.00000907)
[  0  0  1  0  0  0  0  2  0 ] (0.00000121)
[  0  0  1  0  0  0  0  2  1 ] (0.00002630)
[  0  0  1  0  0  0  0  2  2 ] (0.00000899)
[  0  0  1  0  0  0  0  3  0 ] (0.00006145)
[  0  0  1  0  0  0  0  3  1 ] (0.00000118)
[  0  0  1  0  0  0  0  4  0 ] (0.00000974)
[  0  0  1  0  0  0  1  0  0 ] (0.01318814)
[  0  0  1  0  0  0  1  0  1 ] (0.00105933)
[  0  0  1  0  0  0  1  0  2 ] (0.00007980)
[  0  0  1  0  0  0  1  0  3 ] (0.00003683)
[  0  0  1  0  0  0  1  1  0 ] (0.00112074)
[  0  0  1  0  0  0  1  1  1 ] (0.00068174)
[  0  0  1  0  0  0  1  1  2 ] (0.00004772)
[  0  0  1  0  0  0  1  2  0 ] (0.00008636)
[  0  0  1  0  0  0  1  2  1 ] (0.00007206)
[  0  0  1  0  0  0  1  3  0 ] (0.00006968)
[  0  0  1  0  0  0  2  0  0 ] (0.00898335)
[  0  0  1  0  0  0  2  0  1 ] (0.00292555)
[  0  0  1  0  0  0  2  0  2 ] (0.00024277)
[  0  0  1  0  0  0  2  1  0 ] (0.00207629)
[  0  0  1  0  0  0  2  1  1 ] (0.00116993)
[  0  0  1  0  0  0  2  2  0 ] (0.00000481)
[  0  0  1  0  0  0  3  0  0 ] (0.00082055)
[  0  0  1  0  0  0  3  0  1 ] (0.00019487)
[  0  0  1  0  0  0  3  1  0 ] (0.00027267)
[  0  0  1  0  0  0  4  0  0 ] (0.00187334)
[  0  0  1  0  0  1  0  0  0 ] (0.00023543)
[  0  0  1  0  0  1  0  0  1 ] (0.00004285)
[  0  0  1  0  0  1  0  0  2 ] (0.00000002)
[  0  0  1  0  0  1  0  0  3 ] (0.00000285)
[  0  0  1  0  0  1  0  1  0 ] (0.00000190)
[  0  0  1  0  0  1  0  1  1 ] (0.00001663)
[  0  0  1  0  0  1  0  1  2 ] (0.00000001)
[  0  0  1  0  0  1  0  2  0 ] (0.00000227)
[  0  0  1  0  0  1  0  2  1 ] (0.00000517)
[  0  0  1  0  0  1  0  3  0 ] (0.00000575)
[  0  0  1  0  0  1  1  0  0 ] (0.00002540)
[  0  0  1  0  0  1  1  0  1 ] (0.00021169)
[  0  0  1  0  0  1  1  0  2 ] (0.00000511)
[  0  0  1  0  0  1  1  1  0 ] (0.00000001)
[  0  0  1  0  0  1  1  1  1 ] (0.00010249)
[  0  0  1  0  0  1  1  2  0 ] (0.00000540)
[  0  0  1  0  0  1  2  0  0 ] (0.00004414)
[  0  0  1  0  0  1  2  0  1 ] (0.00057696)
[  0  0  1  0  0  1  2  1  0 ] (0.00001594)
[  0  0  1  0  0  1  3  0  0 ] (0.00001181)
[  0  0  1  0  0  2  0  0  0 ] (0.00003855)
[  0  0  1  0  0  2  0  0  1 ] (0.00001079)
[  0  0  1  0  0  2  0  0  2 ] (0.00000024)
[  0  0  1  0  0  2  0  1  0 ] (0.00000042)
[  0  0  1  0  0  2  0  1  1 ] (0.00000082)
[  0  0  1  0  0  2  0  2  0 ] (0.00000652)
[  0  0  1  0  0  2  1  0  0 ] (0.00007618)
[  0  0  1  0  0  2  1  0  1 ] (0.00000011)
[  0  0  1  0  0  2  1  1  0 ] (0.00000001)
[  0  0  1  0  0  2  2  0  0 ] (0.00065576)
[  0  0  1  0  0  3  0  0  0 ] (0.00003437)
[  0  0  1  0  0  3  0  0  1 ] (0.00000281)
[  0  0  1  0  0  3  0  1  0 ] (0.00002632)
[  0  0  1  0  0  3  1  0  0 ] (0.00006257)
[  0  0  1  0  0  4  0  0  0 ] (0.00005170)
[  0  0  1  0  1  0  0  0  0 ] (0.00038514)
[  0  0  1  0  1  0  0  0  1 ] (0.00010165)
[  0  0  1  0  1  0  0  0  2 ] (0.00000464)
[  0  0  1  0  1  0  0  0  3 ] (0.00000023)
[  0  0  1  0  1  0  0  1  0 ] (0.00003624)
[  0  0  1  0  1  0  0  1  1 ] (0.00008276)
[  0  0  1  0  1  0  0  1  2 ] (0.00000797)
[  0  0  1  0  1  0  0  2  0 ] (0.00000341)
[  0  0  1  0  1  0  0  2  1 ] (0.00000372)
[  0  0  1  0  1  0  0  3  0 ] (0.00004040)
[  0  0  1  0  1  0  1  0  0 ] (0.00118027)
[  0  0  1  0  1  0  1  0  1 ] (0.00009978)
[  0  0  1  0  1  0  1  0  2 ] (0.00000004)
[  0  0  1  0  1  0  1  1  0 ] (0.00009101)
[  0  0  1  0  1  0  1  1  1 ] (0.00008631)
[  0  0  1  0  1  0  1  2  0 ] (0.00003250)
[  0  0  1  0  1  0  2  0  0 ] (0.00144057)
[  0  0  1  0  1  0  2  0  1 ] (0.00025497)
[  0  0  1  0  1  0  2  1  0 ] (0.00004934)
[  0  0  1  0  1  0  3  0  0 ] (0.00009716)
[  0  0  1  0  1  1  0  0  0 ] (0.00000309)
[  0  0  1  0  1  1  0  0  1 ] (0.00001929)
[  0  0  1  0  1  1  0  0  2 ] (0.00000180)
[  0  0  1  0  1  1  0  1  0 ] (0.00002079)
[  0  0  1  0  1  1  0  1  1 ] (0.00000538)
[  0  0  1  0  1  1  0  2  0 ] (0.00000005)
[  0  0  1  0  1  1  1  0  0 ] (0.00000406)
[  0  0  1  0  1  1  1  0  1 ] (0.00000947)
[  0  0  1  0  1  1  1  1  0 ] (0.00000090)
[  0  0  1  0  1  1  2  0  0 ] (0.00004521)
[  0  0  1  0  1  2  0  0  0 ] (0.00001202)
[  0  0  1  0  1  2  0  0  1 ] (0.00000010)
[  0  0  1  0  1  2  0  1  0 ] (0.00000259)
[  0  0  1  0  1  2  1  0  0 ] (0.00000499)
[  0  0  1  0  1  3  0  0  0 ] (0.00000124)
[  0  0  1  0  2  0  0  0  0 ] (0.00001305)
[  0  0  1  0  2  0  0  0  1 ] (0.00000093)
[  0  0  1  0  2  0  0  0  2 ] (0.00000004)
[  0  0  1  0  2  0  0  1  0 ] (0.00002337)
[  0  0  1  0  2  0  0  1  1 ] (0.00000154)
[  0  0  1  0  2  0  0  2  0 ] (0.00000016)
[  0  0  1  0  2  0  1  0  0 ] (0.00026762)
[  0  0  1  0  2  0  1  0  1 ] (0.00002761)
[  0  0  1  0  2  0  1  1  0 ] (0.00012238)
[  0  0  1  0  2  0  2  0  0 ] (0.00024758)
[  0  0  1  0  2  1  0  0  0 ] (0.00000854)
[  0  0  1  0  2  1  0  0  1 ] (0.00000116)
[  0  0  1  0  2  1  0  1  0 ] (0.00000751)
[  0  0  1  0  2  1  1  0  0 ] (0.00002218)
[  0  0  1  0  2  2  0  0  0 ] (0.00000053)
[  0  0  1  0  3  0  0  0  0 ] (0.00004306)
[  0  0  1  0  3  0  0  0  1 ] (0.00000011)
[  0  0  1  0  3  0  0  1  0 ] (0.00001166)
[  0  0  1  0  3  0  1  0  0 ] (0.00000074)
[  0  0  1  0  3  1  0  0  0 ] (0.00000319)
[  0  0  1  0  4  0  0  0  0 ] (0.00001947)
[  0  0  1  1  0  0  0  0  0 ] (0.01473713)
[  0  0  1  1  0  0  0  0  1 ] (0.00100601)
[  0  0  1  1  0  0  0  0  2 ] (0.00004789)
[  0  0  1  1  0  0  0  0  3 ] (0.00003739)
[  0  0  1  1  0  0  0  1  0 ] (0.00077645)
[  0  0  1  1  0  0  0  1  1 ] (0.00047047)
[  0  0  1  1  0  0  0  1  2 ] (0.00007078)
[  0  0  1  1  0  0  0  2  0 ] (0.00002584)
[  0  0  1  1  0  0  0  2  1 ] (0.00010917)
[  0  0  1  1  0  0  0  3  0 ] (0.00010700)
[  0  0  1  1  0  0  1  0  0 ] (0.00761397)
[  0  0  1  1  0  0  1  0  1 ] (0.00251531)
[  0  0  1  1  0  0  1  0  2 ] (0.00023241)
[  0  0  1  1  0  0  1  1  0 ] (0.00171389)
[  0  0  1  1  0  0  1  1  1 ] (0.00137986)
[  0  0  1  1  0  0  1  2  0 ] (0.00017607)
[  0  0  1  1  0  0  2  0  0 ] (0.02020058)
[  0  0  1  1  0  0  2  0  1 ] (0.00664253)
[  0  0  1  1  0  0  2  1  0 ] (0.00357596)
[  0  0  1  1  0  0  3  0  0 ] (0.00154370)
[  0  0  1  1  0  1  0  0  0 ] (0.00000222)
[  0  0  1  1  0  1  0  0  1 ] (0.00017924)
[  0  0  1  1  0  1  0  0  2 ] (0.00000189)
[  0  0  1  1  0  1  0  1  0 ] (0.00000003)
[  0  0  1  1  0  1  0  1  1 ] (0.00010388)
[  0  0  1  1  0  1  0  2  0 ] (0.00000002)
[  0  0  1  1  0  1  1  0  0 ] (0.00001172)
[  0  0  1  1  0  1  1  0  1 ] (0.00070881)
[  0  0  1  1  0  1  1  1  0 ] (0.00000406)
[  0  0  1  1  0  1  2  0  0 ] (0.00010074)
[  0  0  1  1  0  2  0  0  0 ] (0.00006459)
[  0  0  1  1  0  2  0  0  1 ] (0.00000012)
[  0  0  1  1  0  2  0  1  0 ] (0.00000270)
[  0  0  1  1  0  2  1  0  0 ] (0.00047585)
[  0  0  1  1  0  3  0  0  0 ] (0.00006813)
[  0  0  1  1  1  0  0  0  0 ] (0.00063972)
[  0  0  1  1  1  0  0  0  1 ] (0.00016516)
[  0  0  1  1  1  0  0  0  2 ] (0.00000129)
[  0  0  1  1  1  0  0  1  0 ] (0.00001945)
[  0  0  1  1  1  0  0  1  1 ] (0.00009471)
[  0  0  1  1  1  0  0  2  0 ] (0.00002377)
[  0  0  1  1  1  0  1  0  0 ] (0.00143890)
[  0  0  1  1  1  0  1  0  1 ] (0.00036157)
[  0  0  1  1  1  0  1  1  0 ] (0.00004510)
[  0  0  1  1  1  0  2  0  0 ] (0.00359153)
[  0  0  1  1  1  1  0  0  0 ] (0.00000903)
[  0  0  1  1  1  1  0  0  1 ] (0.00000960)
[  0  0  1  1  1  1  0  1  0 ] (0.00001098)
[  0  0  1  1  1  1  1  0  0 ] (0.00000928)
[  0  0  1  1  1  2  0  0  0 ] (0.00000523)
[  0  0  1  1  2  0  0  0  0 ] (0.00027841)
[  0  0  1  1  2  0  0  0  1 ] (0.00001450)
[  0  0  1  1  2  0  0  1  0 ] (0.00007556)
[  0  0  1  1  2  0  1  0  0 ] (0.00036772)
[  0  0  1  1  2  1  0  0  0 ] (0.00002261)
[  0  0  1  1  3  0  0  0  0 ] (0.00000033)
[  0  0  1  2  0  0  0  0  0 ] (0.01099933)
[  0  0  1  2  0  0  0  0  1 ] (0.00379980)
[  0  0  1  2  0  0  0  0  2 ] (0.00012265)
[  0  0  1  2  0  0  0  1  0 ] (0.00226394)
[  0  0  1  2  0  0  0  1  1 ] (0.00288574)
[  0  0  1  2  0  0  0  2  0 ] (0.00038693)
[  0  0  1  2  0  0  1  0  0 ] (0.03162985)
[  0  0  1  2  0  0  1  0  1 ] (0.01027574)
[  0  0  1  2  0  0  1  1  0 ] (0.01718306)
[  0  0  1  2  0  0  2  0  0 ] (0.08016868)
[  0  0  1  2  0  1  0  0  0 ] (0.00002263)
[  0  0  1  2  0  1  0  0  1 ] (0.00075168)
[  0  0  1  2  0  1  0  1  0 ] (0.00000371)
[  0  0  1  2  0  1  1  0  0 ] (0.00001169)
[  0  0  1  2  0  2  0  0  0 ] (0.00067092)
[  0  0  1  2  1  0  0  0  0 ] (0.00167611)
[  0  0  1  2  1  0  0  0  1 ] (0.00037136)
[  0  0  1  2  1  0  0  1  0 ] (0.00004272)
[  0  0  1  2  1  0  1  0  0 ] (0.00948837)
[  0  0  1  2  1  1  0  0  0 ] (0.00000123)
[  0  0  1  2  2  0  0  0  0 ] (0.00045209)
[  0  0  1  3  0  0  0  0  0 ] (0.00076609)
[  0  0  1  3  0  0  0  0  1 ] (0.00009110)
[  0  0  1  3  0  0  0  1  0 ] (0.00010681)
[  0  0  1  3  0  0  1  0  0 ] (0.00083635)
[  0  0  1  3  0  1  0  0  0 ] (0.00000347)
[  0  0  1  3  1  0  0  0  0 ] (0.00008020)
[  0  0  1  4  0  0  0  0  0 ] (0.00549911)
[  0  0  2  0  0  0  0  0  0 ] (0.00000004)
[  0  0  2  0  0  0  0  0  1 ] (0.00000003)
[  0  0  2  0  0  0  0  0  2 ] (0.00000000)
[  0  0  2  0  0  0  0  0  3 ] (0.00000000)
[  0  0  2  0  0  0  0  1  0 ] (0.00000003)
[  0  0  2  0  0  0  0  1  1 ] (0.00000001)
[  0  0  2  0  0  0  0  1  2 ] (0.00000000)
[  0  0  2  0  0  0  0  2  0 ] (0.00000000)
[  0  0  2  0  0  0  0  2  1 ] (0.00000000)
[  0  0  2  0  0  0  0  3  0 ] (0.00000000)
[  0  0  2  0  0  0  1  0  0 ] (0.00000005)
[  0  0  2  0  0  0  1  0  1 ] (0.00000001)
[  0  0  2  0  0  0  1  0  2 ] (0.00000000)
[  0  0  2  0  0  0  1  1  0 ] (0.00000001)
[  0  0  2  0  0  0  1  1  1 ] (0.00000001)
[  0  0  2  0  0  0  1  2  0 ] (0.00000000)
[  0  0  2  0  0  0  2  0  0 ] (0.00000014)
[  0  0  2  0  0  0  2  0  1 ] (0.00000004)
[  0  0  2  0  0  0  2  1  0 ] (0.00000001)
[  0  0  2  0  0  0  3  0  0 ] (0.00000002)
[  0  0  2  0  0  1  0  0  0 ] (0.00000001)
[  0  0  2  0  0  1  0  0  1 ] (0.00000000)
[  0  0  2  0  0  1  0  0  2 ] (0.00000000)
[  0  0  2  0  0  1  0  1  0 ] (0.00000000)
[  0  0  2  0  0  1  0  1  1 ] (0.00000000)
[  0  0  2  0  0  1  0  2  0 ] (0.00000000)
[  0  0  2  0  0  1  1  0  0 ] (0.00000001)
[  0  0  2  0  0  1  1  0  1 ] (0.00000001)
[  0  0  2  0  0  1  1  1  0 ] (0.00000000)
[  0  0  2  0  0  1  2  0  0 ] (0.00000002)
[  0  0  2  0  0  2  0  0  0 ] (0.00000000)
[  0  0  2  0  0  2  0  0  1 ] (0.00000000)
[  0  0  2  0  0  2  0  1  0 ] (0.00000000)
[  0  0  2  0  0  2  1  0  0 ] (0.00000001)
[  0  0  2  0  0  3  0  0  0 ] (0.00000000)
[  0  0  2  0  1  0  0  0  0 ] (0.00000010)
[  0  0  2  0  1  0  0  0  1 ] (0.00000001)
[  0  0  2  0  1  0  0  0  2 ] (0.00000000)
[  0  0  2  0  1  0  0  1  0 ] (0.00000000)
[  0  0  2  0  1  0  0  1  1 ] (0.00000000)
[  0  0  2  0  1  0  0  2  0 ] (0.00000000)
[  0  0  2  0  1  0  1  0  0 ] (0.00000000)
[  0  0  2  0  1  0  1  0  1 ] (0.00000000)
[  0  0  2  0  1  0  1  1  0 ] (0.00000000)
[  0  0  2  0  1  0  2  0  0 ] (0.00000001)
[  0  0  2  0  1  1  0  0  0 ] (0.00000000)
[  0  0  2  0  1  1  0  0  1 ] (0.00000000)
[  0  0  2  0  1  1  0  1  0 ] (0.00000000)
[  0  0  2  0  1  1  1  0  0 ] (0.00000000)
[  0  0  2  0  1  2  0  0  0 ] (0.00000000)
[  0  0  2  0  2  0  0  0  0 ] (0.00000001)
[  0  0  2  0  2  0  0  0  1 ] (0.00000000)
[  0  0  2  0  2  0  0  1  0 ] (0.00000000)
[  0  0  2  0  2  0  1  0  0 ] (0.00000000)
[  0  0  2  0  2  1  0  0  0 ] (0.00000000)
[  0  0  2  0  3  0  0  0  0 ] (0.00000000)
[  0  0  2  1  0  0  0  0  0 ] (0.00000040)
[  0  0  2  1  0  0  0  0  1 ] (0.00000003)
[  0  0  2  1  0  0  0  0  2 ] (0.00000000)
[  0  0  2  1  0  0  0  1  0 ] (0.00000000)
[  0  0  2  1  0  0  0  1  1 ] (0.00000001)
[  0  0  2  1  0  0  0  2  0 ] (0.00000000)
[  0  0  2  1  0  0  1  0  0 ] (0.00000016)
[  0  0  2  1  0  0  1  0  1 ] (0.00000003)
[  0  0  2  1  0  0  1  1  0 ] (0.00000002)
[  0  0  2  1  0  0  2  0  0 ] (0.00000018)
[  0  0  2  1  0  1  0  0  0 ] (0.00000000)
[  0  0  2  1  0  1  0  0  1 ] (0.00000001)
[  0  0  2  1  0  1  0  1  0 ] (0.00000000)
[  0  0  2  1  0  1  1  0  0 ] (0.00000003)
[  0  0  2  1  0  2  0  0  0 ] (0.00000001)
[  0  0  2  1  1  0  0  0  0 ] (0.00000001)
[  0  0  2  1  1  0  0  0  1 ] (0.00000000)
[  0  0  2  1  1  0  0  1  0 ] (0.00000000)
[  0  0  2  1  1  0  1  0  0 ] (0.00000003)
[  0  0  2  1  1  1  0  0  0 ] (0.00000000)
[  0  0  2  1  2  0  0  0  0 ] (0.00000000)
[  0  0  2  2  0  0  0  0  0 ] (0.00000004)
[  0  0  2  2  0  0  0  0  1 ] (0.00000001)
[  0  0  2  2  0  0  0  1  0 ] (0.00000002)
[  0  0  2  2  0  0  1  0  0 ] (0.00000022)
[  0  0  2  2  0  1  0  0  0 ] (0.00000001)
[  0  0  2  2  1  0  0  0  0 ] (0.00000001)
[  0  0  2  3  0  0  0  0  0 ] (0.00000001)
[  0  0  3  0  0  0  0  0  0 ] (0.00000013)
[  0  0  3  0  0  0  0  0  1 ] (0.00000001)
[  0  0  3  0  0  0  0  0  2 ] (0.00000000)
[  0  0  3  0  0  0  0  1  0 ] (0.00000000)
[  0  0  3  0  0  0  0  1  1 ] (0.00000000)
[  0  0  3  0  0  0  0  2  0 ] (0.00000000)
[  0  0  3  0  0  0  1  0  0 ] (0.00000001)
[  0  0  3  0  0  0  1  0  1 ] (0.00000000)
[  0  0  3  0  0  0  1  1  0 ] (0.00000000)
[  0  0  3  0  0  0  2  0  0 ] (0.00000001)
[  0  0  3  0  0  1  0  0  0 ] (0.00000000)
[  0  0  3  0  0  1  0  0  1 ] (0.00000000)
[  0  0  3  0  0  1  0  1  0 ] (0.00000000)
[  0  0  3  0  0  1  1  0  0 ] (0.00000000)
[  0  0  3  0  0  2  0  0  0 ] (0.00000000)
[  0  0  3  0  1  0  0  0  0 ] (0.00000000)
[  0  0  3  0  1  0  0  0  1 ] (0.00000000)
[  0  0  3  0  1  0  0  1  0 ] (0.00000000)
[  0  0  3  0  1  0  1  0  0 ] (0.00000000)
[  0  0  3  0  1  1  0  0  0 ] (0.00000000)
[  0  0  3  0  2  0  0  0  0 ] (0.00000000)
[  0  0  3  1  0  0  0  0  0 ] (0.00000000)
[  0  0  3  1  0  0  0  0  1 ] (0.00000000)
[  0  0  3  1  0  0  0  1  0 ] (0.00000000)
[  0  0  3  1  0  0  1  0  0 ] (0.00000001)
[  0  0  3  1  0  1  0  0  0 ] (0.00000000)
[  0  0  3  1  1  0  0  0  0 ] (0.00000000)
[  0  0  3  2  0  0  0  0  0 ] (0.00000002)
[  0  0  4  0  0  0  0  0  0 ] (0.00014359)
[  0  0  4  0  0  0  0  0  1 ] (0.00000044)
[  0  0  4  0  0  0  0  1  0 ] (0.00002919)
[  0  0  4  0  0  0  1  0  0 ] (0.00006037)
[  0  0  4  0  0  1  0  0  0 ] (0.00001625)
[  0  0  4  0  1  0  0  0  0 ] (0.00003756)
[  0  0  4  1  0  0  0  0  0 ] (0.00009964)
[  0  0  5  0  0  0  0  0  0 ] (0.00000003)
[  0  1  0  0  0  0  0  0  0 ] (0.00053764)
[  0  1  0  0  0  0  0  0  1 ] (0.00181906)
[  0  1  0  0  0  0  0  0  2 ] (0.00002561)
[  0  1  0  0  0  0  0  0  3 ] (0.00003236)
[  0  1  0  0  0  0  0  0  4 ] (0.00000002)
[  0  1  0  0  0  0  0  1  0 ] (0.00448408)
[  0  1  0  0  0  0  0  1  1 ] (0.00016221)
[  0  1  0  0  0  0  0  1  2 ] (0.00000974)
[  0  1  0  0  0  0  0  1  3 ] (0.00002017)
[  0  1  0  0  0  0  0  2  0 ] (0.00000359)
[  0  1  0  0  0  0  0  2  1 ] (0.00004162)
[  0  1  0  0  0  0  0  2  2 ] (0.00001177)
[  0  1  0  0  0  0  0  3  0 ] (0.00007374)
[  0  1  0  0  0  0  0  3  1 ] (0.00000444)
[  0  1  0  0  0  0  0  4  0 ] (0.00001114)
[  0  1  0  0  0  0  1  0  0 ] (0.02718238)
[  0  1  0  0  0  0  1  0  1 ] (0.00150523)
[  0  1  0  0  0  0  1  0  2 ] (0.00006965)
[  0  1  0  0  0  0  1  0  3 ] (0.00011126)
[  0  1  0  0  0  0  1  1  0 ] (0.00067580)
[  0  1  0  0  0  0  1  1  1 ] (0.00057101)
[  0  1  0  0  0  0  1  1  2 ] (0.00004306)
[  0  1  0  0  0  0  1  2  0 ] (0.00009642)
[  0  1  0  0  0  0  1  2  1 ] (0.00008269)
[  0  1  0  0  0  0  1  3  0 ] (0.00007931)
[  0  1  0  0  0  0  2  0  0 ] (0.00738523)
[  0  1  0  0  0  0  2  0  1 ] (0.00338705)
[  0  1  0  0  0  0  2  0  2 ] (0.00029877)
[  0  1  0  0  0  0  2  1  0 ] (0.00207178)
[  0  1  0  0  0  0  2  1  1 ] (0.00128011)
[  0  1  0  0  0  0  2  2  0 ] (0.00000463)
[  0  1  0  0  0  0  3  0  0 ] (0.00064422)
[  0  1  0  0  0  0  3  0  1 ] (0.00034718)
[  0  1  0  0  0  0  3  1  0 ] (0.00036843)
[  0  1  0  0  0  0  4  0  0 ] (0.00223614)
[  0  1  0  0  0  1  0  0  0 ] (0.00092813)
[  0  1  0  0  0  1  0  0  1 ] (0.00003114)
[  0  1  0  0  0  1  0  0  2 ] (0.00000011)
[  0  1  0  0  0  1  0  0  3 ] (0.00000716)
[  0  1  0  0  0  1  0  1  0 ] (0.00003823)
[  0  1  0  0  0  1  0  1  1 ] (0.00001624)
[  0  1  0  0  0  1  0  1  2 ] (0.00000013)
[  0  1  0  0  0  1  0  2  0 ] (0.00000436)
[  0  1  0  0  0  1  0  2  1 ] (0.00000512)
[  0  1  0  0  0  1  0  3  0 ] (0.00000364)
[  0  1  0  0  0  1  1  0  0 ] (0.00000950)
[  0  1  0  0  0  1  1  0  1 ] (0.00017606)
[  0  1  0  0  0  1  1  0  2 ] (0.00000208)
[  0  1  0  0  0  1  1  1  0 ] (0.00000137)
[  0  1  0  0  0  1  1  1  1 ] (0.00008366)
[  0  1  0  0  0  1  1  2  0 ] (0.00000557)
[  0  1  0  0  0  1  2  0  0 ] (0.00002089)
[  0  1  0  0  0  1  2  0  1 ] (0.00062189)
[  0  1  0  0  0  1  2  1  0 ] (0.00001174)
[  0  1  0  0  0  1  3  0  0 ] (0.00004427)
[  0  1  0  0  0  2  0  0  0 ] (0.00003991)
[  0  1  0  0  0  2  0  0  1 ] (0.00000553)
[  0  1  0  0  0  2  0  0  2 ] (0.00000074)
[  0  1  0  0  0  2  0  1  0 ] (0.00000024)
[  0  1  0  0  0  2  0  1  1 ] (0.00000143)
[  0  1  0  0  0  2  0  2  0 ] (0.00000772)
[  0  1  0  0  0  2  1  0  0 ] (0.00009122)
[  0  1  0  0  0  2  1  0  1 ] (0.00000009)
[  0  1  0  0  0  2  1  1  0 ] (0.00000104)
[  0  1  0  0  0  2  2  0  0 ] (0.00083897)
[  0  1  0  0  0  3  0  0  0 ] (0.00004597)
[  0  1  0  0  0  3  0  0  1 ] (0.00000025)
[  0  1  0  0  0  3  0  1  0 ] (0.00001457)
[  0  1  0  0  0  3  1  0  0 ] (0.00009722)
[  0  1  0  0  0  4  0  0  0 ] (0.00005257)
[  0  1  0  0  1  0  0  0  0 ] (0.00158223)
[  0  1  0  0  1  0  0  0  1 ] (0.00014548)
[  0  1  0  0  1  0  0  0  2 ] (0.00000312)
[  0  1  0  0  1  0  0  0  3 ] (0.00000028)
[  0  1  0  0  1  0  0  1  0 ] (0.00001346)
[  0  1  0  0  1  0  0  1  1 ] (0.00005049)
[  0  1  0  0  1  0  0  1  2 ] (0.00000804)
[  0  1  0  0  1  0  0  2  0 ] (0.00000260)
[  0  1  0  0  1  0  0  2  1 ] (0.00000594)
[  0  1  0  0  1  0  0  3  0 ] (0.00003704)
[  0  1  0  0  1  0  1  0  0 ] (0.00112808)
[  0  1  0  0  1  0  1  0  1 ] (0.00012930)
[  0  1  0  0  1  0  1  0  2 ] (0.00000004)
[  0  1  0  0  1  0  1  1  0 ] (0.00003697)
[  0  1  0  0  1  0  1  1  1 ] (0.00010085)
[  0  1  0  0  1  0  1  2  0 ] (0.00005701)
[  0  1  0  0  1  0  2  0  0 ] (0.00125691)
[  0  1  0  0  1  0  2  0  1 ] (0.00020747)
[  0  1  0  0  1  0  2  1  0 ] (0.00003903)
[  0  1  0  0  1  0  3  0  0 ] (0.00006348)
[  0  1  0  0  1  1  0  0  0 ] (0.00001539)
[  0  1  0  0  1  1  0  0  1 ] (0.00001217)
[  0  1  0  0  1  1  0  0  2 ] (0.00000128)
[  0  1  0  0  1  1  0  1  0 ] (0.00001118)
[  0  1  0  0  1  1  0  1  1 ] (0.00000382)
[  0  1  0  0  1  1  0  2  0 ] (0.00000007)
[  0  1  0  0  1  1  1  0  0 ] (0.00000295)
[  0  1  0  0  1  1  1  0  1 ] (0.00001866)
[  0  1  0  0  1  1  1  1  0 ] (0.00000388)
[  0  1  0  0  1  1  2  0  0 ] (0.00006216)
[  0  1  0  0  1  2  0  0  0 ] (0.00000978)
[  0  1  0  0  1  2  0  0  1 ] (0.00000056)
[  0  1  0  0  1  2  0  1  0 ] (0.00000281)
[  0  1  0  0  1  2  1  0  0 ] (0.00000341)
[  0  1  0  0  1  3  0  0  0 ] (0.00000005)
[  0  1  0  0  2  0  0  0  0 ] (0.00002250)
[  0  1  0  0  2  0  0  0  1 ] (0.00000717)
[  0  1  0  0  2  0  0  0  2 ] (0.00000008)
[  0  1  0  0  2  0  0  1  0 ] (0.00004618)
[  0  1  0  0  2  0  0  1  1 ] (0.00000468)
[  0  1  0  0  2  0  0  2  0 ] (0.00000226)
[  0  1  0  0  2  0  1  0  0 ] (0.00027403)
[  0  1  0  0  2  0  1  0  1 ] (0.00001561)
[  0  1  0  0  2  0  1  1  0 ] (0.00012790)
[  0  1  0  0  2  0  2  0  0 ] (0.00028937)
[  0  1  0  0  2  1  0  0  0 ] (0.00000685)
[  0  1  0  0  2  1  0  0  1 ] (0.00000030)
[  0  1  0  0  2  1  0  1  0 ] (0.00000613)
[  0  1  0  0  2  1  1  0  0 ] (0.00003329)
[  0  1  0  0  2  2  0  0  0 ] (0.00000108)
[  0  1  0  0  3  0  0  0  0 ] (0.00003740)
[  0  1  0  0  3  0  0  0  1 ] (0.00000057)
[  0  1  0  0  3  0  0  1  0 ] (0.00000287)
[  0  1  0  0  3  0  1  0  0 ] (0.00000000)
[  0  1  0  0  3  1  0  0  0 ] (0.00000205)
[  0  1  0  0  4  0  0  0  0 ] (0.00002414)
[  0  1  0  1  0  0  0  0  0 ] (0.01482936)
[  0  1  0  1  0  0  0  0  1 ] (0.00053340)
[  0  1  0  1  0  0  0  0  2 ] (0.00003528)
[  0  1  0  1  0  0  0  0  3 ] (0.00008007)
[  0  1  0  1  0  0  0  1  0 ] (0.00041799)
[  0  1  0  1  0  0  0  1  1 ] (0.00039741)
[  0  1  0  1  0  0  0  1  2 ] (0.00006799)
[  0  1  0  1  0  0  0  2  0 ] (0.00002143)
[  0  1  0  1  0  0  0  2  1 ] (0.00010543)
[  0  1  0  1  0  0  0  3  0 ] (0.00010241)
[  0  1  0  1  0  0  1  0  0 ] (0.00355657)
[  0  1  0  1  0  0  1  0  1 ] (0.00204275)
[  0  1  0  1  0  0  1  0  2 ] (0.00027529)
[  0  1  0  1  0  0  1  1  0 ] (0.00151712)
[  0  1  0  1  0  0  1  1  1 ] (0.00144152)
[  0  1  0  1  0  0  1  2  0 ] (0.00017847)
[  0  1  0  1  0  0  2  0  0 ] (0.01766685)
[  0  1  0  1  0  0  2  0  1 ] (0.00679524)
[  0  1  0  1  0  0  2  1  0 ] (0.00348796)
[  0  1  0  1  0  0  3  0  0 ] (0.00175561)
[  0  1  0  1  0  1  0  0  0 ] (0.00005493)
[  0  1  0  1  0  1  0  0  1 ] (0.00014880)
[  0  1  0  1  0  1  0  0  2 ] (0.00000030)
[  0  1  0  1  0  1  0  1  0 ] (0.00000014)
[  0  1  0  1  0  1  0  1  1 ] (0.00007306)
[  0  1  0  1  0  1  0  2  0 ] (0.00000050)
[  0  1  0  1  0  1  1  0  0 ] (0.00001549)
[  0  1  0  1  0  1  1  0  1 ] (0.00068686)
[  0  1  0  1  0  1  1  1  0 ] (0.00000076)
[  0  1  0  1  0  1  2  0  0 ] (0.00004748)
[  0  1  0  1  0  2  0  0  0 ] (0.00004664)
[  0  1  0  1  0  2  0  0  1 ] (0.00000018)
[  0  1  0  1  0  2  0  1  0 ] (0.00000514)
[  0  1  0  1  0  2  1  0  0 ] (0.00056328)
[  0  1  0  1  0  3  0  0  0 ] (0.00007412)
[  0  1  0  1  1  0  0  0  0 ] (0.00088836)
[  0  1  0  1  1  0  0  0  1 ] (0.00018518)
[  0  1  0  1  1  0  0  0  2 ] (0.00000313)
[  0  1  0  1  1  0  0  1  0 ] (0.00001196)
[  0  1  0  1  1  0  0  1  1 ] (0.00012113)
[  0  1  0  1  1  0  0  2  0 ] (0.00003250)
[  0  1  0  1  1  0  1  0  0 ] (0.00132326)
[  0  1  0  1  1  0  1  0  1 ] (0.00035229)
[  0  1  0  1  1  0  1  1  0 ] (0.00004247)
[  0  1  0  1  1  0  2  0  0 ] (0.00377714)
[  0  1  0  1  1  1  0  0  0 ] (0.00000006)
[  0  1  0  1  1  1  0  0  1 ] (0.00000985)
[  0  1  0  1  1  1  0  1  0 ] (0.00001888)
[  0  1  0  1  1  1  1  0  0 ] (0.00000979)
[  0  1  0  1  1  2  0  0  0 ] (0.00000672)
[  0  1  0  1  2  0  0  0  0 ] (0.00018458)
[  0  1  0  1  2  0  0  0  1 ] (0.00000549)
[  0  1  0  1  2  0  0  1  0 ] (0.00006100)
[  0  1  0  1  2  0  1  0  0 ] (0.00033485)
[  0  1  0  1  2  1  0  0  0 ] (0.00003581)
[  0  1  0  1  3  0  0  0  0 ] (0.00000477)
[  0  1  0  2  0  0  0  0  0 ] (0.00957937)
[  0  1  0  2  0  0  0  0  1 ] (0.00408058)
[  0  1  0  2  0  0  0  0  2 ] (0.00014483)
[  0  1  0  2  0  0  0  1  0 ] (0.00223695)
[  0  1  0  2  0  0  0  1  1 ] (0.00317593)
[  0  1  0  2  0  0  0  2  0 ] (0.00038282)
[  0  1  0  2  0  0  1  0  0 ] (0.03369187)
[  0  1  0  2  0  0  1  0  1 ] (0.01162023)
[  0  1  0  2  0  0  1  1  0 ] (0.01728103)
[  0  1  0  2  0  0  2  0  0 ] (0.07882685)
[  0  1  0  2  0  1  0  0  0 ] (0.00005517)
[  0  1  0  2  0  1  0  0  1 ] (0.00070276)
[  0  1  0  2  0  1  0  1  0 ] (0.00000687)
[  0  1  0  2  0  1  1  0  0 ] (0.00006788)
[  0  1  0  2  0  2  0  0  0 ] (0.00086757)
[  0  1  0  2  1  0  0  0  0 ] (0.00140459)
[  0  1  0  2  1  0  0  0  1 ] (0.00036722)
[  0  1  0  2  1  0  0  1  0 ] (0.00001175)
[  0  1  0  2  1  0  1  0  0 ] (0.00983416)
[  0  1  0  2  1  1  0  0  0 ] (0.00000388)
[  0  1  0  2  2  0  0  0  0 ] (0.00055313)
[  0  1  0  3  0  0  0  0  0 ] (0.00060442)
[  0  1  0  3  0  0  0  0  1 ] (0.00008770)
[  0  1  0  3  0  0  0  1  0 ] (0.00020466)
[  0  1  0  3  0  0  1  0  0 ] (0.00103205)
[  0  1  0  3  0  1  0  0  0 ] (0.00000564)
[  0  1  0  3  1  0  0  0  0 ] (0.00005940)
[  0  1  0  4  0  0  0  0  0 ] (0.00505573)
[  0  1  1  0  0  0  0  0  0 ] (0.00000863)
[  0  1  1  0  0  0  0  0  1 ] (0.00000000)
[  0  1  1  0  0  0  0  0  2 ] (0.00000000)
[  0  1  1  0  0  0  0  0  3 ] (0.00000000)
[  0  1  1  0  0  0  0  1  0 ] (0.00000000)
[  0  1  1  0  0  0  0  1  1 ] (0.00000001)
[  0  1  1  0  0  0  0  1  2 ] (0.00000000)
[  0  1  1  0  0  0  0  2  0 ] (0.00000001)
[  0  1  1  0  0  0  0  2  1 ] (0.00000000)
[  0  1  1  0  0  0  0  3  0 ] (0.00000000)
[  0  1  1  0  0  0  1  0  0 ] (0.00000016)
[  0  1  1  0  0  0  1  0  1 ] (0.00000004)
[  0  1  1  0  0  0  1  0  2 ] (0.00000001)
[  0  1  1  0  0  0  1  1  0 ] (0.00000001)
[  0  1  1  0  0  0  1  1  1 ] (0.00000001)
[  0  1  1  0  0  0  1  2  0 ] (0.00000000)
[  0  1  1  0  0  0  2  0  0 ] (0.00000037)
[  0  1  1  0  0  0  2  0  1 ] (0.00000006)
[  0  1  1  0  0  0  2  1  0 ] (0.00000003)
[  0  1  1  0  0  0  3  0  0 ] (0.00000004)
[  0  1  1  0  0  1  0  0  0 ] (0.00000001)
[  0  1  1  0  0  1  0  0  1 ] (0.00000001)
[  0  1  1  0  0  1  0  0  2 ] (0.00000000)
[  0  1  1  0  0  1  0  1  0 ] (0.00000001)
[  0  1  1  0  0  1  0  1  1 ] (0.00000000)
[  0  1  1  0  0  1  0  2  0 ] (0.00000000)
[  0  1  1  0  0  1  1  0  0 ] (0.00000000)
[  0  1  1  0  0  1  1  0  1 ] (0.00000001)
[  0  1  1  0  0  1  1  1  0 ] (0.00000000)
[  0  1  1  0  0  1  2  0  0 ] (0.00000000)
[  0  1  1  0  0  2  0  0  0 ] (0.00000000)
[  0  1  1  0  0  2  0  0  1 ] (0.00000001)
[  0  1  1  0  0  2  0  1  0 ] (0.00000000)
[  0  1  1  0  0  2  1  0  0 ] (0.00000000)
[  0  1  1  0  0  3  0  0  0 ] (0.00000000)
[  0  1  1  0  1  0  0  0  0 ] (0.00000017)
[  0  1  1  0  1  0  0  0  1 ] (0.00000000)
[  0  1  1  0  1  0  0  0  2 ] (0.00000000)
[  0  1  1  0  1  0  0  1  0 ] (0.00000001)
[  0  1  1  0  1  0  0  1  1 ] (0.00000000)
[  0  1  1  0  1  0  0  2  0 ] (0.00000000)
[  0  1  1  0  1  0  1  0  0 ] (0.00000000)
[  0  1  1  0  1  0  1  0  1 ] (0.00000001)
[  0  1  1  0  1  0  1  1  0 ] (0.00000001)
[  0  1  1  0  1  0  2  0  0 ] (0.00000001)
[  0  1  1  0  1  1  0  0  0 ] (0.00000000)
[  0  1  1  0  1  1  0  0  1 ] (0.00000000)
[  0  1  1  0  1  1  0  1  0 ] (0.00000000)
[  0  1  1  0  1  1  1  0  0 ] (0.00000000)
[  0  1  1  0  1  2  0  0  0 ] (0.00000000)
[  0  1  1  0  2  0  0  0  0 ] (0.00000002)
[  0  1  1  0  2  0  0  0  1 ] (0.00000000)
[  0  1  1  0  2  0  0  1  0 ] (0.00000000)
[  0  1  1  0  2  0  1  0  0 ] (0.00000002)
[  0  1  1  0  2  1  0  0  0 ] (0.00000000)
[  0  1  1  0  3  0  0  0  0 ] (0.00000000)
[  0  1  1  1  0  0  0  0  0 ] (0.00000010)
[  0  1  1  1  0  0  0  0  1 ] (0.00000002)
[  0  1  1  1  0  0  0  0  2 ] (0.00000001)
[  0  1  1  1  0  0  0  1  0 ] (0.00000000)
[  0  1  1  1  0  0  0  1  1 ] (0.00000001)
[  0  1  1  1  0  0  0  2  0 ] (0.00000001)
[  0  1  1  1  0  0  1  0  0 ] (0.00000020)
[  0  1  1  1  0  0  1  0  1 ] (0.00000004)
[  0  1  1  1  0  0  1  1  0 ] (0.00000002)
[  0  1  1  1  0  0  2  0  0 ] (0.00000061)
[  0  1  1  1  0  1  0  0  0 ] (0.00000000)
[  0  1  1  1  0  1  0  0  1 ] (0.00000002)
[  0  1  1  1  0  1  0  1  0 ] (0.00000001)
[  0  1  1  1  0  1  1  0  0 ] (0.00000000)
[  0  1  1  1  0  2  0  0  0 ] (0.00000000)
[  0  1  1  1  1  0  0  0  0 ] (0.00000000)
[  0  1  1  1  1  0  0  0  1 ] (0.00000001)
[  0  1  1  1  1  0  0  1  0 ] (0.00000000)
[  0  1  1  1  1  0  1  0  0 ] (0.00000004)
[  0  1  1  1  1  1  0  0  0 ] (0.00000000)
[  0  1  1  1  2  0  0  0  0 ] (0.00000000)
[  0  1  1  2  0  0  0  0  0 ] (0.00000030)
[  0  1  1  2  0  0  0  0  1 ] (0.00000005)
[  0  1  1  2  0  0  0  1  0 ] (0.00000006)
[  0  1  1  2  0  0  1  0  0 ] (0.00000152)
[  0  1  1  2  0  1  0  0  0 ] (0.00000001)
[  0  1  1  2  1  0  0  0  0 ] (0.00000001)
[  0  1  1  3  0  0  0  0  0 ] (0.00000001)
[  0  1  2  0  0  0  0  0  0 ] (0.01461924)
[  0  1  2  0  0  0  0  0  1 ] (0.00028889)
[  0  1  2  0  0  0  0  0  2 ] (0.00001448)
[  0  1  2  0  0  0  0  1  0 ] (0.00039570)
[  0  1  2  0  0  0  0  1  1 ] (0.00026408)
[  0  1  2  0  0  0  0  2  0 ] (0.00012414)
[  0  1  2  0  0  0  1  0  0 ] (0.00622744)
[  0  1  2  0  0  0  1  0  1 ] (0.00086960)
[  0  1  2  0  0  0  1  1  0 ] (0.00233209)
[  0  1  2  0  0  0  2  0  0 ] (0.01907849)
[  0  1  2  0  0  1  0  0  0 ] (0.00008034)
[  0  1  2  0  0  1  0  0  1 ] (0.00017427)
[  0  1  2  0  0  1  0  1  0 ] (0.00000616)
[  0  1  2  0  0  1  1  0  0 ] (0.00011598)
[  0  1  2  0  0  2  0  0  0 ] (0.00007038)
[  0  1  2  0  1  0  0  0  0 ] (0.00148003)
[  0  1  2  0  1  0  0  0  1 ] (0.00006340)
[  0  1  2  0  1  0  0  1  0 ] (0.00000110)
[  0  1  2  0  1  0  1  0  0 ] (0.00075839)
[  0  1  2  0  1  1  0  0  0 ] (0.00002486)
[  0  1  2  0  2  0  0  0  0 ] (0.00006004)
[  0  1  2  1  0  0  0  0  0 ] (0.00719898)
[  0  1  2  1  0  0  0  0  1 ] (0.00065240)
[  0  1  2  1  0  0  0  1  0 ] (0.00091626)
[  0  1  2  1  0  0  1  0  0 ] (0.01292550)
[  0  1  2  1  0  1  0  0  0 ] (0.00000100)
[  0  1  2  1  1  0  0  0  0 ] (0.00077301)
[  0  1  2  2  0  0  0  0  0 ] (0.02505171)
[  0  1  3  0  0  0  0  0  0 ] (0.00012863)
[  0  1  3  0  0  0  0  0  1 ] (0.00000334)
[  0  1  3  0  0  0  0  1  0 ] (0.00000554)
[  0  1  3  0  0  0  1  0  0 ] (0.00001227)
[  0  1  3  0  0  1  0  0  0 ] (0.00000474)
[  0  1  3  0  1  0  0  0  0 ] (0.00000013)
[  0  1  3  1  0  0  0  0  0 ] (0.00000914)
[  0  1  4  0  0  0  0  0  0 ] (0.00000000)
[  0  2  0  0  0  0  0  0  0 ] (0.00001244)
[  0  2  0  0  0  0  0  0  1 ] (0.00000002)
[  0  2  0  0  0  0  0  0  2 ] (0.00000000)
[  0  2  0  0  0  0  0  0  3 ] (0.00000000)
[  0  2  0  0  0  0  0  1  0 ] (0.00000010)
[  0  2  0  0  0  0  0  1  1 ] (0.00000000)
[  0  2  0  0  0  0  0  1  2 ] (0.00000000)
[  0  2  0  0  0  0  0  2  0 ] (0.00000000)
[  0  2  0  0  0  0  0  2  1 ] (0.00000000)
[  0  2  0  0  0  0  0  3  0 ] (0.00000000)
[  0  2  0  0  0  0  1  0  0 ] (0.00000001)
[  0  2  0  0  0  0  1  0  1 ] (0.00000000)
[  0  2  0  0  0  0  1  0  2 ] (0.00000000)
[  0  2  0  0  0  0  1  1  0 ] (0.00000000)
[  0  2  0  0  0  0  1  1  1 ] (0.00000000)
[  0  2  0  0  0  0  1  2  0 ] (0.00000001)
[  0  2  0  0  0  0  2  0  0 ] (0.00000012)
[  0  2  0  0  0  0  2  0  1 ] (0.00000001)
[  0  2  0  0  0  0  2  1  0 ] (0.00000002)
[  0  2  0  0  0  0  3  0  0 ] (0.00000000)
[  0  2  0  0  0  1  0  0  0 ] (0.00000011)
[  0  2  0  0  0  1  0  0  1 ] (0.00000003)
[  0  2  0  0  0  1  0  0  2 ] (0.00000000)
[  0  2  0  0  0  1  0  1  0 ] (0.00000001)
[  0  2  0  0  0  1  0  1  1 ] (0.00000000)
[  0  2  0  0  0  1  0  2  0 ] (0.00000000)
[  0  2  0  0  0  1  1  0  0 ] (0.00000000)
[  0  2  0  0  0  1  1  0  1 ] (0.00000001)
[  0  2  0  0  0  1  1  1  0 ] (0.00000000)
[  0  2  0  0  0  1  2  0  0 ] (0.00000006)
[  0  2  0  0  0  2  0  0  0 ] (0.00000003)
[  0  2  0  0  0  2  0  0  1 ] (0.00000002)
[  0  2  0  0  0  2  0  1  0 ] (0.00000000)
[  0  2  0  0  0  2  1  0  0 ] (0.00000012)
[  0  2  0  0  0  3  0  0  0 ] (0.00000000)
[  0  2  0  0  1  0  0  0  0 ] (0.00000006)
[  0  2  0  0  1  0  0  0  1 ] (0.00000000)
[  0  2  0  0  1  0  0  0  2 ] (0.00000000)
[  0  2  0  0  1  0  0  1  0 ] (0.00000000)
[  0  2  0  0  1  0  0  1  1 ] (0.00000000)
[  0  2  0  0  1  0  0  2  0 ] (0.00000000)
[  0  2  0  0  1  0  1  0  0 ] (0.00000001)
[  0  2  0  0  1  0  1  0  1 ] (0.00000000)
[  0  2  0  0  1  0  1  1  0 ] (0.00000002)
[  0  2  0  0  1  0  2  0  0 ] (0.00000001)
[  0  2  0  0  1  1  0  0  0 ] (0.00000001)
[  0  2  0  0  1  1  0  0  1 ] (0.00000000)
[  0  2  0  0  1  1  0  1  0 ] (0.00000000)
[  0  2  0  0  1  1  1  0  0 ] (0.00000000)
[  0  2  0  0  1  2  0  0  0 ] (0.00000000)
[  0  2  0  0  2  0  0  0  0 ] (0.00000000)
[  0  2  0  0  2  0  0  0  1 ] (0.00000000)
[  0  2  0  0  2  0  0  1  0 ] (0.00000000)
[  0  2  0  0  2  0  1  0  0 ] (0.00000000)
[  0  2  0  0  2  1  0  0  0 ] (0.00000000)
[  0  2  0  0  3  0  0  0  0 ] (0.00000000)
[  0  2  0  1  0  0  0  0  0 ] (0.00000034)
[  0  2  0  1  0  0  0  0  1 ] (0.00000000)
[  0  2  0  1  0  0  0  0  2 ] (0.00000000)
[  0  2  0  1  0  0  0  1  0 ] (0.00000000)
[  0  2  0  1  0  0  0  1  1 ] (0.00000000)
[  0  2  0  1  0  0  0  2  0 ] (0.00000001)
[  0  2  0  1  0  0  1  0  0 ] (0.00000000)
[  0  2  0  1  0  0  1  0  1 ] (0.00000000)
[  0  2  0  1  0  0  1  1  0 ] (0.00000000)
[  0  2  0  1  0  0  2  0  0 ] (0.00000015)
[  0  2  0  1  0  1  0  0  0 ] (0.00000000)
[  0  2  0  1  0  1  0  0  1 ] (0.00000001)
[  0  2  0  1  0  1  0  1  0 ] (0.00000001)
[  0  2  0  1  0  1  1  0  0 ] (0.00000002)
[  0  2  0  1  0  2  0  0  0 ] (0.00000008)
[  0  2  0  1  1  0  0  0  0 ] (0.00000000)
[  0  2  0  1  1  0  0  0  1 ] (0.00000000)
[  0  2  0  1  1  0  0  1  0 ] (0.00000000)
[  0  2  0  1  1  0  1  0  0 ] (0.00000001)
[  0  2  0  1  1  1  0  0  0 ] (0.00000000)
[  0  2  0  1  2  0  0  0  0 ] (0.00000000)
[  0  2  0  2  0  0  0  0  0 ] (0.00000003)
[  0  2  0  2  0  0  0  0  1 ] (0.00000001)
[  0  2  0  2  0  0  0  1  0 ] (0.00000003)
[  0  2  0  2  0  0  1  0  0 ] (0.00000060)
[  0  2  0  2  0  1  0  0  0 ] (0.00000004)
[  0  2  0  2  1  0  0  0  0 ] (0.00000002)
[  0  2  0  3  0  0  0  0  0 ] (0.00000000)
[  0  2  1  0  0  0  0  0  0 ] (0.03752845)
[  0  2  1  0  0  0  0  0  1 ] (0.00050362)
[  0  2  1  0  0  0  0  0  2 ] (0.00001691)
[  0  2  1  0  0  0  0  1  0 ] (0.00001570)
[  0  2  1  0  0  0  0  1  1 ] (0.00027762)
[  0  2  1  0  0  0  0  2  0 ] (0.00022348)
[  0  2  1  0  0  0  1  0  0 ] (0.00431720)
[  0  2  1  0  0  0  1  0  1 ] (0.00129084)
[  0  2  1  0  0  0  1  1  0 ] (0.00271266)
[  0  2  1  0  0  0  2  0  0 ] (0.02164327)
[  0  2  1  0  0  1  0  0  0 ] (0.00007592)
[  0  2  1  0  0  1  0  0  1 ] (0.00018045)
[  0  2  1  0  0  1  0  1  0 ] (0.00000002)
[  0  2  1  0  0  1  1  0  0 ] (0.00018122)
[  0  2  1  0  0  2  0  0  0 ] (0.00010107)
[  0  2  1  0  1  0  0  0  0 ] (0.00201845)
[  0  2  1  0  1  0  0  0  1 ] (0.00004589)
[  0  2  1  0  1  0  0  1  0 ] (0.00000013)
[  0  2  1  0  1  0  1  0  0 ] (0.00063801)
[  0  2  1  0  1  1  0  0  0 ] (0.00001783)
[  0  2  1  0  2  0  0  0  0 ] (0.00009305)
[  0  2  1  1  0  0  0  0  0 ] (0.00342148)
[  0  2  1  1  0  0  0  0  1 ] (0.00063368)
[  0  2  1  1  0  0  0  1  0 ] (0.00141891)
[  0  2  1  1  0  0  1  0  0 ] (0.01504363)
[  0  2  1  1  0  1  0  0  0 ] (0.00000684)
[  0  2  1  1  1  0  0  0  0 ] (0.00076733)
[  0  2  1  2  0  0  0  0  0 ] (0.02958901)
[  0  2  2  0  0  0  0  0  0 ] (0.00000007)
[  0  2  2  0  0  0  0  0  1 ] (0.00000001)
[  0  2  2  0  0  0  0  1  0 ] (0.00000000)
[  0  2  2  0  0  0  1  0  0 ] (0.00000022)
[  0  2  2  0  0  1  0  0  0 ] (0.00000001)
[  0  2  2  0  1  0  0  0  0 ] (0.00000001)
[  0  2  2  1  0  0  0  0  0 ] (0.00000010)
[  0  2  3  0  0  0  0  0  0 ] (0.00000000)
[  0  3  0  0  0  0  0  0  0 ] (0.00008525)
[  0  3  0  0  0  0  0  0  1 ] (0.00000359)
[  0  3  0  0  0  0  0  0  2 ] (0.00000002)
[  0  3  0  0  0  0  0  1  0 ] (0.00000235)
[  0  3  0  0  0  0  0  1  1 ] (0.00000014)
[  0  3  0  0  0  0  0  2  0 ] (0.00000015)
[  0  3  0  0  0  0  1  0  0 ] (0.00000019)
[  0  3  0  0  0  0  1  0  1 ] (0.00000001)
[  0  3  0  0  0  0  1  1  0 ] (0.00000000)
[  0  3  0  0  0  0  2  0  0 ] (0.00000000)
[  0  3  0  0  0  1  0  0  0 ] (0.00000136)
[  0  3  0  0  0  1  0  0  1 ] (0.00000003)
[  0  3  0  0  0  1  0  1  0 ] (0.00000003)
[  0  3  0  0  0  1  1  0  0 ] (0.00000003)
[  0  3  0  0  0  2  0  0  0 ] (0.00000000)
[  0  3  0  0  1  0  0  0  0 ] (0.00000023)
[  0  3  0  0  1  0  0  0  1 ] (0.00000002)
[  0  3  0  0  1  0  0  1  0 ] (0.00000001)
[  0  3  0  0  1  0  1  0  0 ] (0.00000002)
[  0  3  0  0  1  1  0  0  0 ] (0.00000001)
[  0  3  0  0  2  0  0  0  0 ] (0.00000001)
[  0  3  0  1  0  0  0  0  0 ] (0.00000351)
[  0  3  0  1  0  0  0  0  1 ] (0.00000025)
[  0  3  0  1  0  0  0  1  0 ] (0.00000011)
[  0  3  0  1  0  0  1  0  0 ] (0.00000002)
[  0  3  0  1  0  1  0  0  0 ] (0.00000002)
[  0  3  0  1  1  0  0  0  0 ] (0.00000000)
[  0  3  0  2  0  0  0  0  0 ] (0.00000006)
[  0  3  1  0  0  0  0  0  0 ] (0.00229648)
[  0  3  1  0  0  0  0  0  1 ] (0.00011037)
[  0  3  1  0  0  0  0  1  0 ] (0.00000627)
[  0  3  1  0  0  0  1  0  0 ] (0.00000993)
[  0  3  1  0  0  1  0  0  0 ] (0.00000554)
[  0  3  1  0  1  0  0  0  0 ] (0.00002885)
[  0  3  1  1  0  0  0  0  0 ] (0.00000643)
[  0  3  2  0  0  0  0  0  0 ] (0.00000071)
[  0  4  0  0  0  0  0  0  0 ] (0.02667268)
[  0  4  0  0  0  0  0  0  1 ] (0.00000814)
[  0  4  0  0  0  0  0  1  0 ] (0.00113326)
[  0  4  0  0  0  0  1  0  0 ] (0.00205490)
[  0  4  0  0  0  1  0  0  0 ] (0.00037031)
[  0  4  0  0  1  0  0  0  0 ] (0.00026111)
[  0  4  0  1  0  0  0  0  0 ] (0.00194031)
[  0  4  1  0  0  0  0  0  0 ] (0.00000227)
[  0  5  0  0  0  0  0  0  0 ] (0.00000021)
[  1  0  0  0  0  0  0  0  0 ] (0.00267067)
[  1  0  0  0  0  0  0  0  1 ] (0.00034037)
[  1  0  0  0  0  0  0  0  2 ] (0.00002334)
[  1  0  0  0  0  0  0  0  3 ] (0.00000440)
[  1  0  0  0  0  0  0  0  4 ] (0.00000003)
[  1  0  0  0  0  0  0  1  0 ] (0.00000762)
[  1  0  0  0  0  0  0  1  1 ] (0.00005357)
[  1  0  0  0  0  0  0  1  2 ] (0.00000232)
[  1  0  0  0  0  0  0  1  3 ] (0.00000000)
[  1  0  0  0  0  0  0  2  0 ] (0.00000011)
[  1  0  0  0  0  0  0  2  1 ] (0.00000313)
[  1  0  0  0  0  0  0  2  2 ] (0.00000059)
[  1  0  0  0  0  0  0  3  0 ] (0.00000551)
[  1  0  0  0  0  0  0  3  1 ] (0.00000620)
[  1  0  0  0  0  0  0  4  0 ] (0.00000053)
[  1  0  0  0  0  0  1  0  0 ] (0.00066732)
[  1  0  0  0  0  0  1  0  1 ] (0.00031436)
[  1  0  0  0  0  0  1  0  2 ] (0.00000020)
[  1  0  0  0  0  0  1  0  3 ] (0.00000401)
[  1  0  0  0  0  0  1  1  0 ] (0.00000528)
[  1  0  0  0  0  0  1  1  1 ] (0.00000381)
[  1  0  0  0  0  0  1  1  2 ] (0.00000164)
[  1  0  0  0  0  0  1  2  0 ] (0.00000114)
[  1  0  0  0  0  0  1  2  1 ] (0.00000009)
[  1  0  0  0  0  0  1  3  0 ] (0.00000132)
[  1  0  0  0  0  0  2  0  0 ] (0.00032659)
[  1  0  0  0  0  0  2  0  1 ] (0.00001586)
[  1  0  0  0  0  0  2  0  2 ] (0.00000727)
[  1  0  0  0  0  0  2  1  0 ] (0.00003988)
[  1  0  0  0  0  0  2  1  1 ] (0.00000578)
[  1  0  0  0  0  0  2  2  0 ] (0.00000037)
[  1  0  0  0  0  0  3  0  0 ] (0.00013073)
[  1  0  0  0  0  0  3  0  1 ] (0.00000088)
[  1  0  0  0  0  0  3  1  0 ] (0.00001718)
[  1  0  0  0  0  0  4  0  0 ] (0.00000910)
[  1  0  0  0  0  1  0  0  0 ] (0.00039753)
[  1  0  0  0  0  1  0  0  1 ] (0.00000086)
[  1  0  0  0  0  1  0  0  2 ] (0.00000003)
[  1  0  0  0  0  1  0  0  3 ] (0.00000008)
[  1  0  0  0  0  1  0  1  0 ] (0.00000594)
[  1  0  0  0  0  1  0  1  1 ] (0.00000142)
[  1  0  0  0  0  1  0  1  2 ] (0.00000002)
[  1  0  0  0  0  1  0  2  0 ] (0.00000062)
[  1  0  0  0  0  1  0  2  1 ] (0.00000001)
[  1  0  0  0  0  1  0  3  0 ] (0.00000007)
[  1  0  0  0  0  1  1  0  0 ] (0.00002795)
[  1  0  0  0  0  1  1  0  1 ] (0.00000053)
[  1  0  0  0  0  1  1  0  2 ] (0.00000062)
[  1  0  0  0  0  1  1  1  0 ] (0.00000247)
[  1  0  0  0  0  1  1  1  1 ] (0.00000165)
[  1  0  0  0  0  1  1  2  0 ] (0.00000012)
[  1  0  0  0  0  1  2  0  0 ] (0.00000300)
[  1  0  0  0  0  1  2  0  1 ] (0.00000130)
[  1  0  0  0  0  1  2  1  0 ] (0.00000052)
[  1  0  0  0  0  1  3  0  0 ] (0.00000564)
[  1  0  0  0  0  2  0  0  0 ] (0.00000018)
[  1  0  0  0  0  2  0  0  1 ] (0.00000215)
[  1  0  0  0  0  2  0  0  2 ] (0.00000002)
[  1  0  0  0  0  2  0  1  0 ] (0.00000002)
[  1  0  0  0  0  2  0  1  1 ] (0.00000009)
[  1  0  0  0  0  2  0  2  0 ] (0.00000011)
[  1  0  0  0  0  2  1  0  0 ] (0.00000046)
[  1  0  0  0  0  2  1  0  1 ] (0.00000064)
[  1  0  0  0  0  2  1  1  0 ] (0.00000019)
[  1  0  0  0  0  2  2  0  0 ] (0.00001102)
[  1  0  0  0  0  3  0  0  0 ] (0.00000018)
[  1  0  0  0  0  3  0  0  1 ] (0.00000499)
[  1  0  0  0  0  3  0  1  0 ] (0.00000039)
[  1  0  0  0  0  3  1  0  0 ] (0.00000032)
[  1  0  0  0  0  4  0  0  0 ] (0.00000090)
[  1  0  0  0  1  0  0  0  0 ] (0.00061668)
[  1  0  0  0  1  0  0  0  1 ] (0.00000534)
[  1  0  0  0  1  0  0  0  2 ] (0.00000242)
[  1  0  0  0  1  0  0  0  3 ] (0.00000137)
[  1  0  0  0  1  0  0  1  0 ] (0.00001651)
[  1  0  0  0  1  0  0  1  1 ] (0.00000112)
[  1  0  0  0  1  0  0  1  2 ] (0.00000031)
[  1  0  0  0  1  0  0  2  0 ] (0.00000035)
[  1  0  0  0  1  0  0  2  1 ] (0.00000004)
[  1  0  0  0  1  0  0  3  0 ] (0.00000071)
[  1  0  0  0  1  0  1  0  0 ] (0.00003458)
[  1  0  0  0  1  0  1  0  1 ] (0.00003175)
[  1  0  0  0  1  0  1  0  2 ] (0.00000011)
[  1  0  0  0  1  0  1  1  0 ] (0.00000728)
[  1  0  0  0  1  0  1  1  1 ] (0.00000022)
[  1  0  0  0  1  0  1  2  0 ] (0.00000001)
[  1  0  0  0  1  0  2  0  0 ] (0.00005387)
[  1  0  0  0  1  0  2  0  1 ] (0.00001677)
[  1  0  0  0  1  0  2  1  0 ] (0.00000032)
[  1  0  0  0  1  0  3  0  0 ] (0.00000749)
[  1  0  0  0  1  1  0  0  0 ] (0.00000887)
[  1  0  0  0  1  1  0  0  1 ] (0.00000031)
[  1  0  0  0  1  1  0  0  2 ] (0.00000004)
[  1  0  0  0  1  1  0  1  0 ] (0.00000040)
[  1  0  0  0  1  1  0  1  1 ] (0.00000053)
[  1  0  0  0  1  1  0  2  0 ] (0.00000005)
[  1  0  0  0  1  1  1  0  0 ] (0.00000684)
[  1  0  0  0  1  1  1  0  1 ] (0.00000034)
[  1  0  0  0  1  1  1  1  0 ] (0.00000021)
[  1  0  0  0  1  1  2  0  0 ] (0.00000000)
[  1  0  0  0  1  2  0  0  0 ] (0.00000129)
[  1  0  0  0  1  2  0  0  1 ] (0.00000004)
[  1  0  0  0  1  2  0  1  0 ] (0.00000006)
[  1  0  0  0  1  2  1  0  0 ] (0.00000006)
[  1  0  0  0  1  3  0  0  0 ] (0.00000075)
[  1  0  0  0  2  0  0  0  0 ] (0.00000001)
[  1  0  0  0  2  0  0  0  1 ] (0.00000094)
[  1  0  0  0  2  0  0  0  2 ] (0.00000012)
[  1  0  0  0  2  0  0  1  0 ] (0.00000167)
[  1  0  0  0  2  0  0  1  1 ] (0.00000014)
[  1  0  0  0  2  0  0  2  0 ] (0.00000330)
[  1  0  0  0  2  0  1  0  0 ] (0.00000174)
[  1  0  0  0  2  0  1  0  1 ] (0.00000216)
[  1  0  0  0  2  0  1  1  0 ] (0.00001599)
[  1  0  0  0  2  0  2  0  0 ] (0.00000667)
[  1  0  0  0  2  1  0  0  0 ] (0.00000007)
[  1  0  0  0  2  1  0  0  1 ] (0.00000006)
[  1  0  0  0  2  1  0  1  0 ] (0.00000068)
[  1  0  0  0  2  1  1  0  0 ] (0.00000035)
[  1  0  0  0  2  2  0  0  0 ] (0.00000063)
[  1  0  0  0  3  0  0  0  0 ] (0.00000111)
[  1  0  0  0  3  0  0  0  1 ] (0.00000006)
[  1  0  0  0  3  0  0  1  0 ] (0.00000039)
[  1  0  0  0  3  0  1  0  0 ] (0.00000099)
[  1  0  0  0  3  1  0  0  0 ] (0.00000007)
[  1  0  0  0  4  0  0  0  0 ] (0.00000190)
[  1  0  0  1  0  0  0  0  0 ] (0.00021206)
[  1  0  0  1  0  0  0  0  1 ] (0.00015034)
[  1  0  0  1  0  0  0  0  2 ] (0.00000068)
[  1  0  0  1  0  0  0  0  3 ] (0.00000199)
[  1  0  0  1  0  0  0  1  0 ] (0.00001062)
[  1  0  0  1  0  0  0  1  1 ] (0.00000205)
[  1  0  0  1  0  0  0  1  2 ] (0.00000165)
[  1  0  0  1  0  0  0  2  0 ] (0.00000000)
[  1  0  0  1  0  0  0  2  1 ] (0.00000009)
[  1  0  0  1  0  0  0  3  0 ] (0.00000007)
[  1  0  0  1  0  0  1  0  0 ] (0.00039786)
[  1  0  0  1  0  0  1  0  1 ] (0.00001335)
[  1  0  0  1  0  0  1  0  2 ] (0.00000230)
[  1  0  0  1  0  0  1  1  0 ] (0.00000466)
[  1  0  0  1  0  0  1  1  1 ] (0.00000588)
[  1  0  0  1  0  0  1  2  0 ] (0.00000006)
[  1  0  0  1  0  0  2  0  0 ] (0.00001471)
[  1  0  0  1  0  0  2  0  1 ] (0.00000187)
[  1  0  0  1  0  0  2  1  0 ] (0.00003153)
[  1  0  0  1  0  0  3  0  0 ] (0.00001663)
[  1  0  0  1  0  1  0  0  0 ] (0.00001578)
[  1  0  0  1  0  1  0  0  1 ] (0.00000149)
[  1  0  0  1  0  1  0  0  2 ] (0.00000066)
[  1  0  0  1  0  1  0  1  0 ] (0.00000000)
[  1  0  0  1  0  1  0  1  1 ] (0.00000184)
[  1  0  0  1  0  1  0  2  0 ] (0.00000000)
[  1  0  0  1  0  1  1  0  0 ] (0.00000164)
[  1  0  0  1  0  1  1  0  1 ] (0.00000282)
[  1  0  0  1  0  1  1  1  0 ] (0.00000002)
[  1  0  0  1  0  1  2  0  0 ] (0.00000000)
[  1  0  0  1  0  2  0  0  0 ] (0.00000161)
[  1  0  0  1  0  2  0  0  1 ] (0.00000073)
[  1  0  0  1  0  2  0  1  0 ] (0.00000012)
[  1  0  0  1  0  2  1  0  0 ] (0.00000503)
[  1  0  0  1  0  3  0  0  0 ] (0.00000005)
[  1  0  0  1  1  0  0  0  0 ] (0.00006856)
[  1  0  0  1  1  0  0  0  1 ] (0.00002320)
[  1  0  0  1  1  0  0  0  2 ] (0.00000004)
[  1  0  0  1  1  0  0  1  0 ] (0.00000172)
[  1  0  0  1  1  0  0  1  1 ] (0.00000079)
[  1  0  0  1  1  0  0  2  0 ] (0.00000173)
[  1  0  0  1  1  0  1  0  0 ] (0.00004087)
[  1  0  0  1  1  0  1  0  1 ] (0.00000482)
[  1  0  0  1  1  0  1  1  0 ] (0.00001149)
[  1  0  0  1  1  0  2  0  0 ] (0.00002667)
[  1  0  0  1  1  1  0  0  0 ] (0.00000225)
[  1  0  0  1  1  1  0  0  1 ] (0.00000050)
[  1  0  0  1  1  1  0  1  0 ] (0.00000059)
[  1  0  0  1  1  1  1  0  0 ] (0.00000049)
[  1  0  0  1  1  2  0  0  0 ] (0.00000027)
[  1  0  0  1  2  0  0  0  0 ] (0.00000993)
[  1  0  0  1  2  0  0  0  1 ] (0.00000073)
[  1  0  0  1  2  0  0  1  0 ] (0.00002368)
[  1  0  0  1  2  0  1  0  0 ] (0.00000052)
[  1  0  0  1  2  1  0  0  0 ] (0.00000044)
[  1  0  0  1  3  0  0  0  0 ] (0.00000999)
[  1  0  0  2  0  0  0  0  0 ] (0.00023684)
[  1  0  0  2  0  0  0  0  1 ] (0.00009120)
[  1  0  0  2  0  0  0  0  2 ] (0.00000014)
[  1  0  0  2  0  0  0  1  0 ] (0.00001327)
[  1  0  0  2  0  0  0  1  1 ] (0.00001476)
[  1  0  0  2  0  0  0  2  0 ] (0.00000018)
[  1  0  0  2  0  0  1  0  0 ] (0.00008372)
[  1  0  0  2  0  0  1  0  1 ] (0.00002457)
[  1  0  0  2  0  0  1  1  0 ] (0.00023738)
[  1  0  0  2  0  0  2  0  0 ] (0.00063381)
[  1  0  0  2  0  1  0  0  0 ] (0.00000052)
[  1  0  0  2  0  1  0  0  1 ] (0.00000622)
[  1  0  0  2  0  1  0  1  0 ] (0.00000030)
[  1  0  0  2  0  1  1  0  0 ] (0.00000015)
[  1  0  0  2  0  2  0  0  0 ] (0.00000901)
[  1  0  0  2  1  0  0  0  0 ] (0.00019559)
[  1  0  0  2  1  0  0  0  1 ] (0.00001295)
[  1  0  0  2  1  0  0  1  0 ] (0.00001319)
[  1  0  0  2  1  0  1  0  0 ] (0.00003718)
[  1  0  0  2  1  1  0  0  0 ] (0.00000064)
[  1  0  0  2  2  0  0  0  0 ] (0.00000126)
[  1  0  0  3  0  0  0  0  0 ] (0.00002723)
[  1  0  0  3  0  0  0  0  1 ] (0.00000239)
[  1  0  0  3  0  0  0  1  0 ] (0.00000804)
[  1  0  0  3  0  0  1  0  0 ] (0.00000218)
[  1  0  0  3  0  1  0  0  0 ] (0.00000014)
[  1  0  0  3  1  0  0  0  0 ] (0.00000201)
[  1  0  0  4  0  0  0  0  0 ] (0.00004424)
[  1  0  1  0  0  0  0  0  0 ] (0.00000233)
[  1  0  1  0  0  0  0  0  1 ] (0.00000000)
[  1  0  1  0  0  0  0  0  2 ] (0.00000000)
[  1  0  1  0  0  0  0  0  3 ] (0.00000000)
[  1  0  1  0  0  0  0  1  0 ] (0.00000000)
[  1  0  1  0  0  0  0  1  1 ] (0.00000000)
[  1  0  1  0  0  0  0  1  2 ] (0.00000000)
[  1  0  1  0  0  0  0  2  0 ] (0.00000000)
[  1  0  1  0  0  0  0  2  1 ] (0.00000000)
[  1  0  1  0  0  0  0  3  0 ] (0.00000000)
[  1  0  1  0  0  0  1  0  0 ] (0.00000000)
[  1  0  1  0  0  0  1  0  1 ] (0.00000001)
[  1  0  1  0  0  0  1  0  2 ] (0.00000000)
[  1  0  1  0  0  0  1  1  0 ] (0.00000000)
[  1  0  1  0  0  0  1  1  1 ] (0.00000000)
[  1  0  1  0  0  0  1  2  0 ] (0.00000000)
[  1  0  1  0  0  0  2  0  0 ] (0.00000003)
[  1  0  1  0  0  0  2  0  1 ] (0.00000001)
[  1  0  1  0  0  0  2  1  0 ] (0.00000001)
[  1  0  1  0  0  0  3  0  0 ] (0.00000000)
[  1  0  1  0  0  1  0  0  0 ] (0.00000000)
[  1  0  1  0  0  1  0  0  1 ] (0.00000000)
[  1  0  1  0  0  1  0  0  2 ] (0.00000000)
[  1  0  1  0  0  1  0  1  0 ] (0.00000000)
[  1  0  1  0  0  1  0  1  1 ] (0.00000000)
[  1  0  1  0  0  1  0  2  0 ] (0.00000000)
[  1  0  1  0  0  1  1  0  0 ] (0.00000001)
[  1  0  1  0  0  1  1  0  1 ] (0.00000000)
[  1  0  1  0  0  1  1  1  0 ] (0.00000000)
[  1  0  1  0  0  1  2  0  0 ] (0.00000002)
[  1  0  1  0  0  2  0  0  0 ] (0.00000001)
[  1  0  1  0  0  2  0  0  1 ] (0.00000000)
[  1  0  1  0  0  2  0  1  0 ] (0.00000000)
[  1  0  1  0  0  2  1  0  0 ] (0.00000001)
[  1  0  1  0  0  3  0  0  0 ] (0.00000000)
[  1  0  1  0  1  0  0  0  0 ] (0.00000003)
[  1  0  1  0  1  0  0  0  1 ] (0.00000000)
[  1  0  1  0  1  0  0  0  2 ] (0.00000000)
[  1  0  1  0  1  0  0  1  0 ] (0.00000000)
[  1  0  1  0  1  0  0  1  1 ] (0.00000000)
[  1  0  1  0  1  0  0  2  0 ] (0.00000000)
[  1  0  1  0  1  0  1  0  0 ] (0.00000001)
[  1  0  1  0  1  0  1  0  1 ] (0.00000000)
[  1  0  1  0  1  0  1  1  0 ] (0.00000000)
[  1  0  1  0  1  0  2  0  0 ] (0.00000000)
[  1  0  1  0  1  1  0  0  0 ] (0.00000000)
[  1  0  1  0  1  1  0  0  1 ] (0.00000000)
[  1  0  1  0  1  1  0  1  0 ] (0.00000000)
[  1  0  1  0  1  1  1  0  0 ] (0.00000000)
[  1  0  1  0  1  2  0  0  0 ] (0.00000000)
[  1  0  1  0  2  0  0  0  0 ] (0.00000001)
[  1  0  1  0  2  0  0  0  1 ] (0.00000000)
[  1  0  1  0  2  0  0  1  0 ] (0.00000000)
[  1  0  1  0  2  0  1  0  0 ] (0.00000000)
[  1  0  1  0  2  1  0  0  0 ] (0.00000000)
[  1  0  1  0  3  0  0  0  0 ] (0.00000000)
[  1  0  1  1  0  0  0  0  0 ] (0.00000000)
[  1  0  1  1  0  0  0  0  1 ] (0.00000000)
[  1  0  1  1  0  0  0  0  2 ] (0.00000000)
[  1  0  1  1  0  0  0  1  0 ] (0.00000000)
[  1  0  1  1  0  0  0  1  1 ] (0.00000000)
[  1  0  1  1  0  0  0  2  0 ] (0.00000000)
[  1  0  1  1  0  0  1  0  0 ] (0.00000000)
[  1  0  1  1  0  0  1  0  1 ] (0.00000000)
[  1  0  1  1  0  0  1  1  0 ] (0.00000000)
[  1  0  1  1  0  0  2  0  0 ] (0.00000005)
[  1  0  1  1  0  1  0  0  0 ] (0.00000000)
[  1  0  1  1  0  1  0  0  1 ] (0.00000000)
[  1  0  1  1  0  1  0  1  0 ] (0.00000000)
[  1  0  1  1  0  1  1  0  0 ] (0.00000001)
[  1  0  1  1  0  2  0  0  0 ] (0.00000001)
[  1  0  1  1  1  0  0  0  0 ] (0.00000001)
[  1  0  1  1  1  0  0  0  1 ] (0.00000000)
[  1  0  1  1  1  0  0  1  0 ] (0.00000000)
[  1  0  1  1  1  0  1  0  0 ] (0.00000000)
[  1  0  1  1  1  1  0  0  0 ] (0.00000000)
[  1  0  1  1  2  0  0  0  0 ] (0.00000000)
[  1  0  1  2  0  0  0  0  0 ] (0.00000000)
[  1  0  1  2  0  0  0  0  1 ] (0.00000000)
[  1  0  1  2  0  0  0  1  0 ] (0.00000001)
[  1  0  1  2  0  0  1  0  0 ] (0.00000002)
[  1  0  1  2  0  1  0  0  0 ] (0.00000001)
[  1  0  1  2  1  0  0  0  0 ] (0.00000000)
[  1  0  1  3  0  0  0  0  0 ] (0.00000000)
[  1  0  2  0  0  0  0  0  0 ] (0.00000174)
[  1  0  2  0  0  0  0  0  1 ] (0.00055720)
[  1  0  2  0  0  0  0  0  2 ] (0.00000727)
[  1  0  2  0  0  0  0  1  0 ] (0.00002085)
[  1  0  2  0  0  0  0  1  1 ] (0.00000120)
[  1  0  2  0  0  0  0  2  0 ] (0.00000537)
[  1  0  2  0  0  0  1  0  0 ] (0.00050831)
[  1  0  2  0  0  0  1  0  1 ] (0.00005250)
[  1  0  2  0  0  0  1  1  0 ] (0.00004200)
[  1  0  2  0  0  0  2  0  0 ] (0.00076821)
[  1  0  2  0  0  1  0  0  0 ] (0.00000038)
[  1  0  2  0  0  1  0  0  1 ] (0.00001524)
[  1  0  2  0  0  1  0  1  0 ] (0.00000004)
[  1  0  2  0  0  1  1  0  0 ] (0.00000099)
[  1  0  2  0  0  2  0  0  0 ] (0.00000107)
[  1  0  2  0  1  0  0  0  0 ] (0.00004039)
[  1  0  2  0  1  0  0  0  1 ] (0.00000655)
[  1  0  2  0  1  0  0  1  0 ] (0.00000370)
[  1  0  2  0  1  0  1  0  0 ] (0.00005503)
[  1  0  2  0  1  1  0  0  0 ] (0.00000225)
[  1  0  2  0  2  0  0  0  0 ] (0.00000169)
[  1  0  2  1  0  0  0  0  0 ] (0.00000420)
[  1  0  2  1  0  0  0  0  1 ] (0.00002107)
[  1  0  2  1  0  0  0  1  0 ] (0.00010328)
[  1  0  2  1  0  0  1  0  0 ] (0.00060986)
[  1  0  2  1  0  1  0  0  0 ] (0.00000157)
[  1  0  2  1  1  0  0  0  0 ] (0.00001466)
[  1  0  2  2  0  0  0  0  0 ] (0.00092868)
[  1  0  3  0  0  0  0  0  0 ] (0.00005102)
[  1  0  3  0  0  0  0  0  1 ] (0.00000683)
[  1  0  3  0  0  0  0  1  0 ] (0.00000627)
[  1  0  3  0  0  0  1  0  0 ] (0.00000187)
[  1  0  3  0  0  1  0  0  0 ] (0.00000004)
[  1  0  3  0  1  0  0  0  0 ] (0.00000196)
[  1  0  3  1  0  0  0  0  0 ] (0.00000304)
[  1  0  4  0  0  0  0  0  0 ] (0.00000004)
[  1  1  0  0  0  0  0  0  0 ] (0.00000027)
[  1  1  0  0  0  0  0  0  1 ] (0.00000116)
[  1  1  0  0  0  0  0  0  2 ] (0.00000000)
[  1  1  0  0  0  0  0  0  3 ] (0.00000000)
[  1  1  0  0  0  0  0  1  0 ] (0.00000011)
[  1  1  0  0  0  0  0  1  1 ] (0.00000007)
[  1  1  0  0  0  0  0  1  2 ] (0.00000000)
[  1  1  0  0  0  0  0  2  0 ] (0.00000001)
[  1  1  0  0  0  0  0  2  1 ] (0.00000000)
[  1  1  0  0  0  0  0  3  0 ] (0.00000001)
[  1  1  0  0  0  0  1  0  0 ] (0.00000035)
[  1  1  0  0  0  0  1  0  1 ] (0.00000000)
[  1  1  0  0  0  0  1  0  2 ] (0.00000000)
[  1  1  0  0  0  0  1  1  0 ] (0.00000002)
[  1  1  0  0  0  0  1  1  1 ] (0.00000000)
[  1  1  0  0  0  0  1  2  0 ] (0.00000000)
[  1  1  0  0  0  0  2  0  0 ] (0.00000002)
[  1  1  0  0  0  0  2  0  1 ] (0.00000000)
[  1  1  0  0  0  0  2  1  0 ] (0.00000001)
[  1  1  0  0  0  0  3  0  0 ] (0.00000000)
[  1  1  0  0  0  1  0  0  0 ] (0.00000004)
[  1  1  0  0  0  1  0  0  1 ] (0.00000000)
[  1  1  0  0  0  1  0  0  2 ] (0.00000000)
[  1  1  0  0  0  1  0  1  0 ] (0.00000000)
[  1  1  0  0  0  1  0  1  1 ] (0.00000000)
[  1  1  0  0  0  1  0  2  0 ] (0.00000000)
[  1  1  0  0  0  1  1  0  0 ] (0.00000000)
[  1  1  0  0  0  1  1  0  1 ] (0.00000000)
[  1  1  0  0  0  1  1  1  0 ] (0.00000000)
[  1  1  0  0  0  1  2  0  0 ] (0.00000000)
[  1  1  0  0  0  2  0  0  0 ] (0.00000000)
[  1  1  0  0  0  2  0  0  1 ] (0.00000000)
[  1  1  0  0  0  2  0  1  0 ] (0.00000000)
[  1  1  0  0  0  2  1  0  0 ] (0.00000000)
[  1  1  0  0  0  3  0  0  0 ] (0.00000000)
[  1  1  0  0  1  0  0  0  0 ] (0.00000024)
[  1  1  0  0  1  0  0  0  1 ] (0.00000007)
[  1  1  0  0  1  0  0  0  2 ] (0.00000000)
[  1  1  0  0  1  0  0  1  0 ] (0.00000001)
[  1  1  0  0  1  0  0  1  1 ] (0.00000000)
[  1  1  0  0  1  0  0  2  0 ] (0.00000000)
[  1  1  0  0  1  0  1  0  0 ] (0.00000004)
[  1  1  0  0  1  0  1  0  1 ] (0.00000000)
[  1  1  0  0  1  0  1  1  0 ] (0.00000000)
[  1  1  0  0  1  0  2  0  0 ] (0.00000000)
[  1  1  0  0  1  1  0  0  0 ] (0.00000001)
[  1  1  0  0  1  1  0  0  1 ] (0.00000000)
[  1  1  0  0  1  1  0  1  0 ] (0.00000000)
[  1  1  0  0  1  1  1  0  0 ] (0.00000000)
[  1  1  0  0  1  2  0  0  0 ] (0.00000000)
[  1  1  0  0  2  0  0  0  0 ] (0.00000001)
[  1  1  0  0  2  0  0  0  1 ] (0.00000000)
[  1  1  0  0  2  0  0  1  0 ] (0.00000000)
[  1  1  0  0  2  0  1  0  0 ] (0.00000000)
[  1  1  0  0  2  1  0  0  0 ] (0.00000000)
[  1  1  0  0  3  0  0  0  0 ] (0.00000000)
[  1  1  0  1  0  0  0  0  0 ] (0.00000000)
[  1  1  0  1  0  0  0  0  1 ] (0.00000001)
[  1  1  0  1  0  0  0  0  2 ] (0.00000000)
[  1  1  0  1  0  0  0  1  0 ] (0.00000000)
[  1  1  0  1  0  0  0  1  1 ] (0.00000000)
[  1  1  0  1  0  0  0  2  0 ] (0.00000000)
[  1  1  0  1  0  0  1  0  0 ] (0.00000001)
[  1  1  0  1  0  0  1  0  1 ] (0.00000000)
[  1  1  0  1  0  0  1  1  0 ] (0.00000000)
[  1  1  0  1  0  0  2  0  0 ] (0.00000004)
[  1  1  0  1  0  1  0  0  0 ] (0.00000000)
[  1  1  0  1  0  1  0  0  1 ] (0.00000000)
[  1  1  0  1  0  1  0  1  0 ] (0.00000000)
[  1  1  0  1  0  1  1  0  0 ] (0.00000000)
[  1  1  0  1  0  2  0  0  0 ] (0.00000000)
[  1  1  0  1  1  0  0  0  0 ] (0.00000001)
[  1  1  0  1  1  0  0  0  1 ] (0.00000000)
[  1  1  0  1  1  0  0  1  0 ] (0.00000000)
[  1  1  0  1  1  0  1  0  0 ] (0.00000000)
[  1  1  0  1  1  1  0  0  0 ] (0.00000000)
[  1  1  0  1  2  0  0  0  0 ] (0.00000000)
[  1  1  0  2  0  0  0  0  0 ] (0.00000002)
[  1  1  0  2  0  0  0  0  1 ] (0.00000000)
[  1  1  0  2  0  0  0  1  0 ] (0.00000001)
[  1  1  0  2  0  0  1  0  0 ] (0.00000003)
[  1  1  0  2  0  1  0  0  0 ] (0.00000000)
[  1  1  0  2  1  0  0  0  0 ] (0.00000001)
[  1  1  0  3  0  0  0  0  0 ] (0.00000000)
[  1  1  1  0  0  0  0  0  0 ] (0.02234882)
[  1  1  1  0  0  0  0  0  1 ] (0.00001102)
[  1  1  1  0  0  0  0  0  2 ] (0.00000562)
[  1  1  1  0  0  0  0  1  0 ] (0.00029408)
[  1  1  1  0  0  0  0  1  1 ] (0.00002151)
[  1  1  1  0  0  0  0  2  0 ] (0.00006856)
[  1  1  1  0  0  0  1  0  0 ] (0.00011828)
[  1  1  1  0  0  0  1  0  1 ] (0.00008706)
[  1  1  1  0  0  0  1  1  0 ] (0.00020489)
[  1  1  1  0  0  0  2  0  0 ] (0.00127341)
[  1  1  1  0  0  1  0  0  0 ] (0.00008406)
[  1  1  1  0  0  1  0  0  1 ] (0.00001801)
[  1  1  1  0  0  1  0  1  0 ] (0.00000302)
[  1  1  1  0  0  1  1  0  0 ] (0.00007803)
[  1  1  1  0  0  2  0  0  0 ] (0.00001134)
[  1  1  1  0  1  0  0  0  0 ] (0.00038740)
[  1  1  1  0  1  0  0  0  1 ] (0.00000690)
[  1  1  1  0  1  0  0  1  0 ] (0.00001368)
[  1  1  1  0  1  0  1  0  0 ] (0.00000500)
[  1  1  1  0  1  1  0  0  0 ] (0.00000079)
[  1  1  1  0  2  0  0  0  0 ] (0.00001401)
[  1  1  1  1  0  0  0  0  0 ] (0.00000113)
[  1  1  1  1  0  0  0  0  1 ] (0.00000787)
[  1  1  1  1  0  0  0  1  0 ] (0.00003576)
[  1  1  1  1  0  0  1  0  0 ] (0.00045726)
[  1  1  1  1  0  1  0  0  0 ] (0.00001963)
[  1  1  1  1  1  0  0  0  0 ] (0.00002401)
[  1  1  1  2  0  0  0  0  0 ] (0.00131749)
[  1  1  2  0  0  0  0  0  0 ] (0.00000002)
[  1  1  2  0  0  0  0  0  1 ] (0.00000000)
[  1  1  2  0  0  0  0  1  0 ] (0.00000001)
[  1  1  2  0  0  0  1  0  0 ] (0.00000001)
[  1  1  2  0  0  1  0  0  0 ] (0.00000000)
[  1  1  2  0  1  0  0  0  0 ] (0.00000004)
[  1  1  2  1  0  0  0  0  0 ] (0.00000000)
[  1  1  3  0  0  0  0  0  0 ] (0.00000000)
[  1  2  0  0  0  0  0  0  0 ] (0.06315901)
[  1  2  0  0  0  0  0  0  1 ] (0.00031002)
[  1  2  0  0  0  0  0  0  2 ] (0.00000028)
[  1  2  0  0  0  0  0  1  0 ] (0.00068874)
[  1  2  0  0  0  0  0  1  1 ] (0.00004829)
[  1  2  0  0  0  0  0  2  0 ] (0.00014619)
[  1  2  0  0  0  0  1  0  0 ] (0.00002117)
[  1  2  0  0  0  0  1  0  1 ] (0.00054553)
[  1  2  0  0  0  0  1  1  0 ] (0.00046854)
[  1  2  0  0  0  0  2  0  0 ] (0.00360098)
[  1  2  0  0  0  1  0  0  0 ] (0.00061296)
[  1  2  0  0  0  1  0  0  1 ] (0.00004560)
[  1  2  0  0  0  1  0  1  0 ] (0.00001737)
[  1  2  0  0  0  1  1  0  0 ] (0.00018717)
[  1  2  0  0  0  2  0  0  0 ] (0.00001632)
[  1  2  0  0  1  0  0  0  0 ] (0.00105909)
[  1  2  0  0  1  0  0  0  1 ] (0.00001457)
[  1  2  0  0  1  0  0  1  0 ] (0.00001496)
[  1  2  0  0  1  0  1  0  0 ] (0.00000840)
[  1  2  0  0  1  1  0  0  0 ] (0.00000052)
[  1  2  0  0  2  0  0  0  0 ] (0.00002793)
[  1  2  0  1  0  0  0  0  0 ] (0.00004505)
[  1  2  0  1  0  0  0  0  1 ] (0.00016267)
[  1  2  0  1  0  0  0  1  0 ] (0.00027422)
[  1  2  0  1  0  0  1  0  0 ] (0.00225143)
[  1  2  0  1  0  1  0  0  0 ] (0.00004708)
[  1  2  0  1  1  0  0  0  0 ] (0.00006307)
[  1  2  0  2  0  0  0  0  0 ] (0.00429861)
[  1  2  1  0  0  0  0  0  0 ] (0.00000013)
[  1  2  1  0  0  0  0  0  1 ] (0.00000001)
[  1  2  1  0  0  0  0  1  0 ] (0.00000000)
[  1  2  1  0  0  0  1  0  0 ] (0.00000004)
[  1  2  1  0  0  1  0  0  0 ] (0.00000002)
[  1  2  1  0  1  0  0  0  0 ] (0.00000001)
[  1  2  1  1  0  0  0  0  0 ] (0.00000001)
[  1  2  2  0  0  0  0  0  0 ] (0.00001718)
[  1  3  0  0  0  0  0  0  0 ] (0.00125190)
[  1  3  0  0  0  0  0  0  1 ] (0.00020596)
[  1  3  0  0  0  0  0  1  0 ] (0.00000996)
[  1  3  0  0  0  0  1  0  0 ] (0.00006158)
[  1  3  0  0  0  1  0  0  0 ] (0.00006800)
[  1  3  0  0  1  0  0  0  0 ] (0.00004637)
[  1  3  0  1  0  0  0  0  0 ] (0.00000064)
[  1  3  1  0  0  0  0  0  0 ] (0.00000000)
[  1  4  0  0  0  0  0  0  0 ] (0.00000053)
[  2  0  0  0  0  0  0  0  0 ] (0.00000007)
[  2  0  0  0  0  0  0  0  1 ] (0.00000001)
[  2  0  0  0  0  0  0  0  2 ] (0.00000001)
[  2  0  0  0  0  0  0  0  3 ] (0.00000000)
[  2  0  0  0  0  0  0  1  0 ] (0.00000000)
[  2  0  0  0  0  0  0  1  1 ] (0.00000000)
[  2  0  0  0  0  0  0  1  2 ] (0.00000000)
[  2  0  0  0  0  0  0  2  0 ] (0.00000000)
[  2  0  0  0  0  0  0  2  1 ] (0.00000000)
[  2  0  0  0  0  0  0  3  0 ] (0.00000000)
[  2  0  0  0  0  0  1  0  0 ] (0.00000010)
[  2  0  0  0  0  0  1  0  1 ] (0.00000000)
[  2  0  0  0  0  0  1  0  2 ] (0.00000000)
[  2  0  0  0  0  0  1  1  0 ] (0.00000000)
[  2  0  0  0  0  0  1  1  1 ] (0.00000000)
[  2  0  0  0  0  0  1  2  0 ] (0.00000000)
[  2  0  0  0  0  0  2  0  0 ] (0.00000000)
[  2  0  0  0  0  0  2  0  1 ] (0.00000000)
[  2  0  0  0  0  0  2  1  0 ] (0.00000000)
[  2  0  0  0  0  0  3  0  0 ] (0.00000000)
[  2  0  0  0  0  1  0  0  0 ] (0.00000004)
[  2  0  0  0  0  1  0  0  1 ] (0.00000000)
[  2  0  0  0  0  1  0  0  2 ] (0.00000000)
[  2  0  0  0  0  1  0  1  0 ] (0.00000000)
[  2  0  0  0  0  1  0  1  1 ] (0.00000000)
[  2  0  0  0  0  1  0  2  0 ] (0.00000000)
[  2  0  0  0  0  1  1  0  0 ] (0.00000000)
[  2  0  0  0  0  1  1  0  1 ] (0.00000000)
[  2  0  0  0  0  1  1  1  0 ] (0.00000000)
[  2  0  0  0  0  1  2  0  0 ] (0.00000000)
[  2  0  0  0  0  2  0  0  0 ] (0.00000000)
[  2  0  0  0  0  2  0  0  1 ] (0.00000000)
[  2  0  0  0  0  2  0  1  0 ] (0.00000000)
[  2  0  0  0  0  2  1  0  0 ] (0.00000000)
[  2  0  0  0  0  3  0  0  0 ] (0.00000000)
[  2  0  0  0  1  0  0  0  0 ] (0.00000002)
[  2  0  0  0  1  0  0  0  1 ] (0.00000001)
[  2  0  0  0  1  0  0  0  2 ] (0.00000000)
[  2  0  0  0  1  0  0  1  0 ] (0.00000001)
[  2  0  0  0  1  0  0  1  1 ] (0.00000000)
[  2  0  0  0  1  0  0  2  0 ] (0.00000000)
[  2  0  0  0  1  0  1  0  0 ] (0.00000001)
[  2  0  0  0  1  0  1  0  1 ] (0.00000000)
[  2  0  0  0  1  0  1  1  0 ] (0.00000000)
[  2  0  0  0  1  0  2  0  0 ] (0.00000000)
[  2  0  0  0  1  1  0  0  0 ] (0.00000000)
[  2  0  0  0  1  1  0  0  1 ] (0.00000000)
[  2  0  0  0  1  1  0  1  0 ] (0.00000000)
[  2  0  0  0  1  1  1  0  0 ] (0.00000000)
[  2  0  0  0  1  2  0  0  0 ] (0.00000000)
[  2  0  0  0  2  0  0  0  0 ] (0.00000000)
[  2  0  0  0  2  0  0  0  1 ] (0.00000000)
[  2  0  0  0  2  0  0  1  0 ] (0.00000000)
[  2  0  0  0  2  0  1  0  0 ] (0.00000000)
[  2  0  0  0  2  1  0  0  0 ] (0.00000000)
[  2  0  0  0  3  0  0  0  0 ] (0.00000000)
[  2  0  0  1  0  0  0  0  0 ] (0.00000000)
[  2  0  0  1  0  0  0  0  1 ] (0.00000000)
[  2  0  0  1  0  0  0  0  2 ] (0.00000000)
[  2  0  0  1  0  0  0  1  0 ] (0.00000000)
[  2  0  0  1  0  0  0  1  1 ] (0.00000000)
[  2  0  0  1  0  0  0  2  0 ] (0.00000000)
[  2  0  0  1  0  0  1  0  0 ] (0.00000000)
[  2  0  0  1  0  0  1  0  1 ] (0.00000000)
[  2  0  0  1  0  0  1  1  0 ] (0.00000000)
[  2  0  0  1  0  0  2  0  0 ] (0.00000000)
[  2  0  0  1  0  1  0  0  0 ] (0.00000000)
[  2  0  0  1  0  1  0  0  1 ] (0.00000000)
[  2  0  0  1  0  1  0  1  0 ] (0.00000000)
[  2  0  0  1  0  1  1  0  0 ] (0.00000000)
[  2  0  0  1  0  2  0  0  0 ] (0.00000000)
[  2  0  0  1  1  0  0  0  0 ] (0.00000001)
[  2  0  0  1  1  0  0  0  1 ] (0.00000000)
[  2  0  0  1  1  0  0  1  0 ] (0.00000000)
[  2  0  0  1  1  0  1  0  0 ] (0.00000000)
[  2  0  0  1  1  1  0  0  0 ] (0.00000000)
[  2  0  0  1  2  0  0  0  0 ] (0.00000000)
[  2  0  0  2  0  0  0  0  0 ] (0.00000000)
[  2  0  0  2  0  0  0  0  1 ] (0.00000000)
[  2  0  0  2  0  0  0  1  0 ] (0.00000000)
[  2  0  0  2  0  0  1  0  0 ] (0.00000000)
[  2  0  0  2  0  1  0  0  0 ] (0.00000000)
[  2  0  0  2  1  0  0  0  0 ] (0.00000000)
[  2  0  0  3  0  0  0  0  0 ] (0.00000000)
[  2  0  1  0  0  0  0  0  0 ] (0.00002310)
[  2  0  1  0  0  0  0  0  1 ] (0.00013887)
[  2  0  1  0  0  0  0  0  2 ] (0.00001510)
[  2  0  1  0  0  0  0  1  0 ] (0.00002875)
[  2  0  1  0  0  0  0  1  1 ] (0.00000116)
[  2  0  1  0  0  0  0  2  0 ] (0.00000175)
[  2  0  1  0  0  0  1  0  0 ] (0.00000016)
[  2  0  1  0  0  0  1  0  1 ] (0.00000365)
[  2  0  1  0  0  0  1  1  0 ] (0.00000314)
[  2  0  1  0  0  0  2  0  0 ] (0.00000121)
[  2  0  1  0  0  1  0  0  0 ] (0.00002910)
[  2  0  1  0  0  1  0  0  1 ] (0.00000469)
[  2  0  1  0  0  1  0  1  0 ] (0.00000053)
[  2  0  1  0  0  1  1  0  0 ] (0.00000016)
[  2  0  1  0  0  2  0  0  0 ] (0.00000078)
[  2  0  1  0  1  0  0  0  0 ] (0.00005055)
[  2  0  1  0  1  0  0  0  1 ] (0.00000878)
[  2  0  1  0  1  0  0  1  0 ] (0.00000981)
[  2  0  1  0  1  0  1  0  0 ] (0.00000048)
[  2  0  1  0  1  1  0  0  0 ] (0.00000294)
[  2  0  1  0  2  0  0  0  0 ] (0.00000010)
[  2  0  1  1  0  0  0  0  0 ] (0.00009642)
[  2  0  1  1  0  0  0  0  1 ] (0.00000044)
[  2  0  1  1  0  0  0  1  0 ] (0.00000005)
[  2  0  1  1  0  0  1  0  0 ] (0.00000105)
[  2  0  1  1  0  1  0  0  0 ] (0.00000021)
[  2  0  1  1  1  0  0  0  0 ] (0.00000000)
[  2  0  1  2  0  0  0  0  0 ] (0.00004172)
[  2  0  2  0  0  0  0  0  0 ] (0.00000000)
[  2  0  2  0  0  0  0  0  1 ] (0.00000000)
[  2  0  2  0  0  0  0  1  0 ] (0.00000000)
[  2  0  2  0  0  0  1  0  0 ] (0.00000000)
[  2  0  2  0  0  1  0  0  0 ] (0.00000000)
[  2  0  2  0  1  0  0  0  0 ] (0.00000000)
[  2  0  2  1  0  0  0  0  0 ] (0.00000000)
[  2  0  3  0  0  0  0  0  0 ] (0.00000000)
[  2  1  0  0  0  0  0  0  0 ] (0.00597879)
[  2  1  0  0  0  0  0  0  1 ] (0.00032977)
[  2  1  0  0  0  0  0  0  2 ] (0.00000536)
[  2  1  0  0  0  0  0  1  0 ] (0.00002268)
[  2  1  0  0  0  0  0  1  1 ] (0.00000906)
[  2  1  0  0  0  0  0  2  0 ] (0.00000733)
[  2  1  0  0  0  0  1  0  0 ] (0.00071878)
[  2  1  0  0  0  0  1  0  1 ] (0.00000210)
[  2  1  0  0  0  0  1  1  0 ] (0.00008227)
[  2  1  0  0  0  0  2  0  0 ] (0.00013992)
[  2  1  0  0  0  1  0  0  0 ] (0.00015532)
[  2  1  0  0  0  1  0  0  1 ] (0.00000302)
[  2  1  0  0  0  1  0  1  0 ] (0.00000666)
[  2  1  0  0  0  1  1  0  0 ] (0.00002961)
[  2  1  0  0  0  2  0  0  0 ] (0.00000017)
[  2  1  0  0  1  0  0  0  0 ] (0.00014776)
[  2  1  0  0  1  0  0  0  1 ] (0.00004709)
[  2  1  0  0  1  0  0  1  0 ] (0.00000056)
[  2  1  0  0  1  0  1  0  0 ] (0.00003231)
[  2  1  0  0  1  1  0  0  0 ] (0.00000015)
[  2  1  0  0  2  0  0  0  0 ] (0.00000010)
[  2  1  0  1  0  0  0  0  0 ] (0.00016256)
[  2  1  0  1  0  0  0  0  1 ] (0.00001163)
[  2  1  0  1  0  0  0  1  0 ] (0.00002827)
[  2  1  0  1  0  0  1  0  0 ] (0.00007154)
[  2  1  0  1  0  1  0  0  0 ] (0.00000481)
[  2  1  0  1  1  0  0  0  0 ] (0.00000113)
[  2  1  0  2  0  0  0  0  0 ] (0.00003942)
[  2  1  1  0  0  0  0  0  0 ] (0.00000016)
[  2  1  1  0  0  0  0  0  1 ] (0.00000000)
[  2  1  1  0  0  0  0  1  0 ] (0.00000000)
[  2  1  1  0  0  0  1  0  0 ] (0.00000000)
[  2  1  1  0  0  1  0  0  0 ] (0.00000000)
[  2  1  1  0  1  0  0  0  0 ] (0.00000001)
[  2  1  1  1  0  0  0  0  0 ] (0.00000000)
[  2  1  2  0  0  0  0  0  0 ] (0.00004835)
[  2  2  0  0  0  0  0  0  0 ] (0.00000004)
[  2  2  0  0  0  0  0  0  1 ] (0.00000013)
[  2  2  0  0  0  0  0  1  0 ] (0.00000001)
[  2  2  0  0  0  0  1  0  0 ] (0.00000001)
[  2  2  0  0  0  1  0  0  0 ] (0.00000000)
[  2  2  0  0  1  0  0  0  0 ] (0.00000002)
[  2  2  0  1  0  0  0  0  0 ] (0.00000002)
[  2  2  1  0  0  0  0  0  0 ] (0.00000246)
[  2  3  0  0  0  0  0  0  0 ] (0.00000042)
[  3  0  0  0  0  0  0  0  0 ] (0.00000779)
[  3  0  0  0  0  0  0  0  1 ] (0.00000043)
[  3  0  0  0  0  0  0  0  2 ] (0.00000000)
[  3  0  0  0  0  0  0  1  0 ] (0.00000020)
[  3  0  0  0  0  0  0  1  1 ] (0.00000002)
[  3  0  0  0  0  0  0  2  0 ] (0.00000002)
[  3  0  0  0  0  0  1  0  0 ] (0.00000000)
[  3  0  0  0  0  0  1  0  1 ] (0.00000000)
[  3  0  0  0  0  0  1  1  0 ] (0.00000000)
[  3  0  0  0  0  0  2  0  0 ] (0.00000000)
[  3  0  0  0  0  1  0  0  0 ] (0.00000001)
[  3  0  0  0  0  1  0  0  1 ] (0.00000000)
[  3  0  0  0  0  1  0  1  0 ] (0.00000000)
[  3  0  0  0  0  1  1  0  0 ] (0.00000000)
[  3  0  0  0  0  2  0  0  0 ] (0.00000000)
[  3  0  0  0  1  0  0  0  0 ] (0.00000011)
[  3  0  0  0  1  0  0  0  1 ] (0.00000002)
[  3  0  0  0  1  0  0  1  0 ] (0.00000001)
[  3  0  0  0  1  0  1  0  0 ] (0.00000000)
[  3  0  0  0  1  1  0  0  0 ] (0.00000000)
[  3  0  0  0  2  0  0  0  0 ] (0.00000001)
[  3  0  0  1  0  0  0  0  0 ] (0.00000000)
[  3  0  0  1  0  0  0  0  1 ] (0.00000000)
[  3  0  0  1  0  0  0  1  0 ] (0.00000000)
[  3  0  0  1  0  0  1  0  0 ] (0.00000001)
[  3  0  0  1  0  1  0  0  0 ] (0.00000000)
[  3  0  0  1  1  0  0  0  0 ] (0.00000000)
[  3  0  0  2  0  0  0  0  0 ] (0.00000000)
[  3  0  1  0  0  0  0  0  0 ] (0.00014302)
[  3  0  1  0  0  0  0  0  1 ] (0.00002286)
[  3  0  1  0  0  0  0  1  0 ] (0.00000787)
[  3  0  1  0  0  0  1  0  0 ] (0.00000106)
[  3  0  1  0  0  1  0  0  0 ] (0.00000001)
[  3  0  1  0  1  0  0  0  0 ] (0.00000818)
[  3  0  1  1  0  0  0  0  0 ] (0.00000166)
[  3  0  2  0  0  0  0  0  0 ] (0.00000008)
[  3  1  0  0  0  0  0  0  0 ] (0.00000010)
[  3  1  0  0  0  0  0  0  1 ] (0.00000000)
[  3  1  0  0  0  0  0  1  0 ] (0.00000220)
[  3  1  0  0  0  0  1  0  0 ] (0.00000346)
[  3  1  0  0  0  1  0  0  0 ] (0.00000019)
[  3  1  0  0  1  0  0  0  0 ] (0.00000889)
[  3  1  0  1  0  0  0  0  0 ] (0.00000161)
[  3  1  1  0  0  0  0  0  0 ] (0.00000003)
[  3  2  0  0  0  0  0  0  0 ] (0.00000005)
[  4  0  0  0  0  0  0  0  0 ] (0.00286149)
[  4  0  0  0  0  0  0  0  1 ] (0.00067263)
[  4  0  0  0  0  0  0  1  0 ] (0.00013158)
[  4  0  0  0  0  0  1  0  0 ] (0.00008326)
[  4  0  0  0  0  1  0  0  0 ] (0.00001147)
[  4  0  0  0  1  0  0  0  0 ] (0.00011962)
[  4  0  0  1  0  0  0  0  0 ] (0.00005580)
[  4  0  1  0  0  0  0  0  0 ] (0.00000041)
[  4  1  0  0  0  0  0  0  0 ] (0.00000005)
[  5  0  0  0  0  0  0  0  0 ] (0.00000026)
