|  -923.012711598389 |   196.621533153618 

[  0  0  0  0  0  0  0  0  0 ] (0.00000037)
[  0  0  0  0  0  0  0  0  1 ] (0.00000376)
[  0  0  0  0  0  0  0  0  2 ] (0.00000102)
[  0  0  0  0  0  0  0  0  3 ] (0.00000014)
[  0  0  0  0  0  0  0  0  4 ] (0.00000162)
[  0  0  0  0  0  0  0  0  5 ] (0.00000046)
[  0  0  0  0  0  0  0  1  0 ] (0.00000814)
[  0  0  0  0  0  0  0  1  1 ] (0.00000112)
[  0  0  0  0  0  0  0  1  2 ] (0.00000005)
[  0  0  0  0  0  0  0  1  3 ] (0.00000955)
[  0  0  0  0  0  0  0  1  4 ] (0.00000036)
[  0  0  0  0  0  0  0  2  0 ] (0.00000002)
[  0  0  0  0  0  0  0  2  1 ] (0.00011883)
[  0  0  0  0  0  0  0  2  2 ] (0.00005389)
[  0  0  0  0  0  0  0  2  3 ] (0.00001632)
[  0  0  0  0  0  0  0  3  0 ] (0.00000573)
[  0  0  0  0  0  0  0  3  1 ] (0.00001372)
[  0  0  0  0  0  0  0  3  2 ] (0.00000167)
[  0  0  0  0  0  0  0  4  0 ] (0.00178037)
[  0  0  0  0  0  0  0  4  1 ] (0.00000184)
[  0  0  0  0  0  0  0  5  0 ] (0.00000016)
[  0  0  0  0  0  0  1  0  0 ] (0.00000924)
[  0  0  0  0  0  0  1  0  1 ] (0.00000527)
[  0  0  0  0  0  0  1  0  2 ] (0.00001588)
[  0  0  0  0  0  0  1  0  3 ] (0.00000431)
[  0  0  0  0  0  0  1  0  4 ] (0.00000000)
[  0  0  0  0  0  0  1  1  0 ] (0.00000262)
[  0  0  0  0  0  0  1  1  1 ] (0.00065411)
[  0  0  0  0  0  0  1  1  2 ] (0.00002421)
[  0  0  0  0  0  0  1  1  3 ] (0.00000580)
[  0  0  0  0  0  0  1  2  0 ] (0.00000454)
[  0  0  0  0  0  0  1  2  1 ] (0.00210573)
[  0  0  0  0  0  0  1  2  2 ] (0.00000228)
[  0  0  0  0  0  0  1  3  0 ] (0.00017661)
[  0  0  0  0  0  0  1  3  1 ] (0.00003330)
[  0  0  0  0  0  0  1  4  0 ] (0.00022243)
[  0  0  0  0  0  0  2  0  0 ] (0.00000045)
[  0  0  0  0  0  0  2  0  1 ] (0.00055516)
[  0  0  0  0  0  0  2  0  2 ] (0.00000494)
[  0  0  0  0  0  0  2  0  3 ] (0.00002285)
[  0  0  0  0  0  0  2  1  0 ] (0.00062099)
[  0  0  0  0  0  0  2  1  1 ] (0.00001541)
[  0  0  0  0  0  0  2  1  2 ] (0.00000031)
[  0  0  0  0  0  0  2  2  0 ] (0.00043966)
[  0  0  0  0  0  0  2  2  1 ] (0.00014178)
[  0  0  0  0  0  0  2  3  0 ] (0.00014660)
[  0  0  0  0  0  0  3  0  0 ] (0.00001073)
[  0  0  0  0  0  0  3  0  1 ] (0.00029046)
[  0  0  0  0  0  0  3  0  2 ] (0.00002629)
[  0  0  0  0  0  0  3  1  0 ] (0.00039673)
[  0  0  0  0  0  0  3  1  1 ] (0.00000340)
[  0  0  0  0  0  0  3  2  0 ] (0.00096311)
[  0  0  0  0  0  0  4  0  0 ] (0.00003112)
[  0  0  0  0  0  0  4  0  1 ] (0.00004304)
[  0  0  0  0  0  0  4  1  0 ] (0.00015340)
[  0  0  0  0  0  0  5  0  0 ] (0.00005318)
[  0  0  0  0  0  1  0  0  0 ] (0.00000205)
[  0  0  0  0  0  1  0  0  1 ] (0.00108456)
[  0  0  0  0  0  1  0  0  2 ] (0.00948375)
[  0  0  0  0  0  1  0  0  3 ] (0.00005968)
[  0  0  0  0  0  1  0  0  4 ] (0.00002627)
[  0  0  0  0  0  1  0  1  0 ] (0.00010265)
[  0  0  0  0  0  1  0  1  1 ] (0.03788273)
[  0  0  0  0  0  1  0  1  2 ] (0.00173523)
[  0  0  0  0  0  1  0  1  3 ] (0.00013676)
[  0  0  0  0  0  1  0  2  0 ] (0.00002272)
[  0  0  0  0  0  1  0  2  1 ] (0.00093446)
[  0  0  0  0  0  1  0  2  2 ] (0.00002504)
[  0  0  0  0  0  1  0  3  0 ] (0.00111211)
[  0  0  0  0  0  1  0  3  1 ] (0.00031124)
[  0  0  0  0  0  1  0  4  0 ] (0.00000689)
[  0  0  0  0  0  1  1  0  0 ] (0.00021776)
[  0  0  0  0  0  1  1  0  1 ] (0.00869086)
[  0  0  0  0  0  1  1  0  2 ] (0.00000970)
[  0  0  0  0  0  1  1  0  3 ] (0.00016928)
[  0  0  0  0  0  1  1  1  0 ] (0.00000002)
[  0  0  0  0  0  1  1  1  1 ] (0.00021251)
[  0  0  0  0  0  1  1  1  2 ] (0.00000232)
[  0  0  0  0  0  1  1  2  0 ] (0.00010708)
[  0  0  0  0  0  1  1  2  1 ] (0.00000000)
[  0  0  0  0  0  1  1  3  0 ] (0.00005214)
[  0  0  0  0  0  1  2  0  0 ] (0.00001584)
[  0  0  0  0  0  1  2  0  1 ] (0.00028505)
[  0  0  0  0  0  1  2  0  2 ] (0.00000008)
[  0  0  0  0  0  1  2  1  0 ] (0.00003701)
[  0  0  0  0  0  1  2  1  1 ] (0.00005556)
[  0  0  0  0  0  1  2  2  0 ] (0.00000345)
[  0  0  0  0  0  1  3  0  0 ] (0.00000770)
[  0  0  0  0  0  1  3  0  1 ] (0.00002177)
[  0  0  0  0  0  1  3  1  0 ] (0.00013143)
[  0  0  0  0  0  1  4  0  0 ] (0.00059004)
[  0  0  0  0  0  2  0  0  0 ] (0.00006643)
[  0  0  0  0  0  2  0  0  1 ] (0.00000002)
[  0  0  0  0  0  2  0  0  2 ] (0.00001440)
[  0  0  0  0  0  2  0  0  3 ] (0.00001383)
[  0  0  0  0  0  2  0  1  0 ] (0.00011752)
[  0  0  0  0  0  2  0  1  1 ] (0.00000036)
[  0  0  0  0  0  2  0  1  2 ] (0.00008573)
[  0  0  0  0  0  2  0  2  0 ] (0.00001287)
[  0  0  0  0  0  2  0  2  1 ] (0.00000433)
[  0  0  0  0  0  2  0  3  0 ] (0.00002195)
[  0  0  0  0  0  2  1  0  0 ] (0.00001969)
[  0  0  0  0  0  2  1  0  1 ] (0.00031923)
[  0  0  0  0  0  2  1  0  2 ] (0.00000184)
[  0  0  0  0  0  2  1  1  0 ] (0.00176497)
[  0  0  0  0  0  2  1  1  1 ] (0.00011758)
[  0  0  0  0  0  2  1  2  0 ] (0.00000036)
[  0  0  0  0  0  2  2  0  0 ] (0.00001437)
[  0  0  0  0  0  2  2  0  1 ] (0.00005825)
[  0  0  0  0  0  2  2  1  0 ] (0.00009162)
[  0  0  0  0  0  2  3  0  0 ] (0.00000514)
[  0  0  0  0  0  3  0  0  0 ] (0.00002801)
[  0  0  0  0  0  3  0  0  1 ] (0.00092407)
[  0  0  0  0  0  3  0  0  2 ] (0.00000242)
[  0  0  0  0  0  3  0  1  0 ] (0.00002579)
[  0  0  0  0  0  3  0  1  1 ] (0.00000001)
[  0  0  0  0  0  3  0  2  0 ] (0.00094094)
[  0  0  0  0  0  3  1  0  0 ] (0.00029052)
[  0  0  0  0  0  3  1  0  1 ] (0.00000476)
[  0  0  0  0  0  3  1  1  0 ] (0.00059159)
[  0  0  0  0  0  3  2  0  0 ] (0.00007232)
[  0  0  0  0  0  4  0  0  0 ] (0.00013531)
[  0  0  0  0  0  4  0  0  1 ] (0.00064247)
[  0  0  0  0  0  4  0  1  0 ] (0.00020110)
[  0  0  0  0  0  4  1  0  0 ] (0.00025487)
[  0  0  0  0  0  5  0  0  0 ] (0.00000166)
[  0  0  0  0  1  0  0  0  0 ] (0.00000973)
[  0  0  0  0  1  0  0  0  1 ] (0.00027102)
[  0  0  0  0  1  0  0  0  2 ] (0.00500416)
[  0  0  0  0  1  0  0  0  3 ] (0.00000323)
[  0  0  0  0  1  0  0  0  4 ] (0.00000075)
[  0  0  0  0  1  0  0  1  0 ] (0.00009730)
[  0  0  0  0  1  0  0  1  1 ] (0.00398596)
[  0  0  0  0  1  0  0  1  2 ] (0.00022942)
[  0  0  0  0  1  0  0  1  3 ] (0.00000310)
[  0  0  0  0  1  0  0  2  0 ] (0.00010175)
[  0  0  0  0  1  0  0  2  1 ] (0.00175230)
[  0  0  0  0  1  0  0  2  2 ] (0.00000214)
[  0  0  0  0  1  0  0  3  0 ] (0.00009920)
[  0  0  0  0  1  0  0  3  1 ] (0.00046969)
[  0  0  0  0  1  0  0  4  0 ] (0.00050785)
[  0  0  0  0  1  0  1  0  0 ] (0.00005256)
[  0  0  0  0  1  0  1  0  1 ] (0.00216219)
[  0  0  0  0  1  0  1  0  2 ] (0.00000046)
[  0  0  0  0  1  0  1  0  3 ] (0.00002060)
[  0  0  0  0  1  0  1  1  0 ] (0.00031635)
[  0  0  0  0  1  0  1  1  1 ] (0.00035881)
[  0  0  0  0  1  0  1  1  2 ] (0.00002867)
[  0  0  0  0  1  0  1  2  0 ] (0.00221457)
[  0  0  0  0  1  0  1  2  1 ] (0.00000279)
[  0  0  0  0  1  0  1  3  0 ] (0.00002866)
[  0  0  0  0  1  0  2  0  0 ] (0.00005310)
[  0  0  0  0  1  0  2  0  1 ] (0.00015667)
[  0  0  0  0  1  0  2  0  2 ] (0.00000064)
[  0  0  0  0  1  0  2  1  0 ] (0.00029813)
[  0  0  0  0  1  0  2  1  1 ] (0.00003682)
[  0  0  0  0  1  0  2  2  0 ] (0.00000927)
[  0  0  0  0  1  0  3  0  0 ] (0.00001423)
[  0  0  0  0  1  0  3  0  1 ] (0.00004084)
[  0  0  0  0  1  0  3  1  0 ] (0.00010145)
[  0  0  0  0  1  0  4  0  0 ] (0.00004181)
[  0  0  0  0  1  1  0  0  0 ] (0.00004187)
[  0  0  0  0  1  1  0  0  1 ] (0.00226032)
[  0  0  0  0  1  1  0  0  2 ] (0.00008028)
[  0  0  0  0  1  1  0  0  3 ] (0.00001265)
[  0  0  0  0  1  1  0  1  0 ] (0.00062718)
[  0  0  0  0  1  1  0  1  1 ] (0.00046458)
[  0  0  0  0  1  1  0  1  2 ] (0.00005689)
[  0  0  0  0  1  1  0  2  0 ] (0.01898058)
[  0  0  0  0  1  1  0  2  1 ] (0.00027404)
[  0  0  0  0  1  1  0  3  0 ] (0.00009630)
[  0  0  0  0  1  1  1  0  0 ] (0.00001253)
[  0  0  0  0  1  1  1  0  1 ] (0.00001943)
[  0  0  0  0  1  1  1  0  2 ] (0.00000133)
[  0  0  0  0  1  1  1  1  0 ] (0.00051467)
[  0  0  0  0  1  1  1  1  1 ] (0.00000256)
[  0  0  0  0  1  1  1  2  0 ] (0.00001434)
[  0  0  0  0  1  1  2  0  0 ] (0.00542055)
[  0  0  0  0  1  1  2  0  1 ] (0.00036483)
[  0  0  0  0  1  1  2  1  0 ] (0.00039882)
[  0  0  0  0  1  1  3  0  0 ] (0.00037462)
[  0  0  0  0  1  2  0  0  0 ] (0.00043838)
[  0  0  0  0  1  2  0  0  1 ] (0.00005083)
[  0  0  0  0  1  2  0  0  2 ] (0.00000107)
[  0  0  0  0  1  2  0  1  0 ] (0.01569781)
[  0  0  0  0  1  2  0  1  1 ] (0.00071790)
[  0  0  0  0  1  2  0  2  0 ] (0.00112116)
[  0  0  0  0  1  2  1  0  0 ] (0.00022043)
[  0  0  0  0  1  2  1  0  1 ] (0.00012063)
[  0  0  0  0  1  2  1  1  0 ] (0.00013557)
[  0  0  0  0  1  2  2  0  0 ] (0.00001504)
[  0  0  0  0  1  3  0  0  0 ] (0.00006425)
[  0  0  0  0  1  3  0  0  1 ] (0.00014018)
[  0  0  0  0  1  3  0  1  0 ] (0.00000110)
[  0  0  0  0  1  3  1  0  0 ] (0.00001558)
[  0  0  0  0  1  4  0  0  0 ] (0.00022699)
[  0  0  0  0  2  0  0  0  0 ] (0.00014397)
[  0  0  0  0  2  0  0  0  1 ] (0.00094019)
[  0  0  0  0  2  0  0  0  2 ] (0.00000029)
[  0  0  0  0  2  0  0  0  3 ] (0.00012382)
[  0  0  0  0  2  0  0  1  0 ] (0.00012446)
[  0  0  0  0  2  0  0  1  1 ] (0.00007516)
[  0  0  0  0  2  0  0  1  2 ] (0.00008059)
[  0  0  0  0  2  0  0  2  0 ] (0.00018311)
[  0  0  0  0  2  0  0  2  1 ] (0.00001884)
[  0  0  0  0  2  0  0  3  0 ] (0.00068871)
[  0  0  0  0  2  0  1  0  0 ] (0.00030865)
[  0  0  0  0  2  0  1  0  1 ] (0.00005742)
[  0  0  0  0  2  0  1  0  2 ] (0.00002189)
[  0  0  0  0  2  0  1  1  0 ] (0.00022399)
[  0  0  0  0  2  0  1  1  1 ] (0.00000119)
[  0  0  0  0  2  0  1  2  0 ] (0.00032086)
[  0  0  0  0  2  0  2  0  0 ] (0.00306919)
[  0  0  0  0  2  0  2  0  1 ] (0.00051597)
[  0  0  0  0  2  0  2  1  0 ] (0.00002850)
[  0  0  0  0  2  0  3  0  0 ] (0.00390653)
[  0  0  0  0  2  1  0  0  0 ] (0.00001093)
[  0  0  0  0  2  1  0  0  1 ] (0.00038172)
[  0  0  0  0  2  1  0  0  2 ] (0.00002931)
[  0  0  0  0  2  1  0  1  0 ] (0.00051648)
[  0  0  0  0  2  1  0  1  1 ] (0.00001246)
[  0  0  0  0  2  1  0  2  0 ] (0.00017817)
[  0  0  0  0  2  1  1  0  0 ] (0.00908562)
[  0  0  0  0  2  1  1  0  1 ] (0.00043245)
[  0  0  0  0  2  1  1  1  0 ] (0.00029979)
[  0  0  0  0  2  1  2  0  0 ] (0.00000001)
[  0  0  0  0  2  2  0  0  0 ] (0.00030904)
[  0  0  0  0  2  2  0  0  1 ] (0.00005803)
[  0  0  0  0  2  2  0  1  0 ] (0.00009479)
[  0  0  0  0  2  2  1  0  0 ] (0.00032688)
[  0  0  0  0  2  3  0  0  0 ] (0.00002994)
[  0  0  0  0  3  0  0  0  0 ] (0.00000414)
[  0  0  0  0  3  0  0  0  1 ] (0.00002146)
[  0  0  0  0  3  0  0  0  2 ] (0.00002257)
[  0  0  0  0  3  0  0  1  0 ] (0.00013236)
[  0  0  0  0  3  0  0  1  1 ] (0.00002642)
[  0  0  0  0  3  0  0  2  0 ] (0.00000424)
[  0  0  0  0  3  0  1  0  0 ] (0.00000332)
[  0  0  0  0  3  0  1  0  1 ] (0.00000720)
[  0  0  0  0  3  0  1  1  0 ] (0.00030330)
[  0  0  0  0  3  0  2  0  0 ] (0.00001613)
[  0  0  0  0  3  1  0  0  0 ] (0.00017876)
[  0  0  0  0  3  1  0  0  1 ] (0.00027195)
[  0  0  0  0  3  1  0  1  0 ] (0.00022285)
[  0  0  0  0  3  1  1  0  0 ] (0.00027639)
[  0  0  0  0  3  2  0  0  0 ] (0.00453383)
[  0  0  0  0  4  0  0  0  0 ] (0.00002102)
[  0  0  0  0  4  0  0  0  1 ] (0.00002782)
[  0  0  0  0  4  0  0  1  0 ] (0.00032776)
[  0  0  0  0  4  0  1  0  0 ] (0.00004460)
[  0  0  0  0  4  1  0  0  0 ] (0.00063218)
[  0  0  0  0  5  0  0  0  0 ] (0.00038429)
[  0  0  0  1  0  0  0  0  0 ] (0.00000010)
[  0  0  0  1  0  0  0  0  1 ] (0.00000031)
[  0  0  0  1  0  0  0  0  2 ] (0.00126041)
[  0  0  0  1  0  0  0  0  3 ] (0.00001077)
[  0  0  0  1  0  0  0  0  4 ] (0.00000258)
[  0  0  0  1  0  0  0  1  0 ] (0.00005262)
[  0  0  0  1  0  0  0  1  1 ] (0.00015310)
[  0  0  0  1  0  0  0  1  2 ] (0.00002342)
[  0  0  0  1  0  0  0  1  3 ] (0.00000598)
[  0  0  0  1  0  0  0  2  0 ] (0.00000134)
[  0  0  0  1  0  0  0  2  1 ] (0.00000163)
[  0  0  0  1  0  0  0  2  2 ] (0.00000038)
[  0  0  0  1  0  0  0  3  0 ] (0.00199704)
[  0  0  0  1  0  0  0  3  1 ] (0.00006246)
[  0  0  0  1  0  0  0  4  0 ] (0.00005838)
[  0  0  0  1  0  0  1  0  0 ] (0.00009456)
[  0  0  0  1  0  0  1  0  1 ] (0.01543751)
[  0  0  0  1  0  0  1  0  2 ] (0.00000003)
[  0  0  0  1  0  0  1  0  3 ] (0.00008320)
[  0  0  0  1  0  0  1  1  0 ] (0.00084351)
[  0  0  0  1  0  0  1  1  1 ] (0.00053922)
[  0  0  0  1  0  0  1  1  2 ] (0.00000234)
[  0  0  0  1  0  0  1  2  0 ] (0.00039802)
[  0  0  0  1  0  0  1  2  1 ] (0.00000214)
[  0  0  0  1  0  0  1  3  0 ] (0.00001994)
[  0  0  0  1  0  0  2  0  0 ] (0.00038950)
[  0  0  0  1  0  0  2  0  1 ] (0.00012264)
[  0  0  0  1  0  0  2  0  2 ] (0.00000008)
[  0  0  0  1  0  0  2  1  0 ] (0.01395092)
[  0  0  0  1  0  0  2  1  1 ] (0.00127305)
[  0  0  0  1  0  0  2  2  0 ] (0.00000006)
[  0  0  0  1  0  0  3  0  0 ] (0.00011206)
[  0  0  0  1  0  0  3  0  1 ] (0.00012521)
[  0  0  0  1  0  0  3  1  0 ] (0.00034150)
[  0  0  0  1  0  0  4  0  0 ] (0.00266129)
[  0  0  0  1  0  1  0  0  0 ] (0.00001548)
[  0  0  0  1  0  1  0  0  1 ] (0.00000449)
[  0  0  0  1  0  1  0  0  2 ] (0.00000665)
[  0  0  0  1  0  1  0  0  3 ] (0.00007720)
[  0  0  0  1  0  1  0  1  0 ] (0.00011570)
[  0  0  0  1  0  1  0  1  1 ] (0.00046115)
[  0  0  0  1  0  1  0  1  2 ] (0.00000736)
[  0  0  0  1  0  1  0  2  0 ] (0.00109202)
[  0  0  0  1  0  1  0  2  1 ] (0.00005303)
[  0  0  0  1  0  1  0  3  0 ] (0.00003296)
[  0  0  0  1  0  1  1  0  0 ] (0.00029484)
[  0  0  0  1  0  1  1  0  1 ] (0.00000156)
[  0  0  0  1  0  1  1  0  2 ] (0.00002715)
[  0  0  0  1  0  1  1  1  0 ] (0.00001498)
[  0  0  0  1  0  1  1  1  1 ] (0.00000235)
[  0  0  0  1  0  1  1  2  0 ] (0.00003723)
[  0  0  0  1  0  1  2  0  0 ] (0.02194014)
[  0  0  0  1  0  1  2  0  1 ] (0.00251077)
[  0  0  0  1  0  1  2  1  0 ] (0.00074044)
[  0  0  0  1  0  1  3  0  0 ] (0.00012505)
[  0  0  0  1  0  2  0  0  0 ] (0.00000504)
[  0  0  0  1  0  2  0  0  1 ] (0.00051346)
[  0  0  0  1  0  2  0  0  2 ] (0.00002045)
[  0  0  0  1  0  2  0  1  0 ] (0.00314642)
[  0  0  0  1  0  2  0  1  1 ] (0.00009395)
[  0  0  0  1  0  2  0  2  0 ] (0.00010480)
[  0  0  0  1  0  2  1  0  0 ] (0.01141767)
[  0  0  0  1  0  2  1  0  1 ] (0.00181374)
[  0  0  0  1  0  2  1  1  0 ] (0.00009181)
[  0  0  0  1  0  2  2  0  0 ] (0.00007988)
[  0  0  0  1  0  3  0  0  0 ] (0.00011879)
[  0  0  0  1  0  3  0  0  1 ] (0.00012303)
[  0  0  0  1  0  3  0  1  0 ] (0.00017716)
[  0  0  0  1  0  3  1  0  0 ] (0.00006302)
[  0  0  0  1  0  4  0  0  0 ] (0.00002983)
[  0  0  0  1  1  0  0  0  0 ] (0.00004750)
[  0  0  0  1  1  0  0  0  1 ] (0.00048462)
[  0  0  0  1  1  0  0  0  2 ] (0.00016342)
[  0  0  0  1  1  0  0  0  3 ] (0.00000132)
[  0  0  0  1  1  0  0  1  0 ] (0.00048675)
[  0  0  0  1  1  0  0  1  1 ] (0.00006367)
[  0  0  0  1  1  0  0  1  2 ] (0.00002061)
[  0  0  0  1  1  0  0  2  0 ] (0.00359406)
[  0  0  0  1  1  0  0  2  1 ] (0.00005047)
[  0  0  0  1  1  0  0  3  0 ] (0.00009199)
[  0  0  0  1  1  0  1  0  0 ] (0.00000079)
[  0  0  0  1  1  0  1  0  1 ] (0.00009681)
[  0  0  0  1  1  0  1  0  2 ] (0.00000559)
[  0  0  0  1  1  0  1  1  0 ] (0.00005949)
[  0  0  0  1  1  0  1  1  1 ] (0.00013832)
[  0  0  0  1  1  0  1  2  0 ] (0.00000212)
[  0  0  0  1  1  0  2  0  0 ] (0.00003762)
[  0  0  0  1  1  0  2  0  1 ] (0.00004933)
[  0  0  0  1  1  0  2  1  0 ] (0.00008043)
[  0  0  0  1  1  0  3  0  0 ] (0.00065169)
[  0  0  0  1  1  1  0  0  0 ] (0.00001120)
[  0  0  0  1  1  1  0  0  1 ] (0.00000506)
[  0  0  0  1  1  1  0  0  2 ] (0.00000168)
[  0  0  0  1  1  1  0  1  0 ] (0.00030944)
[  0  0  0  1  1  1  0  1  1 ] (0.00000139)
[  0  0  0  1  1  1  0  2  0 ] (0.00003159)
[  0  0  0  1  1  1  1  0  0 ] (0.00044125)
[  0  0  0  1  1  1  1  0  1 ] (0.00002758)
[  0  0  0  1  1  1  1  1  0 ] (0.00037341)
[  0  0  0  1  1  1  2  0  0 ] (0.00002848)
[  0  0  0  1  1  2  0  0  0 ] (0.00096001)
[  0  0  0  1  1  2  0  0  1 ] (0.00008464)
[  0  0  0  1  1  2  0  1  0 ] (0.00013840)
[  0  0  0  1  1  2  1  0  0 ] (0.00000264)
[  0  0  0  1  1  3  0  0  0 ] (0.00051099)
[  0  0  0  1  2  0  0  0  0 ] (0.00093231)
[  0  0  0  1  2  0  0  0  1 ] (0.00009574)
[  0  0  0  1  2  0  0  0  2 ] (0.00007218)
[  0  0  0  1  2  0  0  1  0 ] (0.02417190)
[  0  0  0  1  2  0  0  1  1 ] (0.00044696)
[  0  0  0  1  2  0  0  2  0 ] (0.00107241)
[  0  0  0  1  2  0  1  0  0 ] (0.00058381)
[  0  0  0  1  2  0  1  0  1 ] (0.00002669)
[  0  0  0  1  2  0  1  1  0 ] (0.00041217)
[  0  0  0  1  2  0  2  0  0 ] (0.00001350)
[  0  0  0  1  2  1  0  0  0 ] (0.00493943)
[  0  0  0  1  2  1  0  0  1 ] (0.00019367)
[  0  0  0  1  2  1  0  1  0 ] (0.00080537)
[  0  0  0  1  2  1  1  0  0 ] (0.00007349)
[  0  0  0  1  2  2  0  0  0 ] (0.00000089)
[  0  0  0  1  3  0  0  0  0 ] (0.00009735)
[  0  0  0  1  3  0  0  0  1 ] (0.00006414)
[  0  0  0  1  3  0  0  1  0 ] (0.00023564)
[  0  0  0  1  3  0  1  0  0 ] (0.00001432)
[  0  0  0  1  3  1  0  0  0 ] (0.00025442)
[  0  0  0  1  4  0  0  0  0 ] (0.00027753)
[  0  0  0  2  0  0  0  0  0 ] (0.00000821)
[  0  0  0  2  0  0  0  0  1 ] (0.00017984)
[  0  0  0  2  0  0  0  0  2 ] (0.00007737)
[  0  0  0  2  0  0  0  0  3 ] (0.00000380)
[  0  0  0  2  0  0  0  1  0 ] (0.00000757)
[  0  0  0  2  0  0  0  1  1 ] (0.00020177)
[  0  0  0  2  0  0  0  1  2 ] (0.00002792)
[  0  0  0  2  0  0  0  2  0 ] (0.00056427)
[  0  0  0  2  0  0  0  2  1 ] (0.00008572)
[  0  0  0  2  0  0  0  3  0 ] (0.00017542)
[  0  0  0  2  0  0  1  0  0 ] (0.00021613)
[  0  0  0  2  0  0  1  0  1 ] (0.00007171)
[  0  0  0  2  0  0  1  0  2 ] (0.00002463)
[  0  0  0  2  0  0  1  1  0 ] (0.00006806)
[  0  0  0  2  0  0  1  1  1 ] (0.00004751)
[  0  0  0  2  0  0  1  2  0 ] (0.00004370)
[  0  0  0  2  0  0  2  0  0 ] (0.00304914)
[  0  0  0  2  0  0  2  0  1 ] (0.00095706)
[  0  0  0  2  0  0  2  1  0 ] (0.00001901)
[  0  0  0  2  0  0  3  0  0 ] (0.00087230)
[  0  0  0  2  0  1  0  0  0 ] (0.00028743)
[  0  0  0  2  0  1  0  0  1 ] (0.00030177)
[  0  0  0  2  0  1  0  0  2 ] (0.00000673)
[  0  0  0  2  0  1  0  1  0 ] (0.00894224)
[  0  0  0  2  0  1  0  1  1 ] (0.00022176)
[  0  0  0  2  0  1  0  2  0 ] (0.00002155)
[  0  0  0  2  0  1  1  0  0 ] (0.00128690)
[  0  0  0  2  0  1  1  0  1 ] (0.00000072)
[  0  0  0  2  0  1  1  1  0 ] (0.00034918)
[  0  0  0  2  0  1  2  0  0 ] (0.00020370)
[  0  0  0  2  0  2  0  0  0 ] (0.00031998)
[  0  0  0  2  0  2  0  0  1 ] (0.00008205)
[  0  0  0  2  0  2  0  1  0 ] (0.00002543)
[  0  0  0  2  0  2  1  0  0 ] (0.00017062)
[  0  0  0  2  0  3  0  0  0 ] (0.00010132)
[  0  0  0  2  1  0  0  0  0 ] (0.00004216)
[  0  0  0  2  1  0  0  0  1 ] (0.00061275)
[  0  0  0  2  1  0  0  0  2 ] (0.00001067)
[  0  0  0  2  1  0  0  1  0 ] (0.00019840)
[  0  0  0  2  1  0  0  1  1 ] (0.00008225)
[  0  0  0  2  1  0  0  2  0 ] (0.00000000)
[  0  0  0  2  1  0  1  0  0 ] (0.00142813)
[  0  0  0  2  1  0  1  0  1 ] (0.00008631)
[  0  0  0  2  1  0  1  1  0 ] (0.00000017)
[  0  0  0  2  1  0  2  0  0 ] (0.00006156)
[  0  0  0  2  1  1  0  0  0 ] (0.00516026)
[  0  0  0  2  1  1  0  0  1 ] (0.00020225)
[  0  0  0  2  1  1  0  1  0 ] (0.00002379)
[  0  0  0  2  1  1  1  0  0 ] (0.00000421)
[  0  0  0  2  1  2  0  0  0 ] (0.00049076)
[  0  0  0  2  2  0  0  0  0 ] (0.00009614)
[  0  0  0  2  2  0  0  0  1 ] (0.00000297)
[  0  0  0  2  2  0  0  1  0 ] (0.00001761)
[  0  0  0  2  2  0  1  0  0 ] (0.00013297)
[  0  0  0  2  2  1  0  0  0 ] (0.00000095)
[  0  0  0  2  3  0  0  0  0 ] (0.00001644)
[  0  0  0  3  0  0  0  0  0 ] (0.00002926)
[  0  0  0  3  0  0  0  0  1 ] (0.00209685)
[  0  0  0  3  0  0  0  0  2 ] (0.00000004)
[  0  0  0  3  0  0  0  1  0 ] (0.00000000)
[  0  0  0  3  0  0  0  1  1 ] (0.00010742)
[  0  0  0  3  0  0  0  2  0 ] (0.00183059)
[  0  0  0  3  0  0  1  0  0 ] (0.00004452)
[  0  0  0  3  0  0  1  0  1 ] (0.00000479)
[  0  0  0  3  0  0  1  1  0 ] (0.00000250)
[  0  0  0  3  0  0  2  0  0 ] (0.00001953)
[  0  0  0  3  0  1  0  0  0 ] (0.00002349)
[  0  0  0  3  0  1  0  0  1 ] (0.00000984)
[  0  0  0  3  0  1  0  1  0 ] (0.00026387)
[  0  0  0  3  0  1  1  0  0 ] (0.00072729)
[  0  0  0  3  0  2  0  0  0 ] (0.00246285)
[  0  0  0  3  1  0  0  0  0 ] (0.00000512)
[  0  0  0  3  1  0  0  0  1 ] (0.00000654)
[  0  0  0  3  1  0  0  1  0 ] (0.00025481)
[  0  0  0  3  1  0  1  0  0 ] (0.00002610)
[  0  0  0  3  1  1  0  0  0 ] (0.00060152)
[  0  0  0  3  2  0  0  0  0 ] (0.00871135)
[  0  0  0  4  0  0  0  0  0 ] (0.00000191)
[  0  0  0  4  0  0  0  0  1 ] (0.00012630)
[  0  0  0  4  0  0  0  1  0 ] (0.00010712)
[  0  0  0  4  0  0  1  0  0 ] (0.00124250)
[  0  0  0  4  0  1  0  0  0 ] (0.00011177)
[  0  0  0  4  1  0  0  0  0 ] (0.00194817)
[  0  0  0  5  0  0  0  0  0 ] (0.00020599)
[  0  0  1  0  0  0  0  0  0 ] (0.00000001)
[  0  0  1  0  0  0  0  0  1 ] (0.00000006)
[  0  0  1  0  0  0  0  0  2 ] (0.00000611)
[  0  0  1  0  0  0  0  0  3 ] (0.00000311)
[  0  0  1  0  0  0  0  0  4 ] (0.00000000)
[  0  0  1  0  0  0  0  1  0 ] (0.00000035)
[  0  0  1  0  0  0  0  1  1 ] (0.00000017)
[  0  0  1  0  0  0  0  1  2 ] (0.00000221)
[  0  0  1  0  0  0  0  1  3 ] (0.00000009)
[  0  0  1  0  0  0  0  2  0 ] (0.00000065)
[  0  0  1  0  0  0  0  2  1 ] (0.00004639)
[  0  0  1  0  0  0  0  2  2 ] (0.00000018)
[  0  0  1  0  0  0  0  3  0 ] (0.00000010)
[  0  0  1  0  0  0  0  3  1 ] (0.00000000)
[  0  0  1  0  0  0  0  4  0 ] (0.00000026)
[  0  0  1  0  0  0  1  0  0 ] (0.00000011)
[  0  0  1  0  0  0  1  0  1 ] (0.00000054)
[  0  0  1  0  0  0  1  0  2 ] (0.00000002)
[  0  0  1  0  0  0  1  0  3 ] (0.00000006)
[  0  0  1  0  0  0  1  1  0 ] (0.00000029)
[  0  0  1  0  0  0  1  1  1 ] (0.00000233)
[  0  0  1  0  0  0  1  1  2 ] (0.00000009)
[  0  0  1  0  0  0  1  2  0 ] (0.00000057)
[  0  0  1  0  0  0  1  2  1 ] (0.00000050)
[  0  0  1  0  0  0  1  3  0 ] (0.00000080)
[  0  0  1  0  0  0  2  0  0 ] (0.00000570)
[  0  0  1  0  0  0  2  0  1 ] (0.00006984)
[  0  0  1  0  0  0  2  0  2 ] (0.00001028)
[  0  0  1  0  0  0  2  1  0 ] (0.00000126)
[  0  0  1  0  0  0  2  1  1 ] (0.00000033)
[  0  0  1  0  0  0  2  2  0 ] (0.00000407)
[  0  0  1  0  0  0  3  0  0 ] (0.00000624)
[  0  0  1  0  0  0  3  0  1 ] (0.00000086)
[  0  0  1  0  0  0  3  1  0 ] (0.00000837)
[  0  0  1  0  0  0  4  0  0 ] (0.00003736)
[  0  0  1  0  0  1  0  0  0 ] (0.00000003)
[  0  0  1  0  0  1  0  0  1 ] (0.00000008)
[  0  0  1  0  0  1  0  0  2 ] (0.00000037)
[  0  0  1  0  0  1  0  0  3 ] (0.00000001)
[  0  0  1  0  0  1  0  1  0 ] (0.00000000)
[  0  0  1  0  0  1  0  1  1 ] (0.00000051)
[  0  0  1  0  0  1  0  1  2 ] (0.00000002)
[  0  0  1  0  0  1  0  2  0 ] (0.00000036)
[  0  0  1  0  0  1  0  2  1 ] (0.00000018)
[  0  0  1  0  0  1  0  3  0 ] (0.00000035)
[  0  0  1  0  0  1  1  0  0 ] (0.00000006)
[  0  0  1  0  0  1  1  0  1 ] (0.00000011)
[  0  0  1  0  0  1  1  0  2 ] (0.00000029)
[  0  0  1  0  0  1  1  1  0 ] (0.00000038)
[  0  0  1  0  0  1  1  1  1 ] (0.00000013)
[  0  0  1  0  0  1  1  2  0 ] (0.00000000)
[  0  0  1  0  0  1  2  0  0 ] (0.00000095)
[  0  0  1  0  0  1  2  0  1 ] (0.00000130)
[  0  0  1  0  0  1  2  1  0 ] (0.00000003)
[  0  0  1  0  0  1  3  0  0 ] (0.00000061)
[  0  0  1  0  0  2  0  0  0 ] (0.00000537)
[  0  0  1  0  0  2  0  0  1 ] (0.00004505)
[  0  0  1  0  0  2  0  0  2 ] (0.00001497)
[  0  0  1  0  0  2  0  1  0 ] (0.00000118)
[  0  0  1  0  0  2  0  1  1 ] (0.00000107)
[  0  0  1  0  0  2  0  2  0 ] (0.00000915)
[  0  0  1  0  0  2  1  0  0 ] (0.00000006)
[  0  0  1  0  0  2  1  0  1 ] (0.00000013)
[  0  0  1  0  0  2  1  1  0 ] (0.00000063)
[  0  0  1  0  0  2  2  0  0 ] (0.00000191)
[  0  0  1  0  0  3  0  0  0 ] (0.00000360)
[  0  0  1  0  0  3  0  0  1 ] (0.00000096)
[  0  0  1  0  0  3  0  1  0 ] (0.00000002)
[  0  0  1  0  0  3  1  0  0 ] (0.00000056)
[  0  0  1  0  0  4  0  0  0 ] (0.00002616)
[  0  0  1  0  1  0  0  0  0 ] (0.00000010)
[  0  0  1  0  1  0  0  0  1 ] (0.00000298)
[  0  0  1  0  1  0  0  0  2 ] (0.00000079)
[  0  0  1  0  1  0  0  0  3 ] (0.00000026)
[  0  0  1  0  1  0  0  1  0 ] (0.00000023)
[  0  0  1  0  1  0  0  1  1 ] (0.00000047)
[  0  0  1  0  1  0  0  1  2 ] (0.00000001)
[  0  0  1  0  1  0  0  2  0 ] (0.00000419)
[  0  0  1  0  1  0  0  2  1 ] (0.00000059)
[  0  0  1  0  1  0  0  3  0 ] (0.00000223)
[  0  0  1  0  1  0  1  0  0 ] (0.00000245)
[  0  0  1  0  1  0  1  0  1 ] (0.00000007)
[  0  0  1  0  1  0  1  0  2 ] (0.00000003)
[  0  0  1  0  1  0  1  1  0 ] (0.00000251)
[  0  0  1  0  1  0  1  1  1 ] (0.00000157)
[  0  0  1  0  1  0  1  2  0 ] (0.00000179)
[  0  0  1  0  1  0  2  0  0 ] (0.00000551)
[  0  0  1  0  1  0  2  0  1 ] (0.00000018)
[  0  0  1  0  1  0  2  1  0 ] (0.00000067)
[  0  0  1  0  1  0  3  0  0 ] (0.00000785)
[  0  0  1  0  1  1  0  0  0 ] (0.00000004)
[  0  0  1  0  1  1  0  0  1 ] (0.00000142)
[  0  0  1  0  1  1  0  0  2 ] (0.00000081)
[  0  0  1  0  1  1  0  1  0 ] (0.00001579)
[  0  0  1  0  1  1  0  1  1 ] (0.00000101)
[  0  0  1  0  1  1  0  2  0 ] (0.00000139)
[  0  0  1  0  1  1  1  0  0 ] (0.00000016)
[  0  0  1  0  1  1  1  0  1 ] (0.00000002)
[  0  0  1  0  1  1  1  1  0 ] (0.00000001)
[  0  0  1  0  1  1  2  0  0 ] (0.00000104)
[  0  0  1  0  1  2  0  0  0 ] (0.00000055)
[  0  0  1  0  1  2  0  0  1 ] (0.00000128)
[  0  0  1  0  1  2  0  1  0 ] (0.00000000)
[  0  0  1  0  1  2  1  0  0 ] (0.00000026)
[  0  0  1  0  1  3  0  0  0 ] (0.00000002)
[  0  0  1  0  2  0  0  0  0 ] (0.00000095)
[  0  0  1  0  2  0  0  0  1 ] (0.00000582)
[  0  0  1  0  2  0  0  0  2 ] (0.00000001)
[  0  0  1  0  2  0  0  1  0 ] (0.00000498)
[  0  0  1  0  2  0  0  1  1 ] (0.00000002)
[  0  0  1  0  2  0  0  2  0 ] (0.00000250)
[  0  0  1  0  2  0  1  0  0 ] (0.00000417)
[  0  0  1  0  2  0  1  0  1 ] (0.00000065)
[  0  0  1  0  2  0  1  1  0 ] (0.00000271)
[  0  0  1  0  2  0  2  0  0 ] (0.00000699)
[  0  0  1  0  2  1  0  0  0 ] (0.00000099)
[  0  0  1  0  2  1  0  0  1 ] (0.00000107)
[  0  0  1  0  2  1  0  1  0 ] (0.00000269)
[  0  0  1  0  2  1  1  0  0 ] (0.00000154)
[  0  0  1  0  2  2  0  0  0 ] (0.00001244)
[  0  0  1  0  3  0  0  0  0 ] (0.00000163)
[  0  0  1  0  3  0  0  0  1 ] (0.00000004)
[  0  0  1  0  3  0  0  1  0 ] (0.00000131)
[  0  0  1  0  3  0  1  0  0 ] (0.00003270)
[  0  0  1  0  3  1  0  0  0 ] (0.00000056)
[  0  0  1  0  4  0  0  0  0 ] (0.00000230)
[  0  0  1  1  0  0  0  0  0 ] (0.00000002)
[  0  0  1  1  0  0  0  0  1 ] (0.00000042)
[  0  0  1  1  0  0  0  0  2 ] (0.00000114)
[  0  0  1  1  0  0  0  0  3 ] (0.00000000)
[  0  0  1  1  0  0  0  1  0 ] (0.00000020)
[  0  0  1  1  0  0  0  1  1 ] (0.00000102)
[  0  0  1  1  0  0  0  1  2 ] (0.00000004)
[  0  0  1  1  0  0  0  2  0 ] (0.00000057)
[  0  0  1  1  0  0  0  2  1 ] (0.00000016)
[  0  0  1  1  0  0  0  3  0 ] (0.00000026)
[  0  0  1  1  0  0  1  0  0 ] (0.00000043)
[  0  0  1  1  0  0  1  0  1 ] (0.00002367)
[  0  0  1  1  0  0  1  0  2 ] (0.00000006)
[  0  0  1  1  0  0  1  1  0 ] (0.00000054)
[  0  0  1  1  0  0  1  1  1 ] (0.00000261)
[  0  0  1  1  0  0  1  2  0 ] (0.00000002)
[  0  0  1  1  0  0  2  0  0 ] (0.00000196)
[  0  0  1  1  0  0  2  0  1 ] (0.00000067)
[  0  0  1  1  0  0  2  1  0 ] (0.00000018)
[  0  0  1  1  0  0  3  0  0 ] (0.00003961)
[  0  0  1  1  0  1  0  0  0 ] (0.00000032)
[  0  0  1  1  0  1  0  0  1 ] (0.00000539)
[  0  0  1  1  0  1  0  0  2 ] (0.00000002)
[  0  0  1  1  0  1  0  1  0 ] (0.00000298)
[  0  0  1  1  0  1  0  1  1 ] (0.00000009)
[  0  0  1  1  0  1  0  2  0 ] (0.00000144)
[  0  0  1  1  0  1  1  0  0 ] (0.00000046)
[  0  0  1  1  0  1  1  0  1 ] (0.00000081)
[  0  0  1  1  0  1  1  1  0 ] (0.00000057)
[  0  0  1  1  0  1  2  0  0 ] (0.00000054)
[  0  0  1  1  0  2  0  0  0 ] (0.00000016)
[  0  0  1  1  0  2  0  0  1 ] (0.00000000)
[  0  0  1  1  0  2  0  1  0 ] (0.00000212)
[  0  0  1  1  0  2  1  0  0 ] (0.00000015)
[  0  0  1  1  0  3  0  0  0 ] (0.00000000)
[  0  0  1  1  1  0  0  0  0 ] (0.00000007)
[  0  0  1  1  1  0  0  0  1 ] (0.00001439)
[  0  0  1  1  1  0  0  0  2 ] (0.00000008)
[  0  0  1  1  1  0  0  1  0 ] (0.00000003)
[  0  0  1  1  1  0  0  1  1 ] (0.00000008)
[  0  0  1  1  1  0  0  2  0 ] (0.00000000)
[  0  0  1  1  1  0  1  0  0 ] (0.00000249)
[  0  0  1  1  1  0  1  0  1 ] (0.00000024)
[  0  0  1  1  1  0  1  1  0 ] (0.00000012)
[  0  0  1  1  1  0  2  0  0 ] (0.00000161)
[  0  0  1  1  1  1  0  0  0 ] (0.00000493)
[  0  0  1  1  1  1  0  0  1 ] (0.00000004)
[  0  0  1  1  1  1  0  1  0 ] (0.00000578)
[  0  0  1  1  1  1  1  0  0 ] (0.00000024)
[  0  0  1  1  1  2  0  0  0 ] (0.00000051)
[  0  0  1  1  2  0  0  0  0 ] (0.00000006)
[  0  0  1  1  2  0  0  0  1 ] (0.00000038)
[  0  0  1  1  2  0  0  1  0 ] (0.00000414)
[  0  0  1  1  2  0  1  0  0 ] (0.00000056)
[  0  0  1  1  2  1  0  0  0 ] (0.00000030)
[  0  0  1  1  3  0  0  0  0 ] (0.00006161)
[  0  0  1  2  0  0  0  0  0 ] (0.00000008)
[  0  0  1  2  0  0  0  0  1 ] (0.00000097)
[  0  0  1  2  0  0  0  0  2 ] (0.00000001)
[  0  0  1  2  0  0  0  1  0 ] (0.00000077)
[  0  0  1  2  0  0  0  1  1 ] (0.00000074)
[  0  0  1  2  0  0  0  2  0 ] (0.00000330)
[  0  0  1  2  0  0  1  0  0 ] (0.00000186)
[  0  0  1  2  0  0  1  0  1 ] (0.00000000)
[  0  0  1  2  0  0  1  1  0 ] (0.00000016)
[  0  0  1  2  0  0  2  0  0 ] (0.00000367)
[  0  0  1  2  0  1  0  0  0 ] (0.00000000)
[  0  0  1  2  0  1  0  0  1 ] (0.00000104)
[  0  0  1  2  0  1  0  1  0 ] (0.00000008)
[  0  0  1  2  0  1  1  0  0 ] (0.00000019)
[  0  0  1  2  0  2  0  0  0 ] (0.00000162)
[  0  0  1  2  1  0  0  0  0 ] (0.00000028)
[  0  0  1  2  1  0  0  0  1 ] (0.00000006)
[  0  0  1  2  1  0  0  1  0 ] (0.00000153)
[  0  0  1  2  1  0  1  0  0 ] (0.00000001)
[  0  0  1  2  1  1  0  0  0 ] (0.00000000)
[  0  0  1  2  2  0  0  0  0 ] (0.00000032)
[  0  0  1  3  0  0  0  0  0 ] (0.00000265)
[  0  0  1  3  0  0  0  0  1 ] (0.00000114)
[  0  0  1  3  0  0  0  1  0 ] (0.00000715)
[  0  0  1  3  0  0  1  0  0 ] (0.00000072)
[  0  0  1  3  0  1  0  0  0 ] (0.00001797)
[  0  0  1  3  1  0  0  0  0 ] (0.00000552)
[  0  0  1  4  0  0  0  0  0 ] (0.00000339)
[  0  0  2  0  0  0  0  0  0 ] (0.00000004)
[  0  0  2  0  0  0  0  0  1 ] (0.00020818)
[  0  0  2  0  0  0  0  0  2 ] (0.00057338)
[  0  0  2  0  0  0  0  0  3 ] (0.00007843)
[  0  0  2  0  0  0  0  1  0 ] (0.00017983)
[  0  0  2  0  0  0  0  1  1 ] (0.00589157)
[  0  0  2  0  0  0  0  1  2 ] (0.00029892)
[  0  0  2  0  0  0  0  2  0 ] (0.00005206)
[  0  0  2  0  0  0  0  2  1 ] (0.00017619)
[  0  0  2  0  0  0  0  3  0 ] (0.00051314)
[  0  0  2  0  0  0  1  0  0 ] (0.00000009)
[  0  0  2  0  0  0  1  0  1 ] (0.00058781)
[  0  0  2  0  0  0  1  0  2 ] (0.00006215)
[  0  0  2  0  0  0  1  1  0 ] (0.00000683)
[  0  0  2  0  0  0  1  1  1 ] (0.00000021)
[  0  0  2  0  0  0  1  2  0 ] (0.00259813)
[  0  0  2  0  0  0  2  0  0 ] (0.00013999)
[  0  0  2  0  0  0  2  0  1 ] (0.00009903)
[  0  0  2  0  0  0  2  1  0 ] (0.00019816)
[  0  0  2  0  0  0  3  0  0 ] (0.00006891)
[  0  0  2  0  0  1  0  0  0 ] (0.00007022)
[  0  0  2  0  0  1  0  0  1 ] (0.00022893)
[  0  0  2  0  0  1  0  0  2 ] (0.00003779)
[  0  0  2  0  0  1  0  1  0 ] (0.00140084)
[  0  0  2  0  0  1  0  1  1 ] (0.00001936)
[  0  0  2  0  0  1  0  2  0 ] (0.00129779)
[  0  0  2  0  0  1  1  0  0 ] (0.00014891)
[  0  0  2  0  0  1  1  0  1 ] (0.00004259)
[  0  0  2  0  0  1  1  1  0 ] (0.00000033)
[  0  0  2  0  0  1  2  0  0 ] (0.00061468)
[  0  0  2  0  0  2  0  0  0 ] (0.00022685)
[  0  0  2  0  0  2  0  0  1 ] (0.00138984)
[  0  0  2  0  0  2  0  1  0 ] (0.00115609)
[  0  0  2  0  0  2  1  0  0 ] (0.00153204)
[  0  0  2  0  0  3  0  0  0 ] (0.00038279)
[  0  0  2  0  1  0  0  0  0 ] (0.00000903)
[  0  0  2  0  1  0  0  0  1 ] (0.00033426)
[  0  0  2  0  1  0  0  0  2 ] (0.00006247)
[  0  0  2  0  1  0  0  1  0 ] (0.00023741)
[  0  0  2  0  1  0  0  1  1 ] (0.00001503)
[  0  0  2  0  1  0  0  2  0 ] (0.00234824)
[  0  0  2  0  1  0  1  0  0 ] (0.00031687)
[  0  0  2  0  1  0  1  0  1 ] (0.00009400)
[  0  0  2  0  1  0  1  1  0 ] (0.00000193)
[  0  0  2  0  1  0  2  0  0 ] (0.00078768)
[  0  0  2  0  1  1  0  0  0 ] (0.00013171)
[  0  0  2  0  1  1  0  0  1 ] (0.00042953)
[  0  0  2  0  1  1  0  1  0 ] (0.00001645)
[  0  0  2  0  1  1  1  0  0 ] (0.00063759)
[  0  0  2  0  1  2  0  0  0 ] (0.00181746)
[  0  0  2  0  2  0  0  0  0 ] (0.00031638)
[  0  0  2  0  2  0  0  0  1 ] (0.00004877)
[  0  0  2  0  2  0  0  1  0 ] (0.00473217)
[  0  0  2  0  2  0  1  0  0 ] (0.00053950)
[  0  0  2  0  2  1  0  0  0 ] (0.00555630)
[  0  0  2  0  3  0  0  0  0 ] (0.00029993)
[  0  0  2  1  0  0  0  0  0 ] (0.00009119)
[  0  0  2  1  0  0  0  0  1 ] (0.00082794)
[  0  0  2  1  0  0  0  0  2 ] (0.00017616)
[  0  0  2  1  0  0  0  1  0 ] (0.00012983)
[  0  0  2  1  0  0  0  1  1 ] (0.00000430)
[  0  0  2  1  0  0  0  2  0 ] (0.00006902)
[  0  0  2  1  0  0  1  0  0 ] (0.00064688)
[  0  0  2  1  0  0  1  0  1 ] (0.00029541)
[  0  0  2  1  0  0  1  1  0 ] (0.00002744)
[  0  0  2  1  0  0  2  0  0 ] (0.00076119)
[  0  0  2  1  0  1  0  0  0 ] (0.00024334)
[  0  0  2  1  0  1  0  0  1 ] (0.00000000)
[  0  0  2  1  0  1  0  1  0 ] (0.00000216)
[  0  0  2  1  0  1  1  0  0 ] (0.00004230)
[  0  0  2  1  0  2  0  0  0 ] (0.00056553)
[  0  0  2  1  1  0  0  0  0 ] (0.00002257)
[  0  0  2  1  1  0  0  0  1 ] (0.00020329)
[  0  0  2  1  1  0  0  1  0 ] (0.00053747)
[  0  0  2  1  1  0  1  0  0 ] (0.00063763)
[  0  0  2  1  1  1  0  0  0 ] (0.00024508)
[  0  0  2  1  2  0  0  0  0 ] (0.00091720)
[  0  0  2  2  0  0  0  0  0 ] (0.00000605)
[  0  0  2  2  0  0  0  0  1 ] (0.00000317)
[  0  0  2  2  0  0  0  1  0 ] (0.00009647)
[  0  0  2  2  0  0  1  0  0 ] (0.00107015)
[  0  0  2  2  0  1  0  0  0 ] (0.00303566)
[  0  0  2  2  1  0  0  0  0 ] (0.00179687)
[  0  0  2  3  0  0  0  0  0 ] (0.00028619)
[  0  0  3  0  0  0  0  0  0 ] (0.00003016)
[  0  0  3  0  0  0  0  0  1 ] (0.00003667)
[  0  0  3  0  0  0  0  0  2 ] (0.00028052)
[  0  0  3  0  0  0  0  1  0 ] (0.00002200)
[  0  0  3  0  0  0  0  1  1 ] (0.00001643)
[  0  0  3  0  0  0  0  2  0 ] (0.00008507)
[  0  0  3  0  0  0  1  0  0 ] (0.00000994)
[  0  0  3  0  0  0  1  0  1 ] (0.00000036)
[  0  0  3  0  0  0  1  1  0 ] (0.00026645)
[  0  0  3  0  0  0  2  0  0 ] (0.00022111)
[  0  0  3  0  0  1  0  0  0 ] (0.00001181)
[  0  0  3  0  0  1  0  0  1 ] (0.00001918)
[  0  0  3  0  0  1  0  1  0 ] (0.00000184)
[  0  0  3  0  0  1  1  0  0 ] (0.00020122)
[  0  0  3  0  0  2  0  0  0 ] (0.00035189)
[  0  0  3  0  1  0  0  0  0 ] (0.00001598)
[  0  0  3  0  1  0  0  0  1 ] (0.00004931)
[  0  0  3  0  1  0  0  1  0 ] (0.00098954)
[  0  0  3  0  1  0  1  0  0 ] (0.00067364)
[  0  0  3  0  1  1  0  0  0 ] (0.00047976)
[  0  0  3  0  2  0  0  0  0 ] (0.00001094)
[  0  0  3  1  0  0  0  0  0 ] (0.00001356)
[  0  0  3  1  0  0  0  0  1 ] (0.00000622)
[  0  0  3  1  0  0  0  1  0 ] (0.00055305)
[  0  0  3  1  0  0  1  0  0 ] (0.00002720)
[  0  0  3  1  0  1  0  0  0 ] (0.00004816)
[  0  0  3  1  1  0  0  0  0 ] (0.00054608)
[  0  0  3  2  0  0  0  0  0 ] (0.00005298)
[  0  0  4  0  0  0  0  0  0 ] (0.00000156)
[  0  0  4  0  0  0  0  0  1 ] (0.00000614)
[  0  0  4  0  0  0  0  1  0 ] (0.00000118)
[  0  0  4  0  0  0  1  0  0 ] (0.00000162)
[  0  0  4  0  0  1  0  0  0 ] (0.00000021)
[  0  0  4  0  1  0  0  0  0 ] (0.00000000)
[  0  0  4  1  0  0  0  0  0 ] (0.00000001)
[  0  0  5  0  0  0  0  0  0 ] (0.00019575)
[  0  1  0  0  0  0  0  0  0 ] (0.00000000)
[  0  1  0  0  0  0  0  0  1 ] (0.00000051)
[  0  1  0  0  0  0  0  0  2 ] (0.00000014)
[  0  1  0  0  0  0  0  0  3 ] (0.00000051)
[  0  1  0  0  0  0  0  0  4 ] (0.00000003)
[  0  1  0  0  0  0  0  1  0 ] (0.00000005)
[  0  1  0  0  0  0  0  1  1 ] (0.00000019)
[  0  1  0  0  0  0  0  1  2 ] (0.00000010)
[  0  1  0  0  0  0  0  1  3 ] (0.00000011)
[  0  1  0  0  0  0  0  2  0 ] (0.00000134)
[  0  1  0  0  0  0  0  2  1 ] (0.00006818)
[  0  1  0  0  0  0  0  2  2 ] (0.00000024)
[  0  1  0  0  0  0  0  3  0 ] (0.00000231)
[  0  1  0  0  0  0  0  3  1 ] (0.00000007)
[  0  1  0  0  0  0  0  4  0 ] (0.00000033)
[  0  1  0  0  0  0  1  0  0 ] (0.00000016)
[  0  1  0  0  0  0  1  0  1 ] (0.00000048)
[  0  1  0  0  0  0  1  0  2 ] (0.00000259)
[  0  1  0  0  0  0  1  0  3 ] (0.00000005)
[  0  1  0  0  0  0  1  1  0 ] (0.00000088)
[  0  1  0  0  0  0  1  1  1 ] (0.00000053)
[  0  1  0  0  0  0  1  1  2 ] (0.00000008)
[  0  1  0  0  0  0  1  2  0 ] (0.00000001)
[  0  1  0  0  0  0  1  2  1 ] (0.00000055)
[  0  1  0  0  0  0  1  3  0 ] (0.00000271)
[  0  1  0  0  0  0  2  0  0 ] (0.00000117)
[  0  1  0  0  0  0  2  0  1 ] (0.00000038)
[  0  1  0  0  0  0  2  0  2 ] (0.00000576)
[  0  1  0  0  0  0  2  1  0 ] (0.00000008)
[  0  1  0  0  0  0  2  1  1 ] (0.00000276)
[  0  1  0  0  0  0  2  2  0 ] (0.00000107)
[  0  1  0  0  0  0  3  0  0 ] (0.00000018)
[  0  1  0  0  0  0  3  0  1 ] (0.00000013)
[  0  1  0  0  0  0  3  1  0 ] (0.00000914)
[  0  1  0  0  0  0  4  0  0 ] (0.00001776)
[  0  1  0  0  0  1  0  0  0 ] (0.00000011)
[  0  1  0  0  0  1  0  0  1 ] (0.00000017)
[  0  1  0  0  0  1  0  0  2 ] (0.00001323)
[  0  1  0  0  0  1  0  0  3 ] (0.00000034)
[  0  1  0  0  0  1  0  1  0 ] (0.00000232)
[  0  1  0  0  0  1  0  1  1 ] (0.00000058)
[  0  1  0  0  0  1  0  1  2 ] (0.00000000)
[  0  1  0  0  0  1  0  2  0 ] (0.00000144)
[  0  1  0  0  0  1  0  2  1 ] (0.00000011)
[  0  1  0  0  0  1  0  3  0 ] (0.00000002)
[  0  1  0  0  0  1  1  0  0 ] (0.00000017)
[  0  1  0  0  0  1  1  0  1 ] (0.00002656)
[  0  1  0  0  0  1  1  0  2 ] (0.00000006)
[  0  1  0  0  0  1  1  1  0 ] (0.00000186)
[  0  1  0  0  0  1  1  1  1 ] (0.00000134)
[  0  1  0  0  0  1  1  2  0 ] (0.00000048)
[  0  1  0  0  0  1  2  0  0 ] (0.00000037)
[  0  1  0  0  0  1  2  0  1 ] (0.00000000)
[  0  1  0  0  0  1  2  1  0 ] (0.00000002)
[  0  1  0  0  0  1  3  0  0 ] (0.00005892)
[  0  1  0  0  0  2  0  0  0 ] (0.00000928)
[  0  1  0  0  0  2  0  0  1 ] (0.00010044)
[  0  1  0  0  0  2  0  0  2 ] (0.00003312)
[  0  1  0  0  0  2  0  1  0 ] (0.00000038)
[  0  1  0  0  0  2  0  1  1 ] (0.00000197)
[  0  1  0  0  0  2  0  2  0 ] (0.00001617)
[  0  1  0  0  0  2  1  0  0 ] (0.00000054)
[  0  1  0  0  0  2  1  0  1 ] (0.00000021)
[  0  1  0  0  0  2  1  1  0 ] (0.00000084)
[  0  1  0  0  0  2  2  0  0 ] (0.00000136)
[  0  1  0  0  0  3  0  0  0 ] (0.00000045)
[  0  1  0  0  0  3  0  0  1 ] (0.00000046)
[  0  1  0  0  0  3  0  1  0 ] (0.00000225)
[  0  1  0  0  0  3  1  0  0 ] (0.00000148)
[  0  1  0  0  0  4  0  0  0 ] (0.00004407)
[  0  1  0  0  1  0  0  0  0 ] (0.00000001)
[  0  1  0  0  1  0  0  0  1 ] (0.00000026)
[  0  1  0  0  1  0  0  0  2 ] (0.00000005)
[  0  1  0  0  1  0  0  0  3 ] (0.00000000)
[  0  1  0  0  1  0  0  1  0 ] (0.00000552)
[  0  1  0  0  1  0  0  1  1 ] (0.00000001)
[  0  1  0  0  1  0  0  1  2 ] (0.00000010)
[  0  1  0  0  1  0  0  2  0 ] (0.00000123)
[  0  1  0  0  1  0  0  2  1 ] (0.00000025)
[  0  1  0  0  1  0  0  3  0 ] (0.00000618)
[  0  1  0  0  1  0  1  0  0 ] (0.00000020)
[  0  1  0  0  1  0  1  0  1 ] (0.00000734)
[  0  1  0  0  1  0  1  0  2 ] (0.00000015)
[  0  1  0  0  1  0  1  1  0 ] (0.00000683)
[  0  1  0  0  1  0  1  1  1 ] (0.00000005)
[  0  1  0  0  1  0  1  2  0 ] (0.00000095)
[  0  1  0  0  1  0  2  0  0 ] (0.00000112)
[  0  1  0  0  1  0  2  0  1 ] (0.00000000)
[  0  1  0  0  1  0  2  1  0 ] (0.00000000)
[  0  1  0  0  1  0  3  0  0 ] (0.00000320)
[  0  1  0  0  1  1  0  0  0 ] (0.00000273)
[  0  1  0  0  1  1  0  0  1 ] (0.00011534)
[  0  1  0  0  1  1  0  0  2 ] (0.00000085)
[  0  1  0  0  1  1  0  1  0 ] (0.00001178)
[  0  1  0  0  1  1  0  1  1 ] (0.00000440)
[  0  1  0  0  1  1  0  2  0 ] (0.00000753)
[  0  1  0  0  1  1  1  0  0 ] (0.00001989)
[  0  1  0  0  1  1  1  0  1 ] (0.00001026)
[  0  1  0  0  1  1  1  1  0 ] (0.00000021)
[  0  1  0  0  1  1  2  0  0 ] (0.00000031)
[  0  1  0  0  1  2  0  0  0 ] (0.00000003)
[  0  1  0  0  1  2  0  0  1 ] (0.00000018)
[  0  1  0  0  1  2  0  1  0 ] (0.00000622)
[  0  1  0  0  1  2  1  0  0 ] (0.00000147)
[  0  1  0  0  1  3  0  0  0 ] (0.00016770)
[  0  1  0  0  2  0  0  0  0 ] (0.00000010)
[  0  1  0  0  2  0  0  0  1 ] (0.00001480)
[  0  1  0  0  2  0  0  0  2 ] (0.00000011)
[  0  1  0  0  2  0  0  1  0 ] (0.00000013)
[  0  1  0  0  2  0  0  1  1 ] (0.00000095)
[  0  1  0  0  2  0  0  2  0 ] (0.00000062)
[  0  1  0  0  2  0  1  0  0 ] (0.00000255)
[  0  1  0  0  2  0  1  0  1 ] (0.00000136)
[  0  1  0  0  2  0  1  1  0 ] (0.00000004)
[  0  1  0  0  2  0  2  0  0 ] (0.00000004)
[  0  1  0  0  2  1  0  0  0 ] (0.00000476)
[  0  1  0  0  2  1  0  0  1 ] (0.00000073)
[  0  1  0  0  2  1  0  1  0 ] (0.00000253)
[  0  1  0  0  2  1  1  0  0 ] (0.00000047)
[  0  1  0  0  2  2  0  0  0 ] (0.00005377)
[  0  1  0  0  3  0  0  0  0 ] (0.00000000)
[  0  1  0  0  3  0  0  0  1 ] (0.00000020)
[  0  1  0  0  3  0  0  1  0 ] (0.00000056)
[  0  1  0  0  3  0  1  0  0 ] (0.00003125)
[  0  1  0  0  3  1  0  0  0 ] (0.00003974)
[  0  1  0  0  4  0  0  0  0 ] (0.00001459)
[  0  1  0  1  0  0  0  0  0 ] (0.00000071)
[  0  1  0  1  0  0  0  0  1 ] (0.00000187)
[  0  1  0  1  0  0  0  0  2 ] (0.00000258)
[  0  1  0  1  0  0  0  0  3 ] (0.00000050)
[  0  1  0  1  0  0  0  1  0 ] (0.00000028)
[  0  1  0  1  0  0  0  1  1 ] (0.00000377)
[  0  1  0  1  0  0  0  1  2 ] (0.00000014)
[  0  1  0  1  0  0  0  2  0 ] (0.00000027)
[  0  1  0  1  0  0  0  2  1 ] (0.00000124)
[  0  1  0  1  0  0  0  3  0 ] (0.00000067)
[  0  1  0  1  0  0  1  0  0 ] (0.00000062)
[  0  1  0  1  0  0  1  0  1 ] (0.00000041)
[  0  1  0  1  0  0  1  0  2 ] (0.00000021)
[  0  1  0  1  0  0  1  1  0 ] (0.00000067)
[  0  1  0  1  0  0  1  1  1 ] (0.00000229)
[  0  1  0  1  0  0  1  2  0 ] (0.00000003)
[  0  1  0  1  0  0  2  0  0 ] (0.00000616)
[  0  1  0  1  0  0  2  0  1 ] (0.00000090)
[  0  1  0  1  0  0  2  1  0 ] (0.00000196)
[  0  1  0  1  0  0  3  0  0 ] (0.00000095)
[  0  1  0  1  0  1  0  0  0 ] (0.00000195)
[  0  1  0  1  0  1  0  0  1 ] (0.00001619)
[  0  1  0  1  0  1  0  0  2 ] (0.00000004)
[  0  1  0  1  0  1  0  1  0 ] (0.00000788)
[  0  1  0  1  0  1  0  1  1 ] (0.00000046)
[  0  1  0  1  0  1  0  2  0 ] (0.00000608)
[  0  1  0  1  0  1  1  0  0 ] (0.00000163)
[  0  1  0  1  0  1  1  0  1 ] (0.00000401)
[  0  1  0  1  0  1  1  1  0 ] (0.00000045)
[  0  1  0  1  0  1  2  0  0 ] (0.00000242)
[  0  1  0  1  0  2  0  0  0 ] (0.00000061)
[  0  1  0  1  0  2  0  0  1 ] (0.00000090)
[  0  1  0  1  0  2  0  1  0 ] (0.00000001)
[  0  1  0  1  0  2  1  0  0 ] (0.00000084)
[  0  1  0  1  0  3  0  0  0 ] (0.00001752)
[  0  1  0  1  1  0  0  0  0 ] (0.00000554)
[  0  1  0  1  1  0  0  0  1 ] (0.00000077)
[  0  1  0  1  1  0  0  0  2 ] (0.00000000)
[  0  1  0  1  1  0  0  1  0 ] (0.00001359)
[  0  1  0  1  1  0  0  1  1 ] (0.00000097)
[  0  1  0  1  1  0  0  2  0 ] (0.00000811)
[  0  1  0  1  1  0  1  0  0 ] (0.00000156)
[  0  1  0  1  1  0  1  0  1 ] (0.00000004)
[  0  1  0  1  1  0  1  1  0 ] (0.00000333)
[  0  1  0  1  1  0  2  0  0 ] (0.00000428)
[  0  1  0  1  1  1  0  0  0 ] (0.00000055)
[  0  1  0  1  1  1  0  0  1 ] (0.00000185)
[  0  1  0  1  1  1  0  1  0 ] (0.00000278)
[  0  1  0  1  1  1  1  0  0 ] (0.00000015)
[  0  1  0  1  1  2  0  0  0 ] (0.00000400)
[  0  1  0  1  2  0  0  0  0 ] (0.00000009)
[  0  1  0  1  2  0  0  0  1 ] (0.00000005)
[  0  1  0  1  2  0  0  1  0 ] (0.00000005)
[  0  1  0  1  2  0  1  0  0 ] (0.00000006)
[  0  1  0  1  2  1  0  0  0 ] (0.00000435)
[  0  1  0  1  3  0  0  0  0 ] (0.00000682)
[  0  1  0  2  0  0  0  0  0 ] (0.00000011)
[  0  1  0  2  0  0  0  0  1 ] (0.00000003)
[  0  1  0  2  0  0  0  0  2 ] (0.00000093)
[  0  1  0  2  0  0  0  1  0 ] (0.00000003)
[  0  1  0  2  0  0  0  1  1 ] (0.00000089)
[  0  1  0  2  0  0  0  2  0 ] (0.00000525)
[  0  1  0  2  0  0  1  0  0 ] (0.00000004)
[  0  1  0  2  0  0  1  0  1 ] (0.00000047)
[  0  1  0  2  0  0  1  1  0 ] (0.00000136)
[  0  1  0  2  0  0  2  0  0 ] (0.00000080)
[  0  1  0  2  0  1  0  0  0 ] (0.00000012)
[  0  1  0  2  0  1  0  0  1 ] (0.00000046)
[  0  1  0  2  0  1  0  1  0 ] (0.00000005)
[  0  1  0  2  0  1  1  0  0 ] (0.00000250)
[  0  1  0  2  0  2  0  0  0 ] (0.00000105)
[  0  1  0  2  1  0  0  0  0 ] (0.00000012)
[  0  1  0  2  1  0  0  0  1 ] (0.00000077)
[  0  1  0  2  1  0  0  1  0 ] (0.00000151)
[  0  1  0  2  1  0  1  0  0 ] (0.00000016)
[  0  1  0  2  1  1  0  0  0 ] (0.00000242)
[  0  1  0  2  2  0  0  0  0 ] (0.00000105)
[  0  1  0  3  0  0  0  0  0 ] (0.00000003)
[  0  1  0  3  0  0  0  0  1 ] (0.00000757)
[  0  1  0  3  0  0  0  1  0 ] (0.00002199)
[  0  1  0  3  0  0  1  0  0 ] (0.00008345)
[  0  1  0  3  0  1  0  0  0 ] (0.00000018)
[  0  1  0  3  1  0  0  0  0 ] (0.00002256)
[  0  1  0  4  0  0  0  0  0 ] (0.00000092)
[  0  1  1  0  0  0  0  0  0 ] (0.00000306)
[  0  1  1  0  0  0  0  0  1 ] (0.00000991)
[  0  1  1  0  0  0  0  0  2 ] (0.00000149)
[  0  1  1  0  0  0  0  0  3 ] (0.00000318)
[  0  1  1  0  0  0  0  1  0 ] (0.00000370)
[  0  1  1  0  0  0  0  1  1 ] (0.00007802)
[  0  1  1  0  0  0  0  1  2 ] (0.00003011)
[  0  1  1  0  0  0  0  2  0 ] (0.00000010)
[  0  1  1  0  0  0  0  2  1 ] (0.00038780)
[  0  1  1  0  0  0  0  3  0 ] (0.01096613)
[  0  1  1  0  0  0  1  0  0 ] (0.00002641)
[  0  1  1  0  0  0  1  0  1 ] (0.00027644)
[  0  1  1  0  0  0  1  0  2 ] (0.00025980)
[  0  1  1  0  0  0  1  1  0 ] (0.00012460)
[  0  1  1  0  0  0  1  1  1 ] (0.00038382)
[  0  1  1  0  0  0  1  2  0 ] (0.00008343)
[  0  1  1  0  0  0  2  0  0 ] (0.00001605)
[  0  1  1  0  0  0  2  0  1 ] (0.00028501)
[  0  1  1  0  0  0  2  1  0 ] (0.00036545)
[  0  1  1  0  0  0  3  0  0 ] (0.00032986)
[  0  1  1  0  0  1  0  0  0 ] (0.00022162)
[  0  1  1  0  0  1  0  0  1 ] (0.00074902)
[  0  1  1  0  0  1  0  0  2 ] (0.00023459)
[  0  1  1  0  0  1  0  1  0 ] (0.00100664)
[  0  1  1  0  0  1  0  1  1 ] (0.00028587)
[  0  1  1  0  0  1  0  2  0 ] (0.00566620)
[  0  1  1  0  0  1  1  0  0 ] (0.00008306)
[  0  1  1  0  0  1  1  0  1 ] (0.00001693)
[  0  1  1  0  0  1  1  1  0 ] (0.00000138)
[  0  1  1  0  0  1  2  0  0 ] (0.00633829)
[  0  1  1  0  0  2  0  0  0 ] (0.00006354)
[  0  1  1  0  0  2  0  0  1 ] (0.00005936)
[  0  1  1  0  0  2  0  1  0 ] (0.00078124)
[  0  1  1  0  0  2  1  0  0 ] (0.00097857)
[  0  1  1  0  0  3  0  0  0 ] (0.00014883)
[  0  1  1  0  1  0  0  0  0 ] (0.00005522)
[  0  1  1  0  1  0  0  0  1 ] (0.00010903)
[  0  1  1  0  1  0  0  0  2 ] (0.00002595)
[  0  1  1  0  1  0  0  1  0 ] (0.00005642)
[  0  1  1  0  1  0  0  1  1 ] (0.00014615)
[  0  1  1  0  1  0  0  2  0 ] (0.00489678)
[  0  1  1  0  1  0  1  0  0 ] (0.00022257)
[  0  1  1  0  1  0  1  0  1 ] (0.00005051)
[  0  1  1  0  1  0  1  1  0 ] (0.00062291)
[  0  1  1  0  1  0  2  0  0 ] (0.00117781)
[  0  1  1  0  1  1  0  0  0 ] (0.00043908)
[  0  1  1  0  1  1  0  0  1 ] (0.00003949)
[  0  1  1  0  1  1  0  1  0 ] (0.00033098)
[  0  1  1  0  1  1  1  0  0 ] (0.00095848)
[  0  1  1  0  1  2  0  0  0 ] (0.00023277)
[  0  1  1  0  2  0  0  0  0 ] (0.00000340)
[  0  1  1  0  2  0  0  0  1 ] (0.00168555)
[  0  1  1  0  2  0  0  1  0 ] (0.00062039)
[  0  1  1  0  2  0  1  0  0 ] (0.00469660)
[  0  1  1  0  2  1  0  0  0 ] (0.00146186)
[  0  1  1  0  3  0  0  0  0 ] (0.00022322)
[  0  1  1  1  0  0  0  0  0 ] (0.00003781)
[  0  1  1  1  0  0  0  0  1 ] (0.00239814)
[  0  1  1  1  0  0  0  0  2 ] (0.00033576)
[  0  1  1  1  0  0  0  1  0 ] (0.00006657)
[  0  1  1  1  0  0  0  1  1 ] (0.00003675)
[  0  1  1  1  0  0  0  2  0 ] (0.00000586)
[  0  1  1  1  0  0  1  0  0 ] (0.00004802)
[  0  1  1  1  0  0  1  0  1 ] (0.00007450)
[  0  1  1  1  0  0  1  1  0 ] (0.00000611)
[  0  1  1  1  0  0  2  0  0 ] (0.00445999)
[  0  1  1  1  0  1  0  0  0 ] (0.00001655)
[  0  1  1  1  0  1  0  0  1 ] (0.00003024)
[  0  1  1  1  0  1  0  1  0 ] (0.00023191)
[  0  1  1  1  0  1  1  0  0 ] (0.00009216)
[  0  1  1  1  0  2  0  0  0 ] (0.00062578)
[  0  1  1  1  1  0  0  0  0 ] (0.00029861)
[  0  1  1  1  1  0  0  0  1 ] (0.00050923)
[  0  1  1  1  1  0  0  1  0 ] (0.00045035)
[  0  1  1  1  1  0  1  0  0 ] (0.00001860)
[  0  1  1  1  1  1  0  0  0 ] (0.00143891)
[  0  1  1  1  2  0  0  0  0 ] (0.00111162)
[  0  1  1  2  0  0  0  0  0 ] (0.00070198)
[  0  1  1  2  0  0  0  0  1 ] (0.00082749)
[  0  1  1  2  0  0  0  1  0 ] (0.00048733)
[  0  1  1  2  0  0  1  0  0 ] (0.00038518)
[  0  1  1  2  0  1  0  0  0 ] (0.00105474)
[  0  1  1  2  1  0  0  0  0 ] (0.00108070)
[  0  1  1  3  0  0  0  0  0 ] (0.00088678)
[  0  1  2  0  0  0  0  0  0 ] (0.00000011)
[  0  1  2  0  0  0  0  0  1 ] (0.00000060)
[  0  1  2  0  0  0  0  0  2 ] (0.00000007)
[  0  1  2  0  0  0  0  1  0 ] (0.00000038)
[  0  1  2  0  0  0  0  1  1 ] (0.00000043)
[  0  1  2  0  0  0  0  2  0 ] (0.00002783)
[  0  1  2  0  0  0  1  0  0 ] (0.00000159)
[  0  1  2  0  0  0  1  0  1 ] (0.00000152)
[  0  1  2  0  0  0  1  1  0 ] (0.00000369)
[  0  1  2  0  0  0  2  0  0 ] (0.00007181)
[  0  1  2  0  0  1  0  0  0 ] (0.00000108)
[  0  1  2  0  0  1  0  0  1 ] (0.00000120)
[  0  1  2  0  0  1  0  1  0 ] (0.00000249)
[  0  1  2  0  0  1  1  0  0 ] (0.00001428)
[  0  1  2  0  0  2  0  0  0 ] (0.00003156)
[  0  1  2  0  1  0  0  0  0 ] (0.00000038)
[  0  1  2  0  1  0  0  0  1 ] (0.00000229)
[  0  1  2  0  1  0  0  1  0 ] (0.00000011)
[  0  1  2  0  1  0  1  0  0 ] (0.00000001)
[  0  1  2  0  1  1  0  0  0 ] (0.00003229)
[  0  1  2  0  2  0  0  0  0 ] (0.00000153)
[  0  1  2  1  0  0  0  0  0 ] (0.00000349)
[  0  1  2  1  0  0  0  0  1 ] (0.00000039)
[  0  1  2  1  0  0  0  1  0 ] (0.00001509)
[  0  1  2  1  0  0  1  0  0 ] (0.00000693)
[  0  1  2  1  0  1  0  0  0 ] (0.00000542)
[  0  1  2  1  1  0  0  0  0 ] (0.00000075)
[  0  1  2  2  0  0  0  0  0 ] (0.00000284)
[  0  1  3  0  0  0  0  0  0 ] (0.00000140)
[  0  1  3  0  0  0  0  0  1 ] (0.00001094)
[  0  1  3  0  0  0  0  1  0 ] (0.00000089)
[  0  1  3  0  0  0  1  0  0 ] (0.00000002)
[  0  1  3  0  0  1  0  0  0 ] (0.00000068)
[  0  1  3  0  1  0  0  0  0 ] (0.00000026)
[  0  1  3  1  0  0  0  0  0 ] (0.00000028)
[  0  1  4  0  0  0  0  0  0 ] (0.00012089)
[  0  2  0  0  0  0  0  0  0 ] (0.00000010)
[  0  2  0  0  0  0  0  0  1 ] (0.00000041)
[  0  2  0  0  0  0  0  0  2 ] (0.00002854)
[  0  2  0  0  0  0  0  0  3 ] (0.00000552)
[  0  2  0  0  0  0  0  1  0 ] (0.00020188)
[  0  2  0  0  0  0  0  1  1 ] (0.00000562)
[  0  2  0  0  0  0  0  1  2 ] (0.00002427)
[  0  2  0  0  0  0  0  2  0 ] (0.00000181)
[  0  2  0  0  0  0  0  2  1 ] (0.00008021)
[  0  2  0  0  0  0  0  3  0 ] (0.00391041)
[  0  2  0  0  0  0  1  0  0 ] (0.00002588)
[  0  2  0  0  0  0  1  0  1 ] (0.00007078)
[  0  2  0  0  0  0  1  0  2 ] (0.00000561)
[  0  2  0  0  0  0  1  1  0 ] (0.00006876)
[  0  2  0  0  0  0  1  1  1 ] (0.00000005)
[  0  2  0  0  0  0  1  2  0 ] (0.01630269)
[  0  2  0  0  0  0  2  0  0 ] (0.00010788)
[  0  2  0  0  0  0  2  0  1 ] (0.00016867)
[  0  2  0  0  0  0  2  1  0 ] (0.00132883)
[  0  2  0  0  0  0  3  0  0 ] (0.00034033)
[  0  2  0  0  0  1  0  0  0 ] (0.00001357)
[  0  2  0  0  0  1  0  0  1 ] (0.00003562)
[  0  2  0  0  0  1  0  0  2 ] (0.00012665)
[  0  2  0  0  0  1  0  1  0 ] (0.00003116)
[  0  2  0  0  0  1  0  1  1 ] (0.00024248)
[  0  2  0  0  0  1  0  2  0 ] (0.00313885)
[  0  2  0  0  0  1  1  0  0 ] (0.00029146)
[  0  2  0  0  0  1  1  0  1 ] (0.00007872)
[  0  2  0  0  0  1  1  1  0 ] (0.00043431)
[  0  2  0  0  0  1  2  0  0 ] (0.00211452)
[  0  2  0  0  0  2  0  0  0 ] (0.00001931)
[  0  2  0  0  0  2  0  0  1 ] (0.00228678)
[  0  2  0  0  0  2  0  1  0 ] (0.00272950)
[  0  2  0  0  0  2  1  0  0 ] (0.02148772)
[  0  2  0  0  0  3  0  0  0 ] (0.00031862)
[  0  2  0  0  1  0  0  0  0 ] (0.00001070)
[  0  2  0  0  1  0  0  0  1 ] (0.00063099)
[  0  2  0  0  1  0  0  0  2 ] (0.00015383)
[  0  2  0  0  1  0  0  1  0 ] (0.00127582)
[  0  2  0  0  1  0  0  1  1 ] (0.00008855)
[  0  2  0  0  1  0  0  2  0 ] (0.00510055)
[  0  2  0  0  1  0  1  0  0 ] (0.00004459)
[  0  2  0  0  1  0  1  0  1 ] (0.00003887)
[  0  2  0  0  1  0  1  1  0 ] (0.00052890)
[  0  2  0  0  1  0  2  0  0 ] (0.00010505)
[  0  2  0  0  1  1  0  0  0 ] (0.00060683)
[  0  2  0  0  1  1  0  0  1 ] (0.00000220)
[  0  2  0  0  1  1  0  1  0 ] (0.00037215)
[  0  2  0  0  1  1  1  0  0 ] (0.00023118)
[  0  2  0  0  1  2  0  0  0 ] (0.00000490)
[  0  2  0  0  2  0  0  0  0 ] (0.00000218)
[  0  2  0  0  2  0  0  0  1 ] (0.00159006)
[  0  2  0  0  2  0  0  1  0 ] (0.00053155)
[  0  2  0  0  2  0  1  0  0 ] (0.01128099)
[  0  2  0  0  2  1  0  0  0 ] (0.00438871)
[  0  2  0  0  3  0  0  0  0 ] (0.00003407)
[  0  2  0  1  0  0  0  0  0 ] (0.00017057)
[  0  2  0  1  0  0  0  0  1 ] (0.00050341)
[  0  2  0  1  0  0  0  0  2 ] (0.00052578)
[  0  2  0  1  0  0  0  1  0 ] (0.00043436)
[  0  2  0  1  0  0  0  1  1 ] (0.00002242)
[  0  2  0  1  0  0  0  2  0 ] (0.01166316)
[  0  2  0  1  0  0  1  0  0 ] (0.00027322)
[  0  2  0  1  0  0  1  0  1 ] (0.00035036)
[  0  2  0  1  0  0  1  1  0 ] (0.00000013)
[  0  2  0  1  0  0  2  0  0 ] (0.00117743)
[  0  2  0  1  0  1  0  0  0 ] (0.00005813)
[  0  2  0  1  0  1  0  0  1 ] (0.00015915)
[  0  2  0  1  0  1  0  1  0 ] (0.00002276)
[  0  2  0  1  0  1  1  0  0 ] (0.00225649)
[  0  2  0  1  0  2  0  0  0 ] (0.00115320)
[  0  2  0  1  1  0  0  0  0 ] (0.00068091)
[  0  2  0  1  1  0  0  0  1 ] (0.00000609)
[  0  2  0  1  1  0  0  1  0 ] (0.00063361)
[  0  2  0  1  1  0  1  0  0 ] (0.00092388)
[  0  2  0  1  1  1  0  0  0 ] (0.00683564)
[  0  2  0  1  2  0  0  0  0 ] (0.00137555)
[  0  2  0  2  0  0  0  0  0 ] (0.00003805)
[  0  2  0  2  0  0  0  0  1 ] (0.00002444)
[  0  2  0  2  0  0  0  1  0 ] (0.00027406)
[  0  2  0  2  0  0  1  0  0 ] (0.00316628)
[  0  2  0  2  0  1  0  0  0 ] (0.00396516)
[  0  2  0  2  1  0  0  0  0 ] (0.01702632)
[  0  2  0  3  0  0  0  0  0 ] (0.00004810)
[  0  2  1  0  0  0  0  0  0 ] (0.00000000)
[  0  2  1  0  0  0  0  0  1 ] (0.00000002)
[  0  2  1  0  0  0  0  0  2 ] (0.00000269)
[  0  2  1  0  0  0  0  1  0 ] (0.00000010)
[  0  2  1  0  0  0  0  1  1 ] (0.00000002)
[  0  2  1  0  0  0  0  2  0 ] (0.00000079)
[  0  2  1  0  0  0  1  0  0 ] (0.00000061)
[  0  2  1  0  0  0  1  0  1 ] (0.00000097)
[  0  2  1  0  0  0  1  1  0 ] (0.00000007)
[  0  2  1  0  0  0  2  0  0 ] (0.00003411)
[  0  2  1  0  0  1  0  0  0 ] (0.00000072)
[  0  2  1  0  0  1  0  0  1 ] (0.00000278)
[  0  2  1  0  0  1  0  1  0 ] (0.00000061)
[  0  2  1  0  0  1  1  0  0 ] (0.00000153)
[  0  2  1  0  0  2  0  0  0 ] (0.00000041)
[  0  2  1  0  1  0  0  0  0 ] (0.00000097)
[  0  2  1  0  1  0  0  0  1 ] (0.00000246)
[  0  2  1  0  1  0  0  1  0 ] (0.00000128)
[  0  2  1  0  1  0  1  0  0 ] (0.00000136)
[  0  2  1  0  1  1  0  0  0 ] (0.00000002)
[  0  2  1  0  2  0  0  0  0 ] (0.00000001)
[  0  2  1  1  0  0  0  0  0 ] (0.00000134)
[  0  2  1  1  0  0  0  0  1 ] (0.00000206)
[  0  2  1  1  0  0  0  1  0 ] (0.00000001)
[  0  2  1  1  0  0  1  0  0 ] (0.00000152)
[  0  2  1  1  0  1  0  0  0 ] (0.00001150)
[  0  2  1  1  1  0  0  0  0 ] (0.00001087)
[  0  2  1  2  0  0  0  0  0 ] (0.00000070)
[  0  2  2  0  0  0  0  0  0 ] (0.00000679)
[  0  2  2  0  0  0  0  0  1 ] (0.00038976)
[  0  2  2  0  0  0  0  1  0 ] (0.00033763)
[  0  2  2  0  0  0  1  0  0 ] (0.00009486)
[  0  2  2  0  0  1  0  0  0 ] (0.00012939)
[  0  2  2  0  1  0  0  0  0 ] (0.00185029)
[  0  2  2  1  0  0  0  0  0 ] (0.00002841)
[  0  2  3  0  0  0  0  0  0 ] (0.00034095)
[  0  3  0  0  0  0  0  0  0 ] (0.00008957)
[  0  3  0  0  0  0  0  0  1 ] (0.00035702)
[  0  3  0  0  0  0  0  0  2 ] (0.00579063)
[  0  3  0  0  0  0  0  1  0 ] (0.00015320)
[  0  3  0  0  0  0  0  1  1 ] (0.00311736)
[  0  3  0  0  0  0  0  2  0 ] (0.00018877)
[  0  3  0  0  0  0  1  0  0 ] (0.00051013)
[  0  3  0  0  0  0  1  0  1 ] (0.00511427)
[  0  3  0  0  0  0  1  1  0 ] (0.00038691)
[  0  3  0  0  0  0  2  0  0 ] (0.00045688)
[  0  3  0  0  0  1  0  0  0 ] (0.00009632)
[  0  3  0  0  0  1  0  0  1 ] (0.00113176)
[  0  3  0  0  0  1  0  1  0 ] (0.00007077)
[  0  3  0  0  0  1  1  0  0 ] (0.00068020)
[  0  3  0  0  0  2  0  0  0 ] (0.00005553)
[  0  3  0  0  1  0  0  0  0 ] (0.00003515)
[  0  3  0  0  1  0  0  0  1 ] (0.00247613)
[  0  3  0  0  1  0  0  1  0 ] (0.00004626)
[  0  3  0  0  1  0  1  0  0 ] (0.00041845)
[  0  3  0  0  1  1  0  0  0 ] (0.00015846)
[  0  3  0  0  2  0  0  0  0 ] (0.00001164)
[  0  3  0  1  0  0  0  0  0 ] (0.00125694)
[  0  3  0  1  0  0  0  0  1 ] (0.01071841)
[  0  3  0  1  0  0  0  1  0 ] (0.00010442)
[  0  3  0  1  0  0  1  0  0 ] (0.00064813)
[  0  3  0  1  0  1  0  0  0 ] (0.00029243)
[  0  3  0  1  1  0  0  0  0 ] (0.00003268)
[  0  3  0  2  0  0  0  0  0 ] (0.00013984)
[  0  3  1  0  0  0  0  0  0 ] (0.00000772)
[  0  3  1  0  0  0  0  0  1 ] (0.00003768)
[  0  3  1  0  0  0  0  1  0 ] (0.00000005)
[  0  3  1  0  0  0  1  0  0 ] (0.00000006)
[  0  3  1  0  0  1  0  0  0 ] (0.00000415)
[  0  3  1  0  1  0  0  0  0 ] (0.00000099)
[  0  3  1  1  0  0  0  0  0 ] (0.00000172)
[  0  3  2  0  0  0  0  0  0 ] (0.00007882)
[  0  4  0  0  0  0  0  0  0 ] (0.00000036)
[  0  4  0  0  0  0  0  0  1 ] (0.00000195)
[  0  4  0  0  0  0  0  1  0 ] (0.00000228)
[  0  4  0  0  0  0  1  0  0 ] (0.00000227)
[  0  4  0  0  0  1  0  0  0 ] (0.00000162)
[  0  4  0  0  1  0  0  0  0 ] (0.00000017)
[  0  4  0  1  0  0  0  0  0 ] (0.00000098)
[  0  4  1  0  0  0  0  0  0 ] (0.00015703)
[  0  5  0  0  0  0  0  0  0 ] (0.00002913)
[  1  0  0  0  0  0  0  0  0 ] (0.00000002)
[  1  0  0  0  0  0  0  0  1 ] (0.00000001)
[  1  0  0  0  0  0  0  0  2 ] (0.00000005)
[  1  0  0  0  0  0  0  0  3 ] (0.00000175)
[  1  0  0  0  0  0  0  0  4 ] (0.00000003)
[  1  0  0  0  0  0  0  1  0 ] (0.00000001)
[  1  0  0  0  0  0  0  1  1 ] (0.00000002)
[  1  0  0  0  0  0  0  1  2 ] (0.00000193)
[  1  0  0  0  0  0  0  1  3 ] (0.00000003)
[  1  0  0  0  0  0  0  2  0 ] (0.00000000)
[  1  0  0  0  0  0  0  2  1 ] (0.00020199)
[  1  0  0  0  0  0  0  2  2 ] (0.00000087)
[  1  0  0  0  0  0  0  3  0 ] (0.00000102)
[  1  0  0  0  0  0  0  3  1 ] (0.00000000)
[  1  0  0  0  0  0  0  4  0 ] (0.00000065)
[  1  0  0  0  0  0  1  0  0 ] (0.00000000)
[  1  0  0  0  0  0  1  0  1 ] (0.00000334)
[  1  0  0  0  0  0  1  0  2 ] (0.00000590)
[  1  0  0  0  0  0  1  0  3 ] (0.00000001)
[  1  0  0  0  0  0  1  1  0 ] (0.00000115)
[  1  0  0  0  0  0  1  1  1 ] (0.00000091)
[  1  0  0  0  0  0  1  1  2 ] (0.00000001)
[  1  0  0  0  0  0  1  2  0 ] (0.00000200)
[  1  0  0  0  0  0  1  2  1 ] (0.00000031)
[  1  0  0  0  0  0  1  3  0 ] (0.00000192)
[  1  0  0  0  0  0  2  0  0 ] (0.00000640)
[  1  0  0  0  0  0  2  0  1 ] (0.00019893)
[  1  0  0  0  0  0  2  0  2 ] (0.00003826)
[  1  0  0  0  0  0  2  1  0 ] (0.00000310)
[  1  0  0  0  0  0  2  1  1 ] (0.00000272)
[  1  0  0  0  0  0  2  2  0 ] (0.00000841)
[  1  0  0  0  0  0  3  0  0 ] (0.00000024)
[  1  0  0  0  0  0  3  0  1 ] (0.00000061)
[  1  0  0  0  0  0  3  1  0 ] (0.00000315)
[  1  0  0  0  0  0  4  0  0 ] (0.00006028)
[  1  0  0  0  0  1  0  0  0 ] (0.00000006)
[  1  0  0  0  0  1  0  0  1 ] (0.00000005)
[  1  0  0  0  0  1  0  0  2 ] (0.00000446)
[  1  0  0  0  0  1  0  0  3 ] (0.00000006)
[  1  0  0  0  0  1  0  1  0 ] (0.00000317)
[  1  0  0  0  0  1  0  1  1 ] (0.00000002)
[  1  0  0  0  0  1  0  1  2 ] (0.00000006)
[  1  0  0  0  0  1  0  2  0 ] (0.00000078)
[  1  0  0  0  0  1  0  2  1 ] (0.00000082)
[  1  0  0  0  0  1  0  3  0 ] (0.00000417)
[  1  0  0  0  0  1  1  0  0 ] (0.00000236)
[  1  0  0  0  0  1  1  0  1 ] (0.00001212)
[  1  0  0  0  0  1  1  0  2 ] (0.00000003)
[  1  0  0  0  0  1  1  1  0 ] (0.00000980)
[  1  0  0  0  0  1  1  1  1 ] (0.00000038)
[  1  0  0  0  0  1  1  2  0 ] (0.00000055)
[  1  0  0  0  0  1  2  0  0 ] (0.00000038)
[  1  0  0  0  0  1  2  0  1 ] (0.00000006)
[  1  0  0  0  0  1  2  1  0 ] (0.00000001)
[  1  0  0  0  0  1  3  0  0 ] (0.00000610)
[  1  0  0  0  0  2  0  0  0 ] (0.00000005)
[  1  0  0  0  0  2  0  0  1 ] (0.00000868)
[  1  0  0  0  0  2  0  0  2 ] (0.00000154)
[  1  0  0  0  0  2  0  1  0 ] (0.00000037)
[  1  0  0  0  0  2  0  1  1 ] (0.00000011)
[  1  0  0  0  0  2  0  2  0 ] (0.00006481)
[  1  0  0  0  0  2  1  0  0 ] (0.00000012)
[  1  0  0  0  0  2  1  0  1 ] (0.00000018)
[  1  0  0  0  0  2  1  1  0 ] (0.00000153)
[  1  0  0  0  0  2  2  0  0 ] (0.00000632)
[  1  0  0  0  0  3  0  0  0 ] (0.00000119)
[  1  0  0  0  0  3  0  0  1 ] (0.00000270)
[  1  0  0  0  0  3  0  1  0 ] (0.00005441)
[  1  0  0  0  0  3  1  0  0 ] (0.00000148)
[  1  0  0  0  0  4  0  0  0 ] (0.00001311)
[  1  0  0  0  1  0  0  0  0 ] (0.00000000)
[  1  0  0  0  1  0  0  0  1 ] (0.00000019)
[  1  0  0  0  1  0  0  0  2 ] (0.00000277)
[  1  0  0  0  1  0  0  0  3 ] (0.00000007)
[  1  0  0  0  1  0  0  1  0 ] (0.00000007)
[  1  0  0  0  1  0  0  1  1 ] (0.00000907)
[  1  0  0  0  1  0  0  1  2 ] (0.00000002)
[  1  0  0  0  1  0  0  2  0 ] (0.00000005)
[  1  0  0  0  1  0  0  2  1 ] (0.00000111)
[  1  0  0  0  1  0  0  3  0 ] (0.00000494)
[  1  0  0  0  1  0  1  0  0 ] (0.00000071)
[  1  0  0  0  1  0  1  0  1 ] (0.00000304)
[  1  0  0  0  1  0  1  0  2 ] (0.00000081)
[  1  0  0  0  1  0  1  1  0 ] (0.00000310)
[  1  0  0  0  1  0  1  1  1 ] (0.00000419)
[  1  0  0  0  1  0  1  2  0 ] (0.00000720)
[  1  0  0  0  1  0  2  0  0 ] (0.00000002)
[  1  0  0  0  1  0  2  0  1 ] (0.00000182)
[  1  0  0  0  1  0  2  1  0 ] (0.00000013)
[  1  0  0  0  1  0  3  0  0 ] (0.00005293)
[  1  0  0  0  1  1  0  0  0 ] (0.00000000)
[  1  0  0  0  1  1  0  0  1 ] (0.00001631)
[  1  0  0  0  1  1  0  0  2 ] (0.00000034)
[  1  0  0  0  1  1  0  1  0 ] (0.00001224)
[  1  0  0  0  1  1  0  1  1 ] (0.00000153)
[  1  0  0  0  1  1  0  2  0 ] (0.00000010)
[  1  0  0  0  1  1  1  0  0 ] (0.00000251)
[  1  0  0  0  1  1  1  0  1 ] (0.00000001)
[  1  0  0  0  1  1  1  1  0 ] (0.00000040)
[  1  0  0  0  1  1  2  0  0 ] (0.00000462)
[  1  0  0  0  1  2  0  0  0 ] (0.00000034)
[  1  0  0  0  1  2  0  0  1 ] (0.00000212)
[  1  0  0  0  1  2  0  1  0 ] (0.00000089)
[  1  0  0  0  1  2  1  0  0 ] (0.00000164)
[  1  0  0  0  1  3  0  0  0 ] (0.00009296)
[  1  0  0  0  2  0  0  0  0 ] (0.00000003)
[  1  0  0  0  2  0  0  0  1 ] (0.00002197)
[  1  0  0  0  2  0  0  0  2 ] (0.00000004)
[  1  0  0  0  2  0  0  1  0 ] (0.00000503)
[  1  0  0  0  2  0  0  1  1 ] (0.00000016)
[  1  0  0  0  2  0  0  2  0 ] (0.00000072)
[  1  0  0  0  2  0  1  0  0 ] (0.00000105)
[  1  0  0  0  2  0  1  0  1 ] (0.00000014)
[  1  0  0  0  2  0  1  1  0 ] (0.00000037)
[  1  0  0  0  2  0  2  0  0 ] (0.00000122)
[  1  0  0  0  2  1  0  0  0 ] (0.00000046)
[  1  0  0  0  2  1  0  0  1 ] (0.00000258)
[  1  0  0  0  2  1  0  1  0 ] (0.00000067)
[  1  0  0  0  2  1  1  0  0 ] (0.00000002)
[  1  0  0  0  2  2  0  0  0 ] (0.00004793)
[  1  0  0  0  3  0  0  0  0 ] (0.00000032)
[  1  0  0  0  3  0  0  0  1 ] (0.00000796)
[  1  0  0  0  3  0  0  1  0 ] (0.00001491)
[  1  0  0  0  3  0  1  0  0 ] (0.00000001)
[  1  0  0  0  3  1  0  0  0 ] (0.00000118)
[  1  0  0  0  4  0  0  0  0 ] (0.00000320)
[  1  0  0  1  0  0  0  0  0 ] (0.00000005)
[  1  0  0  1  0  0  0  0  1 ] (0.00000497)
[  1  0  0  1  0  0  0  0  2 ] (0.00005957)
[  1  0  0  1  0  0  0  0  3 ] (0.00000075)
[  1  0  0  1  0  0  0  1  0 ] (0.00000018)
[  1  0  0  1  0  0  0  1  1 ] (0.00000388)
[  1  0  0  1  0  0  0  1  2 ] (0.00000010)
[  1  0  0  1  0  0  0  2  0 ] (0.00000067)
[  1  0  0  1  0  0  0  2  1 ] (0.00000026)
[  1  0  0  1  0  0  0  3  0 ] (0.00000081)
[  1  0  0  1  0  0  1  0  0 ] (0.00000123)
[  1  0  0  1  0  0  1  0  1 ] (0.00000040)
[  1  0  0  1  0  0  1  0  2 ] (0.00000003)
[  1  0  0  1  0  0  1  1  0 ] (0.00000000)
[  1  0  0  1  0  0  1  1  1 ] (0.00000307)
[  1  0  0  1  0  0  1  2  0 ] (0.00000123)
[  1  0  0  1  0  0  2  0  0 ] (0.00000015)
[  1  0  0  1  0  0  2  0  1 ] (0.00000117)
[  1  0  0  1  0  0  2  1  0 ] (0.00000031)
[  1  0  0  1  0  0  3  0  0 ] (0.00009860)
[  1  0  0  1  0  1  0  0  0 ] (0.00000013)
[  1  0  0  1  0  1  0  0  1 ] (0.00000668)
[  1  0  0  1  0  1  0  0  2 ] (0.00000562)
[  1  0  0  1  0  1  0  1  0 ] (0.00000141)
[  1  0  0  1  0  1  0  1  1 ] (0.00000406)
[  1  0  0  1  0  1  0  2  0 ] (0.00000680)
[  1  0  0  1  0  1  1  0  0 ] (0.00000005)
[  1  0  0  1  0  1  1  0  1 ] (0.00000025)
[  1  0  0  1  0  1  1  1  0 ] (0.00000020)
[  1  0  0  1  0  1  2  0  0 ] (0.00000463)
[  1  0  0  1  0  2  0  0  0 ] (0.00000180)
[  1  0  0  1  0  2  0  0  1 ] (0.00000569)
[  1  0  0  1  0  2  0  1  0 ] (0.00000100)
[  1  0  0  1  0  2  1  0  0 ] (0.00000111)
[  1  0  0  1  0  3  0  0  0 ] (0.00007700)
[  1  0  0  1  1  0  0  0  0 ] (0.00000039)
[  1  0  0  1  1  0  0  0  1 ] (0.00000783)
[  1  0  0  1  1  0  0  0  2 ] (0.00000000)
[  1  0  0  1  1  0  0  1  0 ] (0.00000691)
[  1  0  0  1  1  0  0  1  1 ] (0.00000246)
[  1  0  0  1  1  0  0  2  0 ] (0.00000004)
[  1  0  0  1  1  0  1  0  0 ] (0.00000155)
[  1  0  0  1  1  0  1  0  1 ] (0.00000093)
[  1  0  0  1  1  0  1  1  0 ] (0.00000220)
[  1  0  0  1  1  0  2  0  0 ] (0.00000047)
[  1  0  0  1  1  1  0  0  0 ] (0.00000012)
[  1  0  0  1  1  1  0  0  1 ] (0.00000079)
[  1  0  0  1  1  1  0  1  0 ] (0.00000000)
[  1  0  0  1  1  1  1  0  0 ] (0.00000062)
[  1  0  0  1  1  2  0  0  0 ] (0.00000130)
[  1  0  0  1  2  0  0  0  0 ] (0.00000185)
[  1  0  0  1  2  0  0  0  1 ] (0.00000001)
[  1  0  0  1  2  0  0  1  0 ] (0.00000002)
[  1  0  0  1  2  0  1  0  0 ] (0.00000096)
[  1  0  0  1  2  1  0  0  0 ] (0.00000009)
[  1  0  0  1  3  0  0  0  0 ] (0.00000833)
[  1  0  0  2  0  0  0  0  0 ] (0.00000004)
[  1  0  0  2  0  0  0  0  1 ] (0.00002303)
[  1  0  0  2  0  0  0  0  2 ] (0.00000202)
[  1  0  0  2  0  0  0  1  0 ] (0.00000097)
[  1  0  0  2  0  0  0  1  1 ] (0.00000007)
[  1  0  0  2  0  0  0  2  0 ] (0.00000460)
[  1  0  0  2  0  0  1  0  0 ] (0.00000008)
[  1  0  0  2  0  0  1  0  1 ] (0.00000027)
[  1  0  0  2  0  0  1  1  0 ] (0.00000008)
[  1  0  0  2  0  0  2  0  0 ] (0.00000079)
[  1  0  0  2  0  1  0  0  0 ] (0.00000044)
[  1  0  0  2  0  1  0  0  1 ] (0.00000198)
[  1  0  0  2  0  1  0  1  0 ] (0.00000082)
[  1  0  0  2  0  1  1  0  0 ] (0.00000054)
[  1  0  0  2  0  2  0  0  0 ] (0.00000245)
[  1  0  0  2  1  0  0  0  0 ] (0.00000004)
[  1  0  0  2  1  0  0  0  1 ] (0.00000006)
[  1  0  0  2  1  0  0  1  0 ] (0.00000159)
[  1  0  0  2  1  0  1  0  0 ] (0.00000029)
[  1  0  0  2  1  1  0  0  0 ] (0.00000002)
[  1  0  0  2  2  0  0  0  0 ] (0.00000001)
[  1  0  0  3  0  0  0  0  0 ] (0.00000000)
[  1  0  0  3  0  0  0  0  1 ] (0.00000582)
[  1  0  0  3  0  0  0  1  0 ] (0.00002770)
[  1  0  0  3  0  0  1  0  0 ] (0.00001382)
[  1  0  0  3  0  1  0  0  0 ] (0.00000062)
[  1  0  0  3  1  0  0  0  0 ] (0.00000004)
[  1  0  0  4  0  0  0  0  0 ] (0.00000435)
[  1  0  1  0  0  0  0  0  0 ] (0.00003066)
[  1  0  1  0  0  0  0  0  1 ] (0.00000005)
[  1  0  1  0  0  0  0  0  2 ] (0.00076497)
[  1  0  1  0  0  0  0  0  3 ] (0.00000649)
[  1  0  1  0  0  0  0  1  0 ] (0.00002501)
[  1  0  1  0  0  0  0  1  1 ] (0.00025879)
[  1  0  1  0  0  0  0  1  2 ] (0.00004829)
[  1  0  1  0  0  0  0  2  0 ] (0.00080611)
[  1  0  1  0  0  0  0  2  1 ] (0.00168823)
[  1  0  1  0  0  0  0  3  0 ] (0.00344829)
[  1  0  1  0  0  0  1  0  0 ] (0.00002014)
[  1  0  1  0  0  0  1  0  1 ] (0.00085399)
[  1  0  1  0  0  0  1  0  2 ] (0.00055439)
[  1  0  1  0  0  0  1  1  0 ] (0.00000007)
[  1  0  1  0  0  0  1  1  1 ] (0.00000049)
[  1  0  1  0  0  0  1  2  0 ] (0.00000000)
[  1  0  1  0  0  0  2  0  0 ] (0.00005624)
[  1  0  1  0  0  0  2  0  1 ] (0.00000005)
[  1  0  1  0  0  0  2  1  0 ] (0.00152607)
[  1  0  1  0  0  0  3  0  0 ] (0.00017420)
[  1  0  1  0  0  1  0  0  0 ] (0.00014904)
[  1  0  1  0  0  1  0  0  1 ] (0.00197176)
[  1  0  1  0  0  1  0  0  2 ] (0.00070509)
[  1  0  1  0  0  1  0  1  0 ] (0.00007332)
[  1  0  1  0  0  1  0  1  1 ] (0.00015593)
[  1  0  1  0  0  1  0  2  0 ] (0.00293599)
[  1  0  1  0  0  1  1  0  0 ] (0.00018462)
[  1  0  1  0  0  1  1  0  1 ] (0.00007558)
[  1  0  1  0  0  1  1  1  0 ] (0.00030979)
[  1  0  1  0  0  1  2  0  0 ] (0.00000093)
[  1  0  1  0  0  2  0  0  0 ] (0.00021189)
[  1  0  1  0  0  2  0  0  1 ] (0.00333872)
[  1  0  1  0  0  2  0  1  0 ] (0.00232245)
[  1  0  1  0  0  2  1  0  0 ] (0.00437041)
[  1  0  1  0  0  3  0  0  0 ] (0.00028293)
[  1  0  1  0  1  0  0  0  0 ] (0.00025715)
[  1  0  1  0  1  0  0  0  1 ] (0.00770270)
[  1  0  1  0  1  0  0  0  2 ] (0.00087172)
[  1  0  1  0  1  0  0  1  0 ] (0.00000186)
[  1  0  1  0  1  0  0  1  1 ] (0.00027721)
[  1  0  1  0  1  0  0  2  0 ] (0.00118439)
[  1  0  1  0  1  0  1  0  0 ] (0.00007336)
[  1  0  1  0  1  0  1  0  1 ] (0.00033031)
[  1  0  1  0  1  0  1  1  0 ] (0.00024948)
[  1  0  1  0  1  0  2  0  0 ] (0.00012514)
[  1  0  1  0  1  1  0  0  0 ] (0.00000147)
[  1  0  1  0  1  1  0  0  1 ] (0.00019498)
[  1  0  1  0  1  1  0  1  0 ] (0.00214958)
[  1  0  1  0  1  1  1  0  0 ] (0.00086348)
[  1  0  1  0  1  2  0  0  0 ] (0.00026576)
[  1  0  1  0  2  0  0  0  0 ] (0.00003503)
[  1  0  1  0  2  0  0  0  1 ] (0.00327848)
[  1  0  1  0  2  0  0  1  0 ] (0.00257232)
[  1  0  1  0  2  0  1  0  0 ] (0.00930308)
[  1  0  1  0  2  1  0  0  0 ] (0.00000038)
[  1  0  1  0  3  0  0  0  0 ] (0.00091717)
[  1  0  1  1  0  0  0  0  0 ] (0.00001922)
[  1  0  1  1  0  0  0  0  1 ] (0.00048160)
[  1  0  1  1  0  0  0  0  2 ] (0.00000002)
[  1  0  1  1  0  0  0  1  0 ] (0.00007684)
[  1  0  1  1  0  0  0  1  1 ] (0.00010852)
[  1  0  1  1  0  0  0  2  0 ] (0.00736255)
[  1  0  1  1  0  0  1  0  0 ] (0.00058695)
[  1  0  1  1  0  0  1  0  1 ] (0.00003021)
[  1  0  1  1  0  0  1  1  0 ] (0.00030672)
[  1  0  1  1  0  0  2  0  0 ] (0.00129080)
[  1  0  1  1  0  1  0  0  0 ] (0.00023264)
[  1  0  1  1  0  1  0  0  1 ] (0.00004814)
[  1  0  1  1  0  1  0  1  0 ] (0.00022834)
[  1  0  1  1  0  1  1  0  0 ] (0.00032502)
[  1  0  1  1  0  2  0  0  0 ] (0.00311359)
[  1  0  1  1  1  0  0  0  0 ] (0.00054939)
[  1  0  1  1  1  0  0  0  1 ] (0.00009744)
[  1  0  1  1  1  0  0  1  0 ] (0.00000767)
[  1  0  1  1  1  0  1  0  0 ] (0.00006625)
[  1  0  1  1  1  1  0  0  0 ] (0.00033929)
[  1  0  1  1  2  0  0  0  0 ] (0.00005260)
[  1  0  1  2  0  0  0  0  0 ] (0.00007552)
[  1  0  1  2  0  0  0  0  1 ] (0.00017556)
[  1  0  1  2  0  0  0  1  0 ] (0.00019917)
[  1  0  1  2  0  0  1  0  0 ] (0.00045345)
[  1  0  1  2  0  1  0  0  0 ] (0.00004882)
[  1  0  1  2  1  0  0  0  0 ] (0.00505269)
[  1  0  1  3  0  0  0  0  0 ] (0.00006511)
[  1  0  2  0  0  0  0  0  0 ] (0.00000353)
[  1  0  2  0  0  0  0  0  1 ] (0.00000068)
[  1  0  2  0  0  0  0  0  2 ] (0.00000801)
[  1  0  2  0  0  0  0  1  0 ] (0.00000082)
[  1  0  2  0  0  0  0  1  1 ] (0.00000081)
[  1  0  2  0  0  0  0  2  0 ] (0.00005128)
[  1  0  2  0  0  0  1  0  0 ] (0.00000047)
[  1  0  2  0  0  0  1  0  1 ] (0.00000184)
[  1  0  2  0  0  0  1  1  0 ] (0.00000065)
[  1  0  2  0  0  0  2  0  0 ] (0.00007314)
[  1  0  2  0  0  1  0  0  0 ] (0.00000049)
[  1  0  2  0  0  1  0  0  1 ] (0.00000002)
[  1  0  2  0  0  1  0  1  0 ] (0.00000013)
[  1  0  2  0  0  1  1  0  0 ] (0.00000912)
[  1  0  2  0  0  2  0  0  0 ] (0.00009709)
[  1  0  2  0  1  0  0  0  0 ] (0.00000003)
[  1  0  2  0  1  0  0  0  1 ] (0.00000001)
[  1  0  2  0  1  0  0  1  0 ] (0.00000761)
[  1  0  2  0  1  0  1  0  0 ] (0.00000011)
[  1  0  2  0  1  1  0  0  0 ] (0.00002121)
[  1  0  2  0  2  0  0  0  0 ] (0.00000077)
[  1  0  2  1  0  0  0  0  0 ] (0.00000083)
[  1  0  2  1  0  0  0  0  1 ] (0.00000099)
[  1  0  2  1  0  0  0  1  0 ] (0.00000002)
[  1  0  2  1  0  0  1  0  0 ] (0.00000795)
[  1  0  2  1  0  1  0  0  0 ] (0.00000017)
[  1  0  2  1  1  0  0  0  0 ] (0.00000001)
[  1  0  2  2  0  0  0  0  0 ] (0.00000414)
[  1  0  3  0  0  0  0  0  0 ] (0.00000161)
[  1  0  3  0  0  0  0  0  1 ] (0.00001012)
[  1  0  3  0  0  0  0  1  0 ] (0.00000000)
[  1  0  3  0  0  0  1  0  0 ] (0.00000050)
[  1  0  3  0  0  1  0  0  0 ] (0.00000275)
[  1  0  3  0  1  0  0  0  0 ] (0.00000032)
[  1  0  3  1  0  0  0  0  0 ] (0.00000011)
[  1  0  4  0  0  0  0  0  0 ] (0.00007817)
[  1  1  0  0  0  0  0  0  0 ] (0.00001412)
[  1  1  0  0  0  0  0  0  1 ] (0.00011152)
[  1  1  0  0  0  0  0  0  2 ] (0.00049206)
[  1  1  0  0  0  0  0  0  3 ] (0.00000451)
[  1  1  0  0  0  0  0  1  0 ] (0.00049737)
[  1  1  0  0  0  0  0  1  1 ] (0.00434339)
[  1  1  0  0  0  0  0  1  2 ] (0.00130572)
[  1  1  0  0  0  0  0  2  0 ] (0.00004416)
[  1  1  0  0  0  0  0  2  1 ] (0.00015479)
[  1  1  0  0  0  0  0  3  0 ] (0.00001469)
[  1  1  0  0  0  0  1  0  0 ] (0.00001588)
[  1  1  0  0  0  0  1  0  1 ] (0.00007188)
[  1  1  0  0  0  0  1  0  2 ] (0.00008039)
[  1  1  0  0  0  0  1  1  0 ] (0.00001245)
[  1  1  0  0  0  0  1  1  1 ] (0.00002120)
[  1  1  0  0  0  0  1  2  0 ] (0.01320666)
[  1  1  0  0  0  0  2  0  0 ] (0.00000059)
[  1  1  0  0  0  0  2  0  1 ] (0.00066823)
[  1  1  0  0  0  0  2  1  0 ] (0.00078045)
[  1  1  0  0  0  0  3  0  0 ] (0.00003428)
[  1  1  0  0  0  1  0  0  0 ] (0.00020630)
[  1  1  0  0  0  1  0  0  1 ] (0.00002661)
[  1  1  0  0  0  1  0  0  2 ] (0.00001905)
[  1  1  0  0  0  1  0  1  0 ] (0.00032638)
[  1  1  0  0  0  1  0  1  1 ] (0.00068079)
[  1  1  0  0  0  1  0  2  0 ] (0.00210608)
[  1  1  0  0  0  1  1  0  0 ] (0.00000081)
[  1  1  0  0  0  1  1  0  1 ] (0.00000014)
[  1  1  0  0  0  1  1  1  0 ] (0.00083926)
[  1  1  0  0  0  1  2  0  0 ] (0.00025313)
[  1  1  0  0  0  2  0  0  0 ] (0.00000143)
[  1  1  0  0  0  2  0  0  1 ] (0.00000065)
[  1  1  0  0  0  2  0  1  0 ] (0.00434921)
[  1  1  0  0  0  2  1  0  0 ] (0.00066819)
[  1  1  0  0  0  3  0  0  0 ] (0.00000959)
[  1  1  0  0  1  0  0  0  0 ] (0.00001727)
[  1  1  0  0  1  0  0  0  1 ] (0.00108366)
[  1  1  0  0  1  0  0  0  2 ] (0.00004488)
[  1  1  0  0  1  0  0  1  0 ] (0.00001231)
[  1  1  0  0  1  0  0  1  1 ] (0.00000015)
[  1  1  0  0  1  0  0  2  0 ] (0.00426675)
[  1  1  0  0  1  0  1  0  0 ] (0.00000190)
[  1  1  0  0  1  0  1  0  1 ] (0.00002596)
[  1  1  0  0  1  0  1  1  0 ] (0.00793872)
[  1  1  0  0  1  0  2  0  0 ] (0.00047746)
[  1  1  0  0  1  1  0  0  0 ] (0.00023179)
[  1  1  0  0  1  1  0  0  1 ] (0.00064555)
[  1  1  0  0  1  1  0  1  0 ] (0.00003320)
[  1  1  0  0  1  1  1  0  0 ] (0.00196966)
[  1  1  0  0  1  2  0  0  0 ] (0.00197813)
[  1  1  0  0  2  0  0  0  0 ] (0.00069758)
[  1  1  0  0  2  0  0  0  1 ] (0.00365523)
[  1  1  0  0  2  0  0  1  0 ] (0.00125264)
[  1  1  0  0  2  0  1  0  0 ] (0.00000192)
[  1  1  0  0  2  1  0  0  0 ] (0.02021736)
[  1  1  0  0  3  0  0  0  0 ] (0.00006333)
[  1  1  0  1  0  0  0  0  0 ] (0.00007005)
[  1  1  0  1  0  0  0  0  1 ] (0.00021498)
[  1  1  0  1  0  0  0  0  2 ] (0.00000789)
[  1  1  0  1  0  0  0  1  0 ] (0.00002186)
[  1  1  0  1  0  0  0  1  1 ] (0.00022038)
[  1  1  0  1  0  0  0  2  0 ] (0.00715941)
[  1  1  0  1  0  0  1  0  0 ] (0.00001881)
[  1  1  0  1  0  0  1  0  1 ] (0.00008917)
[  1  1  0  1  0  0  1  1  0 ] (0.00035465)
[  1  1  0  1  0  0  2  0  0 ] (0.00189241)
[  1  1  0  1  0  1  0  0  0 ] (0.00008347)
[  1  1  0  1  0  1  0  0  1 ] (0.00028837)
[  1  1  0  1  0  1  0  1  0 ] (0.00214884)
[  1  1  0  1  0  1  1  0  0 ] (0.00041696)
[  1  1  0  1  0  2  0  0  0 ] (0.00396920)
[  1  1  0  1  1  0  0  0  0 ] (0.00036130)
[  1  1  0  1  1  0  0  0  1 ] (0.00071871)
[  1  1  0  1  1  0  0  1  0 ] (0.00392041)
[  1  1  0  1  1  0  1  0  0 ] (0.00087502)
[  1  1  0  1  1  1  0  0  0 ] (0.00822953)
[  1  1  0  1  2  0  0  0  0 ] (0.00501381)
[  1  1  0  2  0  0  0  0  0 ] (0.00009796)
[  1  1  0  2  0  0  0  0  1 ] (0.00002031)
[  1  1  0  2  0  0  0  1  0 ] (0.00622650)
[  1  1  0  2  0  0  1  0  0 ] (0.00013979)
[  1  1  0  2  0  1  0  0  0 ] (0.00938554)
[  1  1  0  2  1  0  0  0  0 ] (0.01434554)
[  1  1  0  3  0  0  0  0  0 ] (0.00001343)
[  1  1  1  0  0  0  0  0  0 ] (0.00000000)
[  1  1  1  0  0  0  0  0  1 ] (0.00000007)
[  1  1  1  0  0  0  0  0  2 ] (0.00000131)
[  1  1  1  0  0  0  0  1  0 ] (0.00000007)
[  1  1  1  0  0  0  0  1  1 ] (0.00000039)
[  1  1  1  0  0  0  0  2  0 ] (0.00008327)
[  1  1  1  0  0  0  1  0  0 ] (0.00000059)
[  1  1  1  0  0  0  1  0  1 ] (0.00000023)
[  1  1  1  0  0  0  1  1  0 ] (0.00000057)
[  1  1  1  0  0  0  2  0  0 ] (0.00009812)
[  1  1  1  0  0  1  0  0  0 ] (0.00000033)
[  1  1  1  0  0  1  0  0  1 ] (0.00002537)
[  1  1  1  0  0  1  0  1  0 ] (0.00001702)
[  1  1  1  0  0  1  1  0  0 ] (0.00000007)
[  1  1  1  0  0  2  0  0  0 ] (0.00003270)
[  1  1  1  0  1  0  0  0  0 ] (0.00000092)
[  1  1  1  0  1  0  0  0  1 ] (0.00000258)
[  1  1  1  0  1  0  0  1  0 ] (0.00000460)
[  1  1  1  0  1  0  1  0  0 ] (0.00000322)
[  1  1  1  0  1  1  0  0  0 ] (0.00004909)
[  1  1  1  0  2  0  0  0  0 ] (0.00000048)
[  1  1  1  1  0  0  0  0  0 ] (0.00000072)
[  1  1  1  1  0  0  0  0  1 ] (0.00002183)
[  1  1  1  1  0  0  0  1  0 ] (0.00000361)
[  1  1  1  1  0  0  1  0  0 ] (0.00000566)
[  1  1  1  1  0  1  0  0  0 ] (0.00001375)
[  1  1  1  1  1  0  0  0  0 ] (0.00002461)
[  1  1  1  2  0  0  0  0  0 ] (0.00000446)
[  1  1  2  0  0  0  0  0  0 ] (0.00000149)
[  1  1  2  0  0  0  0  0  1 ] (0.00064710)
[  1  1  2  0  0  0  0  1  0 ] (0.00017283)
[  1  1  2  0  0  0  1  0  0 ] (0.00002554)
[  1  1  2  0  0  1  0  0  0 ] (0.00420254)
[  1  1  2  0  1  0  0  0  0 ] (0.00142074)
[  1  1  2  1  0  0  0  0  0 ] (0.00267091)
[  1  1  3  0  0  0  0  0  0 ] (0.00030299)
[  1  2  0  0  0  0  0  0  0 ] (0.00000016)
[  1  2  0  0  0  0  0  0  1 ] (0.00000003)
[  1  2  0  0  0  0  0  0  2 ] (0.00000044)
[  1  2  0  0  0  0  0  1  0 ] (0.00000005)
[  1  2  0  0  0  0  0  1  1 ] (0.00000049)
[  1  2  0  0  0  0  0  2  0 ] (0.00000185)
[  1  2  0  0  0  0  1  0  0 ] (0.00000073)
[  1  2  0  0  0  0  1  0  1 ] (0.00001632)
[  1  2  0  0  0  0  1  1  0 ] (0.00000010)
[  1  2  0  0  0  0  2  0  0 ] (0.00006592)
[  1  2  0  0  0  1  0  0  0 ] (0.00000005)
[  1  2  0  0  0  1  0  0  1 ] (0.00000385)
[  1  2  0  0  0  1  0  1  0 ] (0.00000940)
[  1  2  0  0  0  1  1  0  0 ] (0.00000036)
[  1  2  0  0  0  2  0  0  0 ] (0.00004184)
[  1  2  0  0  1  0  0  0  0 ] (0.00000007)
[  1  2  0  0  1  0  0  0  1 ] (0.00000002)
[  1  2  0  0  1  0  0  1  0 ] (0.00002080)
[  1  2  0  0  1  0  1  0  0 ] (0.00000343)
[  1  2  0  0  1  1  0  0  0 ] (0.00001245)
[  1  2  0  0  2  0  0  0  0 ] (0.00000002)
[  1  2  0  1  0  0  0  0  0 ] (0.00000054)
[  1  2  0  1  0  0  0  0  1 ] (0.00005843)
[  1  2  0  1  0  0  0  1  0 ] (0.00000061)
[  1  2  0  1  0  0  1  0  0 ] (0.00000024)
[  1  2  0  1  0  1  0  0  0 ] (0.00001089)
[  1  2  0  1  1  0  0  0  0 ] (0.00000117)
[  1  2  0  2  0  0  0  0  0 ] (0.00000353)
[  1  2  1  0  0  0  0  0  0 ] (0.00001768)
[  1  2  1  0  0  0  0  0  1 ] (0.00133870)
[  1  2  1  0  0  0  0  1  0 ] (0.00025552)
[  1  2  1  0  0  0  1  0  0 ] (0.00142584)
[  1  2  1  0  0  1  0  0  0 ] (0.00113737)
[  1  2  1  0  1  0  0  0  0 ] (0.00000488)
[  1  2  1  1  0  0  0  0  0 ] (0.00121051)
[  1  2  2  0  0  0  0  0  0 ] (0.00000943)
[  1  3  0  0  0  0  0  0  0 ] (0.00000131)
[  1  3  0  0  0  0  0  0  1 ] (0.00000454)
[  1  3  0  0  0  0  0  1  0 ] (0.00000017)
[  1  3  0  0  0  0  1  0  0 ] (0.00000031)
[  1  3  0  0  0  1  0  0  0 ] (0.00000011)
[  1  3  0  0  1  0  0  0  0 ] (0.00000001)
[  1  3  0  1  0  0  0  0  0 ] (0.00000000)
[  1  3  1  0  0  0  0  0  0 ] (0.00000003)
[  1  4  0  0  0  0  0  0  0 ] (0.00002173)
[  2  0  0  0  0  0  0  0  0 ] (0.00000458)
[  2  0  0  0  0  0  0  0  1 ] (0.00005689)
[  2  0  0  0  0  0  0  0  2 ] (0.00093321)
[  2  0  0  0  0  0  0  0  3 ] (0.00001614)
[  2  0  0  0  0  0  0  1  0 ] (0.00008333)
[  2  0  0  0  0  0  0  1  1 ] (0.00001794)
[  2  0  0  0  0  0  0  1  2 ] (0.00001241)
[  2  0  0  0  0  0  0  2  0 ] (0.00010772)
[  2  0  0  0  0  0  0  2  1 ] (0.00000504)
[  2  0  0  0  0  0  0  3  0 ] (0.00047349)
[  2  0  0  0  0  0  1  0  0 ] (0.00000110)
[  2  0  0  0  0  0  1  0  1 ] (0.00003967)
[  2  0  0  0  0  0  1  0  2 ] (0.00002673)
[  2  0  0  0  0  0  1  1  0 ] (0.00014957)
[  2  0  0  0  0  0  1  1  1 ] (0.00007067)
[  2  0  0  0  0  0  1  2  0 ] (0.00269642)
[  2  0  0  0  0  0  2  0  0 ] (0.00000701)
[  2  0  0  0  0  0  2  0  1 ] (0.00043398)
[  2  0  0  0  0  0  2  1  0 ] (0.00083791)
[  2  0  0  0  0  0  3  0  0 ] (0.00016555)
[  2  0  0  0  0  1  0  0  0 ] (0.00000268)
[  2  0  0  0  0  1  0  0  1 ] (0.00026878)
[  2  0  0  0  0  1  0  0  2 ] (0.00003582)
[  2  0  0  0  0  1  0  1  0 ] (0.00022546)
[  2  0  0  0  0  1  0  1  1 ] (0.00010041)
[  2  0  0  0  0  1  0  2  0 ] (0.00000245)
[  2  0  0  0  0  1  1  0  0 ] (0.00000063)
[  2  0  0  0  0  1  1  0  1 ] (0.00014811)
[  2  0  0  0  0  1  1  1  0 ] (0.00070113)
[  2  0  0  0  0  1  2  0  0 ] (0.00423445)
[  2  0  0  0  0  2  0  0  0 ] (0.00001581)
[  2  0  0  0  0  2  0  0  1 ] (0.00286750)
[  2  0  0  0  0  2  0  1  0 ] (0.00155262)
[  2  0  0  0  0  2  1  0  0 ] (0.01769599)
[  2  0  0  0  0  3  0  0  0 ] (0.00007083)
[  2  0  0  0  1  0  0  0  0 ] (0.00036601)
[  2  0  0  0  1  0  0  0  1 ] (0.00020317)
[  2  0  0  0  1  0  0  0  2 ] (0.00008861)
[  2  0  0  0  1  0  0  1  0 ] (0.00084831)
[  2  0  0  0  1  0  0  1  1 ] (0.00000533)
[  2  0  0  0  1  0  0  2  0 ] (0.00577035)
[  2  0  0  0  1  0  1  0  0 ] (0.00015861)
[  2  0  0  0  1  0  1  0  1 ] (0.00019685)
[  2  0  0  0  1  0  1  1  0 ] (0.00009505)
[  2  0  0  0  1  0  2  0  0 ] (0.00042478)
[  2  0  0  0  1  1  0  0  0 ] (0.00000299)
[  2  0  0  0  1  1  0  0  1 ] (0.00001096)
[  2  0  0  0  1  1  0  1  0 ] (0.00120569)
[  2  0  0  0  1  1  1  0  0 ] (0.00046073)
[  2  0  0  0  1  2  0  0  0 ] (0.00696915)
[  2  0  0  0  2  0  0  0  0 ] (0.00020834)
[  2  0  0  0  2  0  0  0  1 ] (0.00005149)
[  2  0  0  0  2  0  0  1  0 ] (0.00754615)
[  2  0  0  0  2  0  1  0  0 ] (0.00143090)
[  2  0  0  0  2  1  0  0  0 ] (0.00450267)
[  2  0  0  0  3  0  0  0  0 ] (0.00014742)
[  2  0  0  1  0  0  0  0  0 ] (0.00000343)
[  2  0  0  1  0  0  0  0  1 ] (0.00002017)
[  2  0  0  1  0  0  0  0  2 ] (0.00004160)
[  2  0  0  1  0  0  0  1  0 ] (0.00034774)
[  2  0  0  1  0  0  0  1  1 ] (0.00010137)
[  2  0  0  1  0  0  0  2  0 ] (0.00220318)
[  2  0  0  1  0  0  1  0  0 ] (0.00043077)
[  2  0  0  1  0  0  1  0  1 ] (0.00002558)
[  2  0  0  1  0  0  1  1  0 ] (0.00045987)
[  2  0  0  1  0  0  2  0  0 ] (0.00001624)
[  2  0  0  1  0  1  0  0  0 ] (0.00001115)
[  2  0  0  1  0  1  0  0  1 ] (0.00000521)
[  2  0  0  1  0  1  0  1  0 ] (0.00140966)
[  2  0  0  1  0  1  1  0  0 ] (0.00118492)
[  2  0  0  1  0  2  0  0  0 ] (0.00271913)
[  2  0  0  1  1  0  0  0  0 ] (0.00001104)
[  2  0  0  1  1  0  0  0  1 ] (0.00000641)
[  2  0  0  1  1  0  0  1  0 ] (0.00129635)
[  2  0  0  1  1  0  1  0  0 ] (0.00305035)
[  2  0  0  1  1  1  0  0  0 ] (0.00423181)
[  2  0  0  1  2  0  0  0  0 ] (0.00000238)
[  2  0  0  2  0  0  0  0  0 ] (0.00006120)
[  2  0  0  2  0  0  0  0  1 ] (0.00000467)
[  2  0  0  2  0  0  0  1  0 ] (0.00112519)
[  2  0  0  2  0  0  1  0  0 ] (0.00188174)
[  2  0  0  2  0  1  0  0  0 ] (0.00051461)
[  2  0  0  2  1  0  0  0  0 ] (0.00401447)
[  2  0  0  3  0  0  0  0  0 ] (0.00000884)
[  2  0  1  0  0  0  0  0  0 ] (0.00000051)
[  2  0  1  0  0  0  0  0  1 ] (0.00000088)
[  2  0  1  0  0  0  0  0  2 ] (0.00000194)
[  2  0  1  0  0  0  0  1  0 ] (0.00000062)
[  2  0  1  0  0  0  0  1  1 ] (0.00000166)
[  2  0  1  0  0  0  0  2  0 ] (0.00001144)
[  2  0  1  0  0  0  1  0  0 ] (0.00000050)
[  2  0  1  0  0  0  1  0  1 ] (0.00000164)
[  2  0  1  0  0  0  1  1  0 ] (0.00000455)
[  2  0  1  0  0  0  2  0  0 ] (0.00001332)
[  2  0  1  0  0  1  0  0  0 ] (0.00000042)
[  2  0  1  0  0  1  0  0  1 ] (0.00001051)
[  2  0  1  0  0  1  0  1  0 ] (0.00000478)
[  2  0  1  0  0  1  1  0  0 ] (0.00000143)
[  2  0  1  0  0  2  0  0  0 ] (0.00003079)
[  2  0  1  0  1  0  0  0  0 ] (0.00000000)
[  2  0  1  0  1  0  0  0  1 ] (0.00000040)
[  2  0  1  0  1  0  0  1  0 ] (0.00000124)
[  2  0  1  0  1  0  1  0  0 ] (0.00000400)
[  2  0  1  0  1  1  0  0  0 ] (0.00000014)
[  2  0  1  0  2  0  0  0  0 ] (0.00000030)
[  2  0  1  1  0  0  0  0  0 ] (0.00000000)
[  2  0  1  1  0  0  0  0  1 ] (0.00000860)
[  2  0  1  1  0  0  0  1  0 ] (0.00002105)
[  2  0  1  1  0  0  1  0  0 ] (0.00001628)
[  2  0  1  1  0  1  0  0  0 ] (0.00000031)
[  2  0  1  1  1  0  0  0  0 ] (0.00000230)
[  2  0  1  2  0  0  0  0  0 ] (0.00000027)
[  2  0  2  0  0  0  0  0  0 ] (0.00000046)
[  2  0  2  0  0  0  0  0  1 ] (0.00005206)
[  2  0  2  0  0  0  0  1  0 ] (0.00070748)
[  2  0  2  0  0  0  1  0  0 ] (0.00014509)
[  2  0  2  0  0  1  0  0  0 ] (0.00109459)
[  2  0  2  0  1  0  0  0  0 ] (0.00000465)
[  2  0  2  1  0  0  0  0  0 ] (0.00090554)
[  2  0  3  0  0  0  0  0  0 ] (0.00005421)
[  2  1  0  0  0  0  0  0  0 ] (0.00000015)
[  2  1  0  0  0  0  0  0  1 ] (0.00000003)
[  2  1  0  0  0  0  0  0  2 ] (0.00000021)
[  2  1  0  0  0  0  0  1  0 ] (0.00000003)
[  2  1  0  0  0  0  0  1  1 ] (0.00000016)
[  2  1  0  0  0  0  0  2  0 ] (0.00000010)
[  2  1  0  0  0  0  1  0  0 ] (0.00000029)
[  2  1  0  0  0  0  1  0  1 ] (0.00002641)
[  2  1  0  0  0  0  1  1  0 ] (0.00000129)
[  2  1  0  0  0  0  2  0  0 ] (0.00000491)
[  2  1  0  0  0  1  0  0  0 ] (0.00000085)
[  2  1  0  0  0  1  0  0  1 ] (0.00000052)
[  2  1  0  0  0  1  0  1  0 ] (0.00000598)
[  2  1  0  0  0  1  1  0  0 ] (0.00002562)
[  2  1  0  0  0  2  0  0  0 ] (0.00005186)
[  2  1  0  0  1  0  0  0  0 ] (0.00000024)
[  2  1  0  0  1  0  0  0  1 ] (0.00000339)
[  2  1  0  0  1  0  0  1  0 ] (0.00000169)
[  2  1  0  0  1  0  1  0  0 ] (0.00000593)
[  2  1  0  0  1  1  0  0  0 ] (0.00002331)
[  2  1  0  0  2  0  0  0  0 ] (0.00000039)
[  2  1  0  1  0  0  0  0  0 ] (0.00000150)
[  2  1  0  1  0  0  0  0  1 ] (0.00009546)
[  2  1  0  1  0  0  0  1  0 ] (0.00000024)
[  2  1  0  1  0  0  1  0  0 ] (0.00000000)
[  2  1  0  1  0  1  0  0  0 ] (0.00002112)
[  2  1  0  1  1  0  0  0  0 ] (0.00000066)
[  2  1  0  2  0  0  0  0  0 ] (0.00000041)
[  2  1  1  0  0  0  0  0  0 ] (0.00034578)
[  2  1  1  0  0  0  0  0  1 ] (0.00039105)
[  2  1  1  0  0  0  0  1  0 ] (0.00019237)
[  2  1  1  0  0  0  1  0  0 ] (0.00069037)
[  2  1  1  0  0  1  0  0  0 ] (0.00000201)
[  2  1  1  0  1  0  0  0  0 ] (0.00014758)
[  2  1  1  1  0  0  0  0  0 ] (0.00000000)
[  2  1  2  0  0  0  0  0  0 ] (0.00000527)
[  2  2  0  0  0  0  0  0  0 ] (0.00034574)
[  2  2  0  0  0  0  0  0  1 ] (0.00104124)
[  2  2  0  0  0  0  0  1  0 ] (0.00087081)
[  2  2  0  0  0  0  1  0  0 ] (0.00000117)
[  2  2  0  0  0  1  0  0  0 ] (0.00020816)
[  2  2  0  0  1  0  0  0  0 ] (0.00006269)
[  2  2  0  1  0  0  0  0  0 ] (0.00071693)
[  2  2  1  0  0  0  0  0  0 ] (0.00000111)
[  2  3  0  0  0  0  0  0  0 ] (0.00000184)
[  3  0  0  0  0  0  0  0  0 ] (0.00000259)
[  3  0  0  0  0  0  0  0  1 ] (0.00000055)
[  3  0  0  0  0  0  0  0  2 ] (0.00021718)
[  3  0  0  0  0  0  0  1  0 ] (0.00020372)
[  3  0  0  0  0  0  0  1  1 ] (0.00403158)
[  3  0  0  0  0  0  0  2  0 ] (0.00005945)
[  3  0  0  0  0  0  1  0  0 ] (0.00001493)
[  3  0  0  0  0  0  1  0  1 ] (0.00011338)
[  3  0  0  0  0  0  1  1  0 ] (0.00006354)
[  3  0  0  0  0  0  2  0  0 ] (0.00000092)
[  3  0  0  0  0  1  0  0  0 ] (0.00001735)
[  3  0  0  0  0  1  0  0  1 ] (0.00004300)
[  3  0  0  0  0  1  0  1  0 ] (0.00005670)
[  3  0  0  0  0  1  1  0  0 ] (0.00002853)
[  3  0  0  0  0  2  0  0  0 ] (0.00016932)
[  3  0  0  0  1  0  0  0  0 ] (0.00011145)
[  3  0  0  0  1  0  0  0  1 ] (0.00135422)
[  3  0  0  0  1  0  0  1  0 ] (0.00000196)
[  3  0  0  0  1  0  1  0  0 ] (0.00005882)
[  3  0  0  0  1  1  0  0  0 ] (0.00008427)
[  3  0  0  0  2  0  0  0  0 ] (0.00000122)
[  3  0  0  1  0  0  0  0  0 ] (0.00001031)
[  3  0  0  1  0  0  0  0  1 ] (0.00004907)
[  3  0  0  1  0  0  0  1  0 ] (0.00002812)
[  3  0  0  1  0  0  1  0  0 ] (0.00002503)
[  3  0  0  1  0  1  0  0  0 ] (0.00009420)
[  3  0  0  1  1  0  0  0  0 ] (0.00004242)
[  3  0  0  2  0  0  0  0  0 ] (0.00001660)
[  3  0  1  0  0  0  0  0  0 ] (0.00000000)
[  3  0  1  0  0  0  0  0  1 ] (0.00000001)
[  3  0  1  0  0  0  0  1  0 ] (0.00000003)
[  3  0  1  0  0  0  1  0  0 ] (0.00000000)
[  3  0  1  0  0  1  0  0  0 ] (0.00000000)
[  3  0  1  0  1  0  0  0  0 ] (0.00000001)
[  3  0  1  1  0  0  0  0  0 ] (0.00000024)
[  3  0  2  0  0  0  0  0  0 ] (0.00004521)
[  3  1  0  0  0  0  0  0  0 ] (0.00000000)
[  3  1  0  0  0  0  0  0  1 ] (0.00000000)
[  3  1  0  0  0  0  0  1  0 ] (0.00000003)
[  3  1  0  0  0  0  1  0  0 ] (0.00000023)
[  3  1  0  0  0  1  0  0  0 ] (0.00000029)
[  3  1  0  0  1  0  0  0  0 ] (0.00000009)
[  3  1  0  1  0  0  0  0  0 ] (0.00000009)
[  3  1  1  0  0  0  0  0  0 ] (0.00004546)
[  3  2  0  0  0  0  0  0  0 ] (0.00000239)
[  4  0  0  0  0  0  0  0  0 ] (0.00000012)
[  4  0  0  0  0  0  0  0  1 ] (0.00000068)
[  4  0  0  0  0  0  0  1  0 ] (0.00000016)
[  4  0  0  0  0  0  1  0  0 ] (0.00000008)
[  4  0  0  0  0  1  0  0  0 ] (0.00000012)
[  4  0  0  0  1  0  0  0  0 ] (0.00000043)
[  4  0  0  1  0  0  0  0  0 ] (0.00000411)
[  4  0  1  0  0  0  0  0  0 ] (0.00020986)
[  4  1  0  0  0  0  0  0  0 ] (0.00000329)
[  5  0  0  0  0  0  0  0  0 ] (0.00000143)
