|  -937.285179785471 |   182.349064966535 

[  0  0  0  0  0  0  0  0  0 ] (0.00000000)
[  0  0  0  0  0  0  0  0  1 ] (0.00000011)
[  0  0  0  0  0  0  0  0  2 ] (0.00000002)
[  0  0  0  0  0  0  0  0  3 ] (0.00000072)
[  0  0  0  0  0  0  0  0  4 ] (0.00000016)
[  0  0  0  0  0  0  0  0  5 ] (0.00000003)
[  0  0  0  0  0  0  0  1  0 ] (0.00000003)
[  0  0  0  0  0  0  0  1  1 ] (0.00000111)
[  0  0  0  0  0  0  0  1  2 ] (0.00000108)
[  0  0  0  0  0  0  0  1  3 ] (0.00000014)
[  0  0  0  0  0  0  0  1  4 ] (0.00000000)
[  0  0  0  0  0  0  0  2  0 ] (0.00000000)
[  0  0  0  0  0  0  0  2  1 ] (0.00004435)
[  0  0  0  0  0  0  0  2  2 ] (0.00000012)
[  0  0  0  0  0  0  0  2  3 ] (0.00000001)
[  0  0  0  0  0  0  0  3  0 ] (0.00000001)
[  0  0  0  0  0  0  0  3  1 ] (0.00000017)
[  0  0  0  0  0  0  0  3  2 ] (0.00000000)
[  0  0  0  0  0  0  0  4  0 ] (0.00000010)
[  0  0  0  0  0  0  0  4  1 ] (0.00000016)
[  0  0  0  0  0  0  0  5  0 ] (0.00000002)
[  0  0  0  0  0  0  1  0  0 ] (0.00000004)
[  0  0  0  0  0  0  1  0  1 ] (0.00000002)
[  0  0  0  0  0  0  1  0  2 ] (0.00000344)
[  0  0  0  0  0  0  1  0  3 ] (0.00000000)
[  0  0  0  0  0  0  1  0  4 ] (0.00000000)
[  0  0  0  0  0  0  1  1  0 ] (0.00000000)
[  0  0  0  0  0  0  1  1  1 ] (0.00000052)
[  0  0  0  0  0  0  1  1  2 ] (0.00000012)
[  0  0  0  0  0  0  1  1  3 ] (0.00000000)
[  0  0  0  0  0  0  1  2  0 ] (0.00000002)
[  0  0  0  0  0  0  1  2  1 ] (0.00000001)
[  0  0  0  0  0  0  1  2  2 ] (0.00000000)
[  0  0  0  0  0  0  1  3  0 ] (0.00000008)
[  0  0  0  0  0  0  1  3  1 ] (0.00000006)
[  0  0  0  0  0  0  1  4  0 ] (0.00000002)
[  0  0  0  0  0  0  2  0  0 ] (0.00000001)
[  0  0  0  0  0  0  2  0  1 ] (0.00000114)
[  0  0  0  0  0  0  2  0  2 ] (0.00000000)
[  0  0  0  0  0  0  2  0  3 ] (0.00000003)
[  0  0  0  0  0  0  2  1  0 ] (0.00000243)
[  0  0  0  0  0  0  2  1  1 ] (0.00000003)
[  0  0  0  0  0  0  2  1  2 ] (0.00000006)
[  0  0  0  0  0  0  2  2  0 ] (0.00004468)
[  0  0  0  0  0  0  2  2  1 ] (0.00000426)
[  0  0  0  0  0  0  2  3  0 ] (0.00000034)
[  0  0  0  0  0  0  3  0  0 ] (0.00000010)
[  0  0  0  0  0  0  3  0  1 ] (0.00000063)
[  0  0  0  0  0  0  3  0  2 ] (0.00000000)
[  0  0  0  0  0  0  3  1  0 ] (0.00000049)
[  0  0  0  0  0  0  3  1  1 ] (0.00000003)
[  0  0  0  0  0  0  3  2  0 ] (0.00000171)
[  0  0  0  0  0  0  4  0  0 ] (0.00000091)
[  0  0  0  0  0  0  4  0  1 ] (0.00000000)
[  0  0  0  0  0  0  4  1  0 ] (0.00000009)
[  0  0  0  0  0  0  5  0  0 ] (0.00000000)
[  0  0  0  0  0  1  0  0  0 ] (0.00000000)
[  0  0  0  0  0  1  0  0  1 ] (0.00000001)
[  0  0  0  0  0  1  0  0  2 ] (0.00000102)
[  0  0  0  0  0  1  0  0  3 ] (0.00000013)
[  0  0  0  0  0  1  0  0  4 ] (0.00000001)
[  0  0  0  0  0  1  0  1  0 ] (0.00000038)
[  0  0  0  0  0  1  0  1  1 ] (0.00000006)
[  0  0  0  0  0  1  0  1  2 ] (0.00000004)
[  0  0  0  0  0  1  0  1  3 ] (0.00000001)
[  0  0  0  0  0  1  0  2  0 ] (0.00000027)
[  0  0  0  0  0  1  0  2  1 ] (0.00000002)
[  0  0  0  0  0  1  0  2  2 ] (0.00000000)
[  0  0  0  0  0  1  0  3  0 ] (0.00000000)
[  0  0  0  0  0  1  0  3  1 ] (0.00000002)
[  0  0  0  0  0  1  0  4  0 ] (0.00000019)
[  0  0  0  0  0  1  1  0  0 ] (0.00000056)
[  0  0  0  0  0  1  1  0  1 ] (0.00000009)
[  0  0  0  0  0  1  1  0  2 ] (0.00000001)
[  0  0  0  0  0  1  1  0  3 ] (0.00000000)
[  0  0  0  0  0  1  1  1  0 ] (0.00000026)
[  0  0  0  0  0  1  1  1  1 ] (0.00000000)
[  0  0  0  0  0  1  1  1  2 ] (0.00000000)
[  0  0  0  0  0  1  1  2  0 ] (0.00000053)
[  0  0  0  0  0  1  1  2  1 ] (0.00000001)
[  0  0  0  0  0  1  1  3  0 ] (0.00000000)
[  0  0  0  0  0  1  2  0  0 ] (0.00000001)
[  0  0  0  0  0  1  2  0  1 ] (0.00000001)
[  0  0  0  0  0  1  2  0  2 ] (0.00000000)
[  0  0  0  0  0  1  2  1  0 ] (0.00000126)
[  0  0  0  0  0  1  2  1  1 ] (0.00000016)
[  0  0  0  0  0  1  2  2  0 ] (0.00000021)
[  0  0  0  0  0  1  3  0  0 ] (0.00000037)
[  0  0  0  0  0  1  3  0  1 ] (0.00000011)
[  0  0  0  0  0  1  3  1  0 ] (0.00000002)
[  0  0  0  0  0  1  4  0  0 ] (0.00000051)
[  0  0  0  0  0  2  0  0  0 ] (0.00000000)
[  0  0  0  0  0  2  0  0  1 ] (0.00000007)
[  0  0  0  0  0  2  0  0  2 ] (0.00000005)
[  0  0  0  0  0  2  0  0  3 ] (0.00000000)
[  0  0  0  0  0  2  0  1  0 ] (0.00000182)
[  0  0  0  0  0  2  0  1  1 ] (0.00000016)
[  0  0  0  0  0  2  0  1  2 ] (0.00000001)
[  0  0  0  0  0  2  0  2  0 ] (0.00001527)
[  0  0  0  0  0  2  0  2  1 ] (0.00000054)
[  0  0  0  0  0  2  0  3  0 ] (0.00000036)
[  0  0  0  0  0  2  1  0  0 ] (0.00000014)
[  0  0  0  0  0  2  1  0  1 ] (0.00000027)
[  0  0  0  0  0  2  1  0  2 ] (0.00000000)
[  0  0  0  0  0  2  1  1  0 ] (0.00000022)
[  0  0  0  0  0  2  1  1  1 ] (0.00000003)
[  0  0  0  0  0  2  1  2  0 ] (0.00000052)
[  0  0  0  0  0  2  2  0  0 ] (0.00000726)
[  0  0  0  0  0  2  2  0  1 ] (0.00000132)
[  0  0  0  0  0  2  2  1  0 ] (0.00000011)
[  0  0  0  0  0  2  3  0  0 ] (0.00000015)
[  0  0  0  0  0  3  0  0  0 ] (0.00000015)
[  0  0  0  0  0  3  0  0  1 ] (0.00000208)
[  0  0  0  0  0  3  0  0  2 ] (0.00000000)
[  0  0  0  0  0  3  0  1  0 ] (0.00000144)
[  0  0  0  0  0  3  0  1  1 ] (0.00000001)
[  0  0  0  0  0  3  0  2  0 ] (0.00000004)
[  0  0  0  0  0  3  1  0  0 ] (0.00000417)
[  0  0  0  0  0  3  1  0  1 ] (0.00000042)
[  0  0  0  0  0  3  1  1  0 ] (0.00000007)
[  0  0  0  0  0  3  2  0  0 ] (0.00000009)
[  0  0  0  0  0  4  0  0  0 ] (0.00000092)
[  0  0  0  0  0  4  0  0  1 ] (0.00000005)
[  0  0  0  0  0  4  0  1  0 ] (0.00000005)
[  0  0  0  0  0  4  1  0  0 ] (0.00000036)
[  0  0  0  0  0  5  0  0  0 ] (0.00000010)
[  0  0  0  0  1  0  0  0  0 ] (0.00000000)
[  0  0  0  0  1  0  0  0  1 ] (0.00000095)
[  0  0  0  0  1  0  0  0  2 ] (0.00000649)
[  0  0  0  0  1  0  0  0  3 ] (0.00000002)
[  0  0  0  0  1  0  0  0  4 ] (0.00000000)
[  0  0  0  0  1  0  0  1  0 ] (0.00000003)
[  0  0  0  0  1  0  0  1  1 ] (0.00000388)
[  0  0  0  0  1  0  0  1  2 ] (0.00000005)
[  0  0  0  0  1  0  0  1  3 ] (0.00000001)
[  0  0  0  0  1  0  0  2  0 ] (0.00000050)
[  0  0  0  0  1  0  0  2  1 ] (0.00000142)
[  0  0  0  0  1  0  0  2  2 ] (0.00000001)
[  0  0  0  0  1  0  0  3  0 ] (0.00000126)
[  0  0  0  0  1  0  0  3  1 ] (0.00000006)
[  0  0  0  0  1  0  0  4  0 ] (0.00000001)
[  0  0  0  0  1  0  1  0  0 ] (0.00000002)
[  0  0  0  0  1  0  1  0  1 ] (0.00000008)
[  0  0  0  0  1  0  1  0  2 ] (0.00000003)
[  0  0  0  0  1  0  1  0  3 ] (0.00000000)
[  0  0  0  0  1  0  1  1  0 ] (0.00000014)
[  0  0  0  0  1  0  1  1  1 ] (0.00000038)
[  0  0  0  0  1  0  1  1  2 ] (0.00000000)
[  0  0  0  0  1  0  1  2  0 ] (0.00000134)
[  0  0  0  0  1  0  1  2  1 ] (0.00000000)
[  0  0  0  0  1  0  1  3  0 ] (0.00000000)
[  0  0  0  0  1  0  2  0  0 ] (0.00000043)
[  0  0  0  0  1  0  2  0  1 ] (0.00000000)
[  0  0  0  0  1  0  2  0  2 ] (0.00000001)
[  0  0  0  0  1  0  2  1  0 ] (0.00000118)
[  0  0  0  0  1  0  2  1  1 ] (0.00000012)
[  0  0  0  0  1  0  2  2  0 ] (0.00000027)
[  0  0  0  0  1  0  3  0  0 ] (0.00000012)
[  0  0  0  0  1  0  3  0  1 ] (0.00000000)
[  0  0  0  0  1  0  3  1  0 ] (0.00000019)
[  0  0  0  0  1  0  4  0  0 ] (0.00000014)
[  0  0  0  0  1  1  0  0  0 ] (0.00000001)
[  0  0  0  0  1  1  0  0  1 ] (0.00000009)
[  0  0  0  0  1  1  0  0  2 ] (0.00000000)
[  0  0  0  0  1  1  0  0  3 ] (0.00000000)
[  0  0  0  0  1  1  0  1  0 ] (0.00000086)
[  0  0  0  0  1  1  0  1  1 ] (0.00000001)
[  0  0  0  0  1  1  0  1  2 ] (0.00000000)
[  0  0  0  0  1  1  0  2  0 ] (0.00000024)
[  0  0  0  0  1  1  0  2  1 ] (0.00000002)
[  0  0  0  0  1  1  0  3  0 ] (0.00000000)
[  0  0  0  0  1  1  1  0  0 ] (0.00000004)
[  0  0  0  0  1  1  1  0  1 ] (0.00000002)
[  0  0  0  0  1  1  1  0  2 ] (0.00000001)
[  0  0  0  0  1  1  1  1  0 ] (0.00000003)
[  0  0  0  0  1  1  1  1  1 ] (0.00000001)
[  0  0  0  0  1  1  1  2  0 ] (0.00000000)
[  0  0  0  0  1  1  2  0  0 ] (0.00000040)
[  0  0  0  0  1  1  2  0  1 ] (0.00000001)
[  0  0  0  0  1  1  2  1  0 ] (0.00000002)
[  0  0  0  0  1  1  3  0  0 ] (0.00000001)
[  0  0  0  0  1  2  0  0  0 ] (0.00000025)
[  0  0  0  0  1  2  0  0  1 ] (0.00000004)
[  0  0  0  0  1  2  0  0  2 ] (0.00000000)
[  0  0  0  0  1  2  0  1  0 ] (0.00000374)
[  0  0  0  0  1  2  0  1  1 ] (0.00000008)
[  0  0  0  0  1  2  0  2  0 ] (0.00000072)
[  0  0  0  0  1  2  1  0  0 ] (0.00000022)
[  0  0  0  0  1  2  1  0  1 ] (0.00000000)
[  0  0  0  0  1  2  1  1  0 ] (0.00000062)
[  0  0  0  0  1  2  2  0  0 ] (0.00000000)
[  0  0  0  0  1  3  0  0  0 ] (0.00000027)
[  0  0  0  0  1  3  0  0  1 ] (0.00000001)
[  0  0  0  0  1  3  0  1  0 ] (0.00000006)
[  0  0  0  0  1  3  1  0  0 ] (0.00000000)
[  0  0  0  0  1  4  0  0  0 ] (0.00000005)
[  0  0  0  0  2  0  0  0  0 ] (0.00000002)
[  0  0  0  0  2  0  0  0  1 ] (0.00000094)
[  0  0  0  0  2  0  0  0  2 ] (0.00000000)
[  0  0  0  0  2  0  0  0  3 ] (0.00000000)
[  0  0  0  0  2  0  0  1  0 ] (0.00000007)
[  0  0  0  0  2  0  0  1  1 ] (0.00000002)
[  0  0  0  0  2  0  0  1  2 ] (0.00000000)
[  0  0  0  0  2  0  0  2  0 ] (0.00001814)
[  0  0  0  0  2  0  0  2  1 ] (0.00000056)
[  0  0  0  0  2  0  0  3  0 ] (0.00000000)
[  0  0  0  0  2  0  1  0  0 ] (0.00000000)
[  0  0  0  0  2  0  1  0  1 ] (0.00000000)
[  0  0  0  0  2  0  1  0  2 ] (0.00000000)
[  0  0  0  0  2  0  1  1  0 ] (0.00000004)
[  0  0  0  0  2  0  1  1  1 ] (0.00000007)
[  0  0  0  0  2  0  1  2  0 ] (0.00000019)
[  0  0  0  0  2  0  2  0  0 ] (0.00000010)
[  0  0  0  0  2  0  2  0  1 ] (0.00000010)
[  0  0  0  0  2  0  2  1  0 ] (0.00000006)
[  0  0  0  0  2  0  3  0  0 ] (0.00000012)
[  0  0  0  0  2  1  0  0  0 ] (0.00000000)
[  0  0  0  0  2  1  0  0  1 ] (0.00000003)
[  0  0  0  0  2  1  0  0  2 ] (0.00000000)
[  0  0  0  0  2  1  0  1  0 ] (0.00000004)
[  0  0  0  0  2  1  0  1  1 ] (0.00000003)
[  0  0  0  0  2  1  0  2  0 ] (0.00000002)
[  0  0  0  0  2  1  1  0  0 ] (0.00000001)
[  0  0  0  0  2  1  1  0  1 ] (0.00000002)
[  0  0  0  0  2  1  1  1  0 ] (0.00000001)
[  0  0  0  0  2  1  2  0  0 ] (0.00000000)
[  0  0  0  0  2  2  0  0  0 ] (0.00000113)
[  0  0  0  0  2  2  0  0  1 ] (0.00000011)
[  0  0  0  0  2  2  0  1  0 ] (0.00000040)
[  0  0  0  0  2  2  1  0  0 ] (0.00000000)
[  0  0  0  0  2  3  0  0  0 ] (0.00000018)
[  0  0  0  0  3  0  0  0  0 ] (0.00000012)
[  0  0  0  0  3  0  0  0  1 ] (0.00000004)
[  0  0  0  0  3  0  0  0  2 ] (0.00000000)
[  0  0  0  0  3  0  0  1  0 ] (0.00000154)
[  0  0  0  0  3  0  0  1  1 ] (0.00000001)
[  0  0  0  0  3  0  0  2  0 ] (0.00000127)
[  0  0  0  0  3  0  1  0  0 ] (0.00000004)
[  0  0  0  0  3  0  1  0  1 ] (0.00000002)
[  0  0  0  0  3  0  1  1  0 ] (0.00000000)
[  0  0  0  0  3  0  2  0  0 ] (0.00000003)
[  0  0  0  0  3  1  0  0  0 ] (0.00000021)
[  0  0  0  0  3  1  0  0  1 ] (0.00000001)
[  0  0  0  0  3  1  0  1  0 ] (0.00000006)
[  0  0  0  0  3  1  1  0  0 ] (0.00000002)
[  0  0  0  0  3  2  0  0  0 ] (0.00000000)
[  0  0  0  0  4  0  0  0  0 ] (0.00000036)
[  0  0  0  0  4  0  0  0  1 ] (0.00000028)
[  0  0  0  0  4  0  0  1  0 ] (0.00000012)
[  0  0  0  0  4  0  1  0  0 ] (0.00000030)
[  0  0  0  0  4  1  0  0  0 ] (0.00000011)
[  0  0  0  0  5  0  0  0  0 ] (0.00000010)
[  0  0  0  1  0  0  0  0  0 ] (0.00000000)
[  0  0  0  1  0  0  0  0  1 ] (0.00000020)
[  0  0  0  1  0  0  0  0  2 ] (0.00000603)
[  0  0  0  1  0  0  0  0  3 ] (0.00000000)
[  0  0  0  1  0  0  0  0  4 ] (0.00000001)
[  0  0  0  1  0  0  0  1  0 ] (0.00000000)
[  0  0  0  1  0  0  0  1  1 ] (0.00000401)
[  0  0  0  1  0  0  0  1  2 ] (0.00000021)
[  0  0  0  1  0  0  0  1  3 ] (0.00000003)
[  0  0  0  1  0  0  0  2  0 ] (0.00000003)
[  0  0  0  1  0  0  0  2  1 ] (0.00000052)
[  0  0  0  1  0  0  0  2  2 ] (0.00000000)
[  0  0  0  1  0  0  0  3  0 ] (0.00000020)
[  0  0  0  1  0  0  0  3  1 ] (0.00000018)
[  0  0  0  1  0  0  0  4  0 ] (0.00000002)
[  0  0  0  1  0  0  1  0  0 ] (0.00000011)
[  0  0  0  1  0  0  1  0  1 ] (0.00000017)
[  0  0  0  1  0  0  1  0  2 ] (0.00000001)
[  0  0  0  1  0  0  1  0  3 ] (0.00000001)
[  0  0  0  1  0  0  1  1  0 ] (0.00000007)
[  0  0  0  1  0  0  1  1  1 ] (0.00000000)
[  0  0  0  1  0  0  1  1  2 ] (0.00000000)
[  0  0  0  1  0  0  1  2  0 ] (0.00000096)
[  0  0  0  1  0  0  1  2  1 ] (0.00000001)
[  0  0  0  1  0  0  1  3  0 ] (0.00000002)
[  0  0  0  1  0  0  2  0  0 ] (0.00000000)
[  0  0  0  1  0  0  2  0  1 ] (0.00000001)
[  0  0  0  1  0  0  2  0  2 ] (0.00000005)
[  0  0  0  1  0  0  2  1  0 ] (0.00000034)
[  0  0  0  1  0  0  2  1  1 ] (0.00000004)
[  0  0  0  1  0  0  2  2  0 ] (0.00000037)
[  0  0  0  1  0  0  3  0  0 ] (0.00000056)
[  0  0  0  1  0  0  3  0  1 ] (0.00000000)
[  0  0  0  1  0  0  3  1  0 ] (0.00000001)
[  0  0  0  1  0  0  4  0  0 ] (0.00000148)
[  0  0  0  1  0  1  0  0  0 ] (0.00000003)
[  0  0  0  1  0  1  0  0  1 ] (0.00000014)
[  0  0  0  1  0  1  0  0  2 ] (0.00000001)
[  0  0  0  1  0  1  0  0  3 ] (0.00000000)
[  0  0  0  1  0  1  0  1  0 ] (0.00000016)
[  0  0  0  1  0  1  0  1  1 ] (0.00000014)
[  0  0  0  1  0  1  0  1  2 ] (0.00000000)
[  0  0  0  1  0  1  0  2  0 ] (0.00000192)
[  0  0  0  1  0  1  0  2  1 ] (0.00000001)
[  0  0  0  1  0  1  0  3  0 ] (0.00000000)
[  0  0  0  1  0  1  1  0  0 ] (0.00000094)
[  0  0  0  1  0  1  1  0  1 ] (0.00000007)
[  0  0  0  1  0  1  1  0  2 ] (0.00000000)
[  0  0  0  1  0  1  1  1  0 ] (0.00000001)
[  0  0  0  1  0  1  1  1  1 ] (0.00000000)
[  0  0  0  1  0  1  1  2  0 ] (0.00000014)
[  0  0  0  1  0  1  2  0  0 ] (0.00000060)
[  0  0  0  1  0  1  2  0  1 ] (0.00000011)
[  0  0  0  1  0  1  2  1  0 ] (0.00000004)
[  0  0  0  1  0  1  3  0  0 ] (0.00000001)
[  0  0  0  1  0  2  0  0  0 ] (0.00000065)
[  0  0  0  1  0  2  0  0  1 ] (0.00000022)
[  0  0  0  1  0  2  0  0  2 ] (0.00000000)
[  0  0  0  1  0  2  0  1  0 ] (0.00000131)
[  0  0  0  1  0  2  0  1  1 ] (0.00000008)
[  0  0  0  1  0  2  0  2  0 ] (0.00000006)
[  0  0  0  1  0  2  1  0  0 ] (0.00000051)
[  0  0  0  1  0  2  1  0  1 ] (0.00000014)
[  0  0  0  1  0  2  1  1  0 ] (0.00000023)
[  0  0  0  1  0  2  2  0  0 ] (0.00000053)
[  0  0  0  1  0  3  0  0  0 ] (0.00000022)
[  0  0  0  1  0  3  0  0  1 ] (0.00000001)
[  0  0  0  1  0  3  0  1  0 ] (0.00000008)
[  0  0  0  1  0  3  1  0  0 ] (0.00000002)
[  0  0  0  1  0  4  0  0  0 ] (0.00000077)
[  0  0  0  1  1  0  0  0  0 ] (0.00000002)
[  0  0  0  1  1  0  0  0  1 ] (0.00000241)
[  0  0  0  1  1  0  0  0  2 ] (0.00000000)
[  0  0  0  1  1  0  0  0  3 ] (0.00000001)
[  0  0  0  1  1  0  0  1  0 ] (0.00000010)
[  0  0  0  1  1  0  0  1  1 ] (0.00000075)
[  0  0  0  1  1  0  0  1  2 ] (0.00000001)
[  0  0  0  1  1  0  0  2  0 ] (0.00000006)
[  0  0  0  1  1  0  0  2  1 ] (0.00000002)
[  0  0  0  1  1  0  0  3  0 ] (0.00000000)
[  0  0  0  1  1  0  1  0  0 ] (0.00000019)
[  0  0  0  1  1  0  1  0  1 ] (0.00000003)
[  0  0  0  1  1  0  1  0  2 ] (0.00000000)
[  0  0  0  1  1  0  1  1  0 ] (0.00000009)
[  0  0  0  1  1  0  1  1  1 ] (0.00000000)
[  0  0  0  1  1  0  1  2  0 ] (0.00000001)
[  0  0  0  1  1  0  2  0  0 ] (0.00000040)
[  0  0  0  1  1  0  2  0  1 ] (0.00000006)
[  0  0  0  1  1  0  2  1  0 ] (0.00000006)
[  0  0  0  1  1  0  3  0  0 ] (0.00000021)
[  0  0  0  1  1  1  0  0  0 ] (0.00000080)
[  0  0  0  1  1  1  0  0  1 ] (0.00000001)
[  0  0  0  1  1  1  0  0  2 ] (0.00000001)
[  0  0  0  1  1  1  0  1  0 ] (0.00000017)
[  0  0  0  1  1  1  0  1  1 ] (0.00000000)
[  0  0  0  1  1  1  0  2  0 ] (0.00000014)
[  0  0  0  1  1  1  1  0  0 ] (0.00000005)
[  0  0  0  1  1  1  1  0  1 ] (0.00000001)
[  0  0  0  1  1  1  1  1  0 ] (0.00000000)
[  0  0  0  1  1  1  2  0  0 ] (0.00000001)
[  0  0  0  1  1  2  0  0  0 ] (0.00008090)
[  0  0  0  1  1  2  0  0  1 ] (0.00000332)
[  0  0  0  1  1  2  0  1  0 ] (0.00000463)
[  0  0  0  1  1  2  1  0  0 ] (0.00000182)
[  0  0  0  1  1  3  0  0  0 ] (0.00000015)
[  0  0  0  1  2  0  0  0  0 ] (0.00000002)
[  0  0  0  1  2  0  0  0  1 ] (0.00000000)
[  0  0  0  1  2  0  0  0  2 ] (0.00000000)
[  0  0  0  1  2  0  0  1  0 ] (0.00000016)
[  0  0  0  1  2  0  0  1  1 ] (0.00000001)
[  0  0  0  1  2  0  0  2  0 ] (0.00000000)
[  0  0  0  1  2  0  1  0  0 ] (0.00000012)
[  0  0  0  1  2  0  1  0  1 ] (0.00000001)
[  0  0  0  1  2  0  1  1  0 ] (0.00000009)
[  0  0  0  1  2  0  2  0  0 ] (0.00000003)
[  0  0  0  1  2  1  0  0  0 ] (0.00000012)
[  0  0  0  1  2  1  0  0  1 ] (0.00000000)
[  0  0  0  1  2  1  0  1  0 ] (0.00000000)
[  0  0  0  1  2  1  1  0  0 ] (0.00000005)
[  0  0  0  1  2  2  0  0  0 ] (0.00000062)
[  0  0  0  1  3  0  0  0  0 ] (0.00000001)
[  0  0  0  1  3  0  0  0  1 ] (0.00000000)
[  0  0  0  1  3  0  0  1  0 ] (0.00000000)
[  0  0  0  1  3  0  1  0  0 ] (0.00000000)
[  0  0  0  1  3  1  0  0  0 ] (0.00000003)
[  0  0  0  1  4  0  0  0  0 ] (0.00000000)
[  0  0  0  2  0  0  0  0  0 ] (0.00000025)
[  0  0  0  2  0  0  0  0  1 ] (0.00001091)
[  0  0  0  2  0  0  0  0  2 ] (0.00000010)
[  0  0  0  2  0  0  0  0  3 ] (0.00000000)
[  0  0  0  2  0  0  0  1  0 ] (0.00000087)
[  0  0  0  2  0  0  0  1  1 ] (0.00000118)
[  0  0  0  2  0  0  0  1  2 ] (0.00000006)
[  0  0  0  2  0  0  0  2  0 ] (0.00001079)
[  0  0  0  2  0  0  0  2  1 ] (0.00000002)
[  0  0  0  2  0  0  0  3  0 ] (0.00000003)
[  0  0  0  2  0  0  1  0  0 ] (0.00000006)
[  0  0  0  2  0  0  1  0  1 ] (0.00000074)
[  0  0  0  2  0  0  1  0  2 ] (0.00000000)
[  0  0  0  2  0  0  1  1  0 ] (0.00000040)
[  0  0  0  2  0  0  1  1  1 ] (0.00000036)
[  0  0  0  2  0  0  1  2  0 ] (0.00000101)
[  0  0  0  2  0  0  2  0  0 ] (0.00000016)
[  0  0  0  2  0  0  2  0  1 ] (0.00000006)
[  0  0  0  2  0  0  2  1  0 ] (0.00000009)
[  0  0  0  2  0  0  3  0  0 ] (0.00000000)
[  0  0  0  2  0  1  0  0  0 ] (0.00000001)
[  0  0  0  2  0  1  0  0  1 ] (0.00000013)
[  0  0  0  2  0  1  0  0  2 ] (0.00000000)
[  0  0  0  2  0  1  0  1  0 ] (0.00000004)
[  0  0  0  2  0  1  0  1  1 ] (0.00000001)
[  0  0  0  2  0  1  0  2  0 ] (0.00000053)
[  0  0  0  2  0  1  1  0  0 ] (0.00000001)
[  0  0  0  2  0  1  1  0  1 ] (0.00000001)
[  0  0  0  2  0  1  1  1  0 ] (0.00000003)
[  0  0  0  2  0  1  2  0  0 ] (0.00000018)
[  0  0  0  2  0  2  0  0  0 ] (0.00000344)
[  0  0  0  2  0  2  0  0  1 ] (0.00000057)
[  0  0  0  2  0  2  0  1  0 ] (0.00000014)
[  0  0  0  2  0  2  1  0  0 ] (0.00000046)
[  0  0  0  2  0  3  0  0  0 ] (0.00000001)
[  0  0  0  2  1  0  0  0  0 ] (0.00000014)
[  0  0  0  2  1  0  0  0  1 ] (0.00000015)
[  0  0  0  2  1  0  0  0  2 ] (0.00000000)
[  0  0  0  2  1  0  0  1  0 ] (0.00000023)
[  0  0  0  2  1  0  0  1  1 ] (0.00000000)
[  0  0  0  2  1  0  0  2  0 ] (0.00000002)
[  0  0  0  2  1  0  1  0  0 ] (0.00000123)
[  0  0  0  2  1  0  1  0  1 ] (0.00000001)
[  0  0  0  2  1  0  1  1  0 ] (0.00000005)
[  0  0  0  2  1  0  2  0  0 ] (0.00000000)
[  0  0  0  2  1  1  0  0  0 ] (0.00000239)
[  0  0  0  2  1  1  0  0  1 ] (0.00000016)
[  0  0  0  2  1  1  0  1  0 ] (0.00000000)
[  0  0  0  2  1  1  1  0  0 ] (0.00000006)
[  0  0  0  2  1  2  0  0  0 ] (0.00000093)
[  0  0  0  2  2  0  0  0  0 ] (0.00000063)
[  0  0  0  2  2  0  0  0  1 ] (0.00000000)
[  0  0  0  2  2  0  0  1  0 ] (0.00000001)
[  0  0  0  2  2  0  1  0  0 ] (0.00000002)
[  0  0  0  2  2  1  0  0  0 ] (0.00000003)
[  0  0  0  2  3  0  0  0  0 ] (0.00000000)
[  0  0  0  3  0  0  0  0  0 ] (0.00000002)
[  0  0  0  3  0  0  0  0  1 ] (0.00000027)
[  0  0  0  3  0  0  0  0  2 ] (0.00000018)
[  0  0  0  3  0  0  0  1  0 ] (0.00000006)
[  0  0  0  3  0  0  0  1  1 ] (0.00000018)
[  0  0  0  3  0  0  0  2  0 ] (0.00000003)
[  0  0  0  3  0  0  1  0  0 ] (0.00000036)
[  0  0  0  3  0  0  1  0  1 ] (0.00000007)
[  0  0  0  3  0  0  1  1  0 ] (0.00000003)
[  0  0  0  3  0  0  2  0  0 ] (0.00000003)
[  0  0  0  3  0  1  0  0  0 ] (0.00000038)
[  0  0  0  3  0  1  0  0  1 ] (0.00000000)
[  0  0  0  3  0  1  0  1  0 ] (0.00000009)
[  0  0  0  3  0  1  1  0  0 ] (0.00000002)
[  0  0  0  3  0  2  0  0  0 ] (0.00000004)
[  0  0  0  3  1  0  0  0  0 ] (0.00000028)
[  0  0  0  3  1  0  0  0  1 ] (0.00000001)
[  0  0  0  3  1  0  0  1  0 ] (0.00000005)
[  0  0  0  3  1  0  1  0  0 ] (0.00000003)
[  0  0  0  3  1  1  0  0  0 ] (0.00000000)
[  0  0  0  3  2  0  0  0  0 ] (0.00000027)
[  0  0  0  4  0  0  0  0  0 ] (0.00000088)
[  0  0  0  4  0  0  0  0  1 ] (0.00000009)
[  0  0  0  4  0  0  0  1  0 ] (0.00000015)
[  0  0  0  4  0  0  1  0  0 ] (0.00000029)
[  0  0  0  4  0  1  0  0  0 ] (0.00000016)
[  0  0  0  4  1  0  0  0  0 ] (0.00000008)
[  0  0  0  5  0  0  0  0  0 ] (0.00000022)
[  0  0  1  0  0  0  0  0  0 ] (0.00000154)
[  0  0  1  0  0  0  0  0  1 ] (0.00005276)
[  0  0  1  0  0  0  0  0  2 ] (0.00022300)
[  0  0  1  0  0  0  0  0  3 ] (0.00004218)
[  0  0  1  0  0  0  0  0  4 ] (0.00000354)
[  0  0  1  0  0  0  0  1  0 ] (0.00003213)
[  0  0  1  0  0  0  0  1  1 ] (0.00034807)
[  0  0  1  0  0  0  0  1  2 ] (0.00003957)
[  0  0  1  0  0  0  0  1  3 ] (0.00000483)
[  0  0  1  0  0  0  0  2  0 ] (0.00000617)
[  0  0  1  0  0  0  0  2  1 ] (0.00013886)
[  0  0  1  0  0  0  0  2  2 ] (0.00000007)
[  0  0  1  0  0  0  0  3  0 ] (0.00003679)
[  0  0  1  0  0  0  0  3  1 ] (0.00000335)
[  0  0  1  0  0  0  0  4  0 ] (0.00003181)
[  0  0  1  0  0  0  1  0  0 ] (0.00000594)
[  0  0  1  0  0  0  1  0  1 ] (0.00165540)
[  0  0  1  0  0  0  1  0  2 ] (0.00005795)
[  0  0  1  0  0  0  1  0  3 ] (0.00000202)
[  0  0  1  0  0  0  1  1  0 ] (0.00024866)
[  0  0  1  0  0  0  1  1  1 ] (0.00000326)
[  0  0  1  0  0  0  1  1  2 ] (0.00001556)
[  0  0  1  0  0  0  1  2  0 ] (0.00024649)
[  0  0  1  0  0  0  1  2  1 ] (0.00001125)
[  0  0  1  0  0  0  1  3  0 ] (0.00006422)
[  0  0  1  0  0  0  2  0  0 ] (0.00000188)
[  0  0  1  0  0  0  2  0  1 ] (0.00139951)
[  0  0  1  0  0  0  2  0  2 ] (0.00012967)
[  0  0  1  0  0  0  2  1  0 ] (0.00055174)
[  0  0  1  0  0  0  2  1  1 ] (0.00005637)
[  0  0  1  0  0  0  2  2  0 ] (0.00003564)
[  0  0  1  0  0  0  3  0  0 ] (0.00008490)
[  0  0  1  0  0  0  3  0  1 ] (0.00017926)
[  0  0  1  0  0  0  3  1  0 ] (0.00020703)
[  0  0  1  0  0  0  4  0  0 ] (0.00261363)
[  0  0  1  0  0  1  0  0  0 ] (0.00001157)
[  0  0  1  0  0  1  0  0  1 ] (0.00063625)
[  0  0  1  0  0  1  0  0  2 ] (0.00002521)
[  0  0  1  0  0  1  0  0  3 ] (0.00001230)
[  0  0  1  0  0  1  0  1  0 ] (0.00021509)
[  0  0  1  0  0  1  0  1  1 ] (0.00001822)
[  0  0  1  0  0  1  0  1  2 ] (0.00000733)
[  0  0  1  0  0  1  0  2  0 ] (0.00110455)
[  0  0  1  0  0  1  0  2  1 ] (0.00004666)
[  0  0  1  0  0  1  0  3  0 ] (0.00001715)
[  0  0  1  0  0  1  1  0  0 ] (0.00105612)
[  0  0  1  0  0  1  1  0  1 ] (0.00050577)
[  0  0  1  0  0  1  1  0  2 ] (0.00000059)
[  0  0  1  0  0  1  1  1  0 ] (0.00096022)
[  0  0  1  0  0  1  1  1  1 ] (0.00006297)
[  0  0  1  0  0  1  1  2  0 ] (0.00000022)
[  0  0  1  0  0  1  2  0  0 ] (0.00000988)
[  0  0  1  0  0  1  2  0  1 ] (0.00001640)
[  0  0  1  0  0  1  2  1  0 ] (0.00013054)
[  0  0  1  0  0  1  3  0  0 ] (0.00041526)
[  0  0  1  0  0  2  0  0  0 ] (0.00019801)
[  0  0  1  0  0  2  0  0  1 ] (0.00004508)
[  0  0  1  0  0  2  0  0  2 ] (0.00003703)
[  0  0  1  0  0  2  0  1  0 ] (0.00000247)
[  0  0  1  0  0  2  0  1  1 ] (0.00000024)
[  0  0  1  0  0  2  0  2  0 ] (0.00000221)
[  0  0  1  0  0  2  1  0  0 ] (0.00024165)
[  0  0  1  0  0  2  1  0  1 ] (0.00011144)
[  0  0  1  0  0  2  1  1  0 ] (0.00000586)
[  0  0  1  0  0  2  2  0  0 ] (0.00011540)
[  0  0  1  0  0  3  0  0  0 ] (0.00009038)
[  0  0  1  0  0  3  0  0  1 ] (0.00000024)
[  0  0  1  0  0  3  0  1  0 ] (0.00077774)
[  0  0  1  0  0  3  1  0  0 ] (0.00284089)
[  0  0  1  0  0  4  0  0  0 ] (0.00000685)
[  0  0  1  0  1  0  0  0  0 ] (0.00013924)
[  0  0  1  0  1  0  0  0  1 ] (0.00007532)
[  0  0  1  0  1  0  0  0  2 ] (0.00001884)
[  0  0  1  0  1  0  0  0  3 ] (0.00000110)
[  0  0  1  0  1  0  0  1  0 ] (0.00001714)
[  0  0  1  0  1  0  0  1  1 ] (0.00003999)
[  0  0  1  0  1  0  0  1  2 ] (0.00000649)
[  0  0  1  0  1  0  0  2  0 ] (0.00006122)
[  0  0  1  0  1  0  0  2  1 ] (0.00002687)
[  0  0  1  0  1  0  0  3  0 ] (0.00004112)
[  0  0  1  0  1  0  1  0  0 ] (0.00007241)
[  0  0  1  0  1  0  1  0  1 ] (0.00010509)
[  0  0  1  0  1  0  1  0  2 ] (0.00000603)
[  0  0  1  0  1  0  1  1  0 ] (0.00241461)
[  0  0  1  0  1  0  1  1  1 ] (0.00063738)
[  0  0  1  0  1  0  1  2  0 ] (0.00014059)
[  0  0  1  0  1  0  2  0  0 ] (0.00282350)
[  0  0  1  0  1  0  2  0  1 ] (0.00027715)
[  0  0  1  0  1  0  2  1  0 ] (0.00032144)
[  0  0  1  0  1  0  3  0  0 ] (0.00358109)
[  0  0  1  0  1  1  0  0  0 ] (0.00123096)
[  0  0  1  0  1  1  0  0  1 ] (0.00028542)
[  0  0  1  0  1  1  0  0  2 ] (0.00000041)
[  0  0  1  0  1  1  0  1  0 ] (0.00068322)
[  0  0  1  0  1  1  0  1  1 ] (0.00000049)
[  0  0  1  0  1  1  0  2  0 ] (0.00000651)
[  0  0  1  0  1  1  1  0  0 ] (0.01095904)
[  0  0  1  0  1  1  1  0  1 ] (0.00064654)
[  0  0  1  0  1  1  1  1  0 ] (0.00007305)
[  0  0  1  0  1  1  2  0  0 ] (0.00039415)
[  0  0  1  0  1  2  0  0  0 ] (0.00000131)
[  0  0  1  0  1  2  0  0  1 ] (0.00003481)
[  0  0  1  0  1  2  0  1  0 ] (0.00000964)
[  0  0  1  0  1  2  1  0  0 ] (0.00008262)
[  0  0  1  0  1  3  0  0  0 ] (0.00010541)
[  0  0  1  0  2  0  0  0  0 ] (0.00013135)
[  0  0  1  0  2  0  0  0  1 ] (0.00003776)
[  0  0  1  0  2  0  0  0  2 ] (0.00001176)
[  0  0  1  0  2  0  0  1  0 ] (0.00094019)
[  0  0  1  0  2  0  0  1  1 ] (0.00003716)
[  0  0  1  0  2  0  0  2  0 ] (0.00016472)
[  0  0  1  0  2  0  1  0  0 ] (0.00175692)
[  0  0  1  0  2  0  1  0  1 ] (0.00050031)
[  0  0  1  0  2  0  1  1  0 ] (0.00009528)
[  0  0  1  0  2  0  2  0  0 ] (0.00006289)
[  0  0  1  0  2  1  0  0  0 ] (0.00006599)
[  0  0  1  0  2  1  0  0  1 ] (0.00027832)
[  0  0  1  0  2  1  0  1  0 ] (0.00007286)
[  0  0  1  0  2  1  1  0  0 ] (0.00070604)
[  0  0  1  0  2  2  0  0  0 ] (0.00051141)
[  0  0  1  0  3  0  0  0  0 ] (0.00038261)
[  0  0  1  0  3  0  0  0  1 ] (0.00000026)
[  0  0  1  0  3  0  0  1  0 ] (0.00073628)
[  0  0  1  0  3  0  1  0  0 ] (0.00205245)
[  0  0  1  0  3  1  0  0  0 ] (0.00087549)
[  0  0  1  0  4  0  0  0  0 ] (0.00208380)
[  0  0  1  1  0  0  0  0  0 ] (0.00005337)
[  0  0  1  1  0  0  0  0  1 ] (0.00024474)
[  0  0  1  1  0  0  0  0  2 ] (0.00007157)
[  0  0  1  1  0  0  0  0  3 ] (0.00003609)
[  0  0  1  1  0  0  0  1  0 ] (0.00006163)
[  0  0  1  1  0  0  0  1  1 ] (0.00002114)
[  0  0  1  1  0  0  0  1  2 ] (0.00000078)
[  0  0  1  1  0  0  0  2  0 ] (0.00024952)
[  0  0  1  1  0  0  0  2  1 ] (0.00000680)
[  0  0  1  1  0  0  0  3  0 ] (0.00000471)
[  0  0  1  1  0  0  1  0  0 ] (0.00040557)
[  0  0  1  1  0  0  1  0  1 ] (0.00032231)
[  0  0  1  1  0  0  1  0  2 ] (0.00001309)
[  0  0  1  1  0  0  1  1  0 ] (0.00354877)
[  0  0  1  1  0  0  1  1  1 ] (0.00041566)
[  0  0  1  1  0  0  1  2  0 ] (0.00008515)
[  0  0  1  1  0  0  2  0  0 ] (0.00000127)
[  0  0  1  1  0  0  2  0  1 ] (0.00000000)
[  0  0  1  1  0  0  2  1  0 ] (0.00005497)
[  0  0  1  1  0  0  3  0  0 ] (0.00120348)
[  0  0  1  1  0  1  0  0  0 ] (0.00044306)
[  0  0  1  1  0  1  0  0  1 ] (0.00001188)
[  0  0  1  1  0  1  0  0  2 ] (0.00001643)
[  0  0  1  1  0  1  0  1  0 ] (0.00121712)
[  0  0  1  1  0  1  0  1  1 ] (0.00015455)
[  0  0  1  1  0  1  0  2  0 ] (0.00011220)
[  0  0  1  1  0  1  1  0  0 ] (0.00004800)
[  0  0  1  1  0  1  1  0  1 ] (0.00011296)
[  0  0  1  1  0  1  1  1  0 ] (0.00000456)
[  0  0  1  1  0  1  2  0  0 ] (0.00002162)
[  0  0  1  1  0  2  0  0  0 ] (0.00015772)
[  0  0  1  1  0  2  0  0  1 ] (0.00000002)
[  0  0  1  1  0  2  0  1  0 ] (0.00005223)
[  0  0  1  1  0  2  1  0  0 ] (0.00003454)
[  0  0  1  1  0  3  0  0  0 ] (0.00092202)
[  0  0  1  1  1  0  0  0  0 ] (0.00018840)
[  0  0  1  1  1  0  0  0  1 ] (0.00028939)
[  0  0  1  1  1  0  0  0  2 ] (0.00000001)
[  0  0  1  1  1  0  0  1  0 ] (0.00004682)
[  0  0  1  1  1  0  0  1  1 ] (0.00004590)
[  0  0  1  1  1  0  0  2  0 ] (0.00044928)
[  0  0  1  1  1  0  1  0  0 ] (0.00110035)
[  0  0  1  1  1  0  1  0  1 ] (0.00007506)
[  0  0  1  1  1  0  1  1  0 ] (0.00067438)
[  0  0  1  1  1  0  2  0  0 ] (0.00000101)
[  0  0  1  1  1  1  0  0  0 ] (0.00922086)
[  0  0  1  1  1  1  0  0  1 ] (0.00044328)
[  0  0  1  1  1  1  0  1  0 ] (0.00043276)
[  0  0  1  1  1  1  1  0  0 ] (0.00012583)
[  0  0  1  1  1  2  0  0  0 ] (0.00009195)
[  0  0  1  1  2  0  0  0  0 ] (0.00077056)
[  0  0  1  1  2  0  0  0  1 ] (0.00001773)
[  0  0  1  1  2  0  0  1  0 ] (0.00000475)
[  0  0  1  1  2  0  1  0  0 ] (0.00006182)
[  0  0  1  1  2  1  0  0  0 ] (0.00006638)
[  0  0  1  1  3  0  0  0  0 ] (0.00465447)
[  0  0  1  2  0  0  0  0  0 ] (0.00007085)
[  0  0  1  2  0  0  0  0  1 ] (0.00001817)
[  0  0  1  2  0  0  0  0  2 ] (0.00000162)
[  0  0  1  2  0  0  0  1  0 ] (0.00018822)
[  0  0  1  2  0  0  0  1  1 ] (0.00006808)
[  0  0  1  2  0  0  0  2  0 ] (0.00003352)
[  0  0  1  2  0  0  1  0  0 ] (0.00164689)
[  0  0  1  2  0  0  1  0  1 ] (0.00000810)
[  0  0  1  2  0  0  1  1  0 ] (0.00005715)
[  0  0  1  2  0  0  2  0  0 ] (0.00011129)
[  0  0  1  2  0  1  0  0  0 ] (0.00000026)
[  0  0  1  2  0  1  0  0  1 ] (0.00006663)
[  0  0  1  2  0  1  0  1  0 ] (0.00000787)
[  0  0  1  2  0  1  1  0  0 ] (0.00072337)
[  0  0  1  2  0  2  0  0  0 ] (0.00000382)
[  0  0  1  2  1  0  0  0  0 ] (0.00034676)
[  0  0  1  2  1  0  0  0  1 ] (0.00004924)
[  0  0  1  2  1  0  0  1  0 ] (0.00003423)
[  0  0  1  2  1  0  1  0  0 ] (0.00003738)
[  0  0  1  2  1  1  0  0  0 ] (0.00003278)
[  0  0  1  2  2  0  0  0  0 ] (0.00025439)
[  0  0  1  3  0  0  0  0  0 ] (0.00016236)
[  0  0  1  3  0  0  0  0  1 ] (0.00025015)
[  0  0  1  3  0  0  0  1  0 ] (0.00059876)
[  0  0  1  3  0  0  1  0  0 ] (0.00141663)
[  0  0  1  3  0  1  0  0  0 ] (0.00084728)
[  0  0  1  3  1  0  0  0  0 ] (0.00091876)
[  0  0  1  4  0  0  0  0  0 ] (0.00058294)
[  0  0  2  0  0  0  0  0  0 ] (0.00000003)
[  0  0  2  0  0  0  0  0  1 ] (0.00000090)
[  0  0  2  0  0  0  0  0  2 ] (0.00000465)
[  0  0  2  0  0  0  0  0  3 ] (0.00000002)
[  0  0  2  0  0  0  0  1  0 ] (0.00000006)
[  0  0  2  0  0  0  0  1  1 ] (0.00000090)
[  0  0  2  0  0  0  0  1  2 ] (0.00000023)
[  0  0  2  0  0  0  0  2  0 ] (0.00000067)
[  0  0  2  0  0  0  0  2  1 ] (0.00000000)
[  0  0  2  0  0  0  0  3  0 ] (0.00000127)
[  0  0  2  0  0  0  1  0  0 ] (0.00000150)
[  0  0  2  0  0  0  1  0  1 ] (0.00002583)
[  0  0  2  0  0  0  1  0  2 ] (0.00000396)
[  0  0  2  0  0  0  1  1  0 ] (0.00000001)
[  0  0  2  0  0  0  1  1  1 ] (0.00000039)
[  0  0  2  0  0  0  1  2  0 ] (0.00000000)
[  0  0  2  0  0  0  2  0  0 ] (0.00000038)
[  0  0  2  0  0  0  2  0  1 ] (0.00000001)
[  0  0  2  0  0  0  2  1  0 ] (0.00000114)
[  0  0  2  0  0  0  3  0  0 ] (0.00000999)
[  0  0  2  0  0  1  0  0  0 ] (0.00000005)
[  0  0  2  0  0  1  0  0  1 ] (0.00000984)
[  0  0  2  0  0  1  0  0  2 ] (0.00000108)
[  0  0  2  0  0  1  0  1  0 ] (0.00000359)
[  0  0  2  0  0  1  0  1  1 ] (0.00000057)
[  0  0  2  0  0  1  0  2  0 ] (0.00000009)
[  0  0  2  0  0  1  1  0  0 ] (0.00000001)
[  0  0  2  0  0  1  1  0  1 ] (0.00000000)
[  0  0  2  0  0  1  1  1  0 ] (0.00000014)
[  0  0  2  0  0  1  2  0  0 ] (0.00000002)
[  0  0  2  0  0  2  0  0  0 ] (0.00000004)
[  0  0  2  0  0  2  0  0  1 ] (0.00000017)
[  0  0  2  0  0  2  0  1  0 ] (0.00000002)
[  0  0  2  0  0  2  1  0  0 ] (0.00000012)
[  0  0  2  0  0  3  0  0  0 ] (0.00000004)
[  0  0  2  0  1  0  0  0  0 ] (0.00000007)
[  0  0  2  0  1  0  0  0  1 ] (0.00004751)
[  0  0  2  0  1  0  0  0  2 ] (0.00000286)
[  0  0  2  0  1  0  0  1  0 ] (0.00000301)
[  0  0  2  0  1  0  0  1  1 ] (0.00000076)
[  0  0  2  0  1  0  0  2  0 ] (0.00000033)
[  0  0  2  0  1  0  1  0  0 ] (0.00000000)
[  0  0  2  0  1  0  1  0  1 ] (0.00000004)
[  0  0  2  0  1  0  1  1  0 ] (0.00000025)
[  0  0  2  0  1  0  2  0  0 ] (0.00000005)
[  0  0  2  0  1  1  0  0  0 ] (0.00000110)
[  0  0  2  0  1  1  0  0  1 ] (0.00000000)
[  0  0  2  0  1  1  0  1  0 ] (0.00000008)
[  0  0  2  0  1  1  1  0  0 ] (0.00000054)
[  0  0  2  0  1  2  0  0  0 ] (0.00000007)
[  0  0  2  0  2  0  0  0  0 ] (0.00000043)
[  0  0  2  0  2  0  0  0  1 ] (0.00000045)
[  0  0  2  0  2  0  0  1  0 ] (0.00000271)
[  0  0  2  0  2  0  1  0  0 ] (0.00000049)
[  0  0  2  0  2  1  0  0  0 ] (0.00000339)
[  0  0  2  0  3  0  0  0  0 ] (0.00000025)
[  0  0  2  1  0  0  0  0  0 ] (0.00000041)
[  0  0  2  1  0  0  0  0  1 ] (0.00001638)
[  0  0  2  1  0  0  0  0  2 ] (0.00000166)
[  0  0  2  1  0  0  0  1  0 ] (0.00000009)
[  0  0  2  1  0  0  0  1  1 ] (0.00000011)
[  0  0  2  1  0  0  0  2  0 ] (0.00000158)
[  0  0  2  1  0  0  1  0  0 ] (0.00000066)
[  0  0  2  1  0  0  1  0  1 ] (0.00000000)
[  0  0  2  1  0  0  1  1  0 ] (0.00000024)
[  0  0  2  1  0  0  2  0  0 ] (0.00000018)
[  0  0  2  1  0  1  0  0  0 ] (0.00000057)
[  0  0  2  1  0  1  0  0  1 ] (0.00000008)
[  0  0  2  1  0  1  0  1  0 ] (0.00000020)
[  0  0  2  1  0  1  1  0  0 ] (0.00000020)
[  0  0  2  1  0  2  0  0  0 ] (0.00000046)
[  0  0  2  1  1  0  0  0  0 ] (0.00000065)
[  0  0  2  1  1  0  0  0  1 ] (0.00000001)
[  0  0  2  1  1  0  0  1  0 ] (0.00000015)
[  0  0  2  1  1  0  1  0  0 ] (0.00000047)
[  0  0  2  1  1  1  0  0  0 ] (0.00000058)
[  0  0  2  1  2  0  0  0  0 ] (0.00000039)
[  0  0  2  2  0  0  0  0  0 ] (0.00000027)
[  0  0  2  2  0  0  0  0  1 ] (0.00000000)
[  0  0  2  2  0  0  0  1  0 ] (0.00000027)
[  0  0  2  2  0  0  1  0  0 ] (0.00000049)
[  0  0  2  2  0  1  0  0  0 ] (0.00000043)
[  0  0  2  2  1  0  0  0  0 ] (0.00000127)
[  0  0  2  3  0  0  0  0  0 ] (0.00000216)
[  0  0  3  0  0  0  0  0  0 ] (0.00000071)
[  0  0  3  0  0  0  0  0  1 ] (0.00000138)
[  0  0  3  0  0  0  0  0  2 ] (0.00000167)
[  0  0  3  0  0  0  0  1  0 ] (0.00000006)
[  0  0  3  0  0  0  0  1  1 ] (0.00000000)
[  0  0  3  0  0  0  0  2  0 ] (0.00000020)
[  0  0  3  0  0  0  1  0  0 ] (0.00000015)
[  0  0  3  0  0  0  1  0  1 ] (0.00000100)
[  0  0  3  0  0  0  1  1  0 ] (0.00000649)
[  0  0  3  0  0  0  2  0  0 ] (0.00001725)
[  0  0  3  0  0  1  0  0  0 ] (0.00000055)
[  0  0  3  0  0  1  0  0  1 ] (0.00000001)
[  0  0  3  0  0  1  0  1  0 ] (0.00001091)
[  0  0  3  0  0  1  1  0  0 ] (0.00000258)
[  0  0  3  0  0  2  0  0  0 ] (0.00000154)
[  0  0  3  0  1  0  0  0  0 ] (0.00000034)
[  0  0  3  0  1  0  0  0  1 ] (0.00000392)
[  0  0  3  0  1  0  0  1  0 ] (0.00006303)
[  0  0  3  0  1  0  1  0  0 ] (0.00000012)
[  0  0  3  0  1  1  0  0  0 ] (0.00002673)
[  0  0  3  0  2  0  0  0  0 ] (0.00000051)
[  0  0  3  1  0  0  0  0  0 ] (0.00000013)
[  0  0  3  1  0  0  0  0  1 ] (0.00000013)
[  0  0  3  1  0  0  0  1  0 ] (0.00000342)
[  0  0  3  1  0  0  1  0  0 ] (0.00000162)
[  0  0  3  1  0  1  0  0  0 ] (0.00000072)
[  0  0  3  1  1  0  0  0  0 ] (0.00000001)
[  0  0  3  2  0  0  0  0  0 ] (0.00000077)
[  0  0  4  0  0  0  0  0  0 ] (0.00003117)
[  0  0  4  0  0  0  0  0  1 ] (0.00063771)
[  0  0  4  0  0  0  0  1  0 ] (0.00003343)
[  0  0  4  0  0  0  1  0  0 ] (0.00046042)
[  0  0  4  0  0  1  0  0  0 ] (0.00005593)
[  0  0  4  0  1  0  0  0  0 ] (0.00007836)
[  0  0  4  1  0  0  0  0  0 ] (0.00000000)
[  0  0  5  0  0  0  0  0  0 ] (0.00000245)
[  0  1  0  0  0  0  0  0  0 ] (0.00000373)
[  0  1  0  0  0  0  0  0  1 ] (0.00000386)
[  0  1  0  0  0  0  0  0  2 ] (0.00011079)
[  0  1  0  0  0  0  0  0  3 ] (0.00000372)
[  0  1  0  0  0  0  0  0  4 ] (0.00000000)
[  0  1  0  0  0  0  0  1  0 ] (0.00007030)
[  0  1  0  0  0  0  0  1  1 ] (0.00005766)
[  0  1  0  0  0  0  0  1  2 ] (0.00002104)
[  0  1  0  0  0  0  0  1  3 ] (0.00000350)
[  0  1  0  0  0  0  0  2  0 ] (0.00000120)
[  0  1  0  0  0  0  0  2  1 ] (0.00008043)
[  0  1  0  0  0  0  0  2  2 ] (0.00000695)
[  0  1  0  0  0  0  0  3  0 ] (0.00000789)
[  0  1  0  0  0  0  0  3  1 ] (0.00001752)
[  0  1  0  0  0  0  0  4  0 ] (0.00000325)
[  0  1  0  0  0  0  1  0  0 ] (0.00001044)
[  0  1  0  0  0  0  1  0  1 ] (0.00004402)
[  0  1  0  0  0  0  1  0  2 ] (0.00000614)
[  0  1  0  0  0  0  1  0  3 ] (0.00000521)
[  0  1  0  0  0  0  1  1  0 ] (0.00010993)
[  0  1  0  0  0  0  1  1  1 ] (0.00043451)
[  0  1  0  0  0  0  1  1  2 ] (0.00002509)
[  0  1  0  0  0  0  1  2  0 ] (0.00002422)
[  0  1  0  0  0  0  1  2  1 ] (0.00000055)
[  0  1  0  0  0  0  1  3  0 ] (0.00002788)
[  0  1  0  0  0  0  2  0  0 ] (0.00064503)
[  0  1  0  0  0  0  2  0  1 ] (0.00632111)
[  0  1  0  0  0  0  2  0  2 ] (0.00118856)
[  0  1  0  0  0  0  2  1  0 ] (0.00195623)
[  0  1  0  0  0  0  2  1  1 ] (0.00008952)
[  0  1  0  0  0  0  2  2  0 ] (0.00017658)
[  0  1  0  0  0  0  3  0  0 ] (0.00034221)
[  0  1  0  0  0  0  3  0  1 ] (0.00002555)
[  0  1  0  0  0  0  3  1  0 ] (0.00295756)
[  0  1  0  0  0  0  4  0  0 ] (0.00198587)
[  0  1  0  0  0  1  0  0  0 ] (0.00002311)
[  0  1  0  0  0  1  0  0  1 ] (0.00028733)
[  0  1  0  0  0  1  0  0  2 ] (0.00001319)
[  0  1  0  0  0  1  0  0  3 ] (0.00000392)
[  0  1  0  0  0  1  0  1  0 ] (0.00010281)
[  0  1  0  0  0  1  0  1  1 ] (0.00020082)
[  0  1  0  0  0  1  0  1  2 ] (0.00000001)
[  0  1  0  0  0  1  0  2  0 ] (0.00002670)
[  0  1  0  0  0  1  0  2  1 ] (0.00000061)
[  0  1  0  0  0  1  0  3  0 ] (0.00011461)
[  0  1  0  0  0  1  1  0  0 ] (0.00018434)
[  0  1  0  0  0  1  1  0  1 ] (0.00007115)
[  0  1  0  0  0  1  1  0  2 ] (0.00002952)
[  0  1  0  0  0  1  1  1  0 ] (0.00956747)
[  0  1  0  0  0  1  1  1  1 ] (0.00051041)
[  0  1  0  0  0  1  1  2  0 ] (0.00048680)
[  0  1  0  0  0  1  2  0  0 ] (0.00030692)
[  0  1  0  0  0  1  2  0  1 ] (0.00011479)
[  0  1  0  0  0  1  2  1  0 ] (0.00004397)
[  0  1  0  0  0  1  3  0  0 ] (0.00001463)
[  0  1  0  0  0  2  0  0  0 ] (0.00005949)
[  0  1  0  0  0  2  0  0  1 ] (0.00116521)
[  0  1  0  0  0  2  0  0  2 ] (0.00013860)
[  0  1  0  0  0  2  0  1  0 ] (0.00005331)
[  0  1  0  0  0  2  0  1  1 ] (0.00000037)
[  0  1  0  0  0  2  0  2  0 ] (0.00030065)
[  0  1  0  0  0  2  1  0  0 ] (0.00000003)
[  0  1  0  0  0  2  1  0  1 ] (0.00008636)
[  0  1  0  0  0  2  1  1  0 ] (0.00000301)
[  0  1  0  0  0  2  2  0  0 ] (0.00017424)
[  0  1  0  0  0  3  0  0  0 ] (0.00028071)
[  0  1  0  0  0  3  0  0  1 ] (0.00007485)
[  0  1  0  0  0  3  0  1  0 ] (0.00066559)
[  0  1  0  0  0  3  1  0  0 ] (0.00157758)
[  0  1  0  0  0  4  0  0  0 ] (0.00009918)
[  0  1  0  0  1  0  0  0  0 ] (0.00001892)
[  0  1  0  0  1  0  0  0  1 ] (0.00000773)
[  0  1  0  0  1  0  0  0  2 ] (0.00004306)
[  0  1  0  0  1  0  0  0  3 ] (0.00001016)
[  0  1  0  0  1  0  0  1  0 ] (0.00001606)
[  0  1  0  0  1  0  0  1  1 ] (0.00000057)
[  0  1  0  0  1  0  0  1  2 ] (0.00000825)
[  0  1  0  0  1  0  0  2  0 ] (0.00014658)
[  0  1  0  0  1  0  0  2  1 ] (0.00002270)
[  0  1  0  0  1  0  0  3  0 ] (0.00014119)
[  0  1  0  0  1  0  1  0  0 ] (0.00035103)
[  0  1  0  0  1  0  1  0  1 ] (0.00059597)
[  0  1  0  0  1  0  1  0  2 ] (0.00000434)
[  0  1  0  0  1  0  1  1  0 ] (0.00503754)
[  0  1  0  0  1  0  1  1  1 ] (0.00001494)
[  0  1  0  0  1  0  1  2  0 ] (0.00079384)
[  0  1  0  0  1  0  2  0  0 ] (0.00075517)
[  0  1  0  0  1  0  2  0  1 ] (0.00040170)
[  0  1  0  0  1  0  2  1  0 ] (0.00000016)
[  0  1  0  0  1  0  3  0  0 ] (0.00128531)
[  0  1  0  0  1  1  0  0  0 ] (0.00001067)
[  0  1  0  0  1  1  0  0  1 ] (0.00021318)
[  0  1  0  0  1  1  0  0  2 ] (0.00000371)
[  0  1  0  0  1  1  0  1  0 ] (0.00035626)
[  0  1  0  0  1  1  0  1  1 ] (0.00019982)
[  0  1  0  0  1  1  0  2  0 ] (0.00000047)
[  0  1  0  0  1  1  1  0  0 ] (0.00442089)
[  0  1  0  0  1  1  1  0  1 ] (0.00147187)
[  0  1  0  0  1  1  1  1  0 ] (0.00000761)
[  0  1  0  0  1  1  2  0  0 ] (0.00008849)
[  0  1  0  0  1  2  0  0  0 ] (0.00019182)
[  0  1  0  0  1  2  0  0  1 ] (0.00000230)
[  0  1  0  0  1  2  0  1  0 ] (0.00000765)
[  0  1  0  0  1  2  1  0  0 ] (0.00014723)
[  0  1  0  0  1  3  0  0  0 ] (0.00868400)
[  0  1  0  0  2  0  0  0  0 ] (0.00010231)
[  0  1  0  0  2  0  0  0  1 ] (0.00033987)
[  0  1  0  0  2  0  0  0  2 ] (0.00001409)
[  0  1  0  0  2  0  0  1  0 ] (0.00024241)
[  0  1  0  0  2  0  0  1  1 ] (0.00003118)
[  0  1  0  0  2  0  0  2  0 ] (0.00003382)
[  0  1  0  0  2  0  1  0  0 ] (0.00116374)
[  0  1  0  0  2  0  1  0  1 ] (0.00021318)
[  0  1  0  0  2  0  1  1  0 ] (0.00005392)
[  0  1  0  0  2  0  2  0  0 ] (0.00015923)
[  0  1  0  0  2  1  0  0  0 ] (0.00006314)
[  0  1  0  0  2  1  0  0  1 ] (0.00001503)
[  0  1  0  0  2  1  0  1  0 ] (0.00001206)
[  0  1  0  0  2  1  1  0  0 ] (0.00002647)
[  0  1  0  0  2  2  0  0  0 ] (0.00001498)
[  0  1  0  0  3  0  0  0  0 ] (0.00015062)
[  0  1  0  0  3  0  0  0  1 ] (0.00042030)
[  0  1  0  0  3  0  0  1  0 ] (0.00366134)
[  0  1  0  0  3  0  1  0  0 ] (0.00011214)
[  0  1  0  0  3  1  0  0  0 ] (0.00000468)
[  0  1  0  0  4  0  0  0  0 ] (0.00059045)
[  0  1  0  1  0  0  0  0  0 ] (0.00003346)
[  0  1  0  1  0  0  0  0  1 ] (0.00057404)
[  0  1  0  1  0  0  0  0  2 ] (0.00005251)
[  0  1  0  1  0  0  0  0  3 ] (0.00001167)
[  0  1  0  1  0  0  0  1  0 ] (0.00069970)
[  0  1  0  1  0  0  0  1  1 ] (0.00095505)
[  0  1  0  1  0  0  0  1  2 ] (0.00001480)
[  0  1  0  1  0  0  0  2  0 ] (0.00000215)
[  0  1  0  1  0  0  0  2  1 ] (0.00004308)
[  0  1  0  1  0  0  0  3  0 ] (0.00004536)
[  0  1  0  1  0  0  1  0  0 ] (0.00005660)
[  0  1  0  1  0  0  1  0  1 ] (0.00023529)
[  0  1  0  1  0  0  1  0  2 ] (0.00004818)
[  0  1  0  1  0  0  1  1  0 ] (0.00469125)
[  0  1  0  1  0  0  1  1  1 ] (0.00003306)
[  0  1  0  1  0  0  1  2  0 ] (0.00000273)
[  0  1  0  1  0  0  2  0  0 ] (0.00026855)
[  0  1  0  1  0  0  2  0  1 ] (0.00049838)
[  0  1  0  1  0  0  2  1  0 ] (0.00034794)
[  0  1  0  1  0  0  3  0  0 ] (0.00052606)
[  0  1  0  1  0  1  0  0  0 ] (0.00000001)
[  0  1  0  1  0  1  0  0  1 ] (0.00079532)
[  0  1  0  1  0  1  0  0  2 ] (0.00000011)
[  0  1  0  1  0  1  0  1  0 ] (0.01635564)
[  0  1  0  1  0  1  0  1  1 ] (0.00067954)
[  0  1  0  1  0  1  0  2  0 ] (0.00007536)
[  0  1  0  1  0  1  1  0  0 ] (0.00000014)
[  0  1  0  1  0  1  1  0  1 ] (0.00003511)
[  0  1  0  1  0  1  1  1  0 ] (0.00001317)
[  0  1  0  1  0  1  2  0  0 ] (0.00001811)
[  0  1  0  1  0  2  0  0  0 ] (0.00001016)
[  0  1  0  1  0  2  0  0  1 ] (0.00004575)
[  0  1  0  1  0  2  0  1  0 ] (0.00021874)
[  0  1  0  1  0  2  1  0  0 ] (0.00008177)
[  0  1  0  1  0  3  0  0  0 ] (0.00000583)
[  0  1  0  1  1  0  0  0  0 ] (0.00008574)
[  0  1  0  1  1  0  0  0  1 ] (0.00022089)
[  0  1  0  1  1  0  0  0  2 ] (0.00000000)
[  0  1  0  1  1  0  0  1  0 ] (0.00272500)
[  0  1  0  1  1  0  0  1  1 ] (0.00006154)
[  0  1  0  1  1  0  0  2  0 ] (0.00013029)
[  0  1  0  1  1  0  1  0  0 ] (0.00773147)
[  0  1  0  1  1  0  1  0  1 ] (0.00045406)
[  0  1  0  1  1  0  1  1  0 ] (0.00020735)
[  0  1  0  1  1  0  2  0  0 ] (0.00015856)
[  0  1  0  1  1  1  0  0  0 ] (0.00260263)
[  0  1  0  1  1  1  0  0  1 ] (0.00035097)
[  0  1  0  1  1  1  0  1  0 ] (0.00002079)
[  0  1  0  1  1  1  1  0  0 ] (0.00016669)
[  0  1  0  1  1  2  0  0  0 ] (0.00012299)
[  0  1  0  1  2  0  0  0  0 ] (0.00001715)
[  0  1  0  1  2  0  0  0  1 ] (0.00007311)
[  0  1  0  1  2  0  0  1  0 ] (0.00000320)
[  0  1  0  1  2  0  1  0  0 ] (0.00004613)
[  0  1  0  1  2  1  0  0  0 ] (0.00000032)
[  0  1  0  1  3  0  0  0  0 ] (0.02002986)
[  0  1  0  2  0  0  0  0  0 ] (0.00008665)
[  0  1  0  2  0  0  0  0  1 ] (0.00004842)
[  0  1  0  2  0  0  0  0  2 ] (0.00001239)
[  0  1  0  2  0  0  0  1  0 ] (0.00021224)
[  0  1  0  2  0  0  0  1  1 ] (0.00017948)
[  0  1  0  2  0  0  0  2  0 ] (0.00018824)
[  0  1  0  2  0  0  1  0  0 ] (0.00091495)
[  0  1  0  2  0  0  1  0  1 ] (0.00000553)
[  0  1  0  2  0  0  1  1  0 ] (0.00018297)
[  0  1  0  2  0  0  2  0  0 ] (0.00001290)
[  0  1  0  2  0  1  0  0  0 ] (0.00015163)
[  0  1  0  2  0  1  0  0  1 ] (0.00000659)
[  0  1  0  2  0  1  0  1  0 ] (0.00027969)
[  0  1  0  2  0  1  1  0  0 ] (0.00093571)
[  0  1  0  2  0  2  0  0  0 ] (0.00000244)
[  0  1  0  2  1  0  0  0  0 ] (0.00019994)
[  0  1  0  2  1  0  0  0  1 ] (0.00005404)
[  0  1  0  2  1  0  0  1  0 ] (0.00010187)
[  0  1  0  2  1  0  1  0  0 ] (0.00002685)
[  0  1  0  2  1  1  0  0  0 ] (0.00000971)
[  0  1  0  2  2  0  0  0  0 ] (0.00011718)
[  0  1  0  3  0  0  0  0  0 ] (0.00014375)
[  0  1  0  3  0  0  0  0  1 ] (0.00005917)
[  0  1  0  3  0  0  0  1  0 ] (0.00001675)
[  0  1  0  3  0  0  1  0  0 ] (0.00582555)
[  0  1  0  3  0  1  0  0  0 ] (0.00492403)
[  0  1  0  3  1  0  0  0  0 ] (0.00029649)
[  0  1  0  4  0  0  0  0  0 ] (0.00039761)
[  0  1  1  0  0  0  0  0  0 ] (0.00000020)
[  0  1  1  0  0  0  0  0  1 ] (0.00000149)
[  0  1  1  0  0  0  0  0  2 ] (0.00003179)
[  0  1  1  0  0  0  0  0  3 ] (0.00000015)
[  0  1  1  0  0  0  0  1  0 ] (0.00000047)
[  0  1  1  0  0  0  0  1  1 ] (0.00002131)
[  0  1  1  0  0  0  0  1  2 ] (0.00000029)
[  0  1  1  0  0  0  0  2  0 ] (0.00000190)
[  0  1  1  0  0  0  0  2  1 ] (0.00000051)
[  0  1  1  0  0  0  0  3  0 ] (0.00000122)
[  0  1  1  0  0  0  1  0  0 ] (0.00000000)
[  0  1  1  0  0  0  1  0  1 ] (0.00000480)
[  0  1  1  0  0  0  1  0  2 ] (0.00000009)
[  0  1  1  0  0  0  1  1  0 ] (0.00000119)
[  0  1  1  0  0  0  1  1  1 ] (0.00000072)
[  0  1  1  0  0  0  1  2  0 ] (0.00000463)
[  0  1  1  0  0  0  2  0  0 ] (0.00000008)
[  0  1  1  0  0  0  2  0  1 ] (0.00000006)
[  0  1  1  0  0  0  2  1  0 ] (0.00000228)
[  0  1  1  0  0  0  3  0  0 ] (0.00001276)
[  0  1  1  0  0  1  0  0  0 ] (0.00000003)
[  0  1  1  0  0  1  0  0  1 ] (0.00000114)
[  0  1  1  0  0  1  0  0  2 ] (0.00000000)
[  0  1  1  0  0  1  0  1  0 ] (0.00000062)
[  0  1  1  0  0  1  0  1  1 ] (0.00000000)
[  0  1  1  0  0  1  0  2  0 ] (0.00000000)
[  0  1  1  0  0  1  1  0  0 ] (0.00000003)
[  0  1  1  0  0  1  1  0  1 ] (0.00000062)
[  0  1  1  0  0  1  1  1  0 ] (0.00000000)
[  0  1  1  0  0  1  2  0  0 ] (0.00000002)
[  0  1  1  0  0  2  0  0  0 ] (0.00000000)
[  0  1  1  0  0  2  0  0  1 ] (0.00000001)
[  0  1  1  0  0  2  0  1  0 ] (0.00000007)
[  0  1  1  0  0  2  1  0  0 ] (0.00000002)
[  0  1  1  0  0  3  0  0  0 ] (0.00000408)
[  0  1  1  0  1  0  0  0  0 ] (0.00000072)
[  0  1  1  0  1  0  0  0  1 ] (0.00001162)
[  0  1  1  0  1  0  0  0  2 ] (0.00000103)
[  0  1  1  0  1  0  0  1  0 ] (0.00000019)
[  0  1  1  0  1  0  0  1  1 ] (0.00000023)
[  0  1  1  0  1  0  0  2  0 ] (0.00001848)
[  0  1  1  0  1  0  1  0  0 ] (0.00000037)
[  0  1  1  0  1  0  1  0  1 ] (0.00000000)
[  0  1  1  0  1  0  1  1  0 ] (0.00000053)
[  0  1  1  0  1  0  2  0  0 ] (0.00000054)
[  0  1  1  0  1  1  0  0  0 ] (0.00000005)
[  0  1  1  0  1  1  0  0  1 ] (0.00000015)
[  0  1  1  0  1  1  0  1  0 ] (0.00000001)
[  0  1  1  0  1  1  1  0  0 ] (0.00000003)
[  0  1  1  0  1  2  0  0  0 ] (0.00000005)
[  0  1  1  0  2  0  0  0  0 ] (0.00000010)
[  0  1  1  0  2  0  0  0  1 ] (0.00000174)
[  0  1  1  0  2  0  0  1  0 ] (0.00000037)
[  0  1  1  0  2  0  1  0  0 ] (0.00000344)
[  0  1  1  0  2  1  0  0  0 ] (0.00000089)
[  0  1  1  0  3  0  0  0  0 ] (0.00000013)
[  0  1  1  1  0  0  0  0  0 ] (0.00000028)
[  0  1  1  1  0  0  0  0  1 ] (0.00000144)
[  0  1  1  1  0  0  0  0  2 ] (0.00000187)
[  0  1  1  1  0  0  0  1  0 ] (0.00000014)
[  0  1  1  1  0  0  0  1  1 ] (0.00000006)
[  0  1  1  1  0  0  0  2  0 ] (0.00000046)
[  0  1  1  1  0  0  1  0  0 ] (0.00000114)
[  0  1  1  1  0  0  1  0  1 ] (0.00000114)
[  0  1  1  1  0  0  1  1  0 ] (0.00000013)
[  0  1  1  1  0  0  2  0  0 ] (0.00000378)
[  0  1  1  1  0  1  0  0  0 ] (0.00000025)
[  0  1  1  1  0  1  0  0  1 ] (0.00000079)
[  0  1  1  1  0  1  0  1  0 ] (0.00000025)
[  0  1  1  1  0  1  1  0  0 ] (0.00000003)
[  0  1  1  1  0  2  0  0  0 ] (0.00001520)
[  0  1  1  1  1  0  0  0  0 ] (0.00000010)
[  0  1  1  1  1  0  0  0  1 ] (0.00000002)
[  0  1  1  1  1  0  0  1  0 ] (0.00000003)
[  0  1  1  1  1  0  1  0  0 ] (0.00000004)
[  0  1  1  1  1  1  0  0  0 ] (0.00000014)
[  0  1  1  1  2  0  0  0  0 ] (0.00000040)
[  0  1  1  2  0  0  0  0  0 ] (0.00000049)
[  0  1  1  2  0  0  0  0  1 ] (0.00000055)
[  0  1  1  2  0  0  0  1  0 ] (0.00000171)
[  0  1  1  2  0  0  1  0  0 ] (0.00000237)
[  0  1  1  2  0  1  0  0  0 ] (0.00000058)
[  0  1  1  2  1  0  0  0  0 ] (0.00000339)
[  0  1  1  3  0  0  0  0  0 ] (0.00000153)
[  0  1  2  0  0  0  0  0  0 ] (0.00036098)
[  0  1  2  0  0  0  0  0  1 ] (0.00054260)
[  0  1  2  0  0  0  0  0  2 ] (0.00044632)
[  0  1  2  0  0  0  0  1  0 ] (0.00013261)
[  0  1  2  0  0  0  0  1  1 ] (0.00043810)
[  0  1  2  0  0  0  0  2  0 ] (0.00001816)
[  0  1  2  0  0  0  1  0  0 ] (0.00000045)
[  0  1  2  0  0  0  1  0  1 ] (0.00005028)
[  0  1  2  0  0  0  1  1  0 ] (0.00956363)
[  0  1  2  0  0  0  2  0  0 ] (0.00478374)
[  0  1  2  0  0  1  0  0  0 ] (0.00024866)
[  0  1  2  0  0  1  0  0  1 ] (0.00039829)
[  0  1  2  0  0  1  0  1  0 ] (0.00464362)
[  0  1  2  0  0  1  1  0  0 ] (0.00015168)
[  0  1  2  0  0  2  0  0  0 ] (0.00023599)
[  0  1  2  0  1  0  0  0  0 ] (0.00028416)
[  0  1  2  0  1  0  0  0  1 ] (0.00002949)
[  0  1  2  0  1  0  0  1  0 ] (0.00076312)
[  0  1  2  0  1  0  1  0  0 ] (0.00062833)
[  0  1  2  0  1  1  0  0  0 ] (0.01248210)
[  0  1  2  0  2  0  0  0  0 ] (0.00148148)
[  0  1  2  1  0  0  0  0  0 ] (0.00002019)
[  0  1  2  1  0  0  0  0  1 ] (0.00025744)
[  0  1  2  1  0  0  0  1  0 ] (0.00010546)
[  0  1  2  1  0  0  1  0  0 ] (0.00581698)
[  0  1  2  1  0  1  0  0  0 ] (0.00001576)
[  0  1  2  1  1  0  0  0  0 ] (0.00293507)
[  0  1  2  2  0  0  0  0  0 ] (0.00006136)
[  0  1  3  0  0  0  0  0  0 ] (0.00065275)
[  0  1  3  0  0  0  0  0  1 ] (0.00002973)
[  0  1  3  0  0  0  0  1  0 ] (0.04075821)
[  0  1  3  0  0  0  1  0  0 ] (0.00090204)
[  0  1  3  0  0  1  0  0  0 ] (0.00006083)
[  0  1  3  0  1  0  0  0  0 ] (0.00030674)
[  0  1  3  1  0  0  0  0  0 ] (0.00024927)
[  0  1  4  0  0  0  0  0  0 ] (0.00000016)
[  0  2  0  0  0  0  0  0  0 ] (0.00000000)
[  0  2  0  0  0  0  0  0  1 ] (0.00000075)
[  0  2  0  0  0  0  0  0  2 ] (0.00000699)
[  0  2  0  0  0  0  0  0  3 ] (0.00000020)
[  0  2  0  0  0  0  0  1  0 ] (0.00000049)
[  0  2  0  0  0  0  0  1  1 ] (0.00000192)
[  0  2  0  0  0  0  0  1  2 ] (0.00000026)
[  0  2  0  0  0  0  0  2  0 ] (0.00000008)
[  0  2  0  0  0  0  0  2  1 ] (0.00000063)
[  0  2  0  0  0  0  0  3  0 ] (0.00000409)
[  0  2  0  0  0  0  1  0  0 ] (0.00000022)
[  0  2  0  0  0  0  1  0  1 ] (0.00000034)
[  0  2  0  0  0  0  1  0  2 ] (0.00000086)
[  0  2  0  0  0  0  1  1  0 ] (0.00000006)
[  0  2  0  0  0  0  1  1  1 ] (0.00000004)
[  0  2  0  0  0  0  1  2  0 ] (0.00001847)
[  0  2  0  0  0  0  2  0  0 ] (0.00000035)
[  0  2  0  0  0  0  2  0  1 ] (0.00000018)
[  0  2  0  0  0  0  2  1  0 ] (0.00000072)
[  0  2  0  0  0  0  3  0  0 ] (0.00000033)
[  0  2  0  0  0  1  0  0  0 ] (0.00000050)
[  0  2  0  0  0  1  0  0  1 ] (0.00000508)
[  0  2  0  0  0  1  0  0  2 ] (0.00000022)
[  0  2  0  0  0  1  0  1  0 ] (0.00000051)
[  0  2  0  0  0  1  0  1  1 ] (0.00000000)
[  0  2  0  0  0  1  0  2  0 ] (0.00000035)
[  0  2  0  0  0  1  1  0  0 ] (0.00000016)
[  0  2  0  0  0  1  1  0  1 ] (0.00000000)
[  0  2  0  0  0  1  1  1  0 ] (0.00000008)
[  0  2  0  0  0  1  2  0  0 ] (0.00000029)
[  0  2  0  0  0  2  0  0  0 ] (0.00000000)
[  0  2  0  0  0  2  0  0  1 ] (0.00000025)
[  0  2  0  0  0  2  0  1  0 ] (0.00000005)
[  0  2  0  0  0  2  1  0  0 ] (0.00000015)
[  0  2  0  0  0  3  0  0  0 ] (0.00000409)
[  0  2  0  0  1  0  0  0  0 ] (0.00000044)
[  0  2  0  0  1  0  0  0  1 ] (0.00000366)
[  0  2  0  0  1  0  0  0  2 ] (0.00000035)
[  0  2  0  0  1  0  0  1  0 ] (0.00000017)
[  0  2  0  0  1  0  0  1  1 ] (0.00000005)
[  0  2  0  0  1  0  0  2  0 ] (0.00003582)
[  0  2  0  0  1  0  1  0  0 ] (0.00000009)
[  0  2  0  0  1  0  1  0  1 ] (0.00000006)
[  0  2  0  0  1  0  1  1  0 ] (0.00000068)
[  0  2  0  0  1  0  2  0  0 ] (0.00000130)
[  0  2  0  0  1  1  0  0  0 ] (0.00000000)
[  0  2  0  0  1  1  0  0  1 ] (0.00000009)
[  0  2  0  0  1  1  0  1  0 ] (0.00000001)
[  0  2  0  0  1  1  1  0  0 ] (0.00000013)
[  0  2  0  0  1  2  0  0  0 ] (0.00000027)
[  0  2  0  0  2  0  0  0  0 ] (0.00000003)
[  0  2  0  0  2  0  0  0  1 ] (0.00000016)
[  0  2  0  0  2  0  0  1  0 ] (0.00000408)
[  0  2  0  0  2  0  1  0  0 ] (0.00000281)
[  0  2  0  0  2  1  0  0  0 ] (0.00000001)
[  0  2  0  0  3  0  0  0  0 ] (0.00000107)
[  0  2  0  1  0  0  0  0  0 ] (0.00000000)
[  0  2  0  1  0  0  0  0  1 ] (0.00000565)
[  0  2  0  1  0  0  0  0  2 ] (0.00000257)
[  0  2  0  1  0  0  0  1  0 ] (0.00000024)
[  0  2  0  1  0  0  0  1  1 ] (0.00000117)
[  0  2  0  1  0  0  0  2  0 ] (0.00000001)
[  0  2  0  1  0  0  1  0  0 ] (0.00000002)
[  0  2  0  1  0  0  1  0  1 ] (0.00000071)
[  0  2  0  1  0  0  1  1  0 ] (0.00000001)
[  0  2  0  1  0  0  2  0  0 ] (0.00000065)
[  0  2  0  1  0  1  0  0  0 ] (0.00000001)
[  0  2  0  1  0  1  0  0  1 ] (0.00000027)
[  0  2  0  1  0  1  0  1  0 ] (0.00000002)
[  0  2  0  1  0  1  1  0  0 ] (0.00000004)
[  0  2  0  1  0  2  0  0  0 ] (0.00001408)
[  0  2  0  1  1  0  0  0  0 ] (0.00000000)
[  0  2  0  1  1  0  0  0  1 ] (0.00000174)
[  0  2  0  1  1  0  0  1  0 ] (0.00000111)
[  0  2  0  1  1  0  1  0  0 ] (0.00000049)
[  0  2  0  1  1  1  0  0  0 ] (0.00000037)
[  0  2  0  1  2  0  0  0  0 ] (0.00000032)
[  0  2  0  2  0  0  0  0  0 ] (0.00000020)
[  0  2  0  2  0  0  0  0  1 ] (0.00000004)
[  0  2  0  2  0  0  0  1  0 ] (0.00000005)
[  0  2  0  2  0  0  1  0  0 ] (0.00000084)
[  0  2  0  2  0  1  0  0  0 ] (0.00000003)
[  0  2  0  2  1  0  0  0  0 ] (0.00000001)
[  0  2  0  3  0  0  0  0  0 ] (0.00000005)
[  0  2  1  0  0  0  0  0  0 ] (0.00010605)
[  0  2  1  0  0  0  0  0  1 ] (0.00007192)
[  0  2  1  0  0  0  0  0  2 ] (0.00019508)
[  0  2  1  0  0  0  0  1  0 ] (0.00001275)
[  0  2  1  0  0  0  0  1  1 ] (0.00036176)
[  0  2  1  0  0  0  0  2  0 ] (0.00123347)
[  0  2  1  0  0  0  1  0  0 ] (0.00001723)
[  0  2  1  0  0  0  1  0  1 ] (0.00000262)
[  0  2  1  0  0  0  1  1  0 ] (0.00896123)
[  0  2  1  0  0  0  2  0  0 ] (0.00256830)
[  0  2  1  0  0  1  0  0  0 ] (0.00145444)
[  0  2  1  0  0  1  0  0  1 ] (0.00020226)
[  0  2  1  0  0  1  0  1  0 ] (0.00593993)
[  0  2  1  0  0  1  1  0  0 ] (0.00145210)
[  0  2  1  0  0  2  0  0  0 ] (0.00051146)
[  0  2  1  0  1  0  0  0  0 ] (0.00002315)
[  0  2  1  0  1  0  0  0  1 ] (0.00031997)
[  0  2  1  0  1  0  0  1  0 ] (0.00002593)
[  0  2  1  0  1  0  1  0  0 ] (0.00151580)
[  0  2  1  0  1  1  0  0  0 ] (0.02865315)
[  0  2  1  0  2  0  0  0  0 ] (0.00011649)
[  0  2  1  1  0  0  0  0  0 ] (0.00001016)
[  0  2  1  1  0  0  0  0  1 ] (0.00002975)
[  0  2  1  1  0  0  0  1  0 ] (0.00167386)
[  0  2  1  1  0  0  1  0  0 ] (0.00196928)
[  0  2  1  1  0  1  0  0  0 ] (0.00105109)
[  0  2  1  1  1  0  0  0  0 ] (0.00010973)
[  0  2  1  2  0  0  0  0  0 ] (0.00061408)
[  0  2  2  0  0  0  0  0  0 ] (0.00000067)
[  0  2  2  0  0  0  0  0  1 ] (0.00000030)
[  0  2  2  0  0  0  0  1  0 ] (0.00000232)
[  0  2  2  0  0  0  1  0  0 ] (0.00000073)
[  0  2  2  0  0  1  0  0  0 ] (0.00000087)
[  0  2  2  0  1  0  0  0  0 ] (0.00002240)
[  0  2  2  1  0  0  0  0  0 ] (0.00000402)
[  0  2  3  0  0  0  0  0  0 ] (0.00000617)
[  0  3  0  0  0  0  0  0  0 ] (0.00000000)
[  0  3  0  0  0  0  0  0  1 ] (0.00000008)
[  0  3  0  0  0  0  0  0  2 ] (0.00000002)
[  0  3  0  0  0  0  0  1  0 ] (0.00000010)
[  0  3  0  0  0  0  0  1  1 ] (0.00000028)
[  0  3  0  0  0  0  0  2  0 ] (0.00000001)
[  0  3  0  0  0  0  1  0  0 ] (0.00000005)
[  0  3  0  0  0  0  1  0  1 ] (0.00000059)
[  0  3  0  0  0  0  1  1  0 ] (0.00000156)
[  0  3  0  0  0  0  2  0  0 ] (0.00000273)
[  0  3  0  0  0  1  0  0  0 ] (0.00000021)
[  0  3  0  0  0  1  0  0  1 ] (0.00000004)
[  0  3  0  0  0  1  0  1  0 ] (0.00000154)
[  0  3  0  0  0  1  1  0  0 ] (0.00000029)
[  0  3  0  0  0  2  0  0  0 ] (0.00000014)
[  0  3  0  0  1  0  0  0  0 ] (0.00000001)
[  0  3  0  0  1  0  0  0  1 ] (0.00000153)
[  0  3  0  0  1  0  0  1  0 ] (0.00000136)
[  0  3  0  0  1  0  1  0  0 ] (0.00000000)
[  0  3  0  0  1  1  0  0  0 ] (0.00000008)
[  0  3  0  0  2  0  0  0  0 ] (0.00000003)
[  0  3  0  1  0  0  0  0  0 ] (0.00000088)
[  0  3  0  1  0  0  0  0  1 ] (0.00000492)
[  0  3  0  1  0  0  0  1  0 ] (0.00000101)
[  0  3  0  1  0  0  1  0  0 ] (0.00000469)
[  0  3  0  1  0  1  0  0  0 ] (0.00000257)
[  0  3  0  1  1  0  0  0  0 ] (0.00000005)
[  0  3  0  2  0  0  0  0  0 ] (0.00000001)
[  0  3  1  0  0  0  0  0  0 ] (0.00000403)
[  0  3  1  0  0  0  0  0  1 ] (0.00066112)
[  0  3  1  0  0  0  0  1  0 ] (0.00027157)
[  0  3  1  0  0  0  1  0  0 ] (0.00012050)
[  0  3  1  0  0  1  0  0  0 ] (0.00001141)
[  0  3  1  0  1  0  0  0  0 ] (0.00062631)
[  0  3  1  1  0  0  0  0  0 ] (0.00007014)
[  0  3  2  0  0  0  0  0  0 ] (0.00000000)
[  0  4  0  0  0  0  0  0  0 ] (0.00000001)
[  0  4  0  0  0  0  0  0  1 ] (0.00000788)
[  0  4  0  0  0  0  0  1  0 ] (0.00001396)
[  0  4  0  0  0  0  1  0  0 ] (0.00000064)
[  0  4  0  0  0  1  0  0  0 ] (0.00034883)
[  0  4  0  0  1  0  0  0  0 ] (0.00016290)
[  0  4  0  1  0  0  0  0  0 ] (0.00037120)
[  0  4  1  0  0  0  0  0  0 ] (0.00000057)
[  0  5  0  0  0  0  0  0  0 ] (0.00000002)
[  1  0  0  0  0  0  0  0  0 ] (0.00002876)
[  1  0  0  0  0  0  0  0  1 ] (0.00002736)
[  1  0  0  0  0  0  0  0  2 ] (0.00011103)
[  1  0  0  0  0  0  0  0  3 ] (0.00001660)
[  1  0  0  0  0  0  0  0  4 ] (0.00000286)
[  1  0  0  0  0  0  0  1  0 ] (0.00063684)
[  1  0  0  0  0  0  0  1  1 ] (0.00258717)
[  1  0  0  0  0  0  0  1  2 ] (0.00005892)
[  1  0  0  0  0  0  0  1  3 ] (0.00000037)
[  1  0  0  0  0  0  0  2  0 ] (0.00005455)
[  1  0  0  0  0  0  0  2  1 ] (0.00037565)
[  1  0  0  0  0  0  0  2  2 ] (0.00000004)
[  1  0  0  0  0  0  0  3  0 ] (0.00135763)
[  1  0  0  0  0  0  0  3  1 ] (0.00000008)
[  1  0  0  0  0  0  0  4  0 ] (0.00011449)
[  1  0  0  0  0  0  1  0  0 ] (0.00004677)
[  1  0  0  0  0  0  1  0  1 ] (0.00104163)
[  1  0  0  0  0  0  1  0  2 ] (0.00000709)
[  1  0  0  0  0  0  1  0  3 ] (0.00000123)
[  1  0  0  0  0  0  1  1  0 ] (0.00019327)
[  1  0  0  0  0  0  1  1  1 ] (0.00227007)
[  1  0  0  0  0  0  1  1  2 ] (0.00000610)
[  1  0  0  0  0  0  1  2  0 ] (0.00005653)
[  1  0  0  0  0  0  1  2  1 ] (0.00002949)
[  1  0  0  0  0  0  1  3  0 ] (0.00002346)
[  1  0  0  0  0  0  2  0  0 ] (0.00042029)
[  1  0  0  0  0  0  2  0  1 ] (0.00999199)
[  1  0  0  0  0  0  2  0  2 ] (0.00125979)
[  1  0  0  0  0  0  2  1  0 ] (0.00029102)
[  1  0  0  0  0  0  2  1  1 ] (0.00015076)
[  1  0  0  0  0  0  2  2  0 ] (0.00016322)
[  1  0  0  0  0  0  3  0  0 ] (0.00050330)
[  1  0  0  0  0  0  3  0  1 ] (0.00046237)
[  1  0  0  0  0  0  3  1  0 ] (0.00175918)
[  1  0  0  0  0  0  4  0  0 ] (0.01716341)
[  1  0  0  0  0  1  0  0  0 ] (0.00000014)
[  1  0  0  0  0  1  0  0  1 ] (0.00003748)
[  1  0  0  0  0  1  0  0  2 ] (0.00000904)
[  1  0  0  0  0  1  0  0  3 ] (0.00003338)
[  1  0  0  0  0  1  0  1  0 ] (0.00030827)
[  1  0  0  0  0  1  0  1  1 ] (0.00041567)
[  1  0  0  0  0  1  0  1  2 ] (0.00000000)
[  1  0  0  0  0  1  0  2  0 ] (0.00025783)
[  1  0  0  0  0  1  0  2  1 ] (0.00000220)
[  1  0  0  0  0  1  0  3  0 ] (0.00001558)
[  1  0  0  0  0  1  1  0  0 ] (0.00035642)
[  1  0  0  0  0  1  1  0  1 ] (0.00126110)
[  1  0  0  0  0  1  1  0  2 ] (0.00000100)
[  1  0  0  0  0  1  1  1  0 ] (0.00052528)
[  1  0  0  0  0  1  1  1  1 ] (0.00063262)
[  1  0  0  0  0  1  1  2  0 ] (0.00050767)
[  1  0  0  0  0  1  2  0  0 ] (0.00030810)
[  1  0  0  0  0  1  2  0  1 ] (0.00005662)
[  1  0  0  0  0  1  2  1  0 ] (0.00100829)
[  1  0  0  0  0  1  3  0  0 ] (0.00009527)
[  1  0  0  0  0  2  0  0  0 ] (0.00001156)
[  1  0  0  0  0  2  0  0  1 ] (0.00024681)
[  1  0  0  0  0  2  0  0  2 ] (0.00000724)
[  1  0  0  0  0  2  0  1  0 ] (0.00030742)
[  1  0  0  0  0  2  0  1  1 ] (0.00005111)
[  1  0  0  0  0  2  0  2  0 ] (0.00017670)
[  1  0  0  0  0  2  1  0  0 ] (0.00006941)
[  1  0  0  0  0  2  1  0  1 ] (0.00000161)
[  1  0  0  0  0  2  1  1  0 ] (0.00000280)
[  1  0  0  0  0  2  2  0  0 ] (0.00010898)
[  1  0  0  0  0  3  0  0  0 ] (0.00009441)
[  1  0  0  0  0  3  0  0  1 ] (0.00000261)
[  1  0  0  0  0  3  0  1  0 ] (0.00451608)
[  1  0  0  0  0  3  1  0  0 ] (0.00358528)
[  1  0  0  0  0  4  0  0  0 ] (0.00068971)
[  1  0  0  0  1  0  0  0  0 ] (0.00001587)
[  1  0  0  0  1  0  0  0  1 ] (0.00011193)
[  1  0  0  0  1  0  0  0  2 ] (0.00031001)
[  1  0  0  0  1  0  0  0  3 ] (0.00000155)
[  1  0  0  0  1  0  0  1  0 ] (0.00007493)
[  1  0  0  0  1  0  0  1  1 ] (0.00013844)
[  1  0  0  0  1  0  0  1  2 ] (0.00000017)
[  1  0  0  0  1  0  0  2  0 ] (0.00001471)
[  1  0  0  0  1  0  0  2  1 ] (0.00000290)
[  1  0  0  0  1  0  0  3  0 ] (0.00002384)
[  1  0  0  0  1  0  1  0  0 ] (0.00000048)
[  1  0  0  0  1  0  1  0  1 ] (0.00013515)
[  1  0  0  0  1  0  1  0  2 ] (0.00001743)
[  1  0  0  0  1  0  1  1  0 ] (0.03457877)
[  1  0  0  0  1  0  1  1  1 ] (0.00049992)
[  1  0  0  0  1  0  1  2  0 ] (0.00246069)
[  1  0  0  0  1  0  2  0  0 ] (0.00010085)
[  1  0  0  0  1  0  2  0  1 ] (0.00018169)
[  1  0  0  0  1  0  2  1  0 ] (0.00000160)
[  1  0  0  0  1  0  3  0  0 ] (0.00288532)
[  1  0  0  0  1  1  0  0  0 ] (0.00006163)
[  1  0  0  0  1  1  0  0  1 ] (0.00080383)
[  1  0  0  0  1  1  0  0  2 ] (0.00000363)
[  1  0  0  0  1  1  0  1  0 ] (0.01267290)
[  1  0  0  0  1  1  0  1  1 ] (0.00102565)
[  1  0  0  0  1  1  0  2  0 ] (0.00000987)
[  1  0  0  0  1  1  1  0  0 ] (0.04718960)
[  1  0  0  0  1  1  1  0  1 ] (0.00528793)
[  1  0  0  0  1  1  1  1  0 ] (0.00044907)
[  1  0  0  0  1  1  2  0  0 ] (0.00020437)
[  1  0  0  0  1  2  0  0  0 ] (0.00001037)
[  1  0  0  0  1  2  0  0  1 ] (0.00006207)
[  1  0  0  0  1  2  0  1  0 ] (0.00000586)
[  1  0  0  0  1  2  1  0  0 ] (0.00019438)
[  1  0  0  0  1  3  0  0  0 ] (0.00259424)
[  1  0  0  0  2  0  0  0  0 ] (0.00026487)
[  1  0  0  0  2  0  0  0  1 ] (0.00001470)
[  1  0  0  0  2  0  0  0  2 ] (0.00000410)
[  1  0  0  0  2  0  0  1  0 ] (0.00000706)
[  1  0  0  0  2  0  0  1  1 ] (0.00000157)
[  1  0  0  0  2  0  0  2  0 ] (0.00057163)
[  1  0  0  0  2  0  1  0  0 ] (0.00000007)
[  1  0  0  0  2  0  1  0  1 ] (0.00006874)
[  1  0  0  0  2  0  1  1  0 ] (0.00000089)
[  1  0  0  0  2  0  2  0  0 ] (0.00000117)
[  1  0  0  0  2  1  0  0  0 ] (0.00002100)
[  1  0  0  0  2  1  0  0  1 ] (0.00005200)
[  1  0  0  0  2  1  0  1  0 ] (0.00001205)
[  1  0  0  0  2  1  1  0  0 ] (0.00028003)
[  1  0  0  0  2  2  0  0  0 ] (0.00055583)
[  1  0  0  0  3  0  0  0  0 ] (0.00075497)
[  1  0  0  0  3  0  0  0  1 ] (0.00000144)
[  1  0  0  0  3  0  0  1  0 ] (0.00890101)
[  1  0  0  0  3  0  1  0  0 ] (0.00332387)
[  1  0  0  0  3  1  0  0  0 ] (0.00022960)
[  1  0  0  0  4  0  0  0  0 ] (0.00402758)
[  1  0  0  1  0  0  0  0  0 ] (0.00009304)
[  1  0  0  1  0  0  0  0  1 ] (0.00000908)
[  1  0  0  1  0  0  0  0  2 ] (0.00015902)
[  1  0  0  1  0  0  0  0  3 ] (0.00002704)
[  1  0  0  1  0  0  0  1  0 ] (0.00000059)
[  1  0  0  1  0  0  0  1  1 ] (0.00031523)
[  1  0  0  1  0  0  0  1  2 ] (0.00001013)
[  1  0  0  1  0  0  0  2  0 ] (0.00004354)
[  1  0  0  1  0  0  0  2  1 ] (0.00000303)
[  1  0  0  1  0  0  0  3  0 ] (0.00000629)
[  1  0  0  1  0  0  1  0  0 ] (0.00000259)
[  1  0  0  1  0  0  1  0  1 ] (0.00001058)
[  1  0  0  1  0  0  1  0  2 ] (0.00000751)
[  1  0  0  1  0  0  1  1  0 ] (0.00448739)
[  1  0  0  1  0  0  1  1  1 ] (0.00011647)
[  1  0  0  1  0  0  1  2  0 ] (0.00000014)
[  1  0  0  1  0  0  2  0  0 ] (0.00075919)
[  1  0  0  1  0  0  2  0  1 ] (0.00054254)
[  1  0  0  1  0  0  2  1  0 ] (0.00008212)
[  1  0  0  1  0  0  3  0  0 ] (0.00041930)
[  1  0  0  1  0  1  0  0  0 ] (0.00053626)
[  1  0  0  1  0  1  0  0  1 ] (0.00022547)
[  1  0  0  1  0  1  0  0  2 ] (0.00000163)
[  1  0  0  1  0  1  0  1  0 ] (0.00177105)
[  1  0  0  1  0  1  0  1  1 ] (0.00002632)
[  1  0  0  1  0  1  0  2  0 ] (0.00004976)
[  1  0  0  1  0  1  1  0  0 ] (0.00841485)
[  1  0  0  1  0  1  1  0  1 ] (0.00046654)
[  1  0  0  1  0  1  1  1  0 ] (0.00057387)
[  1  0  0  1  0  1  2  0  0 ] (0.00006008)
[  1  0  0  1  0  2  0  0  0 ] (0.00000180)
[  1  0  0  1  0  2  0  0  1 ] (0.00000008)
[  1  0  0  1  0  2  0  1  0 ] (0.00004820)
[  1  0  0  1  0  2  1  0  0 ] (0.00004996)
[  1  0  0  1  0  3  0  0  0 ] (0.00001694)
[  1  0  0  1  1  0  0  0  0 ] (0.00018549)
[  1  0  0  1  1  0  0  0  1 ] (0.00025997)
[  1  0  0  1  1  0  0  0  2 ] (0.00000600)
[  1  0  0  1  1  0  0  1  0 ] (0.01015925)
[  1  0  0  1  1  0  0  1  1 ] (0.00018590)
[  1  0  0  1  1  0  0  2  0 ] (0.00032542)
[  1  0  0  1  1  0  1  0  0 ] (0.00583644)
[  1  0  0  1  1  0  1  0  1 ] (0.00018196)
[  1  0  0  1  1  0  1  1  0 ] (0.00006079)
[  1  0  0  1  1  0  2  0  0 ] (0.00059997)
[  1  0  0  1  1  1  0  0  0 ] (0.00090056)
[  1  0  0  1  1  1  0  0  1 ] (0.00057566)
[  1  0  0  1  1  1  0  1  0 ] (0.00023171)
[  1  0  0  1  1  1  1  0  0 ] (0.00013515)
[  1  0  0  1  1  2  0  0  0 ] (0.00004828)
[  1  0  0  1  2  0  0  0  0 ] (0.00000064)
[  1  0  0  1  2  0  0  0  1 ] (0.00008064)
[  1  0  0  1  2  0  0  1  0 ] (0.00003673)
[  1  0  0  1  2  0  1  0  0 ] (0.00000916)
[  1  0  0  1  2  1  0  0  0 ] (0.00206353)
[  1  0  0  1  3  0  0  0  0 ] (0.01454612)
[  1  0  0  2  0  0  0  0  0 ] (0.00000363)
[  1  0  0  2  0  0  0  0  1 ] (0.00174088)
[  1  0  0  2  0  0  0  0  2 ] (0.00000006)
[  1  0  0  2  0  0  0  1  0 ] (0.00009847)
[  1  0  0  2  0  0  0  1  1 ] (0.00000004)
[  1  0  0  2  0  0  0  2  0 ] (0.00024910)
[  1  0  0  2  0  0  1  0  0 ] (0.00061047)
[  1  0  0  2  0  0  1  0  1 ] (0.00002228)
[  1  0  0  2  0  0  1  1  0 ] (0.00002707)
[  1  0  0  2  0  0  2  0  0 ] (0.00012742)
[  1  0  0  2  0  1  0  0  0 ] (0.00030879)
[  1  0  0  2  0  1  0  0  1 ] (0.00004059)
[  1  0  0  2  0  1  0  1  0 ] (0.00013239)
[  1  0  0  2  0  1  1  0  0 ] (0.00054264)
[  1  0  0  2  0  2  0  0  0 ] (0.00030897)
[  1  0  0  2  1  0  0  0  0 ] (0.00035209)
[  1  0  0  2  1  0  0  0  1 ] (0.00000087)
[  1  0  0  2  1  0  0  1  0 ] (0.00005159)
[  1  0  0  2  1  0  1  0  0 ] (0.00066213)
[  1  0  0  2  1  1  0  0  0 ] (0.00012190)
[  1  0  0  2  2  0  0  0  0 ] (0.00013322)
[  1  0  0  3  0  0  0  0  0 ] (0.00036185)
[  1  0  0  3  0  0  0  0  1 ] (0.00011166)
[  1  0  0  3  0  0  0  1  0 ] (0.00100879)
[  1  0  0  3  0  0  1  0  0 ] (0.01088126)
[  1  0  0  3  0  1  0  0  0 ] (0.00576610)
[  1  0  0  3  1  0  0  0  0 ] (0.00578353)
[  1  0  0  4  0  0  0  0  0 ] (0.00000760)
[  1  0  1  0  0  0  0  0  0 ] (0.00000008)
[  1  0  1  0  0  0  0  0  1 ] (0.00000006)
[  1  0  1  0  0  0  0  0  2 ] (0.00001654)
[  1  0  1  0  0  0  0  0  3 ] (0.00000008)
[  1  0  1  0  0  0  0  1  0 ] (0.00000134)
[  1  0  1  0  0  0  0  1  1 ] (0.00001197)
[  1  0  1  0  0  0  0  1  2 ] (0.00000015)
[  1  0  1  0  0  0  0  2  0 ] (0.00000207)
[  1  0  1  0  0  0  0  2  1 ] (0.00000000)
[  1  0  1  0  0  0  0  3  0 ] (0.00000696)
[  1  0  1  0  0  0  1  0  0 ] (0.00000001)
[  1  0  1  0  0  0  1  0  1 ] (0.00000032)
[  1  0  1  0  0  0  1  0  2 ] (0.00000004)
[  1  0  1  0  0  0  1  1  0 ] (0.00000012)
[  1  0  1  0  0  0  1  1  1 ] (0.00000003)
[  1  0  1  0  0  0  1  2  0 ] (0.00000013)
[  1  0  1  0  0  0  2  0  0 ] (0.00000014)
[  1  0  1  0  0  0  2  0  1 ] (0.00000024)
[  1  0  1  0  0  0  2  1  0 ] (0.00000763)
[  1  0  1  0  0  0  3  0  0 ] (0.00000624)
[  1  0  1  0  0  1  0  0  0 ] (0.00000031)
[  1  0  1  0  0  1  0  0  1 ] (0.00000097)
[  1  0  1  0  0  1  0  0  2 ] (0.00000021)
[  1  0  1  0  0  1  0  1  0 ] (0.00000057)
[  1  0  1  0  0  1  0  1  1 ] (0.00000009)
[  1  0  1  0  0  1  0  2  0 ] (0.00001145)
[  1  0  1  0  0  1  1  0  0 ] (0.00000164)
[  1  0  1  0  0  1  1  0  1 ] (0.00000142)
[  1  0  1  0  0  1  1  1  0 ] (0.00000032)
[  1  0  1  0  0  1  2  0  0 ] (0.00000006)
[  1  0  1  0  0  2  0  0  0 ] (0.00000055)
[  1  0  1  0  0  2  0  0  1 ] (0.00000006)
[  1  0  1  0  0  2  0  1  0 ] (0.00000115)
[  1  0  1  0  0  2  1  0  0 ] (0.00000186)
[  1  0  1  0  0  3  0  0  0 ] (0.00001166)
[  1  0  1  0  1  0  0  0  0 ] (0.00000001)
[  1  0  1  0  1  0  0  0  1 ] (0.00000128)
[  1  0  1  0  1  0  0  0  2 ] (0.00000008)
[  1  0  1  0  1  0  0  1  0 ] (0.00000018)
[  1  0  1  0  1  0  0  1  1 ] (0.00000011)
[  1  0  1  0  1  0  0  2  0 ] (0.00000393)
[  1  0  1  0  1  0  1  0  0 ] (0.00000010)
[  1  0  1  0  1  0  1  0  1 ] (0.00000004)
[  1  0  1  0  1  0  1  1  0 ] (0.00000017)
[  1  0  1  0  1  0  2  0  0 ] (0.00000001)
[  1  0  1  0  1  1  0  0  0 ] (0.00000001)
[  1  0  1  0  1  1  0  0  1 ] (0.00000003)
[  1  0  1  0  1  1  0  1  0 ] (0.00000017)
[  1  0  1  0  1  1  1  0  0 ] (0.00000000)
[  1  0  1  0  1  2  0  0  0 ] (0.00000230)
[  1  0  1  0  2  0  0  0  0 ] (0.00000003)
[  1  0  1  0  2  0  0  0  1 ] (0.00000007)
[  1  0  1  0  2  0  0  1  0 ] (0.00000300)
[  1  0  1  0  2  0  1  0  0 ] (0.00000004)
[  1  0  1  0  2  1  0  0  0 ] (0.00000000)
[  1  0  1  0  3  0  0  0  0 ] (0.00000104)
[  1  0  1  1  0  0  0  0  0 ] (0.00000013)
[  1  0  1  1  0  0  0  0  1 ] (0.00000017)
[  1  0  1  1  0  0  0  0  2 ] (0.00000061)
[  1  0  1  1  0  0  0  1  0 ] (0.00000000)
[  1  0  1  1  0  0  0  1  1 ] (0.00000000)
[  1  0  1  1  0  0  0  2  0 ] (0.00000036)
[  1  0  1  1  0  0  1  0  0 ] (0.00000009)
[  1  0  1  1  0  0  1  0  1 ] (0.00000002)
[  1  0  1  1  0  0  1  1  0 ] (0.00000051)
[  1  0  1  1  0  0  2  0  0 ] (0.00000304)
[  1  0  1  1  0  1  0  0  0 ] (0.00000178)
[  1  0  1  1  0  1  0  0  1 ] (0.00000129)
[  1  0  1  1  0  1  0  1  0 ] (0.00000012)
[  1  0  1  1  0  1  1  0  0 ] (0.00000003)
[  1  0  1  1  0  2  0  0  0 ] (0.00000292)
[  1  0  1  1  1  0  0  0  0 ] (0.00000002)
[  1  0  1  1  1  0  0  0  1 ] (0.00000108)
[  1  0  1  1  1  0  0  1  0 ] (0.00000002)
[  1  0  1  1  1  0  1  0  0 ] (0.00000032)
[  1  0  1  1  1  1  0  0  0 ] (0.00000116)
[  1  0  1  1  2  0  0  0  0 ] (0.00000122)
[  1  0  1  2  0  0  0  0  0 ] (0.00000026)
[  1  0  1  2  0  0  0  0  1 ] (0.00000038)
[  1  0  1  2  0  0  0  1  0 ] (0.00000001)
[  1  0  1  2  0  0  1  0  0 ] (0.00000325)
[  1  0  1  2  0  1  0  0  0 ] (0.00000235)
[  1  0  1  2  1  0  0  0  0 ] (0.00000326)
[  1  0  1  3  0  0  0  0  0 ] (0.00000036)
[  1  0  2  0  0  0  0  0  0 ] (0.00011549)
[  1  0  2  0  0  0  0  0  1 ] (0.00010369)
[  1  0  2  0  0  0  0  0  2 ] (0.00007468)
[  1  0  2  0  0  0  0  1  0 ] (0.00032512)
[  1  0  2  0  0  0  0  1  1 ] (0.00018326)
[  1  0  2  0  0  0  0  2  0 ] (0.00024902)
[  1  0  2  0  0  0  1  0  0 ] (0.00010100)
[  1  0  2  0  0  0  1  0  1 ] (0.00011021)
[  1  0  2  0  0  0  1  1  0 ] (0.00008888)
[  1  0  2  0  0  0  2  0  0 ] (0.00493042)
[  1  0  2  0  0  1  0  0  0 ] (0.00034733)
[  1  0  2  0  0  1  0  0  1 ] (0.00195065)
[  1  0  2  0  0  1  0  1  0 ] (0.00286589)
[  1  0  2  0  0  1  1  0  0 ] (0.01450632)
[  1  0  2  0  0  2  0  0  0 ] (0.00072431)
[  1  0  2  0  1  0  0  0  0 ] (0.00000998)
[  1  0  2  0  1  0  0  0  1 ] (0.00003800)
[  1  0  2  0  1  0  0  1  0 ] (0.00086800)
[  1  0  2  0  1  0  1  0  0 ] (0.00000226)
[  1  0  2  0  1  1  0  0  0 ] (0.00310261)
[  1  0  2  0  2  0  0  0  0 ] (0.00679611)
[  1  0  2  1  0  0  0  0  0 ] (0.00012349)
[  1  0  2  1  0  0  0  0  1 ] (0.00000004)
[  1  0  2  1  0  0  0  1  0 ] (0.00482856)
[  1  0  2  1  0  0  1  0  0 ] (0.00035210)
[  1  0  2  1  0  1  0  0  0 ] (0.00000694)
[  1  0  2  1  1  0  0  0  0 ] (0.00005429)
[  1  0  2  2  0  0  0  0  0 ] (0.00000911)
[  1  0  3  0  0  0  0  0  0 ] (0.00052402)
[  1  0  3  0  0  0  0  0  1 ] (0.00001638)
[  1  0  3  0  0  0  0  1  0 ] (0.03363876)
[  1  0  3  0  0  0  1  0  0 ] (0.00350044)
[  1  0  3  0  0  1  0  0  0 ] (0.00000372)
[  1  0  3  0  1  0  0  0  0 ] (0.00016255)
[  1  0  3  1  0  0  0  0  0 ] (0.00001957)
[  1  0  4  0  0  0  0  0  0 ] (0.00000063)
[  1  1  0  0  0  0  0  0  0 ] (0.00000017)
[  1  1  0  0  0  0  0  0  1 ] (0.00000100)
[  1  1  0  0  0  0  0  0  2 ] (0.00001151)
[  1  1  0  0  0  0  0  0  3 ] (0.00000005)
[  1  1  0  0  0  0  0  1  0 ] (0.00000006)
[  1  1  0  0  0  0  0  1  1 ] (0.00000020)
[  1  1  0  0  0  0  0  1  2 ] (0.00000003)
[  1  1  0  0  0  0  0  2  0 ] (0.00000094)
[  1  1  0  0  0  0  0  2  1 ] (0.00000137)
[  1  1  0  0  0  0  0  3  0 ] (0.00000076)
[  1  1  0  0  0  0  1  0  0 ] (0.00000025)
[  1  1  0  0  0  0  1  0  1 ] (0.00000100)
[  1  1  0  0  0  0  1  0  2 ] (0.00000126)
[  1  1  0  0  0  0  1  1  0 ] (0.00000012)
[  1  1  0  0  0  0  1  1  1 ] (0.00000001)
[  1  1  0  0  0  0  1  2  0 ] (0.00000323)
[  1  1  0  0  0  0  2  0  0 ] (0.00000003)
[  1  1  0  0  0  0  2  0  1 ] (0.00000000)
[  1  1  0  0  0  0  2  1  0 ] (0.00000974)
[  1  1  0  0  0  0  3  0  0 ] (0.00000019)
[  1  1  0  0  0  1  0  0  0 ] (0.00000012)
[  1  1  0  0  0  1  0  0  1 ] (0.00000435)
[  1  1  0  0  0  1  0  0  2 ] (0.00000020)
[  1  1  0  0  0  1  0  1  0 ] (0.00000008)
[  1  1  0  0  0  1  0  1  1 ] (0.00000009)
[  1  1  0  0  0  1  0  2  0 ] (0.00001022)
[  1  1  0  0  0  1  1  0  0 ] (0.00000001)
[  1  1  0  0  0  1  1  0  1 ] (0.00000005)
[  1  1  0  0  0  1  1  1  0 ] (0.00000110)
[  1  1  0  0  0  1  2  0  0 ] (0.00000030)
[  1  1  0  0  0  2  0  0  0 ] (0.00000015)
[  1  1  0  0  0  2  0  0  1 ] (0.00000018)
[  1  1  0  0  0  2  0  1  0 ] (0.00000206)
[  1  1  0  0  0  2  1  0  0 ] (0.00000416)
[  1  1  0  0  0  3  0  0  0 ] (0.00001170)
[  1  1  0  0  1  0  0  0  0 ] (0.00000004)
[  1  1  0  0  1  0  0  0  1 ] (0.00000414)
[  1  1  0  0  1  0  0  0  2 ] (0.00000007)
[  1  1  0  0  1  0  0  1  0 ] (0.00000031)
[  1  1  0  0  1  0  0  1  1 ] (0.00000048)
[  1  1  0  0  1  0  0  2  0 ] (0.00001615)
[  1  1  0  0  1  0  1  0  0 ] (0.00000006)
[  1  1  0  0  1  0  1  0  1 ] (0.00000023)
[  1  1  0  0  1  0  1  1  0 ] (0.00000000)
[  1  1  0  0  1  0  2  0  0 ] (0.00000072)
[  1  1  0  0  1  1  0  0  0 ] (0.00000005)
[  1  1  0  0  1  1  0  0  1 ] (0.00000000)
[  1  1  0  0  1  1  0  1  0 ] (0.00000000)
[  1  1  0  0  1  1  1  0  0 ] (0.00000014)
[  1  1  0  0  1  2  0  0  0 ] (0.00000056)
[  1  1  0  0  2  0  0  0  0 ] (0.00000002)
[  1  1  0  0  2  0  0  0  1 ] (0.00000000)
[  1  1  0  0  2  0  0  1  0 ] (0.00000007)
[  1  1  0  0  2  0  1  0  0 ] (0.00000000)
[  1  1  0  0  2  1  0  0  0 ] (0.00000280)
[  1  1  0  0  3  0  0  0  0 ] (0.00000036)
[  1  1  0  1  0  0  0  0  0 ] (0.00000104)
[  1  1  0  1  0  0  0  0  1 ] (0.00001410)
[  1  1  0  1  0  0  0  0  2 ] (0.00000242)
[  1  1  0  1  0  0  0  1  0 ] (0.00000006)
[  1  1  0  1  0  0  0  1  1 ] (0.00000041)
[  1  1  0  1  0  0  0  2  0 ] (0.00000000)
[  1  1  0  1  0  0  1  0  0 ] (0.00000001)
[  1  1  0  1  0  0  1  0  1 ] (0.00000017)
[  1  1  0  1  0  0  1  1  0 ] (0.00000108)
[  1  1  0  1  0  0  2  0  0 ] (0.00000828)
[  1  1  0  1  0  1  0  0  0 ] (0.00000001)
[  1  1  0  1  0  1  0  0  1 ] (0.00000044)
[  1  1  0  1  0  1  0  1  0 ] (0.00000007)
[  1  1  0  1  0  1  1  0  0 ] (0.00000004)
[  1  1  0  1  0  2  0  0  0 ] (0.00000174)
[  1  1  0  1  1  0  0  0  0 ] (0.00000016)
[  1  1  0  1  1  0  0  0  1 ] (0.00000050)
[  1  1  0  1  1  0  0  1  0 ] (0.00000035)
[  1  1  0  1  1  0  1  0  0 ] (0.00000111)
[  1  1  0  1  1  1  0  0  0 ] (0.00000107)
[  1  1  0  1  2  0  0  0  0 ] (0.00000254)
[  1  1  0  2  0  0  0  0  0 ] (0.00000029)
[  1  1  0  2  0  0  0  0  1 ] (0.00000025)
[  1  1  0  2  0  0  0  1  0 ] (0.00000052)
[  1  1  0  2  0  0  1  0  0 ] (0.00000001)
[  1  1  0  2  0  1  0  0  0 ] (0.00000009)
[  1  1  0  2  1  0  0  0  0 ] (0.00000422)
[  1  1  0  3  0  0  0  0  0 ] (0.00000044)
[  1  1  1  0  0  0  0  0  0 ] (0.00000324)
[  1  1  1  0  0  0  0  0  1 ] (0.00012444)
[  1  1  1  0  0  0  0  0  2 ] (0.00004021)
[  1  1  1  0  0  0  0  1  0 ] (0.00000298)
[  1  1  1  0  0  0  0  1  1 ] (0.00013523)
[  1  1  1  0  0  0  0  2  0 ] (0.00018210)
[  1  1  1  0  0  0  1  0  0 ] (0.00019681)
[  1  1  1  0  0  0  1  0  1 ] (0.00040218)
[  1  1  1  0  0  0  1  1  0 ] (0.00114740)
[  1  1  1  0  0  0  2  0  0 ] (0.00010898)
[  1  1  1  0  0  1  0  0  0 ] (0.00025136)
[  1  1  1  0  0  1  0  0  1 ] (0.00194757)
[  1  1  1  0  0  1  0  1  0 ] (0.00000001)
[  1  1  1  0  0  1  1  0  0 ] (0.00208730)
[  1  1  1  0  0  2  0  0  0 ] (0.00076371)
[  1  1  1  0  1  0  0  0  0 ] (0.00009086)
[  1  1  1  0  1  0  0  0  1 ] (0.00013736)
[  1  1  1  0  1  0  0  1  0 ] (0.00028374)
[  1  1  1  0  1  0  1  0  0 ] (0.00000000)
[  1  1  1  0  1  1  0  0  0 ] (0.00054466)
[  1  1  1  0  2  0  0  0  0 ] (0.00482281)
[  1  1  1  1  0  0  0  0  0 ] (0.00000184)
[  1  1  1  1  0  0  0  0  1 ] (0.00043630)
[  1  1  1  1  0  0  0  1  0 ] (0.00006470)
[  1  1  1  1  0  0  1  0  0 ] (0.00268391)
[  1  1  1  1  0  1  0  0  0 ] (0.00003560)
[  1  1  1  1  1  0  0  0  0 ] (0.00000841)
[  1  1  1  2  0  0  0  0  0 ] (0.00191317)
[  1  1  2  0  0  0  0  0  0 ] (0.00000244)
[  1  1  2  0  0  0  0  0  1 ] (0.00000020)
[  1  1  2  0  0  0  0  1  0 ] (0.00000324)
[  1  1  2  0  0  0  1  0  0 ] (0.00000000)
[  1  1  2  0  0  1  0  0  0 ] (0.00000000)
[  1  1  2  0  1  0  0  0  0 ] (0.00001054)
[  1  1  2  1  0  0  0  0  0 ] (0.00001605)
[  1  1  3  0  0  0  0  0  0 ] (0.00000418)
[  1  2  0  0  0  0  0  0  0 ] (0.00004746)
[  1  2  0  0  0  0  0  0  1 ] (0.00011263)
[  1  2  0  0  0  0  0  0  2 ] (0.00000096)
[  1  2  0  0  0  0  0  1  0 ] (0.00033107)
[  1  2  0  0  0  0  0  1  1 ] (0.00005311)
[  1  2  0  0  0  0  0  2  0 ] (0.00063774)
[  1  2  0  0  0  0  1  0  0 ] (0.00026102)
[  1  2  0  0  0  0  1  0  1 ] (0.00003844)
[  1  2  0  0  0  0  1  1  0 ] (0.00213508)
[  1  2  0  0  0  0  2  0  0 ] (0.04031464)
[  1  2  0  0  0  1  0  0  0 ] (0.00006664)
[  1  2  0  0  0  1  0  0  1 ] (0.00002906)
[  1  2  0  0  0  1  0  1  0 ] (0.00027819)
[  1  2  0  0  0  1  1  0  0 ] (0.00377788)
[  1  2  0  0  0  2  0  0  0 ] (0.00053489)
[  1  2  0  0  1  0  0  0  0 ] (0.00001859)
[  1  2  0  0  1  0  0  0  1 ] (0.00005760)
[  1  2  0  0  1  0  0  1  0 ] (0.00042945)
[  1  2  0  0  1  0  1  0  0 ] (0.00529324)
[  1  2  0  0  1  1  0  0  0 ] (0.00032854)
[  1  2  0  0  2  0  0  0  0 ] (0.00019526)
[  1  2  0  1  0  0  0  0  0 ] (0.00026569)
[  1  2  0  1  0  0  0  0  1 ] (0.00000529)
[  1  2  0  1  0  0  0  1  0 ] (0.01280504)
[  1  2  0  1  0  0  1  0  0 ] (0.00291410)
[  1  2  0  1  0  1  0  0  0 ] (0.00261072)
[  1  2  0  1  1  0  0  0  0 ] (0.00105058)
[  1  2  0  2  0  0  0  0  0 ] (0.00051083)
[  1  2  1  0  0  0  0  0  0 ] (0.00000028)
[  1  2  1  0  0  0  0  0  1 ] (0.00000116)
[  1  2  1  0  0  0  0  1  0 ] (0.00000385)
[  1  2  1  0  0  0  1  0  0 ] (0.00000121)
[  1  2  1  0  0  1  0  0  0 ] (0.00000008)
[  1  2  1  0  1  0  0  0  0 ] (0.00001345)
[  1  2  1  1  0  0  0  0  0 ] (0.00001011)
[  1  2  2  0  0  0  0  0  0 ] (0.00023368)
[  1  3  0  0  0  0  0  0  0 ] (0.00011770)
[  1  3  0  0  0  0  0  0  1 ] (0.00065875)
[  1  3  0  0  0  0  0  1  0 ] (0.00048007)
[  1  3  0  0  0  0  1  0  0 ] (0.00000567)
[  1  3  0  0  0  1  0  0  0 ] (0.00008465)
[  1  3  0  0  1  0  0  0  0 ] (0.00004154)
[  1  3  0  1  0  0  0  0  0 ] (0.00001161)
[  1  3  1  0  0  0  0  0  0 ] (0.00000043)
[  1  4  0  0  0  0  0  0  0 ] (0.00000049)
[  2  0  0  0  0  0  0  0  0 ] (0.00000015)
[  2  0  0  0  0  0  0  0  1 ] (0.00000004)
[  2  0  0  0  0  0  0  0  2 ] (0.00000635)
[  2  0  0  0  0  0  0  0  3 ] (0.00000001)
[  2  0  0  0  0  0  0  1  0 ] (0.00000029)
[  2  0  0  0  0  0  0  1  1 ] (0.00000001)
[  2  0  0  0  0  0  0  1  2 ] (0.00000025)
[  2  0  0  0  0  0  0  2  0 ] (0.00000097)
[  2  0  0  0  0  0  0  2  1 ] (0.00000005)
[  2  0  0  0  0  0  0  3  0 ] (0.00000003)
[  2  0  0  0  0  0  1  0  0 ] (0.00000025)
[  2  0  0  0  0  0  1  0  1 ] (0.00000151)
[  2  0  0  0  0  0  1  0  2 ] (0.00000031)
[  2  0  0  0  0  0  1  1  0 ] (0.00000019)
[  2  0  0  0  0  0  1  1  1 ] (0.00000005)
[  2  0  0  0  0  0  1  2  0 ] (0.00000648)
[  2  0  0  0  0  0  2  0  0 ] (0.00000013)
[  2  0  0  0  0  0  2  0  1 ] (0.00000004)
[  2  0  0  0  0  0  2  1  0 ] (0.00000559)
[  2  0  0  0  0  0  3  0  0 ] (0.00000170)
[  2  0  0  0  0  1  0  0  0 ] (0.00000157)
[  2  0  0  0  0  1  0  0  1 ] (0.00000924)
[  2  0  0  0  0  1  0  0  2 ] (0.00000052)
[  2  0  0  0  0  1  0  1  0 ] (0.00000037)
[  2  0  0  0  0  1  0  1  1 ] (0.00000001)
[  2  0  0  0  0  1  0  2  0 ] (0.00002936)
[  2  0  0  0  0  1  1  0  0 ] (0.00000021)
[  2  0  0  0  0  1  1  0  1 ] (0.00000017)
[  2  0  0  0  0  1  1  1  0 ] (0.00000051)
[  2  0  0  0  0  1  2  0  0 ] (0.00000018)
[  2  0  0  0  0  2  0  0  0 ] (0.00000003)
[  2  0  0  0  0  2  0  0  1 ] (0.00000001)
[  2  0  0  0  0  2  0  1  0 ] (0.00000421)
[  2  0  0  0  0  2  1  0  0 ] (0.00000339)
[  2  0  0  0  0  3  0  0  0 ] (0.00001033)
[  2  0  0  0  1  0  0  0  0 ] (0.00000006)
[  2  0  0  0  1  0  0  0  1 ] (0.00000071)
[  2  0  0  0  1  0  0  0  2 ] (0.00000007)
[  2  0  0  0  1  0  0  1  0 ] (0.00000004)
[  2  0  0  0  1  0  0  1  1 ] (0.00000067)
[  2  0  0  0  1  0  0  2  0 ] (0.00002363)
[  2  0  0  0  1  0  1  0  0 ] (0.00000000)
[  2  0  0  0  1  0  1  0  1 ] (0.00000021)
[  2  0  0  0  1  0  1  1  0 ] (0.00000006)
[  2  0  0  0  1  0  2  0  0 ] (0.00000008)
[  2  0  0  0  1  1  0  0  0 ] (0.00000005)
[  2  0  0  0  1  1  0  0  1 ] (0.00000044)
[  2  0  0  0  1  1  0  1  0 ] (0.00000145)
[  2  0  0  0  1  1  1  0  0 ] (0.00000047)
[  2  0  0  0  1  2  0  0  0 ] (0.00000028)
[  2  0  0  0  2  0  0  0  0 ] (0.00000004)
[  2  0  0  0  2  0  0  0  1 ] (0.00000000)
[  2  0  0  0  2  0  0  1  0 ] (0.00000646)
[  2  0  0  0  2  0  1  0  0 ] (0.00000058)
[  2  0  0  0  2  1  0  0  0 ] (0.00000267)
[  2  0  0  0  3  0  0  0  0 ] (0.00000066)
[  2  0  0  1  0  0  0  0  0 ] (0.00000011)
[  2  0  0  1  0  0  0  0  1 ] (0.00000001)
[  2  0  0  1  0  0  0  0  2 ] (0.00000008)
[  2  0  0  1  0  0  0  1  0 ] (0.00000002)
[  2  0  0  1  0  0  0  1  1 ] (0.00000010)
[  2  0  0  1  0  0  0  2  0 ] (0.00000028)
[  2  0  0  1  0  0  1  0  0 ] (0.00000001)
[  2  0  0  1  0  0  1  0  1 ] (0.00000037)
[  2  0  0  1  0  0  1  1  0 ] (0.00000008)
[  2  0  0  1  0  0  2  0  0 ] (0.00000633)
[  2  0  0  1  0  1  0  0  0 ] (0.00000000)
[  2  0  0  1  0  1  0  0  1 ] (0.00000002)
[  2  0  0  1  0  1  0  1  0 ] (0.00000008)
[  2  0  0  1  0  1  1  0  0 ] (0.00000014)
[  2  0  0  1  0  2  0  0  0 ] (0.00000488)
[  2  0  0  1  1  0  0  0  0 ] (0.00000002)
[  2  0  0  1  1  0  0  0  1 ] (0.00000000)
[  2  0  0  1  1  0  0  1  0 ] (0.00000023)
[  2  0  0  1  1  0  1  0  0 ] (0.00000001)
[  2  0  0  1  1  1  0  0  0 ] (0.00000038)
[  2  0  0  1  2  0  0  0  0 ] (0.00000127)
[  2  0  0  2  0  0  0  0  0 ] (0.00000043)
[  2  0  0  2  0  0  0  0  1 ] (0.00000077)
[  2  0  0  2  0  0  0  1  0 ] (0.00000296)
[  2  0  0  2  0  0  1  0  0 ] (0.00000026)
[  2  0  0  2  0  1  0  0  0 ] (0.00000000)
[  2  0  0  2  1  0  0  0  0 ] (0.00000163)
[  2  0  0  3  0  0  0  0  0 ] (0.00000004)
[  2  0  1  0  0  0  0  0  0 ] (0.00011196)
[  2  0  1  0  0  0  0  0  1 ] (0.00042945)
[  2  0  1  0  0  0  0  0  2 ] (0.00052382)
[  2  0  1  0  0  0  0  1  0 ] (0.00046958)
[  2  0  1  0  0  0  0  1  1 ] (0.00013434)
[  2  0  1  0  0  0  0  2  0 ] (0.00104426)
[  2  0  1  0  0  0  1  0  0 ] (0.00008049)
[  2  0  1  0  0  0  1  0  1 ] (0.00045421)
[  2  0  1  0  0  0  1  1  0 ] (0.00005483)
[  2  0  1  0  0  0  2  0  0 ] (0.01368154)
[  2  0  1  0  0  1  0  0  0 ] (0.00007520)
[  2  0  1  0  0  1  0  0  1 ] (0.00091317)
[  2  0  1  0  0  1  0  1  0 ] (0.00392213)
[  2  0  1  0  0  1  1  0  0 ] (0.02411781)
[  2  0  1  0  0  2  0  0  0 ] (0.00001211)
[  2  0  1  0  1  0  0  0  0 ] (0.00075612)
[  2  0  1  0  1  0  0  0  1 ] (0.00001119)
[  2  0  1  0  1  0  0  1  0 ] (0.00093701)
[  2  0  1  0  1  0  1  0  0 ] (0.00033748)
[  2  0  1  0  1  1  0  0  0 ] (0.02494296)
[  2  0  1  0  2  0  0  0  0 ] (0.00001386)
[  2  0  1  1  0  0  0  0  0 ] (0.00000980)
[  2  0  1  1  0  0  0  0  1 ] (0.00002987)
[  2  0  1  1  0  0  0  1  0 ] (0.00617234)
[  2  0  1  1  0  0  1  0  0 ] (0.00008747)
[  2  0  1  1  0  1  0  0  0 ] (0.00083044)
[  2  0  1  1  1  0  0  0  0 ] (0.00020660)
[  2  0  1  2  0  0  0  0  0 ] (0.00371171)
[  2  0  2  0  0  0  0  0  0 ] (0.00000015)
[  2  0  2  0  0  0  0  0  1 ] (0.00000202)
[  2  0  2  0  0  0  0  1  0 ] (0.00000006)
[  2  0  2  0  0  0  1  0  0 ] (0.00000220)
[  2  0  2  0  0  1  0  0  0 ] (0.00006962)
[  2  0  2  0  1  0  0  0  0 ] (0.00000075)
[  2  0  2  1  0  0  0  0  0 ] (0.00000001)
[  2  0  3  0  0  0  0  0  0 ] (0.00000504)
[  2  1  0  0  0  0  0  0  0 ] (0.00010565)
[  2  1  0  0  0  0  0  0  1 ] (0.00032727)
[  2  1  0  0  0  0  0  0  2 ] (0.00024696)
[  2  1  0  0  0  0  0  1  0 ] (0.00003372)
[  2  1  0  0  0  0  0  1  1 ] (0.00006917)
[  2  1  0  0  0  0  0  2  0 ] (0.00000335)
[  2  1  0  0  0  0  1  0  0 ] (0.00009083)
[  2  1  0  0  0  0  1  0  1 ] (0.00151339)
[  2  1  0  0  0  0  1  1  0 ] (0.01394566)
[  2  1  0  0  0  0  2  0  0 ] (0.01980171)
[  2  1  0  0  0  1  0  0  0 ] (0.00016820)
[  2  1  0  0  0  1  0  0  1 ] (0.00000435)
[  2  1  0  0  0  1  0  1  0 ] (0.00676131)
[  2  1  0  0  0  1  1  0  0 ] (0.00103125)
[  2  1  0  0  0  2  0  0  0 ] (0.00047717)
[  2  1  0  0  1  0  0  0  0 ] (0.00001120)
[  2  1  0  0  1  0  0  0  1 ] (0.00000114)
[  2  1  0  0  1  0  0  1  0 ] (0.00009210)
[  2  1  0  0  1  0  1  0  0 ] (0.00283215)
[  2  1  0  0  1  1  0  0  0 ] (0.00598028)
[  2  1  0  0  2  0  0  0  0 ] (0.00181287)
[  2  1  0  1  0  0  0  0  0 ] (0.00000423)
[  2  1  0  1  0  0  0  0  1 ] (0.00012527)
[  2  1  0  1  0  0  0  1  0 ] (0.00123685)
[  2  1  0  1  0  0  1  0  0 ] (0.00005904)
[  2  1  0  1  0  1  0  0  0 ] (0.00091372)
[  2  1  0  1  1  0  0  0  0 ] (0.00000544)
[  2  1  0  2  0  0  0  0  0 ] (0.00002396)
[  2  1  1  0  0  0  0  0  0 ] (0.00000037)
[  2  1  1  0  0  0  0  0  1 ] (0.00001273)
[  2  1  1  0  0  0  0  1  0 ] (0.00000600)
[  2  1  1  0  0  0  1  0  0 ] (0.00000045)
[  2  1  1  0  0  1  0  0  0 ] (0.00001282)
[  2  1  1  0  1  0  0  0  0 ] (0.00000088)
[  2  1  1  1  0  0  0  0  0 ] (0.00000219)
[  2  1  2  0  0  0  0  0  0 ] (0.00037815)
[  2  2  0  0  0  0  0  0  0 ] (0.00000130)
[  2  2  0  0  0  0  0  0  1 ] (0.00001071)
[  2  2  0  0  0  0  0  1  0 ] (0.00000005)
[  2  2  0  0  0  0  1  0  0 ] (0.00000022)
[  2  2  0  0  0  1  0  0  0 ] (0.00000016)
[  2  2  0  0  1  0  0  0  0 ] (0.00000196)
[  2  2  0  1  0  0  0  0  0 ] (0.00000062)
[  2  2  1  0  0  0  0  0  0 ] (0.00000162)
[  2  3  0  0  0  0  0  0  0 ] (0.00000025)
[  3  0  0  0  0  0  0  0  0 ] (0.00000018)
[  3  0  0  0  0  0  0  0  1 ] (0.00000000)
[  3  0  0  0  0  0  0  0  2 ] (0.00000196)
[  3  0  0  0  0  0  0  1  0 ] (0.00000000)
[  3  0  0  0  0  0  0  1  1 ] (0.00000107)
[  3  0  0  0  0  0  0  2  0 ] (0.00000015)
[  3  0  0  0  0  0  1  0  0 ] (0.00000005)
[  3  0  0  0  0  0  1  0  1 ] (0.00000010)
[  3  0  0  0  0  0  1  1  0 ] (0.00000562)
[  3  0  0  0  0  0  2  0  0 ] (0.00000003)
[  3  0  0  0  0  1  0  0  0 ] (0.00000001)
[  3  0  0  0  0  1  0  0  1 ] (0.00000071)
[  3  0  0  0  0  1  0  1  0 ] (0.00000171)
[  3  0  0  0  0  1  1  0  0 ] (0.00000477)
[  3  0  0  0  0  2  0  0  0 ] (0.00000030)
[  3  0  0  0  1  0  0  0  0 ] (0.00000023)
[  3  0  0  0  1  0  0  0  1 ] (0.00000305)
[  3  0  0  0  1  0  0  1  0 ] (0.00000389)
[  3  0  0  0  1  0  1  0  0 ] (0.00000089)
[  3  0  0  0  1  1  0  0  0 ] (0.00000441)
[  3  0  0  0  2  0  0  0  0 ] (0.00000024)
[  3  0  0  1  0  0  0  0  0 ] (0.00000003)
[  3  0  0  1  0  0  0  0  1 ] (0.00000268)
[  3  0  0  1  0  0  0  1  0 ] (0.00000410)
[  3  0  0  1  0  0  1  0  0 ] (0.00000013)
[  3  0  0  1  0  1  0  0  0 ] (0.00000134)
[  3  0  0  1  1  0  0  0  0 ] (0.00000044)
[  3  0  0  2  0  0  0  0  0 ] (0.00000004)
[  3  0  1  0  0  0  0  0  0 ] (0.00029870)
[  3  0  1  0  0  0  0  0  1 ] (0.00530513)
[  3  0  1  0  0  0  0  1  0 ] (0.00071257)
[  3  0  1  0  0  0  1  0  0 ] (0.00027869)
[  3  0  1  0  0  1  0  0  0 ] (0.00381931)
[  3  0  1  0  1  0  0  0  0 ] (0.00079064)
[  3  0  1  1  0  0  0  0  0 ] (0.00003228)
[  3  0  2  0  0  0  0  0  0 ] (0.00000197)
[  3  1  0  0  0  0  0  0  0 ] (0.00000160)
[  3  1  0  0  0  0  0  0  1 ] (0.00049599)
[  3  1  0  0  0  0  0  1  0 ] (0.00047494)
[  3  1  0  0  0  0  1  0  0 ] (0.00001136)
[  3  1  0  0  0  1  0  0  0 ] (0.00106952)
[  3  1  0  0  1  0  0  0  0 ] (0.00035120)
[  3  1  0  1  0  0  0  0  0 ] (0.00000616)
[  3  1  1  0  0  0  0  0  0 ] (0.00000014)
[  3  2  0  0  0  0  0  0  0 ] (0.00000062)
[  4  0  0  0  0  0  0  0  0 ] (0.00005863)
[  4  0  0  0  0  0  0  0  1 ] (0.00029996)
[  4  0  0  0  0  0  0  1  0 ] (0.00150725)
[  4  0  0  0  0  0  1  0  0 ] (0.00048678)
[  4  0  0  0  0  1  0  0  0 ] (0.00024983)
[  4  0  0  0  1  0  0  0  0 ] (0.00039965)
[  4  0  0  1  0  0  0  0  0 ] (0.00024084)
[  4  0  1  0  0  0  0  0  0 ] (0.00000029)
[  4  1  0  0  0  0  0  0  0 ] (0.00000111)
[  5  0  0  0  0  0  0  0  0 ] (0.00000023)
