|  -924.229603857020 |   195.404640894987 

[  0  0  0  0  0  0  0  0  0 ] (0.00000003)
[  0  0  0  0  0  0  0  0  1 ] (0.00000006)
[  0  0  0  0  0  0  0  0  2 ] (0.00000001)
[  0  0  0  0  0  0  0  0  3 ] (0.00000106)
[  0  0  0  0  0  0  0  0  4 ] (0.00000002)
[  0  0  0  0  0  0  0  0  5 ] (0.00000001)
[  0  0  0  0  0  0  0  1  0 ] (0.00000001)
[  0  0  0  0  0  0  0  1  1 ] (0.00000002)
[  0  0  0  0  0  0  0  1  2 ] (0.00000059)
[  0  0  0  0  0  0  0  1  3 ] (0.00000004)
[  0  0  0  0  0  0  0  1  4 ] (0.00000000)
[  0  0  0  0  0  0  0  2  0 ] (0.00000000)
[  0  0  0  0  0  0  0  2  1 ] (0.00000000)
[  0  0  0  0  0  0  0  2  2 ] (0.00000001)
[  0  0  0  0  0  0  0  2  3 ] (0.00000000)
[  0  0  0  0  0  0  0  3  0 ] (0.00000000)
[  0  0  0  0  0  0  0  3  1 ] (0.00000191)
[  0  0  0  0  0  0  0  3  2 ] (0.00000000)
[  0  0  0  0  0  0  0  4  0 ] (0.00000093)
[  0  0  0  0  0  0  0  4  1 ] (0.00000001)
[  0  0  0  0  0  0  0  5  0 ] (0.00000001)
[  0  0  0  0  0  0  1  0  0 ] (0.00000001)
[  0  0  0  0  0  0  1  0  1 ] (0.00000009)
[  0  0  0  0  0  0  1  0  2 ] (0.00000211)
[  0  0  0  0  0  0  1  0  3 ] (0.00000000)
[  0  0  0  0  0  0  1  0  4 ] (0.00000001)
[  0  0  0  0  0  0  1  1  0 ] (0.00000001)
[  0  0  0  0  0  0  1  1  1 ] (0.00000136)
[  0  0  0  0  0  0  1  1  2 ] (0.00000005)
[  0  0  0  0  0  0  1  1  3 ] (0.00000011)
[  0  0  0  0  0  0  1  2  0 ] (0.00000001)
[  0  0  0  0  0  0  1  2  1 ] (0.00000047)
[  0  0  0  0  0  0  1  2  2 ] (0.00000000)
[  0  0  0  0  0  0  1  3  0 ] (0.00000016)
[  0  0  0  0  0  0  1  3  1 ] (0.00000000)
[  0  0  0  0  0  0  1  4  0 ] (0.00000001)
[  0  0  0  0  0  0  2  0  0 ] (0.00000024)
[  0  0  0  0  0  0  2  0  1 ] (0.00000136)
[  0  0  0  0  0  0  2  0  2 ] (0.00000005)
[  0  0  0  0  0  0  2  0  3 ] (0.00000009)
[  0  0  0  0  0  0  2  1  0 ] (0.00000001)
[  0  0  0  0  0  0  2  1  1 ] (0.00000002)
[  0  0  0  0  0  0  2  1  2 ] (0.00000000)
[  0  0  0  0  0  0  2  2  0 ] (0.00000000)
[  0  0  0  0  0  0  2  2  1 ] (0.00000000)
[  0  0  0  0  0  0  2  3  0 ] (0.00000014)
[  0  0  0  0  0  0  3  0  0 ] (0.00000021)
[  0  0  0  0  0  0  3  0  1 ] (0.00000581)
[  0  0  0  0  0  0  3  0  2 ] (0.00000002)
[  0  0  0  0  0  0  3  1  0 ] (0.00000151)
[  0  0  0  0  0  0  3  1  1 ] (0.00000083)
[  0  0  0  0  0  0  3  2  0 ] (0.00000003)
[  0  0  0  0  0  0  4  0  0 ] (0.00000128)
[  0  0  0  0  0  0  4  0  1 ] (0.00000033)
[  0  0  0  0  0  0  4  1  0 ] (0.00000016)
[  0  0  0  0  0  0  5  0  0 ] (0.00000010)
[  0  0  0  0  0  1  0  0  0 ] (0.00000006)
[  0  0  0  0  0  1  0  0  1 ] (0.00000009)
[  0  0  0  0  0  1  0  0  2 ] (0.00000827)
[  0  0  0  0  0  1  0  0  3 ] (0.00000001)
[  0  0  0  0  0  1  0  0  4 ] (0.00000001)
[  0  0  0  0  0  1  0  1  0 ] (0.00000000)
[  0  0  0  0  0  1  0  1  1 ] (0.00000716)
[  0  0  0  0  0  1  0  1  2 ] (0.00000086)
[  0  0  0  0  0  1  0  1  3 ] (0.00000000)
[  0  0  0  0  0  1  0  2  0 ] (0.00000003)
[  0  0  0  0  0  1  0  2  1 ] (0.00000015)
[  0  0  0  0  0  1  0  2  2 ] (0.00000001)
[  0  0  0  0  0  1  0  3  0 ] (0.00000126)
[  0  0  0  0  0  1  0  3  1 ] (0.00000020)
[  0  0  0  0  0  1  0  4  0 ] (0.00000001)
[  0  0  0  0  0  1  1  0  0 ] (0.00000089)
[  0  0  0  0  0  1  1  0  1 ] (0.00005246)
[  0  0  0  0  0  1  1  0  2 ] (0.00000128)
[  0  0  0  0  0  1  1  0  3 ] (0.00000102)
[  0  0  0  0  0  1  1  1  0 ] (0.00000093)
[  0  0  0  0  0  1  1  1  1 ] (0.00000062)
[  0  0  0  0  0  1  1  1  2 ] (0.00000006)
[  0  0  0  0  0  1  1  2  0 ] (0.00000094)
[  0  0  0  0  0  1  1  2  1 ] (0.00000016)
[  0  0  0  0  0  1  1  3  0 ] (0.00000005)
[  0  0  0  0  0  1  2  0  0 ] (0.00000007)
[  0  0  0  0  0  1  2  0  1 ] (0.00000042)
[  0  0  0  0  0  1  2  0  2 ] (0.00000000)
[  0  0  0  0  0  1  2  1  0 ] (0.00000125)
[  0  0  0  0  0  1  2  1  1 ] (0.00000020)
[  0  0  0  0  0  1  2  2  0 ] (0.00000001)
[  0  0  0  0  0  1  3  0  0 ] (0.00000071)
[  0  0  0  0  0  1  3  0  1 ] (0.00000089)
[  0  0  0  0  0  1  3  1  0 ] (0.00000005)
[  0  0  0  0  0  1  4  0  0 ] (0.00000023)
[  0  0  0  0  0  2  0  0  0 ] (0.00000000)
[  0  0  0  0  0  2  0  0  1 ] (0.00000025)
[  0  0  0  0  0  2  0  0  2 ] (0.00000006)
[  0  0  0  0  0  2  0  0  3 ] (0.00000000)
[  0  0  0  0  0  2  0  1  0 ] (0.00000021)
[  0  0  0  0  0  2  0  1  1 ] (0.00000001)
[  0  0  0  0  0  2  0  1  2 ] (0.00000002)
[  0  0  0  0  0  2  0  2  0 ] (0.00000001)
[  0  0  0  0  0  2  0  2  1 ] (0.00000004)
[  0  0  0  0  0  2  0  3  0 ] (0.00000000)
[  0  0  0  0  0  2  1  0  0 ] (0.00000014)
[  0  0  0  0  0  2  1  0  1 ] (0.00000000)
[  0  0  0  0  0  2  1  0  2 ] (0.00000000)
[  0  0  0  0  0  2  1  1  0 ] (0.00000011)
[  0  0  0  0  0  2  1  1  1 ] (0.00000000)
[  0  0  0  0  0  2  1  2  0 ] (0.00000004)
[  0  0  0  0  0  2  2  0  0 ] (0.00000002)
[  0  0  0  0  0  2  2  0  1 ] (0.00000011)
[  0  0  0  0  0  2  2  1  0 ] (0.00000007)
[  0  0  0  0  0  2  3  0  0 ] (0.00000006)
[  0  0  0  0  0  3  0  0  0 ] (0.00000002)
[  0  0  0  0  0  3  0  0  1 ] (0.00000075)
[  0  0  0  0  0  3  0  0  2 ] (0.00000000)
[  0  0  0  0  0  3  0  1  0 ] (0.00000045)
[  0  0  0  0  0  3  0  1  1 ] (0.00000016)
[  0  0  0  0  0  3  0  2  0 ] (0.00000003)
[  0  0  0  0  0  3  1  0  0 ] (0.00000021)
[  0  0  0  0  0  3  1  0  1 ] (0.00000001)
[  0  0  0  0  0  3  1  1  0 ] (0.00000007)
[  0  0  0  0  0  3  2  0  0 ] (0.00000018)
[  0  0  0  0  0  4  0  0  0 ] (0.00000003)
[  0  0  0  0  0  4  0  0  1 ] (0.00000002)
[  0  0  0  0  0  4  0  1  0 ] (0.00000001)
[  0  0  0  0  0  4  1  0  0 ] (0.00000288)
[  0  0  0  0  0  5  0  0  0 ] (0.00000000)
[  0  0  0  0  1  0  0  0  0 ] (0.00000000)
[  0  0  0  0  1  0  0  0  1 ] (0.00000031)
[  0  0  0  0  1  0  0  0  2 ] (0.00001388)
[  0  0  0  0  1  0  0  0  3 ] (0.00000004)
[  0  0  0  0  1  0  0  0  4 ] (0.00000000)
[  0  0  0  0  1  0  0  1  0 ] (0.00000000)
[  0  0  0  0  1  0  0  1  1 ] (0.00000962)
[  0  0  0  0  1  0  0  1  2 ] (0.00000085)
[  0  0  0  0  1  0  0  1  3 ] (0.00000005)
[  0  0  0  0  1  0  0  2  0 ] (0.00000000)
[  0  0  0  0  1  0  0  2  1 ] (0.00000030)
[  0  0  0  0  1  0  0  2  2 ] (0.00000000)
[  0  0  0  0  1  0  0  3  0 ] (0.00000000)
[  0  0  0  0  1  0  0  3  1 ] (0.00000039)
[  0  0  0  0  1  0  0  4  0 ] (0.00000007)
[  0  0  0  0  1  0  1  0  0 ] (0.00000004)
[  0  0  0  0  1  0  1  0  1 ] (0.00003665)
[  0  0  0  0  1  0  1  0  2 ] (0.00000014)
[  0  0  0  0  1  0  1  0  3 ] (0.00000034)
[  0  0  0  0  1  0  1  1  0 ] (0.00000017)
[  0  0  0  0  1  0  1  1  1 ] (0.00000125)
[  0  0  0  0  1  0  1  1  2 ] (0.00000004)
[  0  0  0  0  1  0  1  2  0 ] (0.00000001)
[  0  0  0  0  1  0  1  2  1 ] (0.00000004)
[  0  0  0  0  1  0  1  3  0 ] (0.00000021)
[  0  0  0  0  1  0  2  0  0 ] (0.00000015)
[  0  0  0  0  1  0  2  0  1 ] (0.00000002)
[  0  0  0  0  1  0  2  0  2 ] (0.00000001)
[  0  0  0  0  1  0  2  1  0 ] (0.00000593)
[  0  0  0  0  1  0  2  1  1 ] (0.00000086)
[  0  0  0  0  1  0  2  2  0 ] (0.00000037)
[  0  0  0  0  1  0  3  0  0 ] (0.00000010)
[  0  0  0  0  1  0  3  0  1 ] (0.00000002)
[  0  0  0  0  1  0  3  1  0 ] (0.00000019)
[  0  0  0  0  1  0  4  0  0 ] (0.00000389)
[  0  0  0  0  1  1  0  0  0 ] (0.00000003)
[  0  0  0  0  1  1  0  0  1 ] (0.00000483)
[  0  0  0  0  1  1  0  0  2 ] (0.00000025)
[  0  0  0  0  1  1  0  0  3 ] (0.00000020)
[  0  0  0  0  1  1  0  1  0 ] (0.00000038)
[  0  0  0  0  1  1  0  1  1 ] (0.00000001)
[  0  0  0  0  1  1  0  1  2 ] (0.00000000)
[  0  0  0  0  1  1  0  2  0 ] (0.00000053)
[  0  0  0  0  1  1  0  2  1 ] (0.00000000)
[  0  0  0  0  1  1  0  3  0 ] (0.00000001)
[  0  0  0  0  1  1  1  0  0 ] (0.00000035)
[  0  0  0  0  1  1  1  0  1 ] (0.00000011)
[  0  0  0  0  1  1  1  0  2 ] (0.00000003)
[  0  0  0  0  1  1  1  1  0 ] (0.00000055)
[  0  0  0  0  1  1  1  1  1 ] (0.00000008)
[  0  0  0  0  1  1  1  2  0 ] (0.00000000)
[  0  0  0  0  1  1  2  0  0 ] (0.00000046)
[  0  0  0  0  1  1  2  0  1 ] (0.00000004)
[  0  0  0  0  1  1  2  1  0 ] (0.00000015)
[  0  0  0  0  1  1  3  0  0 ] (0.00000010)
[  0  0  0  0  1  2  0  0  0 ] (0.00000002)
[  0  0  0  0  1  2  0  0  1 ] (0.00000319)
[  0  0  0  0  1  2  0  0  2 ] (0.00000002)
[  0  0  0  0  1  2  0  1  0 ] (0.00000065)
[  0  0  0  0  1  2  0  1  1 ] (0.00000053)
[  0  0  0  0  1  2  0  2  0 ] (0.00000007)
[  0  0  0  0  1  2  1  0  0 ] (0.00000588)
[  0  0  0  0  1  2  1  0  1 ] (0.00000012)
[  0  0  0  0  1  2  1  1  0 ] (0.00000064)
[  0  0  0  0  1  2  2  0  0 ] (0.00000000)
[  0  0  0  0  1  3  0  0  0 ] (0.00000003)
[  0  0  0  0  1  3  0  0  1 ] (0.00000038)
[  0  0  0  0  1  3  0  1  0 ] (0.00000000)
[  0  0  0  0  1  3  1  0  0 ] (0.00000123)
[  0  0  0  0  1  4  0  0  0 ] (0.00000147)
[  0  0  0  0  2  0  0  0  0 ] (0.00000000)
[  0  0  0  0  2  0  0  0  1 ] (0.00000357)
[  0  0  0  0  2  0  0  0  2 ] (0.00000023)
[  0  0  0  0  2  0  0  0  3 ] (0.00000037)
[  0  0  0  0  2  0  0  1  0 ] (0.00000004)
[  0  0  0  0  2  0  0  1  1 ] (0.00000000)
[  0  0  0  0  2  0  0  1  2 ] (0.00000001)
[  0  0  0  0  2  0  0  2  0 ] (0.00000056)
[  0  0  0  0  2  0  0  2  1 ] (0.00000001)
[  0  0  0  0  2  0  0  3  0 ] (0.00000000)
[  0  0  0  0  2  0  1  0  0 ] (0.00000048)
[  0  0  0  0  2  0  1  0  1 ] (0.00000038)
[  0  0  0  0  2  0  1  0  2 ] (0.00000001)
[  0  0  0  0  2  0  1  1  0 ] (0.00000003)
[  0  0  0  0  2  0  1  1  1 ] (0.00000005)
[  0  0  0  0  2  0  1  2  0 ] (0.00000010)
[  0  0  0  0  2  0  2  0  0 ] (0.00000001)
[  0  0  0  0  2  0  2  0  1 ] (0.00000000)
[  0  0  0  0  2  0  2  1  0 ] (0.00000001)
[  0  0  0  0  2  0  3  0  0 ] (0.00000002)
[  0  0  0  0  2  1  0  0  0 ] (0.00000013)
[  0  0  0  0  2  1  0  0  1 ] (0.00000027)
[  0  0  0  0  2  1  0  0  2 ] (0.00000000)
[  0  0  0  0  2  1  0  1  0 ] (0.00000014)
[  0  0  0  0  2  1  0  1  1 ] (0.00000001)
[  0  0  0  0  2  1  0  2  0 ] (0.00000000)
[  0  0  0  0  2  1  1  0  0 ] (0.00002421)
[  0  0  0  0  2  1  1  0  1 ] (0.00000085)
[  0  0  0  0  2  1  1  1  0 ] (0.00000121)
[  0  0  0  0  2  1  2  0  0 ] (0.00000000)
[  0  0  0  0  2  2  0  0  0 ] (0.00000102)
[  0  0  0  0  2  2  0  0  1 ] (0.00000005)
[  0  0  0  0  2  2  0  1  0 ] (0.00000002)
[  0  0  0  0  2  2  1  0  0 ] (0.00000022)
[  0  0  0  0  2  3  0  0  0 ] (0.00000235)
[  0  0  0  0  3  0  0  0  0 ] (0.00000005)
[  0  0  0  0  3  0  0  0  1 ] (0.00000001)
[  0  0  0  0  3  0  0  0  2 ] (0.00000003)
[  0  0  0  0  3  0  0  1  0 ] (0.00000004)
[  0  0  0  0  3  0  0  1  1 ] (0.00000075)
[  0  0  0  0  3  0  0  2  0 ] (0.00000000)
[  0  0  0  0  3  0  1  0  0 ] (0.00000003)
[  0  0  0  0  3  0  1  0  1 ] (0.00000002)
[  0  0  0  0  3  0  1  1  0 ] (0.00000016)
[  0  0  0  0  3  0  2  0  0 ] (0.00000079)
[  0  0  0  0  3  1  0  0  0 ] (0.00000008)
[  0  0  0  0  3  1  0  0  1 ] (0.00000003)
[  0  0  0  0  3  1  0  1  0 ] (0.00000012)
[  0  0  0  0  3  1  1  0  0 ] (0.00000034)
[  0  0  0  0  3  2  0  0  0 ] (0.00000050)
[  0  0  0  0  4  0  0  0  0 ] (0.00000028)
[  0  0  0  0  4  0  0  0  1 ] (0.00000003)
[  0  0  0  0  4  0  0  1  0 ] (0.00000012)
[  0  0  0  0  4  0  1  0  0 ] (0.00000011)
[  0  0  0  0  4  1  0  0  0 ] (0.00000071)
[  0  0  0  0  5  0  0  0  0 ] (0.00000049)
[  0  0  0  1  0  0  0  0  0 ] (0.00000000)
[  0  0  0  1  0  0  0  0  1 ] (0.00000112)
[  0  0  0  1  0  0  0  0  2 ] (0.00000161)
[  0  0  0  1  0  0  0  0  3 ] (0.00000000)
[  0  0  0  1  0  0  0  0  4 ] (0.00000001)
[  0  0  0  1  0  0  0  1  0 ] (0.00000046)
[  0  0  0  1  0  0  0  1  1 ] (0.00000254)
[  0  0  0  1  0  0  0  1  2 ] (0.00000022)
[  0  0  0  1  0  0  0  1  3 ] (0.00000001)
[  0  0  0  1  0  0  0  2  0 ] (0.00000002)
[  0  0  0  1  0  0  0  2  1 ] (0.00000058)
[  0  0  0  1  0  0  0  2  2 ] (0.00000001)
[  0  0  0  1  0  0  0  3  0 ] (0.00000574)
[  0  0  0  1  0  0  0  3  1 ] (0.00000028)
[  0  0  0  1  0  0  0  4  0 ] (0.00000026)
[  0  0  0  1  0  0  1  0  0 ] (0.00000010)
[  0  0  0  1  0  0  1  0  1 ] (0.00000956)
[  0  0  0  1  0  0  1  0  2 ] (0.00000014)
[  0  0  0  1  0  0  1  0  3 ] (0.00000003)
[  0  0  0  1  0  0  1  1  0 ] (0.00000029)
[  0  0  0  1  0  0  1  1  1 ] (0.00000075)
[  0  0  0  1  0  0  1  1  2 ] (0.00000001)
[  0  0  0  1  0  0  1  2  0 ] (0.00000044)
[  0  0  0  1  0  0  1  2  1 ] (0.00000002)
[  0  0  0  1  0  0  1  3  0 ] (0.00000005)
[  0  0  0  1  0  0  2  0  0 ] (0.00000010)
[  0  0  0  1  0  0  2  0  1 ] (0.00000037)
[  0  0  0  1  0  0  2  0  2 ] (0.00000002)
[  0  0  0  1  0  0  2  1  0 ] (0.00000128)
[  0  0  0  1  0  0  2  1  1 ] (0.00000004)
[  0  0  0  1  0  0  2  2  0 ] (0.00000001)
[  0  0  0  1  0  0  3  0  0 ] (0.00000013)
[  0  0  0  1  0  0  3  0  1 ] (0.00000014)
[  0  0  0  1  0  0  3  1  0 ] (0.00000004)
[  0  0  0  1  0  0  4  0  0 ] (0.00000102)
[  0  0  0  1  0  1  0  0  0 ] (0.00000004)
[  0  0  0  1  0  1  0  0  1 ] (0.00002678)
[  0  0  0  1  0  1  0  0  2 ] (0.00000000)
[  0  0  0  1  0  1  0  0  3 ] (0.00000010)
[  0  0  0  1  0  1  0  1  0 ] (0.00000026)
[  0  0  0  1  0  1  0  1  1 ] (0.00000175)
[  0  0  0  1  0  1  0  1  2 ] (0.00000001)
[  0  0  0  1  0  1  0  2  0 ] (0.00000137)
[  0  0  0  1  0  1  0  2  1 ] (0.00000006)
[  0  0  0  1  0  1  0  3  0 ] (0.00000001)
[  0  0  0  1  0  1  1  0  0 ] (0.00000008)
[  0  0  0  1  0  1  1  0  1 ] (0.00000031)
[  0  0  0  1  0  1  1  0  2 ] (0.00000001)
[  0  0  0  1  0  1  1  1  0 ] (0.00000101)
[  0  0  0  1  0  1  1  1  1 ] (0.00000001)
[  0  0  0  1  0  1  1  2  0 ] (0.00000018)
[  0  0  0  1  0  1  2  0  0 ] (0.00000098)
[  0  0  0  1  0  1  2  0  1 ] (0.00000005)
[  0  0  0  1  0  1  2  1  0 ] (0.00000008)
[  0  0  0  1  0  1  3  0  0 ] (0.00000124)
[  0  0  0  1  0  2  0  0  0 ] (0.00000012)
[  0  0  0  1  0  2  0  0  1 ] (0.00000002)
[  0  0  0  1  0  2  0  0  2 ] (0.00000004)
[  0  0  0  1  0  2  0  1  0 ] (0.00000143)
[  0  0  0  1  0  2  0  1  1 ] (0.00000033)
[  0  0  0  1  0  2  0  2  0 ] (0.00000002)
[  0  0  0  1  0  2  1  0  0 ] (0.00000004)
[  0  0  0  1  0  2  1  0  1 ] (0.00000006)
[  0  0  0  1  0  2  1  1  0 ] (0.00000000)
[  0  0  0  1  0  2  2  0  0 ] (0.00000002)
[  0  0  0  1  0  3  0  0  0 ] (0.00000029)
[  0  0  0  1  0  3  0  0  1 ] (0.00000015)
[  0  0  0  1  0  3  0  1  0 ] (0.00000040)
[  0  0  0  1  0  3  1  0  0 ] (0.00000000)
[  0  0  0  1  0  4  0  0  0 ] (0.00000164)
[  0  0  0  1  1  0  0  0  0 ] (0.00000000)
[  0  0  0  1  1  0  0  0  1 ] (0.00000363)
[  0  0  0  1  1  0  0  0  2 ] (0.00000048)
[  0  0  0  1  1  0  0  0  3 ] (0.00000005)
[  0  0  0  1  1  0  0  1  0 ] (0.00000008)
[  0  0  0  1  1  0  0  1  1 ] (0.00000000)
[  0  0  0  1  1  0  0  1  2 ] (0.00000010)
[  0  0  0  1  1  0  0  2  0 ] (0.00000095)
[  0  0  0  1  1  0  0  2  1 ] (0.00000002)
[  0  0  0  1  1  0  0  3  0 ] (0.00000002)
[  0  0  0  1  1  0  1  0  0 ] (0.00000010)
[  0  0  0  1  1  0  1  0  1 ] (0.00000005)
[  0  0  0  1  1  0  1  0  2 ] (0.00000000)
[  0  0  0  1  1  0  1  1  0 ] (0.00000003)
[  0  0  0  1  1  0  1  1  1 ] (0.00000000)
[  0  0  0  1  1  0  1  2  0 ] (0.00000001)
[  0  0  0  1  1  0  2  0  0 ] (0.00000204)
[  0  0  0  1  1  0  2  0  1 ] (0.00000020)
[  0  0  0  1  1  0  2  1  0 ] (0.00000003)
[  0  0  0  1  1  0  3  0  0 ] (0.00000038)
[  0  0  0  1  1  1  0  0  0 ] (0.00000003)
[  0  0  0  1  1  1  0  0  1 ] (0.00000067)
[  0  0  0  1  1  1  0  0  2 ] (0.00000000)
[  0  0  0  1  1  1  0  1  0 ] (0.00000000)
[  0  0  0  1  1  1  0  1  1 ] (0.00000011)
[  0  0  0  1  1  1  0  2  0 ] (0.00000026)
[  0  0  0  1  1  1  1  0  0 ] (0.00000027)
[  0  0  0  1  1  1  1  0  1 ] (0.00000000)
[  0  0  0  1  1  1  1  1  0 ] (0.00000002)
[  0  0  0  1  1  1  2  0  0 ] (0.00000000)
[  0  0  0  1  1  2  0  0  0 ] (0.00000000)
[  0  0  0  1  1  2  0  0  1 ] (0.00000004)
[  0  0  0  1  1  2  0  1  0 ] (0.00000012)
[  0  0  0  1  1  2  1  0  0 ] (0.00000003)
[  0  0  0  1  1  3  0  0  0 ] (0.00000023)
[  0  0  0  1  2  0  0  0  0 ] (0.00000004)
[  0  0  0  1  2  0  0  0  1 ] (0.00000053)
[  0  0  0  1  2  0  0  0  2 ] (0.00000000)
[  0  0  0  1  2  0  0  1  0 ] (0.00000177)
[  0  0  0  1  2  0  0  1  1 ] (0.00000011)
[  0  0  0  1  2  0  0  2  0 ] (0.00000001)
[  0  0  0  1  2  0  1  0  0 ] (0.00000083)
[  0  0  0  1  2  0  1  0  1 ] (0.00000032)
[  0  0  0  1  2  0  1  1  0 ] (0.00000000)
[  0  0  0  1  2  0  2  0  0 ] (0.00000001)
[  0  0  0  1  2  1  0  0  0 ] (0.00000512)
[  0  0  0  1  2  1  0  0  1 ] (0.00000006)
[  0  0  0  1  2  1  0  1  0 ] (0.00000032)
[  0  0  0  1  2  1  1  0  0 ] (0.00000038)
[  0  0  0  1  2  2  0  0  0 ] (0.00000001)
[  0  0  0  1  3  0  0  0  0 ] (0.00000005)
[  0  0  0  1  3  0  0  0  1 ] (0.00000017)
[  0  0  0  1  3  0  0  1  0 ] (0.00000013)
[  0  0  0  1  3  0  1  0  0 ] (0.00000017)
[  0  0  0  1  3  1  0  0  0 ] (0.00000005)
[  0  0  0  1  4  0  0  0  0 ] (0.00000025)
[  0  0  0  2  0  0  0  0  0 ] (0.00000009)
[  0  0  0  2  0  0  0  0  1 ] (0.00000005)
[  0  0  0  2  0  0  0  0  2 ] (0.00000011)
[  0  0  0  2  0  0  0  0  3 ] (0.00000004)
[  0  0  0  2  0  0  0  1  0 ] (0.00000009)
[  0  0  0  2  0  0  0  1  1 ] (0.00000083)
[  0  0  0  2  0  0  0  1  2 ] (0.00000012)
[  0  0  0  2  0  0  0  2  0 ] (0.00000025)
[  0  0  0  2  0  0  0  2  1 ] (0.00000017)
[  0  0  0  2  0  0  0  3  0 ] (0.00000032)
[  0  0  0  2  0  0  1  0  0 ] (0.00000092)
[  0  0  0  2  0  0  1  0  1 ] (0.00000079)
[  0  0  0  2  0  0  1  0  2 ] (0.00000000)
[  0  0  0  2  0  0  1  1  0 ] (0.00000010)
[  0  0  0  2  0  0  1  1  1 ] (0.00000004)
[  0  0  0  2  0  0  1  2  0 ] (0.00000009)
[  0  0  0  2  0  0  2  0  0 ] (0.00000253)
[  0  0  0  2  0  0  2  0  1 ] (0.00000115)
[  0  0  0  2  0  0  2  1  0 ] (0.00000000)
[  0  0  0  2  0  0  3  0  0 ] (0.00000050)
[  0  0  0  2  0  1  0  0  0 ] (0.00000038)
[  0  0  0  2  0  1  0  0  1 ] (0.00000035)
[  0  0  0  2  0  1  0  0  2 ] (0.00000001)
[  0  0  0  2  0  1  0  1  0 ] (0.00000448)
[  0  0  0  2  0  1  0  1  1 ] (0.00000000)
[  0  0  0  2  0  1  0  2  0 ] (0.00000001)
[  0  0  0  2  0  1  1  0  0 ] (0.00001562)
[  0  0  0  2  0  1  1  0  1 ] (0.00000077)
[  0  0  0  2  0  1  1  1  0 ] (0.00000229)
[  0  0  0  2  0  1  2  0  0 ] (0.00000083)
[  0  0  0  2  0  2  0  0  0 ] (0.00000008)
[  0  0  0  2  0  2  0  0  1 ] (0.00000003)
[  0  0  0  2  0  2  0  1  0 ] (0.00000004)
[  0  0  0  2  0  2  1  0  0 ] (0.00000039)
[  0  0  0  2  0  3  0  0  0 ] (0.00000478)
[  0  0  0  2  1  0  0  0  0 ] (0.00000041)
[  0  0  0  2  1  0  0  0  1 ] (0.00000001)
[  0  0  0  2  1  0  0  0  2 ] (0.00000000)
[  0  0  0  2  1  0  0  1  0 ] (0.00000065)
[  0  0  0  2  1  0  0  1  1 ] (0.00000004)
[  0  0  0  2  1  0  0  2  0 ] (0.00000030)
[  0  0  0  2  1  0  1  0  0 ] (0.00000109)
[  0  0  0  2  1  0  1  0  1 ] (0.00000009)
[  0  0  0  2  1  0  1  1  0 ] (0.00000003)
[  0  0  0  2  1  0  2  0  0 ] (0.00000013)
[  0  0  0  2  1  1  0  0  0 ] (0.00000563)
[  0  0  0  2  1  1  0  0  1 ] (0.00000001)
[  0  0  0  2  1  1  0  1  0 ] (0.00000213)
[  0  0  0  2  1  1  1  0  0 ] (0.00000097)
[  0  0  0  2  1  2  0  0  0 ] (0.00000037)
[  0  0  0  2  2  0  0  0  0 ] (0.00000003)
[  0  0  0  2  2  0  0  0  1 ] (0.00000000)
[  0  0  0  2  2  0  0  1  0 ] (0.00000005)
[  0  0  0  2  2  0  1  0  0 ] (0.00000004)
[  0  0  0  2  2  1  0  0  0 ] (0.00000001)
[  0  0  0  2  3  0  0  0  0 ] (0.00000021)
[  0  0  0  3  0  0  0  0  0 ] (0.00000001)
[  0  0  0  3  0  0  0  0  1 ] (0.00000674)
[  0  0  0  3  0  0  0  0  2 ] (0.00000005)
[  0  0  0  3  0  0  0  1  0 ] (0.00000045)
[  0  0  0  3  0  0  0  1  1 ] (0.00000039)
[  0  0  0  3  0  0  0  2  0 ] (0.00000015)
[  0  0  0  3  0  0  1  0  0 ] (0.00000005)
[  0  0  0  3  0  0  1  0  1 ] (0.00000015)
[  0  0  0  3  0  0  1  1  0 ] (0.00000002)
[  0  0  0  3  0  0  2  0  0 ] (0.00000427)
[  0  0  0  3  0  1  0  0  0 ] (0.00000009)
[  0  0  0  3  0  1  0  0  1 ] (0.00000011)
[  0  0  0  3  0  1  0  1  0 ] (0.00000087)
[  0  0  0  3  0  1  1  0  0 ] (0.00000006)
[  0  0  0  3  0  2  0  0  0 ] (0.00000001)
[  0  0  0  3  1  0  0  0  0 ] (0.00000013)
[  0  0  0  3  1  0  0  0  1 ] (0.00000002)
[  0  0  0  3  1  0  0  1  0 ] (0.00000030)
[  0  0  0  3  1  0  1  0  0 ] (0.00000012)
[  0  0  0  3  1  1  0  0  0 ] (0.00000015)
[  0  0  0  3  2  0  0  0  0 ] (0.00000006)
[  0  0  0  4  0  0  0  0  0 ] (0.00000015)
[  0  0  0  4  0  0  0  0  1 ] (0.00000024)
[  0  0  0  4  0  0  0  1  0 ] (0.00000142)
[  0  0  0  4  0  0  1  0  0 ] (0.00000017)
[  0  0  0  4  0  1  0  0  0 ] (0.00000040)
[  0  0  0  4  1  0  0  0  0 ] (0.00000033)
[  0  0  0  5  0  0  0  0  0 ] (0.00000022)
[  0  0  1  0  0  0  0  0  0 ] (0.00000576)
[  0  0  1  0  0  0  0  0  1 ] (0.00000611)
[  0  0  1  0  0  0  0  0  2 ] (0.00018458)
[  0  0  1  0  0  0  0  0  3 ] (0.00002351)
[  0  0  1  0  0  0  0  0  4 ] (0.00000694)
[  0  0  1  0  0  0  0  1  0 ] (0.00003271)
[  0  0  1  0  0  0  0  1  1 ] (0.00025967)
[  0  0  1  0  0  0  0  1  2 ] (0.00007758)
[  0  0  1  0  0  0  0  1  3 ] (0.00000201)
[  0  0  1  0  0  0  0  2  0 ] (0.00001643)
[  0  0  1  0  0  0  0  2  1 ] (0.00243661)
[  0  0  1  0  0  0  0  2  2 ] (0.00001661)
[  0  0  1  0  0  0  0  3  0 ] (0.00000792)
[  0  0  1  0  0  0  0  3  1 ] (0.00001829)
[  0  0  1  0  0  0  0  4  0 ] (0.00022507)
[  0  0  1  0  0  0  1  0  0 ] (0.00013850)
[  0  0  1  0  0  0  1  0  1 ] (0.00000185)
[  0  0  1  0  0  0  1  0  2 ] (0.00061311)
[  0  0  1  0  0  0  1  0  3 ] (0.00000766)
[  0  0  1  0  0  0  1  1  0 ] (0.00001998)
[  0  0  1  0  0  0  1  1  1 ] (0.00001100)
[  0  0  1  0  0  0  1  1  2 ] (0.00002155)
[  0  0  1  0  0  0  1  2  0 ] (0.00002900)
[  0  0  1  0  0  0  1  2  1 ] (0.00002859)
[  0  0  1  0  0  0  1  3  0 ] (0.00027544)
[  0  0  1  0  0  0  2  0  0 ] (0.00002193)
[  0  0  1  0  0  0  2  0  1 ] (0.00418803)
[  0  0  1  0  0  0  2  0  2 ] (0.00008643)
[  0  0  1  0  0  0  2  1  0 ] (0.00022876)
[  0  0  1  0  0  0  2  1  1 ] (0.00002988)
[  0  0  1  0  0  0  2  2  0 ] (0.00002392)
[  0  0  1  0  0  0  3  0  0 ] (0.00015313)
[  0  0  1  0  0  0  3  0  1 ] (0.00004193)
[  0  0  1  0  0  0  3  1  0 ] (0.00008530)
[  0  0  1  0  0  0  4  0  0 ] (0.00003312)
[  0  0  1  0  0  1  0  0  0 ] (0.00000021)
[  0  0  1  0  0  1  0  0  1 ] (0.00015236)
[  0  0  1  0  0  1  0  0  2 ] (0.00012904)
[  0  0  1  0  0  1  0  0  3 ] (0.00001500)
[  0  0  1  0  0  1  0  1  0 ] (0.00012711)
[  0  0  1  0  0  1  0  1  1 ] (0.00000022)
[  0  0  1  0  0  1  0  1  2 ] (0.00000991)
[  0  0  1  0  0  1  0  2  0 ] (0.00007707)
[  0  0  1  0  0  1  0  2  1 ] (0.00000312)
[  0  0  1  0  0  1  0  3  0 ] (0.00021799)
[  0  0  1  0  0  1  1  0  0 ] (0.00003768)
[  0  0  1  0  0  1  1  0  1 ] (0.00110632)
[  0  0  1  0  0  1  1  0  2 ] (0.00000867)
[  0  0  1  0  0  1  1  1  0 ] (0.00008145)
[  0  0  1  0  0  1  1  1  1 ] (0.00007057)
[  0  0  1  0  0  1  1  2  0 ] (0.00000222)
[  0  0  1  0  0  1  2  0  0 ] (0.00001201)
[  0  0  1  0  0  1  2  0  1 ] (0.00002992)
[  0  0  1  0  0  1  2  1  0 ] (0.00019311)
[  0  0  1  0  0  1  3  0  0 ] (0.00122121)
[  0  0  1  0  0  2  0  0  0 ] (0.00063299)
[  0  0  1  0  0  2  0  0  1 ] (0.00675223)
[  0  0  1  0  0  2  0  0  2 ] (0.00191127)
[  0  0  1  0  0  2  0  1  0 ] (0.00001317)
[  0  0  1  0  0  2  0  1  1 ] (0.00018968)
[  0  0  1  0  0  2  0  2  0 ] (0.00194153)
[  0  0  1  0  0  2  1  0  0 ] (0.00007613)
[  0  0  1  0  0  2  1  0  1 ] (0.00014422)
[  0  0  1  0  0  2  1  1  0 ] (0.00007020)
[  0  0  1  0  0  2  2  0  0 ] (0.00002834)
[  0  0  1  0  0  3  0  0  0 ] (0.00003049)
[  0  0  1  0  0  3  0  0  1 ] (0.00001691)
[  0  0  1  0  0  3  0  1  0 ] (0.00062927)
[  0  0  1  0  0  3  1  0  0 ] (0.00416814)
[  0  0  1  0  0  4  0  0  0 ] (0.00002913)
[  0  0  1  0  1  0  0  0  0 ] (0.00003292)
[  0  0  1  0  1  0  0  0  1 ] (0.00030444)
[  0  0  1  0  1  0  0  0  2 ] (0.00081225)
[  0  0  1  0  1  0  0  0  3 ] (0.00000016)
[  0  0  1  0  1  0  0  1  0 ] (0.00004183)
[  0  0  1  0  1  0  0  1  1 ] (0.00098328)
[  0  0  1  0  1  0  0  1  2 ] (0.00002147)
[  0  0  1  0  1  0  0  2  0 ] (0.00003930)
[  0  0  1  0  1  0  0  2  1 ] (0.00024950)
[  0  0  1  0  1  0  0  3  0 ] (0.00008570)
[  0  0  1  0  1  0  1  0  0 ] (0.00008591)
[  0  0  1  0  1  0  1  0  1 ] (0.00032308)
[  0  0  1  0  1  0  1  0  2 ] (0.00017429)
[  0  0  1  0  1  0  1  1  0 ] (0.00002451)
[  0  0  1  0  1  0  1  1  1 ] (0.00000225)
[  0  0  1  0  1  0  1  2  0 ] (0.00013689)
[  0  0  1  0  1  0  2  0  0 ] (0.00004972)
[  0  0  1  0  1  0  2  0  1 ] (0.00007699)
[  0  0  1  0  1  0  2  1  0 ] (0.00000156)
[  0  0  1  0  1  0  3  0  0 ] (0.00430959)
[  0  0  1  0  1  1  0  0  0 ] (0.00002828)
[  0  0  1  0  1  1  0  0  1 ] (0.00587662)
[  0  0  1  0  1  1  0  0  2 ] (0.00006256)
[  0  0  1  0  1  1  0  1  0 ] (0.00052355)
[  0  0  1  0  1  1  0  1  1 ] (0.00007903)
[  0  0  1  0  1  1  0  2  0 ] (0.00004770)
[  0  0  1  0  1  1  1  0  0 ] (0.00903589)
[  0  0  1  0  1  1  1  0  1 ] (0.00204130)
[  0  0  1  0  1  1  1  1  0 ] (0.00026720)
[  0  0  1  0  1  1  2  0  0 ] (0.00002028)
[  0  0  1  0  1  2  0  0  0 ] (0.00003470)
[  0  0  1  0  1  2  0  0  1 ] (0.00003373)
[  0  0  1  0  1  2  0  1  0 ] (0.00001316)
[  0  0  1  0  1  2  1  0  0 ] (0.00054708)
[  0  0  1  0  1  3  0  0  0 ] (0.00239237)
[  0  0  1  0  2  0  0  0  0 ] (0.00004338)
[  0  0  1  0  2  0  0  0  1 ] (0.00003299)
[  0  0  1  0  2  0  0  0  2 ] (0.00000176)
[  0  0  1  0  2  0  0  1  0 ] (0.00000247)
[  0  0  1  0  2  0  0  1  1 ] (0.00013782)
[  0  0  1  0  2  0  0  2  0 ] (0.00023367)
[  0  0  1  0  2  0  1  0  0 ] (0.00038095)
[  0  0  1  0  2  0  1  0  1 ] (0.00018813)
[  0  0  1  0  2  0  1  1  0 ] (0.00008345)
[  0  0  1  0  2  0  2  0  0 ] (0.00000360)
[  0  0  1  0  2  1  0  0  0 ] (0.00034437)
[  0  0  1  0  2  1  0  0  1 ] (0.00022954)
[  0  0  1  0  2  1  0  1  0 ] (0.00005998)
[  0  0  1  0  2  1  1  0  0 ] (0.00000003)
[  0  0  1  0  2  2  0  0  0 ] (0.00006167)
[  0  0  1  0  3  0  0  0  0 ] (0.00021031)
[  0  0  1  0  3  0  0  0  1 ] (0.00065843)
[  0  0  1  0  3  0  0  1  0 ] (0.00158946)
[  0  0  1  0  3  0  1  0  0 ] (0.00067240)
[  0  0  1  0  3  1  0  0  0 ] (0.00523947)
[  0  0  1  0  4  0  0  0  0 ] (0.00161954)
[  0  0  1  1  0  0  0  0  0 ] (0.00002367)
[  0  0  1  1  0  0  0  0  1 ] (0.00064798)
[  0  0  1  1  0  0  0  0  2 ] (0.00049173)
[  0  0  1  1  0  0  0  0  3 ] (0.00008115)
[  0  0  1  1  0  0  0  1  0 ] (0.00010079)
[  0  0  1  1  0  0  0  1  1 ] (0.00120340)
[  0  0  1  1  0  0  0  1  2 ] (0.00010665)
[  0  0  1  1  0  0  0  2  0 ] (0.00001051)
[  0  0  1  1  0  0  0  2  1 ] (0.00000886)
[  0  0  1  1  0  0  0  3  0 ] (0.00000218)
[  0  0  1  1  0  0  1  0  0 ] (0.00008411)
[  0  0  1  1  0  0  1  0  1 ] (0.00006363)
[  0  0  1  1  0  0  1  0  2 ] (0.00006244)
[  0  0  1  1  0  0  1  1  0 ] (0.00044006)
[  0  0  1  1  0  0  1  1  1 ] (0.00024033)
[  0  0  1  1  0  0  1  2  0 ] (0.00001539)
[  0  0  1  1  0  0  2  0  0 ] (0.00077245)
[  0  0  1  1  0  0  2  0  1 ] (0.00001259)
[  0  0  1  1  0  0  2  1  0 ] (0.00004733)
[  0  0  1  1  0  0  3  0  0 ] (0.00012080)
[  0  0  1  1  0  1  0  0  0 ] (0.00001075)
[  0  0  1  1  0  1  0  0  1 ] (0.00029896)
[  0  0  1  1  0  1  0  0  2 ] (0.00001586)
[  0  0  1  1  0  1  0  1  0 ] (0.00059881)
[  0  0  1  1  0  1  0  1  1 ] (0.00003924)
[  0  0  1  1  0  1  0  2  0 ] (0.00003253)
[  0  0  1  1  0  1  1  0  0 ] (0.00015937)
[  0  0  1  1  0  1  1  0  1 ] (0.00012421)
[  0  0  1  1  0  1  1  1  0 ] (0.00024215)
[  0  0  1  1  0  1  2  0  0 ] (0.00017259)
[  0  0  1  1  0  2  0  0  0 ] (0.00004286)
[  0  0  1  1  0  2  0  0  1 ] (0.00009550)
[  0  0  1  1  0  2  0  1  0 ] (0.00018047)
[  0  0  1  1  0  2  1  0  0 ] (0.00005252)
[  0  0  1  1  0  3  0  0  0 ] (0.00062796)
[  0  0  1  1  1  0  0  0  0 ] (0.00002394)
[  0  0  1  1  1  0  0  0  1 ] (0.00009819)
[  0  0  1  1  1  0  0  0  2 ] (0.00002277)
[  0  0  1  1  1  0  0  1  0 ] (0.00151671)
[  0  0  1  1  1  0  0  1  1 ] (0.00006383)
[  0  0  1  1  1  0  0  2  0 ] (0.00000103)
[  0  0  1  1  1  0  1  0  0 ] (0.00031354)
[  0  0  1  1  1  0  1  0  1 ] (0.00021988)
[  0  0  1  1  1  0  1  1  0 ] (0.00001792)
[  0  0  1  1  1  0  2  0  0 ] (0.00040407)
[  0  0  1  1  1  1  0  0  0 ] (0.00004162)
[  0  0  1  1  1  1  0  0  1 ] (0.00010361)
[  0  0  1  1  1  1  0  1  0 ] (0.00000559)
[  0  0  1  1  1  1  1  0  0 ] (0.00000047)
[  0  0  1  1  1  2  0  0  0 ] (0.00006586)
[  0  0  1  1  2  0  0  0  0 ] (0.00000079)
[  0  0  1  1  2  0  0  0  1 ] (0.00016682)
[  0  0  1  1  2  0  0  1  0 ] (0.00001358)
[  0  0  1  1  2  0  1  0  0 ] (0.00007987)
[  0  0  1  1  2  1  0  0  0 ] (0.00007610)
[  0  0  1  1  3  0  0  0  0 ] (0.00037694)
[  0  0  1  2  0  0  0  0  0 ] (0.00056466)
[  0  0  1  2  0  0  0  0  1 ] (0.00153491)
[  0  0  1  2  0  0  0  0  2 ] (0.00048764)
[  0  0  1  2  0  0  0  1  0 ] (0.00162597)
[  0  0  1  2  0  0  0  1  1 ] (0.00005774)
[  0  0  1  2  0  0  0  2  0 ] (0.00097460)
[  0  0  1  2  0  0  1  0  0 ] (0.00091241)
[  0  0  1  2  0  0  1  0  1 ] (0.00053037)
[  0  0  1  2  0  0  1  1  0 ] (0.00002643)
[  0  0  1  2  0  0  2  0  0 ] (0.00000103)
[  0  0  1  2  0  1  0  0  0 ] (0.00001842)
[  0  0  1  2  0  1  0  0  1 ] (0.00017015)
[  0  0  1  2  0  1  0  1  0 ] (0.00007856)
[  0  0  1  2  0  1  1  0  0 ] (0.00027482)
[  0  0  1  2  0  2  0  0  0 ] (0.00016296)
[  0  0  1  2  1  0  0  0  0 ] (0.00001911)
[  0  0  1  2  1  0  0  0  1 ] (0.00004242)
[  0  0  1  2  1  0  0  1  0 ] (0.00000007)
[  0  0  1  2  1  0  1  0  0 ] (0.00000963)
[  0  0  1  2  1  1  0  0  0 ] (0.00038451)
[  0  0  1  2  2  0  0  0  0 ] (0.00009194)
[  0  0  1  3  0  0  0  0  0 ] (0.00008726)
[  0  0  1  3  0  0  0  0  1 ] (0.00007795)
[  0  0  1  3  0  0  0  1  0 ] (0.00733267)
[  0  0  1  3  0  0  1  0  0 ] (0.00698683)
[  0  0  1  3  0  1  0  0  0 ] (0.00059299)
[  0  0  1  3  1  0  0  0  0 ] (0.00007080)
[  0  0  1  4  0  0  0  0  0 ] (0.00433221)
[  0  0  2  0  0  0  0  0  0 ] (0.00000000)
[  0  0  2  0  0  0  0  0  1 ] (0.00000001)
[  0  0  2  0  0  0  0  0  2 ] (0.00000113)
[  0  0  2  0  0  0  0  0  3 ] (0.00000008)
[  0  0  2  0  0  0  0  1  0 ] (0.00000070)
[  0  0  2  0  0  0  0  1  1 ] (0.00000425)
[  0  0  2  0  0  0  0  1  2 ] (0.00000031)
[  0  0  2  0  0  0  0  2  0 ] (0.00000001)
[  0  0  2  0  0  0  0  2  1 ] (0.00000004)
[  0  0  2  0  0  0  0  3  0 ] (0.00001100)
[  0  0  2  0  0  0  1  0  0 ] (0.00000001)
[  0  0  2  0  0  0  1  0  1 ] (0.00000462)
[  0  0  2  0  0  0  1  0  2 ] (0.00000058)
[  0  0  2  0  0  0  1  1  0 ] (0.00000005)
[  0  0  2  0  0  0  1  1  1 ] (0.00000000)
[  0  0  2  0  0  0  1  2  0 ] (0.00000020)
[  0  0  2  0  0  0  2  0  0 ] (0.00000000)
[  0  0  2  0  0  0  2  0  1 ] (0.00000006)
[  0  0  2  0  0  0  2  1  0 ] (0.00000000)
[  0  0  2  0  0  0  3  0  0 ] (0.00000015)
[  0  0  2  0  0  1  0  0  0 ] (0.00000012)
[  0  0  2  0  0  1  0  0  1 ] (0.00000116)
[  0  0  2  0  0  1  0  0  2 ] (0.00000000)
[  0  0  2  0  0  1  0  1  0 ] (0.00000154)
[  0  0  2  0  0  1  0  1  1 ] (0.00000006)
[  0  0  2  0  0  1  0  2  0 ] (0.00000244)
[  0  0  2  0  0  1  1  0  0 ] (0.00000058)
[  0  0  2  0  0  1  1  0  1 ] (0.00000004)
[  0  0  2  0  0  1  1  1  0 ] (0.00000017)
[  0  0  2  0  0  1  2  0  0 ] (0.00000537)
[  0  0  2  0  0  2  0  0  0 ] (0.00000001)
[  0  0  2  0  0  2  0  0  1 ] (0.00000051)
[  0  0  2  0  0  2  0  1  0 ] (0.00000218)
[  0  0  2  0  0  2  1  0  0 ] (0.00000061)
[  0  0  2  0  0  3  0  0  0 ] (0.00000060)
[  0  0  2  0  1  0  0  0  0 ] (0.00000032)
[  0  0  2  0  1  0  0  0  1 ] (0.00000001)
[  0  0  2  0  1  0  0  0  2 ] (0.00000005)
[  0  0  2  0  1  0  0  1  0 ] (0.00000047)
[  0  0  2  0  1  0  0  1  1 ] (0.00000000)
[  0  0  2  0  1  0  0  2  0 ] (0.00000010)
[  0  0  2  0  1  0  1  0  0 ] (0.00000187)
[  0  0  2  0  1  0  1  0  1 ] (0.00000003)
[  0  0  2  0  1  0  1  1  0 ] (0.00000000)
[  0  0  2  0  1  0  2  0  0 ] (0.00000295)
[  0  0  2  0  1  1  0  0  0 ] (0.00000003)
[  0  0  2  0  1  1  0  0  1 ] (0.00000001)
[  0  0  2  0  1  1  0  1  0 ] (0.00000023)
[  0  0  2  0  1  1  1  0  0 ] (0.00000077)
[  0  0  2  0  1  2  0  0  0 ] (0.00000066)
[  0  0  2  0  2  0  0  0  0 ] (0.00000000)
[  0  0  2  0  2  0  0  0  1 ] (0.00000002)
[  0  0  2  0  2  0  0  1  0 ] (0.00000001)
[  0  0  2  0  2  0  1  0  0 ] (0.00000006)
[  0  0  2  0  2  1  0  0  0 ] (0.00000292)
[  0  0  2  0  3  0  0  0  0 ] (0.00000211)
[  0  0  2  1  0  0  0  0  0 ] (0.00000089)
[  0  0  2  1  0  0  0  0  1 ] (0.00000025)
[  0  0  2  1  0  0  0  0  2 ] (0.00000032)
[  0  0  2  1  0  0  0  1  0 ] (0.00000027)
[  0  0  2  1  0  0  0  1  1 ] (0.00000003)
[  0  0  2  1  0  0  0  2  0 ] (0.00000011)
[  0  0  2  1  0  0  1  0  0 ] (0.00000000)
[  0  0  2  1  0  0  1  0  1 ] (0.00000005)
[  0  0  2  1  0  0  1  1  0 ] (0.00000013)
[  0  0  2  1  0  0  2  0  0 ] (0.00000268)
[  0  0  2  1  0  1  0  0  0 ] (0.00000147)
[  0  0  2  1  0  1  0  0  1 ] (0.00000012)
[  0  0  2  1  0  1  0  1  0 ] (0.00000014)
[  0  0  2  1  0  1  1  0  0 ] (0.00000018)
[  0  0  2  1  0  2  0  0  0 ] (0.00000004)
[  0  0  2  1  1  0  0  0  0 ] (0.00000089)
[  0  0  2  1  1  0  0  0  1 ] (0.00000022)
[  0  0  2  1  1  0  0  1  0 ] (0.00000104)
[  0  0  2  1  1  0  1  0  0 ] (0.00000000)
[  0  0  2  1  1  1  0  0  0 ] (0.00000023)
[  0  0  2  1  2  0  0  0  0 ] (0.00000698)
[  0  0  2  2  0  0  0  0  0 ] (0.00000000)
[  0  0  2  2  0  0  0  0  1 ] (0.00000038)
[  0  0  2  2  0  0  0  1  0 ] (0.00000127)
[  0  0  2  2  0  0  1  0  0 ] (0.00000035)
[  0  0  2  2  0  1  0  0  0 ] (0.00000089)
[  0  0  2  2  1  0  0  0  0 ] (0.00000001)
[  0  0  2  3  0  0  0  0  0 ] (0.00000067)
[  0  0  3  0  0  0  0  0  0 ] (0.00000000)
[  0  0  3  0  0  0  0  0  1 ] (0.00000022)
[  0  0  3  0  0  0  0  0  2 ] (0.00000042)
[  0  0  3  0  0  0  0  1  0 ] (0.00000001)
[  0  0  3  0  0  0  0  1  1 ] (0.00000000)
[  0  0  3  0  0  0  0  2  0 ] (0.00000008)
[  0  0  3  0  0  0  1  0  0 ] (0.00000004)
[  0  0  3  0  0  0  1  0  1 ] (0.00000062)
[  0  0  3  0  0  0  1  1  0 ] (0.00000001)
[  0  0  3  0  0  0  2  0  0 ] (0.00000093)
[  0  0  3  0  0  1  0  0  0 ] (0.00000003)
[  0  0  3  0  0  1  0  0  1 ] (0.00000000)
[  0  0  3  0  0  1  0  1  0 ] (0.00000000)
[  0  0  3  0  0  1  1  0  0 ] (0.00000106)
[  0  0  3  0  0  2  0  0  0 ] (0.00000085)
[  0  0  3  0  1  0  0  0  0 ] (0.00000000)
[  0  0  3  0  1  0  0  0  1 ] (0.00000055)
[  0  0  3  0  1  0  0  1  0 ] (0.00000000)
[  0  0  3  0  1  0  1  0  0 ] (0.00000055)
[  0  0  3  0  1  1  0  0  0 ] (0.00000276)
[  0  0  3  0  2  0  0  0  0 ] (0.00000038)
[  0  0  3  1  0  0  0  0  0 ] (0.00000000)
[  0  0  3  1  0  0  0  0  1 ] (0.00000047)
[  0  0  3  1  0  0  0  1  0 ] (0.00000022)
[  0  0  3  1  0  0  1  0  0 ] (0.00000042)
[  0  0  3  1  0  1  0  0  0 ] (0.00000127)
[  0  0  3  1  1  0  0  0  0 ] (0.00000048)
[  0  0  3  2  0  0  0  0  0 ] (0.00000001)
[  0  0  4  0  0  0  0  0  0 ] (0.00050809)
[  0  0  4  0  0  0  0  0  1 ] (0.00248808)
[  0  0  4  0  0  0  0  1  0 ] (0.00007973)
[  0  0  4  0  0  0  1  0  0 ] (0.00021943)
[  0  0  4  0  0  1  0  0  0 ] (0.00013176)
[  0  0  4  0  1  0  0  0  0 ] (0.00097068)
[  0  0  4  1  0  0  0  0  0 ] (0.00073304)
[  0  0  5  0  0  0  0  0  0 ] (0.00000016)
[  0  1  0  0  0  0  0  0  0 ] (0.00004914)
[  0  1  0  0  0  0  0  0  1 ] (0.00000150)
[  0  1  0  0  0  0  0  0  2 ] (0.00013880)
[  0  1  0  0  0  0  0  0  3 ] (0.00016951)
[  0  1  0  0  0  0  0  0  4 ] (0.00000001)
[  0  1  0  0  0  0  0  1  0 ] (0.00000835)
[  0  1  0  0  0  0  0  1  1 ] (0.00068586)
[  0  1  0  0  0  0  0  1  2 ] (0.00002505)
[  0  1  0  0  0  0  0  1  3 ] (0.00001776)
[  0  1  0  0  0  0  0  2  0 ] (0.00020765)
[  0  1  0  0  0  0  0  2  1 ] (0.00043356)
[  0  1  0  0  0  0  0  2  2 ] (0.00045931)
[  0  1  0  0  0  0  0  3  0 ] (0.00000845)
[  0  1  0  0  0  0  0  3  1 ] (0.00000358)
[  0  1  0  0  0  0  0  4  0 ] (0.00038229)
[  0  1  0  0  0  0  1  0  0 ] (0.00003256)
[  0  1  0  0  0  0  1  0  1 ] (0.00031986)
[  0  1  0  0  0  0  1  0  2 ] (0.00021961)
[  0  1  0  0  0  0  1  0  3 ] (0.00000000)
[  0  1  0  0  0  0  1  1  0 ] (0.00025416)
[  0  1  0  0  0  0  1  1  1 ] (0.00000375)
[  0  1  0  0  0  0  1  1  2 ] (0.00000010)
[  0  1  0  0  0  0  1  2  0 ] (0.00006200)
[  0  1  0  0  0  0  1  2  1 ] (0.00000013)
[  0  1  0  0  0  0  1  3  0 ] (0.00009082)
[  0  1  0  0  0  0  2  0  0 ] (0.00098055)
[  0  1  0  0  0  0  2  0  1 ] (0.01683214)
[  0  1  0  0  0  0  2  0  2 ] (0.00218714)
[  0  1  0  0  0  0  2  1  0 ] (0.00019237)
[  0  1  0  0  0  0  2  1  1 ] (0.00007213)
[  0  1  0  0  0  0  2  2  0 ] (0.00000200)
[  0  1  0  0  0  0  3  0  0 ] (0.00005451)
[  0  1  0  0  0  0  3  0  1 ] (0.00000032)
[  0  1  0  0  0  0  3  1  0 ] (0.00032472)
[  0  1  0  0  0  0  4  0  0 ] (0.01290075)
[  0  1  0  0  0  1  0  0  0 ] (0.00000889)
[  0  1  0  0  0  1  0  0  1 ] (0.00016741)
[  0  1  0  0  0  1  0  0  2 ] (0.00007804)
[  0  1  0  0  0  1  0  0  3 ] (0.00000132)
[  0  1  0  0  0  1  0  1  0 ] (0.00004386)
[  0  1  0  0  0  1  0  1  1 ] (0.00025669)
[  0  1  0  0  0  1  0  1  2 ] (0.00001492)
[  0  1  0  0  0  1  0  2  0 ] (0.00002264)
[  0  1  0  0  0  1  0  2  1 ] (0.00011987)
[  0  1  0  0  0  1  0  3  0 ] (0.00021404)
[  0  1  0  0  0  1  1  0  0 ] (0.00032079)
[  0  1  0  0  0  1  1  0  1 ] (0.00409768)
[  0  1  0  0  0  1  1  0  2 ] (0.00015697)
[  0  1  0  0  0  1  1  1  0 ] (0.00032916)
[  0  1  0  0  0  1  1  1  1 ] (0.00004579)
[  0  1  0  0  0  1  1  2  0 ] (0.00042461)
[  0  1  0  0  0  1  2  0  0 ] (0.00059148)
[  0  1  0  0  0  1  2  0  1 ] (0.00004682)
[  0  1  0  0  0  1  2  1  0 ] (0.00035169)
[  0  1  0  0  0  1  3  0  0 ] (0.02250360)
[  0  1  0  0  0  2  0  0  0 ] (0.00021057)
[  0  1  0  0  0  2  0  0  1 ] (0.00391580)
[  0  1  0  0  0  2  0  0  2 ] (0.00132039)
[  0  1  0  0  0  2  0  1  0 ] (0.00000501)
[  0  1  0  0  0  2  0  1  1 ] (0.00001571)
[  0  1  0  0  0  2  0  2  0 ] (0.00389490)
[  0  1  0  0  0  2  1  0  0 ] (0.00031577)
[  0  1  0  0  0  2  1  0  1 ] (0.00004835)
[  0  1  0  0  0  2  1  1  0 ] (0.00002922)
[  0  1  0  0  0  2  2  0  0 ] (0.00014800)
[  0  1  0  0  0  3  0  0  0 ] (0.00005125)
[  0  1  0  0  0  3  0  0  1 ] (0.00027991)
[  0  1  0  0  0  3  0  1  0 ] (0.00215223)
[  0  1  0  0  0  3  1  0  0 ] (0.00226031)
[  0  1  0  0  0  4  0  0  0 ] (0.00241147)
[  0  1  0  0  1  0  0  0  0 ] (0.00008677)
[  0  1  0  0  1  0  0  0  1 ] (0.00077282)
[  0  1  0  0  1  0  0  0  2 ] (0.00184593)
[  0  1  0  0  1  0  0  0  3 ] (0.00004595)
[  0  1  0  0  1  0  0  1  0 ] (0.00001685)
[  0  1  0  0  1  0  0  1  1 ] (0.00108552)
[  0  1  0  0  1  0  0  1  2 ] (0.00000014)
[  0  1  0  0  1  0  0  2  0 ] (0.00005143)
[  0  1  0  0  1  0  0  2  1 ] (0.00002371)
[  0  1  0  0  1  0  0  3  0 ] (0.00000004)
[  0  1  0  0  1  0  1  0  0 ] (0.00075196)
[  0  1  0  0  1  0  1  0  1 ] (0.00388992)
[  0  1  0  0  1  0  1  0  2 ] (0.00018145)
[  0  1  0  0  1  0  1  1  0 ] (0.00340082)
[  0  1  0  0  1  0  1  1  1 ] (0.00191373)
[  0  1  0  0  1  0  1  2  0 ] (0.00002495)
[  0  1  0  0  1  0  2  0  0 ] (0.00000550)
[  0  1  0  0  1  0  2  0  1 ] (0.00000019)
[  0  1  0  0  1  0  2  1  0 ] (0.00008465)
[  0  1  0  0  1  0  3  0  0 ] (0.00227551)
[  0  1  0  0  1  1  0  0  0 ] (0.00007419)
[  0  1  0  0  1  1  0  0  1 ] (0.00620888)
[  0  1  0  0  1  1  0  0  2 ] (0.00040071)
[  0  1  0  0  1  1  0  1  0 ] (0.00042592)
[  0  1  0  0  1  1  0  1  1 ] (0.00003099)
[  0  1  0  0  1  1  0  2  0 ] (0.00029581)
[  0  1  0  0  1  1  1  0  0 ] (0.00261974)
[  0  1  0  0  1  1  1  0  1 ] (0.00101168)
[  0  1  0  0  1  1  1  1  0 ] (0.00030505)
[  0  1  0  0  1  1  2  0  0 ] (0.00052637)
[  0  1  0  0  1  2  0  0  0 ] (0.00009851)
[  0  1  0  0  1  2  0  0  1 ] (0.00000038)
[  0  1  0  0  1  2  0  1  0 ] (0.00001504)
[  0  1  0  0  1  2  1  0  0 ] (0.00027080)
[  0  1  0  0  1  3  0  0  0 ] (0.00078355)
[  0  1  0  0  2  0  0  0  0 ] (0.00004467)
[  0  1  0  0  2  0  0  0  1 ] (0.00050161)
[  0  1  0  0  2  0  0  0  2 ] (0.00017589)
[  0  1  0  0  2  0  0  1  0 ] (0.00000015)
[  0  1  0  0  2  0  0  1  1 ] (0.00000006)
[  0  1  0  0  2  0  0  2  0 ] (0.00007327)
[  0  1  0  0  2  0  1  0  0 ] (0.00002783)
[  0  1  0  0  2  0  1  0  1 ] (0.00000599)
[  0  1  0  0  2  0  1  1  0 ] (0.00000072)
[  0  1  0  0  2  0  2  0  0 ] (0.00000617)
[  0  1  0  0  2  1  0  0  0 ] (0.00000015)
[  0  1  0  0  2  1  0  0  1 ] (0.00005543)
[  0  1  0  0  2  1  0  1  0 ] (0.00000344)
[  0  1  0  0  2  1  1  0  0 ] (0.00004010)
[  0  1  0  0  2  2  0  0  0 ] (0.00009028)
[  0  1  0  0  3  0  0  0  0 ] (0.00001076)
[  0  1  0  0  3  0  0  0  1 ] (0.00000449)
[  0  1  0  0  3  0  0  1  0 ] (0.00651878)
[  0  1  0  0  3  0  1  0  0 ] (0.00173565)
[  0  1  0  0  3  1  0  0  0 ] (0.05143135)
[  0  1  0  0  4  0  0  0  0 ] (0.00002596)
[  0  1  0  1  0  0  0  0  0 ] (0.00000254)
[  0  1  0  1  0  0  0  0  1 ] (0.00000753)
[  0  1  0  1  0  0  0  0  2 ] (0.00106815)
[  0  1  0  1  0  0  0  0  3 ] (0.00001181)
[  0  1  0  1  0  0  0  1  0 ] (0.00004300)
[  0  1  0  1  0  0  0  1  1 ] (0.00112629)
[  0  1  0  1  0  0  0  1  2 ] (0.00000977)
[  0  1  0  1  0  0  0  2  0 ] (0.00047362)
[  0  1  0  1  0  0  0  2  1 ] (0.00000626)
[  0  1  0  1  0  0  0  3  0 ] (0.00082542)
[  0  1  0  1  0  0  1  0  0 ] (0.00002227)
[  0  1  0  1  0  0  1  0  1 ] (0.00100455)
[  0  1  0  1  0  0  1  0  2 ] (0.00015127)
[  0  1  0  1  0  0  1  1  0 ] (0.00148654)
[  0  1  0  1  0  0  1  1  1 ] (0.00002462)
[  0  1  0  1  0  0  1  2  0 ] (0.00000844)
[  0  1  0  1  0  0  2  0  0 ] (0.00001762)
[  0  1  0  1  0  0  2  0  1 ] (0.00071740)
[  0  1  0  1  0  0  2  1  0 ] (0.00016349)
[  0  1  0  1  0  0  3  0  0 ] (0.00001352)
[  0  1  0  1  0  1  0  0  0 ] (0.00003870)
[  0  1  0  1  0  1  0  0  1 ] (0.00082185)
[  0  1  0  1  0  1  0  0  2 ] (0.00000446)
[  0  1  0  1  0  1  0  1  0 ] (0.00010090)
[  0  1  0  1  0  1  0  1  1 ] (0.00000037)
[  0  1  0  1  0  1  0  2  0 ] (0.00004468)
[  0  1  0  1  0  1  1  0  0 ] (0.00029967)
[  0  1  0  1  0  1  1  0  1 ] (0.00041778)
[  0  1  0  1  0  1  1  1  0 ] (0.00044435)
[  0  1  0  1  0  1  2  0  0 ] (0.00010701)
[  0  1  0  1  0  2  0  0  0 ] (0.00007650)
[  0  1  0  1  0  2  0  0  1 ] (0.00007869)
[  0  1  0  1  0  2  0  1  0 ] (0.00001750)
[  0  1  0  1  0  2  1  0  0 ] (0.00041976)
[  0  1  0  1  0  3  0  0  0 ] (0.01472078)
[  0  1  0  1  1  0  0  0  0 ] (0.00000117)
[  0  1  0  1  1  0  0  0  1 ] (0.00035396)
[  0  1  0  1  1  0  0  0  2 ] (0.00019342)
[  0  1  0  1  1  0  0  1  0 ] (0.00045792)
[  0  1  0  1  1  0  0  1  1 ] (0.00000868)
[  0  1  0  1  1  0  0  2  0 ] (0.00000000)
[  0  1  0  1  1  0  1  0  0 ] (0.00022417)
[  0  1  0  1  1  0  1  0  1 ] (0.00018322)
[  0  1  0  1  1  0  1  1  0 ] (0.00007504)
[  0  1  0  1  1  0  2  0  0 ] (0.00009621)
[  0  1  0  1  1  1  0  0  0 ] (0.00012423)
[  0  1  0  1  1  1  0  0  1 ] (0.00048486)
[  0  1  0  1  1  1  0  1  0 ] (0.00008337)
[  0  1  0  1  1  1  1  0  0 ] (0.00065795)
[  0  1  0  1  1  2  0  0  0 ] (0.00020238)
[  0  1  0  1  2  0  0  0  0 ] (0.00000263)
[  0  1  0  1  2  0  0  0  1 ] (0.00000036)
[  0  1  0  1  2  0  0  1  0 ] (0.00002292)
[  0  1  0  1  2  0  1  0  0 ] (0.00020894)
[  0  1  0  1  2  1  0  0  0 ] (0.00035847)
[  0  1  0  1  3  0  0  0  0 ] (0.00016807)
[  0  1  0  2  0  0  0  0  0 ] (0.00027968)
[  0  1  0  2  0  0  0  0  1 ] (0.02947685)
[  0  1  0  2  0  0  0  0  2 ] (0.00093138)
[  0  1  0  2  0  0  0  1  0 ] (0.00152674)
[  0  1  0  2  0  0  0  1  1 ] (0.00039614)
[  0  1  0  2  0  0  0  2  0 ] (0.00102768)
[  0  1  0  2  0  0  1  0  0 ] (0.00241845)
[  0  1  0  2  0  0  1  0  1 ] (0.00861742)
[  0  1  0  2  0  0  1  1  0 ] (0.00314964)
[  0  1  0  2  0  0  2  0  0 ] (0.00000726)
[  0  1  0  2  0  1  0  0  0 ] (0.00018426)
[  0  1  0  2  0  1  0  0  1 ] (0.00288302)
[  0  1  0  2  0  1  0  1  0 ] (0.00013373)
[  0  1  0  2  0  1  1  0  0 ] (0.00001279)
[  0  1  0  2  0  2  0  0  0 ] (0.00234541)
[  0  1  0  2  1  0  0  0  0 ] (0.00005488)
[  0  1  0  2  1  0  0  0  1 ] (0.00001060)
[  0  1  0  2  1  0  0  1  0 ] (0.00002294)
[  0  1  0  2  1  0  1  0  0 ] (0.00025204)
[  0  1  0  2  1  1  0  0  0 ] (0.00000577)
[  0  1  0  2  2  0  0  0  0 ] (0.00064434)
[  0  1  0  3  0  0  0  0  0 ] (0.00023622)
[  0  1  0  3  0  0  0  0  1 ] (0.00019879)
[  0  1  0  3  0  0  0  1  0 ] (0.00197943)
[  0  1  0  3  0  0  1  0  0 ] (0.00053855)
[  0  1  0  3  0  1  0  0  0 ] (0.00276582)
[  0  1  0  3  1  0  0  0  0 ] (0.00089855)
[  0  1  0  4  0  0  0  0  0 ] (0.02141188)
[  0  1  1  0  0  0  0  0  0 ] (0.00000015)
[  0  1  1  0  0  0  0  0  1 ] (0.00000009)
[  0  1  1  0  0  0  0  0  2 ] (0.00000339)
[  0  1  1  0  0  0  0  0  3 ] (0.00000003)
[  0  1  1  0  0  0  0  1  0 ] (0.00000000)
[  0  1  1  0  0  0  0  1  1 ] (0.00000003)
[  0  1  1  0  0  0  0  1  2 ] (0.00000003)
[  0  1  1  0  0  0  0  2  0 ] (0.00000006)
[  0  1  1  0  0  0  0  2  1 ] (0.00000024)
[  0  1  1  0  0  0  0  3  0 ] (0.00000576)
[  0  1  1  0  0  0  1  0  0 ] (0.00000098)
[  0  1  1  0  0  0  1  0  1 ] (0.00000119)
[  0  1  1  0  0  0  1  0  2 ] (0.00000122)
[  0  1  1  0  0  0  1  1  0 ] (0.00000011)
[  0  1  1  0  0  0  1  1  1 ] (0.00000016)
[  0  1  1  0  0  0  1  2  0 ] (0.00000007)
[  0  1  1  0  0  0  2  0  0 ] (0.00000060)
[  0  1  1  0  0  0  2  0  1 ] (0.00000007)
[  0  1  1  0  0  0  2  1  0 ] (0.00000318)
[  0  1  1  0  0  0  3  0  0 ] (0.00000782)
[  0  1  1  0  0  1  0  0  0 ] (0.00000044)
[  0  1  1  0  0  1  0  0  1 ] (0.00000250)
[  0  1  1  0  0  1  0  0  2 ] (0.00000015)
[  0  1  1  0  0  1  0  1  0 ] (0.00000044)
[  0  1  1  0  0  1  0  1  1 ] (0.00000011)
[  0  1  1  0  0  1  0  2  0 ] (0.00000114)
[  0  1  1  0  0  1  1  0  0 ] (0.00000002)
[  0  1  1  0  0  1  1  0  1 ] (0.00000006)
[  0  1  1  0  0  1  1  1  0 ] (0.00000000)
[  0  1  1  0  0  1  2  0  0 ] (0.00001117)
[  0  1  1  0  0  2  0  0  0 ] (0.00000022)
[  0  1  1  0  0  2  0  0  1 ] (0.00000027)
[  0  1  1  0  0  2  0  1  0 ] (0.00000597)
[  0  1  1  0  0  2  1  0  0 ] (0.00000093)
[  0  1  1  0  0  3  0  0  0 ] (0.00000078)
[  0  1  1  0  1  0  0  0  0 ] (0.00000043)
[  0  1  1  0  1  0  0  0  1 ] (0.00000460)
[  0  1  1  0  1  0  0  0  2 ] (0.00000029)
[  0  1  1  0  1  0  0  1  0 ] (0.00000000)
[  0  1  1  0  1  0  0  1  1 ] (0.00000001)
[  0  1  1  0  1  0  0  2  0 ] (0.00000009)
[  0  1  1  0  1  0  1  0  0 ] (0.00000000)
[  0  1  1  0  1  0  1  0  1 ] (0.00000019)
[  0  1  1  0  1  0  1  1  0 ] (0.00000088)
[  0  1  1  0  1  0  2  0  0 ] (0.00000222)
[  0  1  1  0  1  1  0  0  0 ] (0.00000013)
[  0  1  1  0  1  1  0  0  1 ] (0.00000012)
[  0  1  1  0  1  1  0  1  0 ] (0.00000034)
[  0  1  1  0  1  1  1  0  0 ] (0.00000015)
[  0  1  1  0  1  2  0  0  0 ] (0.00000621)
[  0  1  1  0  2  0  0  0  0 ] (0.00000015)
[  0  1  1  0  2  0  0  0  1 ] (0.00000007)
[  0  1  1  0  2  0  0  1  0 ] (0.00000086)
[  0  1  1  0  2  0  1  0  0 ] (0.00000009)
[  0  1  1  0  2  1  0  0  0 ] (0.00000032)
[  0  1  1  0  3  0  0  0  0 ] (0.00000010)
[  0  1  1  1  0  0  0  0  0 ] (0.00000026)
[  0  1  1  1  0  0  0  0  1 ] (0.00000071)
[  0  1  1  1  0  0  0  0  2 ] (0.00000000)
[  0  1  1  1  0  0  0  1  0 ] (0.00000007)
[  0  1  1  1  0  0  0  1  1 ] (0.00000000)
[  0  1  1  1  0  0  0  2  0 ] (0.00000613)
[  0  1  1  1  0  0  1  0  0 ] (0.00000035)
[  0  1  1  1  0  0  1  0  1 ] (0.00000211)
[  0  1  1  1  0  0  1  1  0 ] (0.00000005)
[  0  1  1  1  0  0  2  0  0 ] (0.00000079)
[  0  1  1  1  0  1  0  0  0 ] (0.00000029)
[  0  1  1  1  0  1  0  0  1 ] (0.00000011)
[  0  1  1  1  0  1  0  1  0 ] (0.00000022)
[  0  1  1  1  0  1  1  0  0 ] (0.00000003)
[  0  1  1  1  0  2  0  0  0 ] (0.00000222)
[  0  1  1  1  1  0  0  0  0 ] (0.00000095)
[  0  1  1  1  1  0  0  0  1 ] (0.00000012)
[  0  1  1  1  1  0  0  1  0 ] (0.00000197)
[  0  1  1  1  1  0  1  0  0 ] (0.00000009)
[  0  1  1  1  1  1  0  0  0 ] (0.00000006)
[  0  1  1  1  2  0  0  0  0 ] (0.00000013)
[  0  1  1  2  0  0  0  0  0 ] (0.00000004)
[  0  1  1  2  0  0  0  0  1 ] (0.00000135)
[  0  1  1  2  0  0  0  1  0 ] (0.00000015)
[  0  1  1  2  0  0  1  0  0 ] (0.00000027)
[  0  1  1  2  0  1  0  0  0 ] (0.00000031)
[  0  1  1  2  1  0  0  0  0 ] (0.00000283)
[  0  1  1  3  0  0  0  0  0 ] (0.00000191)
[  0  1  2  0  0  0  0  0  0 ] (0.00019039)
[  0  1  2  0  0  0  0  0  1 ] (0.00044112)
[  0  1  2  0  0  0  0  0  2 ] (0.00069709)
[  0  1  2  0  0  0  0  1  0 ] (0.00000568)
[  0  1  2  0  0  0  0  1  1 ] (0.00000379)
[  0  1  2  0  0  0  0  2  0 ] (0.00547097)
[  0  1  2  0  0  0  1  0  0 ] (0.00007788)
[  0  1  2  0  0  0  1  0  1 ] (0.00019086)
[  0  1  2  0  0  0  1  1  0 ] (0.00044496)
[  0  1  2  0  0  0  2  0  0 ] (0.00216224)
[  0  1  2  0  0  1  0  0  0 ] (0.00000478)
[  0  1  2  0  0  1  0  0  1 ] (0.00349941)
[  0  1  2  0  0  1  0  1  0 ] (0.00033164)
[  0  1  2  0  0  1  1  0  0 ] (0.00058109)
[  0  1  2  0  0  2  0  0  0 ] (0.00114560)
[  0  1  2  0  1  0  0  0  0 ] (0.00003216)
[  0  1  2  0  1  0  0  0  1 ] (0.00590362)
[  0  1  2  0  1  0  0  1  0 ] (0.00758296)
[  0  1  2  0  1  0  1  0  0 ] (0.01176670)
[  0  1  2  0  1  1  0  0  0 ] (0.00472735)
[  0  1  2  0  2  0  0  0  0 ] (0.00142253)
[  0  1  2  1  0  0  0  0  0 ] (0.00001109)
[  0  1  2  1  0  0  0  0  1 ] (0.00108607)
[  0  1  2  1  0  0  0  1  0 ] (0.00071753)
[  0  1  2  1  0  0  1  0  0 ] (0.00032377)
[  0  1  2  1  0  1  0  0  0 ] (0.00705736)
[  0  1  2  1  1  0  0  0  0 ] (0.00011470)
[  0  1  2  2  0  0  0  0  0 ] (0.01021493)
[  0  1  3  0  0  0  0  0  0 ] (0.00048765)
[  0  1  3  0  0  0  0  0  1 ] (0.00307775)
[  0  1  3  0  0  0  0  1  0 ] (0.00050332)
[  0  1  3  0  0  0  1  0  0 ] (0.00324965)
[  0  1  3  0  0  1  0  0  0 ] (0.00013578)
[  0  1  3  0  1  0  0  0  0 ] (0.00143924)
[  0  1  3  1  0  0  0  0  0 ] (0.00088050)
[  0  1  4  0  0  0  0  0  0 ] (0.00000100)
[  0  2  0  0  0  0  0  0  0 ] (0.00000000)
[  0  2  0  0  0  0  0  0  1 ] (0.00000016)
[  0  2  0  0  0  0  0  0  2 ] (0.00000058)
[  0  2  0  0  0  0  0  0  3 ] (0.00000018)
[  0  2  0  0  0  0  0  1  0 ] (0.00000046)
[  0  2  0  0  0  0  0  1  1 ] (0.00000276)
[  0  2  0  0  0  0  0  1  2 ] (0.00000075)
[  0  2  0  0  0  0  0  2  0 ] (0.00000013)
[  0  2  0  0  0  0  0  2  1 ] (0.00000052)
[  0  2  0  0  0  0  0  3  0 ] (0.00000222)
[  0  2  0  0  0  0  1  0  0 ] (0.00000005)
[  0  2  0  0  0  0  1  0  1 ] (0.00000109)
[  0  2  0  0  0  0  1  0  2 ] (0.00000013)
[  0  2  0  0  0  0  1  1  0 ] (0.00000000)
[  0  2  0  0  0  0  1  1  1 ] (0.00000013)
[  0  2  0  0  0  0  1  2  0 ] (0.00000003)
[  0  2  0  0  0  0  2  0  0 ] (0.00000001)
[  0  2  0  0  0  0  2  0  1 ] (0.00000171)
[  0  2  0  0  0  0  2  1  0 ] (0.00000698)
[  0  2  0  0  0  0  3  0  0 ] (0.00000047)
[  0  2  0  0  0  1  0  0  0 ] (0.00000000)
[  0  2  0  0  0  1  0  0  1 ] (0.00000008)
[  0  2  0  0  0  1  0  0  2 ] (0.00000031)
[  0  2  0  0  0  1  0  1  0 ] (0.00000001)
[  0  2  0  0  0  1  0  1  1 ] (0.00000001)
[  0  2  0  0  0  1  0  2  0 ] (0.00000259)
[  0  2  0  0  0  1  1  0  0 ] (0.00000037)
[  0  2  0  0  0  1  1  0  1 ] (0.00000001)
[  0  2  0  0  0  1  1  1  0 ] (0.00000019)
[  0  2  0  0  0  1  2  0  0 ] (0.00000425)
[  0  2  0  0  0  2  0  0  0 ] (0.00000000)
[  0  2  0  0  0  2  0  0  1 ] (0.00000027)
[  0  2  0  0  0  2  0  1  0 ] (0.00000105)
[  0  2  0  0  0  2  1  0  0 ] (0.00000031)
[  0  2  0  0  0  3  0  0  0 ] (0.00000024)
[  0  2  0  0  1  0  0  0  0 ] (0.00000013)
[  0  2  0  0  1  0  0  0  1 ] (0.00000001)
[  0  2  0  0  1  0  0  0  2 ] (0.00000050)
[  0  2  0  0  1  0  0  1  0 ] (0.00000074)
[  0  2  0  0  1  0  0  1  1 ] (0.00000032)
[  0  2  0  0  1  0  0  2  0 ] (0.00000145)
[  0  2  0  0  1  0  1  0  0 ] (0.00000019)
[  0  2  0  0  1  0  1  0  1 ] (0.00000015)
[  0  2  0  0  1  0  1  1  0 ] (0.00000192)
[  0  2  0  0  1  0  2  0  0 ] (0.00000046)
[  0  2  0  0  1  1  0  0  0 ] (0.00000012)
[  0  2  0  0  1  1  0  0  1 ] (0.00000001)
[  0  2  0  0  1  1  0  1  0 ] (0.00000044)
[  0  2  0  0  1  1  1  0  0 ] (0.00000000)
[  0  2  0  0  1  2  0  0  0 ] (0.00000274)
[  0  2  0  0  2  0  0  0  0 ] (0.00000148)
[  0  2  0  0  2  0  0  0  1 ] (0.00000108)
[  0  2  0  0  2  0  0  1  0 ] (0.00000040)
[  0  2  0  0  2  0  1  0  0 ] (0.00000001)
[  0  2  0  0  2  1  0  0  0 ] (0.00000562)
[  0  2  0  0  3  0  0  0  0 ] (0.00000003)
[  0  2  0  1  0  0  0  0  0 ] (0.00000057)
[  0  2  0  1  0  0  0  0  1 ] (0.00000003)
[  0  2  0  1  0  0  0  0  2 ] (0.00000015)
[  0  2  0  1  0  0  0  1  0 ] (0.00000012)
[  0  2  0  1  0  0  0  1  1 ] (0.00000012)
[  0  2  0  1  0  0  0  2  0 ] (0.00000317)
[  0  2  0  1  0  0  1  0  0 ] (0.00000005)
[  0  2  0  1  0  0  1  0  1 ] (0.00000149)
[  0  2  0  1  0  0  1  1  0 ] (0.00000470)
[  0  2  0  1  0  0  2  0  0 ] (0.00000030)
[  0  2  0  1  0  1  0  0  0 ] (0.00000174)
[  0  2  0  1  0  1  0  0  1 ] (0.00000049)
[  0  2  0  1  0  1  0  1  0 ] (0.00000263)
[  0  2  0  1  0  1  1  0  0 ] (0.00000535)
[  0  2  0  1  0  2  0  0  0 ] (0.00000256)
[  0  2  0  1  1  0  0  0  0 ] (0.00000001)
[  0  2  0  1  1  0  0  0  1 ] (0.00000081)
[  0  2  0  1  1  0  0  1  0 ] (0.00000024)
[  0  2  0  1  1  0  1  0  0 ] (0.00000112)
[  0  2  0  1  1  1  0  0  0 ] (0.00000002)
[  0  2  0  1  2  0  0  0  0 ] (0.00001557)
[  0  2  0  2  0  0  0  0  0 ] (0.00000004)
[  0  2  0  2  0  0  0  0  1 ] (0.00000646)
[  0  2  0  2  0  0  0  1  0 ] (0.00000067)
[  0  2  0  2  0  0  1  0  0 ] (0.00000000)
[  0  2  0  2  0  1  0  0  0 ] (0.00003871)
[  0  2  0  2  1  0  0  0  0 ] (0.00000016)
[  0  2  0  3  0  0  0  0  0 ] (0.00000001)
[  0  2  1  0  0  0  0  0  0 ] (0.00000936)
[  0  2  1  0  0  0  0  0  1 ] (0.00015051)
[  0  2  1  0  0  0  0  0  2 ] (0.00022349)
[  0  2  1  0  0  0  0  1  0 ] (0.00001465)
[  0  2  1  0  0  0  0  1  1 ] (0.00005024)
[  0  2  1  0  0  0  0  2  0 ] (0.00031649)
[  0  2  1  0  0  0  1  0  0 ] (0.00063370)
[  0  2  1  0  0  0  1  0  1 ] (0.00008496)
[  0  2  1  0  0  0  1  1  0 ] (0.00176451)
[  0  2  1  0  0  0  2  0  0 ] (0.00025978)
[  0  2  1  0  0  1  0  0  0 ] (0.00001739)
[  0  2  1  0  0  1  0  0  1 ] (0.00056838)
[  0  2  1  0  0  1  0  1  0 ] (0.00199223)
[  0  2  1  0  0  1  1  0  0 ] (0.00413597)
[  0  2  1  0  0  2  0  0  0 ] (0.00035610)
[  0  2  1  0  1  0  0  0  0 ] (0.00000518)
[  0  2  1  0  1  0  0  0  1 ] (0.00590515)
[  0  2  1  0  1  0  0  1  0 ] (0.00034523)
[  0  2  1  0  1  0  1  0  0 ] (0.00211302)
[  0  2  1  0  1  1  0  0  0 ] (0.00172866)
[  0  2  1  0  2  0  0  0  0 ] (0.00140881)
[  0  2  1  1  0  0  0  0  0 ] (0.00019952)
[  0  2  1  1  0  0  0  0  1 ] (0.00142344)
[  0  2  1  1  0  0  0  1  0 ] (0.00274519)
[  0  2  1  1  0  0  1  0  0 ] (0.00219630)
[  0  2  1  1  0  1  0  0  0 ] (0.00020539)
[  0  2  1  1  1  0  0  0  0 ] (0.00087934)
[  0  2  1  2  0  0  0  0  0 ] (0.00311337)
[  0  2  2  0  0  0  0  0  0 ] (0.00000000)
[  0  2  2  0  0  0  0  0  1 ] (0.00000051)
[  0  2  2  0  0  0  0  1  0 ] (0.00000259)
[  0  2  2  0  0  0  1  0  0 ] (0.00003978)
[  0  2  2  0  0  1  0  0  0 ] (0.00000015)
[  0  2  2  0  1  0  0  0  0 ] (0.00000144)
[  0  2  2  1  0  0  0  0  0 ] (0.00000170)
[  0  2  3  0  0  0  0  0  0 ] (0.00000001)
[  0  3  0  0  0  0  0  0  0 ] (0.00000001)
[  0  3  0  0  0  0  0  0  1 ] (0.00000005)
[  0  3  0  0  0  0  0  0  2 ] (0.00000050)
[  0  3  0  0  0  0  0  1  0 ] (0.00000001)
[  0  3  0  0  0  0  0  1  1 ] (0.00000075)
[  0  3  0  0  0  0  0  2  0 ] (0.00000014)
[  0  3  0  0  0  0  1  0  0 ] (0.00000020)
[  0  3  0  0  0  0  1  0  1 ] (0.00000848)
[  0  3  0  0  0  0  1  1  0 ] (0.00000302)
[  0  3  0  0  0  0  2  0  0 ] (0.00000009)
[  0  3  0  0  0  1  0  0  0 ] (0.00000006)
[  0  3  0  0  0  1  0  0  1 ] (0.00000008)
[  0  3  0  0  0  1  0  1  0 ] (0.00000036)
[  0  3  0  0  0  1  1  0  0 ] (0.00000016)
[  0  3  0  0  0  2  0  0  0 ] (0.00000037)
[  0  3  0  0  1  0  0  0  0 ] (0.00000327)
[  0  3  0  0  1  0  0  0  1 ] (0.00003459)
[  0  3  0  0  1  0  0  1  0 ] (0.00000077)
[  0  3  0  0  1  0  1  0  0 ] (0.00000013)
[  0  3  0  0  1  1  0  0  0 ] (0.00000142)
[  0  3  0  0  2  0  0  0  0 ] (0.00000093)
[  0  3  0  1  0  0  0  0  0 ] (0.00000004)
[  0  3  0  1  0  0  0  0  1 ] (0.00000010)
[  0  3  0  1  0  0  0  1  0 ] (0.00000138)
[  0  3  0  1  0  0  1  0  0 ] (0.00000018)
[  0  3  0  1  0  1  0  0  0 ] (0.00000174)
[  0  3  0  1  1  0  0  0  0 ] (0.00000029)
[  0  3  0  2  0  0  0  0  0 ] (0.00000010)
[  0  3  1  0  0  0  0  0  0 ] (0.00054302)
[  0  3  1  0  0  0  0  0  1 ] (0.00207926)
[  0  3  1  0  0  0  0  1  0 ] (0.00032286)
[  0  3  1  0  0  0  1  0  0 ] (0.00003975)
[  0  3  1  0  0  1  0  0  0 ] (0.00107319)
[  0  3  1  0  1  0  0  0  0 ] (0.00005495)
[  0  3  1  1  0  0  0  0  0 ] (0.00000302)
[  0  3  2  0  0  0  0  0  0 ] (0.00000002)
[  0  4  0  0  0  0  0  0  0 ] (0.00003753)
[  0  4  0  0  0  0  0  0  1 ] (0.00047255)
[  0  4  0  0  0  0  0  1  0 ] (0.00000405)
[  0  4  0  0  0  0  1  0  0 ] (0.00000293)
[  0  4  0  0  0  1  0  0  0 ] (0.00000195)
[  0  4  0  0  1  0  0  0  0 ] (0.00007075)
[  0  4  0  1  0  0  0  0  0 ] (0.00062971)
[  0  4  1  0  0  0  0  0  0 ] (0.00000095)
[  0  5  0  0  0  0  0  0  0 ] (0.00000002)
[  1  0  0  0  0  0  0  0  0 ] (0.00002234)
[  1  0  0  0  0  0  0  0  1 ] (0.00004664)
[  1  0  0  0  0  0  0  0  2 ] (0.00016814)
[  1  0  0  0  0  0  0  0  3 ] (0.00018154)
[  1  0  0  0  0  0  0  0  4 ] (0.00004435)
[  1  0  0  0  0  0  0  1  0 ] (0.00007161)
[  1  0  0  0  0  0  0  1  1 ] (0.00015480)
[  1  0  0  0  0  0  0  1  2 ] (0.00123443)
[  1  0  0  0  0  0  0  1  3 ] (0.00007072)
[  1  0  0  0  0  0  0  2  0 ] (0.00020768)
[  1  0  0  0  0  0  0  2  1 ] (0.02998673)
[  1  0  0  0  0  0  0  2  2 ] (0.00063312)
[  1  0  0  0  0  0  0  3  0 ] (0.00001345)
[  1  0  0  0  0  0  0  3  1 ] (0.00001285)
[  1  0  0  0  0  0  0  4  0 ] (0.00108697)
[  1  0  0  0  0  0  1  0  0 ] (0.00003904)
[  1  0  0  0  0  0  1  0  1 ] (0.00002785)
[  1  0  0  0  0  0  1  0  2 ] (0.00199734)
[  1  0  0  0  0  0  1  0  3 ] (0.00004153)
[  1  0  0  0  0  0  1  1  0 ] (0.00000419)
[  1  0  0  0  0  0  1  1  1 ] (0.00000867)
[  1  0  0  0  0  0  1  1  2 ] (0.00002825)
[  1  0  0  0  0  0  1  2  0 ] (0.00010353)
[  1  0  0  0  0  0  1  2  1 ] (0.00000035)
[  1  0  0  0  0  0  1  3  0 ] (0.00000007)
[  1  0  0  0  0  0  2  0  0 ] (0.00036462)
[  1  0  0  0  0  0  2  0  1 ] (0.00418401)
[  1  0  0  0  0  0  2  0  2 ] (0.00011649)
[  1  0  0  0  0  0  2  1  0 ] (0.00016648)
[  1  0  0  0  0  0  2  1  1 ] (0.00000235)
[  1  0  0  0  0  0  2  2  0 ] (0.00002062)
[  1  0  0  0  0  0  3  0  0 ] (0.00005075)
[  1  0  0  0  0  0  3  0  1 ] (0.00053840)
[  1  0  0  0  0  0  3  1  0 ] (0.00432536)
[  1  0  0  0  0  0  4  0  0 ] (0.00047647)
[  1  0  0  0  0  1  0  0  0 ] (0.00000430)
[  1  0  0  0  0  1  0  0  1 ] (0.00001361)
[  1  0  0  0  0  1  0  0  2 ] (0.00129091)
[  1  0  0  0  0  1  0  0  3 ] (0.00001233)
[  1  0  0  0  0  1  0  1  0 ] (0.00077209)
[  1  0  0  0  0  1  0  1  1 ] (0.00067864)
[  1  0  0  0  0  1  0  1  2 ] (0.00001735)
[  1  0  0  0  0  1  0  2  0 ] (0.00003525)
[  1  0  0  0  0  1  0  2  1 ] (0.00001855)
[  1  0  0  0  0  1  0  3  0 ] (0.00175466)
[  1  0  0  0  0  1  1  0  0 ] (0.00048355)
[  1  0  0  0  0  1  1  0  1 ] (0.00028054)
[  1  0  0  0  0  1  1  0  2 ] (0.00016569)
[  1  0  0  0  0  1  1  1  0 ] (0.00066295)
[  1  0  0  0  0  1  1  1  1 ] (0.00012148)
[  1  0  0  0  0  1  1  2  0 ] (0.00000973)
[  1  0  0  0  0  1  2  0  0 ] (0.00025445)
[  1  0  0  0  0  1  2  0  1 ] (0.00003057)
[  1  0  0  0  0  1  2  1  0 ] (0.00071823)
[  1  0  0  0  0  1  3  0  0 ] (0.00181347)
[  1  0  0  0  0  2  0  0  0 ] (0.00001714)
[  1  0  0  0  0  2  0  0  1 ] (0.00049439)
[  1  0  0  0  0  2  0  0  2 ] (0.00011558)
[  1  0  0  0  0  2  0  1  0 ] (0.00020991)
[  1  0  0  0  0  2  0  1  1 ] (0.00000366)
[  1  0  0  0  0  2  0  2  0 ] (0.00797454)
[  1  0  0  0  0  2  1  0  0 ] (0.00001039)
[  1  0  0  0  0  2  1  0  1 ] (0.00006394)
[  1  0  0  0  0  2  1  1  0 ] (0.00001212)
[  1  0  0  0  0  2  2  0  0 ] (0.00000283)
[  1  0  0  0  0  3  0  0  0 ] (0.00042523)
[  1  0  0  0  0  3  0  0  1 ] (0.00000176)
[  1  0  0  0  0  3  0  1  0 ] (0.00935537)
[  1  0  0  0  0  3  1  0  0 ] (0.00328175)
[  1  0  0  0  0  4  0  0  0 ] (0.00018541)
[  1  0  0  0  1  0  0  0  0 ] (0.00000291)
[  1  0  0  0  1  0  0  0  1 ] (0.00100045)
[  1  0  0  0  1  0  0  0  2 ] (0.00005374)
[  1  0  0  0  1  0  0  0  3 ] (0.00000245)
[  1  0  0  0  1  0  0  1  0 ] (0.00001670)
[  1  0  0  0  1  0  0  1  1 ] (0.00105901)
[  1  0  0  0  1  0  0  1  2 ] (0.00007570)
[  1  0  0  0  1  0  0  2  0 ] (0.00000764)
[  1  0  0  0  1  0  0  2  1 ] (0.00004153)
[  1  0  0  0  1  0  0  3  0 ] (0.00024441)
[  1  0  0  0  1  0  1  0  0 ] (0.00001262)
[  1  0  0  0  1  0  1  0  1 ] (0.00000245)
[  1  0  0  0  1  0  1  0  2 ] (0.00019632)
[  1  0  0  0  1  0  1  1  0 ] (0.00014911)
[  1  0  0  0  1  0  1  1  1 ] (0.00000261)
[  1  0  0  0  1  0  1  2  0 ] (0.00062861)
[  1  0  0  0  1  0  2  0  0 ] (0.00008458)
[  1  0  0  0  1  0  2  0  1 ] (0.00002853)
[  1  0  0  0  1  0  2  1  0 ] (0.00014779)
[  1  0  0  0  1  0  3  0  0 ] (0.01619212)
[  1  0  0  0  1  1  0  0  0 ] (0.00054841)
[  1  0  0  0  1  1  0  0  1 ] (0.00184008)
[  1  0  0  0  1  1  0  0  2 ] (0.00014169)
[  1  0  0  0  1  1  0  1  0 ] (0.00193003)
[  1  0  0  0  1  1  0  1  1 ] (0.00039729)
[  1  0  0  0  1  1  0  2  0 ] (0.00029728)
[  1  0  0  0  1  1  1  0  0 ] (0.00021710)
[  1  0  0  0  1  1  1  0  1 ] (0.00000087)
[  1  0  0  0  1  1  1  1  0 ] (0.00000688)
[  1  0  0  0  1  1  2  0  0 ] (0.00003535)
[  1  0  0  0  1  2  0  0  0 ] (0.00015107)
[  1  0  0  0  1  2  0  0  1 ] (0.00010919)
[  1  0  0  0  1  2  0  1  0 ] (0.00008710)
[  1  0  0  0  1  2  1  0  0 ] (0.00049029)
[  1  0  0  0  1  3  0  0  0 ] (0.00802878)
[  1  0  0  0  2  0  0  0  0 ] (0.00000505)
[  1  0  0  0  2  0  0  0  1 ] (0.00243481)
[  1  0  0  0  2  0  0  0  2 ] (0.00000022)
[  1  0  0  0  2  0  0  1  0 ] (0.00005400)
[  1  0  0  0  2  0  0  1  1 ] (0.00000581)
[  1  0  0  0  2  0  0  2  0 ] (0.00084317)
[  1  0  0  0  2  0  1  0  0 ] (0.00029796)
[  1  0  0  0  2  0  1  0  1 ] (0.00000122)
[  1  0  0  0  2  0  1  1  0 ] (0.00021330)
[  1  0  0  0  2  0  2  0  0 ] (0.00002262)
[  1  0  0  0  2  1  0  0  0 ] (0.00001097)
[  1  0  0  0  2  1  0  0  1 ] (0.00004446)
[  1  0  0  0  2  1  0  1  0 ] (0.00047302)
[  1  0  0  0  2  1  1  0  0 ] (0.00054531)
[  1  0  0  0  2  2  0  0  0 ] (0.00005181)
[  1  0  0  0  3  0  0  0  0 ] (0.00002827)
[  1  0  0  0  3  0  0  0  1 ] (0.00015070)
[  1  0  0  0  3  0  0  1  0 ] (0.00028957)
[  1  0  0  0  3  0  1  0  0 ] (0.00143783)
[  1  0  0  0  3  1  0  0  0 ] (0.00569450)
[  1  0  0  0  4  0  0  0  0 ] (0.00241242)
[  1  0  0  1  0  0  0  0  0 ] (0.00015872)
[  1  0  0  1  0  0  0  0  1 ] (0.00010076)
[  1  0  0  1  0  0  0  0  2 ] (0.01396730)
[  1  0  0  1  0  0  0  0  3 ] (0.00029340)
[  1  0  0  1  0  0  0  1  0 ] (0.00033684)
[  1  0  0  1  0  0  0  1  1 ] (0.00008065)
[  1  0  0  1  0  0  0  1  2 ] (0.00000087)
[  1  0  0  1  0  0  0  2  0 ] (0.00011423)
[  1  0  0  1  0  0  0  2  1 ] (0.00002247)
[  1  0  0  1  0  0  0  3  0 ] (0.00014946)
[  1  0  0  1  0  0  1  0  0 ] (0.00008768)
[  1  0  0  1  0  0  1  0  1 ] (0.00307417)
[  1  0  0  1  0  0  1  0  2 ] (0.00002463)
[  1  0  0  1  0  0  1  1  0 ] (0.00032662)
[  1  0  0  1  0  0  1  1  1 ] (0.00000470)
[  1  0  0  1  0  0  1  2  0 ] (0.00000048)
[  1  0  0  1  0  0  2  0  0 ] (0.00065123)
[  1  0  0  1  0  0  2  0  1 ] (0.00077471)
[  1  0  0  1  0  0  2  1  0 ] (0.00039488)
[  1  0  0  1  0  0  3  0  0 ] (0.00028606)
[  1  0  0  1  0  1  0  0  0 ] (0.00006702)
[  1  0  0  1  0  1  0  0  1 ] (0.00008719)
[  1  0  0  1  0  1  0  0  2 ] (0.00033021)
[  1  0  0  1  0  1  0  1  0 ] (0.00310599)
[  1  0  0  1  0  1  0  1  1 ] (0.00034198)
[  1  0  0  1  0  1  0  2  0 ] (0.00000007)
[  1  0  0  1  0  1  1  0  0 ] (0.00150186)
[  1  0  0  1  0  1  1  0  1 ] (0.00064006)
[  1  0  0  1  0  1  1  1  0 ] (0.00090512)
[  1  0  0  1  0  1  2  0  0 ] (0.00015995)
[  1  0  0  1  0  2  0  0  0 ] (0.00003379)
[  1  0  0  1  0  2  0  0  1 ] (0.00004277)
[  1  0  0  1  0  2  0  1  0 ] (0.00058789)
[  1  0  0  1  0  2  1  0  0 ] (0.00030776)
[  1  0  0  1  0  3  0  0  0 ] (0.00091383)
[  1  0  0  1  1  0  0  0  0 ] (0.00013744)
[  1  0  0  1  1  0  0  0  1 ] (0.00025144)
[  1  0  0  1  1  0  0  0  2 ] (0.00025576)
[  1  0  0  1  1  0  0  1  0 ] (0.00006063)
[  1  0  0  1  1  0  0  1  1 ] (0.00013143)
[  1  0  0  1  1  0  0  2  0 ] (0.00000114)
[  1  0  0  1  1  0  1  0  0 ] (0.00015249)
[  1  0  0  1  1  0  1  0  1 ] (0.00016668)
[  1  0  0  1  1  0  1  1  0 ] (0.00004372)
[  1  0  0  1  1  0  2  0  0 ] (0.00083643)
[  1  0  0  1  1  1  0  0  0 ] (0.00052902)
[  1  0  0  1  1  1  0  0  1 ] (0.00019926)
[  1  0  0  1  1  1  0  1  0 ] (0.00005578)
[  1  0  0  1  1  1  1  0  0 ] (0.00000504)
[  1  0  0  1  1  2  0  0  0 ] (0.00030557)
[  1  0  0  1  2  0  0  0  0 ] (0.00000511)
[  1  0  0  1  2  0  0  0  1 ] (0.00006452)
[  1  0  0  1  2  0  0  1  0 ] (0.00043595)
[  1  0  0  1  2  0  1  0  0 ] (0.00000650)
[  1  0  0  1  2  1  0  0  0 ] (0.00008734)
[  1  0  0  1  3  0  0  0  0 ] (0.00186936)
[  1  0  0  2  0  0  0  0  0 ] (0.00005044)
[  1  0  0  2  0  0  0  0  1 ] (0.01853949)
[  1  0  0  2  0  0  0  0  2 ] (0.00005775)
[  1  0  0  2  0  0  0  1  0 ] (0.00019953)
[  1  0  0  2  0  0  0  1  1 ] (0.00066913)
[  1  0  0  2  0  0  0  2  0 ] (0.00022909)
[  1  0  0  2  0  0  1  0  0 ] (0.00008277)
[  1  0  0  2  0  0  1  0  1 ] (0.00193072)
[  1  0  0  2  0  0  1  1  0 ] (0.00020588)
[  1  0  0  2  0  0  2  0  0 ] (0.00087100)
[  1  0  0  2  0  1  0  0  0 ] (0.00054782)
[  1  0  0  2  0  1  0  0  1 ] (0.00098913)
[  1  0  0  2  0  1  0  1  0 ] (0.00000034)
[  1  0  0  2  0  1  1  0  0 ] (0.00017287)
[  1  0  0  2  0  2  0  0  0 ] (0.00037454)
[  1  0  0  2  1  0  0  0  0 ] (0.00003375)
[  1  0  0  2  1  0  0  0  1 ] (0.00000431)
[  1  0  0  2  1  0  0  1  0 ] (0.00000690)
[  1  0  0  2  1  0  1  0  0 ] (0.00014543)
[  1  0  0  2  1  1  0  0  0 ] (0.00001999)
[  1  0  0  2  2  0  0  0  0 ] (0.00045841)
[  1  0  0  3  0  0  0  0  0 ] (0.00020045)
[  1  0  0  3  0  0  0  0  1 ] (0.00006223)
[  1  0  0  3  0  0  0  1  0 ] (0.00035198)
[  1  0  0  3  0  0  1  0  0 ] (0.00087189)
[  1  0  0  3  0  1  0  0  0 ] (0.00089702)
[  1  0  0  3  1  0  0  0  0 ] (0.00147062)
[  1  0  0  4  0  0  0  0  0 ] (0.00085980)
[  1  0  1  0  0  0  0  0  0 ] (0.00000024)
[  1  0  1  0  0  0  0  0  1 ] (0.00000074)
[  1  0  1  0  0  0  0  0  2 ] (0.00000230)
[  1  0  1  0  0  0  0  0  3 ] (0.00000012)
[  1  0  1  0  0  0  0  1  0 ] (0.00000000)
[  1  0  1  0  0  0  0  1  1 ] (0.00000051)
[  1  0  1  0  0  0  0  1  2 ] (0.00000046)
[  1  0  1  0  0  0  0  2  0 ] (0.00000002)
[  1  0  1  0  0  0  0  2  1 ] (0.00000012)
[  1  0  1  0  0  0  0  3  0 ] (0.00000014)
[  1  0  1  0  0  0  1  0  0 ] (0.00000088)
[  1  0  1  0  0  0  1  0  1 ] (0.00000008)
[  1  0  1  0  0  0  1  0  2 ] (0.00000007)
[  1  0  1  0  0  0  1  1  0 ] (0.00000011)
[  1  0  1  0  0  0  1  1  1 ] (0.00000004)
[  1  0  1  0  0  0  1  2  0 ] (0.00000009)
[  1  0  1  0  0  0  2  0  0 ] (0.00000026)
[  1  0  1  0  0  0  2  0  1 ] (0.00000048)
[  1  0  1  0  0  0  2  1  0 ] (0.00000370)
[  1  0  1  0  0  0  3  0  0 ] (0.00001297)
[  1  0  1  0  0  1  0  0  0 ] (0.00000002)
[  1  0  1  0  0  1  0  0  1 ] (0.00000007)
[  1  0  1  0  0  1  0  0  2 ] (0.00000001)
[  1  0  1  0  0  1  0  1  0 ] (0.00000004)
[  1  0  1  0  0  1  0  1  1 ] (0.00000004)
[  1  0  1  0  0  1  0  2  0 ] (0.00000447)
[  1  0  1  0  0  1  1  0  0 ] (0.00000013)
[  1  0  1  0  0  1  1  0  1 ] (0.00000015)
[  1  0  1  0  0  1  1  1  0 ] (0.00000035)
[  1  0  1  0  0  1  2  0  0 ] (0.00000422)
[  1  0  1  0  0  2  0  0  0 ] (0.00000020)
[  1  0  1  0  0  2  0  0  1 ] (0.00000063)
[  1  0  1  0  0  2  0  1  0 ] (0.00000582)
[  1  0  1  0  0  2  1  0  0 ] (0.00000185)
[  1  0  1  0  0  3  0  0  0 ] (0.00000082)
[  1  0  1  0  1  0  0  0  0 ] (0.00000002)
[  1  0  1  0  1  0  0  0  1 ] (0.00000006)
[  1  0  1  0  1  0  0  0  2 ] (0.00000034)
[  1  0  1  0  1  0  0  1  0 ] (0.00000003)
[  1  0  1  0  1  0  0  1  1 ] (0.00000000)
[  1  0  1  0  1  0  0  2  0 ] (0.00000000)
[  1  0  1  0  1  0  1  0  0 ] (0.00000099)
[  1  0  1  0  1  0  1  0  1 ] (0.00000023)
[  1  0  1  0  1  0  1  1  0 ] (0.00000001)
[  1  0  1  0  1  0  2  0  0 ] (0.00000503)
[  1  0  1  0  1  1  0  0  0 ] (0.00000016)
[  1  0  1  0  1  1  0  0  1 ] (0.00000000)
[  1  0  1  0  1  1  0  1  0 ] (0.00000132)
[  1  0  1  0  1  1  1  0  0 ] (0.00000000)
[  1  0  1  0  1  2  0  0  0 ] (0.00000060)
[  1  0  1  0  2  0  0  0  0 ] (0.00000032)
[  1  0  1  0  2  0  0  0  1 ] (0.00000183)
[  1  0  1  0  2  0  0  1  0 ] (0.00000016)
[  1  0  1  0  2  0  1  0  0 ] (0.00000380)
[  1  0  1  0  2  1  0  0  0 ] (0.00000061)
[  1  0  1  0  3  0  0  0  0 ] (0.00000174)
[  1  0  1  1  0  0  0  0  0 ] (0.00000014)
[  1  0  1  1  0  0  0  0  1 ] (0.00000004)
[  1  0  1  1  0  0  0  0  2 ] (0.00000003)
[  1  0  1  1  0  0  0  1  0 ] (0.00000011)
[  1  0  1  1  0  0  0  1  1 ] (0.00000072)
[  1  0  1  1  0  0  0  2  0 ] (0.00000127)
[  1  0  1  1  0  0  1  0  0 ] (0.00000014)
[  1  0  1  1  0  0  1  0  1 ] (0.00000056)
[  1  0  1  1  0  0  1  1  0 ] (0.00000124)
[  1  0  1  1  0  0  2  0  0 ] (0.00000792)
[  1  0  1  1  0  1  0  0  0 ] (0.00000019)
[  1  0  1  1  0  1  0  0  1 ] (0.00000003)
[  1  0  1  1  0  1  0  1  0 ] (0.00000081)
[  1  0  1  1  0  1  1  0  0 ] (0.00000021)
[  1  0  1  1  0  2  0  0  0 ] (0.00000138)
[  1  0  1  1  1  0  0  0  0 ] (0.00000013)
[  1  0  1  1  1  0  0  0  1 ] (0.00000008)
[  1  0  1  1  1  0  0  1  0 ] (0.00000128)
[  1  0  1  1  1  0  1  0  0 ] (0.00000060)
[  1  0  1  1  1  1  0  0  0 ] (0.00000002)
[  1  0  1  1  2  0  0  0  0 ] (0.00000469)
[  1  0  1  2  0  0  0  0  0 ] (0.00000072)
[  1  0  1  2  0  0  0  0  1 ] (0.00000008)
[  1  0  1  2  0  0  0  1  0 ] (0.00000041)
[  1  0  1  2  0  0  1  0  0 ] (0.00000103)
[  1  0  1  2  0  1  0  0  0 ] (0.00000115)
[  1  0  1  2  1  0  0  0  0 ] (0.00001135)
[  1  0  1  3  0  0  0  0  0 ] (0.00000028)
[  1  0  2  0  0  0  0  0  0 ] (0.00008555)
[  1  0  2  0  0  0  0  0  1 ] (0.00084463)
[  1  0  2  0  0  0  0  0  2 ] (0.00078432)
[  1  0  2  0  0  0  0  1  0 ] (0.00002005)
[  1  0  2  0  0  0  0  1  1 ] (0.00013780)
[  1  0  2  0  0  0  0  2  0 ] (0.00036570)
[  1  0  2  0  0  0  1  0  0 ] (0.00023620)
[  1  0  2  0  0  0  1  0  1 ] (0.00248150)
[  1  0  2  0  0  0  1  1  0 ] (0.00165354)
[  1  0  2  0  0  0  2  0  0 ] (0.00374329)
[  1  0  2  0  0  1  0  0  0 ] (0.00001988)
[  1  0  2  0  0  1  0  0  1 ] (0.00050434)
[  1  0  2  0  0  1  0  1  0 ] (0.00161029)
[  1  0  2  0  0  1  1  0  0 ] (0.00030284)
[  1  0  2  0  0  2  0  0  0 ] (0.00268334)
[  1  0  2  0  1  0  0  0  0 ] (0.00012178)
[  1  0  2  0  1  0  0  0  1 ] (0.00118993)
[  1  0  2  0  1  0  0  1  0 ] (0.00900911)
[  1  0  2  0  1  0  1  0  0 ] (0.00073664)
[  1  0  2  0  1  1  0  0  0 ] (0.00480286)
[  1  0  2  0  2  0  0  0  0 ] (0.00267404)
[  1  0  2  1  0  0  0  0  0 ] (0.00017592)
[  1  0  2  1  0  0  0  0  1 ] (0.00024247)
[  1  0  2  1  0  0  0  1  0 ] (0.00158382)
[  1  0  2  1  0  0  1  0  0 ] (0.00002121)
[  1  0  2  1  0  1  0  0  0 ] (0.00003741)
[  1  0  2  1  1  0  0  0  0 ] (0.00643913)
[  1  0  2  2  0  0  0  0  0 ] (0.00125974)
[  1  0  3  0  0  0  0  0  0 ] (0.00048132)
[  1  0  3  0  0  0  0  0  1 ] (0.00453515)
[  1  0  3  0  0  0  0  1  0 ] (0.00027172)
[  1  0  3  0  0  0  1  0  0 ] (0.00034526)
[  1  0  3  0  0  1  0  0  0 ] (0.00041978)
[  1  0  3  0  1  0  0  0  0 ] (0.00000290)
[  1  0  3  1  0  0  0  0  0 ] (0.00034916)
[  1  0  4  0  0  0  0  0  0 ] (0.00000055)
[  1  1  0  0  0  0  0  0  0 ] (0.00000014)
[  1  1  0  0  0  0  0  0  1 ] (0.00000008)
[  1  1  0  0  0  0  0  0  2 ] (0.00000249)
[  1  1  0  0  0  0  0  0  3 ] (0.00000014)
[  1  1  0  0  0  0  0  1  0 ] (0.00000041)
[  1  1  0  0  0  0  0  1  1 ] (0.00000009)
[  1  1  0  0  0  0  0  1  2 ] (0.00000005)
[  1  1  0  0  0  0  0  2  0 ] (0.00000000)
[  1  1  0  0  0  0  0  2  1 ] (0.00000094)
[  1  1  0  0  0  0  0  3  0 ] (0.00000038)
[  1  1  0  0  0  0  1  0  0 ] (0.00000027)
[  1  1  0  0  0  0  1  0  1 ] (0.00000053)
[  1  1  0  0  0  0  1  0  2 ] (0.00000000)
[  1  1  0  0  0  0  1  1  0 ] (0.00000012)
[  1  1  0  0  0  0  1  1  1 ] (0.00000039)
[  1  1  0  0  0  0  1  2  0 ] (0.00000745)
[  1  1  0  0  0  0  2  0  0 ] (0.00000036)
[  1  1  0  0  0  0  2  0  1 ] (0.00000206)
[  1  1  0  0  0  0  2  1  0 ] (0.00000038)
[  1  1  0  0  0  0  3  0  0 ] (0.00000142)
[  1  1  0  0  0  1  0  0  0 ] (0.00000010)
[  1  1  0  0  0  1  0  0  1 ] (0.00000248)
[  1  1  0  0  0  1  0  0  2 ] (0.00000179)
[  1  1  0  0  0  1  0  1  0 ] (0.00000008)
[  1  1  0  0  0  1  0  1  1 ] (0.00000001)
[  1  1  0  0  0  1  0  2  0 ] (0.00000048)
[  1  1  0  0  0  1  1  0  0 ] (0.00000077)
[  1  1  0  0  0  1  1  0  1 ] (0.00000128)
[  1  1  0  0  0  1  1  1  0 ] (0.00000010)
[  1  1  0  0  0  1  2  0  0 ] (0.00000028)
[  1  1  0  0  0  2  0  0  0 ] (0.00000003)
[  1  1  0  0  0  2  0  0  1 ] (0.00000031)
[  1  1  0  0  0  2  0  1  0 ] (0.00000160)
[  1  1  0  0  0  2  1  0  0 ] (0.00000099)
[  1  1  0  0  0  3  0  0  0 ] (0.00000055)
[  1  1  0  0  1  0  0  0  0 ] (0.00000000)
[  1  1  0  0  1  0  0  0  1 ] (0.00000001)
[  1  1  0  0  1  0  0  0  2 ] (0.00000007)
[  1  1  0  0  1  0  0  1  0 ] (0.00000002)
[  1  1  0  0  1  0  0  1  1 ] (0.00000005)
[  1  1  0  0  1  0  0  2  0 ] (0.00000228)
[  1  1  0  0  1  0  1  0  0 ] (0.00000053)
[  1  1  0  0  1  0  1  0  1 ] (0.00000164)
[  1  1  0  0  1  0  1  1  0 ] (0.00000486)
[  1  1  0  0  1  0  2  0  0 ] (0.00000289)
[  1  1  0  0  1  1  0  0  0 ] (0.00000001)
[  1  1  0  0  1  1  0  0  1 ] (0.00000023)
[  1  1  0  0  1  1  0  1  0 ] (0.00000077)
[  1  1  0  0  1  1  1  0  0 ] (0.00000212)
[  1  1  0  0  1  2  0  0  0 ] (0.00000393)
[  1  1  0  0  2  0  0  0  0 ] (0.00000000)
[  1  1  0  0  2  0  0  0  1 ] (0.00000005)
[  1  1  0  0  2  0  0  1  0 ] (0.00000021)
[  1  1  0  0  2  0  1  0  0 ] (0.00000054)
[  1  1  0  0  2  1  0  0  0 ] (0.00000356)
[  1  1  0  0  3  0  0  0  0 ] (0.00000003)
[  1  1  0  1  0  0  0  0  0 ] (0.00000005)
[  1  1  0  1  0  0  0  0  1 ] (0.00000057)
[  1  1  0  1  0  0  0  0  2 ] (0.00000056)
[  1  1  0  1  0  0  0  1  0 ] (0.00000039)
[  1  1  0  1  0  0  0  1  1 ] (0.00000008)
[  1  1  0  1  0  0  0  2  0 ] (0.00000075)
[  1  1  0  1  0  0  1  0  0 ] (0.00000027)
[  1  1  0  1  0  0  1  0  1 ] (0.00000025)
[  1  1  0  1  0  0  1  1  0 ] (0.00000155)
[  1  1  0  1  0  0  2  0  0 ] (0.00000624)
[  1  1  0  1  0  1  0  0  0 ] (0.00000048)
[  1  1  0  1  0  1  0  0  1 ] (0.00000022)
[  1  1  0  1  0  1  0  1  0 ] (0.00000003)
[  1  1  0  1  0  1  1  0  0 ] (0.00000121)
[  1  1  0  1  0  2  0  0  0 ] (0.00000003)
[  1  1  0  1  1  0  0  0  0 ] (0.00000000)
[  1  1  0  1  1  0  0  0  1 ] (0.00000014)
[  1  1  0  1  1  0  0  1  0 ] (0.00000003)
[  1  1  0  1  1  0  1  0  0 ] (0.00000815)
[  1  1  0  1  1  1  0  0  0 ] (0.00000485)
[  1  1  0  1  2  0  0  0  0 ] (0.00000319)
[  1  1  0  2  0  0  0  0  0 ] (0.00000002)
[  1  1  0  2  0  0  0  0  1 ] (0.00000040)
[  1  1  0  2  0  0  0  1  0 ] (0.00002967)
[  1  1  0  2  0  0  1  0  0 ] (0.00000100)
[  1  1  0  2  0  1  0  0  0 ] (0.00000296)
[  1  1  0  2  1  0  0  0  0 ] (0.00000368)
[  1  1  0  3  0  0  0  0  0 ] (0.00000002)
[  1  1  1  0  0  0  0  0  0 ] (0.00012612)
[  1  1  1  0  0  0  0  0  1 ] (0.00041086)
[  1  1  1  0  0  0  0  0  2 ] (0.00106332)
[  1  1  1  0  0  0  0  1  0 ] (0.00002708)
[  1  1  1  0  0  0  0  1  1 ] (0.00255902)
[  1  1  1  0  0  0  0  2  0 ] (0.00657946)
[  1  1  1  0  0  0  1  0  0 ] (0.00000103)
[  1  1  1  0  0  0  1  0  1 ] (0.00498951)
[  1  1  1  0  0  0  1  1  0 ] (0.00344031)
[  1  1  1  0  0  0  2  0  0 ] (0.01469979)
[  1  1  1  0  0  1  0  0  0 ] (0.00016303)
[  1  1  1  0  0  1  0  0  1 ] (0.00099526)
[  1  1  1  0  0  1  0  1  0 ] (0.00332220)
[  1  1  1  0  0  1  1  0  0 ] (0.00136504)
[  1  1  1  0  0  2  0  0  0 ] (0.00180477)
[  1  1  1  0  1  0  0  0  0 ] (0.00033508)
[  1  1  1  0  1  0  0  0  1 ] (0.00229398)
[  1  1  1  0  1  0  0  1  0 ] (0.00039017)
[  1  1  1  0  1  0  1  0  0 ] (0.00003337)
[  1  1  1  0  1  1  0  0  0 ] (0.00005723)
[  1  1  1  0  2  0  0  0  0 ] (0.00201601)
[  1  1  1  1  0  0  0  0  0 ] (0.00034293)
[  1  1  1  1  0  0  0  0  1 ] (0.01433264)
[  1  1  1  1  0  0  0  1  0 ] (0.00577306)
[  1  1  1  1  0  0  1  0  0 ] (0.00000011)
[  1  1  1  1  0  1  0  0  0 ] (0.00031549)
[  1  1  1  1  1  0  0  0  0 ] (0.00000075)
[  1  1  1  2  0  0  0  0  0 ] (0.00051414)
[  1  1  2  0  0  0  0  0  0 ] (0.00000001)
[  1  1  2  0  0  0  0  0  1 ] (0.00000264)
[  1  1  2  0  0  0  0  1  0 ] (0.00000172)
[  1  1  2  0  0  0  1  0  0 ] (0.00000146)
[  1  1  2  0  0  1  0  0  0 ] (0.00000005)
[  1  1  2  0  1  0  0  0  0 ] (0.00000026)
[  1  1  2  1  0  0  0  0  0 ] (0.00000026)
[  1  1  3  0  0  0  0  0  0 ] (0.00000060)
[  1  2  0  0  0  0  0  0  0 ] (0.00027717)
[  1  2  0  0  0  0  0  0  1 ] (0.00057236)
[  1  2  0  0  0  0  0  0  2 ] (0.00000502)
[  1  2  0  0  0  0  0  1  0 ] (0.00000677)
[  1  2  0  0  0  0  0  1  1 ] (0.00131473)
[  1  2  0  0  0  0  0  2  0 ] (0.00185407)
[  1  2  0  0  0  0  1  0  0 ] (0.00000068)
[  1  2  0  0  0  0  1  0  1 ] (0.00210958)
[  1  2  0  0  0  0  1  1  0 ] (0.00155370)
[  1  2  0  0  0  0  2  0  0 ] (0.00403153)
[  1  2  0  0  0  1  0  0  0 ] (0.00001508)
[  1  2  0  0  0  1  0  0  1 ] (0.00071493)
[  1  2  0  0  0  1  0  1  0 ] (0.00190979)
[  1  2  0  0  0  1  1  0  0 ] (0.00055444)
[  1  2  0  0  0  2  0  0  0 ] (0.00125918)
[  1  2  0  0  1  0  0  0  0 ] (0.00003626)
[  1  2  0  0  1  0  0  0  1 ] (0.00158453)
[  1  2  0  0  1  0  0  1  0 ] (0.00003018)
[  1  2  0  0  1  0  1  0  0 ] (0.00026814)
[  1  2  0  0  1  1  0  0  0 ] (0.00698389)
[  1  2  0  0  2  0  0  0  0 ] (0.00000305)
[  1  2  0  1  0  0  0  0  0 ] (0.00019941)
[  1  2  0  1  0  0  0  0  1 ] (0.00553533)
[  1  2  0  1  0  0  0  1  0 ] (0.00435238)
[  1  2  0  1  0  0  1  0  0 ] (0.00000450)
[  1  2  0  1  0  1  0  0  0 ] (0.00020441)
[  1  2  0  1  1  0  0  0  0 ] (0.00485169)
[  1  2  0  2  0  0  0  0  0 ] (0.00000266)
[  1  2  1  0  0  0  0  0  0 ] (0.00000075)
[  1  2  1  0  0  0  0  0  1 ] (0.00000387)
[  1  2  1  0  0  0  0  1  0 ] (0.00000429)
[  1  2  1  0  0  0  1  0  0 ] (0.00000217)
[  1  2  1  0  0  1  0  0  0 ] (0.00000006)
[  1  2  1  0  1  0  0  0  0 ] (0.00000001)
[  1  2  1  1  0  0  0  0  0 ] (0.00000009)
[  1  2  2  0  0  0  0  0  0 ] (0.00224543)
[  1  3  0  0  0  0  0  0  0 ] (0.00000042)
[  1  3  0  0  0  0  0  0  1 ] (0.00000080)
[  1  3  0  0  0  0  0  1  0 ] (0.00017686)
[  1  3  0  0  0  0  1  0  0 ] (0.00003954)
[  1  3  0  0  0  1  0  0  0 ] (0.00000702)
[  1  3  0  0  1  0  0  0  0 ] (0.00000427)
[  1  3  0  1  0  0  0  0  0 ] (0.00017749)
[  1  3  1  0  0  0  0  0  0 ] (0.00000000)
[  1  4  0  0  0  0  0  0  0 ] (0.00000003)
[  2  0  0  0  0  0  0  0  0 ] (0.00000014)
[  2  0  0  0  0  0  0  0  1 ] (0.00000054)
[  2  0  0  0  0  0  0  0  2 ] (0.00000000)
[  2  0  0  0  0  0  0  0  3 ] (0.00000000)
[  2  0  0  0  0  0  0  1  0 ] (0.00000010)
[  2  0  0  0  0  0  0  1  1 ] (0.00000007)
[  2  0  0  0  0  0  0  1  2 ] (0.00000000)
[  2  0  0  0  0  0  0  2  0 ] (0.00000001)
[  2  0  0  0  0  0  0  2  1 ] (0.00000028)
[  2  0  0  0  0  0  0  3  0 ] (0.00000002)
[  2  0  0  0  0  0  1  0  0 ] (0.00000202)
[  2  0  0  0  0  0  1  0  1 ] (0.00000400)
[  2  0  0  0  0  0  1  0  2 ] (0.00000264)
[  2  0  0  0  0  0  1  1  0 ] (0.00000000)
[  2  0  0  0  0  0  1  1  1 ] (0.00000007)
[  2  0  0  0  0  0  1  2  0 ] (0.00000233)
[  2  0  0  0  0  0  2  0  0 ] (0.00000003)
[  2  0  0  0  0  0  2  0  1 ] (0.00000271)
[  2  0  0  0  0  0  2  1  0 ] (0.00001134)
[  2  0  0  0  0  0  3  0  0 ] (0.00000192)
[  2  0  0  0  0  1  0  0  0 ] (0.00000004)
[  2  0  0  0  0  1  0  0  1 ] (0.00000013)
[  2  0  0  0  0  1  0  0  2 ] (0.00000030)
[  2  0  0  0  0  1  0  1  0 ] (0.00000054)
[  2  0  0  0  0  1  0  1  1 ] (0.00000003)
[  2  0  0  0  0  1  0  2  0 ] (0.00000155)
[  2  0  0  0  0  1  1  0  0 ] (0.00000014)
[  2  0  0  0  0  1  1  0  1 ] (0.00000023)
[  2  0  0  0  0  1  1  1  0 ] (0.00000080)
[  2  0  0  0  0  1  2  0  0 ] (0.00000147)
[  2  0  0  0  0  2  0  0  0 ] (0.00000005)
[  2  0  0  0  0  2  0  0  1 ] (0.00000019)
[  2  0  0  0  0  2  0  1  0 ] (0.00000064)
[  2  0  0  0  0  2  1  0  0 ] (0.00000151)
[  2  0  0  0  0  3  0  0  0 ] (0.00000015)
[  2  0  0  0  1  0  0  0  0 ] (0.00000000)
[  2  0  0  0  1  0  0  0  1 ] (0.00000050)
[  2  0  0  0  1  0  0  0  2 ] (0.00000041)
[  2  0  0  0  1  0  0  1  0 ] (0.00000010)
[  2  0  0  0  1  0  0  1  1 ] (0.00000000)
[  2  0  0  0  1  0  0  2  0 ] (0.00000080)
[  2  0  0  0  1  0  1  0  0 ] (0.00000047)
[  2  0  0  0  1  0  1  0  1 ] (0.00000007)
[  2  0  0  0  1  0  1  1  0 ] (0.00000175)
[  2  0  0  0  1  0  2  0  0 ] (0.00000029)
[  2  0  0  0  1  1  0  0  0 ] (0.00000018)
[  2  0  0  0  1  1  0  0  1 ] (0.00000006)
[  2  0  0  0  1  1  0  1  0 ] (0.00000020)
[  2  0  0  0  1  1  1  0  0 ] (0.00000002)
[  2  0  0  0  1  2  0  0  0 ] (0.00000010)
[  2  0  0  0  2  0  0  0  0 ] (0.00000001)
[  2  0  0  0  2  0  0  0  1 ] (0.00000002)
[  2  0  0  0  2  0  0  1  0 ] (0.00000010)
[  2  0  0  0  2  0  1  0  0 ] (0.00000028)
[  2  0  0  0  2  1  0  0  0 ] (0.00000304)
[  2  0  0  0  3  0  0  0  0 ] (0.00000053)
[  2  0  0  1  0  0  0  0  0 ] (0.00000032)
[  2  0  0  1  0  0  0  0  1 ] (0.00000075)
[  2  0  0  1  0  0  0  0  2 ] (0.00000003)
[  2  0  0  1  0  0  0  1  0 ] (0.00000000)
[  2  0  0  1  0  0  0  1  1 ] (0.00000002)
[  2  0  0  1  0  0  0  2  0 ] (0.00000559)
[  2  0  0  1  0  0  1  0  0 ] (0.00000063)
[  2  0  0  1  0  0  1  0  1 ] (0.00000049)
[  2  0  0  1  0  0  1  1  0 ] (0.00000051)
[  2  0  0  1  0  0  2  0  0 ] (0.00000299)
[  2  0  0  1  0  1  0  0  0 ] (0.00000032)
[  2  0  0  1  0  1  0  0  1 ] (0.00000007)
[  2  0  0  1  0  1  0  1  0 ] (0.00000143)
[  2  0  0  1  0  1  1  0  0 ] (0.00000005)
[  2  0  0  1  0  2  0  0  0 ] (0.00000001)
[  2  0  0  1  1  0  0  0  0 ] (0.00000019)
[  2  0  0  1  1  0  0  0  1 ] (0.00000089)
[  2  0  0  1  1  0  0  1  0 ] (0.00000187)
[  2  0  0  1  1  0  1  0  0 ] (0.00000004)
[  2  0  0  1  1  1  0  0  0 ] (0.00000404)
[  2  0  0  1  2  0  0  0  0 ] (0.00000481)
[  2  0  0  2  0  0  0  0  0 ] (0.00000105)
[  2  0  0  2  0  0  0  0  1 ] (0.00000006)
[  2  0  0  2  0  0  0  1  0 ] (0.00000784)
[  2  0  0  2  0  0  1  0  0 ] (0.00000050)
[  2  0  0  2  0  1  0  0  0 ] (0.00000821)
[  2  0  0  2  1  0  0  0  0 ] (0.00001350)
[  2  0  0  3  0  0  0  0  0 ] (0.00000028)
[  2  0  1  0  0  0  0  0  0 ] (0.00026380)
[  2  0  1  0  0  0  0  0  1 ] (0.00008925)
[  2  0  1  0  0  0  0  0  2 ] (0.00020351)
[  2  0  1  0  0  0  0  1  0 ] (0.00013900)
[  2  0  1  0  0  0  0  1  1 ] (0.00189712)
[  2  0  1  0  0  0  0  2  0 ] (0.00030277)
[  2  0  1  0  0  0  1  0  0 ] (0.00000202)
[  2  0  1  0  0  0  1  0  1 ] (0.00212552)
[  2  0  1  0  0  0  1  1  0 ] (0.00296343)
[  2  0  1  0  0  0  2  0  0 ] (0.00113427)
[  2  0  1  0  0  1  0  0  0 ] (0.00000500)
[  2  0  1  0  0  1  0  0  1 ] (0.00010204)
[  2  0  1  0  0  1  0  1  0 ] (0.00000570)
[  2  0  1  0  0  1  1  0  0 ] (0.00157349)
[  2  0  1  0  0  2  0  0  0 ] (0.00057484)
[  2  0  1  0  1  0  0  0  0 ] (0.00001189)
[  2  0  1  0  1  0  0  0  1 ] (0.00155105)
[  2  0  1  0  1  0  0  1  0 ] (0.00023442)
[  2  0  1  0  1  0  1  0  0 ] (0.00022660)
[  2  0  1  0  1  1  0  0  0 ] (0.00692055)
[  2  0  1  0  2  0  0  0  0 ] (0.00005548)
[  2  0  1  1  0  0  0  0  0 ] (0.00003831)
[  2  0  1  1  0  0  0  0  1 ] (0.01014414)
[  2  0  1  1  0  0  0  1  0 ] (0.00111242)
[  2  0  1  1  0  0  1  0  0 ] (0.00145589)
[  2  0  1  1  0  1  0  0  0 ] (0.00120219)
[  2  0  1  1  1  0  0  0  0 ] (0.00082859)
[  2  0  1  2  0  0  0  0  0 ] (0.00241989)
[  2  0  2  0  0  0  0  0  0 ] (0.00000005)
[  2  0  2  0  0  0  0  0  1 ] (0.00000132)
[  2  0  2  0  0  0  0  1  0 ] (0.00000227)
[  2  0  2  0  0  0  1  0  0 ] (0.00001061)
[  2  0  2  0  0  1  0  0  0 ] (0.00000269)
[  2  0  2  0  1  0  0  0  0 ] (0.00000238)
[  2  0  2  1  0  0  0  0  0 ] (0.00000207)
[  2  0  3  0  0  0  0  0  0 ] (0.00000009)
[  2  1  0  0  0  0  0  0  0 ] (0.00020074)
[  2  1  0  0  0  0  0  0  1 ] (0.00054732)
[  2  1  0  0  0  0  0  0  2 ] (0.00548619)
[  2  1  0  0  0  0  0  1  0 ] (0.00006769)
[  2  1  0  0  0  0  0  1  1 ] (0.00292065)
[  2  1  0  0  0  0  0  2  0 ] (0.00127620)
[  2  1  0  0  0  0  1  0  0 ] (0.00035260)
[  2  1  0  0  0  0  1  0  1 ] (0.00471261)
[  2  1  0  0  0  0  1  1  0 ] (0.00172670)
[  2  1  0  0  0  0  2  0  0 ] (0.00001990)
[  2  1  0  0  0  1  0  0  0 ] (0.00018238)
[  2  1  0  0  0  1  0  0  1 ] (0.00063315)
[  2  1  0  0  0  1  0  1  0 ] (0.00047095)
[  2  1  0  0  0  1  1  0  0 ] (0.01290555)
[  2  1  0  0  0  2  0  0  0 ] (0.00139421)
[  2  1  0  0  1  0  0  0  0 ] (0.00015347)
[  2  1  0  0  1  0  0  0  1 ] (0.00892804)
[  2  1  0  0  1  0  0  1  0 ] (0.00026036)
[  2  1  0  0  1  0  1  0  0 ] (0.00061403)
[  2  1  0  0  1  1  0  0  0 ] (0.00549162)
[  2  1  0  0  2  0  0  0  0 ] (0.00000452)
[  2  1  0  1  0  0  0  0  0 ] (0.00075416)
[  2  1  0  1  0  0  0  0  1 ] (0.01881053)
[  2  1  0  1  0  0  0  1  0 ] (0.00023464)
[  2  1  0  1  0  0  1  0  0 ] (0.00244971)
[  2  1  0  1  0  1  0  0  0 ] (0.00076317)
[  2  1  0  1  1  0  0  0  0 ] (0.00230184)
[  2  1  0  2  0  0  0  0  0 ] (0.00021718)
[  2  1  1  0  0  0  0  0  0 ] (0.00000222)
[  2  1  1  0  0  0  0  0  1 ] (0.00000558)
[  2  1  1  0  0  0  0  1  0 ] (0.00000031)
[  2  1  1  0  0  0  1  0  0 ] (0.00000048)
[  2  1  1  0  0  1  0  0  0 ] (0.00000051)
[  2  1  1  0  1  0  0  0  0 ] (0.00000052)
[  2  1  1  1  0  0  0  0  0 ] (0.00000003)
[  2  1  2  0  0  0  0  0  0 ] (0.00081068)
[  2  2  0  0  0  0  0  0  0 ] (0.00000049)
[  2  2  0  0  0  0  0  0  1 ] (0.00000121)
[  2  2  0  0  0  0  0  1  0 ] (0.00000224)
[  2  2  0  0  0  0  1  0  0 ] (0.00000037)
[  2  2  0  0  0  1  0  0  0 ] (0.00000004)
[  2  2  0  0  1  0  0  0  0 ] (0.00000004)
[  2  2  0  1  0  0  0  0  0 ] (0.00000083)
[  2  2  1  0  0  0  0  0  0 ] (0.00138951)
[  2  3  0  0  0  0  0  0  0 ] (0.00000007)
[  3  0  0  0  0  0  0  0  0 ] (0.00000001)
[  3  0  0  0  0  0  0  0  1 ] (0.00000003)
[  3  0  0  0  0  0  0  0  2 ] (0.00000006)
[  3  0  0  0  0  0  0  1  0 ] (0.00000000)
[  3  0  0  0  0  0  0  1  1 ] (0.00000028)
[  3  0  0  0  0  0  0  2  0 ] (0.00000000)
[  3  0  0  0  0  0  1  0  0 ] (0.00000044)
[  3  0  0  0  0  0  1  0  1 ] (0.00000267)
[  3  0  0  0  0  0  1  1  0 ] (0.00000055)
[  3  0  0  0  0  0  2  0  0 ] (0.00000017)
[  3  0  0  0  0  1  0  0  0 ] (0.00000013)
[  3  0  0  0  0  1  0  0  1 ] (0.00000292)
[  3  0  0  0  0  1  0  1  0 ] (0.00000019)
[  3  0  0  0  0  1  1  0  0 ] (0.00000454)
[  3  0  0  0  0  2  0  0  0 ] (0.00000006)
[  3  0  0  0  1  0  0  0  0 ] (0.00000007)
[  3  0  0  0  1  0  0  0  1 ] (0.00000082)
[  3  0  0  0  1  0  0  1  0 ] (0.00000019)
[  3  0  0  0  1  0  1  0  0 ] (0.00000048)
[  3  0  0  0  1  1  0  0  0 ] (0.00000025)
[  3  0  0  0  2  0  0  0  0 ] (0.00000011)
[  3  0  0  1  0  0  0  0  0 ] (0.00000001)
[  3  0  0  1  0  0  0  0  1 ] (0.00000001)
[  3  0  0  1  0  0  0  1  0 ] (0.00000037)
[  3  0  0  1  0  0  1  0  0 ] (0.00000000)
[  3  0  0  1  0  1  0  0  0 ] (0.00000021)
[  3  0  0  1  1  0  0  0  0 ] (0.00000000)
[  3  0  0  2  0  0  0  0  0 ] (0.00000006)
[  3  0  1  0  0  0  0  0  0 ] (0.00104736)
[  3  0  1  0  0  0  0  0  1 ] (0.00779061)
[  3  0  1  0  0  0  0  1  0 ] (0.00005640)
[  3  0  1  0  0  0  1  0  0 ] (0.00001004)
[  3  0  1  0  0  1  0  0  0 ] (0.00000015)
[  3  0  1  0  1  0  0  0  0 ] (0.00001441)
[  3  0  1  1  0  0  0  0  0 ] (0.00016650)
[  3  0  2  0  0  0  0  0  0 ] (0.00000010)
[  3  1  0  0  0  0  0  0  0 ] (0.00039379)
[  3  1  0  0  0  0  0  0  1 ] (0.00379809)
[  3  1  0  0  0  0  0  1  0 ] (0.00005499)
[  3  1  0  0  0  0  1  0  0 ] (0.00000019)
[  3  1  0  0  0  1  0  0  0 ] (0.00005023)
[  3  1  0  0  1  0  0  0  0 ] (0.00004181)
[  3  1  0  1  0  0  0  0  0 ] (0.00006013)
[  3  1  1  0  0  0  0  0  0 ] (0.00000004)
[  3  2  0  0  0  0  0  0  0 ] (0.00000001)
[  4  0  0  0  0  0  0  0  0 ] (0.00024184)
[  4  0  0  0  0  0  0  0  1 ] (0.00265963)
[  4  0  0  0  0  0  0  1  0 ] (0.00026781)
[  4  0  0  0  0  0  1  0  0 ] (0.00013251)
[  4  0  0  0  0  1  0  0  0 ] (0.00009950)
[  4  0  0  0  1  0  0  0  0 ] (0.00006388)
[  4  0  0  1  0  0  0  0  0 ] (0.00144374)
[  4  0  1  0  0  0  0  0  0 ] (0.00000226)
[  4  1  0  0  0  0  0  0  0 ] (0.00000052)
[  5  0  0  0  0  0  0  0  0 ] (0.00000015)
