|  -936.645031571051 |   182.989213180955 

[  0  0  0  0  0  0  0  0  0 ] (0.00000700)
[  0  0  0  0  0  0  0  0  1 ] (0.00001322)
[  0  0  0  0  0  0  0  0  2 ] (0.00017939)
[  0  0  0  0  0  0  0  0  3 ] (0.00045615)
[  0  0  0  0  0  0  0  0  4 ] (0.00000931)
[  0  0  0  0  0  0  0  0  5 ] (0.00000316)
[  0  0  0  0  0  0  0  1  0 ] (0.00007693)
[  0  0  0  0  0  0  0  1  1 ] (0.00184755)
[  0  0  0  0  0  0  0  1  2 ] (0.00012421)
[  0  0  0  0  0  0  0  1  3 ] (0.00000055)
[  0  0  0  0  0  0  0  1  4 ] (0.00002502)
[  0  0  0  0  0  0  0  2  0 ] (0.00000402)
[  0  0  0  0  0  0  0  2  1 ] (0.03904267)
[  0  0  0  0  0  0  0  2  2 ] (0.00003937)
[  0  0  0  0  0  0  0  2  3 ] (0.00000754)
[  0  0  0  0  0  0  0  3  0 ] (0.00002901)
[  0  0  0  0  0  0  0  3  1 ] (0.00340195)
[  0  0  0  0  0  0  0  3  2 ] (0.00008594)
[  0  0  0  0  0  0  0  4  0 ] (0.00173011)
[  0  0  0  0  0  0  0  4  1 ] (0.00008803)
[  0  0  0  0  0  0  0  5  0 ] (0.00020175)
[  0  0  0  0  0  0  1  0  0 ] (0.00000178)
[  0  0  0  0  0  0  1  0  1 ] (0.00030798)
[  0  0  0  0  0  0  1  0  2 ] (0.00451868)
[  0  0  0  0  0  0  1  0  3 ] (0.00002240)
[  0  0  0  0  0  0  1  0  4 ] (0.00000244)
[  0  0  0  0  0  0  1  1  0 ] (0.00000089)
[  0  0  0  0  0  0  1  1  1 ] (0.00024919)
[  0  0  0  0  0  0  1  1  2 ] (0.00027635)
[  0  0  0  0  0  0  1  1  3 ] (0.00000279)
[  0  0  0  0  0  0  1  2  0 ] (0.00006977)
[  0  0  0  0  0  0  1  2  1 ] (0.00006537)
[  0  0  0  0  0  0  1  2  2 ] (0.00000215)
[  0  0  0  0  0  0  1  3  0 ] (0.00057695)
[  0  0  0  0  0  0  1  3  1 ] (0.00000090)
[  0  0  0  0  0  0  1  4  0 ] (0.00000083)
[  0  0  0  0  0  0  2  0  0 ] (0.00007488)
[  0  0  0  0  0  0  2  0  1 ] (0.00000000)
[  0  0  0  0  0  0  2  0  2 ] (0.00000122)
[  0  0  0  0  0  0  2  0  3 ] (0.00000066)
[  0  0  0  0  0  0  2  1  0 ] (0.00101958)
[  0  0  0  0  0  0  2  1  1 ] (0.00000000)
[  0  0  0  0  0  0  2  1  2 ] (0.00001291)
[  0  0  0  0  0  0  2  2  0 ] (0.03567021)
[  0  0  0  0  0  0  2  2  1 ] (0.00355550)
[  0  0  0  0  0  0  2  3  0 ] (0.00022695)
[  0  0  0  0  0  0  3  0  0 ] (0.00014332)
[  0  0  0  0  0  0  3  0  1 ] (0.00001825)
[  0  0  0  0  0  0  3  0  2 ] (0.00000288)
[  0  0  0  0  0  0  3  1  0 ] (0.00241628)
[  0  0  0  0  0  0  3  1  1 ] (0.00001136)
[  0  0  0  0  0  0  3  2  0 ] (0.00008029)
[  0  0  0  0  0  0  4  0  0 ] (0.00035025)
[  0  0  0  0  0  0  4  0  1 ] (0.00007252)
[  0  0  0  0  0  0  4  1  0 ] (0.00001508)
[  0  0  0  0  0  0  5  0  0 ] (0.00000966)
[  0  0  0  0  0  1  0  0  0 ] (0.00001967)
[  0  0  0  0  0  1  0  0  1 ] (0.00069077)
[  0  0  0  0  0  1  0  0  2 ] (0.00509849)
[  0  0  0  0  0  1  0  0  3 ] (0.00003119)
[  0  0  0  0  0  1  0  0  4 ] (0.00004524)
[  0  0  0  0  0  1  0  1  0 ] (0.00022116)
[  0  0  0  0  0  1  0  1  1 ] (0.00103915)
[  0  0  0  0  0  1  0  1  2 ] (0.00000149)
[  0  0  0  0  0  1  0  1  3 ] (0.00001307)
[  0  0  0  0  0  1  0  2  0 ] (0.00000451)
[  0  0  0  0  0  1  0  2  1 ] (0.00008284)
[  0  0  0  0  0  1  0  2  2 ] (0.00000020)
[  0  0  0  0  0  1  0  3  0 ] (0.00313457)
[  0  0  0  0  0  1  0  3  1 ] (0.00000023)
[  0  0  0  0  0  1  0  4  0 ] (0.00008964)
[  0  0  0  0  0  1  1  0  0 ] (0.00002134)
[  0  0  0  0  0  1  1  0  1 ] (0.00003920)
[  0  0  0  0  0  1  1  0  2 ] (0.00001059)
[  0  0  0  0  0  1  1  0  3 ] (0.00000631)
[  0  0  0  0  0  1  1  1  0 ] (0.00030232)
[  0  0  0  0  0  1  1  1  1 ] (0.00004352)
[  0  0  0  0  0  1  1  1  2 ] (0.00000101)
[  0  0  0  0  0  1  1  2  0 ] (0.00005069)
[  0  0  0  0  0  1  1  2  1 ] (0.00000594)
[  0  0  0  0  0  1  1  3  0 ] (0.00002441)
[  0  0  0  0  0  1  2  0  0 ] (0.00002563)
[  0  0  0  0  0  1  2  0  1 ] (0.00000273)
[  0  0  0  0  0  1  2  0  2 ] (0.00000072)
[  0  0  0  0  0  1  2  1  0 ] (0.00028371)
[  0  0  0  0  0  1  2  1  1 ] (0.00002758)
[  0  0  0  0  0  1  2  2  0 ] (0.00009151)
[  0  0  0  0  0  1  3  0  0 ] (0.00036191)
[  0  0  0  0  0  1  3  0  1 ] (0.00008129)
[  0  0  0  0  0  1  3  1  0 ] (0.00000555)
[  0  0  0  0  0  1  4  0  0 ] (0.00028306)
[  0  0  0  0  0  2  0  0  0 ] (0.00002665)
[  0  0  0  0  0  2  0  0  1 ] (0.00004487)
[  0  0  0  0  0  2  0  0  2 ] (0.00003365)
[  0  0  0  0  0  2  0  0  3 ] (0.00000352)
[  0  0  0  0  0  2  0  1  0 ] (0.00103675)
[  0  0  0  0  0  2  0  1  1 ] (0.00026286)
[  0  0  0  0  0  2  0  1  2 ] (0.00000351)
[  0  0  0  0  0  2  0  2  0 ] (0.00659807)
[  0  0  0  0  0  2  0  2  1 ] (0.00016177)
[  0  0  0  0  0  2  0  3  0 ] (0.00016150)
[  0  0  0  0  0  2  1  0  0 ] (0.00012557)
[  0  0  0  0  0  2  1  0  1 ] (0.00046878)
[  0  0  0  0  0  2  1  0  2 ] (0.00000016)
[  0  0  0  0  0  2  1  1  0 ] (0.00019026)
[  0  0  0  0  0  2  1  1  1 ] (0.00004646)
[  0  0  0  0  0  2  1  2  0 ] (0.00034034)
[  0  0  0  0  0  2  2  0  0 ] (0.00097877)
[  0  0  0  0  0  2  2  0  1 ] (0.00014282)
[  0  0  0  0  0  2  2  1  0 ] (0.00000389)
[  0  0  0  0  0  2  3  0  0 ] (0.00003383)
[  0  0  0  0  0  3  0  0  0 ] (0.00005547)
[  0  0  0  0  0  3  0  0  1 ] (0.00003759)
[  0  0  0  0  0  3  0  0  2 ] (0.00001566)
[  0  0  0  0  0  3  0  1  0 ] (0.01033551)
[  0  0  0  0  0  3  0  1  1 ] (0.00032906)
[  0  0  0  0  0  3  0  2  0 ] (0.00060880)
[  0  0  0  0  0  3  1  0  0 ] (0.00077518)
[  0  0  0  0  0  3  1  0  1 ] (0.00006398)
[  0  0  0  0  0  3  1  1  0 ] (0.00000567)
[  0  0  0  0  0  3  2  0  0 ] (0.00001248)
[  0  0  0  0  0  4  0  0  0 ] (0.00075387)
[  0  0  0  0  0  4  0  0  1 ] (0.00015603)
[  0  0  0  0  0  4  0  1  0 ] (0.00004594)
[  0  0  0  0  0  4  1  0  0 ] (0.00010540)
[  0  0  0  0  0  5  0  0  0 ] (0.00004027)
[  0  0  0  0  1  0  0  0  0 ] (0.00001153)
[  0  0  0  0  1  0  0  0  1 ] (0.00004223)
[  0  0  0  0  1  0  0  0  2 ] (0.00405138)
[  0  0  0  0  1  0  0  0  3 ] (0.00008375)
[  0  0  0  0  1  0  0  0  4 ] (0.00000170)
[  0  0  0  0  1  0  0  1  0 ] (0.00000557)
[  0  0  0  0  1  0  0  1  1 ] (0.00037826)
[  0  0  0  0  1  0  0  1  2 ] (0.00018447)
[  0  0  0  0  1  0  0  1  3 ] (0.00004968)
[  0  0  0  0  1  0  0  2  0 ] (0.00001266)
[  0  0  0  0  1  0  0  2  1 ] (0.00000009)
[  0  0  0  0  1  0  0  2  2 ] (0.00003233)
[  0  0  0  0  1  0  0  3  0 ] (0.00089244)
[  0  0  0  0  1  0  0  3  1 ] (0.00003291)
[  0  0  0  0  1  0  0  4  0 ] (0.00000091)
[  0  0  0  0  1  0  1  0  0 ] (0.00009015)
[  0  0  0  0  1  0  1  0  1 ] (0.00082423)
[  0  0  0  0  1  0  1  0  2 ] (0.00001212)
[  0  0  0  0  1  0  1  0  3 ] (0.00002725)
[  0  0  0  0  1  0  1  1  0 ] (0.00000834)
[  0  0  0  0  1  0  1  1  1 ] (0.00033770)
[  0  0  0  0  1  0  1  1  2 ] (0.00000036)
[  0  0  0  0  1  0  1  2  0 ] (0.00113593)
[  0  0  0  0  1  0  1  2  1 ] (0.00001276)
[  0  0  0  0  1  0  1  3  0 ] (0.00011161)
[  0  0  0  0  1  0  2  0  0 ] (0.00008698)
[  0  0  0  0  1  0  2  0  1 ] (0.00000142)
[  0  0  0  0  1  0  2  0  2 ] (0.00000010)
[  0  0  0  0  1  0  2  1  0 ] (0.00007376)
[  0  0  0  0  1  0  2  1  1 ] (0.00000040)
[  0  0  0  0  1  0  2  2  0 ] (0.00000387)
[  0  0  0  0  1  0  3  0  0 ] (0.00000074)
[  0  0  0  0  1  0  3  0  1 ] (0.00000002)
[  0  0  0  0  1  0  3  1  0 ] (0.00000302)
[  0  0  0  0  1  0  4  0  0 ] (0.00045041)
[  0  0  0  0  1  1  0  0  0 ] (0.00000019)
[  0  0  0  0  1  1  0  0  1 ] (0.00027491)
[  0  0  0  0  1  1  0  0  2 ] (0.00000158)
[  0  0  0  0  1  1  0  0  3 ] (0.00001007)
[  0  0  0  0  1  1  0  1  0 ] (0.00039545)
[  0  0  0  0  1  1  0  1  1 ] (0.00000563)
[  0  0  0  0  1  1  0  1  2 ] (0.00000671)
[  0  0  0  0  1  1  0  2  0 ] (0.00013914)
[  0  0  0  0  1  1  0  2  1 ] (0.00000021)
[  0  0  0  0  1  1  0  3  0 ] (0.00002016)
[  0  0  0  0  1  1  1  0  0 ] (0.00007976)
[  0  0  0  0  1  1  1  0  1 ] (0.00005523)
[  0  0  0  0  1  1  1  0  2 ] (0.00000101)
[  0  0  0  0  1  1  1  1  0 ] (0.00030726)
[  0  0  0  0  1  1  1  1  1 ] (0.00001162)
[  0  0  0  0  1  1  1  2  0 ] (0.00000024)
[  0  0  0  0  1  1  2  0  0 ] (0.00000660)
[  0  0  0  0  1  1  2  0  1 ] (0.00000397)
[  0  0  0  0  1  1  2  1  0 ] (0.00007226)
[  0  0  0  0  1  1  3  0  0 ] (0.00001508)
[  0  0  0  0  1  2  0  0  0 ] (0.00000003)
[  0  0  0  0  1  2  0  0  1 ] (0.00001855)
[  0  0  0  0  1  2  0  0  2 ] (0.00000095)
[  0  0  0  0  1  2  0  1  0 ] (0.00379965)
[  0  0  0  0  1  2  0  1  1 ] (0.00008567)
[  0  0  0  0  1  2  0  2  0 ] (0.00053349)
[  0  0  0  0  1  2  1  0  0 ] (0.00015541)
[  0  0  0  0  1  2  1  0  1 ] (0.00000646)
[  0  0  0  0  1  2  1  1  0 ] (0.00055856)
[  0  0  0  0  1  2  2  0  0 ] (0.00000001)
[  0  0  0  0  1  3  0  0  0 ] (0.00033892)
[  0  0  0  0  1  3  0  0  1 ] (0.00003598)
[  0  0  0  0  1  3  0  1  0 ] (0.00000322)
[  0  0  0  0  1  3  1  0  0 ] (0.00008270)
[  0  0  0  0  1  4  0  0  0 ] (0.00000415)
[  0  0  0  0  2  0  0  0  0 ] (0.00002219)
[  0  0  0  0  2  0  0  0  1 ] (0.00284461)
[  0  0  0  0  2  0  0  0  2 ] (0.00000574)
[  0  0  0  0  2  0  0  0  3 ] (0.00001065)
[  0  0  0  0  2  0  0  1  0 ] (0.00010496)
[  0  0  0  0  2  0  0  1  1 ] (0.00025872)
[  0  0  0  0  2  0  0  1  2 ] (0.00000378)
[  0  0  0  0  2  0  0  2  0 ] (0.00047821)
[  0  0  0  0  2  0  0  2  1 ] (0.00009015)
[  0  0  0  0  2  0  0  3  0 ] (0.00001671)
[  0  0  0  0  2  0  1  0  0 ] (0.00001153)
[  0  0  0  0  2  0  1  0  1 ] (0.00000005)
[  0  0  0  0  2  0  1  0  2 ] (0.00003121)
[  0  0  0  0  2  0  1  1  0 ] (0.00000767)
[  0  0  0  0  2  0  1  1  1 ] (0.00001346)
[  0  0  0  0  2  0  1  2  0 ] (0.00004369)
[  0  0  0  0  2  0  2  0  0 ] (0.00019081)
[  0  0  0  0  2  0  2  0  1 ] (0.00003539)
[  0  0  0  0  2  0  2  1  0 ] (0.00000237)
[  0  0  0  0  2  0  3  0  0 ] (0.00008551)
[  0  0  0  0  2  1  0  0  0 ] (0.00000273)
[  0  0  0  0  2  1  0  0  1 ] (0.00006557)
[  0  0  0  0  2  1  0  0  2 ] (0.00000013)
[  0  0  0  0  2  1  0  1  0 ] (0.00008269)
[  0  0  0  0  2  1  0  1  1 ] (0.00001235)
[  0  0  0  0  2  1  0  2  0 ] (0.00002891)
[  0  0  0  0  2  1  1  0  0 ] (0.00010723)
[  0  0  0  0  2  1  1  0  1 ] (0.00000310)
[  0  0  0  0  2  1  1  1  0 ] (0.00000876)
[  0  0  0  0  2  1  2  0  0 ] (0.00000115)
[  0  0  0  0  2  2  0  0  0 ] (0.00165465)
[  0  0  0  0  2  2  0  0  1 ] (0.00018001)
[  0  0  0  0  2  2  0  1  0 ] (0.00022939)
[  0  0  0  0  2  2  1  0  0 ] (0.00000005)
[  0  0  0  0  2  3  0  0  0 ] (0.00018730)
[  0  0  0  0  3  0  0  0  0 ] (0.00000268)
[  0  0  0  0  3  0  0  0  1 ] (0.00000247)
[  0  0  0  0  3  0  0  0  2 ] (0.00000318)
[  0  0  0  0  3  0  0  1  0 ] (0.00064135)
[  0  0  0  0  3  0  0  1  1 ] (0.00013299)
[  0  0  0  0  3  0  0  2  0 ] (0.00002422)
[  0  0  0  0  3  0  1  0  0 ] (0.00002521)
[  0  0  0  0  3  0  1  0  1 ] (0.00001259)
[  0  0  0  0  3  0  1  1  0 ] (0.00003477)
[  0  0  0  0  3  0  2  0  0 ] (0.00023379)
[  0  0  0  0  3  1  0  0  0 ] (0.00002676)
[  0  0  0  0  3  1  0  0  1 ] (0.00002400)
[  0  0  0  0  3  1  0  1  0 ] (0.00004055)
[  0  0  0  0  3  1  1  0  0 ] (0.00004566)
[  0  0  0  0  3  2  0  0  0 ] (0.00000349)
[  0  0  0  0  4  0  0  0  0 ] (0.00056446)
[  0  0  0  0  4  0  0  0  1 ] (0.00000960)
[  0  0  0  0  4  0  0  1  0 ] (0.00001523)
[  0  0  0  0  4  0  1  0  0 ] (0.00016651)
[  0  0  0  0  4  1  0  0  0 ] (0.00001690)
[  0  0  0  0  5  0  0  0  0 ] (0.00000199)
[  0  0  0  1  0  0  0  0  0 ] (0.00001016)
[  0  0  0  1  0  0  0  0  1 ] (0.00139277)
[  0  0  0  1  0  0  0  0  2 ] (0.00344958)
[  0  0  0  1  0  0  0  0  3 ] (0.00010795)
[  0  0  0  1  0  0  0  0  4 ] (0.00001112)
[  0  0  0  1  0  0  0  1  0 ] (0.00039675)
[  0  0  0  1  0  0  0  1  1 ] (0.00102453)
[  0  0  0  1  0  0  0  1  2 ] (0.00000540)
[  0  0  0  1  0  0  0  1  3 ] (0.00000971)
[  0  0  0  1  0  0  0  2  0 ] (0.00006117)
[  0  0  0  1  0  0  0  2  1 ] (0.00015868)
[  0  0  0  1  0  0  0  2  2 ] (0.00000634)
[  0  0  0  1  0  0  0  3  0 ] (0.01477658)
[  0  0  0  1  0  0  0  3  1 ] (0.00002770)
[  0  0  0  1  0  0  0  4  0 ] (0.00011449)
[  0  0  0  1  0  0  1  0  0 ] (0.00000039)
[  0  0  0  1  0  0  1  0  1 ] (0.00067536)
[  0  0  0  1  0  0  1  0  2 ] (0.00007005)
[  0  0  0  1  0  0  1  0  3 ] (0.00001441)
[  0  0  0  1  0  0  1  1  0 ] (0.00001295)
[  0  0  0  1  0  0  1  1  1 ] (0.00012943)
[  0  0  0  1  0  0  1  1  2 ] (0.00000351)
[  0  0  0  1  0  0  1  2  0 ] (0.00005083)
[  0  0  0  1  0  0  1  2  1 ] (0.00005368)
[  0  0  0  1  0  0  1  3  0 ] (0.00002193)
[  0  0  0  1  0  0  2  0  0 ] (0.00000382)
[  0  0  0  1  0  0  2  0  1 ] (0.00007251)
[  0  0  0  1  0  0  2  0  2 ] (0.00000247)
[  0  0  0  1  0  0  2  1  0 ] (0.00145634)
[  0  0  0  1  0  0  2  1  1 ] (0.00018616)
[  0  0  0  1  0  0  2  2  0 ] (0.00052932)
[  0  0  0  1  0  0  3  0  0 ] (0.00042919)
[  0  0  0  1  0  0  3  0  1 ] (0.00003197)
[  0  0  0  1  0  0  3  1  0 ] (0.00000014)
[  0  0  0  1  0  0  4  0  0 ] (0.00015195)
[  0  0  0  1  0  1  0  0  0 ] (0.00002959)
[  0  0  0  1  0  1  0  0  1 ] (0.00012959)
[  0  0  0  1  0  1  0  0  2 ] (0.00007652)
[  0  0  0  1  0  1  0  0  3 ] (0.00000153)
[  0  0  0  1  0  1  0  1  0 ] (0.00001783)
[  0  0  0  1  0  1  0  1  1 ] (0.00015813)
[  0  0  0  1  0  1  0  1  2 ] (0.00000075)
[  0  0  0  1  0  1  0  2  0 ] (0.00084026)
[  0  0  0  1  0  1  0  2  1 ] (0.00000153)
[  0  0  0  1  0  1  0  3  0 ] (0.00010418)
[  0  0  0  1  0  1  1  0  0 ] (0.00000000)
[  0  0  0  1  0  1  1  0  1 ] (0.00000347)
[  0  0  0  1  0  1  1  0  2 ] (0.00000075)
[  0  0  0  1  0  1  1  1  0 ] (0.00001416)
[  0  0  0  1  0  1  1  1  1 ] (0.00000444)
[  0  0  0  1  0  1  1  2  0 ] (0.00002314)
[  0  0  0  1  0  1  2  0  0 ] (0.00023484)
[  0  0  0  1  0  1  2  0  1 ] (0.00004579)
[  0  0  0  1  0  1  2  1  0 ] (0.00003132)
[  0  0  0  1  0  1  3  0  0 ] (0.00000217)
[  0  0  0  1  0  2  0  0  0 ] (0.00003093)
[  0  0  0  1  0  2  0  0  1 ] (0.00008057)
[  0  0  0  1  0  2  0  0  2 ] (0.00000345)
[  0  0  0  1  0  2  0  1  0 ] (0.00228183)
[  0  0  0  1  0  2  0  1  1 ] (0.00006836)
[  0  0  0  1  0  2  0  2  0 ] (0.00020731)
[  0  0  0  1  0  2  1  0  0 ] (0.00029649)
[  0  0  0  1  0  2  1  0  1 ] (0.00002482)
[  0  0  0  1  0  2  1  1  0 ] (0.00007360)
[  0  0  0  1  0  2  2  0  0 ] (0.00011212)
[  0  0  0  1  0  3  0  0  0 ] (0.00199048)
[  0  0  0  1  0  3  0  0  1 ] (0.00007514)
[  0  0  0  1  0  3  0  1  0 ] (0.00004116)
[  0  0  0  1  0  3  1  0  0 ] (0.00000206)
[  0  0  0  1  0  4  0  0  0 ] (0.00042077)
[  0  0  0  1  1  0  0  0  0 ] (0.00003274)
[  0  0  0  1  1  0  0  0  1 ] (0.00196606)
[  0  0  0  1  1  0  0  0  2 ] (0.00007398)
[  0  0  0  1  1  0  0  0  3 ] (0.00001441)
[  0  0  0  1  1  0  0  1  0 ] (0.00010718)
[  0  0  0  1  1  0  0  1  1 ] (0.00015336)
[  0  0  0  1  1  0  0  1  2 ] (0.00001219)
[  0  0  0  1  1  0  0  2  0 ] (0.00064549)
[  0  0  0  1  1  0  0  2  1 ] (0.00002378)
[  0  0  0  1  1  0  0  3  0 ] (0.00015603)
[  0  0  0  1  1  0  1  0  0 ] (0.00020480)
[  0  0  0  1  1  0  1  0  1 ] (0.00006772)
[  0  0  0  1  1  0  1  0  2 ] (0.00000732)
[  0  0  0  1  1  0  1  1  0 ] (0.00060844)
[  0  0  0  1  1  0  1  1  1 ] (0.00007440)
[  0  0  0  1  1  0  1  2  0 ] (0.00000498)
[  0  0  0  1  1  0  2  0  0 ] (0.00021950)
[  0  0  0  1  1  0  2  0  1 ] (0.00002570)
[  0  0  0  1  1  0  2  1  0 ] (0.00006754)
[  0  0  0  1  1  0  3  0  0 ] (0.00021687)
[  0  0  0  1  1  1  0  0  0 ] (0.00107022)
[  0  0  0  1  1  1  0  0  1 ] (0.00000500)
[  0  0  0  1  1  1  0  0  2 ] (0.00000191)
[  0  0  0  1  1  1  0  1  0 ] (0.00000444)
[  0  0  0  1  1  1  0  1  1 ] (0.00000945)
[  0  0  0  1  1  1  0  2  0 ] (0.00009189)
[  0  0  0  1  1  1  1  0  0 ] (0.00002899)
[  0  0  0  1  1  1  1  0  1 ] (0.00000350)
[  0  0  0  1  1  1  1  1  0 ] (0.00000007)
[  0  0  0  1  1  1  2  0  0 ] (0.00000398)
[  0  0  0  1  1  2  0  0  0 ] (0.03717383)
[  0  0  0  1  1  2  0  0  1 ] (0.00192278)
[  0  0  0  1  1  2  0  1  0 ] (0.00167568)
[  0  0  0  1  1  2  1  0  0 ] (0.00064746)
[  0  0  0  1  1  3  0  0  0 ] (0.00017186)
[  0  0  0  1  2  0  0  0  0 ] (0.00000658)
[  0  0  0  1  2  0  0  0  1 ] (0.00006201)
[  0  0  0  1  2  0  0  0  2 ] (0.00000005)
[  0  0  0  1  2  0  0  1  0 ] (0.00004234)
[  0  0  0  1  2  0  0  1  1 ] (0.00002372)
[  0  0  0  1  2  0  0  2  0 ] (0.00000303)
[  0  0  0  1  2  0  1  0  0 ] (0.00018921)
[  0  0  0  1  2  0  1  0  1 ] (0.00000022)
[  0  0  0  1  2  0  1  1  0 ] (0.00001464)
[  0  0  0  1  2  0  2  0  0 ] (0.00000073)
[  0  0  0  1  2  1  0  0  0 ] (0.00003434)
[  0  0  0  1  2  1  0  0  1 ] (0.00000030)
[  0  0  0  1  2  1  0  1  0 ] (0.00000390)
[  0  0  0  1  2  1  1  0  0 ] (0.00000021)
[  0  0  0  1  2  2  0  0  0 ] (0.00027497)
[  0  0  0  1  3  0  0  0  0 ] (0.00003523)
[  0  0  0  1  3  0  0  0  1 ] (0.00000206)
[  0  0  0  1  3  0  0  1  0 ] (0.00014955)
[  0  0  0  1  3  0  1  0  0 ] (0.00000032)
[  0  0  0  1  3  1  0  0  0 ] (0.00000619)
[  0  0  0  1  4  0  0  0  0 ] (0.00000176)
[  0  0  0  2  0  0  0  0  0 ] (0.00000411)
[  0  0  0  2  0  0  0  0  1 ] (0.00298613)
[  0  0  0  2  0  0  0  0  2 ] (0.00003421)
[  0  0  0  2  0  0  0  0  3 ] (0.00000517)
[  0  0  0  2  0  0  0  1  0 ] (0.00000034)
[  0  0  0  2  0  0  0  1  1 ] (0.00007107)
[  0  0  0  2  0  0  0  1  2 ] (0.00001866)
[  0  0  0  2  0  0  0  2  0 ] (0.00044018)
[  0  0  0  2  0  0  0  2  1 ] (0.00000682)
[  0  0  0  2  0  0  0  3  0 ] (0.00002578)
[  0  0  0  2  0  0  1  0  0 ] (0.00011718)
[  0  0  0  2  0  0  1  0  1 ] (0.00003667)
[  0  0  0  2  0  0  1  0  2 ] (0.00000006)
[  0  0  0  2  0  0  1  1  0 ] (0.00007124)
[  0  0  0  2  0  0  1  1  1 ] (0.00000012)
[  0  0  0  2  0  0  1  2  0 ] (0.00000736)
[  0  0  0  2  0  0  2  0  0 ] (0.00045764)
[  0  0  0  2  0  0  2  0  1 ] (0.00004644)
[  0  0  0  2  0  0  2  1  0 ] (0.00008902)
[  0  0  0  2  0  0  3  0  0 ] (0.00003068)
[  0  0  0  2  0  1  0  0  0 ] (0.00000003)
[  0  0  0  2  0  1  0  0  1 ] (0.00010480)
[  0  0  0  2  0  1  0  0  2 ] (0.00000030)
[  0  0  0  2  0  1  0  1  0 ] (0.00061090)
[  0  0  0  2  0  1  0  1  1 ] (0.00000553)
[  0  0  0  2  0  1  0  2  0 ] (0.00004193)
[  0  0  0  2  0  1  1  0  0 ] (0.00005006)
[  0  0  0  2  0  1  1  0  1 ] (0.00000000)
[  0  0  0  2  0  1  1  1  0 ] (0.00014038)
[  0  0  0  2  0  1  2  0  0 ] (0.00005040)
[  0  0  0  2  0  2  0  0  0 ] (0.00047363)
[  0  0  0  2  0  2  0  0  1 ] (0.00015554)
[  0  0  0  2  0  2  0  1  0 ] (0.00000268)
[  0  0  0  2  0  2  1  0  0 ] (0.00009928)
[  0  0  0  2  0  3  0  0  0 ] (0.00002592)
[  0  0  0  2  1  0  0  0  0 ] (0.00000005)
[  0  0  0  2  1  0  0  0  1 ] (0.00009402)
[  0  0  0  2  1  0  0  0  2 ] (0.00000240)
[  0  0  0  2  1  0  0  1  0 ] (0.00000001)
[  0  0  0  2  1  0  0  1  1 ] (0.00000002)
[  0  0  0  2  1  0  0  2  0 ] (0.00000255)
[  0  0  0  2  1  0  1  0  0 ] (0.00033255)
[  0  0  0  2  1  0  1  0  1 ] (0.00000806)
[  0  0  0  2  1  0  1  1  0 ] (0.00001564)
[  0  0  0  2  1  0  2  0  0 ] (0.00006361)
[  0  0  0  2  1  1  0  0  0 ] (0.00039857)
[  0  0  0  2  1  1  0  0  1 ] (0.00003470)
[  0  0  0  2  1  1  0  1  0 ] (0.00000018)
[  0  0  0  2  1  1  1  0  0 ] (0.00005559)
[  0  0  0  2  1  2  0  0  0 ] (0.00029244)
[  0  0  0  2  2  0  0  0  0 ] (0.00036359)
[  0  0  0  2  2  0  0  0  1 ] (0.00000641)
[  0  0  0  2  2  0  0  1  0 ] (0.00002568)
[  0  0  0  2  2  0  1  0  0 ] (0.00000060)
[  0  0  0  2  2  1  0  0  0 ] (0.00001099)
[  0  0  0  2  3  0  0  0  0 ] (0.00008933)
[  0  0  0  3  0  0  0  0  0 ] (0.00000760)
[  0  0  0  3  0  0  0  0  1 ] (0.00116771)
[  0  0  0  3  0  0  0  0  2 ] (0.00005869)
[  0  0  0  3  0  0  0  1  0 ] (0.00030436)
[  0  0  0  3  0  0  0  1  1 ] (0.00000582)
[  0  0  0  3  0  0  0  2  0 ] (0.00023704)
[  0  0  0  3  0  0  1  0  0 ] (0.00002335)
[  0  0  0  3  0  0  1  0  1 ] (0.00000023)
[  0  0  0  3  0  0  1  1  0 ] (0.00002076)
[  0  0  0  3  0  0  2  0  0 ] (0.00007380)
[  0  0  0  3  0  1  0  0  0 ] (0.00025845)
[  0  0  0  3  0  1  0  0  1 ] (0.00004929)
[  0  0  0  3  0  1  0  1  0 ] (0.00067253)
[  0  0  0  3  0  1  1  0  0 ] (0.00010418)
[  0  0  0  3  0  2  0  0  0 ] (0.00043921)
[  0  0  0  3  1  0  0  0  0 ] (0.00014830)
[  0  0  0  3  1  0  0  0  1 ] (0.00003627)
[  0  0  0  3  1  0  0  1  0 ] (0.00000203)
[  0  0  0  3  1  0  1  0  0 ] (0.00003369)
[  0  0  0  3  1  1  0  0  0 ] (0.00000561)
[  0  0  0  3  2  0  0  0  0 ] (0.00002979)
[  0  0  0  4  0  0  0  0  0 ] (0.00006277)
[  0  0  0  4  0  0  0  0  1 ] (0.00000821)
[  0  0  0  4  0  0  0  1  0 ] (0.00048976)
[  0  0  0  4  0  0  1  0  0 ] (0.00002224)
[  0  0  0  4  0  1  0  0  0 ] (0.00005353)
[  0  0  0  4  1  0  0  0  0 ] (0.00040814)
[  0  0  0  5  0  0  0  0  0 ] (0.00001785)
[  0  0  1  0  0  0  0  0  0 ] (0.00000001)
[  0  0  1  0  0  0  0  0  1 ] (0.00000000)
[  0  0  1  0  0  0  0  0  2 ] (0.00000171)
[  0  0  1  0  0  0  0  0  3 ] (0.00000017)
[  0  0  1  0  0  0  0  0  4 ] (0.00000000)
[  0  0  1  0  0  0  0  1  0 ] (0.00000001)
[  0  0  1  0  0  0  0  1  1 ] (0.00000327)
[  0  0  1  0  0  0  0  1  2 ] (0.00000004)
[  0  0  1  0  0  0  0  1  3 ] (0.00000001)
[  0  0  1  0  0  0  0  2  0 ] (0.00000002)
[  0  0  1  0  0  0  0  2  1 ] (0.00000006)
[  0  0  1  0  0  0  0  2  2 ] (0.00000007)
[  0  0  1  0  0  0  0  3  0 ] (0.00000002)
[  0  0  1  0  0  0  0  3  1 ] (0.00000003)
[  0  0  1  0  0  0  0  4  0 ] (0.00000008)
[  0  0  1  0  0  0  1  0  0 ] (0.00000003)
[  0  0  1  0  0  0  1  0  1 ] (0.00000092)
[  0  0  1  0  0  0  1  0  2 ] (0.00000019)
[  0  0  1  0  0  0  1  0  3 ] (0.00000004)
[  0  0  1  0  0  0  1  1  0 ] (0.00000017)
[  0  0  1  0  0  0  1  1  1 ] (0.00000000)
[  0  0  1  0  0  0  1  1  2 ] (0.00000000)
[  0  0  1  0  0  0  1  2  0 ] (0.00000089)
[  0  0  1  0  0  0  1  2  1 ] (0.00000002)
[  0  0  1  0  0  0  1  3  0 ] (0.00000000)
[  0  0  1  0  0  0  2  0  0 ] (0.00000009)
[  0  0  1  0  0  0  2  0  1 ] (0.00000003)
[  0  0  1  0  0  0  2  0  2 ] (0.00000000)
[  0  0  1  0  0  0  2  1  0 ] (0.00000027)
[  0  0  1  0  0  0  2  1  1 ] (0.00000019)
[  0  0  1  0  0  0  2  2  0 ] (0.00000013)
[  0  0  1  0  0  0  3  0  0 ] (0.00000007)
[  0  0  1  0  0  0  3  0  1 ] (0.00000000)
[  0  0  1  0  0  0  3  1  0 ] (0.00000012)
[  0  0  1  0  0  0  4  0  0 ] (0.00000017)
[  0  0  1  0  0  1  0  0  0 ] (0.00000002)
[  0  0  1  0  0  1  0  0  1 ] (0.00000016)
[  0  0  1  0  0  1  0  0  2 ] (0.00000023)
[  0  0  1  0  0  1  0  0  3 ] (0.00000000)
[  0  0  1  0  0  1  0  1  0 ] (0.00000006)
[  0  0  1  0  0  1  0  1  1 ] (0.00000003)
[  0  0  1  0  0  1  0  1  2 ] (0.00000001)
[  0  0  1  0  0  1  0  2  0 ] (0.00000045)
[  0  0  1  0  0  1  0  2  1 ] (0.00000006)
[  0  0  1  0  0  1  0  3  0 ] (0.00000015)
[  0  0  1  0  0  1  1  0  0 ] (0.00000119)
[  0  0  1  0  0  1  1  0  1 ] (0.00000024)
[  0  0  1  0  0  1  1  0  2 ] (0.00000000)
[  0  0  1  0  0  1  1  1  0 ] (0.00000013)
[  0  0  1  0  0  1  1  1  1 ] (0.00000000)
[  0  0  1  0  0  1  1  2  0 ] (0.00000021)
[  0  0  1  0  0  1  2  0  0 ] (0.00000032)
[  0  0  1  0  0  1  2  0  1 ] (0.00000009)
[  0  0  1  0  0  1  2  1  0 ] (0.00000000)
[  0  0  1  0  0  1  3  0  0 ] (0.00000029)
[  0  0  1  0  0  2  0  0  0 ] (0.00000026)
[  0  0  1  0  0  2  0  0  1 ] (0.00000216)
[  0  0  1  0  0  2  0  0  2 ] (0.00000018)
[  0  0  1  0  0  2  0  1  0 ] (0.00000027)
[  0  0  1  0  0  2  0  1  1 ] (0.00000011)
[  0  0  1  0  0  2  0  2  0 ] (0.00000015)
[  0  0  1  0  0  2  1  0  0 ] (0.00000013)
[  0  0  1  0  0  2  1  0  1 ] (0.00000028)
[  0  0  1  0  0  2  1  1  0 ] (0.00000005)
[  0  0  1  0  0  2  2  0  0 ] (0.00000013)
[  0  0  1  0  0  3  0  0  0 ] (0.00000004)
[  0  0  1  0  0  3  0  0  1 ] (0.00000000)
[  0  0  1  0  0  3  0  1  0 ] (0.00000045)
[  0  0  1  0  0  3  1  0  0 ] (0.00000012)
[  0  0  1  0  0  4  0  0  0 ] (0.00000030)
[  0  0  1  0  1  0  0  0  0 ] (0.00000002)
[  0  0  1  0  1  0  0  0  1 ] (0.00000172)
[  0  0  1  0  1  0  0  0  2 ] (0.00000021)
[  0  0  1  0  1  0  0  0  3 ] (0.00000003)
[  0  0  1  0  1  0  0  1  0 ] (0.00000022)
[  0  0  1  0  1  0  0  1  1 ] (0.00000003)
[  0  0  1  0  1  0  0  1  2 ] (0.00000001)
[  0  0  1  0  1  0  0  2  0 ] (0.00000055)
[  0  0  1  0  1  0  0  2  1 ] (0.00000008)
[  0  0  1  0  1  0  0  3  0 ] (0.00000011)
[  0  0  1  0  1  0  1  0  0 ] (0.00000015)
[  0  0  1  0  1  0  1  0  1 ] (0.00000000)
[  0  0  1  0  1  0  1  0  2 ] (0.00000000)
[  0  0  1  0  1  0  1  1  0 ] (0.00000088)
[  0  0  1  0  1  0  1  1  1 ] (0.00000002)
[  0  0  1  0  1  0  1  2  0 ] (0.00000005)
[  0  0  1  0  1  0  2  0  0 ] (0.00000000)
[  0  0  1  0  1  0  2  0  1 ] (0.00000001)
[  0  0  1  0  1  0  2  1  0 ] (0.00000015)
[  0  0  1  0  1  0  3  0  0 ] (0.00000004)
[  0  0  1  0  1  1  0  0  0 ] (0.00000093)
[  0  0  1  0  1  1  0  0  1 ] (0.00000000)
[  0  0  1  0  1  1  0  0  2 ] (0.00000000)
[  0  0  1  0  1  1  0  1  0 ] (0.00000000)
[  0  0  1  0  1  1  0  1  1 ] (0.00000000)
[  0  0  1  0  1  1  0  2  0 ] (0.00000000)
[  0  0  1  0  1  1  1  0  0 ] (0.00000612)
[  0  0  1  0  1  1  1  0  1 ] (0.00000060)
[  0  0  1  0  1  1  1  1  0 ] (0.00000000)
[  0  0  1  0  1  1  2  0  0 ] (0.00000013)
[  0  0  1  0  1  2  0  0  0 ] (0.00000001)
[  0  0  1  0  1  2  0  0  1 ] (0.00000000)
[  0  0  1  0  1  2  0  1  0 ] (0.00000000)
[  0  0  1  0  1  2  1  0  0 ] (0.00000020)
[  0  0  1  0  1  3  0  0  0 ] (0.00000166)
[  0  0  1  0  2  0  0  0  0 ] (0.00000004)
[  0  0  1  0  2  0  0  0  1 ] (0.00000013)
[  0  0  1  0  2  0  0  0  2 ] (0.00000001)
[  0  0  1  0  2  0  0  1  0 ] (0.00000017)
[  0  0  1  0  2  0  0  1  1 ] (0.00000002)
[  0  0  1  0  2  0  0  2  0 ] (0.00000005)
[  0  0  1  0  2  0  1  0  0 ] (0.00000037)
[  0  0  1  0  2  0  1  0  1 ] (0.00000002)
[  0  0  1  0  2  0  1  1  0 ] (0.00000001)
[  0  0  1  0  2  0  2  0  0 ] (0.00000002)
[  0  0  1  0  2  1  0  0  0 ] (0.00000001)
[  0  0  1  0  2  1  0  0  1 ] (0.00000005)
[  0  0  1  0  2  1  0  1  0 ] (0.00000000)
[  0  0  1  0  2  1  1  0  0 ] (0.00000017)
[  0  0  1  0  2  2  0  0  0 ] (0.00000009)
[  0  0  1  0  3  0  0  0  0 ] (0.00000005)
[  0  0  1  0  3  0  0  0  1 ] (0.00000033)
[  0  0  1  0  3  0  0  1  0 ] (0.00000000)
[  0  0  1  0  3  0  1  0  0 ] (0.00000020)
[  0  0  1  0  3  1  0  0  0 ] (0.00000006)
[  0  0  1  0  4  0  0  0  0 ] (0.00000006)
[  0  0  1  1  0  0  0  0  0 ] (0.00000014)
[  0  0  1  1  0  0  0  0  1 ] (0.00000067)
[  0  0  1  1  0  0  0  0  2 ] (0.00000003)
[  0  0  1  1  0  0  0  0  3 ] (0.00000006)
[  0  0  1  1  0  0  0  1  0 ] (0.00000106)
[  0  0  1  1  0  0  0  1  1 ] (0.00000015)
[  0  0  1  1  0  0  0  1  2 ] (0.00000001)
[  0  0  1  1  0  0  0  2  0 ] (0.00000349)
[  0  0  1  1  0  0  0  2  1 ] (0.00000000)
[  0  0  1  1  0  0  0  3  0 ] (0.00000000)
[  0  0  1  1  0  0  1  0  0 ] (0.00000025)
[  0  0  1  1  0  0  1  0  1 ] (0.00000000)
[  0  0  1  1  0  0  1  0  2 ] (0.00000004)
[  0  0  1  1  0  0  1  1  0 ] (0.00001830)
[  0  0  1  1  0  0  1  1  1 ] (0.00000154)
[  0  0  1  1  0  0  1  2  0 ] (0.00000033)
[  0  0  1  1  0  0  2  0  0 ] (0.00000005)
[  0  0  1  1  0  0  2  0  1 ] (0.00000000)
[  0  0  1  1  0  0  2  1  0 ] (0.00000001)
[  0  0  1  1  0  0  3  0  0 ] (0.00000005)
[  0  0  1  1  0  1  0  0  0 ] (0.00000006)
[  0  0  1  1  0  1  0  0  1 ] (0.00000001)
[  0  0  1  1  0  1  0  0  2 ] (0.00000000)
[  0  0  1  1  0  1  0  1  0 ] (0.00000015)
[  0  0  1  1  0  1  0  1  1 ] (0.00000011)
[  0  0  1  1  0  1  0  2  0 ] (0.00000006)
[  0  0  1  1  0  1  1  0  0 ] (0.00000031)
[  0  0  1  1  0  1  1  0  1 ] (0.00000000)
[  0  0  1  1  0  1  1  1  0 ] (0.00000023)
[  0  0  1  1  0  1  2  0  0 ] (0.00000000)
[  0  0  1  1  0  2  0  0  0 ] (0.00000000)
[  0  0  1  1  0  2  0  0  1 ] (0.00000000)
[  0  0  1  1  0  2  0  1  0 ] (0.00000015)
[  0  0  1  1  0  2  1  0  0 ] (0.00000002)
[  0  0  1  1  0  3  0  0  0 ] (0.00000064)
[  0  0  1  1  1  0  0  0  0 ] (0.00000000)
[  0  0  1  1  1  0  0  0  1 ] (0.00000009)
[  0  0  1  1  1  0  0  0  2 ] (0.00000001)
[  0  0  1  1  1  0  0  1  0 ] (0.00000481)
[  0  0  1  1  1  0  0  1  1 ] (0.00000015)
[  0  0  1  1  1  0  0  2  0 ] (0.00000005)
[  0  0  1  1  1  0  1  0  0 ] (0.00000113)
[  0  0  1  1  1  0  1  0  1 ] (0.00000004)
[  0  0  1  1  1  0  1  1  0 ] (0.00000114)
[  0  0  1  1  1  0  2  0  0 ] (0.00000038)
[  0  0  1  1  1  1  0  0  0 ] (0.00000152)
[  0  0  1  1  1  1  0  0  1 ] (0.00000019)
[  0  0  1  1  1  1  0  1  0 ] (0.00000011)
[  0  0  1  1  1  1  1  0  0 ] (0.00000027)
[  0  0  1  1  1  2  0  0  0 ] (0.00000002)
[  0  0  1  1  2  0  0  0  0 ] (0.00000000)
[  0  0  1  1  2  0  0  0  1 ] (0.00000001)
[  0  0  1  1  2  0  0  1  0 ] (0.00000061)
[  0  0  1  1  2  0  1  0  0 ] (0.00000002)
[  0  0  1  1  2  1  0  0  0 ] (0.00000004)
[  0  0  1  1  3  0  0  0  0 ] (0.00000087)
[  0  0  1  2  0  0  0  0  0 ] (0.00000007)
[  0  0  1  2  0  0  0  0  1 ] (0.00000151)
[  0  0  1  2  0  0  0  0  2 ] (0.00000016)
[  0  0  1  2  0  0  0  1  0 ] (0.00000281)
[  0  0  1  2  0  0  0  1  1 ] (0.00000032)
[  0  0  1  2  0  0  0  2  0 ] (0.00000010)
[  0  0  1  2  0  0  1  0  0 ] (0.00000630)
[  0  0  1  2  0  0  1  0  1 ] (0.00000087)
[  0  0  1  2  0  0  1  1  0 ] (0.00000129)
[  0  0  1  2  0  0  2  0  0 ] (0.00000025)
[  0  0  1  2  0  1  0  0  0 ] (0.00000006)
[  0  0  1  2  0  1  0  0  1 ] (0.00000015)
[  0  0  1  2  0  1  0  1  0 ] (0.00000008)
[  0  0  1  2  0  1  1  0  0 ] (0.00000001)
[  0  0  1  2  0  2  0  0  0 ] (0.00000034)
[  0  0  1  2  1  0  0  0  0 ] (0.00000002)
[  0  0  1  2  1  0  0  0  1 ] (0.00000017)
[  0  0  1  2  1  0  0  1  0 ] (0.00000006)
[  0  0  1  2  1  0  1  0  0 ] (0.00000013)
[  0  0  1  2  1  1  0  0  0 ] (0.00000072)
[  0  0  1  2  2  0  0  0  0 ] (0.00000001)
[  0  0  1  3  0  0  0  0  0 ] (0.00000029)
[  0  0  1  3  0  0  0  0  1 ] (0.00000005)
[  0  0  1  3  0  0  0  1  0 ] (0.00000004)
[  0  0  1  3  0  0  1  0  0 ] (0.00000013)
[  0  0  1  3  0  1  0  0  0 ] (0.00000080)
[  0  0  1  3  1  0  0  0  0 ] (0.00000038)
[  0  0  1  4  0  0  0  0  0 ] (0.00000004)
[  0  0  2  0  0  0  0  0  0 ] (0.00011907)
[  0  0  2  0  0  0  0  0  1 ] (0.00124706)
[  0  0  2  0  0  0  0  0  2 ] (0.00056046)
[  0  0  2  0  0  0  0  0  3 ] (0.00001062)
[  0  0  2  0  0  0  0  1  0 ] (0.00000331)
[  0  0  2  0  0  0  0  1  1 ] (0.00023754)
[  0  0  2  0  0  0  0  1  2 ] (0.00050830)
[  0  0  2  0  0  0  0  2  0 ] (0.00207758)
[  0  0  2  0  0  0  0  2  1 ] (0.00002189)
[  0  0  2  0  0  0  0  3  0 ] (0.01681348)
[  0  0  2  0  0  0  1  0  0 ] (0.00074205)
[  0  0  2  0  0  0  1  0  1 ] (0.01292485)
[  0  0  2  0  0  0  1  0  2 ] (0.00182486)
[  0  0  2  0  0  0  1  1  0 ] (0.00021558)
[  0  0  2  0  0  0  1  1  1 ] (0.00006029)
[  0  0  2  0  0  0  1  2  0 ] (0.00002063)
[  0  0  2  0  0  0  2  0  0 ] (0.00003377)
[  0  0  2  0  0  0  2  0  1 ] (0.00000422)
[  0  0  2  0  0  0  2  1  0 ] (0.00001667)
[  0  0  2  0  0  0  3  0  0 ] (0.00055304)
[  0  0  2  0  0  1  0  0  0 ] (0.00003658)
[  0  0  2  0  0  1  0  0  1 ] (0.00367427)
[  0  0  2  0  0  1  0  0  2 ] (0.00070368)
[  0  0  2  0  0  1  0  1  0 ] (0.00001970)
[  0  0  2  0  0  1  0  1  1 ] (0.00004929)
[  0  0  2  0  0  1  0  2  0 ] (0.00003492)
[  0  0  2  0  0  1  1  0  0 ] (0.00003184)
[  0  0  2  0  0  1  1  0  1 ] (0.00006587)
[  0  0  2  0  0  1  1  1  0 ] (0.00002534)
[  0  0  2  0  0  1  2  0  0 ] (0.00002256)
[  0  0  2  0  0  2  0  0  0 ] (0.00000648)
[  0  0  2  0  0  2  0  0  1 ] (0.00001357)
[  0  0  2  0  0  2  0  1  0 ] (0.00043181)
[  0  0  2  0  0  2  1  0  0 ] (0.00002269)
[  0  0  2  0  0  3  0  0  0 ] (0.00071877)
[  0  0  2  0  1  0  0  0  0 ] (0.00048223)
[  0  0  2  0  1  0  0  0  1 ] (0.00833610)
[  0  0  2  0  1  0  0  0  2 ] (0.00149504)
[  0  0  2  0  1  0  0  1  0 ] (0.00151578)
[  0  0  2  0  1  0  0  1  1 ] (0.00032407)
[  0  0  2  0  1  0  0  2  0 ] (0.00006408)
[  0  0  2  0  1  0  1  0  0 ] (0.00000174)
[  0  0  2  0  1  0  1  0  1 ] (0.00014435)
[  0  0  2  0  1  0  1  1  0 ] (0.00069794)
[  0  0  2  0  1  0  2  0  0 ] (0.00003189)
[  0  0  2  0  1  1  0  0  0 ] (0.00031124)
[  0  0  2  0  1  1  0  0  1 ] (0.00003630)
[  0  0  2  0  1  1  0  1  0 ] (0.00047444)
[  0  0  2  0  1  1  1  0  0 ] (0.00028356)
[  0  0  2  0  1  2  0  0  0 ] (0.00080895)
[  0  0  2  0  2  0  0  0  0 ] (0.00009198)
[  0  0  2  0  2  0  0  0  1 ] (0.00015949)
[  0  0  2  0  2  0  0  1  0 ] (0.00120381)
[  0  0  2  0  2  0  1  0  0 ] (0.00025667)
[  0  0  2  0  2  1  0  0  0 ] (0.00027655)
[  0  0  2  0  3  0  0  0  0 ] (0.00087720)
[  0  0  2  1  0  0  0  0  0 ] (0.00000004)
[  0  0  2  1  0  0  0  0  1 ] (0.00745350)
[  0  0  2  1  0  0  0  0  2 ] (0.00117914)
[  0  0  2  1  0  0  0  1  0 ] (0.00000765)
[  0  0  2  1  0  0  0  1  1 ] (0.00000284)
[  0  0  2  1  0  0  0  2  0 ] (0.00052750)
[  0  0  2  1  0  0  1  0  0 ] (0.00100082)
[  0  0  2  1  0  0  1  0  1 ] (0.00000153)
[  0  0  2  1  0  0  1  1  0 ] (0.00010522)
[  0  0  2  1  0  0  2  0  0 ] (0.00000200)
[  0  0  2  1  0  1  0  0  0 ] (0.00072378)
[  0  0  2  1  0  1  0  0  1 ] (0.00000095)
[  0  0  2  1  0  1  0  1  0 ] (0.00020626)
[  0  0  2  1  0  1  1  0  0 ] (0.00000126)
[  0  0  2  1  0  2  0  0  0 ] (0.00000006)
[  0  0  2  1  1  0  0  0  0 ] (0.00003320)
[  0  0  2  1  1  0  0  0  1 ] (0.00010456)
[  0  0  2  1  1  0  0  1  0 ] (0.00014758)
[  0  0  2  1  1  0  1  0  0 ] (0.00004688)
[  0  0  2  1  1  1  0  0  0 ] (0.00000041)
[  0  0  2  1  2  0  0  0  0 ] (0.00040653)
[  0  0  2  2  0  0  0  0  0 ] (0.00007116)
[  0  0  2  2  0  0  0  0  1 ] (0.00000929)
[  0  0  2  2  0  0  0  1  0 ] (0.00021383)
[  0  0  2  2  0  0  1  0  0 ] (0.00070142)
[  0  0  2  2  0  1  0  0  0 ] (0.00028474)
[  0  0  2  2  1  0  0  0  0 ] (0.00080747)
[  0  0  2  3  0  0  0  0  0 ] (0.00204351)
[  0  0  3  0  0  0  0  0  0 ] (0.00014247)
[  0  0  3  0  0  0  0  0  1 ] (0.00012913)
[  0  0  3  0  0  0  0  0  2 ] (0.00052448)
[  0  0  3  0  0  0  0  1  0 ] (0.00001649)
[  0  0  3  0  0  0  0  1  1 ] (0.00008168)
[  0  0  3  0  0  0  0  2  0 ] (0.00002956)
[  0  0  3  0  0  0  1  0  0 ] (0.00003855)
[  0  0  3  0  0  0  1  0  1 ] (0.00001973)
[  0  0  3  0  0  0  1  1  0 ] (0.00343474)
[  0  0  3  0  0  0  2  0  0 ] (0.00000307)
[  0  0  3  0  0  1  0  0  0 ] (0.00001715)
[  0  0  3  0  0  1  0  0  1 ] (0.00000226)
[  0  0  3  0  0  1  0  1  0 ] (0.00070672)
[  0  0  3  0  0  1  1  0  0 ] (0.00084754)
[  0  0  3  0  0  2  0  0  0 ] (0.00016955)
[  0  0  3  0  1  0  0  0  0 ] (0.00006200)
[  0  0  3  0  1  0  0  0  1 ] (0.00001154)
[  0  0  3  0  1  0  0  1  0 ] (0.01098279)
[  0  0  3  0  1  0  1  0  0 ] (0.00447829)
[  0  0  3  0  1  1  0  0  0 ] (0.00195094)
[  0  0  3  0  2  0  0  0  0 ] (0.00020415)
[  0  0  3  1  0  0  0  0  0 ] (0.00005503)
[  0  0  3  1  0  0  0  0  1 ] (0.00011823)
[  0  0  3  1  0  0  0  1  0 ] (0.00171234)
[  0  0  3  1  0  0  1  0  0 ] (0.00091227)
[  0  0  3  1  0  1  0  0  0 ] (0.00062378)
[  0  0  3  1  1  0  0  0  0 ] (0.00002738)
[  0  0  3  2  0  0  0  0  0 ] (0.00000235)
[  0  0  4  0  0  0  0  0  0 ] (0.00000003)
[  0  0  4  0  0  0  0  0  1 ] (0.00000046)
[  0  0  4  0  0  0  0  1  0 ] (0.00000185)
[  0  0  4  0  0  0  1  0  0 ] (0.00000130)
[  0  0  4  0  0  1  0  0  0 ] (0.00000000)
[  0  0  4  0  1  0  0  0  0 ] (0.00000006)
[  0  0  4  1  0  0  0  0  0 ] (0.00000000)
[  0  0  5  0  0  0  0  0  0 ] (0.00071433)
[  0  1  0  0  0  0  0  0  0 ] (0.00000002)
[  0  1  0  0  0  0  0  0  1 ] (0.00000002)
[  0  1  0  0  0  0  0  0  2 ] (0.00000016)
[  0  1  0  0  0  0  0  0  3 ] (0.00000011)
[  0  1  0  0  0  0  0  0  4 ] (0.00000000)
[  0  1  0  0  0  0  0  1  0 ] (0.00000020)
[  0  1  0  0  0  0  0  1  1 ] (0.00000022)
[  0  1  0  0  0  0  0  1  2 ] (0.00000024)
[  0  1  0  0  0  0  0  1  3 ] (0.00000001)
[  0  1  0  0  0  0  0  2  0 ] (0.00000007)
[  0  1  0  0  0  0  0  2  1 ] (0.00000379)
[  0  1  0  0  0  0  0  2  2 ] (0.00000000)
[  0  1  0  0  0  0  0  3  0 ] (0.00000050)
[  0  1  0  0  0  0  0  3  1 ] (0.00000000)
[  0  1  0  0  0  0  0  4  0 ] (0.00000000)
[  0  1  0  0  0  0  1  0  0 ] (0.00000002)
[  0  1  0  0  0  0  1  0  1 ] (0.00000015)
[  0  1  0  0  0  0  1  0  2 ] (0.00000027)
[  0  1  0  0  0  0  1  0  3 ] (0.00000000)
[  0  1  0  0  0  0  1  1  0 ] (0.00000010)
[  0  1  0  0  0  0  1  1  1 ] (0.00000135)
[  0  1  0  0  0  0  1  1  2 ] (0.00000000)
[  0  1  0  0  0  0  1  2  0 ] (0.00000057)
[  0  1  0  0  0  0  1  2  1 ] (0.00000005)
[  0  1  0  0  0  0  1  3  0 ] (0.00000000)
[  0  1  0  0  0  0  2  0  0 ] (0.00000003)
[  0  1  0  0  0  0  2  0  1 ] (0.00000133)
[  0  1  0  0  0  0  2  0  2 ] (0.00000008)
[  0  1  0  0  0  0  2  1  0 ] (0.00000020)
[  0  1  0  0  0  0  2  1  1 ] (0.00000002)
[  0  1  0  0  0  0  2  2  0 ] (0.00000066)
[  0  1  0  0  0  0  3  0  0 ] (0.00000001)
[  0  1  0  0  0  0  3  0  1 ] (0.00000001)
[  0  1  0  0  0  0  3  1  0 ] (0.00000085)
[  0  1  0  0  0  0  4  0  0 ] (0.00000104)
[  0  1  0  0  0  1  0  0  0 ] (0.00000001)
[  0  1  0  0  0  1  0  0  1 ] (0.00000011)
[  0  1  0  0  0  1  0  0  2 ] (0.00000004)
[  0  1  0  0  0  1  0  0  3 ] (0.00000002)
[  0  1  0  0  0  1  0  1  0 ] (0.00000117)
[  0  1  0  0  0  1  0  1  1 ] (0.00000008)
[  0  1  0  0  0  1  0  1  2 ] (0.00000000)
[  0  1  0  0  0  1  0  2  0 ] (0.00000009)
[  0  1  0  0  0  1  0  2  1 ] (0.00000005)
[  0  1  0  0  0  1  0  3  0 ] (0.00000004)
[  0  1  0  0  0  1  1  0  0 ] (0.00000003)
[  0  1  0  0  0  1  1  0  1 ] (0.00000011)
[  0  1  0  0  0  1  1  0  2 ] (0.00000001)
[  0  1  0  0  0  1  1  1  0 ] (0.00000211)
[  0  1  0  0  0  1  1  1  1 ] (0.00000030)
[  0  1  0  0  0  1  1  2  0 ] (0.00000003)
[  0  1  0  0  0  1  2  0  0 ] (0.00000026)
[  0  1  0  0  0  1  2  0  1 ] (0.00000013)
[  0  1  0  0  0  1  2  1  0 ] (0.00000001)
[  0  1  0  0  0  1  3  0  0 ] (0.00000037)
[  0  1  0  0  0  2  0  0  0 ] (0.00000003)
[  0  1  0  0  0  2  0  0  1 ] (0.00000006)
[  0  1  0  0  0  2  0  0  2 ] (0.00000001)
[  0  1  0  0  0  2  0  1  0 ] (0.00000004)
[  0  1  0  0  0  2  0  1  1 ] (0.00000001)
[  0  1  0  0  0  2  0  2  0 ] (0.00000017)
[  0  1  0  0  0  2  1  0  0 ] (0.00000000)
[  0  1  0  0  0  2  1  0  1 ] (0.00000000)
[  0  1  0  0  0  2  1  1  0 ] (0.00000001)
[  0  1  0  0  0  2  2  0  0 ] (0.00000000)
[  0  1  0  0  0  3  0  0  0 ] (0.00000003)
[  0  1  0  0  0  3  0  0  1 ] (0.00000000)
[  0  1  0  0  0  3  0  1  0 ] (0.00000029)
[  0  1  0  0  0  3  1  0  0 ] (0.00000026)
[  0  1  0  0  0  4  0  0  0 ] (0.00000044)
[  0  1  0  0  1  0  0  0  0 ] (0.00000004)
[  0  1  0  0  1  0  0  0  1 ] (0.00000008)
[  0  1  0  0  1  0  0  0  2 ] (0.00000010)
[  0  1  0  0  1  0  0  0  3 ] (0.00000001)
[  0  1  0  0  1  0  0  1  0 ] (0.00000060)
[  0  1  0  0  1  0  0  1  1 ] (0.00000037)
[  0  1  0  0  1  0  0  1  2 ] (0.00000001)
[  0  1  0  0  1  0  0  2  0 ] (0.00000014)
[  0  1  0  0  1  0  0  2  1 ] (0.00000002)
[  0  1  0  0  1  0  0  3  0 ] (0.00000029)
[  0  1  0  0  1  0  1  0  0 ] (0.00000027)
[  0  1  0  0  1  0  1  0  1 ] (0.00000011)
[  0  1  0  0  1  0  1  0  2 ] (0.00000000)
[  0  1  0  0  1  0  1  1  0 ] (0.00000066)
[  0  1  0  0  1  0  1  1  1 ] (0.00000000)
[  0  1  0  0  1  0  1  2  0 ] (0.00000019)
[  0  1  0  0  1  0  2  0  0 ] (0.00000031)
[  0  1  0  0  1  0  2  0  1 ] (0.00000006)
[  0  1  0  0  1  0  2  1  0 ] (0.00000019)
[  0  1  0  0  1  0  3  0  0 ] (0.00000113)
[  0  1  0  0  1  1  0  0  0 ] (0.00000008)
[  0  1  0  0  1  1  0  0  1 ] (0.00000060)
[  0  1  0  0  1  1  0  0  2 ] (0.00000002)
[  0  1  0  0  1  1  0  1  0 ] (0.00000068)
[  0  1  0  0  1  1  0  1  1 ] (0.00000030)
[  0  1  0  0  1  1  0  2  0 ] (0.00000009)
[  0  1  0  0  1  1  1  0  0 ] (0.00000475)
[  0  1  0  0  1  1  1  0  1 ] (0.00000040)
[  0  1  0  0  1  1  1  1  0 ] (0.00000042)
[  0  1  0  0  1  1  2  0  0 ] (0.00000018)
[  0  1  0  0  1  2  0  0  0 ] (0.00000000)
[  0  1  0  0  1  2  0  0  1 ] (0.00000001)
[  0  1  0  0  1  2  0  1  0 ] (0.00000003)
[  0  1  0  0  1  2  1  0  0 ] (0.00000000)
[  0  1  0  0  1  3  0  0  0 ] (0.00000144)
[  0  1  0  0  2  0  0  0  0 ] (0.00000037)
[  0  1  0  0  2  0  0  0  1 ] (0.00000073)
[  0  1  0  0  2  0  0  0  2 ] (0.00000001)
[  0  1  0  0  2  0  0  1  0 ] (0.00000166)
[  0  1  0  0  2  0  0  1  1 ] (0.00000049)
[  0  1  0  0  2  0  0  2  0 ] (0.00000043)
[  0  1  0  0  2  0  1  0  0 ] (0.00000005)
[  0  1  0  0  2  0  1  0  1 ] (0.00000012)
[  0  1  0  0  2  0  1  1  0 ] (0.00000093)
[  0  1  0  0  2  0  2  0  0 ] (0.00000006)
[  0  1  0  0  2  1  0  0  0 ] (0.00000011)
[  0  1  0  0  2  1  0  0  1 ] (0.00000006)
[  0  1  0  0  2  1  0  1  0 ] (0.00000001)
[  0  1  0  0  2  1  1  0  0 ] (0.00000001)
[  0  1  0  0  2  2  0  0  0 ] (0.00000022)
[  0  1  0  0  3  0  0  0  0 ] (0.00000000)
[  0  1  0  0  3  0  0  0  1 ] (0.00000001)
[  0  1  0  0  3  0  0  1  0 ] (0.00000002)
[  0  1  0  0  3  0  1  0  0 ] (0.00002426)
[  0  1  0  0  3  1  0  0  0 ] (0.00000042)
[  0  1  0  0  4  0  0  0  0 ] (0.00001701)
[  0  1  0  1  0  0  0  0  0 ] (0.00000003)
[  0  1  0  1  0  0  0  0  1 ] (0.00000253)
[  0  1  0  1  0  0  0  0  2 ] (0.00000000)
[  0  1  0  1  0  0  0  0  3 ] (0.00000000)
[  0  1  0  1  0  0  0  1  0 ] (0.00000026)
[  0  1  0  1  0  0  0  1  1 ] (0.00000046)
[  0  1  0  1  0  0  0  1  2 ] (0.00000001)
[  0  1  0  1  0  0  0  2  0 ] (0.00000093)
[  0  1  0  1  0  0  0  2  1 ] (0.00000001)
[  0  1  0  1  0  0  0  3  0 ] (0.00000034)
[  0  1  0  1  0  0  1  0  0 ] (0.00000010)
[  0  1  0  1  0  0  1  0  1 ] (0.00000004)
[  0  1  0  1  0  0  1  0  2 ] (0.00000001)
[  0  1  0  1  0  0  1  1  0 ] (0.00000581)
[  0  1  0  1  0  0  1  1  1 ] (0.00000056)
[  0  1  0  1  0  0  1  2  0 ] (0.00000002)
[  0  1  0  1  0  0  2  0  0 ] (0.00000042)
[  0  1  0  1  0  0  2  0  1 ] (0.00000000)
[  0  1  0  1  0  0  2  1  0 ] (0.00000001)
[  0  1  0  1  0  0  3  0  0 ] (0.00000182)
[  0  1  0  1  0  1  0  0  0 ] (0.00000017)
[  0  1  0  1  0  1  0  0  1 ] (0.00000130)
[  0  1  0  1  0  1  0  0  2 ] (0.00000000)
[  0  1  0  1  0  1  0  1  0 ] (0.00001327)
[  0  1  0  1  0  1  0  1  1 ] (0.00000074)
[  0  1  0  1  0  1  0  2  0 ] (0.00000004)
[  0  1  0  1  0  1  1  0  0 ] (0.00002680)
[  0  1  0  1  0  1  1  0  1 ] (0.00000289)
[  0  1  0  1  0  1  1  1  0 ] (0.00000006)
[  0  1  0  1  0  1  2  0  0 ] (0.00000034)
[  0  1  0  1  0  2  0  0  0 ] (0.00000007)
[  0  1  0  1  0  2  0  0  1 ] (0.00000006)
[  0  1  0  1  0  2  0  1  0 ] (0.00000000)
[  0  1  0  1  0  2  1  0  0 ] (0.00000014)
[  0  1  0  1  0  3  0  0  0 ] (0.00000004)
[  0  1  0  1  1  0  0  0  0 ] (0.00000001)
[  0  1  0  1  1  0  0  0  1 ] (0.00000029)
[  0  1  0  1  1  0  0  0  2 ] (0.00000001)
[  0  1  0  1  1  0  0  1  0 ] (0.00002416)
[  0  1  0  1  1  0  0  1  1 ] (0.00000049)
[  0  1  0  1  1  0  0  2  0 ] (0.00000032)
[  0  1  0  1  1  0  1  0  0 ] (0.00001409)
[  0  1  0  1  1  0  1  0  1 ] (0.00000088)
[  0  1  0  1  1  0  1  1  0 ] (0.00000033)
[  0  1  0  1  1  0  2  0  0 ] (0.00000053)
[  0  1  0  1  1  1  0  0  0 ] (0.00000054)
[  0  1  0  1  1  1  0  0  1 ] (0.00000018)
[  0  1  0  1  1  1  0  1  0 ] (0.00000023)
[  0  1  0  1  1  1  1  0  0 ] (0.00000072)
[  0  1  0  1  1  2  0  0  0 ] (0.00000002)
[  0  1  0  1  2  0  0  0  0 ] (0.00000089)
[  0  1  0  1  2  0  0  0  1 ] (0.00000002)
[  0  1  0  1  2  0  0  1  0 ] (0.00000020)
[  0  1  0  1  2  0  1  0  0 ] (0.00000038)
[  0  1  0  1  2  1  0  0  0 ] (0.00000001)
[  0  1  0  1  3  0  0  0  0 ] (0.00001322)
[  0  1  0  2  0  0  0  0  0 ] (0.00000000)
[  0  1  0  2  0  0  0  0  1 ] (0.00000519)
[  0  1  0  2  0  0  0  0  2 ] (0.00000009)
[  0  1  0  2  0  0  0  1  0 ] (0.00000001)
[  0  1  0  2  0  0  0  1  1 ] (0.00000000)
[  0  1  0  2  0  0  0  2  0 ] (0.00000002)
[  0  1  0  2  0  0  1  0  0 ] (0.00000002)
[  0  1  0  2  0  0  1  0  1 ] (0.00000040)
[  0  1  0  2  0  0  1  1  0 ] (0.00000090)
[  0  1  0  2  0  0  2  0  0 ] (0.00000001)
[  0  1  0  2  0  1  0  0  0 ] (0.00000027)
[  0  1  0  2  0  1  0  0  1 ] (0.00000000)
[  0  1  0  2  0  1  0  1  0 ] (0.00000085)
[  0  1  0  2  0  1  1  0  0 ] (0.00000027)
[  0  1  0  2  0  2  0  0  0 ] (0.00000000)
[  0  1  0  2  1  0  0  0  0 ] (0.00000008)
[  0  1  0  2  1  0  0  0  1 ] (0.00000013)
[  0  1  0  2  1  0  0  1  0 ] (0.00000053)
[  0  1  0  2  1  0  1  0  0 ] (0.00000186)
[  0  1  0  2  1  1  0  0  0 ] (0.00000008)
[  0  1  0  2  2  0  0  0  0 ] (0.00000030)
[  0  1  0  3  0  0  0  0  0 ] (0.00000004)
[  0  1  0  3  0  0  0  0  1 ] (0.00000011)
[  0  1  0  3  0  0  0  1  0 ] (0.00000010)
[  0  1  0  3  0  0  1  0  0 ] (0.00000168)
[  0  1  0  3  0  1  0  0  0 ] (0.00001066)
[  0  1  0  3  1  0  0  0  0 ] (0.00000220)
[  0  1  0  4  0  0  0  0  0 ] (0.00001382)
[  0  1  1  0  0  0  0  0  0 ] (0.00004353)
[  0  1  1  0  0  0  0  0  1 ] (0.00083386)
[  0  1  1  0  0  0  0  0  2 ] (0.00386676)
[  0  1  1  0  0  0  0  0  3 ] (0.00013763)
[  0  1  1  0  0  0  0  1  0 ] (0.00004429)
[  0  1  1  0  0  0  0  1  1 ] (0.00036508)
[  0  1  1  0  0  0  0  1  2 ] (0.00001533)
[  0  1  1  0  0  0  0  2  0 ] (0.00023448)
[  0  1  1  0  0  0  0  2  1 ] (0.00013829)
[  0  1  1  0  0  0  0  3  0 ] (0.00067398)
[  0  1  1  0  0  0  1  0  0 ] (0.00001556)
[  0  1  1  0  0  0  1  0  1 ] (0.00064904)
[  0  1  1  0  0  0  1  0  2 ] (0.00003247)
[  0  1  1  0  0  0  1  1  0 ] (0.00059446)
[  0  1  1  0  0  0  1  1  1 ] (0.00008838)
[  0  1  1  0  0  0  1  2  0 ] (0.00012047)
[  0  1  1  0  0  0  2  0  0 ] (0.00000270)
[  0  1  1  0  0  0  2  0  1 ] (0.00000400)
[  0  1  1  0  0  0  2  1  0 ] (0.00028225)
[  0  1  1  0  0  0  3  0  0 ] (0.00068817)
[  0  1  1  0  0  1  0  0  0 ] (0.00002675)
[  0  1  1  0  0  1  0  0  1 ] (0.00058742)
[  0  1  1  0  0  1  0  0  2 ] (0.00086868)
[  0  1  1  0  0  1  0  1  0 ] (0.00114722)
[  0  1  1  0  0  1  0  1  1 ] (0.00032020)
[  0  1  1  0  0  1  0  2  0 ] (0.00071705)
[  0  1  1  0  0  1  1  0  0 ] (0.00013500)
[  0  1  1  0  0  1  1  0  1 ] (0.00001158)
[  0  1  1  0  0  1  1  1  0 ] (0.00002213)
[  0  1  1  0  0  1  2  0  0 ] (0.00064438)
[  0  1  1  0  0  2  0  0  0 ] (0.00000240)
[  0  1  1  0  0  2  0  0  1 ] (0.00013437)
[  0  1  1  0  0  2  0  1  0 ] (0.00062700)
[  0  1  1  0  0  2  1  0  0 ] (0.00088693)
[  0  1  1  0  0  3  0  0  0 ] (0.00139394)
[  0  1  1  0  1  0  0  0  0 ] (0.00008759)
[  0  1  1  0  1  0  0  0  1 ] (0.00205819)
[  0  1  1  0  1  0  0  0  2 ] (0.00039974)
[  0  1  1  0  1  0  0  1  0 ] (0.00013928)
[  0  1  1  0  1  0  0  1  1 ] (0.00007369)
[  0  1  1  0  1  0  0  2  0 ] (0.00118380)
[  0  1  1  0  1  0  1  0  0 ] (0.00003879)
[  0  1  1  0  1  0  1  0  1 ] (0.00000023)
[  0  1  1  0  1  0  1  1  0 ] (0.00030869)
[  0  1  1  0  1  0  2  0  0 ] (0.00067214)
[  0  1  1  0  1  1  0  0  0 ] (0.00001063)
[  0  1  1  0  1  1  0  0  1 ] (0.00008769)
[  0  1  1  0  1  1  0  1  0 ] (0.00019672)
[  0  1  1  0  1  1  1  0  0 ] (0.00001846)
[  0  1  1  0  1  2  0  0  0 ] (0.00040874)
[  0  1  1  0  2  0  0  0  0 ] (0.00017655)
[  0  1  1  0  2  0  0  0  1 ] (0.00000710)
[  0  1  1  0  2  0  0  1  0 ] (0.00098884)
[  0  1  1  0  2  0  1  0  0 ] (0.00181485)
[  0  1  1  0  2  1  0  0  0 ] (0.00038012)
[  0  1  1  0  3  0  0  0  0 ] (0.00034040)
[  0  1  1  1  0  0  0  0  0 ] (0.00006663)
[  0  1  1  1  0  0  0  0  1 ] (0.00055564)
[  0  1  1  1  0  0  0  0  2 ] (0.00027348)
[  0  1  1  1  0  0  0  1  0 ] (0.00042742)
[  0  1  1  1  0  0  0  1  1 ] (0.00005742)
[  0  1  1  1  0  0  0  2  0 ] (0.00075164)
[  0  1  1  1  0  0  1  0  0 ] (0.00016589)
[  0  1  1  1  0  0  1  0  1 ] (0.00024673)
[  0  1  1  1  0  0  1  1  0 ] (0.00000201)
[  0  1  1  1  0  0  2  0  0 ] (0.00006589)
[  0  1  1  1  0  1  0  0  0 ] (0.00083155)
[  0  1  1  1  0  1  0  0  1 ] (0.00013163)
[  0  1  1  1  0  1  0  1  0 ] (0.00003503)
[  0  1  1  1  0  1  1  0  0 ] (0.00010570)
[  0  1  1  1  0  2  0  0  0 ] (0.00000346)
[  0  1  1  1  1  0  0  0  0 ] (0.00001032)
[  0  1  1  1  1  0  0  0  1 ] (0.00036639)
[  0  1  1  1  1  0  0  1  0 ] (0.00000424)
[  0  1  1  1  1  0  1  0  0 ] (0.00015662)
[  0  1  1  1  1  1  0  0  0 ] (0.00013509)
[  0  1  1  1  2  0  0  0  0 ] (0.00002418)
[  0  1  1  2  0  0  0  0  0 ] (0.00003197)
[  0  1  1  2  0  0  0  0  1 ] (0.00024411)
[  0  1  1  2  0  0  0  1  0 ] (0.00094047)
[  0  1  1  2  0  0  1  0  0 ] (0.00081093)
[  0  1  1  2  0  1  0  0  0 ] (0.00038646)
[  0  1  1  2  1  0  0  0  0 ] (0.00121849)
[  0  1  1  3  0  0  0  0  0 ] (0.00204103)
[  0  1  2  0  0  0  0  0  0 ] (0.00000014)
[  0  1  2  0  0  0  0  0  1 ] (0.00000165)
[  0  1  2  0  0  0  0  0  2 ] (0.00000022)
[  0  1  2  0  0  0  0  1  0 ] (0.00000001)
[  0  1  2  0  0  0  0  1  1 ] (0.00000012)
[  0  1  2  0  0  0  0  2  0 ] (0.00000174)
[  0  1  2  0  0  0  1  0  0 ] (0.00000003)
[  0  1  2  0  0  0  1  0  1 ] (0.00000046)
[  0  1  2  0  0  0  1  1  0 ] (0.00000165)
[  0  1  2  0  0  0  2  0  0 ] (0.00000056)
[  0  1  2  0  0  1  0  0  0 ] (0.00000000)
[  0  1  2  0  0  1  0  0  1 ] (0.00000004)
[  0  1  2  0  0  1  0  1  0 ] (0.00000012)
[  0  1  2  0  0  1  1  0  0 ] (0.00000512)
[  0  1  2  0  0  2  0  0  0 ] (0.00000141)
[  0  1  2  0  1  0  0  0  0 ] (0.00000001)
[  0  1  2  0  1  0  0  0  1 ] (0.00000005)
[  0  1  2  0  1  0  0  1  0 ] (0.00000193)
[  0  1  2  0  1  0  1  0  0 ] (0.00000210)
[  0  1  2  0  1  1  0  0  0 ] (0.00000040)
[  0  1  2  0  2  0  0  0  0 ] (0.00000000)
[  0  1  2  1  0  0  0  0  0 ] (0.00000003)
[  0  1  2  1  0  0  0  0  1 ] (0.00000140)
[  0  1  2  1  0  0  0  1  0 ] (0.00000092)
[  0  1  2  1  0  0  1  0  0 ] (0.00000002)
[  0  1  2  1  0  1  0  0  0 ] (0.00000111)
[  0  1  2  1  1  0  0  0  0 ] (0.00000408)
[  0  1  2  2  0  0  0  0  0 ] (0.00000623)
[  0  1  3  0  0  0  0  0  0 ] (0.00000011)
[  0  1  3  0  0  0  0  0  1 ] (0.00000096)
[  0  1  3  0  0  0  0  1  0 ] (0.00000050)
[  0  1  3  0  0  0  1  0  0 ] (0.00000486)
[  0  1  3  0  0  1  0  0  0 ] (0.00000002)
[  0  1  3  0  1  0  0  0  0 ] (0.00000083)
[  0  1  3  1  0  0  0  0  0 ] (0.00000042)
[  0  1  4  0  0  0  0  0  0 ] (0.00023297)
[  0  2  0  0  0  0  0  0  0 ] (0.00000143)
[  0  2  0  0  0  0  0  0  1 ] (0.00146299)
[  0  2  0  0  0  0  0  0  2 ] (0.00000973)
[  0  2  0  0  0  0  0  0  3 ] (0.00008746)
[  0  2  0  0  0  0  0  1  0 ] (0.00208884)
[  0  2  0  0  0  0  0  1  1 ] (0.00338973)
[  0  2  0  0  0  0  0  1  2 ] (0.00001932)
[  0  2  0  0  0  0  0  2  0 ] (0.00174030)
[  0  2  0  0  0  0  0  2  1 ] (0.00004309)
[  0  2  0  0  0  0  0  3  0 ] (0.08804193)
[  0  2  0  0  0  0  1  0  0 ] (0.00002145)
[  0  2  0  0  0  0  1  0  1 ] (0.00001193)
[  0  2  0  0  0  0  1  0  2 ] (0.00001302)
[  0  2  0  0  0  0  1  1  0 ] (0.00000075)
[  0  2  0  0  0  0  1  1  1 ] (0.00009324)
[  0  2  0  0  0  0  1  2  0 ] (0.00019990)
[  0  2  0  0  0  0  2  0  0 ] (0.00001676)
[  0  2  0  0  0  0  2  0  1 ] (0.00004982)
[  0  2  0  0  0  0  2  1  0 ] (0.00095393)
[  0  2  0  0  0  0  3  0  0 ] (0.00267051)
[  0  2  0  0  0  1  0  0  0 ] (0.00004695)
[  0  2  0  0  0  1  0  0  1 ] (0.00249844)
[  0  2  0  0  0  1  0  0  2 ] (0.00038347)
[  0  2  0  0  0  1  0  1  0 ] (0.00000278)
[  0  2  0  0  0  1  0  1  1 ] (0.00004190)
[  0  2  0  0  0  1  0  2  0 ] (0.01036066)
[  0  2  0  0  0  1  1  0  0 ] (0.00000054)
[  0  2  0  0  0  1  1  0  1 ] (0.00001397)
[  0  2  0  0  0  1  1  1  0 ] (0.00003127)
[  0  2  0  0  0  1  2  0  0 ] (0.00113877)
[  0  2  0  0  0  2  0  0  0 ] (0.00000078)
[  0  2  0  0  0  2  0  0  1 ] (0.00001702)
[  0  2  0  0  0  2  0  1  0 ] (0.00038760)
[  0  2  0  0  0  2  1  0  0 ] (0.00249928)
[  0  2  0  0  0  3  0  0  0 ] (0.00002126)
[  0  2  0  0  1  0  0  0  0 ] (0.00022805)
[  0  2  0  0  1  0  0  0  1 ] (0.00005483)
[  0  2  0  0  1  0  0  0  2 ] (0.00001971)
[  0  2  0  0  1  0  0  1  0 ] (0.00031256)
[  0  2  0  0  1  0  0  1  1 ] (0.00005447)
[  0  2  0  0  1  0  0  2  0 ] (0.01716256)
[  0  2  0  0  1  0  1  0  0 ] (0.00001103)
[  0  2  0  0  1  0  1  0  1 ] (0.00003690)
[  0  2  0  0  1  0  1  1  0 ] (0.00088334)
[  0  2  0  0  1  0  2  0  0 ] (0.00125962)
[  0  2  0  0  1  1  0  0  0 ] (0.00000005)
[  0  2  0  0  1  1  0  0  1 ] (0.00005376)
[  0  2  0  0  1  1  0  1  0 ] (0.00017985)
[  0  2  0  0  1  1  1  0  0 ] (0.00006569)
[  0  2  0  0  1  2  0  0  0 ] (0.00000637)
[  0  2  0  0  2  0  0  0  0 ] (0.00000643)
[  0  2  0  0  2  0  0  0  1 ] (0.00107910)
[  0  2  0  0  2  0  0  1  0 ] (0.01619214)
[  0  2  0  0  2  0  1  0  0 ] (0.00212858)
[  0  2  0  0  2  1  0  0  0 ] (0.00125790)
[  0  2  0  0  3  0  0  0  0 ] (0.00011761)
[  0  2  0  1  0  0  0  0  0 ] (0.00079873)
[  0  2  0  1  0  0  0  0  1 ] (0.00086708)
[  0  2  0  1  0  0  0  0  2 ] (0.00001059)
[  0  2  0  1  0  0  0  1  0 ] (0.00019670)
[  0  2  0  1  0  0  0  1  1 ] (0.00000616)
[  0  2  0  1  0  0  0  2  0 ] (0.00039952)
[  0  2  0  1  0  0  1  0  0 ] (0.00017108)
[  0  2  0  1  0  0  1  0  1 ] (0.00000316)
[  0  2  0  1  0  0  1  1  0 ] (0.00007086)
[  0  2  0  1  0  0  2  0  0 ] (0.00020294)
[  0  2  0  1  0  1  0  0  0 ] (0.00022679)
[  0  2  0  1  0  1  0  0  1 ] (0.00001932)
[  0  2  0  1  0  1  0  1  0 ] (0.00171851)
[  0  2  0  1  0  1  1  0  0 ] (0.00032310)
[  0  2  0  1  0  2  0  0  0 ] (0.00192864)
[  0  2  0  1  1  0  0  0  0 ] (0.00000071)
[  0  2  0  1  1  0  0  0  1 ] (0.00003223)
[  0  2  0  1  1  0  0  1  0 ] (0.00004802)
[  0  2  0  1  1  0  1  0  0 ] (0.00013034)
[  0  2  0  1  1  1  0  0  0 ] (0.00172912)
[  0  2  0  1  2  0  0  0  0 ] (0.00328570)
[  0  2  0  2  0  0  0  0  0 ] (0.00007436)
[  0  2  0  2  0  0  0  0  1 ] (0.00008333)
[  0  2  0  2  0  0  0  1  0 ] (0.00004873)
[  0  2  0  2  0  0  1  0  0 ] (0.00001705)
[  0  2  0  2  0  1  0  0  0 ] (0.00036882)
[  0  2  0  2  1  0  0  0  0 ] (0.00006716)
[  0  2  0  3  0  0  0  0  0 ] (0.00185323)
[  0  2  1  0  0  0  0  0  0 ] (0.00000002)
[  0  2  1  0  0  0  0  0  1 ] (0.00000114)
[  0  2  1  0  0  0  0  0  2 ] (0.00000117)
[  0  2  1  0  0  0  0  1  0 ] (0.00000021)
[  0  2  1  0  0  0  0  1  1 ] (0.00000031)
[  0  2  1  0  0  0  0  2  0 ] (0.00000014)
[  0  2  1  0  0  0  1  0  0 ] (0.00000006)
[  0  2  1  0  0  0  1  0  1 ] (0.00000023)
[  0  2  1  0  0  0  1  1  0 ] (0.00000298)
[  0  2  1  0  0  0  2  0  0 ] (0.00000077)
[  0  2  1  0  0  1  0  0  0 ] (0.00000008)
[  0  2  1  0  0  1  0  0  1 ] (0.00000013)
[  0  2  1  0  0  1  0  1  0 ] (0.00000002)
[  0  2  1  0  0  1  1  0  0 ] (0.00000929)
[  0  2  1  0  0  2  0  0  0 ] (0.00000000)
[  0  2  1  0  1  0  0  0  0 ] (0.00000001)
[  0  2  1  0  1  0  0  0  1 ] (0.00000001)
[  0  2  1  0  1  0  0  1  0 ] (0.00000335)
[  0  2  1  0  1  0  1  0  0 ] (0.00000060)
[  0  2  1  0  1  1  0  0  0 ] (0.00000005)
[  0  2  1  0  2  0  0  0  0 ] (0.00000145)
[  0  2  1  1  0  0  0  0  0 ] (0.00000075)
[  0  2  1  1  0  0  0  0  1 ] (0.00000209)
[  0  2  1  1  0  0  0  1  0 ] (0.00000060)
[  0  2  1  1  0  0  1  0  0 ] (0.00000118)
[  0  2  1  1  0  1  0  0  0 ] (0.00000322)
[  0  2  1  1  1  0  0  0  0 ] (0.00000088)
[  0  2  1  2  0  0  0  0  0 ] (0.00000137)
[  0  2  2  0  0  0  0  0  0 ] (0.00000455)
[  0  2  2  0  0  0  0  0  1 ] (0.00121198)
[  0  2  2  0  0  0  0  1  0 ] (0.00637708)
[  0  2  2  0  0  0  1  0  0 ] (0.00013490)
[  0  2  2  0  0  1  0  0  0 ] (0.00002179)
[  0  2  2  0  1  0  0  0  0 ] (0.00004006)
[  0  2  2  1  0  0  0  0  0 ] (0.00006199)
[  0  2  3  0  0  0  0  0  0 ] (0.00003753)
[  0  3  0  0  0  0  0  0  0 ] (0.00001116)
[  0  3  0  0  0  0  0  0  1 ] (0.00061153)
[  0  3  0  0  0  0  0  0  2 ] (0.00011404)
[  0  3  0  0  0  0  0  1  0 ] (0.00005692)
[  0  3  0  0  0  0  0  1  1 ] (0.00001100)
[  0  3  0  0  0  0  0  2  0 ] (0.00000036)
[  0  3  0  0  0  0  1  0  0 ] (0.00002454)
[  0  3  0  0  0  0  1  0  1 ] (0.00170625)
[  0  3  0  0  0  0  1  1  0 ] (0.00007732)
[  0  3  0  0  0  0  2  0  0 ] (0.00091459)
[  0  3  0  0  0  1  0  0  0 ] (0.00000647)
[  0  3  0  0  0  1  0  0  1 ] (0.00041198)
[  0  3  0  0  0  1  0  1  0 ] (0.00003555)
[  0  3  0  0  0  1  1  0  0 ] (0.00151936)
[  0  3  0  0  0  2  0  0  0 ] (0.00012325)
[  0  3  0  0  1  0  0  0  0 ] (0.00000518)
[  0  3  0  0  1  0  0  0  1 ] (0.00003104)
[  0  3  0  0  1  0  0  1  0 ] (0.00000185)
[  0  3  0  0  1  0  1  0  0 ] (0.00038443)
[  0  3  0  0  1  1  0  0  0 ] (0.00000035)
[  0  3  0  0  2  0  0  0  0 ] (0.00004108)
[  0  3  0  1  0  0  0  0  0 ] (0.00002289)
[  0  3  0  1  0  0  0  0  1 ] (0.00117245)
[  0  3  0  1  0  0  0  1  0 ] (0.00042397)
[  0  3  0  1  0  0  1  0  0 ] (0.00727721)
[  0  3  0  1  0  1  0  0  0 ] (0.00000829)
[  0  3  0  1  1  0  0  0  0 ] (0.00068046)
[  0  3  0  2  0  0  0  0  0 ] (0.00030756)
[  0  3  1  0  0  0  0  0  0 ] (0.00000000)
[  0  3  1  0  0  0  0  0  1 ] (0.00000006)
[  0  3  1  0  0  0  0  1  0 ] (0.00000013)
[  0  3  1  0  0  0  1  0  0 ] (0.00000097)
[  0  3  1  0  0  1  0  0  0 ] (0.00000000)
[  0  3  1  0  1  0  0  0  0 ] (0.00000004)
[  0  3  1  1  0  0  0  0  0 ] (0.00000002)
[  0  3  2  0  0  0  0  0  0 ] (0.00040916)
[  0  4  0  0  0  0  0  0  0 ] (0.00000000)
[  0  4  0  0  0  0  0  0  1 ] (0.00000000)
[  0  4  0  0  0  0  0  1  0 ] (0.00000007)
[  0  4  0  0  0  0  1  0  0 ] (0.00000027)
[  0  4  0  0  0  1  0  0  0 ] (0.00000003)
[  0  4  0  0  1  0  0  0  0 ] (0.00000014)
[  0  4  0  1  0  0  0  0  0 ] (0.00000071)
[  0  4  1  0  0  0  0  0  0 ] (0.00003654)
[  0  5  0  0  0  0  0  0  0 ] (0.00000879)
[  1  0  0  0  0  0  0  0  0 ] (0.00000002)
[  1  0  0  0  0  0  0  0  1 ] (0.00000000)
[  1  0  0  0  0  0  0  0  2 ] (0.00000001)
[  1  0  0  0  0  0  0  0  3 ] (0.00000000)
[  1  0  0  0  0  0  0  0  4 ] (0.00000000)
[  1  0  0  0  0  0  0  1  0 ] (0.00000002)
[  1  0  0  0  0  0  0  1  1 ] (0.00000054)
[  1  0  0  0  0  0  0  1  2 ] (0.00000006)
[  1  0  0  0  0  0  0  1  3 ] (0.00000002)
[  1  0  0  0  0  0  0  2  0 ] (0.00000003)
[  1  0  0  0  0  0  0  2  1 ] (0.00000202)
[  1  0  0  0  0  0  0  2  2 ] (0.00000003)
[  1  0  0  0  0  0  0  3  0 ] (0.00000029)
[  1  0  0  0  0  0  0  3  1 ] (0.00000007)
[  1  0  0  0  0  0  0  4  0 ] (0.00000016)
[  1  0  0  0  0  0  1  0  0 ] (0.00000004)
[  1  0  0  0  0  0  1  0  1 ] (0.00000017)
[  1  0  0  0  0  0  1  0  2 ] (0.00000003)
[  1  0  0  0  0  0  1  0  3 ] (0.00000000)
[  1  0  0  0  0  0  1  1  0 ] (0.00000003)
[  1  0  0  0  0  0  1  1  1 ] (0.00000009)
[  1  0  0  0  0  0  1  1  2 ] (0.00000000)
[  1  0  0  0  0  0  1  2  0 ] (0.00000055)
[  1  0  0  0  0  0  1  2  1 ] (0.00000003)
[  1  0  0  0  0  0  1  3  0 ] (0.00000001)
[  1  0  0  0  0  0  2  0  0 ] (0.00000009)
[  1  0  0  0  0  0  2  0  1 ] (0.00000051)
[  1  0  0  0  0  0  2  0  2 ] (0.00000014)
[  1  0  0  0  0  0  2  1  0 ] (0.00000038)
[  1  0  0  0  0  0  2  1  1 ] (0.00000001)
[  1  0  0  0  0  0  2  2  0 ] (0.00000038)
[  1  0  0  0  0  0  3  0  0 ] (0.00000003)
[  1  0  0  0  0  0  3  0  1 ] (0.00000005)
[  1  0  0  0  0  0  3  1  0 ] (0.00000001)
[  1  0  0  0  0  0  4  0  0 ] (0.00000102)
[  1  0  0  0  0  1  0  0  0 ] (0.00000001)
[  1  0  0  0  0  1  0  0  1 ] (0.00000000)
[  1  0  0  0  0  1  0  0  2 ] (0.00000003)
[  1  0  0  0  0  1  0  0  3 ] (0.00000000)
[  1  0  0  0  0  1  0  1  0 ] (0.00000003)
[  1  0  0  0  0  1  0  1  1 ] (0.00000003)
[  1  0  0  0  0  1  0  1  2 ] (0.00000001)
[  1  0  0  0  0  1  0  2  0 ] (0.00000069)
[  1  0  0  0  0  1  0  2  1 ] (0.00000001)
[  1  0  0  0  0  1  0  3  0 ] (0.00000001)
[  1  0  0  0  0  1  1  0  0 ] (0.00000000)
[  1  0  0  0  0  1  1  0  1 ] (0.00000230)
[  1  0  0  0  0  1  1  0  2 ] (0.00000003)
[  1  0  0  0  0  1  1  1  0 ] (0.00000070)
[  1  0  0  0  0  1  1  1  1 ] (0.00000029)
[  1  0  0  0  0  1  1  2  0 ] (0.00000005)
[  1  0  0  0  0  1  2  0  0 ] (0.00000024)
[  1  0  0  0  0  1  2  0  1 ] (0.00000013)
[  1  0  0  0  0  1  2  1  0 ] (0.00000008)
[  1  0  0  0  0  1  3  0  0 ] (0.00000123)
[  1  0  0  0  0  2  0  0  0 ] (0.00000001)
[  1  0  0  0  0  2  0  0  1 ] (0.00000058)
[  1  0  0  0  0  2  0  0  2 ] (0.00000001)
[  1  0  0  0  0  2  0  1  0 ] (0.00000010)
[  1  0  0  0  0  2  0  1  1 ] (0.00000026)
[  1  0  0  0  0  2  0  2  0 ] (0.00000002)
[  1  0  0  0  0  2  1  0  0 ] (0.00000013)
[  1  0  0  0  0  2  1  0  1 ] (0.00000025)
[  1  0  0  0  0  2  1  1  0 ] (0.00000001)
[  1  0  0  0  0  2  2  0  0 ] (0.00000007)
[  1  0  0  0  0  3  0  0  0 ] (0.00000005)
[  1  0  0  0  0  3  0  0  1 ] (0.00000006)
[  1  0  0  0  0  3  0  1  0 ] (0.00000270)
[  1  0  0  0  0  3  1  0  0 ] (0.00000060)
[  1  0  0  0  0  4  0  0  0 ] (0.00000157)
[  1  0  0  0  1  0  0  0  0 ] (0.00000003)
[  1  0  0  0  1  0  0  0  1 ] (0.00000008)
[  1  0  0  0  1  0  0  0  2 ] (0.00000008)
[  1  0  0  0  1  0  0  0  3 ] (0.00000000)
[  1  0  0  0  1  0  0  1  0 ] (0.00000004)
[  1  0  0  0  1  0  0  1  1 ] (0.00000033)
[  1  0  0  0  1  0  0  1  2 ] (0.00000000)
[  1  0  0  0  1  0  0  2  0 ] (0.00000018)
[  1  0  0  0  1  0  0  2  1 ] (0.00000001)
[  1  0  0  0  1  0  0  3  0 ] (0.00000000)
[  1  0  0  0  1  0  1  0  0 ] (0.00000026)
[  1  0  0  0  1  0  1  0  1 ] (0.00000017)
[  1  0  0  0  1  0  1  0  2 ] (0.00000001)
[  1  0  0  0  1  0  1  1  0 ] (0.00000182)
[  1  0  0  0  1  0  1  1  1 ] (0.00000038)
[  1  0  0  0  1  0  1  2  0 ] (0.00000025)
[  1  0  0  0  1  0  2  0  0 ] (0.00000000)
[  1  0  0  0  1  0  2  0  1 ] (0.00000009)
[  1  0  0  0  1  0  2  1  0 ] (0.00000010)
[  1  0  0  0  1  0  3  0  0 ] (0.00000031)
[  1  0  0  0  1  1  0  0  0 ] (0.00000009)
[  1  0  0  0  1  1  0  0  1 ] (0.00000053)
[  1  0  0  0  1  1  0  0  2 ] (0.00000000)
[  1  0  0  0  1  1  0  1  0 ] (0.00000571)
[  1  0  0  0  1  1  0  1  1 ] (0.00000033)
[  1  0  0  0  1  1  0  2  0 ] (0.00000018)
[  1  0  0  0  1  1  1  0  0 ] (0.00000403)
[  1  0  0  0  1  1  1  0  1 ] (0.00000077)
[  1  0  0  0  1  1  1  1  0 ] (0.00000010)
[  1  0  0  0  1  1  2  0  0 ] (0.00000009)
[  1  0  0  0  1  2  0  0  0 ] (0.00000014)
[  1  0  0  0  1  2  0  0  1 ] (0.00000015)
[  1  0  0  0  1  2  0  1  0 ] (0.00000001)
[  1  0  0  0  1  2  1  0  0 ] (0.00000005)
[  1  0  0  0  1  3  0  0  0 ] (0.00001058)
[  1  0  0  0  2  0  0  0  0 ] (0.00000000)
[  1  0  0  0  2  0  0  0  1 ] (0.00000019)
[  1  0  0  0  2  0  0  0  2 ] (0.00000000)
[  1  0  0  0  2  0  0  1  0 ] (0.00000002)
[  1  0  0  0  2  0  0  1  1 ] (0.00000013)
[  1  0  0  0  2  0  0  2  0 ] (0.00000012)
[  1  0  0  0  2  0  1  0  0 ] (0.00000001)
[  1  0  0  0  2  0  1  0  1 ] (0.00000007)
[  1  0  0  0  2  0  1  1  0 ] (0.00000001)
[  1  0  0  0  2  0  2  0  0 ] (0.00000003)
[  1  0  0  0  2  1  0  0  0 ] (0.00000002)
[  1  0  0  0  2  1  0  0  1 ] (0.00000001)
[  1  0  0  0  2  1  0  1  0 ] (0.00000024)
[  1  0  0  0  2  1  1  0  0 ] (0.00000002)
[  1  0  0  0  2  2  0  0  0 ] (0.00000000)
[  1  0  0  0  3  0  0  0  0 ] (0.00000000)
[  1  0  0  0  3  0  0  0  1 ] (0.00000006)
[  1  0  0  0  3  0  0  1  0 ] (0.00000053)
[  1  0  0  0  3  0  1  0  0 ] (0.00000626)
[  1  0  0  0  3  1  0  0  0 ] (0.00000036)
[  1  0  0  0  4  0  0  0  0 ] (0.00000007)
[  1  0  0  1  0  0  0  0  0 ] (0.00000007)
[  1  0  0  1  0  0  0  0  1 ] (0.00000003)
[  1  0  0  1  0  0  0  0  2 ] (0.00000004)
[  1  0  0  1  0  0  0  0  3 ] (0.00000001)
[  1  0  0  1  0  0  0  1  0 ] (0.00000012)
[  1  0  0  1  0  0  0  1  1 ] (0.00000001)
[  1  0  0  1  0  0  0  1  2 ] (0.00000000)
[  1  0  0  1  0  0  0  2  0 ] (0.00000002)
[  1  0  0  1  0  0  0  2  1 ] (0.00000005)
[  1  0  0  1  0  0  0  3  0 ] (0.00000008)
[  1  0  0  1  0  0  1  0  0 ] (0.00000000)
[  1  0  0  1  0  0  1  0  1 ] (0.00000213)
[  1  0  0  1  0  0  1  0  2 ] (0.00000000)
[  1  0  0  1  0  0  1  1  0 ] (0.00001960)
[  1  0  0  1  0  0  1  1  1 ] (0.00000124)
[  1  0  0  1  0  0  1  2  0 ] (0.00000004)
[  1  0  0  1  0  0  2  0  0 ] (0.00000004)
[  1  0  0  1  0  0  2  0  1 ] (0.00000000)
[  1  0  0  1  0  0  2  1  0 ] (0.00000001)
[  1  0  0  1  0  0  3  0  0 ] (0.00000007)
[  1  0  0  1  0  1  0  0  0 ] (0.00000011)
[  1  0  0  1  0  1  0  0  1 ] (0.00000026)
[  1  0  0  1  0  1  0  0  2 ] (0.00000006)
[  1  0  0  1  0  1  0  1  0 ] (0.00001770)
[  1  0  0  1  0  1  0  1  1 ] (0.00000155)
[  1  0  0  1  0  1  0  2  0 ] (0.00000051)
[  1  0  0  1  0  1  1  0  0 ] (0.00000151)
[  1  0  0  1  0  1  1  0  1 ] (0.00000090)
[  1  0  0  1  0  1  1  1  0 ] (0.00000051)
[  1  0  0  1  0  1  2  0  0 ] (0.00000007)
[  1  0  0  1  0  2  0  0  0 ] (0.00000002)
[  1  0  0  1  0  2  0  0  1 ] (0.00000003)
[  1  0  0  1  0  2  0  1  0 ] (0.00000028)
[  1  0  0  1  0  2  1  0  0 ] (0.00000004)
[  1  0  0  1  0  3  0  0  0 ] (0.00000009)
[  1  0  0  1  1  0  0  0  0 ] (0.00000060)
[  1  0  0  1  1  0  0  0  1 ] (0.00000069)
[  1  0  0  1  1  0  0  0  2 ] (0.00000001)
[  1  0  0  1  1  0  0  1  0 ] (0.00000227)
[  1  0  0  1  1  0  0  1  1 ] (0.00000026)
[  1  0  0  1  1  0  0  2  0 ] (0.00000187)
[  1  0  0  1  1  0  1  0  0 ] (0.00000002)
[  1  0  0  1  1  0  1  0  1 ] (0.00000000)
[  1  0  0  1  1  0  1  1  0 ] (0.00000159)
[  1  0  0  1  1  0  2  0  0 ] (0.00000005)
[  1  0  0  1  1  1  0  0  0 ] (0.00000009)
[  1  0  0  1  1  1  0  0  1 ] (0.00000002)
[  1  0  0  1  1  1  0  1  0 ] (0.00000001)
[  1  0  0  1  1  1  1  0  0 ] (0.00000002)
[  1  0  0  1  1  2  0  0  0 ] (0.00000011)
[  1  0  0  1  2  0  0  0  0 ] (0.00000005)
[  1  0  0  1  2  0  0  0  1 ] (0.00000001)
[  1  0  0  1  2  0  0  1  0 ] (0.00000000)
[  1  0  0  1  2  0  1  0  0 ] (0.00000015)
[  1  0  0  1  2  1  0  0  0 ] (0.00000002)
[  1  0  0  1  3  0  0  0  0 ] (0.00001321)
[  1  0  0  2  0  0  0  0  0 ] (0.00000009)
[  1  0  0  2  0  0  0  0  1 ] (0.00000834)
[  1  0  0  2  0  0  0  0  2 ] (0.00000004)
[  1  0  0  2  0  0  0  1  0 ] (0.00000055)
[  1  0  0  2  0  0  0  1  1 ] (0.00000000)
[  1  0  0  2  0  0  0  2  0 ] (0.00000001)
[  1  0  0  2  0  0  1  0  0 ] (0.00000041)
[  1  0  0  2  0  0  1  0  1 ] (0.00000029)
[  1  0  0  2  0  0  1  1  0 ] (0.00000053)
[  1  0  0  2  0  0  2  0  0 ] (0.00000006)
[  1  0  0  2  0  1  0  0  0 ] (0.00000044)
[  1  0  0  2  0  1  0  0  1 ] (0.00000062)
[  1  0  0  2  0  1  0  1  0 ] (0.00000004)
[  1  0  0  2  0  1  1  0  0 ] (0.00000016)
[  1  0  0  2  0  2  0  0  0 ] (0.00000039)
[  1  0  0  2  1  0  0  0  0 ] (0.00000008)
[  1  0  0  2  1  0  0  0  1 ] (0.00000007)
[  1  0  0  2  1  0  0  1  0 ] (0.00000012)
[  1  0  0  2  1  0  1  0  0 ] (0.00000008)
[  1  0  0  2  1  1  0  0  0 ] (0.00000032)
[  1  0  0  2  2  0  0  0  0 ] (0.00000002)
[  1  0  0  3  0  0  0  0  0 ] (0.00000039)
[  1  0  0  3  0  0  0  0  1 ] (0.00000015)
[  1  0  0  3  0  0  0  1  0 ] (0.00000590)
[  1  0  0  3  0  0  1  0  0 ] (0.00000220)
[  1  0  0  3  0  1  0  0  0 ] (0.00000324)
[  1  0  0  3  1  0  0  0  0 ] (0.00000270)
[  1  0  0  4  0  0  0  0  0 ] (0.00000063)
[  1  0  1  0  0  0  0  0  0 ] (0.00006570)
[  1  0  1  0  0  0  0  0  1 ] (0.00001230)
[  1  0  1  0  0  0  0  0  2 ] (0.00002068)
[  1  0  1  0  0  0  0  0  3 ] (0.00000340)
[  1  0  1  0  0  0  0  1  0 ] (0.00043363)
[  1  0  1  0  0  0  0  1  1 ] (0.00459962)
[  1  0  1  0  0  0  0  1  2 ] (0.00006187)
[  1  0  1  0  0  0  0  2  0 ] (0.00033913)
[  1  0  1  0  0  0  0  2  1 ] (0.00005822)
[  1  0  1  0  0  0  0  3  0 ] (0.01196114)
[  1  0  1  0  0  0  1  0  0 ] (0.00070074)
[  1  0  1  0  0  0  1  0  1 ] (0.00479802)
[  1  0  1  0  0  0  1  0  2 ] (0.00249554)
[  1  0  1  0  0  0  1  1  0 ] (0.00139818)
[  1  0  1  0  0  0  1  1  1 ] (0.00041239)
[  1  0  1  0  0  0  1  2  0 ] (0.00229839)
[  1  0  1  0  0  0  2  0  0 ] (0.00019496)
[  1  0  1  0  0  0  2  0  1 ] (0.00002254)
[  1  0  1  0  0  0  2  1  0 ] (0.00001043)
[  1  0  1  0  0  0  3  0  0 ] (0.00020898)
[  1  0  1  0  0  1  0  0  0 ] (0.00005524)
[  1  0  1  0  0  1  0  0  1 ] (0.00000253)
[  1  0  1  0  0  1  0  0  2 ] (0.00008145)
[  1  0  1  0  0  1  0  1  0 ] (0.00044647)
[  1  0  1  0  0  1  0  1  1 ] (0.00011491)
[  1  0  1  0  0  1  0  2  0 ] (0.00003110)
[  1  0  1  0  0  1  1  0  0 ] (0.00001133)
[  1  0  1  0  0  1  1  0  1 ] (0.00014155)
[  1  0  1  0  0  1  1  1  0 ] (0.00000354)
[  1  0  1  0  0  1  2  0  0 ] (0.00001485)
[  1  0  1  0  0  2  0  0  0 ] (0.00013069)
[  1  0  1  0  0  2  0  0  1 ] (0.00014903)
[  1  0  1  0  0  2  0  1  0 ] (0.00006006)
[  1  0  1  0  0  2  1  0  0 ] (0.00115553)
[  1  0  1  0  0  3  0  0  0 ] (0.00032774)
[  1  0  1  0  1  0  0  0  0 ] (0.00028039)
[  1  0  1  0  1  0  0  0  1 ] (0.01057690)
[  1  0  1  0  1  0  0  0  2 ] (0.00148853)
[  1  0  1  0  1  0  0  1  0 ] (0.00023723)
[  1  0  1  0  1  0  0  1  1 ] (0.00013046)
[  1  0  1  0  1  0  0  2  0 ] (0.00356425)
[  1  0  1  0  1  0  1  0  0 ] (0.00000799)
[  1  0  1  0  1  0  1  0  1 ] (0.00022082)
[  1  0  1  0  1  0  1  1  0 ] (0.00007242)
[  1  0  1  0  1  0  2  0  0 ] (0.00006834)
[  1  0  1  0  1  1  0  0  0 ] (0.00030873)
[  1  0  1  0  1  1  0  0  1 ] (0.00002286)
[  1  0  1  0  1  1  0  1  0 ] (0.00000090)
[  1  0  1  0  1  1  1  0  0 ] (0.00008483)
[  1  0  1  0  1  2  0  0  0 ] (0.00286075)
[  1  0  1  0  2  0  0  0  0 ] (0.00000555)
[  1  0  1  0  2  0  0  0  1 ] (0.00004114)
[  1  0  1  0  2  0  0  1  0 ] (0.00154487)
[  1  0  1  0  2  0  1  0  0 ] (0.00003417)
[  1  0  1  0  2  1  0  0  0 ] (0.00064554)
[  1  0  1  0  3  0  0  0  0 ] (0.00121468)
[  1  0  1  1  0  0  0  0  0 ] (0.00027522)
[  1  0  1  1  0  0  0  0  1 ] (0.00416673)
[  1  0  1  1  0  0  0  0  2 ] (0.00111706)
[  1  0  1  1  0  0  0  1  0 ] (0.00001076)
[  1  0  1  1  0  0  0  1  1 ] (0.00001343)
[  1  0  1  1  0  0  0  2  0 ] (0.00247523)
[  1  0  1  1  0  0  1  0  0 ] (0.00064809)
[  1  0  1  1  0  0  1  0  1 ] (0.00003430)
[  1  0  1  1  0  0  1  1  0 ] (0.00013868)
[  1  0  1  1  0  0  2  0  0 ] (0.00002170)
[  1  0  1  1  0  1  0  0  0 ] (0.00001432)
[  1  0  1  1  0  1  0  0  1 ] (0.00064562)
[  1  0  1  1  0  1  0  1  0 ] (0.00025803)
[  1  0  1  1  0  1  1  0  0 ] (0.00000007)
[  1  0  1  1  0  2  0  0  0 ] (0.00043664)
[  1  0  1  1  1  0  0  0  0 ] (0.00023810)
[  1  0  1  1  1  0  0  0  1 ] (0.00001598)
[  1  0  1  1  1  0  0  1  0 ] (0.00002408)
[  1  0  1  1  1  0  1  0  0 ] (0.00016438)
[  1  0  1  1  1  1  0  0  0 ] (0.00017433)
[  1  0  1  1  2  0  0  0  0 ] (0.00172933)
[  1  0  1  2  0  0  0  0  0 ] (0.00004445)
[  1  0  1  2  0  0  0  0  1 ] (0.00003538)
[  1  0  1  2  0  0  0  1  0 ] (0.00024925)
[  1  0  1  2  0  0  1  0  0 ] (0.00000469)
[  1  0  1  2  0  1  0  0  0 ] (0.00034514)
[  1  0  1  2  1  0  0  0  0 ] (0.00032518)
[  1  0  1  3  0  0  0  0  0 ] (0.00001087)
[  1  0  2  0  0  0  0  0  0 ] (0.00000000)
[  1  0  2  0  0  0  0  0  1 ] (0.00000031)
[  1  0  2  0  0  0  0  0  2 ] (0.00000001)
[  1  0  2  0  0  0  0  1  0 ] (0.00000031)
[  1  0  2  0  0  0  0  1  1 ] (0.00000008)
[  1  0  2  0  0  0  0  2  0 ] (0.00000455)
[  1  0  2  0  0  0  1  0  0 ] (0.00000003)
[  1  0  2  0  0  0  1  0  1 ] (0.00000019)
[  1  0  2  0  0  0  1  1  0 ] (0.00000120)
[  1  0  2  0  0  0  2  0  0 ] (0.00000002)
[  1  0  2  0  0  1  0  0  0 ] (0.00000004)
[  1  0  2  0  0  1  0  0  1 ] (0.00000000)
[  1  0  2  0  0  1  0  1  0 ] (0.00000021)
[  1  0  2  0  0  1  1  0  0 ] (0.00000004)
[  1  0  2  0  0  2  0  0  0 ] (0.00000011)
[  1  0  2  0  1  0  0  0  0 ] (0.00000039)
[  1  0  2  0  1  0  0  0  1 ] (0.00000008)
[  1  0  2  0  1  0  0  1  0 ] (0.00000010)
[  1  0  2  0  1  0  1  0  0 ] (0.00000007)
[  1  0  2  0  1  1  0  0  0 ] (0.00000018)
[  1  0  2  0  2  0  0  0  0 ] (0.00000301)
[  1  0  2  1  0  0  0  0  0 ] (0.00000027)
[  1  0  2  1  0  0  0  0  1 ] (0.00000047)
[  1  0  2  1  0  0  0  1  0 ] (0.00000275)
[  1  0  2  1  0  0  1  0  0 ] (0.00000143)
[  1  0  2  1  0  1  0  0  0 ] (0.00000046)
[  1  0  2  1  1  0  0  0  0 ] (0.00000009)
[  1  0  2  2  0  0  0  0  0 ] (0.00000760)
[  1  0  3  0  0  0  0  0  0 ] (0.00000001)
[  1  0  3  0  0  0  0  0  1 ] (0.00000102)
[  1  0  3  0  0  0  0  1  0 ] (0.00000062)
[  1  0  3  0  0  0  1  0  0 ] (0.00001173)
[  1  0  3  0  0  1  0  0  0 ] (0.00000007)
[  1  0  3  0  1  0  0  0  0 ] (0.00000059)
[  1  0  3  1  0  0  0  0  0 ] (0.00000209)
[  1  0  4  0  0  0  0  0  0 ] (0.00019743)
[  1  1  0  0  0  0  0  0  0 ] (0.00000482)
[  1  1  0  0  0  0  0  0  1 ] (0.00000853)
[  1  1  0  0  0  0  0  0  2 ] (0.00704513)
[  1  1  0  0  0  0  0  0  3 ] (0.00012864)
[  1  1  0  0  0  0  0  1  0 ] (0.00156752)
[  1  1  0  0  0  0  0  1  1 ] (0.00259464)
[  1  1  0  0  0  0  0  1  2 ] (0.00021569)
[  1  1  0  0  0  0  0  2  0 ] (0.00268644)
[  1  1  0  0  0  0  0  2  1 ] (0.00169001)
[  1  1  0  0  0  0  0  3  0 ] (0.09103851)
[  1  1  0  0  0  0  1  0  0 ] (0.00062436)
[  1  1  0  0  0  0  1  0  1 ] (0.00099405)
[  1  1  0  0  0  0  1  0  2 ] (0.00192347)
[  1  1  0  0  0  0  1  1  0 ] (0.00034744)
[  1  1  0  0  0  0  1  1  1 ] (0.00001339)
[  1  1  0  0  0  0  1  2  0 ] (0.00408802)
[  1  1  0  0  0  0  2  0  0 ] (0.00000952)
[  1  1  0  0  0  0  2  0  1 ] (0.00000169)
[  1  1  0  0  0  0  2  1  0 ] (0.00077209)
[  1  1  0  0  0  0  3  0  0 ] (0.00220832)
[  1  1  0  0  0  1  0  0  0 ] (0.00003425)
[  1  1  0  0  0  1  0  0  1 ] (0.00056191)
[  1  1  0  0  0  1  0  0  2 ] (0.00009107)
[  1  1  0  0  0  1  0  1  0 ] (0.00011724)
[  1  1  0  0  0  1  0  1  1 ] (0.00002157)
[  1  1  0  0  0  1  0  2  0 ] (0.00703441)
[  1  1  0  0  0  1  1  0  0 ] (0.00000555)
[  1  1  0  0  0  1  1  0  1 ] (0.00002921)
[  1  1  0  0  0  1  1  1  0 ] (0.00000142)
[  1  1  0  0  0  1  2  0  0 ] (0.00210942)
[  1  1  0  0  0  2  0  0  0 ] (0.00007425)
[  1  1  0  0  0  2  0  0  1 ] (0.00040424)
[  1  1  0  0  0  2  0  1  0 ] (0.00258529)
[  1  1  0  0  0  2  1  0  0 ] (0.00446177)
[  1  1  0  0  0  3  0  0  0 ] (0.00010790)
[  1  1  0  0  1  0  0  0  0 ] (0.00102359)
[  1  1  0  0  1  0  0  0  1 ] (0.00660689)
[  1  1  0  0  1  0  0  0  2 ] (0.00278839)
[  1  1  0  0  1  0  0  1  0 ] (0.00026476)
[  1  1  0  0  1  0  0  1  1 ] (0.00024218)
[  1  1  0  0  1  0  0  2  0 ] (0.00008822)
[  1  1  0  0  1  0  1  0  0 ] (0.00000066)
[  1  1  0  0  1  0  1  0  1 ] (0.00021622)
[  1  1  0  0  1  0  1  1  0 ] (0.00055083)
[  1  1  0  0  1  0  2  0  0 ] (0.00044560)
[  1  1  0  0  1  1  0  0  0 ] (0.00001543)
[  1  1  0  0  1  1  0  0  1 ] (0.00004152)
[  1  1  0  0  1  1  0  1  0 ] (0.00102497)
[  1  1  0  0  1  1  1  0  0 ] (0.00016173)
[  1  1  0  0  1  2  0  0  0 ] (0.00059277)
[  1  1  0  0  2  0  0  0  0 ] (0.00013878)
[  1  1  0  0  2  0  0  0  1 ] (0.00025248)
[  1  1  0  0  2  0  0  1  0 ] (0.00000368)
[  1  1  0  0  2  0  1  0  0 ] (0.00002589)
[  1  1  0  0  2  1  0  0  0 ] (0.00050032)
[  1  1  0  0  3  0  0  0  0 ] (0.00024409)
[  1  1  0  1  0  0  0  0  0 ] (0.00034808)
[  1  1  0  1  0  0  0  0  1 ] (0.00450786)
[  1  1  0  1  0  0  0  0  2 ] (0.00032948)
[  1  1  0  1  0  0  0  1  0 ] (0.00002296)
[  1  1  0  1  0  0  0  1  1 ] (0.00002103)
[  1  1  0  1  0  0  0  2  0 ] (0.00036121)
[  1  1  0  1  0  0  1  0  0 ] (0.00004115)
[  1  1  0  1  0  0  1  0  1 ] (0.00002746)
[  1  1  0  1  0  0  1  1  0 ] (0.00000120)
[  1  1  0  1  0  0  2  0  0 ] (0.00031743)
[  1  1  0  1  0  1  0  0  0 ] (0.00003150)
[  1  1  0  1  0  1  0  0  1 ] (0.00018071)
[  1  1  0  1  0  1  0  1  0 ] (0.00105204)
[  1  1  0  1  0  1  1  0  0 ] (0.00075849)
[  1  1  0  1  0  2  0  0  0 ] (0.00036397)
[  1  1  0  1  1  0  0  0  0 ] (0.00021061)
[  1  1  0  1  1  0  0  0  1 ] (0.00022349)
[  1  1  0  1  1  0  0  1  0 ] (0.00004328)
[  1  1  0  1  1  0  1  0  0 ] (0.00047793)
[  1  1  0  1  1  1  0  0  0 ] (0.00010240)
[  1  1  0  1  2  0  0  0  0 ] (0.00017219)
[  1  1  0  2  0  0  0  0  0 ] (0.00009695)
[  1  1  0  2  0  0  0  0  1 ] (0.00007540)
[  1  1  0  2  0  0  0  1  0 ] (0.00025608)
[  1  1  0  2  0  0  1  0  0 ] (0.00086104)
[  1  1  0  2  0  1  0  0  0 ] (0.00057652)
[  1  1  0  2  1  0  0  0  0 ] (0.00042356)
[  1  1  0  3  0  0  0  0  0 ] (0.00003828)
[  1  1  1  0  0  0  0  0  0 ] (0.00000001)
[  1  1  1  0  0  0  0  0  1 ] (0.00000068)
[  1  1  1  0  0  0  0  0  2 ] (0.00000008)
[  1  1  1  0  0  0  0  1  0 ] (0.00000017)
[  1  1  1  0  0  0  0  1  1 ] (0.00000006)
[  1  1  1  0  0  0  0  2  0 ] (0.00000557)
[  1  1  1  0  0  0  1  0  0 ] (0.00000000)
[  1  1  1  0  0  0  1  0  1 ] (0.00000030)
[  1  1  1  0  0  0  1  1  0 ] (0.00000020)
[  1  1  1  0  0  0  2  0  0 ] (0.00000006)
[  1  1  1  0  0  1  0  0  0 ] (0.00000000)
[  1  1  1  0  0  1  0  0  1 ] (0.00000003)
[  1  1  1  0  0  1  0  1  0 ] (0.00000025)
[  1  1  1  0  0  1  1  0  0 ] (0.00000012)
[  1  1  1  0  0  2  0  0  0 ] (0.00000005)
[  1  1  1  0  1  0  0  0  0 ] (0.00000000)
[  1  1  1  0  1  0  0  0  1 ] (0.00000015)
[  1  1  1  0  1  0  0  1  0 ] (0.00000447)
[  1  1  1  0  1  0  1  0  0 ] (0.00000173)
[  1  1  1  0  1  1  0  0  0 ] (0.00000009)
[  1  1  1  0  2  0  0  0  0 ] (0.00000141)
[  1  1  1  1  0  0  0  0  0 ] (0.00000000)
[  1  1  1  1  0  0  0  0  1 ] (0.00000051)
[  1  1  1  1  0  0  0  1  0 ] (0.00000005)
[  1  1  1  1  0  0  1  0  0 ] (0.00000010)
[  1  1  1  1  0  1  0  0  0 ] (0.00000092)
[  1  1  1  1  1  0  0  0  0 ] (0.00000142)
[  1  1  1  2  0  0  0  0  0 ] (0.00000035)
[  1  1  2  0  0  0  0  0  0 ] (0.00011130)
[  1  1  2  0  0  0  0  0  1 ] (0.00031561)
[  1  1  2  0  0  0  0  1  0 ] (0.00047412)
[  1  1  2  0  0  0  1  0  0 ] (0.00433134)
[  1  1  2  0  0  1  0  0  0 ] (0.00150942)
[  1  1  2  0  1  0  0  0  0 ] (0.00522086)
[  1  1  2  1  0  0  0  0  0 ] (0.00487240)
[  1  1  3  0  0  0  0  0  0 ] (0.00002118)
[  1  2  0  0  0  0  0  0  0 ] (0.00000007)
[  1  2  0  0  0  0  0  0  1 ] (0.00000009)
[  1  2  0  0  0  0  0  0  2 ] (0.00000062)
[  1  2  0  0  0  0  0  1  0 ] (0.00000020)
[  1  2  0  0  0  0  0  1  1 ] (0.00000043)
[  1  2  0  0  0  0  0  2  0 ] (0.00000007)
[  1  2  0  0  0  0  1  0  0 ] (0.00000000)
[  1  2  0  0  0  0  1  0  1 ] (0.00000004)
[  1  2  0  0  0  0  1  1  0 ] (0.00000859)
[  1  2  0  0  0  0  2  0  0 ] (0.00000439)
[  1  2  0  0  0  1  0  0  0 ] (0.00000000)
[  1  2  0  0  0  1  0  0  1 ] (0.00000026)
[  1  2  0  0  0  1  0  1  0 ] (0.00000501)
[  1  2  0  0  0  1  1  0  0 ] (0.00000092)
[  1  2  0  0  0  2  0  0  0 ] (0.00000001)
[  1  2  0  0  1  0  0  0  0 ] (0.00000001)
[  1  2  0  0  1  0  0  0  1 ] (0.00000067)
[  1  2  0  0  1  0  0  1  0 ] (0.00000090)
[  1  2  0  0  1  0  1  0  0 ] (0.00000075)
[  1  2  0  0  1  1  0  0  0 ] (0.00000209)
[  1  2  0  0  2  0  0  0  0 ] (0.00000030)
[  1  2  0  1  0  0  0  0  0 ] (0.00000011)
[  1  2  0  1  0  0  0  0  1 ] (0.00000152)
[  1  2  0  1  0  0  0  1  0 ] (0.00000112)
[  1  2  0  1  0  0  1  0  0 ] (0.00000372)
[  1  2  0  1  0  1  0  0  0 ] (0.00000447)
[  1  2  0  1  1  0  0  0  0 ] (0.00000040)
[  1  2  0  2  0  0  0  0  0 ] (0.00000036)
[  1  2  1  0  0  0  0  0  0 ] (0.00000683)
[  1  2  1  0  0  0  0  0  1 ] (0.00037479)
[  1  2  1  0  0  0  0  1  0 ] (0.00003611)
[  1  2  1  0  0  0  1  0  0 ] (0.00064501)
[  1  2  1  0  0  1  0  0  0 ] (0.00002186)
[  1  2  1  0  1  0  0  0  0 ] (0.00008516)
[  1  2  1  1  0  0  0  0  0 ] (0.00111807)
[  1  2  2  0  0  0  0  0  0 ] (0.00000103)
[  1  3  0  0  0  0  0  0  0 ] (0.00000016)
[  1  3  0  0  0  0  0  0  1 ] (0.00000182)
[  1  3  0  0  0  0  0  1  0 ] (0.00000000)
[  1  3  0  0  0  0  1  0  0 ] (0.00000012)
[  1  3  0  0  0  1  0  0  0 ] (0.00000009)
[  1  3  0  0  1  0  0  0  0 ] (0.00000000)
[  1  3  0  1  0  0  0  0  0 ] (0.00000017)
[  1  3  1  0  0  0  0  0  0 ] (0.00025044)
[  1  4  0  0  0  0  0  0  0 ] (0.00002644)
[  2  0  0  0  0  0  0  0  0 ] (0.00000079)
[  2  0  0  0  0  0  0  0  1 ] (0.00003110)
[  2  0  0  0  0  0  0  0  2 ] (0.00209612)
[  2  0  0  0  0  0  0  0  3 ] (0.00001040)
[  2  0  0  0  0  0  0  1  0 ] (0.00016368)
[  2  0  0  0  0  0  0  1  1 ] (0.00883747)
[  2  0  0  0  0  0  0  1  2 ] (0.00009192)
[  2  0  0  0  0  0  0  2  0 ] (0.00005425)
[  2  0  0  0  0  0  0  2  1 ] (0.00070476)
[  2  0  0  0  0  0  0  3  0 ] (0.02786958)
[  2  0  0  0  0  0  1  0  0 ] (0.00003097)
[  2  0  0  0  0  0  1  0  1 ] (0.00000110)
[  2  0  0  0  0  0  1  0  2 ] (0.00000611)
[  2  0  0  0  0  0  1  1  0 ] (0.00013733)
[  2  0  0  0  0  0  1  1  1 ] (0.00013533)
[  2  0  0  0  0  0  1  2  0 ] (0.00853386)
[  2  0  0  0  0  0  2  0  0 ] (0.00005237)
[  2  0  0  0  0  0  2  0  1 ] (0.00000001)
[  2  0  0  0  0  0  2  1  0 ] (0.00094672)
[  2  0  0  0  0  0  3  0  0 ] (0.00032402)
[  2  0  0  0  0  1  0  0  0 ] (0.00034849)
[  2  0  0  0  0  1  0  0  1 ] (0.00338632)
[  2  0  0  0  0  1  0  0  2 ] (0.00025551)
[  2  0  0  0  0  1  0  1  0 ] (0.00009397)
[  2  0  0  0  0  1  0  1  1 ] (0.00000339)
[  2  0  0  0  0  1  0  2  0 ] (0.00054340)
[  2  0  0  0  0  1  1  0  0 ] (0.00000009)
[  2  0  0  0  0  1  1  0  1 ] (0.00001522)
[  2  0  0  0  0  1  1  1  0 ] (0.00010031)
[  2  0  0  0  0  1  2  0  0 ] (0.00065068)
[  2  0  0  0  0  2  0  0  0 ] (0.00000133)
[  2  0  0  0  0  2  0  0  1 ] (0.00013464)
[  2  0  0  0  0  2  0  1  0 ] (0.00042957)
[  2  0  0  0  0  2  1  0  0 ] (0.00120345)
[  2  0  0  0  0  3  0  0  0 ] (0.00008311)
[  2  0  0  0  1  0  0  0  0 ] (0.00024440)
[  2  0  0  0  1  0  0  0  1 ] (0.00018622)
[  2  0  0  0  1  0  0  0  2 ] (0.00000000)
[  2  0  0  0  1  0  0  1  0 ] (0.00002173)
[  2  0  0  0  1  0  0  1  1 ] (0.00000024)
[  2  0  0  0  1  0  0  2  0 ] (0.03023015)
[  2  0  0  0  1  0  1  0  0 ] (0.00004703)
[  2  0  0  0  1  0  1  0  1 ] (0.00000965)
[  2  0  0  0  1  0  1  1  0 ] (0.00032902)
[  2  0  0  0  1  0  2  0  0 ] (0.00122801)
[  2  0  0  0  1  1  0  0  0 ] (0.00014052)
[  2  0  0  0  1  1  0  0  1 ] (0.00000200)
[  2  0  0  0  1  1  0  1  0 ] (0.00009164)
[  2  0  0  0  1  1  1  0  0 ] (0.00020631)
[  2  0  0  0  1  2  0  0  0 ] (0.00106686)
[  2  0  0  0  2  0  0  0  0 ] (0.00000523)
[  2  0  0  0  2  0  0  0  1 ] (0.00007915)
[  2  0  0  0  2  0  0  1  0 ] (0.00238673)
[  2  0  0  0  2  0  1  0  0 ] (0.00476207)
[  2  0  0  0  2  1  0  0  0 ] (0.00559022)
[  2  0  0  0  3  0  0  0  0 ] (0.00106994)
[  2  0  0  1  0  0  0  0  0 ] (0.00000740)
[  2  0  0  1  0  0  0  0  1 ] (0.00167469)
[  2  0  0  1  0  0  0  0  2 ] (0.00021915)
[  2  0  0  1  0  0  0  1  0 ] (0.00040210)
[  2  0  0  1  0  0  0  1  1 ] (0.00008373)
[  2  0  0  1  0  0  0  2  0 ] (0.00371654)
[  2  0  0  1  0  0  1  0  0 ] (0.00004960)
[  2  0  0  1  0  0  1  0  1 ] (0.00000406)
[  2  0  0  1  0  0  1  1  0 ] (0.00045963)
[  2  0  0  1  0  0  2  0  0 ] (0.00146942)
[  2  0  0  1  0  1  0  0  0 ] (0.00000013)
[  2  0  0  1  0  1  0  0  1 ] (0.00000987)
[  2  0  0  1  0  1  0  1  0 ] (0.00020580)
[  2  0  0  1  0  1  1  0  0 ] (0.00054743)
[  2  0  0  1  0  2  0  0  0 ] (0.00027938)
[  2  0  0  1  1  0  0  0  0 ] (0.00006991)
[  2  0  0  1  1  0  0  0  1 ] (0.00015943)
[  2  0  0  1  1  0  0  1  0 ] (0.00004399)
[  2  0  0  1  1  0  1  0  0 ] (0.00182694)
[  2  0  0  1  1  1  0  0  0 ] (0.00004117)
[  2  0  0  1  2  0  0  0  0 ] (0.00046980)
[  2  0  0  2  0  0  0  0  0 ] (0.00026836)
[  2  0  0  2  0  0  0  0  1 ] (0.00056070)
[  2  0  0  2  0  0  0  1  0 ] (0.00000135)
[  2  0  0  2  0  0  1  0  0 ] (0.00338901)
[  2  0  0  2  0  1  0  0  0 ] (0.00192673)
[  2  0  0  2  1  0  0  0  0 ] (0.00370061)
[  2  0  0  3  0  0  0  0  0 ] (0.00004286)
[  2  0  1  0  0  0  0  0  0 ] (0.00000000)
[  2  0  1  0  0  0  0  0  1 ] (0.00000032)
[  2  0  1  0  0  0  0  0  2 ] (0.00000033)
[  2  0  1  0  0  0  0  1  0 ] (0.00000000)
[  2  0  1  0  0  0  0  1  1 ] (0.00000002)
[  2  0  1  0  0  0  0  2  0 ] (0.00000013)
[  2  0  1  0  0  0  1  0  0 ] (0.00000003)
[  2  0  1  0  0  0  1  0  1 ] (0.00000003)
[  2  0  1  0  0  0  1  1  0 ] (0.00000065)
[  2  0  1  0  0  0  2  0  0 ] (0.00000018)
[  2  0  1  0  0  1  0  0  0 ] (0.00000001)
[  2  0  1  0  0  1  0  0  1 ] (0.00000001)
[  2  0  1  0  0  1  0  1  0 ] (0.00000052)
[  2  0  1  0  0  1  1  0  0 ] (0.00000126)
[  2  0  1  0  0  2  0  0  0 ] (0.00000069)
[  2  0  1  0  1  0  0  0  0 ] (0.00000011)
[  2  0  1  0  1  0  0  0  1 ] (0.00000000)
[  2  0  1  0  1  0  0  1  0 ] (0.00000109)
[  2  0  1  0  1  0  1  0  0 ] (0.00000204)
[  2  0  1  0  1  1  0  0  0 ] (0.00000049)
[  2  0  1  0  2  0  0  0  0 ] (0.00000076)
[  2  0  1  1  0  0  0  0  0 ] (0.00000004)
[  2  0  1  1  0  0  0  0  1 ] (0.00000000)
[  2  0  1  1  0  0  0  1  0 ] (0.00000030)
[  2  0  1  1  0  0  1  0  0 ] (0.00000084)
[  2  0  1  1  0  1  0  0  0 ] (0.00000000)
[  2  0  1  1  1  0  0  0  0 ] (0.00000060)
[  2  0  1  2  0  0  0  0  0 ] (0.00000203)
[  2  0  2  0  0  0  0  0  0 ] (0.00018071)
[  2  0  2  0  0  0  0  0  1 ] (0.00111353)
[  2  0  2  0  0  0  0  1  0 ] (0.00046025)
[  2  0  2  0  0  0  1  0  0 ] (0.00056952)
[  2  0  2  0  0  1  0  0  0 ] (0.00061869)
[  2  0  2  0  1  0  0  0  0 ] (0.00360991)
[  2  0  2  1  0  0  0  0  0 ] (0.00099453)
[  2  0  3  0  0  0  0  0  0 ] (0.00040654)
[  2  1  0  0  0  0  0  0  0 ] (0.00000000)
[  2  1  0  0  0  0  0  0  1 ] (0.00000013)
[  2  1  0  0  0  0  0  0  2 ] (0.00000140)
[  2  1  0  0  0  0  0  1  0 ] (0.00000006)
[  2  1  0  0  0  0  0  1  1 ] (0.00000003)
[  2  1  0  0  0  0  0  2  0 ] (0.00000203)
[  2  1  0  0  0  0  1  0  0 ] (0.00000011)
[  2  1  0  0  0  0  1  0  1 ] (0.00000030)
[  2  1  0  0  0  0  1  1  0 ] (0.00000256)
[  2  1  0  0  0  0  2  0  0 ] (0.00000278)
[  2  1  0  0  0  1  0  0  0 ] (0.00000000)
[  2  1  0  0  0  1  0  0  1 ] (0.00000099)
[  2  1  0  0  0  1  0  1  0 ] (0.00000202)
[  2  1  0  0  0  1  1  0  0 ] (0.00001926)
[  2  1  0  0  0  2  0  0  0 ] (0.00000033)
[  2  1  0  0  1  0  0  0  0 ] (0.00000023)
[  2  1  0  0  1  0  0  0  1 ] (0.00000001)
[  2  1  0  0  1  0  0  1  0 ] (0.00000004)
[  2  1  0  0  1  0  1  0  0 ] (0.00000283)
[  2  1  0  0  1  1  0  0  0 ] (0.00000002)
[  2  1  0  0  2  0  0  0  0 ] (0.00000003)
[  2  1  0  1  0  0  0  0  0 ] (0.00000010)
[  2  1  0  1  0  0  0  0  1 ] (0.00000000)
[  2  1  0  1  0  0  0  1  0 ] (0.00000086)
[  2  1  0  1  0  0  1  0  0 ] (0.00000140)
[  2  1  0  1  0  1  0  0  0 ] (0.00000119)
[  2  1  0  1  1  0  0  0  0 ] (0.00000004)
[  2  1  0  2  0  0  0  0  0 ] (0.00000037)
[  2  1  1  0  0  0  0  0  0 ] (0.00014664)
[  2  1  1  0  0  0  0  0  1 ] (0.00652548)
[  2  1  1  0  0  0  0  1  0 ] (0.00029486)
[  2  1  1  0  0  0  1  0  0 ] (0.00041819)
[  2  1  1  0  0  1  0  0  0 ] (0.00171289)
[  2  1  1  0  1  0  0  0  0 ] (0.00188347)
[  2  1  1  1  0  0  0  0  0 ] (0.00045936)
[  2  1  2  0  0  0  0  0  0 ] (0.00000008)
[  2  2  0  0  0  0  0  0  0 ] (0.00003591)
[  2  2  0  0  0  0  0  0  1 ] (0.00011988)
[  2  2  0  0  0  0  0  1  0 ] (0.00011934)
[  2  2  0  0  0  0  1  0  0 ] (0.00043047)
[  2  2  0  0  0  1  0  0  0 ] (0.00100413)
[  2  2  0  0  1  0  0  0  0 ] (0.00143274)
[  2  2  0  1  0  0  0  0  0 ] (0.00002071)
[  2  2  1  0  0  0  0  0  0 ] (0.00000001)
[  2  3  0  0  0  0  0  0  0 ] (0.00000136)
[  3  0  0  0  0  0  0  0  0 ] (0.00000299)
[  3  0  0  0  0  0  0  0  1 ] (0.00000197)
[  3  0  0  0  0  0  0  0  2 ] (0.00003695)
[  3  0  0  0  0  0  0  1  0 ] (0.00005038)
[  3  0  0  0  0  0  0  1  1 ] (0.00011744)
[  3  0  0  0  0  0  0  2  0 ] (0.00044445)
[  3  0  0  0  0  0  1  0  0 ] (0.00000880)
[  3  0  0  0  0  0  1  0  1 ] (0.00000367)
[  3  0  0  0  0  0  1  1  0 ] (0.00000806)
[  3  0  0  0  0  0  2  0  0 ] (0.00001196)
[  3  0  0  0  0  1  0  0  0 ] (0.00000746)
[  3  0  0  0  0  1  0  0  1 ] (0.00006791)
[  3  0  0  0  0  1  0  1  0 ] (0.00116647)
[  3  0  0  0  0  1  1  0  0 ] (0.00032325)
[  3  0  0  0  0  2  0  0  0 ] (0.00007497)
[  3  0  0  0  1  0  0  0  0 ] (0.00001233)
[  3  0  0  0  1  0  0  0  1 ] (0.00092195)
[  3  0  0  0  1  0  0  1  0 ] (0.00079585)
[  3  0  0  0  1  0  1  0  0 ] (0.00073267)
[  3  0  0  0  1  1  0  0  0 ] (0.00004876)
[  3  0  0  0  2  0  0  0  0 ] (0.00004175)
[  3  0  0  1  0  0  0  0  0 ] (0.00000254)
[  3  0  0  1  0  0  0  0  1 ] (0.00009238)
[  3  0  0  1  0  0  0  1  0 ] (0.00015795)
[  3  0  0  1  0  0  1  0  0 ] (0.00000260)
[  3  0  0  1  0  1  0  0  0 ] (0.00000047)
[  3  0  0  1  1  0  0  0  0 ] (0.00012051)
[  3  0  0  2  0  0  0  0  0 ] (0.00009496)
[  3  0  1  0  0  0  0  0  0 ] (0.00000009)
[  3  0  1  0  0  0  0  0  1 ] (0.00000072)
[  3  0  1  0  0  0  0  1  0 ] (0.00000001)
[  3  0  1  0  0  0  1  0  0 ] (0.00000001)
[  3  0  1  0  0  1  0  0  0 ] (0.00000004)
[  3  0  1  0  1  0  0  0  0 ] (0.00000000)
[  3  0  1  1  0  0  0  0  0 ] (0.00000002)
[  3  0  2  0  0  0  0  0  0 ] (0.00004884)
[  3  1  0  0  0  0  0  0  0 ] (0.00000003)
[  3  1  0  0  0  0  0  0  1 ] (0.00000010)
[  3  1  0  0  0  0  0  1  0 ] (0.00000004)
[  3  1  0  0  0  0  1  0  0 ] (0.00000004)
[  3  1  0  0  0  1  0  0  0 ] (0.00000000)
[  3  1  0  0  1  0  0  0  0 ] (0.00000017)
[  3  1  0  1  0  0  0  0  0 ] (0.00000001)
[  3  1  1  0  0  0  0  0  0 ] (0.00000859)
[  3  2  0  0  0  0  0  0  0 ] (0.00000397)
[  4  0  0  0  0  0  0  0  0 ] (0.00000000)
[  4  0  0  0  0  0  0  0  1 ] (0.00000000)
[  4  0  0  0  0  0  0  1  0 ] (0.00000005)
[  4  0  0  0  0  0  1  0  0 ] (0.00000010)
[  4  0  0  0  0  1  0  0  0 ] (0.00000029)
[  4  0  0  0  1  0  0  0  0 ] (0.00000004)
[  4  0  0  1  0  0  0  0  0 ] (0.00000000)
[  4  0  1  0  0  0  0  0  0 ] (0.00000466)
[  4  1  0  0  0  0  0  0  0 ] (0.00000027)
[  5  0  0  0  0  0  0  0  0 ] (0.00000068)
