| -1011.148104927382 |   108.486139824624 

[  0  0  0  0  0  0  0  0  0 ] (0.00000037)
[  0  0  0  0  0  0  0  0  1 ] (0.00000193)
[  0  0  0  0  0  0  0  0  2 ] (0.00000104)
[  0  0  0  0  0  0  0  0  3 ] (0.00000012)
[  0  0  0  0  0  0  0  0  4 ] (0.00000001)
[  0  0  0  0  0  0  0  0  5 ] (0.00000001)
[  0  0  0  0  0  0  0  1  0 ] (0.00000008)
[  0  0  0  0  0  0  0  1  1 ] (0.00007084)
[  0  0  0  0  0  0  0  1  2 ] (0.00000000)
[  0  0  0  0  0  0  0  1  3 ] (0.00000013)
[  0  0  0  0  0  0  0  1  4 ] (0.00000004)
[  0  0  0  0  0  0  0  2  0 ] (0.00001493)
[  0  0  0  0  0  0  0  2  1 ] (0.00000085)
[  0  0  0  0  0  0  0  2  2 ] (0.00000003)
[  0  0  0  0  0  0  0  2  3 ] (0.00000000)
[  0  0  0  0  0  0  0  3  0 ] (0.00001013)
[  0  0  0  0  0  0  0  3  1 ] (0.00000067)
[  0  0  0  0  0  0  0  3  2 ] (0.00000001)
[  0  0  0  0  0  0  0  4  0 ] (0.00000046)
[  0  0  0  0  0  0  0  4  1 ] (0.00000005)
[  0  0  0  0  0  0  0  5  0 ] (0.00000002)
[  0  0  0  0  0  0  1  0  0 ] (0.00000023)
[  0  0  0  0  0  0  1  0  1 ] (0.00002114)
[  0  0  0  0  0  0  1  0  2 ] (0.00000006)
[  0  0  0  0  0  0  1  0  3 ] (0.00000023)
[  0  0  0  0  0  0  1  0  4 ] (0.00000001)
[  0  0  0  0  0  0  1  1  0 ] (0.00000611)
[  0  0  0  0  0  0  1  1  1 ] (0.00000023)
[  0  0  0  0  0  0  1  1  2 ] (0.00000002)
[  0  0  0  0  0  0  1  1  3 ] (0.00000000)
[  0  0  0  0  0  0  1  2  0 ] (0.00000004)
[  0  0  0  0  0  0  1  2  1 ] (0.00000000)
[  0  0  0  0  0  0  1  2  2 ] (0.00000000)
[  0  0  0  0  0  0  1  3  0 ] (0.00000000)
[  0  0  0  0  0  0  1  3  1 ] (0.00000000)
[  0  0  0  0  0  0  1  4  0 ] (0.00000001)
[  0  0  0  0  0  0  2  0  0 ] (0.00000091)
[  0  0  0  0  0  0  2  0  1 ] (0.00000123)
[  0  0  0  0  0  0  2  0  2 ] (0.00000000)
[  0  0  0  0  0  0  2  0  3 ] (0.00000001)
[  0  0  0  0  0  0  2  1  0 ] (0.00000467)
[  0  0  0  0  0  0  2  1  1 ] (0.00000002)
[  0  0  0  0  0  0  2  1  2 ] (0.00000001)
[  0  0  0  0  0  0  2  2  0 ] (0.00000001)
[  0  0  0  0  0  0  2  2  1 ] (0.00000000)
[  0  0  0  0  0  0  2  3  0 ] (0.00000011)
[  0  0  0  0  0  0  3  0  0 ] (0.00001358)
[  0  0  0  0  0  0  3  0  1 ] (0.00000064)
[  0  0  0  0  0  0  3  0  2 ] (0.00000007)
[  0  0  0  0  0  0  3  1  0 ] (0.00000590)
[  0  0  0  0  0  0  3  1  1 ] (0.00000006)
[  0  0  0  0  0  0  3  2  0 ] (0.00000004)
[  0  0  0  0  0  0  4  0  0 ] (0.00000036)
[  0  0  0  0  0  0  4  0  1 ] (0.00000001)
[  0  0  0  0  0  0  4  1  0 ] (0.00000016)
[  0  0  0  0  0  0  5  0  0 ] (0.00000001)
[  0  0  0  0  0  1  0  0  0 ] (0.00000280)
[  0  0  0  0  0  1  0  0  1 ] (0.00000072)
[  0  0  0  0  0  1  0  0  2 ] (0.00000006)
[  0  0  0  0  0  1  0  0  3 ] (0.00000001)
[  0  0  0  0  0  1  0  0  4 ] (0.00000000)
[  0  0  0  0  0  1  0  1  0 ] (0.00003808)
[  0  0  0  0  0  1  0  1  1 ] (0.00000089)
[  0  0  0  0  0  1  0  1  2 ] (0.00000001)
[  0  0  0  0  0  1  0  1  3 ] (0.00000004)
[  0  0  0  0  0  1  0  2  0 ] (0.00000185)
[  0  0  0  0  0  1  0  2  1 ] (0.00000000)
[  0  0  0  0  0  1  0  2  2 ] (0.00000000)
[  0  0  0  0  0  1  0  3  0 ] (0.00000105)
[  0  0  0  0  0  1  0  3  1 ] (0.00000001)
[  0  0  0  0  0  1  0  4  0 ] (0.00000005)
[  0  0  0  0  0  1  1  0  0 ] (0.00032268)
[  0  0  0  0  0  1  1  0  1 ] (0.00000714)
[  0  0  0  0  0  1  1  0  2 ] (0.00000007)
[  0  0  0  0  0  1  1  0  3 ] (0.00000002)
[  0  0  0  0  0  1  1  1  0 ] (0.00001214)
[  0  0  0  0  0  1  1  1  1 ] (0.00000023)
[  0  0  0  0  0  1  1  1  2 ] (0.00000000)
[  0  0  0  0  0  1  1  2  0 ] (0.00000018)
[  0  0  0  0  0  1  1  2  1 ] (0.00000001)
[  0  0  0  0  0  1  1  3  0 ] (0.00000006)
[  0  0  0  0  0  1  2  0  0 ] (0.00000558)
[  0  0  0  0  0  1  2  0  1 ] (0.00000024)
[  0  0  0  0  0  1  2  0  2 ] (0.00000000)
[  0  0  0  0  0  1  2  1  0 ] (0.00000001)
[  0  0  0  0  0  1  2  1  1 ] (0.00000001)
[  0  0  0  0  0  1  2  2  0 ] (0.00000000)
[  0  0  0  0  0  1  3  0  0 ] (0.00000655)
[  0  0  0  0  0  1  3  0  1 ] (0.00000010)
[  0  0  0  0  0  1  3  1  0 ] (0.00000006)
[  0  0  0  0  0  1  4  0  0 ] (0.00000068)
[  0  0  0  0  0  2  0  0  0 ] (0.00000016)
[  0  0  0  0  0  2  0  0  1 ] (0.00000163)
[  0  0  0  0  0  2  0  0  2 ] (0.00000000)
[  0  0  0  0  0  2  0  0  3 ] (0.00000004)
[  0  0  0  0  0  2  0  1  0 ] (0.00000013)
[  0  0  0  0  0  2  0  1  1 ] (0.00000007)
[  0  0  0  0  0  2  0  1  2 ] (0.00000000)
[  0  0  0  0  0  2  0  2  0 ] (0.00000000)
[  0  0  0  0  0  2  0  2  1 ] (0.00000003)
[  0  0  0  0  0  2  0  3  0 ] (0.00000000)
[  0  0  0  0  0  2  1  0  0 ] (0.00000001)
[  0  0  0  0  0  2  1  0  1 ] (0.00000000)
[  0  0  0  0  0  2  1  0  2 ] (0.00000001)
[  0  0  0  0  0  2  1  1  0 ] (0.00000000)
[  0  0  0  0  0  2  1  1  1 ] (0.00000000)
[  0  0  0  0  0  2  1  2  0 ] (0.00000000)
[  0  0  0  0  0  2  2  0  0 ] (0.00000001)
[  0  0  0  0  0  2  2  0  1 ] (0.00000000)
[  0  0  0  0  0  2  2  1  0 ] (0.00000000)
[  0  0  0  0  0  2  3  0  0 ] (0.00000009)
[  0  0  0  0  0  3  0  0  0 ] (0.00000321)
[  0  0  0  0  0  3  0  0  1 ] (0.00000045)
[  0  0  0  0  0  3  0  0  2 ] (0.00000002)
[  0  0  0  0  0  3  0  1  0 ] (0.00000003)
[  0  0  0  0  0  3  0  1  1 ] (0.00000002)
[  0  0  0  0  0  3  0  2  0 ] (0.00000000)
[  0  0  0  0  0  3  1  0  0 ] (0.00000206)
[  0  0  0  0  0  3  1  0  1 ] (0.00000001)
[  0  0  0  0  0  3  1  1  0 ] (0.00000000)
[  0  0  0  0  0  3  2  0  0 ] (0.00000005)
[  0  0  0  0  0  4  0  0  0 ] (0.00000125)
[  0  0  0  0  0  4  0  0  1 ] (0.00000001)
[  0  0  0  0  0  4  0  1  0 ] (0.00000004)
[  0  0  0  0  0  4  1  0  0 ] (0.00000031)
[  0  0  0  0  0  5  0  0  0 ] (0.00000001)
[  0  0  0  0  1  0  0  0  0 ] (0.00000344)
[  0  0  0  0  1  0  0  0  1 ] (0.00000384)
[  0  0  0  0  1  0  0  0  2 ] (0.00000014)
[  0  0  0  0  1  0  0  0  3 ] (0.00000001)
[  0  0  0  0  1  0  0  0  4 ] (0.00000001)
[  0  0  0  0  1  0  0  1  0 ] (0.00002072)
[  0  0  0  0  1  0  0  1  1 ] (0.00000048)
[  0  0  0  0  1  0  0  1  2 ] (0.00000004)
[  0  0  0  0  1  0  0  1  3 ] (0.00000000)
[  0  0  0  0  1  0  0  2  0 ] (0.00000499)
[  0  0  0  0  1  0  0  2  1 ] (0.00000001)
[  0  0  0  0  1  0  0  2  2 ] (0.00000000)
[  0  0  0  0  1  0  0  3  0 ] (0.00000241)
[  0  0  0  0  1  0  0  3  1 ] (0.00000003)
[  0  0  0  0  1  0  0  4  0 ] (0.00000000)
[  0  0  0  0  1  0  1  0  0 ] (0.00016760)
[  0  0  0  0  1  0  1  0  1 ] (0.00000084)
[  0  0  0  0  1  0  1  0  2 ] (0.00000006)
[  0  0  0  0  1  0  1  0  3 ] (0.00000000)
[  0  0  0  0  1  0  1  1  0 ] (0.00001624)
[  0  0  0  0  1  0  1  1  1 ] (0.00000006)
[  0  0  0  0  1  0  1  1  2 ] (0.00000001)
[  0  0  0  0  1  0  1  2  0 ] (0.00000013)
[  0  0  0  0  1  0  1  2  1 ] (0.00000000)
[  0  0  0  0  1  0  1  3  0 ] (0.00000000)
[  0  0  0  0  1  0  2  0  0 ] (0.00000241)
[  0  0  0  0  1  0  2  0  1 ] (0.00000009)
[  0  0  0  0  1  0  2  0  2 ] (0.00000000)
[  0  0  0  0  1  0  2  1  0 ] (0.00000011)
[  0  0  0  0  1  0  2  1  1 ] (0.00000003)
[  0  0  0  0  1  0  2  2  0 ] (0.00000001)
[  0  0  0  0  1  0  3  0  0 ] (0.00000230)
[  0  0  0  0  1  0  3  0  1 ] (0.00000007)
[  0  0  0  0  1  0  3  1  0 ] (0.00000003)
[  0  0  0  0  1  0  4  0  0 ] (0.00000008)
[  0  0  0  0  1  1  0  0  0 ] (0.00000644)
[  0  0  0  0  1  1  0  0  1 ] (0.00000003)
[  0  0  0  0  1  1  0  0  2 ] (0.00000001)
[  0  0  0  0  1  1  0  0  3 ] (0.00000000)
[  0  0  0  0  1  1  0  1  0 ] (0.00000018)
[  0  0  0  0  1  1  0  1  1 ] (0.00000000)
[  0  0  0  0  1  1  0  1  2 ] (0.00000000)
[  0  0  0  0  1  1  0  2  0 ] (0.00000000)
[  0  0  0  0  1  1  0  2  1 ] (0.00000000)
[  0  0  0  0  1  1  0  3  0 ] (0.00000000)
[  0  0  0  0  1  1  1  0  0 ] (0.00000109)
[  0  0  0  0  1  1  1  0  1 ] (0.00000008)
[  0  0  0  0  1  1  1  0  2 ] (0.00000004)
[  0  0  0  0  1  1  1  1  0 ] (0.00000000)
[  0  0  0  0  1  1  1  1  1 ] (0.00000002)
[  0  0  0  0  1  1  1  2  0 ] (0.00000002)
[  0  0  0  0  1  1  2  0  0 ] (0.00000020)
[  0  0  0  0  1  1  2  0  1 ] (0.00000006)
[  0  0  0  0  1  1  2  1  0 ] (0.00000015)
[  0  0  0  0  1  1  3  0  0 ] (0.00000022)
[  0  0  0  0  1  2  0  0  0 ] (0.00001184)
[  0  0  0  0  1  2  0  0  1 ] (0.00000015)
[  0  0  0  0  1  2  0  0  2 ] (0.00000000)
[  0  0  0  0  1  2  0  1  0 ] (0.00000067)
[  0  0  0  0  1  2  0  1  1 ] (0.00000003)
[  0  0  0  0  1  2  0  2  0 ] (0.00000000)
[  0  0  0  0  1  2  1  0  0 ] (0.00000043)
[  0  0  0  0  1  2  1  0  1 ] (0.00000020)
[  0  0  0  0  1  2  1  1  0 ] (0.00000000)
[  0  0  0  0  1  2  2  0  0 ] (0.00000002)
[  0  0  0  0  1  3  0  0  0 ] (0.00000413)
[  0  0  0  0  1  3  0  0  1 ] (0.00000000)
[  0  0  0  0  1  3  0  1  0 ] (0.00000026)
[  0  0  0  0  1  3  1  0  0 ] (0.00000001)
[  0  0  0  0  1  4  0  0  0 ] (0.00000004)
[  0  0  0  0  2  0  0  0  0 ] (0.00000656)
[  0  0  0  0  2  0  0  0  1 ] (0.00000186)
[  0  0  0  0  2  0  0  0  2 ] (0.00000000)
[  0  0  0  0  2  0  0  0  3 ] (0.00000000)
[  0  0  0  0  2  0  0  1  0 ] (0.00000015)
[  0  0  0  0  2  0  0  1  1 ] (0.00000003)
[  0  0  0  0  2  0  0  1  2 ] (0.00000000)
[  0  0  0  0  2  0  0  2  0 ] (0.00000004)
[  0  0  0  0  2  0  0  2  1 ] (0.00000001)
[  0  0  0  0  2  0  0  3  0 ] (0.00000010)
[  0  0  0  0  2  0  1  0  0 ] (0.00000000)
[  0  0  0  0  2  0  1  0  1 ] (0.00000001)
[  0  0  0  0  2  0  1  0  2 ] (0.00000001)
[  0  0  0  0  2  0  1  1  0 ] (0.00000023)
[  0  0  0  0  2  0  1  1  1 ] (0.00000000)
[  0  0  0  0  2  0  1  2  0 ] (0.00000005)
[  0  0  0  0  2  0  2  0  0 ] (0.00000010)
[  0  0  0  0  2  0  2  0  1 ] (0.00000003)
[  0  0  0  0  2  0  2  1  0 ] (0.00000003)
[  0  0  0  0  2  0  3  0  0 ] (0.00000041)
[  0  0  0  0  2  1  0  0  0 ] (0.00000082)
[  0  0  0  0  2  1  0  0  1 ] (0.00000002)
[  0  0  0  0  2  1  0  0  2 ] (0.00000000)
[  0  0  0  0  2  1  0  1  0 ] (0.00000038)
[  0  0  0  0  2  1  0  1  1 ] (0.00000000)
[  0  0  0  0  2  1  0  2  0 ] (0.00000000)
[  0  0  0  0  2  1  1  0  0 ] (0.00000018)
[  0  0  0  0  2  1  1  0  1 ] (0.00000011)
[  0  0  0  0  2  1  1  1  0 ] (0.00000000)
[  0  0  0  0  2  1  2  0  0 ] (0.00000000)
[  0  0  0  0  2  2  0  0  0 ] (0.00000001)
[  0  0  0  0  2  2  0  0  1 ] (0.00000003)
[  0  0  0  0  2  2  0  1  0 ] (0.00000005)
[  0  0  0  0  2  2  1  0  0 ] (0.00000001)
[  0  0  0  0  2  3  0  0  0 ] (0.00000000)
[  0  0  0  0  3  0  0  0  0 ] (0.00010633)
[  0  0  0  0  3  0  0  0  1 ] (0.00000073)
[  0  0  0  0  3  0  0  0  2 ] (0.00000005)
[  0  0  0  0  3  0  0  1  0 ] (0.00000324)
[  0  0  0  0  3  0  0  1  1 ] (0.00000010)
[  0  0  0  0  3  0  0  2  0 ] (0.00000001)
[  0  0  0  0  3  0  1  0  0 ] (0.00000119)
[  0  0  0  0  3  0  1  0  1 ] (0.00000002)
[  0  0  0  0  3  0  1  1  0 ] (0.00000000)
[  0  0  0  0  3  0  2  0  0 ] (0.00000017)
[  0  0  0  0  3  1  0  0  0 ] (0.00000045)
[  0  0  0  0  3  1  0  0  1 ] (0.00000003)
[  0  0  0  0  3  1  0  1  0 ] (0.00000023)
[  0  0  0  0  3  1  1  0  0 ] (0.00000002)
[  0  0  0  0  3  2  0  0  0 ] (0.00000003)
[  0  0  0  0  4  0  0  0  0 ] (0.00000386)
[  0  0  0  0  4  0  0  0  1 ] (0.00000004)
[  0  0  0  0  4  0  0  1  0 ] (0.00000000)
[  0  0  0  0  4  0  1  0  0 ] (0.00000024)
[  0  0  0  0  4  1  0  0  0 ] (0.00000002)
[  0  0  0  0  5  0  0  0  0 ] (0.00000000)
[  0  0  0  1  0  0  0  0  0 ] (0.00000214)
[  0  0  0  1  0  0  0  0  1 ] (0.00000075)
[  0  0  0  1  0  0  0  0  2 ] (0.00000030)
[  0  0  0  1  0  0  0  0  3 ] (0.00000009)
[  0  0  0  1  0  0  0  0  4 ] (0.00000002)
[  0  0  0  1  0  0  0  1  0 ] (0.00017172)
[  0  0  0  1  0  0  0  1  1 ] (0.00000009)
[  0  0  0  1  0  0  0  1  2 ] (0.00000000)
[  0  0  0  1  0  0  0  1  3 ] (0.00000000)
[  0  0  0  1  0  0  0  2  0 ] (0.00000174)
[  0  0  0  1  0  0  0  2  1 ] (0.00000005)
[  0  0  0  1  0  0  0  2  2 ] (0.00000002)
[  0  0  0  1  0  0  0  3  0 ] (0.00000186)
[  0  0  0  1  0  0  0  3  1 ] (0.00000003)
[  0  0  0  1  0  0  0  4  0 ] (0.00000004)
[  0  0  0  1  0  0  1  0  0 ] (0.00121286)
[  0  0  0  1  0  0  1  0  1 ] (0.00000965)
[  0  0  0  1  0  0  1  0  2 ] (0.00000046)
[  0  0  0  1  0  0  1  0  3 ] (0.00000001)
[  0  0  0  1  0  0  1  1  0 ] (0.00003842)
[  0  0  0  1  0  0  1  1  1 ] (0.00000094)
[  0  0  0  1  0  0  1  1  2 ] (0.00000001)
[  0  0  0  1  0  0  1  2  0 ] (0.00000133)
[  0  0  0  1  0  0  1  2  1 ] (0.00000001)
[  0  0  0  1  0  0  1  3  0 ] (0.00000009)
[  0  0  0  1  0  0  2  0  0 ] (0.00000042)
[  0  0  0  1  0  0  2  0  1 ] (0.00000013)
[  0  0  0  1  0  0  2  0  2 ] (0.00000002)
[  0  0  0  1  0  0  2  1  0 ] (0.00000016)
[  0  0  0  1  0  0  2  1  1 ] (0.00000003)
[  0  0  0  1  0  0  2  2  0 ] (0.00000000)
[  0  0  0  1  0  0  3  0  0 ] (0.00000061)
[  0  0  0  1  0  0  3  0  1 ] (0.00000012)
[  0  0  0  1  0  0  3  1  0 ] (0.00000019)
[  0  0  0  1  0  0  4  0  0 ] (0.00000012)
[  0  0  0  1  0  1  0  0  0 ] (0.00000001)
[  0  0  0  1  0  1  0  0  1 ] (0.00000025)
[  0  0  0  1  0  1  0  0  2 ] (0.00000000)
[  0  0  0  1  0  1  0  0  3 ] (0.00000000)
[  0  0  0  1  0  1  0  1  0 ] (0.00000001)
[  0  0  0  1  0  1  0  1  1 ] (0.00000000)
[  0  0  0  1  0  1  0  1  2 ] (0.00000001)
[  0  0  0  1  0  1  0  2  0 ] (0.00000002)
[  0  0  0  1  0  1  0  2  1 ] (0.00000001)
[  0  0  0  1  0  1  0  3  0 ] (0.00000000)
[  0  0  0  1  0  1  1  0  0 ] (0.00000000)
[  0  0  0  1  0  1  1  0  1 ] (0.00000004)
[  0  0  0  1  0  1  1  0  2 ] (0.00000001)
[  0  0  0  1  0  1  1  1  0 ] (0.00000015)
[  0  0  0  1  0  1  1  1  1 ] (0.00000000)
[  0  0  0  1  0  1  1  2  0 ] (0.00000000)
[  0  0  0  1  0  1  2  0  0 ] (0.00000002)
[  0  0  0  1  0  1  2  0  1 ] (0.00000000)
[  0  0  0  1  0  1  2  1  0 ] (0.00000001)
[  0  0  0  1  0  1  3  0  0 ] (0.00000006)
[  0  0  0  1  0  2  0  0  0 ] (0.00000005)
[  0  0  0  1  0  2  0  0  1 ] (0.00000001)
[  0  0  0  1  0  2  0  0  2 ] (0.00000000)
[  0  0  0  1  0  2  0  1  0 ] (0.00000003)
[  0  0  0  1  0  2  0  1  1 ] (0.00000002)
[  0  0  0  1  0  2  0  2  0 ] (0.00000003)
[  0  0  0  1  0  2  1  0  0 ] (0.00000007)
[  0  0  0  1  0  2  1  0  1 ] (0.00000020)
[  0  0  0  1  0  2  1  1  0 ] (0.00000010)
[  0  0  0  1  0  2  2  0  0 ] (0.00000000)
[  0  0  0  1  0  3  0  0  0 ] (0.00000015)
[  0  0  0  1  0  3  0  0  1 ] (0.00000002)
[  0  0  0  1  0  3  0  1  0 ] (0.00000024)
[  0  0  0  1  0  3  1  0  0 ] (0.00000002)
[  0  0  0  1  0  4  0  0  0 ] (0.00000004)
[  0  0  0  1  1  0  0  0  0 ] (0.00004111)
[  0  0  0  1  1  0  0  0  1 ] (0.00000098)
[  0  0  0  1  1  0  0  0  2 ] (0.00000007)
[  0  0  0  1  1  0  0  0  3 ] (0.00000001)
[  0  0  0  1  1  0  0  1  0 ] (0.00000051)
[  0  0  0  1  1  0  0  1  1 ] (0.00000017)
[  0  0  0  1  1  0  0  1  2 ] (0.00000000)
[  0  0  0  1  1  0  0  2  0 ] (0.00000001)
[  0  0  0  1  1  0  0  2  1 ] (0.00000001)
[  0  0  0  1  1  0  0  3  0 ] (0.00000015)
[  0  0  0  1  1  0  1  0  0 ] (0.00000452)
[  0  0  0  1  1  0  1  0  1 ] (0.00000008)
[  0  0  0  1  1  0  1  0  2 ] (0.00000000)
[  0  0  0  1  1  0  1  1  0 ] (0.00000110)
[  0  0  0  1  1  0  1  1  1 ] (0.00000004)
[  0  0  0  1  1  0  1  2  0 ] (0.00000001)
[  0  0  0  1  1  0  2  0  0 ] (0.00000032)
[  0  0  0  1  1  0  2  0  1 ] (0.00000030)
[  0  0  0  1  1  0  2  1  0 ] (0.00000068)
[  0  0  0  1  1  0  3  0  0 ] (0.00000015)
[  0  0  0  1  1  1  0  0  0 ] (0.00000315)
[  0  0  0  1  1  1  0  0  1 ] (0.00000000)
[  0  0  0  1  1  1  0  0  2 ] (0.00000001)
[  0  0  0  1  1  1  0  1  0 ] (0.00000019)
[  0  0  0  1  1  1  0  1  1 ] (0.00000001)
[  0  0  0  1  1  1  0  2  0 ] (0.00000003)
[  0  0  0  1  1  1  1  0  0 ] (0.00000002)
[  0  0  0  1  1  1  1  0  1 ] (0.00000008)
[  0  0  0  1  1  1  1  1  0 ] (0.00000004)
[  0  0  0  1  1  1  2  0  0 ] (0.00000003)
[  0  0  0  1  1  2  0  0  0 ] (0.00000023)
[  0  0  0  1  1  2  0  0  1 ] (0.00000004)
[  0  0  0  1  1  2  0  1  0 ] (0.00000005)
[  0  0  0  1  1  2  1  0  0 ] (0.00000004)
[  0  0  0  1  1  3  0  0  0 ] (0.00000001)
[  0  0  0  1  2  0  0  0  0 ] (0.00000513)
[  0  0  0  1  2  0  0  0  1 ] (0.00000003)
[  0  0  0  1  2  0  0  0  2 ] (0.00000000)
[  0  0  0  1  2  0  0  1  0 ] (0.00000172)
[  0  0  0  1  2  0  0  1  1 ] (0.00000004)
[  0  0  0  1  2  0  0  2  0 ] (0.00000000)
[  0  0  0  1  2  0  1  0  0 ] (0.00000009)
[  0  0  0  1  2  0  1  0  1 ] (0.00000008)
[  0  0  0  1  2  0  1  1  0 ] (0.00000000)
[  0  0  0  1  2  0  2  0  0 ] (0.00000005)
[  0  0  0  1  2  1  0  0  0 ] (0.00000007)
[  0  0  0  1  2  1  0  0  1 ] (0.00000000)
[  0  0  0  1  2  1  0  1  0 ] (0.00000001)
[  0  0  0  1  2  1  1  0  0 ] (0.00000000)
[  0  0  0  1  2  2  0  0  0 ] (0.00000001)
[  0  0  0  1  3  0  0  0  0 ] (0.00000619)
[  0  0  0  1  3  0  0  0  1 ] (0.00000001)
[  0  0  0  1  3  0  0  1  0 ] (0.00000060)
[  0  0  0  1  3  0  1  0  0 ] (0.00000000)
[  0  0  0  1  3  1  0  0  0 ] (0.00000002)
[  0  0  0  1  4  0  0  0  0 ] (0.00000001)
[  0  0  0  2  0  0  0  0  0 ] (0.00000136)
[  0  0  0  2  0  0  0  0  1 ] (0.00000011)
[  0  0  0  2  0  0  0  0  2 ] (0.00000003)
[  0  0  0  2  0  0  0  0  3 ] (0.00000004)
[  0  0  0  2  0  0  0  1  0 ] (0.00000025)
[  0  0  0  2  0  0  0  1  1 ] (0.00000001)
[  0  0  0  2  0  0  0  1  2 ] (0.00000001)
[  0  0  0  2  0  0  0  2  0 ] (0.00000031)
[  0  0  0  2  0  0  0  2  1 ] (0.00000000)
[  0  0  0  2  0  0  0  3  0 ] (0.00000027)
[  0  0  0  2  0  0  1  0  0 ] (0.00000089)
[  0  0  0  2  0  0  1  0  1 ] (0.00000010)
[  0  0  0  2  0  0  1  0  2 ] (0.00000004)
[  0  0  0  2  0  0  1  1  0 ] (0.00000153)
[  0  0  0  2  0  0  1  1  1 ] (0.00000000)
[  0  0  0  2  0  0  1  2  0 ] (0.00000009)
[  0  0  0  2  0  0  2  0  0 ] (0.00000151)
[  0  0  0  2  0  0  2  0  1 ] (0.00000005)
[  0  0  0  2  0  0  2  1  0 ] (0.00000010)
[  0  0  0  2  0  0  3  0  0 ] (0.00000072)
[  0  0  0  2  0  1  0  0  0 ] (0.00000785)
[  0  0  0  2  0  1  0  0  1 ] (0.00000014)
[  0  0  0  2  0  1  0  0  2 ] (0.00000001)
[  0  0  0  2  0  1  0  1  0 ] (0.00000002)
[  0  0  0  2  0  1  0  1  1 ] (0.00000006)
[  0  0  0  2  0  1  0  2  0 ] (0.00000000)
[  0  0  0  2  0  1  1  0  0 ] (0.00000019)
[  0  0  0  2  0  1  1  0  1 ] (0.00000000)
[  0  0  0  2  0  1  1  1  0 ] (0.00000021)
[  0  0  0  2  0  1  2  0  0 ] (0.00000000)
[  0  0  0  2  0  2  0  0  0 ] (0.00000014)
[  0  0  0  2  0  2  0  0  1 ] (0.00000002)
[  0  0  0  2  0  2  0  1  0 ] (0.00000001)
[  0  0  0  2  0  2  1  0  0 ] (0.00000003)
[  0  0  0  2  0  3  0  0  0 ] (0.00000019)
[  0  0  0  2  1  0  0  0  0 ] (0.00000066)
[  0  0  0  2  1  0  0  0  1 ] (0.00000000)
[  0  0  0  2  1  0  0  0  2 ] (0.00000000)
[  0  0  0  2  1  0  0  1  0 ] (0.00000005)
[  0  0  0  2  1  0  0  1  1 ] (0.00000002)
[  0  0  0  2  1  0  0  2  0 ] (0.00000000)
[  0  0  0  2  1  0  1  0  0 ] (0.00000067)
[  0  0  0  2  1  0  1  0  1 ] (0.00000004)
[  0  0  0  2  1  0  1  1  0 ] (0.00000001)
[  0  0  0  2  1  0  2  0  0 ] (0.00000001)
[  0  0  0  2  1  1  0  0  0 ] (0.00000007)
[  0  0  0  2  1  1  0  0  1 ] (0.00000001)
[  0  0  0  2  1  1  0  1  0 ] (0.00000001)
[  0  0  0  2  1  1  1  0  0 ] (0.00000012)
[  0  0  0  2  1  2  0  0  0 ] (0.00000000)
[  0  0  0  2  2  0  0  0  0 ] (0.00000008)
[  0  0  0  2  2  0  0  0  1 ] (0.00000001)
[  0  0  0  2  2  0  0  1  0 ] (0.00000002)
[  0  0  0  2  2  0  1  0  0 ] (0.00000003)
[  0  0  0  2  2  1  0  0  0 ] (0.00000000)
[  0  0  0  2  3  0  0  0  0 ] (0.00000000)
[  0  0  0  3  0  0  0  0  0 ] (0.00001236)
[  0  0  0  3  0  0  0  0  1 ] (0.00000003)
[  0  0  0  3  0  0  0  0  2 ] (0.00000011)
[  0  0  0  3  0  0  0  1  0 ] (0.00000070)
[  0  0  0  3  0  0  0  1  1 ] (0.00000019)
[  0  0  0  3  0  0  0  2  0 ] (0.00000001)
[  0  0  0  3  0  0  1  0  0 ] (0.00000697)
[  0  0  0  3  0  0  1  0  1 ] (0.00000021)
[  0  0  0  3  0  0  1  1  0 ] (0.00000001)
[  0  0  0  3  0  0  2  0  0 ] (0.00000069)
[  0  0  0  3  0  1  0  0  0 ] (0.00000066)
[  0  0  0  3  0  1  0  0  1 ] (0.00000000)
[  0  0  0  3  0  1  0  1  0 ] (0.00000030)
[  0  0  0  3  0  1  1  0  0 ] (0.00000013)
[  0  0  0  3  0  2  0  0  0 ] (0.00000000)
[  0  0  0  3  1  0  0  0  0 ] (0.00000022)
[  0  0  0  3  1  0  0  0  1 ] (0.00000000)
[  0  0  0  3  1  0  0  1  0 ] (0.00000000)
[  0  0  0  3  1  0  1  0  0 ] (0.00000014)
[  0  0  0  3  1  1  0  0  0 ] (0.00000007)
[  0  0  0  3  2  0  0  0  0 ] (0.00000008)
[  0  0  0  4  0  0  0  0  0 ] (0.00000000)
[  0  0  0  4  0  0  0  0  1 ] (0.00000012)
[  0  0  0  4  0  0  0  1  0 ] (0.00000000)
[  0  0  0  4  0  0  1  0  0 ] (0.00000002)
[  0  0  0  4  0  1  0  0  0 ] (0.00000001)
[  0  0  0  4  1  0  0  0  0 ] (0.00000001)
[  0  0  0  5  0  0  0  0  0 ] (0.00000004)
[  0  0  1  0  0  0  0  0  0 ] (0.00069339)
[  0  0  1  0  0  0  0  0  1 ] (0.00380238)
[  0  0  1  0  0  0  0  0  2 ] (0.00000048)
[  0  0  1  0  0  0  0  0  3 ] (0.00000000)
[  0  0  1  0  0  0  0  0  4 ] (0.00000027)
[  0  0  1  0  0  0  0  1  0 ] (0.00307674)
[  0  0  1  0  0  0  0  1  1 ] (0.00000636)
[  0  0  1  0  0  0  0  1  2 ] (0.00000892)
[  0  0  1  0  0  0  0  1  3 ] (0.00000013)
[  0  0  1  0  0  0  0  2  0 ] (0.00280029)
[  0  0  1  0  0  0  0  2  1 ] (0.00021106)
[  0  0  1  0  0  0  0  2  2 ] (0.00000057)
[  0  0  1  0  0  0  0  3  0 ] (0.00018965)
[  0  0  1  0  0  0  0  3  1 ] (0.00000393)
[  0  0  1  0  0  0  0  4  0 ] (0.00001035)
[  0  0  1  0  0  0  1  0  0 ] (0.00003970)
[  0  0  1  0  0  0  1  0  1 ] (0.00119441)
[  0  0  1  0  0  0  1  0  2 ] (0.00000039)
[  0  0  1  0  0  0  1  0  3 ] (0.00000133)
[  0  0  1  0  0  0  1  1  0 ] (0.00005501)
[  0  0  1  0  0  0  1  1  1 ] (0.00009651)
[  0  0  1  0  0  0  1  1  2 ] (0.00000820)
[  0  0  1  0  0  0  1  2  0 ] (0.00027924)
[  0  0  1  0  0  0  1  2  1 ] (0.00000052)
[  0  0  1  0  0  0  1  3  0 ] (0.00000042)
[  0  0  1  0  0  0  2  0  0 ] (0.02259961)
[  0  0  1  0  0  0  2  0  1 ] (0.00180720)
[  0  0  1  0  0  0  2  0  2 ] (0.00001373)
[  0  0  1  0  0  0  2  1  0 ] (0.00016710)
[  0  0  1  0  0  0  2  1  1 ] (0.00000814)
[  0  0  1  0  0  0  2  2  0 ] (0.00000611)
[  0  0  1  0  0  0  3  0  0 ] (0.00059074)
[  0  0  1  0  0  0  3  0  1 ] (0.00000518)
[  0  0  1  0  0  0  3  1  0 ] (0.00002333)
[  0  0  1  0  0  0  4  0  0 ] (0.00003003)
[  0  0  1  0  0  1  0  0  0 ] (0.00000206)
[  0  0  1  0  0  1  0  0  1 ] (0.00000004)
[  0  0  1  0  0  1  0  0  2 ] (0.00000009)
[  0  0  1  0  0  1  0  0  3 ] (0.00000002)
[  0  0  1  0  0  1  0  1  0 ] (0.00019587)
[  0  0  1  0  0  1  0  1  1 ] (0.00000354)
[  0  0  1  0  0  1  0  1  2 ] (0.00000000)
[  0  0  1  0  0  1  0  2  0 ] (0.00000023)
[  0  0  1  0  0  1  0  2  1 ] (0.00000114)
[  0  0  1  0  0  1  0  3  0 ] (0.00000758)
[  0  0  1  0  0  1  1  0  0 ] (0.00005637)
[  0  0  1  0  0  1  1  0  1 ] (0.00000646)
[  0  0  1  0  0  1  1  0  2 ] (0.00000006)
[  0  0  1  0  0  1  1  1  0 ] (0.00003324)
[  0  0  1  0  0  1  1  1  1 ] (0.00000065)
[  0  0  1  0  0  1  1  2  0 ] (0.00000635)
[  0  0  1  0  0  1  2  0  0 ] (0.00030336)
[  0  0  1  0  0  1  2  0  1 ] (0.00001216)
[  0  0  1  0  0  1  2  1  0 ] (0.00000887)
[  0  0  1  0  0  1  3  0  0 ] (0.00002517)
[  0  0  1  0  0  2  0  0  0 ] (0.00488766)
[  0  0  1  0  0  2  0  0  1 ] (0.00037119)
[  0  0  1  0  0  2  0  0  2 ] (0.00000491)
[  0  0  1  0  0  2  0  1  0 ] (0.00004114)
[  0  0  1  0  0  2  0  1  1 ] (0.00000080)
[  0  0  1  0  0  2  0  2  0 ] (0.00000009)
[  0  0  1  0  0  2  1  0  0 ] (0.00012809)
[  0  0  1  0  0  2  1  0  1 ] (0.00000251)
[  0  0  1  0  0  2  1  1  0 ] (0.00000069)
[  0  0  1  0  0  2  2  0  0 ] (0.00001054)
[  0  0  1  0  0  3  0  0  0 ] (0.00011526)
[  0  0  1  0  0  3  0  0  1 ] (0.00000032)
[  0  0  1  0  0  3  0  1  0 ] (0.00000765)
[  0  0  1  0  0  3  1  0  0 ] (0.00000895)
[  0  0  1  0  0  4  0  0  0 ] (0.00000390)
[  0  0  1  0  1  0  0  0  0 ] (0.00024200)
[  0  0  1  0  1  0  0  0  1 ] (0.00011149)
[  0  0  1  0  1  0  0  0  2 ] (0.00002493)
[  0  0  1  0  1  0  0  0  3 ] (0.00000068)
[  0  0  1  0  1  0  0  1  0 ] (0.00002180)
[  0  0  1  0  1  0  0  1  1 ] (0.00001709)
[  0  0  1  0  1  0  0  1  2 ] (0.00000002)
[  0  0  1  0  1  0  0  2  0 ] (0.00022312)
[  0  0  1  0  1  0  0  2  1 ] (0.00004408)
[  0  0  1  0  1  0  0  3  0 ] (0.00000011)
[  0  0  1  0  1  0  1  0  0 ] (0.00101781)
[  0  0  1  0  1  0  1  0  1 ] (0.00001729)
[  0  0  1  0  1  0  1  0  2 ] (0.00000106)
[  0  0  1  0  1  0  1  1  0 ] (0.00006811)
[  0  0  1  0  1  0  1  1  1 ] (0.00000711)
[  0  0  1  0  1  0  1  2  0 ] (0.00001321)
[  0  0  1  0  1  0  2  0  0 ] (0.00018095)
[  0  0  1  0  1  0  2  0  1 ] (0.00004744)
[  0  0  1  0  1  0  2  1  0 ] (0.00003346)
[  0  0  1  0  1  0  3  0  0 ] (0.00000182)
[  0  0  1  0  1  1  0  0  0 ] (0.00000453)
[  0  0  1  0  1  1  0  0  1 ] (0.00000314)
[  0  0  1  0  1  1  0  0  2 ] (0.00000054)
[  0  0  1  0  1  1  0  1  0 ] (0.00000896)
[  0  0  1  0  1  1  0  1  1 ] (0.00000298)
[  0  0  1  0  1  1  0  2  0 ] (0.00000458)
[  0  0  1  0  1  1  1  0  0 ] (0.00002767)
[  0  0  1  0  1  1  1  0  1 ] (0.00000228)
[  0  0  1  0  1  1  1  1  0 ] (0.00000669)
[  0  0  1  0  1  1  2  0  0 ] (0.00001732)
[  0  0  1  0  1  2  0  0  0 ] (0.00003562)
[  0  0  1  0  1  2  0  0  1 ] (0.00000106)
[  0  0  1  0  1  2  0  1  0 ] (0.00000021)
[  0  0  1  0  1  2  1  0  0 ] (0.00000083)
[  0  0  1  0  1  3  0  0  0 ] (0.00000340)
[  0  0  1  0  2  0  0  0  0 ] (0.00281281)
[  0  0  1  0  2  0  0  0  1 ] (0.00023980)
[  0  0  1  0  2  0  0  0  2 ] (0.00000546)
[  0  0  1  0  2  0  0  1  0 ] (0.00020826)
[  0  0  1  0  2  0  0  1  1 ] (0.00002930)
[  0  0  1  0  2  0  0  2  0 ] (0.00004940)
[  0  0  1  0  2  0  1  0  0 ] (0.00017025)
[  0  0  1  0  2  0  1  0  1 ] (0.00000167)
[  0  0  1  0  2  0  1  1  0 ] (0.00008589)
[  0  0  1  0  2  0  2  0  0 ] (0.00000517)
[  0  0  1  0  2  1  0  0  0 ] (0.00000045)
[  0  0  1  0  2  1  0  0  1 ] (0.00000068)
[  0  0  1  0  2  1  0  1  0 ] (0.00002443)
[  0  0  1  0  2  1  1  0  0 ] (0.00002032)
[  0  0  1  0  2  2  0  0  0 ] (0.00000017)
[  0  0  1  0  3  0  0  0  0 ] (0.00010400)
[  0  0  1  0  3  0  0  0  1 ] (0.00000779)
[  0  0  1  0  3  0  0  1  0 ] (0.00003991)
[  0  0  1  0  3  0  1  0  0 ] (0.00008282)
[  0  0  1  0  3  1  0  0  0 ] (0.00000334)
[  0  0  1  0  4  0  0  0  0 ] (0.00000800)
[  0  0  1  1  0  0  0  0  0 ] (0.00016426)
[  0  0  1  1  0  0  0  0  1 ] (0.00254083)
[  0  0  1  1  0  0  0  0  2 ] (0.00000238)
[  0  0  1  1  0  0  0  0  3 ] (0.00001472)
[  0  0  1  1  0  0  0  1  0 ] (0.00089471)
[  0  0  1  1  0  0  0  1  1 ] (0.00000034)
[  0  0  1  1  0  0  0  1  2 ] (0.00000032)
[  0  0  1  1  0  0  0  2  0 ] (0.00000941)
[  0  0  1  1  0  0  0  2  1 ] (0.00000000)
[  0  0  1  1  0  0  0  3  0 ] (0.00000006)
[  0  0  1  1  0  0  1  0  0 ] (0.01112512)
[  0  0  1  1  0  0  1  0  1 ] (0.00006988)
[  0  0  1  1  0  0  1  0  2 ] (0.00000010)
[  0  0  1  1  0  0  1  1  0 ] (0.00008573)
[  0  0  1  1  0  0  1  1  1 ] (0.00000029)
[  0  0  1  1  0  0  1  2  0 ] (0.00000289)
[  0  0  1  1  0  0  2  0  0 ] (0.00051295)
[  0  0  1  1  0  0  2  0  1 ] (0.00015074)
[  0  0  1  1  0  0  2  1  0 ] (0.00006493)
[  0  0  1  1  0  0  3  0  0 ] (0.00001393)
[  0  0  1  1  0  1  0  0  0 ] (0.00063177)
[  0  0  1  1  0  1  0  0  1 ] (0.00020486)
[  0  0  1  1  0  1  0  0  2 ] (0.00000127)
[  0  0  1  1  0  1  0  1  0 ] (0.00005795)
[  0  0  1  1  0  1  0  1  1 ] (0.00000262)
[  0  0  1  1  0  1  0  2  0 ] (0.00001249)
[  0  0  1  1  0  1  1  0  0 ] (0.00005146)
[  0  0  1  1  0  1  1  0  1 ] (0.00000001)
[  0  0  1  1  0  1  1  1  0 ] (0.00000028)
[  0  0  1  1  0  1  2  0  0 ] (0.00000510)
[  0  0  1  1  0  2  0  0  0 ] (0.00002899)
[  0  0  1  1  0  2  0  0  1 ] (0.00000263)
[  0  0  1  1  0  2  0  1  0 ] (0.00000003)
[  0  0  1  1  0  2  1  0  0 ] (0.00000136)
[  0  0  1  1  0  3  0  0  0 ] (0.00000388)
[  0  0  1  1  1  0  0  0  0 ] (0.00003598)
[  0  0  1  1  1  0  0  0  1 ] (0.00001426)
[  0  0  1  1  1  0  0  0  2 ] (0.00000064)
[  0  0  1  1  1  0  0  1  0 ] (0.00000004)
[  0  0  1  1  1  0  0  1  1 ] (0.00000051)
[  0  0  1  1  1  0  0  2  0 ] (0.00000817)
[  0  0  1  1  1  0  1  0  0 ] (0.00002733)
[  0  0  1  1  1  0  1  0  1 ] (0.00000322)
[  0  0  1  1  1  0  1  1  0 ] (0.00000077)
[  0  0  1  1  1  0  2  0  0 ] (0.00001598)
[  0  0  1  1  1  1  0  0  0 ] (0.00002466)
[  0  0  1  1  1  1  0  0  1 ] (0.00000229)
[  0  0  1  1  1  1  0  1  0 ] (0.00000972)
[  0  0  1  1  1  1  1  0  0 ] (0.00000000)
[  0  0  1  1  1  2  0  0  0 ] (0.00000014)
[  0  0  1  1  2  0  0  0  0 ] (0.00099328)
[  0  0  1  1  2  0  0  0  1 ] (0.00007597)
[  0  0  1  1  2  0  0  1  0 ] (0.00006157)
[  0  0  1  1  2  0  1  0  0 ] (0.00000020)
[  0  0  1  1  2  1  0  0  0 ] (0.00002186)
[  0  0  1  1  3  0  0  0  0 ] (0.00043330)
[  0  0  1  2  0  0  0  0  0 ] (0.10111173)
[  0  0  1  2  0  0  0  0  1 ] (0.00271814)
[  0  0  1  2  0  0  0  0  2 ] (0.00006621)
[  0  0  1  2  0  0  0  1  0 ] (0.00063323)
[  0  0  1  2  0  0  0  1  1 ] (0.00004487)
[  0  0  1  2  0  0  0  2  0 ] (0.00001929)
[  0  0  1  2  0  0  1  0  0 ] (0.00194713)
[  0  0  1  2  0  0  1  0  1 ] (0.00000102)
[  0  0  1  2  0  0  1  1  0 ] (0.00037699)
[  0  0  1  2  0  0  2  0  0 ] (0.00069794)
[  0  0  1  2  0  1  0  0  0 ] (0.00288700)
[  0  0  1  2  0  1  0  0  1 ] (0.00006360)
[  0  0  1  2  0  1  0  1  0 ] (0.00003114)
[  0  0  1  2  0  1  1  0  0 ] (0.00000225)
[  0  0  1  2  0  2  0  0  0 ] (0.00000778)
[  0  0  1  2  1  0  0  0  0 ] (0.00074501)
[  0  0  1  2  1  0  0  0  1 ] (0.00007266)
[  0  0  1  2  1  0  0  1  0 ] (0.00002875)
[  0  0  1  2  1  0  1  0  0 ] (0.00038831)
[  0  0  1  2  1  1  0  0  0 ] (0.00000485)
[  0  0  1  2  2  0  0  0  0 ] (0.00005564)
[  0  0  1  3  0  0  0  0  0 ] (0.00091384)
[  0  0  1  3  0  0  0  0  1 ] (0.00000280)
[  0  0  1  3  0  0  0  1  0 ] (0.00002342)
[  0  0  1  3  0  0  1  0  0 ] (0.00001199)
[  0  0  1  3  0  1  0  0  0 ] (0.00000506)
[  0  0  1  3  1  0  0  0  0 ] (0.00000676)
[  0  0  1  4  0  0  0  0  0 ] (0.00003222)
[  0  0  2  0  0  0  0  0  0 ] (0.00004557)
[  0  0  2  0  0  0  0  0  1 ] (0.00000229)
[  0  0  2  0  0  0  0  0  2 ] (0.00000020)
[  0  0  2  0  0  0  0  0  3 ] (0.00000003)
[  0  0  2  0  0  0  0  1  0 ] (0.00131614)
[  0  0  2  0  0  0  0  1  1 ] (0.00010048)
[  0  0  2  0  0  0  0  1  2 ] (0.00000006)
[  0  0  2  0  0  0  0  2  0 ] (0.00003411)
[  0  0  2  0  0  0  0  2  1 ] (0.00000273)
[  0  0  2  0  0  0  0  3  0 ] (0.00001933)
[  0  0  2  0  0  0  1  0  0 ] (0.00013460)
[  0  0  2  0  0  0  1  0  1 ] (0.00002308)
[  0  0  2  0  0  0  1  0  2 ] (0.00000000)
[  0  0  2  0  0  0  1  1  0 ] (0.00000120)
[  0  0  2  0  0  0  1  1  1 ] (0.00000020)
[  0  0  2  0  0  0  1  2  0 ] (0.00000010)
[  0  0  2  0  0  0  2  0  0 ] (0.00000679)
[  0  0  2  0  0  0  2  0  1 ] (0.00000160)
[  0  0  2  0  0  0  2  1  0 ] (0.00000002)
[  0  0  2  0  0  0  3  0  0 ] (0.00000439)
[  0  0  2  0  0  1  0  0  0 ] (0.00000374)
[  0  0  2  0  0  1  0  0  1 ] (0.00000003)
[  0  0  2  0  0  1  0  0  2 ] (0.00000001)
[  0  0  2  0  0  1  0  1  0 ] (0.00000227)
[  0  0  2  0  0  1  0  1  1 ] (0.00000003)
[  0  0  2  0  0  1  0  2  0 ] (0.00000000)
[  0  0  2  0  0  1  1  0  0 ] (0.00000002)
[  0  0  2  0  0  1  1  0  1 ] (0.00000007)
[  0  0  2  0  0  1  1  1  0 ] (0.00000001)
[  0  0  2  0  0  1  2  0  0 ] (0.00000006)
[  0  0  2  0  0  2  0  0  0 ] (0.00000346)
[  0  0  2  0  0  2  0  0  1 ] (0.00000108)
[  0  0  2  0  0  2  0  1  0 ] (0.00000000)
[  0  0  2  0  0  2  1  0  0 ] (0.00000017)
[  0  0  2  0  0  3  0  0  0 ] (0.00000215)
[  0  0  2  0  1  0  0  0  0 ] (0.00001649)
[  0  0  2  0  1  0  0  0  1 ] (0.00000115)
[  0  0  2  0  1  0  0  0  2 ] (0.00000006)
[  0  0  2  0  1  0  0  1  0 ] (0.00000357)
[  0  0  2  0  1  0  0  1  1 ] (0.00000045)
[  0  0  2  0  1  0  0  2  0 ] (0.00000007)
[  0  0  2  0  1  0  1  0  0 ] (0.00000583)
[  0  0  2  0  1  0  1  0  1 ] (0.00000003)
[  0  0  2  0  1  0  1  1  0 ] (0.00000038)
[  0  0  2  0  1  0  2  0  0 ] (0.00000002)
[  0  0  2  0  1  1  0  0  0 ] (0.00000792)
[  0  0  2  0  1  1  0  0  1 ] (0.00000027)
[  0  0  2  0  1  1  0  1  0 ] (0.00000097)
[  0  0  2  0  1  1  1  0  0 ] (0.00000031)
[  0  0  2  0  1  2  0  0  0 ] (0.00000007)
[  0  0  2  0  2  0  0  0  0 ] (0.00000693)
[  0  0  2  0  2  0  0  0  1 ] (0.00000060)
[  0  0  2  0  2  0  0  1  0 ] (0.00000027)
[  0  0  2  0  2  0  1  0  0 ] (0.00000040)
[  0  0  2  0  2  1  0  0  0 ] (0.00000001)
[  0  0  2  0  3  0  0  0  0 ] (0.00000182)
[  0  0  2  1  0  0  0  0  0 ] (0.00000585)
[  0  0  2  1  0  0  0  0  1 ] (0.00000000)
[  0  0  2  1  0  0  0  0  2 ] (0.00000006)
[  0  0  2  1  0  0  0  1  0 ] (0.00001328)
[  0  0  2  1  0  0  0  1  1 ] (0.00000110)
[  0  0  2  1  0  0  0  2  0 ] (0.00000078)
[  0  0  2  1  0  0  1  0  0 ] (0.00000030)
[  0  0  2  1  0  0  1  0  1 ] (0.00000013)
[  0  0  2  1  0  0  1  1  0 ] (0.00000057)
[  0  0  2  1  0  0  2  0  0 ] (0.00000007)
[  0  0  2  1  0  1  0  0  0 ] (0.00000428)
[  0  0  2  1  0  1  0  0  1 ] (0.00000005)
[  0  0  2  1  0  1  0  1  0 ] (0.00000004)
[  0  0  2  1  0  1  1  0  0 ] (0.00000017)
[  0  0  2  1  0  2  0  0  0 ] (0.00000022)
[  0  0  2  1  1  0  0  0  0 ] (0.00000094)
[  0  0  2  1  1  0  0  0  1 ] (0.00000000)
[  0  0  2  1  1  0  0  1  0 ] (0.00000005)
[  0  0  2  1  1  0  1  0  0 ] (0.00000037)
[  0  0  2  1  1  1  0  0  0 ] (0.00000028)
[  0  0  2  1  2  0  0  0  0 ] (0.00000004)
[  0  0  2  2  0  0  0  0  0 ] (0.00000378)
[  0  0  2  2  0  0  0  0  1 ] (0.00000019)
[  0  0  2  2  0  0  0  1  0 ] (0.00000091)
[  0  0  2  2  0  0  1  0  0 ] (0.00000004)
[  0  0  2  2  0  1  0  0  0 ] (0.00000021)
[  0  0  2  2  1  0  0  0  0 ] (0.00000007)
[  0  0  2  3  0  0  0  0  0 ] (0.00000260)
[  0  0  3  0  0  0  0  0  0 ] (0.00000085)
[  0  0  3  0  0  0  0  0  1 ] (0.00000170)
[  0  0  3  0  0  0  0  0  2 ] (0.00000002)
[  0  0  3  0  0  0  0  1  0 ] (0.00001094)
[  0  0  3  0  0  0  0  1  1 ] (0.00000214)
[  0  0  3  0  0  0  0  2  0 ] (0.00000031)
[  0  0  3  0  0  0  1  0  0 ] (0.00000026)
[  0  0  3  0  0  0  1  0  1 ] (0.00000002)
[  0  0  3  0  0  0  1  1  0 ] (0.00000078)
[  0  0  3  0  0  0  2  0  0 ] (0.00000006)
[  0  0  3  0  0  1  0  0  0 ] (0.00000018)
[  0  0  3  0  0  1  0  0  1 ] (0.00000001)
[  0  0  3  0  0  1  0  1  0 ] (0.00000025)
[  0  0  3  0  0  1  1  0  0 ] (0.00000001)
[  0  0  3  0  0  2  0  0  0 ] (0.00000004)
[  0  0  3  0  1  0  0  0  0 ] (0.00004246)
[  0  0  3  0  1  0  0  0  1 ] (0.00000366)
[  0  0  3  0  1  0  0  1  0 ] (0.00000066)
[  0  0  3  0  1  0  1  0  0 ] (0.00000015)
[  0  0  3  0  1  1  0  0  0 ] (0.00000003)
[  0  0  3  0  2  0  0  0  0 ] (0.00000000)
[  0  0  3  1  0  0  0  0  0 ] (0.00000305)
[  0  0  3  1  0  0  0  0  1 ] (0.00000019)
[  0  0  3  1  0  0  0  1  0 ] (0.00000022)
[  0  0  3  1  0  0  1  0  0 ] (0.00000015)
[  0  0  3  1  0  1  0  0  0 ] (0.00000005)
[  0  0  3  1  1  0  0  0  0 ] (0.00000093)
[  0  0  3  2  0  0  0  0  0 ] (0.00000008)
[  0  0  4  0  0  0  0  0  0 ] (0.00279522)
[  0  0  4  0  0  0  0  0  1 ] (0.00124921)
[  0  0  4  0  0  0  0  1  0 ] (0.00015050)
[  0  0  4  0  0  0  1  0  0 ] (0.00299887)
[  0  0  4  0  0  1  0  0  0 ] (0.00051589)
[  0  0  4  0  1  0  0  0  0 ] (0.00379304)
[  0  0  4  1  0  0  0  0  0 ] (0.00864875)
[  0  0  5  0  0  0  0  0  0 ] (0.00000333)
[  0  1  0  0  0  0  0  0  0 ] (0.00108909)
[  0  1  0  0  0  0  0  0  1 ] (0.00035563)
[  0  1  0  0  0  0  0  0  2 ] (0.00044934)
[  0  1  0  0  0  0  0  0  3 ] (0.00009013)
[  0  1  0  0  0  0  0  0  4 ] (0.00001347)
[  0  1  0  0  0  0  0  1  0 ] (0.00068396)
[  0  1  0  0  0  0  0  1  1 ] (0.00010782)
[  0  1  0  0  0  0  0  1  2 ] (0.00001429)
[  0  1  0  0  0  0  0  1  3 ] (0.00000070)
[  0  1  0  0  0  0  0  2  0 ] (0.02202809)
[  0  1  0  0  0  0  0  2  1 ] (0.00003063)
[  0  1  0  0  0  0  0  2  2 ] (0.00000138)
[  0  1  0  0  0  0  0  3  0 ] (0.00044274)
[  0  1  0  0  0  0  0  3  1 ] (0.00000152)
[  0  1  0  0  0  0  0  4  0 ] (0.00003205)
[  0  1  0  0  0  0  1  0  0 ] (0.00030713)
[  0  1  0  0  0  0  1  0  1 ] (0.00005011)
[  0  1  0  0  0  0  1  0  2 ] (0.00000967)
[  0  1  0  0  0  0  1  0  3 ] (0.00001090)
[  0  1  0  0  0  0  1  1  0 ] (0.00147898)
[  0  1  0  0  0  0  1  1  1 ] (0.00000767)
[  0  1  0  0  0  0  1  1  2 ] (0.00000103)
[  0  1  0  0  0  0  1  2  0 ] (0.00032528)
[  0  1  0  0  0  0  1  2  1 ] (0.00000199)
[  0  1  0  0  0  0  1  3  0 ] (0.00000027)
[  0  1  0  0  0  0  2  0  0 ] (0.00200682)
[  0  1  0  0  0  0  2  0  1 ] (0.00104603)
[  0  1  0  0  0  0  2  0  2 ] (0.00000209)
[  0  1  0  0  0  0  2  1  0 ] (0.00000755)
[  0  1  0  0  0  0  2  1  1 ] (0.00000244)
[  0  1  0  0  0  0  2  2  0 ] (0.00000543)
[  0  1  0  0  0  0  3  0  0 ] (0.00019387)
[  0  1  0  0  0  0  3  0  1 ] (0.00000033)
[  0  1  0  0  0  0  3  1  0 ] (0.00001231)
[  0  1  0  0  0  0  4  0  0 ] (0.00001836)
[  0  1  0  0  0  1  0  0  0 ] (0.00000009)
[  0  1  0  0  0  1  0  0  1 ] (0.00001059)
[  0  1  0  0  0  1  0  0  2 ] (0.00000073)
[  0  1  0  0  0  1  0  0  3 ] (0.00000075)
[  0  1  0  0  0  1  0  1  0 ] (0.00001378)
[  0  1  0  0  0  1  0  1  1 ] (0.00000471)
[  0  1  0  0  0  1  0  1  2 ] (0.00000021)
[  0  1  0  0  0  1  0  2  0 ] (0.00009888)
[  0  1  0  0  0  1  0  2  1 ] (0.00000287)
[  0  1  0  0  0  1  0  3  0 ] (0.00000033)
[  0  1  0  0  0  1  1  0  0 ] (0.00038867)
[  0  1  0  0  0  1  1  0  1 ] (0.00000084)
[  0  1  0  0  0  1  1  0  2 ] (0.00000001)
[  0  1  0  0  0  1  1  1  0 ] (0.00001236)
[  0  1  0  0  0  1  1  1  1 ] (0.00000013)
[  0  1  0  0  0  1  1  2  0 ] (0.00001180)
[  0  1  0  0  0  1  2  0  0 ] (0.00003814)
[  0  1  0  0  0  1  2  0  1 ] (0.00000539)
[  0  1  0  0  0  1  2  1  0 ] (0.00000322)
[  0  1  0  0  0  1  3  0  0 ] (0.00001384)
[  0  1  0  0  0  2  0  0  0 ] (0.00001501)
[  0  1  0  0  0  2  0  0  1 ] (0.00002053)
[  0  1  0  0  0  2  0  0  2 ] (0.00000004)
[  0  1  0  0  0  2  0  1  0 ] (0.00003706)
[  0  1  0  0  0  2  0  1  1 ] (0.00000093)
[  0  1  0  0  0  2  0  2  0 ] (0.00000348)
[  0  1  0  0  0  2  1  0  0 ] (0.00002852)
[  0  1  0  0  0  2  1  0  1 ] (0.00001085)
[  0  1  0  0  0  2  1  1  0 ] (0.00000004)
[  0  1  0  0  0  2  2  0  0 ] (0.00000620)
[  0  1  0  0  0  3  0  0  0 ] (0.00000927)
[  0  1  0  0  0  3  0  0  1 ] (0.00000525)
[  0  1  0  0  0  3  0  1  0 ] (0.00000494)
[  0  1  0  0  0  3  1  0  0 ] (0.00004931)
[  0  1  0  0  0  4  0  0  0 ] (0.00001096)
[  0  1  0  0  1  0  0  0  0 ] (0.00012425)
[  0  1  0  0  1  0  0  0  1 ] (0.00004495)
[  0  1  0  0  1  0  0  0  2 ] (0.00002742)
[  0  1  0  0  1  0  0  0  3 ] (0.00001392)
[  0  1  0  0  1  0  0  1  0 ] (0.00074023)
[  0  1  0  0  1  0  0  1  1 ] (0.00003402)
[  0  1  0  0  1  0  0  1  2 ] (0.00000093)
[  0  1  0  0  1  0  0  2  0 ] (0.00007534)
[  0  1  0  0  1  0  0  2  1 ] (0.00000042)
[  0  1  0  0  1  0  0  3  0 ] (0.00000649)
[  0  1  0  0  1  0  1  0  0 ] (0.00000483)
[  0  1  0  0  1  0  1  0  1 ] (0.00006672)
[  0  1  0  0  1  0  1  0  2 ] (0.00000016)
[  0  1  0  0  1  0  1  1  0 ] (0.00009653)
[  0  1  0  0  1  0  1  1  1 ] (0.00000001)
[  0  1  0  0  1  0  1  2  0 ] (0.00002734)
[  0  1  0  0  1  0  2  0  0 ] (0.00003944)
[  0  1  0  0  1  0  2  0  1 ] (0.00001476)
[  0  1  0  0  1  0  2  1  0 ] (0.00001365)
[  0  1  0  0  1  0  3  0  0 ] (0.00000521)
[  0  1  0  0  1  1  0  0  0 ] (0.00031625)
[  0  1  0  0  1  1  0  0  1 ] (0.00000081)
[  0  1  0  0  1  1  0  0  2 ] (0.00000015)
[  0  1  0  0  1  1  0  1  0 ] (0.00009148)
[  0  1  0  0  1  1  0  1  1 ] (0.00000014)
[  0  1  0  0  1  1  0  2  0 ] (0.00000024)
[  0  1  0  0  1  1  1  0  0 ] (0.00000454)
[  0  1  0  0  1  1  1  0  1 ] (0.00000041)
[  0  1  0  0  1  1  1  1  0 ] (0.00000014)
[  0  1  0  0  1  1  2  0  0 ] (0.00000000)
[  0  1  0  0  1  2  0  0  0 ] (0.00002133)
[  0  1  0  0  1  2  0  0  1 ] (0.00000137)
[  0  1  0  0  1  2  0  1  0 ] (0.00000000)
[  0  1  0  0  1  2  1  0  0 ] (0.00000002)
[  0  1  0  0  1  3  0  0  0 ] (0.00000538)
[  0  1  0  0  2  0  0  0  0 ] (0.00072663)
[  0  1  0  0  2  0  0  0  1 ] (0.00006461)
[  0  1  0  0  2  0  0  0  2 ] (0.00000063)
[  0  1  0  0  2  0  0  1  0 ] (0.00005114)
[  0  1  0  0  2  0  0  1  1 ] (0.00000009)
[  0  1  0  0  2  0  0  2  0 ] (0.00000001)
[  0  1  0  0  2  0  1  0  0 ] (0.00006137)
[  0  1  0  0  2  0  1  0  1 ] (0.00000085)
[  0  1  0  0  2  0  1  1  0 ] (0.00000011)
[  0  1  0  0  2  0  2  0  0 ] (0.00000021)
[  0  1  0  0  2  1  0  0  0 ] (0.00001361)
[  0  1  0  0  2  1  0  0  1 ] (0.00000138)
[  0  1  0  0  2  1  0  1  0 ] (0.00000308)
[  0  1  0  0  2  1  1  0  0 ] (0.00000223)
[  0  1  0  0  2  2  0  0  0 ] (0.00000007)
[  0  1  0  0  3  0  0  0  0 ] (0.00023210)
[  0  1  0  0  3  0  0  0  1 ] (0.00001327)
[  0  1  0  0  3  0  0  1  0 ] (0.00003776)
[  0  1  0  0  3  0  1  0  0 ] (0.00000256)
[  0  1  0  0  3  1  0  0  0 ] (0.00000056)
[  0  1  0  0  4  0  0  0  0 ] (0.00000334)
[  0  1  0  1  0  0  0  0  0 ] (0.00018928)
[  0  1  0  1  0  0  0  0  1 ] (0.00017943)
[  0  1  0  1  0  0  0  0  2 ] (0.00002459)
[  0  1  0  1  0  0  0  0  3 ] (0.00002919)
[  0  1  0  1  0  0  0  1  0 ] (0.00177448)
[  0  1  0  1  0  0  0  1  1 ] (0.00009015)
[  0  1  0  1  0  0  0  1  2 ] (0.00000517)
[  0  1  0  1  0  0  0  2  0 ] (0.00024537)
[  0  1  0  1  0  0  0  2  1 ] (0.00000068)
[  0  1  0  1  0  0  0  3  0 ] (0.00000029)
[  0  1  0  1  0  0  1  0  0 ] (0.00093811)
[  0  1  0  1  0  0  1  0  1 ] (0.00000004)
[  0  1  0  1  0  0  1  0  2 ] (0.00000000)
[  0  1  0  1  0  0  1  1  0 ] (0.00015451)
[  0  1  0  1  0  0  1  1  1 ] (0.00000035)
[  0  1  0  1  0  0  1  2  0 ] (0.00000397)
[  0  1  0  1  0  0  2  0  0 ] (0.00007318)
[  0  1  0  1  0  0  2  0  1 ] (0.00000876)
[  0  1  0  1  0  0  2  1  0 ] (0.00002351)
[  0  1  0  1  0  0  3  0  0 ] (0.00000871)
[  0  1  0  1  0  1  0  0  0 ] (0.00144143)
[  0  1  0  1  0  1  0  0  1 ] (0.00000249)
[  0  1  0  1  0  1  0  0  2 ] (0.00000276)
[  0  1  0  1  0  1  0  1  0 ] (0.00003102)
[  0  1  0  1  0  1  0  1  1 ] (0.00000234)
[  0  1  0  1  0  1  0  2  0 ] (0.00000293)
[  0  1  0  1  0  1  1  0  0 ] (0.00004646)
[  0  1  0  1  0  1  1  0  1 ] (0.00000003)
[  0  1  0  1  0  1  1  1  0 ] (0.00000084)
[  0  1  0  1  0  1  2  0  0 ] (0.00000395)
[  0  1  0  1  0  2  0  0  0 ] (0.00000273)
[  0  1  0  1  0  2  0  0  1 ] (0.00000222)
[  0  1  0  1  0  2  0  1  0 ] (0.00000362)
[  0  1  0  1  0  2  1  0  0 ] (0.00000169)
[  0  1  0  1  0  3  0  0  0 ] (0.00002572)
[  0  1  0  1  1  0  0  0  0 ] (0.00112013)
[  0  1  0  1  1  0  0  0  1 ] (0.00013322)
[  0  1  0  1  1  0  0  0  2 ] (0.00000117)
[  0  1  0  1  1  0  0  1  0 ] (0.00000053)
[  0  1  0  1  1  0  0  1  1 ] (0.00000000)
[  0  1  0  1  1  0  0  2  0 ] (0.00000566)
[  0  1  0  1  1  0  1  0  0 ] (0.00003682)
[  0  1  0  1  1  0  1  0  1 ] (0.00000868)
[  0  1  0  1  1  0  1  1  0 ] (0.00000341)
[  0  1  0  1  1  0  2  0  0 ] (0.00003395)
[  0  1  0  1  1  1  0  0  0 ] (0.00000186)
[  0  1  0  1  1  1  0  0  1 ] (0.00000235)
[  0  1  0  1  1  1  0  1  0 ] (0.00001475)
[  0  1  0  1  1  1  1  0  0 ] (0.00000353)
[  0  1  0  1  1  2  0  0  0 ] (0.00000002)
[  0  1  0  1  2  0  0  0  0 ] (0.00005918)
[  0  1  0  1  2  0  0  0  1 ] (0.00000044)
[  0  1  0  1  2  0  0  1  0 ] (0.00000973)
[  0  1  0  1  2  0  1  0  0 ] (0.00000123)
[  0  1  0  1  2  1  0  0  0 ] (0.00000535)
[  0  1  0  1  3  0  0  0  0 ] (0.00000939)
[  0  1  0  2  0  0  0  0  0 ] (0.00491734)
[  0  1  0  2  0  0  0  0  1 ] (0.00023978)
[  0  1  0  2  0  0  0  0  2 ] (0.00000185)
[  0  1  0  2  0  0  0  1  0 ] (0.00034480)
[  0  1  0  2  0  0  0  1  1 ] (0.00003835)
[  0  1  0  2  0  0  0  2  0 ] (0.00001211)
[  0  1  0  2  0  0  1  0  0 ] (0.00074023)
[  0  1  0  2  0  0  1  0  1 ] (0.00000085)
[  0  1  0  2  0  0  1  1  0 ] (0.00016416)
[  0  1  0  2  0  0  2  0  0 ] (0.00048121)
[  0  1  0  2  0  1  0  0  0 ] (0.00000002)
[  0  1  0  2  0  1  0  0  1 ] (0.00003507)
[  0  1  0  2  0  1  0  1  0 ] (0.00003208)
[  0  1  0  2  0  1  1  0  0 ] (0.00001590)
[  0  1  0  2  0  2  0  0  0 ] (0.00000222)
[  0  1  0  2  1  0  0  0  0 ] (0.00071803)
[  0  1  0  2  1  0  0  0  1 ] (0.00008568)
[  0  1  0  2  1  0  0  1  0 ] (0.00000496)
[  0  1  0  2  1  0  1  0  0 ] (0.00028065)
[  0  1  0  2  1  1  0  0  0 ] (0.00001257)
[  0  1  0  2  2  0  0  0  0 ] (0.00000063)
[  0  1  0  3  0  0  0  0  0 ] (0.00194583)
[  0  1  0  3  0  0  0  0  1 ] (0.00000133)
[  0  1  0  3  0  0  0  1  0 ] (0.00001827)
[  0  1  0  3  0  0  1  0  0 ] (0.00005417)
[  0  1  0  3  0  1  0  0  0 ] (0.00002562)
[  0  1  0  3  1  0  0  0  0 ] (0.00000120)
[  0  1  0  4  0  0  0  0  0 ] (0.00028513)
[  0  1  1  0  0  0  0  0  0 ] (0.00000813)
[  0  1  1  0  0  0  0  0  1 ] (0.00004485)
[  0  1  1  0  0  0  0  0  2 ] (0.00000391)
[  0  1  1  0  0  0  0  0  3 ] (0.00000187)
[  0  1  1  0  0  0  0  1  0 ] (0.00021720)
[  0  1  1  0  0  0  0  1  1 ] (0.00001597)
[  0  1  1  0  0  0  0  1  2 ] (0.00000033)
[  0  1  1  0  0  0  0  2  0 ] (0.00000713)
[  0  1  1  0  0  0  0  2  1 ] (0.00000074)
[  0  1  1  0  0  0  0  3  0 ] (0.00000368)
[  0  1  1  0  0  0  1  0  0 ] (0.00015014)
[  0  1  1  0  0  0  1  0  1 ] (0.00001289)
[  0  1  1  0  0  0  1  0  2 ] (0.00000001)
[  0  1  1  0  0  0  1  1  0 ] (0.00000236)
[  0  1  1  0  0  0  1  1  1 ] (0.00000000)
[  0  1  1  0  0  0  1  2  0 ] (0.00000000)
[  0  1  1  0  0  0  2  0  0 ] (0.00000011)
[  0  1  1  0  0  0  2  0  1 ] (0.00000001)
[  0  1  1  0  0  0  2  1  0 ] (0.00000000)
[  0  1  1  0  0  0  3  0  0 ] (0.00000002)
[  0  1  1  0  0  1  0  0  0 ] (0.00007092)
[  0  1  1  0  0  1  0  0  1 ] (0.00000278)
[  0  1  1  0  0  1  0  0  2 ] (0.00000005)
[  0  1  1  0  0  1  0  1  0 ] (0.00000413)
[  0  1  1  0  0  1  0  1  1 ] (0.00000100)
[  0  1  1  0  0  1  0  2  0 ] (0.00000003)
[  0  1  1  0  0  1  1  0  0 ] (0.00000001)
[  0  1  1  0  0  1  1  0  1 ] (0.00000078)
[  0  1  1  0  0  1  1  1  0 ] (0.00000003)
[  0  1  1  0  0  1  2  0  0 ] (0.00000012)
[  0  1  1  0  0  2  0  0  0 ] (0.00000718)
[  0  1  1  0  0  2  0  0  1 ] (0.00000027)
[  0  1  1  0  0  2  0  1  0 ] (0.00000017)
[  0  1  1  0  0  2  1  0  0 ] (0.00000060)
[  0  1  1  0  0  3  0  0  0 ] (0.00000022)
[  0  1  1  0  1  0  0  0  0 ] (0.00000180)
[  0  1  1  0  1  0  0  0  1 ] (0.00000138)
[  0  1  1  0  1  0  0  0  2 ] (0.00000002)
[  0  1  1  0  1  0  0  1  0 ] (0.00000095)
[  0  1  1  0  1  0  0  1  1 ] (0.00000032)
[  0  1  1  0  1  0  0  2  0 ] (0.00000001)
[  0  1  1  0  1  0  1  0  0 ] (0.00000323)
[  0  1  1  0  1  0  1  0  1 ] (0.00000009)
[  0  1  1  0  1  0  1  1  0 ] (0.00000058)
[  0  1  1  0  1  0  2  0  0 ] (0.00000002)
[  0  1  1  0  1  1  0  0  0 ] (0.00000016)
[  0  1  1  0  1  1  0  0  1 ] (0.00000011)
[  0  1  1  0  1  1  0  1  0 ] (0.00000040)
[  0  1  1  0  1  1  1  0  0 ] (0.00000054)
[  0  1  1  0  1  2  0  0  0 ] (0.00000003)
[  0  1  1  0  2  0  0  0  0 ] (0.00000004)
[  0  1  1  0  2  0  0  0  1 ] (0.00000000)
[  0  1  1  0  2  0  0  1  0 ] (0.00000026)
[  0  1  1  0  2  0  1  0  0 ] (0.00000001)
[  0  1  1  0  2  1  0  0  0 ] (0.00000007)
[  0  1  1  0  3  0  0  0  0 ] (0.00000162)
[  0  1  1  1  0  0  0  0  0 ] (0.00002019)
[  0  1  1  1  0  0  0  0  1 ] (0.00001109)
[  0  1  1  1  0  0  0  0  2 ] (0.00000011)
[  0  1  1  1  0  0  0  1  0 ] (0.00002450)
[  0  1  1  1  0  0  0  1  1 ] (0.00000129)
[  0  1  1  1  0  0  0  2  0 ] (0.00000013)
[  0  1  1  1  0  0  1  0  0 ] (0.00000584)
[  0  1  1  1  0  0  1  0  1 ] (0.00000001)
[  0  1  1  1  0  0  1  1  0 ] (0.00000011)
[  0  1  1  1  0  0  2  0  0 ] (0.00000000)
[  0  1  1  1  0  1  0  0  0 ] (0.00000022)
[  0  1  1  1  0  1  0  0  1 ] (0.00000000)
[  0  1  1  1  0  1  0  1  0 ] (0.00000003)
[  0  1  1  1  0  1  1  0  0 ] (0.00000000)
[  0  1  1  1  0  2  0  0  0 ] (0.00000003)
[  0  1  1  1  1  0  0  0  0 ] (0.00000492)
[  0  1  1  1  1  0  0  0  1 ] (0.00000020)
[  0  1  1  1  1  0  0  1  0 ] (0.00000014)
[  0  1  1  1  1  0  1  0  0 ] (0.00000000)
[  0  1  1  1  1  1  0  0  0 ] (0.00000014)
[  0  1  1  1  2  0  0  0  0 ] (0.00000015)
[  0  1  1  2  0  0  0  0  0 ] (0.00000233)
[  0  1  1  2  0  0  0  0  1 ] (0.00000033)
[  0  1  1  2  0  0  0  1  0 ] (0.00000049)
[  0  1  1  2  0  0  1  0  0 ] (0.00000094)
[  0  1  1  2  0  1  0  0  0 ] (0.00000000)
[  0  1  1  2  1  0  0  0  0 ] (0.00000001)
[  0  1  1  3  0  0  0  0  0 ] (0.00000041)
[  0  1  2  0  0  0  0  0  0 ] (0.00013054)
[  0  1  2  0  0  0  0  0  1 ] (0.00015694)
[  0  1  2  0  0  0  0  0  2 ] (0.00000373)
[  0  1  2  0  0  0  0  1  0 ] (0.00152522)
[  0  1  2  0  0  0  0  1  1 ] (0.00002539)
[  0  1  2  0  0  0  0  2  0 ] (0.00014172)
[  0  1  2  0  0  0  1  0  0 ] (0.00237237)
[  0  1  2  0  0  0  1  0  1 ] (0.00000229)
[  0  1  2  0  0  0  1  1  0 ] (0.00014284)
[  0  1  2  0  0  0  2  0  0 ] (0.00057737)
[  0  1  2  0  0  1  0  0  0 ] (0.00052015)
[  0  1  2  0  0  1  0  0  1 ] (0.00003791)
[  0  1  2  0  0  1  0  1  0 ] (0.00000997)
[  0  1  2  0  0  1  1  0  0 ] (0.00001323)
[  0  1  2  0  0  2  0  0  0 ] (0.00000272)
[  0  1  2  0  1  0  0  0  0 ] (0.00091034)
[  0  1  2  0  1  0  0  0  1 ] (0.00003963)
[  0  1  2  0  1  0  0  1  0 ] (0.00000029)
[  0  1  2  0  1  0  1  0  0 ] (0.00004264)
[  0  1  2  0  1  1  0  0  0 ] (0.00002898)
[  0  1  2  0  2  0  0  0  0 ] (0.00000416)
[  0  1  2  1  0  0  0  0  0 ] (0.01799895)
[  0  1  2  1  0  0  0  0  1 ] (0.00002408)
[  0  1  2  1  0  0  0  1  0 ] (0.00014162)
[  0  1  2  1  0  0  1  0  0 ] (0.00017636)
[  0  1  2  1  0  1  0  0  0 ] (0.00021269)
[  0  1  2  1  1  0  0  0  0 ] (0.00012457)
[  0  1  2  2  0  0  0  0  0 ] (0.00007363)
[  0  1  3  0  0  0  0  0  0 ] (0.00414530)
[  0  1  3  0  0  0  0  0  1 ] (0.00075340)
[  0  1  3  0  0  0  0  1  0 ] (0.00008829)
[  0  1  3  0  0  0  1  0  0 ] (0.00000096)
[  0  1  3  0  0  1  0  0  0 ] (0.00002783)
[  0  1  3  0  1  0  0  0  0 ] (0.00018780)
[  0  1  3  1  0  0  0  0  0 ] (0.00007508)
[  0  1  4  0  0  0  0  0  0 ] (0.00000018)
[  0  2  0  0  0  0  0  0  0 ] (0.00000041)
[  0  2  0  0  0  0  0  0  1 ] (0.00004380)
[  0  2  0  0  0  0  0  0  2 ] (0.00000327)
[  0  2  0  0  0  0  0  0  3 ] (0.00000094)
[  0  2  0  0  0  0  0  1  0 ] (0.00001811)
[  0  2  0  0  0  0  0  1  1 ] (0.00001905)
[  0  2  0  0  0  0  0  1  2 ] (0.00000071)
[  0  2  0  0  0  0  0  2  0 ] (0.00000922)
[  0  2  0  0  0  0  0  2  1 ] (0.00000008)
[  0  2  0  0  0  0  0  3  0 ] (0.00000238)
[  0  2  0  0  0  0  1  0  0 ] (0.00001378)
[  0  2  0  0  0  0  1  0  1 ] (0.00000140)
[  0  2  0  0  0  0  1  0  2 ] (0.00000000)
[  0  2  0  0  0  0  1  1  0 ] (0.00001050)
[  0  2  0  0  0  0  1  1  1 ] (0.00000066)
[  0  2  0  0  0  0  1  2  0 ] (0.00000039)
[  0  2  0  0  0  0  2  0  0 ] (0.00000636)
[  0  2  0  0  0  0  2  0  1 ] (0.00000099)
[  0  2  0  0  0  0  2  1  0 ] (0.00000001)
[  0  2  0  0  0  0  3  0  0 ] (0.00000241)
[  0  2  0  0  0  1  0  0  0 ] (0.00001577)
[  0  2  0  0  0  1  0  0  1 ] (0.00000002)
[  0  2  0  0  0  1  0  0  2 ] (0.00000001)
[  0  2  0  0  0  1  0  1  0 ] (0.00004840)
[  0  2  0  0  0  1  0  1  1 ] (0.00000371)
[  0  2  0  0  0  1  0  2  0 ] (0.00000025)
[  0  2  0  0  0  1  1  0  0 ] (0.00000670)
[  0  2  0  0  0  1  1  0  1 ] (0.00000229)
[  0  2  0  0  0  1  1  1  0 ] (0.00000082)
[  0  2  0  0  0  1  2  0  0 ] (0.00000001)
[  0  2  0  0  0  2  0  0  0 ] (0.00000652)
[  0  2  0  0  0  2  0  0  1 ] (0.00000001)
[  0  2  0  0  0  2  0  1  0 ] (0.00000001)
[  0  2  0  0  0  2  1  0  0 ] (0.00000071)
[  0  2  0  0  0  3  0  0  0 ] (0.00000006)
[  0  2  0  0  1  0  0  0  0 ] (0.00000014)
[  0  2  0  0  1  0  0  0  1 ] (0.00000042)
[  0  2  0  0  1  0  0  0  2 ] (0.00000000)
[  0  2  0  0  1  0  0  1  0 ] (0.00000050)
[  0  2  0  0  1  0  0  1  1 ] (0.00000001)
[  0  2  0  0  1  0  0  2  0 ] (0.00000001)
[  0  2  0  0  1  0  1  0  0 ] (0.00000025)
[  0  2  0  0  1  0  1  0  1 ] (0.00000010)
[  0  2  0  0  1  0  1  1  0 ] (0.00000013)
[  0  2  0  0  1  0  2  0  0 ] (0.00000000)
[  0  2  0  0  1  1  0  0  0 ] (0.00000154)
[  0  2  0  0  1  1  0  0  1 ] (0.00000006)
[  0  2  0  0  1  1  0  1  0 ] (0.00000003)
[  0  2  0  0  1  1  1  0  0 ] (0.00000019)
[  0  2  0  0  1  2  0  0  0 ] (0.00000027)
[  0  2  0  0  2  0  0  0  0 ] (0.00000645)
[  0  2  0  0  2  0  0  0  1 ] (0.00000025)
[  0  2  0  0  2  0  0  1  0 ] (0.00000023)
[  0  2  0  0  2  0  1  0  0 ] (0.00000000)
[  0  2  0  0  2  1  0  0  0 ] (0.00000025)
[  0  2  0  0  3  0  0  0  0 ] (0.00000017)
[  0  2  0  1  0  0  0  0  0 ] (0.00001388)
[  0  2  0  1  0  0  0  0  1 ] (0.00000108)
[  0  2  0  1  0  0  0  0  2 ] (0.00000060)
[  0  2  0  1  0  0  0  1  0 ] (0.00005402)
[  0  2  0  1  0  0  0  1  1 ] (0.00000000)
[  0  2  0  1  0  0  0  2  0 ] (0.00000109)
[  0  2  0  1  0  0  1  0  0 ] (0.00000112)
[  0  2  0  1  0  0  1  0  1 ] (0.00000071)
[  0  2  0  1  0  0  1  1  0 ] (0.00000006)
[  0  2  0  1  0  0  2  0  0 ] (0.00000090)
[  0  2  0  1  0  1  0  0  0 ] (0.00000193)
[  0  2  0  1  0  1  0  0  1 ] (0.00000017)
[  0  2  0  1  0  1  0  1  0 ] (0.00000013)
[  0  2  0  1  0  1  1  0  0 ] (0.00000003)
[  0  2  0  1  0  2  0  0  0 ] (0.00000086)
[  0  2  0  1  1  0  0  0  0 ] (0.00000000)
[  0  2  0  1  1  0  0  0  1 ] (0.00000004)
[  0  2  0  1  1  0  0  1  0 ] (0.00000077)
[  0  2  0  1  1  0  1  0  0 ] (0.00000014)
[  0  2  0  1  1  1  0  0  0 ] (0.00000010)
[  0  2  0  1  2  0  0  0  0 ] (0.00000001)
[  0  2  0  2  0  0  0  0  0 ] (0.00002129)
[  0  2  0  2  0  0  0  0  1 ] (0.00000009)
[  0  2  0  2  0  0  0  1  0 ] (0.00000016)
[  0  2  0  2  0  0  1  0  0 ] (0.00000001)
[  0  2  0  2  0  1  0  0  0 ] (0.00000432)
[  0  2  0  2  1  0  0  0  0 ] (0.00000011)
[  0  2  0  3  0  0  0  0  0 ] (0.00000175)
[  0  2  1  0  0  0  0  0  0 ] (0.00124002)
[  0  2  1  0  0  0  0  0  1 ] (0.00000013)
[  0  2  1  0  0  0  0  0  2 ] (0.00001008)
[  0  2  1  0  0  0  0  1  0 ] (0.00238755)
[  0  2  1  0  0  0  0  1  1 ] (0.00006554)
[  0  2  1  0  0  0  0  2  0 ] (0.00014179)
[  0  2  1  0  0  0  1  0  0 ] (0.00012399)
[  0  2  1  0  0  0  1  0  1 ] (0.00013092)
[  0  2  1  0  0  0  1  1  0 ] (0.00011355)
[  0  2  1  0  0  0  2  0  0 ] (0.00038135)
[  0  2  1  0  0  1  0  0  0 ] (0.00107164)
[  0  2  1  0  0  1  0  0  1 ] (0.00000084)
[  0  2  1  0  0  1  0  1  0 ] (0.00001595)
[  0  2  1  0  0  1  1  0  0 ] (0.00003183)
[  0  2  1  0  0  2  0  0  0 ] (0.00007508)
[  0  2  1  0  1  0  0  0  0 ] (0.00182289)
[  0  2  1  0  1  0  0  0  1 ] (0.00021918)
[  0  2  1  0  1  0  0  1  0 ] (0.00000802)
[  0  2  1  0  1  0  1  0  0 ] (0.00013687)
[  0  2  1  0  1  1  0  0  0 ] (0.00007241)
[  0  2  1  0  2  0  0  0  0 ] (0.00002273)
[  0  2  1  1  0  0  0  0  0 ] (0.00144776)
[  0  2  1  1  0  0  0  0  1 ] (0.00037688)
[  0  2  1  1  0  0  0  1  0 ] (0.00000290)
[  0  2  1  1  0  0  1  0  0 ] (0.00009939)
[  0  2  1  1  0  1  0  0  0 ] (0.00010761)
[  0  2  1  1  1  0  0  0  0 ] (0.00028245)
[  0  2  1  2  0  0  0  0  0 ] (0.00103648)
[  0  2  2  0  0  0  0  0  0 ] (0.00000003)
[  0  2  2  0  0  0  0  0  1 ] (0.00000120)
[  0  2  2  0  0  0  0  1  0 ] (0.00003392)
[  0  2  2  0  0  0  1  0  0 ] (0.00000000)
[  0  2  2  0  0  1  0  0  0 ] (0.00001049)
[  0  2  2  0  1  0  0  0  0 ] (0.00000431)
[  0  2  2  1  0  0  0  0  0 ] (0.00001036)
[  0  2  3  0  0  0  0  0  0 ] (0.00000000)
[  0  3  0  0  0  0  0  0  0 ] (0.00004174)
[  0  3  0  0  0  0  0  0  1 ] (0.00003493)
[  0  3  0  0  0  0  0  0  2 ] (0.00000000)
[  0  3  0  0  0  0  0  1  0 ] (0.00564711)
[  0  3  0  0  0  0  0  1  1 ] (0.00036173)
[  0  3  0  0  0  0  0  2  0 ] (0.00010874)
[  0  3  0  0  0  0  1  0  0 ] (0.00002305)
[  0  3  0  0  0  0  1  0  1 ] (0.00000212)
[  0  3  0  0  0  0  1  1  0 ] (0.00000184)
[  0  3  0  0  0  0  2  0  0 ] (0.00000132)
[  0  3  0  0  0  1  0  0  0 ] (0.00019236)
[  0  3  0  0  0  1  0  0  1 ] (0.00001061)
[  0  3  0  0  0  1  0  1  0 ] (0.00007120)
[  0  3  0  0  0  1  1  0  0 ] (0.00000148)
[  0  3  0  0  0  2  0  0  0 ] (0.00002015)
[  0  3  0  0  1  0  0  0  0 ] (0.00000269)
[  0  3  0  0  1  0  0  0  1 ] (0.00000082)
[  0  3  0  0  1  0  0  1  0 ] (0.00001700)
[  0  3  0  0  1  0  1  0  0 ] (0.00003521)
[  0  3  0  0  1  1  0  0  0 ] (0.00000193)
[  0  3  0  0  2  0  0  0  0 ] (0.00002833)
[  0  3  0  1  0  0  0  0  0 ] (0.00011917)
[  0  3  0  1  0  0  0  0  1 ] (0.00000327)
[  0  3  0  1  0  0  0  1  0 ] (0.00011920)
[  0  3  0  1  0  0  1  0  0 ] (0.00000030)
[  0  3  0  1  0  1  0  0  0 ] (0.00000029)
[  0  3  0  1  1  0  0  0  0 ] (0.00000303)
[  0  3  0  2  0  0  0  0  0 ] (0.00009436)
[  0  3  1  0  0  0  0  0  0 ] (0.00004391)
[  0  3  1  0  0  0  0  0  1 ] (0.00003345)
[  0  3  1  0  0  0  0  1  0 ] (0.00000276)
[  0  3  1  0  0  0  1  0  0 ] (0.00011971)
[  0  3  1  0  0  1  0  0  0 ] (0.00002207)
[  0  3  1  0  1  0  0  0  0 ] (0.00010289)
[  0  3  1  1  0  0  0  0  0 ] (0.00005475)
[  0  3  2  0  0  0  0  0  0 ] (0.00002814)
[  0  4  0  0  0  0  0  0  0 ] (0.00066878)
[  0  4  0  0  0  0  0  0  1 ] (0.00036026)
[  0  4  0  0  0  0  0  1  0 ] (0.00190951)
[  0  4  0  0  0  0  1  0  0 ] (0.00173212)
[  0  4  0  0  0  1  0  0  0 ] (0.00087376)
[  0  4  0  0  1  0  0  0  0 ] (0.00455542)
[  0  4  0  1  0  0  0  0  0 ] (0.01123313)
[  0  4  1  0  0  0  0  0  0 ] (0.00007043)
[  0  5  0  0  0  0  0  0  0 ] (0.00007398)
[  1  0  0  0  0  0  0  0  0 ] (0.00000236)
[  1  0  0  0  0  0  0  0  1 ] (0.03255712)
[  1  0  0  0  0  0  0  0  2 ] (0.00044891)
[  1  0  0  0  0  0  0  0  3 ] (0.00003060)
[  1  0  0  0  0  0  0  0  4 ] (0.00001584)
[  1  0  0  0  0  0  0  1  0 ] (0.00406465)
[  1  0  0  0  0  0  0  1  1 ] (0.00022893)
[  1  0  0  0  0  0  0  1  2 ] (0.00000131)
[  1  0  0  0  0  0  0  1  3 ] (0.00001075)
[  1  0  0  0  0  0  0  2  0 ] (0.08444065)
[  1  0  0  0  0  0  0  2  1 ] (0.00047132)
[  1  0  0  0  0  0  0  2  2 ] (0.00000350)
[  1  0  0  0  0  0  0  3  0 ] (0.00102702)
[  1  0  0  0  0  0  0  3  1 ] (0.00000210)
[  1  0  0  0  0  0  0  4  0 ] (0.00044633)
[  1  0  0  0  0  0  1  0  0 ] (0.00002528)
[  1  0  0  0  0  0  1  0  1 ] (0.00074415)
[  1  0  0  0  0  0  1  0  2 ] (0.00002088)
[  1  0  0  0  0  0  1  0  3 ] (0.00000340)
[  1  0  0  0  0  0  1  1  0 ] (0.00000047)
[  1  0  0  0  0  0  1  1  1 ] (0.00006531)
[  1  0  0  0  0  0  1  1  2 ] (0.00000974)
[  1  0  0  0  0  0  1  2  0 ] (0.00017909)
[  1  0  0  0  0  0  1  2  1 ] (0.00000477)
[  1  0  0  0  0  0  1  3  0 ] (0.00000053)
[  1  0  0  0  0  0  2  0  0 ] (0.00292709)
[  1  0  0  0  0  0  2  0  1 ] (0.00004481)
[  1  0  0  0  0  0  2  0  2 ] (0.00001629)
[  1  0  0  0  0  0  2  1  0 ] (0.00027171)
[  1  0  0  0  0  0  2  1  1 ] (0.00005450)
[  1  0  0  0  0  0  2  2  0 ] (0.00002359)
[  1  0  0  0  0  0  3  0  0 ] (0.00071689)
[  1  0  0  0  0  0  3  0  1 ] (0.00020564)
[  1  0  0  0  0  0  3  1  0 ] (0.00012834)
[  1  0  0  0  0  0  4  0  0 ] (0.00010110)
[  1  0  0  0  0  1  0  0  0 ] (0.00009145)
[  1  0  0  0  0  1  0  0  1 ] (0.00011442)
[  1  0  0  0  0  1  0  0  2 ] (0.00000001)
[  1  0  0  0  0  1  0  0  3 ] (0.00000325)
[  1  0  0  0  0  1  0  1  0 ] (0.00002314)
[  1  0  0  0  0  1  0  1  1 ] (0.00002564)
[  1  0  0  0  0  1  0  1  2 ] (0.00000192)
[  1  0  0  0  0  1  0  2  0 ] (0.00014593)
[  1  0  0  0  0  1  0  2  1 ] (0.00000613)
[  1  0  0  0  0  1  0  3  0 ] (0.00000620)
[  1  0  0  0  0  1  1  0  0 ] (0.00046239)
[  1  0  0  0  0  1  1  0  1 ] (0.00001021)
[  1  0  0  0  0  1  1  0  2 ] (0.00000081)
[  1  0  0  0  0  1  1  1  0 ] (0.00000012)
[  1  0  0  0  0  1  1  1  1 ] (0.00000001)
[  1  0  0  0  0  1  1  2  0 ] (0.00002608)
[  1  0  0  0  0  1  2  0  0 ] (0.00008834)
[  1  0  0  0  0  1  2  0  1 ] (0.00000060)
[  1  0  0  0  0  1  2  1  0 ] (0.00000225)
[  1  0  0  0  0  1  3  0  0 ] (0.00000973)
[  1  0  0  0  0  2  0  0  0 ] (0.00167654)
[  1  0  0  0  0  2  0  0  1 ] (0.00002367)
[  1  0  0  0  0  2  0  0  2 ] (0.00001824)
[  1  0  0  0  0  2  0  1  0 ] (0.00024356)
[  1  0  0  0  0  2  0  1  1 ] (0.00000759)
[  1  0  0  0  0  2  0  2  0 ] (0.00000242)
[  1  0  0  0  0  2  1  0  0 ] (0.00017753)
[  1  0  0  0  0  2  1  0  1 ] (0.00000224)
[  1  0  0  0  0  2  1  1  0 ] (0.00001011)
[  1  0  0  0  0  2  2  0  0 ] (0.00000581)
[  1  0  0  0  0  3  0  0  0 ] (0.00078608)
[  1  0  0  0  0  3  0  0  1 ] (0.00003574)
[  1  0  0  0  0  3  0  1  0 ] (0.00013354)
[  1  0  0  0  0  3  1  0  0 ] (0.00000057)
[  1  0  0  0  0  4  0  0  0 ] (0.00000003)
[  1  0  0  0  1  0  0  0  0 ] (0.00263891)
[  1  0  0  0  1  0  0  0  1 ] (0.00156368)
[  1  0  0  0  1  0  0  0  2 ] (0.00000989)
[  1  0  0  0  1  0  0  0  3 ] (0.00000888)
[  1  0  0  0  1  0  0  1  0 ] (0.00048222)
[  1  0  0  0  1  0  0  1  1 ] (0.00000015)
[  1  0  0  0  1  0  0  1  2 ] (0.00000234)
[  1  0  0  0  1  0  0  2  0 ] (0.00038210)
[  1  0  0  0  1  0  0  2  1 ] (0.00000019)
[  1  0  0  0  1  0  0  3  0 ] (0.00000044)
[  1  0  0  0  1  0  1  0  0 ] (0.00670293)
[  1  0  0  0  1  0  1  0  1 ] (0.00012790)
[  1  0  0  0  1  0  1  0  2 ] (0.00000625)
[  1  0  0  0  1  0  1  1  0 ] (0.00019634)
[  1  0  0  0  1  0  1  1  1 ] (0.00013112)
[  1  0  0  0  1  0  1  2  0 ] (0.00002246)
[  1  0  0  0  1  0  2  0  0 ] (0.00047026)
[  1  0  0  0  1  0  2  0  1 ] (0.00007968)
[  1  0  0  0  1  0  2  1  0 ] (0.00002668)
[  1  0  0  0  1  0  3  0  0 ] (0.00005110)
[  1  0  0  0  1  1  0  0  0 ] (0.00026564)
[  1  0  0  0  1  1  0  0  1 ] (0.00000001)
[  1  0  0  0  1  1  0  0  2 ] (0.00000005)
[  1  0  0  0  1  1  0  1  0 ] (0.00012609)
[  1  0  0  0  1  1  0  1  1 ] (0.00000764)
[  1  0  0  0  1  1  0  2  0 ] (0.00006480)
[  1  0  0  0  1  1  1  0  0 ] (0.00008928)
[  1  0  0  0  1  1  1  0  1 ] (0.00000735)
[  1  0  0  0  1  1  1  1  0 ] (0.00000637)
[  1  0  0  0  1  1  2  0  0 ] (0.00000000)
[  1  0  0  0  1  2  0  0  0 ] (0.00000001)
[  1  0  0  0  1  2  0  0  1 ] (0.00000185)
[  1  0  0  0  1  2  0  1  0 ] (0.00000142)
[  1  0  0  0  1  2  1  0  0 ] (0.00000426)
[  1  0  0  0  1  3  0  0  0 ] (0.00000051)
[  1  0  0  0  2  0  0  0  0 ] (0.00389629)
[  1  0  0  0  2  0  0  0  1 ] (0.00021998)
[  1  0  0  0  2  0  0  0  2 ] (0.00000209)
[  1  0  0  0  2  0  0  1  0 ] (0.00076137)
[  1  0  0  0  2  0  0  1  1 ] (0.00004869)
[  1  0  0  0  2  0  0  2  0 ] (0.00013338)
[  1  0  0  0  2  0  1  0  0 ] (0.00013628)
[  1  0  0  0  2  0  1  0  1 ] (0.00011258)
[  1  0  0  0  2  0  1  1  0 ] (0.00012784)
[  1  0  0  0  2  0  2  0  0 ] (0.00003449)
[  1  0  0  0  2  1  0  0  0 ] (0.00007352)
[  1  0  0  0  2  1  0  0  1 ] (0.00000525)
[  1  0  0  0  2  1  0  1  0 ] (0.00001140)
[  1  0  0  0  2  1  1  0  0 ] (0.00001350)
[  1  0  0  0  2  2  0  0  0 ] (0.00000350)
[  1  0  0  0  3  0  0  0  0 ] (0.00149578)
[  1  0  0  0  3  0  0  0  1 ] (0.00000001)
[  1  0  0  0  3  0  0  1  0 ] (0.00024239)
[  1  0  0  0  3  0  1  0  0 ] (0.00005671)
[  1  0  0  0  3  1  0  0  0 ] (0.00000008)
[  1  0  0  0  4  0  0  0  0 ] (0.00038957)
[  1  0  0  1  0  0  0  0  0 ] (0.00089463)
[  1  0  0  1  0  0  0  0  1 ] (0.00165995)
[  1  0  0  1  0  0  0  0  2 ] (0.00001582)
[  1  0  0  1  0  0  0  0  3 ] (0.00000459)
[  1  0  0  1  0  0  0  1  0 ] (0.00193476)
[  1  0  0  1  0  0  0  1  1 ] (0.00013953)
[  1  0  0  1  0  0  0  1  2 ] (0.00000387)
[  1  0  0  1  0  0  0  2  0 ] (0.00040810)
[  1  0  0  1  0  0  0  2  1 ] (0.00000122)
[  1  0  0  1  0  0  0  3  0 ] (0.00003297)
[  1  0  0  1  0  0  1  0  0 ] (0.00038900)
[  1  0  0  1  0  0  1  0  1 ] (0.00013674)
[  1  0  0  1  0  0  1  0  2 ] (0.00000081)
[  1  0  0  1  0  0  1  1  0 ] (0.00002036)
[  1  0  0  1  0  0  1  1  1 ] (0.00002878)
[  1  0  0  1  0  0  1  2  0 ] (0.00005210)
[  1  0  0  1  0  0  2  0  0 ] (0.00000259)
[  1  0  0  1  0  0  2  0  1 ] (0.00000442)
[  1  0  0  1  0  0  2  1  0 ] (0.00003185)
[  1  0  0  1  0  0  3  0  0 ] (0.00001130)
[  1  0  0  1  0  1  0  0  0 ] (0.00017952)
[  1  0  0  1  0  1  0  0  1 ] (0.00003417)
[  1  0  0  1  0  1  0  0  2 ] (0.00000236)
[  1  0  0  1  0  1  0  1  0 ] (0.00007518)
[  1  0  0  1  0  1  0  1  1 ] (0.00001952)
[  1  0  0  1  0  1  0  2  0 ] (0.00000000)
[  1  0  0  1  0  1  1  0  0 ] (0.00002259)
[  1  0  0  1  0  1  1  0  1 ] (0.00000815)
[  1  0  0  1  0  1  1  1  0 ] (0.00000176)
[  1  0  0  1  0  1  2  0  0 ] (0.00000034)
[  1  0  0  1  0  2  0  0  0 ] (0.00000068)
[  1  0  0  1  0  2  0  0  1 ] (0.00000086)
[  1  0  0  1  0  2  0  1  0 ] (0.00000032)
[  1  0  0  1  0  2  1  0  0 ] (0.00000051)
[  1  0  0  1  0  3  0  0  0 ] (0.00000003)
[  1  0  0  1  1  0  0  0  0 ] (0.00367055)
[  1  0  0  1  1  0  0  0  1 ] (0.00011202)
[  1  0  0  1  1  0  0  0  2 ] (0.00000059)
[  1  0  0  1  1  0  0  1  0 ] (0.00021978)
[  1  0  0  1  1  0  0  1  1 ] (0.00001334)
[  1  0  0  1  1  0  0  2  0 ] (0.00000057)
[  1  0  0  1  1  0  1  0  0 ] (0.00001110)
[  1  0  0  1  1  0  1  0  1 ] (0.00000680)
[  1  0  0  1  1  0  1  1  0 ] (0.00001009)
[  1  0  0  1  1  0  2  0  0 ] (0.00000233)
[  1  0  0  1  1  1  0  0  0 ] (0.00002336)
[  1  0  0  1  1  1  0  0  1 ] (0.00000099)
[  1  0  0  1  1  1  0  1  0 ] (0.00001287)
[  1  0  0  1  1  1  1  0  0 ] (0.00000732)
[  1  0  0  1  1  2  0  0  0 ] (0.00000095)
[  1  0  0  1  2  0  0  0  0 ] (0.00000001)
[  1  0  0  1  2  0  0  0  1 ] (0.00002167)
[  1  0  0  1  2  0  0  1  0 ] (0.00013691)
[  1  0  0  1  2  0  1  0  0 ] (0.00003819)
[  1  0  0  1  2  1  0  0  0 ] (0.00000789)
[  1  0  0  1  3  0  0  0  0 ] (0.00001000)
[  1  0  0  2  0  0  0  0  0 ] (0.01061499)
[  1  0  0  2  0  0  0  0  1 ] (0.00178293)
[  1  0  0  2  0  0  0  0  2 ] (0.00002561)
[  1  0  0  2  0  0  0  1  0 ] (0.00009054)
[  1  0  0  2  0  0  0  1  1 ] (0.00001851)
[  1  0  0  2  0  0  0  2  0 ] (0.00002892)
[  1  0  0  2  0  0  1  0  0 ] (0.00048955)
[  1  0  0  2  0  0  1  0  1 ] (0.00000765)
[  1  0  0  2  0  0  1  1  0 ] (0.00005951)
[  1  0  0  2  0  0  2  0  0 ] (0.00001050)
[  1  0  0  2  0  1  0  0  0 ] (0.00007468)
[  1  0  0  2  0  1  0  0  1 ] (0.00004095)
[  1  0  0  2  0  1  0  1  0 ] (0.00000568)
[  1  0  0  2  0  1  1  0  0 ] (0.00009566)
[  1  0  0  2  0  2  0  0  0 ] (0.00001353)
[  1  0  0  2  1  0  0  0  0 ] (0.00377343)
[  1  0  0  2  1  0  0  0  1 ] (0.00031452)
[  1  0  0  2  1  0  0  1  0 ] (0.00004687)
[  1  0  0  2  1  0  1  0  0 ] (0.00003865)
[  1  0  0  2  1  1  0  0  0 ] (0.00004015)
[  1  0  0  2  2  0  0  0  0 ] (0.00000256)
[  1  0  0  3  0  0  0  0  0 ] (0.00000004)
[  1  0  0  3  0  0  0  0  1 ] (0.00003038)
[  1  0  0  3  0  0  0  1  0 ] (0.00002931)
[  1  0  0  3  0  0  1  0  0 ] (0.00000577)
[  1  0  0  3  0  1  0  0  0 ] (0.00000657)
[  1  0  0  3  1  0  0  0  0 ] (0.00015448)
[  1  0  0  4  0  0  0  0  0 ] (0.00043141)
[  1  0  1  0  0  0  0  0  0 ] (0.00002209)
[  1  0  1  0  0  0  0  0  1 ] (0.00000851)
[  1  0  1  0  0  0  0  0  2 ] (0.00000030)
[  1  0  1  0  0  0  0  0  3 ] (0.00000034)
[  1  0  1  0  0  0  0  1  0 ] (0.00021334)
[  1  0  1  0  0  0  0  1  1 ] (0.00002377)
[  1  0  1  0  0  0  0  1  2 ] (0.00000002)
[  1  0  1  0  0  0  0  2  0 ] (0.00000843)
[  1  0  1  0  0  0  0  2  1 ] (0.00000090)
[  1  0  1  0  0  0  0  3  0 ] (0.00000445)
[  1  0  1  0  0  0  1  0  0 ] (0.00003711)
[  1  0  1  0  0  0  1  0  1 ] (0.00000683)
[  1  0  1  0  0  0  1  0  2 ] (0.00000003)
[  1  0  1  0  0  0  1  1  0 ] (0.00000772)
[  1  0  1  0  0  0  1  1  1 ] (0.00000078)
[  1  0  1  0  0  0  1  2  0 ] (0.00000018)
[  1  0  1  0  0  0  2  0  0 ] (0.00000709)
[  1  0  1  0  0  0  2  0  1 ] (0.00000222)
[  1  0  1  0  0  0  2  1  0 ] (0.00000000)
[  1  0  1  0  0  0  3  0  0 ] (0.00000337)
[  1  0  1  0  0  1  0  0  0 ] (0.00003220)
[  1  0  1  0  0  1  0  0  1 ] (0.00000392)
[  1  0  1  0  0  1  0  0  2 ] (0.00000000)
[  1  0  1  0  0  1  0  1  0 ] (0.00000010)
[  1  0  1  0  0  1  0  1  1 ] (0.00000000)
[  1  0  1  0  0  1  0  2  0 ] (0.00000000)
[  1  0  1  0  0  1  1  0  0 ] (0.00000044)
[  1  0  1  0  0  1  1  0  1 ] (0.00000016)
[  1  0  1  0  0  1  1  1  0 ] (0.00000002)
[  1  0  1  0  0  1  2  0  0 ] (0.00000009)
[  1  0  1  0  0  2  0  0  0 ] (0.00000851)
[  1  0  1  0  0  2  0  0  1 ] (0.00000035)
[  1  0  1  0  0  2  0  1  0 ] (0.00000004)
[  1  0  1  0  0  2  1  0  0 ] (0.00000062)
[  1  0  1  0  0  3  0  0  0 ] (0.00000199)
[  1  0  1  0  1  0  0  0  0 ] (0.00001095)
[  1  0  1  0  1  0  0  0  1 ] (0.00000113)
[  1  0  1  0  1  0  0  0  2 ] (0.00000002)
[  1  0  1  0  1  0  0  1  0 ] (0.00004695)
[  1  0  1  0  1  0  0  1  1 ] (0.00000351)
[  1  0  1  0  1  0  0  2  0 ] (0.00000080)
[  1  0  1  0  1  0  1  0  0 ] (0.00000000)
[  1  0  1  0  1  0  1  0  1 ] (0.00000033)
[  1  0  1  0  1  0  1  1  0 ] (0.00000022)
[  1  0  1  0  1  0  2  0  0 ] (0.00000002)
[  1  0  1  0  1  1  0  0  0 ] (0.00000117)
[  1  0  1  0  1  1  0  0  1 ] (0.00000013)
[  1  0  1  0  1  1  0  1  0 ] (0.00000013)
[  1  0  1  0  1  1  1  0  0 ] (0.00000028)
[  1  0  1  0  1  2  0  0  0 ] (0.00000047)
[  1  0  1  0  2  0  0  0  0 ] (0.00000155)
[  1  0  1  0  2  0  0  0  1 ] (0.00000054)
[  1  0  1  0  2  0  0  1  0 ] (0.00000001)
[  1  0  1  0  2  0  1  0  0 ] (0.00000005)
[  1  0  1  0  2  1  0  0  0 ] (0.00000013)
[  1  0  1  0  3  0  0  0  0 ] (0.00000001)
[  1  0  1  1  0  0  0  0  0 ] (0.00006250)
[  1  0  1  1  0  0  0  0  1 ] (0.00000098)
[  1  0  1  1  0  0  0  0  2 ] (0.00000000)
[  1  0  1  1  0  0  0  1  0 ] (0.00000099)
[  1  0  1  1  0  0  0  1  1 ] (0.00000001)
[  1  0  1  1  0  0  0  2  0 ] (0.00000005)
[  1  0  1  1  0  0  1  0  0 ] (0.00000286)
[  1  0  1  1  0  0  1  0  1 ] (0.00000015)
[  1  0  1  1  0  0  1  1  0 ] (0.00000034)
[  1  0  1  1  0  0  2  0  0 ] (0.00000000)
[  1  0  1  1  0  1  0  0  0 ] (0.00000094)
[  1  0  1  1  0  1  0  0  1 ] (0.00000018)
[  1  0  1  1  0  1  0  1  0 ] (0.00000015)
[  1  0  1  1  0  1  1  0  0 ] (0.00000075)
[  1  0  1  1  0  2  0  0  0 ] (0.00000000)
[  1  0  1  1  1  0  0  0  0 ] (0.00000228)
[  1  0  1  1  1  0  0  0  1 ] (0.00000005)
[  1  0  1  1  1  0  0  1  0 ] (0.00000009)
[  1  0  1  1  1  0  1  0  0 ] (0.00000007)
[  1  0  1  1  1  1  0  0  0 ] (0.00000036)
[  1  0  1  1  2  0  0  0  0 ] (0.00000002)
[  1  0  1  2  0  0  0  0  0 ] (0.00000263)
[  1  0  1  2  0  0  0  0  1 ] (0.00000107)
[  1  0  1  2  0  0  0  1  0 ] (0.00000000)
[  1  0  1  2  0  0  1  0  0 ] (0.00000028)
[  1  0  1  2  0  1  0  0  0 ] (0.00000013)
[  1  0  1  2  1  0  0  0  0 ] (0.00000000)
[  1  0  1  3  0  0  0  0  0 ] (0.00000004)
[  1  0  2  0  0  0  0  0  0 ] (0.00004343)
[  1  0  2  0  0  0  0  0  1 ] (0.00014001)
[  1  0  2  0  0  0  0  0  2 ] (0.00000843)
[  1  0  2  0  0  0  0  1  0 ] (0.00197706)
[  1  0  2  0  0  0  0  1  1 ] (0.00004790)
[  1  0  2  0  0  0  0  2  0 ] (0.00000033)
[  1  0  2  0  0  0  1  0  0 ] (0.00532357)
[  1  0  2  0  0  0  1  0  1 ] (0.00008953)
[  1  0  2  0  0  0  1  1  0 ] (0.00008753)
[  1  0  2  0  0  0  2  0  0 ] (0.00000000)
[  1  0  2  0  0  1  0  0  0 ] (0.00451655)
[  1  0  2  0  0  1  0  0  1 ] (0.00012910)
[  1  0  2  0  0  1  0  1  0 ] (0.00012178)
[  1  0  2  0  0  1  1  0  0 ] (0.00022544)
[  1  0  2  0  0  2  0  0  0 ] (0.00000618)
[  1  0  2  0  1  0  0  0  0 ] (0.00730842)
[  1  0  2  0  1  0  0  0  1 ] (0.00078361)
[  1  0  2  0  1  0  0  1  0 ] (0.00000690)
[  1  0  2  0  1  0  1  0  0 ] (0.00000355)
[  1  0  2  0  1  1  0  0  0 ] (0.00001895)
[  1  0  2  0  2  0  0  0  0 ] (0.00000326)
[  1  0  2  1  0  0  0  0  0 ] (0.05402443)
[  1  0  2  1  0  0  0  0  1 ] (0.00120140)
[  1  0  2  1  0  0  0  1  0 ] (0.00044954)
[  1  0  2  1  0  0  1  0  0 ] (0.00059952)
[  1  0  2  1  0  1  0  0  0 ] (0.00011071)
[  1  0  2  1  1  0  0  0  0 ] (0.00012563)
[  1  0  2  2  0  0  0  0  0 ] (0.00000005)
[  1  0  3  0  0  0  0  0  0 ] (0.00016551)
[  1  0  3  0  0  0  0  0  1 ] (0.00022779)
[  1  0  3  0  0  0  0  1  0 ] (0.00000078)
[  1  0  3  0  0  0  1  0  0 ] (0.00003622)
[  1  0  3  0  0  1  0  0  0 ] (0.00000028)
[  1  0  3  0  1  0  0  0  0 ] (0.00005894)
[  1  0  3  1  0  0  0  0  0 ] (0.00009938)
[  1  0  4  0  0  0  0  0  0 ] (0.00003314)
[  1  1  0  0  0  0  0  0  0 ] (0.00000004)
[  1  1  0  0  0  0  0  0  1 ] (0.00001581)
[  1  1  0  0  0  0  0  0  2 ] (0.00000002)
[  1  1  0  0  0  0  0  0  3 ] (0.00000013)
[  1  1  0  0  0  0  0  1  0 ] (0.00000173)
[  1  1  0  0  0  0  0  1  1 ] (0.00002797)
[  1  1  0  0  0  0  0  1  2 ] (0.00000031)
[  1  1  0  0  0  0  0  2  0 ] (0.00000766)
[  1  1  0  0  0  0  0  2  1 ] (0.00000373)
[  1  1  0  0  0  0  0  3  0 ] (0.00000312)
[  1  1  0  0  0  0  1  0  0 ] (0.00001444)
[  1  1  0  0  0  0  1  0  1 ] (0.00000531)
[  1  1  0  0  0  0  1  0  2 ] (0.00000003)
[  1  1  0  0  0  0  1  1  0 ] (0.00000116)
[  1  1  0  0  0  0  1  1  1 ] (0.00000030)
[  1  1  0  0  0  0  1  2  0 ] (0.00000012)
[  1  1  0  0  0  0  2  0  0 ] (0.00000017)
[  1  1  0  0  0  0  2  0  1 ] (0.00000001)
[  1  1  0  0  0  0  2  1  0 ] (0.00000011)
[  1  1  0  0  0  0  3  0  0 ] (0.00000024)
[  1  1  0  0  0  1  0  0  0 ] (0.00000084)
[  1  1  0  0  0  1  0  0  1 ] (0.00000101)
[  1  1  0  0  0  1  0  0  2 ] (0.00000000)
[  1  1  0  0  0  1  0  1  0 ] (0.00000016)
[  1  1  0  0  0  1  0  1  1 ] (0.00000005)
[  1  1  0  0  0  1  0  2  0 ] (0.00000000)
[  1  1  0  0  0  1  1  0  0 ] (0.00000261)
[  1  1  0  0  0  1  1  0  1 ] (0.00000032)
[  1  1  0  0  0  1  1  1  0 ] (0.00000007)
[  1  1  0  0  0  1  2  0  0 ] (0.00000018)
[  1  1  0  0  0  2  0  0  0 ] (0.00003877)
[  1  1  0  0  0  2  0  0  1 ] (0.00000183)
[  1  1  0  0  0  2  0  1  0 ] (0.00000000)
[  1  1  0  0  0  2  1  0  0 ] (0.00000284)
[  1  1  0  0  0  3  0  0  0 ] (0.00000125)
[  1  1  0  0  1  0  0  0  0 ] (0.00001064)
[  1  1  0  0  1  0  0  0  1 ] (0.00000068)
[  1  1  0  0  1  0  0  0  2 ] (0.00000011)
[  1  1  0  0  1  0  0  1  0 ] (0.00000088)
[  1  1  0  0  1  0  0  1  1 ] (0.00000140)
[  1  1  0  0  1  0  0  2  0 ] (0.00000016)
[  1  1  0  0  1  0  1  0  0 ] (0.00000054)
[  1  1  0  0  1  0  1  0  1 ] (0.00000006)
[  1  1  0  0  1  0  1  1  0 ] (0.00000001)
[  1  1  0  0  1  0  2  0  0 ] (0.00000009)
[  1  1  0  0  1  1  0  0  0 ] (0.00000000)
[  1  1  0  0  1  1  0  0  1 ] (0.00000021)
[  1  1  0  0  1  1  0  1  0 ] (0.00000016)
[  1  1  0  0  1  1  1  0  0 ] (0.00000010)
[  1  1  0  0  1  2  0  0  0 ] (0.00000072)
[  1  1  0  0  2  0  0  0  0 ] (0.00000175)
[  1  1  0  0  2  0  0  0  1 ] (0.00000001)
[  1  1  0  0  2  0  0  1  0 ] (0.00000000)
[  1  1  0  0  2  0  1  0  0 ] (0.00000001)
[  1  1  0  0  2  1  0  0  0 ] (0.00000004)
[  1  1  0  0  3  0  0  0  0 ] (0.00000011)
[  1  1  0  1  0  0  0  0  0 ] (0.00001747)
[  1  1  0  1  0  0  0  0  1 ] (0.00000071)
[  1  1  0  1  0  0  0  0  2 ] (0.00000001)
[  1  1  0  1  0  0  0  1  0 ] (0.00000070)
[  1  1  0  1  0  0  0  1  1 ] (0.00000391)
[  1  1  0  1  0  0  0  2  0 ] (0.00000023)
[  1  1  0  1  0  0  1  0  0 ] (0.00000036)
[  1  1  0  1  0  0  1  0  1 ] (0.00000377)
[  1  1  0  1  0  0  1  1  0 ] (0.00000086)
[  1  1  0  1  0  0  2  0  0 ] (0.00000071)
[  1  1  0  1  0  1  0  0  0 ] (0.00000049)
[  1  1  0  1  0  1  0  0  1 ] (0.00000013)
[  1  1  0  1  0  1  0  1  0 ] (0.00000009)
[  1  1  0  1  0  1  1  0  0 ] (0.00000020)
[  1  1  0  1  0  2  0  0  0 ] (0.00000022)
[  1  1  0  1  1  0  0  0  0 ] (0.00000066)
[  1  1  0  1  1  0  0  0  1 ] (0.00000006)
[  1  1  0  1  1  0  0  1  0 ] (0.00000019)
[  1  1  0  1  1  0  1  0  0 ] (0.00000000)
[  1  1  0  1  1  1  0  0  0 ] (0.00000007)
[  1  1  0  1  2  0  0  0  0 ] (0.00000000)
[  1  1  0  2  0  0  0  0  0 ] (0.00005403)
[  1  1  0  2  0  0  0  0  1 ] (0.00000238)
[  1  1  0  2  0  0  0  1  0 ] (0.00000004)
[  1  1  0  2  0  0  1  0  0 ] (0.00000096)
[  1  1  0  2  0  1  0  0  0 ] (0.00000188)
[  1  1  0  2  1  0  0  0  0 ] (0.00000013)
[  1  1  0  3  0  0  0  0  0 ] (0.00000097)
[  1  1  1  0  0  0  0  0  0 ] (0.00074914)
[  1  1  1  0  0  0  0  0  1 ] (0.00000948)
[  1  1  1  0  0  0  0  0  2 ] (0.00006299)
[  1  1  1  0  0  0  0  1  0 ] (0.01481208)
[  1  1  1  0  0  0  0  1  1 ] (0.00008133)
[  1  1  1  0  0  0  0  2  0 ] (0.00006242)
[  1  1  1  0  0  0  1  0  0 ] (0.00772892)
[  1  1  1  0  0  0  1  0  1 ] (0.00007915)
[  1  1  1  0  0  0  1  1  0 ] (0.00043850)
[  1  1  1  0  0  0  2  0  0 ] (0.00053686)
[  1  1  1  0  0  1  0  0  0 ] (0.00848691)
[  1  1  1  0  0  1  0  0  1 ] (0.00010496)
[  1  1  1  0  0  1  0  1  0 ] (0.00002583)
[  1  1  1  0  0  1  1  0  0 ] (0.00034587)
[  1  1  1  0  0  2  0  0  0 ] (0.00001173)
[  1  1  1  0  1  0  0  0  0 ] (0.00094259)
[  1  1  1  0  1  0  0  0  1 ] (0.00001760)
[  1  1  1  0  1  0  0  1  0 ] (0.00000134)
[  1  1  1  0  1  0  1  0  0 ] (0.00013659)
[  1  1  1  0  1  1  0  0  0 ] (0.00000239)
[  1  1  1  0  2  0  0  0  0 ] (0.00016104)
[  1  1  1  1  0  0  0  0  0 ] (0.02431560)
[  1  1  1  1  0  0  0  0  1 ] (0.00020025)
[  1  1  1  1  0  0  0  1  0 ] (0.00032062)
[  1  1  1  1  0  0  1  0  0 ] (0.00044906)
[  1  1  1  1  0  1  0  0  0 ] (0.00003069)
[  1  1  1  1  1  0  0  0  0 ] (0.00004789)
[  1  1  1  2  0  0  0  0  0 ] (0.00171145)
[  1  1  2  0  0  0  0  0  0 ] (0.00000572)
[  1  1  2  0  0  0  0  0  1 ] (0.00000047)
[  1  1  2  0  0  0  0  1  0 ] (0.00000020)
[  1  1  2  0  0  0  1  0  0 ] (0.00000000)
[  1  1  2  0  0  1  0  0  0 ] (0.00000002)
[  1  1  2  0  1  0  0  0  0 ] (0.00000046)
[  1  1  2  1  0  0  0  0  0 ] (0.00000020)
[  1  1  3  0  0  0  0  0  0 ] (0.00000136)
[  1  2  0  0  0  0  0  0  0 ] (0.00134805)
[  1  2  0  0  0  0  0  0  1 ] (0.00012981)
[  1  2  0  0  0  0  0  0  2 ] (0.00005531)
[  1  2  0  0  0  0  0  1  0 ] (0.02609759)
[  1  2  0  0  0  0  0  1  1 ] (0.00005077)
[  1  2  0  0  0  0  0  2  0 ] (0.00098618)
[  1  2  0  0  0  0  1  0  0 ] (0.00308322)
[  1  2  0  0  0  0  1  0  1 ] (0.00025458)
[  1  2  0  0  0  0  1  1  0 ] (0.00077166)
[  1  2  0  0  0  0  2  0  0 ] (0.00003910)
[  1  2  0  0  0  1  0  0  0 ] (0.00000096)
[  1  2  0  0  0  1  0  0  1 ] (0.00032930)
[  1  2  0  0  0  1  0  1  0 ] (0.00037387)
[  1  2  0  0  0  1  1  0  0 ] (0.00021155)
[  1  2  0  0  0  2  0  0  0 ] (0.00002149)
[  1  2  0  0  1  0  0  0  0 ] (0.00246815)
[  1  2  0  0  1  0  0  0  1 ] (0.00015553)
[  1  2  0  0  1  0  0  1  0 ] (0.00009520)
[  1  2  0  0  1  0  1  0  0 ] (0.00011450)
[  1  2  0  0  1  1  0  0  0 ] (0.00000772)
[  1  2  0  0  2  0  0  0  0 ] (0.00006329)
[  1  2  0  1  0  0  0  0  0 ] (0.01242145)
[  1  2  0  1  0  0  0  0  1 ] (0.00087281)
[  1  2  0  1  0  0  0  1  0 ] (0.00030668)
[  1  2  0  1  0  0  1  0  0 ] (0.00042478)
[  1  2  0  1  0  1  0  0  0 ] (0.00225099)
[  1  2  0  1  1  0  0  0  0 ] (0.00008800)
[  1  2  0  2  0  0  0  0  0 ] (0.00075091)
[  1  2  1  0  0  0  0  0  0 ] (0.00010235)
[  1  2  1  0  0  0  0  0  1 ] (0.00002785)
[  1  2  1  0  0  0  0  1  0 ] (0.00000023)
[  1  2  1  0  0  0  1  0  0 ] (0.00000158)
[  1  2  1  0  0  1  0  0  0 ] (0.00001013)
[  1  2  1  0  1  0  0  0  0 ] (0.00000000)
[  1  2  1  1  0  0  0  0  0 ] (0.00000026)
[  1  2  2  0  0  0  0  0  0 ] (0.00001522)
[  1  3  0  0  0  0  0  0  0 ] (0.00024426)
[  1  3  0  0  0  0  0  0  1 ] (0.00004692)
[  1  3  0  0  0  0  0  1  0 ] (0.00000200)
[  1  3  0  0  0  0  1  0  0 ] (0.00003941)
[  1  3  0  0  0  1  0  0  0 ] (0.00006647)
[  1  3  0  0  1  0  0  0  0 ] (0.00004289)
[  1  3  0  1  0  0  0  0  0 ] (0.00044403)
[  1  3  1  0  0  0  0  0  0 ] (0.00000010)
[  1  4  0  0  0  0  0  0  0 ] (0.00000449)
[  2  0  0  0  0  0  0  0  0 ] (0.00000159)
[  2  0  0  0  0  0  0  0  1 ] (0.00000667)
[  2  0  0  0  0  0  0  0  2 ] (0.00000014)
[  2  0  0  0  0  0  0  0  3 ] (0.00000018)
[  2  0  0  0  0  0  0  1  0 ] (0.00001969)
[  2  0  0  0  0  0  0  1  1 ] (0.00000222)
[  2  0  0  0  0  0  0  1  2 ] (0.00000000)
[  2  0  0  0  0  0  0  2  0 ] (0.00000036)
[  2  0  0  0  0  0  0  2  1 ] (0.00000001)
[  2  0  0  0  0  0  0  3  0 ] (0.00000017)
[  2  0  0  0  0  0  1  0  0 ] (0.00000000)
[  2  0  0  0  0  0  1  0  1 ] (0.00000026)
[  2  0  0  0  0  0  1  0  2 ] (0.00000002)
[  2  0  0  0  0  0  1  1  0 ] (0.00000113)
[  2  0  0  0  0  0  1  1  1 ] (0.00000004)
[  2  0  0  0  0  0  1  2  0 ] (0.00000006)
[  2  0  0  0  0  0  2  0  0 ] (0.00000957)
[  2  0  0  0  0  0  2  0  1 ] (0.00000154)
[  2  0  0  0  0  0  2  1  0 ] (0.00000000)
[  2  0  0  0  0  0  3  0  0 ] (0.00000190)
[  2  0  0  0  0  1  0  0  0 ] (0.00000094)
[  2  0  0  0  0  1  0  0  1 ] (0.00000059)
[  2  0  0  0  0  1  0  0  2 ] (0.00000003)
[  2  0  0  0  0  1  0  1  0 ] (0.00000003)
[  2  0  0  0  0  1  0  1  1 ] (0.00000004)
[  2  0  0  0  0  1  0  2  0 ] (0.00000004)
[  2  0  0  0  0  1  1  0  0 ] (0.00000005)
[  2  0  0  0  0  1  1  0  1 ] (0.00000014)
[  2  0  0  0  0  1  1  1  0 ] (0.00000011)
[  2  0  0  0  0  1  2  0  0 ] (0.00000026)
[  2  0  0  0  0  2  0  0  0 ] (0.00000159)
[  2  0  0  0  0  2  0  0  1 ] (0.00000015)
[  2  0  0  0  0  2  0  1  0 ] (0.00000001)
[  2  0  0  0  0  2  1  0  0 ] (0.00000013)
[  2  0  0  0  0  3  0  0  0 ] (0.00000004)
[  2  0  0  0  1  0  0  0  0 ] (0.00000509)
[  2  0  0  0  1  0  0  0  1 ] (0.00000045)
[  2  0  0  0  1  0  0  0  2 ] (0.00000002)
[  2  0  0  0  1  0  0  1  0 ] (0.00000398)
[  2  0  0  0  1  0  0  1  1 ] (0.00000072)
[  2  0  0  0  1  0  0  2  0 ] (0.00000005)
[  2  0  0  0  1  0  1  0  0 ] (0.00000052)
[  2  0  0  0  1  0  1  0  1 ] (0.00000051)
[  2  0  0  0  1  0  1  1  0 ] (0.00000003)
[  2  0  0  0  1  0  2  0  0 ] (0.00000005)
[  2  0  0  0  1  1  0  0  0 ] (0.00000077)
[  2  0  0  0  1  1  0  0  1 ] (0.00000000)
[  2  0  0  0  1  1  0  1  0 ] (0.00000001)
[  2  0  0  0  1  1  1  0  0 ] (0.00000004)
[  2  0  0  0  1  2  0  0  0 ] (0.00000001)
[  2  0  0  0  2  0  0  0  0 ] (0.00000093)
[  2  0  0  0  2  0  0  0  1 ] (0.00000000)
[  2  0  0  0  2  0  0  1  0 ] (0.00000006)
[  2  0  0  0  2  0  1  0  0 ] (0.00000004)
[  2  0  0  0  2  1  0  0  0 ] (0.00000002)
[  2  0  0  0  3  0  0  0  0 ] (0.00000014)
[  2  0  0  1  0  0  0  0  0 ] (0.00000234)
[  2  0  0  1  0  0  0  0  1 ] (0.00000058)
[  2  0  0  1  0  0  0  0  2 ] (0.00000000)
[  2  0  0  1  0  0  0  1  0 ] (0.00000056)
[  2  0  0  1  0  0  0  1  1 ] (0.00000048)
[  2  0  0  1  0  0  0  2  0 ] (0.00000012)
[  2  0  0  1  0  0  1  0  0 ] (0.00000015)
[  2  0  0  1  0  0  1  0  1 ] (0.00000162)
[  2  0  0  1  0  0  1  1  0 ] (0.00000075)
[  2  0  0  1  0  0  2  0  0 ] (0.00000018)
[  2  0  0  1  0  1  0  0  0 ] (0.00000210)
[  2  0  0  1  0  1  0  0  1 ] (0.00000004)
[  2  0  0  1  0  1  0  1  0 ] (0.00000004)
[  2  0  0  1  0  1  1  0  0 ] (0.00000043)
[  2  0  0  1  0  2  0  0  0 ] (0.00000000)
[  2  0  0  1  1  0  0  0  0 ] (0.00000031)
[  2  0  0  1  1  0  0  0  1 ] (0.00000000)
[  2  0  0  1  1  0  0  1  0 ] (0.00000000)
[  2  0  0  1  1  0  1  0  0 ] (0.00000007)
[  2  0  0  1  1  1  0  0  0 ] (0.00000001)
[  2  0  0  1  2  0  0  0  0 ] (0.00000003)
[  2  0  0  2  0  0  0  0  0 ] (0.00000020)
[  2  0  0  2  0  0  0  0  1 ] (0.00000022)
[  2  0  0  2  0  0  0  1  0 ] (0.00000001)
[  2  0  0  2  0  0  1  0  0 ] (0.00000002)
[  2  0  0  2  0  1  0  0  0 ] (0.00000005)
[  2  0  0  2  1  0  0  0  0 ] (0.00000004)
[  2  0  0  3  0  0  0  0  0 ] (0.00000005)
[  2  0  1  0  0  0  0  0  0 ] (0.00103575)
[  2  0  1  0  0  0  0  0  1 ] (0.00086880)
[  2  0  1  0  0  0  0  0  2 ] (0.00000197)
[  2  0  1  0  0  0  0  1  0 ] (0.00368912)
[  2  0  1  0  0  0  0  1  1 ] (0.00020464)
[  2  0  1  0  0  0  0  2  0 ] (0.00000558)
[  2  0  1  0  0  0  1  0  0 ] (0.00525098)
[  2  0  1  0  0  0  1  0  1 ] (0.00095380)
[  2  0  1  0  0  0  1  1  0 ] (0.00017293)
[  2  0  1  0  0  0  2  0  0 ] (0.00005972)
[  2  0  1  0  0  1  0  0  0 ] (0.00828898)
[  2  0  1  0  0  1  0  0  1 ] (0.00020543)
[  2  0  1  0  0  1  0  1  0 ] (0.00009401)
[  2  0  1  0  0  1  1  0  0 ] (0.00056912)
[  2  0  1  0  0  2  0  0  0 ] (0.00010342)
[  2  0  1  0  1  0  0  0  0 ] (0.00996348)
[  2  0  1  0  1  0  0  0  1 ] (0.00061548)
[  2  0  1  0  1  0  0  1  0 ] (0.00029492)
[  2  0  1  0  1  0  1  0  0 ] (0.00000071)
[  2  0  1  0  1  1  0  0  0 ] (0.00000157)
[  2  0  1  0  2  0  0  0  0 ] (0.00012384)
[  2  0  1  1  0  0  0  0  0 ] (0.00086566)
[  2  0  1  1  0  0  0  0  1 ] (0.00046859)
[  2  0  1  1  0  0  0  1  0 ] (0.00001158)
[  2  0  1  1  0  0  1  0  0 ] (0.00080630)
[  2  0  1  1  0  1  0  0  0 ] (0.00001203)
[  2  0  1  1  1  0  0  0  0 ] (0.00010690)
[  2  0  1  2  0  0  0  0  0 ] (0.00057500)
[  2  0  2  0  0  0  0  0  0 ] (0.00000000)
[  2  0  2  0  0  0  0  0  1 ] (0.00000034)
[  2  0  2  0  0  0  0  1  0 ] (0.00001099)
[  2  0  2  0  0  0  1  0  0 ] (0.00000220)
[  2  0  2  0  0  1  0  0  0 ] (0.00000001)
[  2  0  2  0  1  0  0  0  0 ] (0.00000001)
[  2  0  2  1  0  0  0  0  0 ] (0.00000242)
[  2  0  3  0  0  0  0  0  0 ] (0.00000727)
[  2  1  0  0  0  0  0  0  0 ] (0.00318809)
[  2  1  0  0  0  0  0  0  1 ] (0.00009896)
[  2  1  0  0  0  0  0  0  2 ] (0.00008102)
[  2  1  0  0  0  0  0  1  0 ] (0.03394929)
[  2  1  0  0  0  0  0  1  1 ] (0.00002731)
[  2  1  0  0  0  0  0  2  0 ] (0.00120314)
[  2  1  0  0  0  0  1  0  0 ] (0.01175140)
[  2  1  0  0  0  0  1  0  1 ] (0.00252169)
[  2  1  0  0  0  0  1  1  0 ] (0.00079142)
[  2  1  0  0  0  0  2  0  0 ] (0.00000347)
[  2  1  0  0  0  1  0  0  0 ] (0.00212237)
[  2  1  0  0  0  1  0  0  1 ] (0.00000350)
[  2  1  0  0  0  1  0  1  0 ] (0.00013484)
[  2  1  0  0  0  1  1  0  0 ] (0.00006144)
[  2  1  0  0  0  2  0  0  0 ] (0.00000222)
[  2  1  0  0  1  0  0  0  0 ] (0.00440451)
[  2  1  0  0  1  0  0  0  1 ] (0.00211279)
[  2  1  0  0  1  0  0  1  0 ] (0.00038875)
[  2  1  0  0  1  0  1  0  0 ] (0.00028052)
[  2  1  0  0  1  1  0  0  0 ] (0.00021438)
[  2  1  0  0  2  0  0  0  0 ] (0.00024475)
[  2  1  0  1  0  0  0  0  0 ] (0.00880740)
[  2  1  0  1  0  0  0  0  1 ] (0.00261952)
[  2  1  0  1  0  0  0  1  0 ] (0.00000580)
[  2  1  0  1  0  0  1  0  0 ] (0.00037200)
[  2  1  0  1  0  1  0  0  0 ] (0.00004354)
[  2  1  0  1  1  0  0  0  0 ] (0.00000666)
[  2  1  0  2  0  0  0  0  0 ] (0.00020371)
[  2  1  1  0  0  0  0  0  0 ] (0.00002781)
[  2  1  1  0  0  0  0  0  1 ] (0.00001402)
[  2  1  1  0  0  0  0  1  0 ] (0.00000335)
[  2  1  1  0  0  0  1  0  0 ] (0.00000027)
[  2  1  1  0  0  1  0  0  0 ] (0.00000010)
[  2  1  1  0  1  0  0  0  0 ] (0.00000441)
[  2  1  1  1  0  0  0  0  0 ] (0.00000508)
[  2  1  2  0  0  0  0  0  0 ] (0.00163093)
[  2  2  0  0  0  0  0  0  0 ] (0.00000007)
[  2  2  0  0  0  0  0  0  1 ] (0.00000151)
[  2  2  0  0  0  0  0  1  0 ] (0.00000914)
[  2  2  0  0  0  0  1  0  0 ] (0.00000112)
[  2  2  0  0  0  1  0  0  0 ] (0.00001845)
[  2  2  0  0  1  0  0  0  0 ] (0.00000117)
[  2  2  0  1  0  0  0  0  0 ] (0.00000271)
[  2  2  1  0  0  0  0  0  0 ] (0.00000603)
[  2  3  0  0  0  0  0  0  0 ] (0.00036740)
[  3  0  0  0  0  0  0  0  0 ] (0.00000158)
[  3  0  0  0  0  0  0  0  1 ] (0.00000279)
[  3  0  0  0  0  0  0  0  2 ] (0.00000007)
[  3  0  0  0  0  0  0  1  0 ] (0.00004254)
[  3  0  0  0  0  0  0  1  1 ] (0.00000376)
[  3  0  0  0  0  0  0  2  0 ] (0.00000087)
[  3  0  0  0  0  0  1  0  0 ] (0.00000303)
[  3  0  0  0  0  0  1  0  1 ] (0.00000025)
[  3  0  0  0  0  0  1  1  0 ] (0.00000005)
[  3  0  0  0  0  0  2  0  0 ] (0.00000010)
[  3  0  0  0  0  1  0  0  0 ] (0.00001553)
[  3  0  0  0  0  1  0  0  1 ] (0.00000238)
[  3  0  0  0  0  1  0  1  0 ] (0.00000009)
[  3  0  0  0  0  1  1  0  0 ] (0.00000000)
[  3  0  0  0  0  2  0  0  0 ] (0.00000008)
[  3  0  0  0  1  0  0  0  0 ] (0.00000768)
[  3  0  0  0  1  0  0  0  1 ] (0.00000065)
[  3  0  0  0  1  0  0  1  0 ] (0.00000053)
[  3  0  0  0  1  0  1  0  0 ] (0.00000039)
[  3  0  0  0  1  1  0  0  0 ] (0.00000000)
[  3  0  0  0  2  0  0  0  0 ] (0.00000035)
[  3  0  0  1  0  0  0  0  0 ] (0.00000433)
[  3  0  0  1  0  0  0  0  1 ] (0.00000035)
[  3  0  0  1  0  0  0  1  0 ] (0.00000000)
[  3  0  0  1  0  0  1  0  0 ] (0.00000014)
[  3  0  0  1  0  1  0  0  0 ] (0.00000033)
[  3  0  0  1  1  0  0  0  0 ] (0.00000001)
[  3  0  0  2  0  0  0  0  0 ] (0.00000005)
[  3  0  1  0  0  0  0  0  0 ] (0.00007847)
[  3  0  1  0  0  0  0  0  1 ] (0.00007731)
[  3  0  1  0  0  0  0  1  0 ] (0.00041366)
[  3  0  1  0  0  0  1  0  0 ] (0.00146705)
[  3  0  1  0  0  1  0  0  0 ] (0.00000294)
[  3  0  1  0  1  0  0  0  0 ] (0.00096817)
[  3  0  1  1  0  0  0  0  0 ] (0.00056966)
[  3  0  2  0  0  0  0  0  0 ] (0.00000038)
[  3  1  0  0  0  0  0  0  0 ] (0.00003668)
[  3  1  0  0  0  0  0  0  1 ] (0.00000060)
[  3  1  0  0  0  0  0  1  0 ] (0.00066588)
[  3  1  0  0  0  0  1  0  0 ] (0.00467812)
[  3  1  0  0  0  1  0  0  0 ] (0.00002349)
[  3  1  0  0  1  0  0  0  0 ] (0.00374330)
[  3  1  0  1  0  0  0  0  0 ] (0.00412706)
[  3  1  1  0  0  0  0  0  0 ] (0.00001736)
[  3  2  0  0  0  0  0  0  0 ] (0.00000024)
[  4  0  0  0  0  0  0  0  0 ] (0.00280006)
[  4  0  0  0  0  0  0  0  1 ] (0.00079352)
[  4  0  0  0  0  0  0  1  0 ] (0.01406742)
[  4  0  0  0  0  0  1  0  0 ] (0.05547718)
[  4  0  0  0  0  1  0  0  0 ] (0.00163640)
[  4  0  0  0  1  0  0  0  0 ] (0.04979051)
[  4  0  0  1  0  0  0  0  0 ] (0.03670102)
[  4  0  1  0  0  0  0  0  0 ] (0.00003108)
[  4  1  0  0  0  0  0  0  0 ] (0.00000075)
[  5  0  0  0  0  0  0  0  0 ] (0.00000066)
