|  -864.060732716606 |   255.573512035400 

[  0  0  0  0  0  0  0  0  0 ] (0.00000007)
[  0  0  0  0  0  0  0  0  1 ] (0.00000012)
[  0  0  0  0  0  0  0  0  2 ] (0.00000128)
[  0  0  0  0  0  0  0  0  3 ] (0.00000013)
[  0  0  0  0  0  0  0  0  4 ] (0.00000005)
[  0  0  0  0  0  0  0  0  5 ] (0.00000038)
[  0  0  0  0  0  0  0  1  0 ] (0.00000000)
[  0  0  0  0  0  0  0  1  1 ] (0.00000063)
[  0  0  0  0  0  0  0  1  2 ] (0.00000015)
[  0  0  0  0  0  0  0  1  3 ] (0.00000567)
[  0  0  0  0  0  0  0  1  4 ] (0.00000066)
[  0  0  0  0  0  0  0  2  0 ] (0.00000001)
[  0  0  0  0  0  0  0  2  1 ] (0.00000044)
[  0  0  0  0  0  0  0  2  2 ] (0.00000049)
[  0  0  0  0  0  0  0  2  3 ] (0.00000006)
[  0  0  0  0  0  0  0  3  0 ] (0.00000000)
[  0  0  0  0  0  0  0  3  1 ] (0.00000033)
[  0  0  0  0  0  0  0  3  2 ] (0.00000811)
[  0  0  0  0  0  0  0  4  0 ] (0.00000000)
[  0  0  0  0  0  0  0  4  1 ] (0.00000044)
[  0  0  0  0  0  0  0  5  0 ] (0.00000284)
[  0  0  0  0  0  0  1  0  0 ] (0.00000019)
[  0  0  0  0  0  0  1  0  1 ] (0.00000000)
[  0  0  0  0  0  0  1  0  2 ] (0.00000007)
[  0  0  0  0  0  0  1  0  3 ] (0.00001403)
[  0  0  0  0  0  0  1  0  4 ] (0.00000009)
[  0  0  0  0  0  0  1  1  0 ] (0.00000019)
[  0  0  0  0  0  0  1  1  1 ] (0.00000279)
[  0  0  0  0  0  0  1  1  2 ] (0.00001017)
[  0  0  0  0  0  0  1  1  3 ] (0.00000005)
[  0  0  0  0  0  0  1  2  0 ] (0.00000007)
[  0  0  0  0  0  0  1  2  1 ] (0.00000037)
[  0  0  0  0  0  0  1  2  2 ] (0.00000026)
[  0  0  0  0  0  0  1  3  0 ] (0.00000001)
[  0  0  0  0  0  0  1  3  1 ] (0.00000133)
[  0  0  0  0  0  0  1  4  0 ] (0.00007037)
[  0  0  0  0  0  0  2  0  0 ] (0.00000007)
[  0  0  0  0  0  0  2  0  1 ] (0.00000107)
[  0  0  0  0  0  0  2  0  2 ] (0.00002251)
[  0  0  0  0  0  0  2  0  3 ] (0.00000132)
[  0  0  0  0  0  0  2  1  0 ] (0.00000001)
[  0  0  0  0  0  0  2  1  1 ] (0.00000866)
[  0  0  0  0  0  0  2  1  2 ] (0.00000222)
[  0  0  0  0  0  0  2  2  0 ] (0.00000003)
[  0  0  0  0  0  0  2  2  1 ] (0.00000002)
[  0  0  0  0  0  0  2  3  0 ] (0.00000261)
[  0  0  0  0  0  0  3  0  0 ] (0.00000000)
[  0  0  0  0  0  0  3  0  1 ] (0.00000026)
[  0  0  0  0  0  0  3  0  2 ] (0.00001019)
[  0  0  0  0  0  0  3  1  0 ] (0.00000001)
[  0  0  0  0  0  0  3  1  1 ] (0.00001490)
[  0  0  0  0  0  0  3  2  0 ] (0.00000062)
[  0  0  0  0  0  0  4  0  0 ] (0.00000279)
[  0  0  0  0  0  0  4  0  1 ] (0.00000691)
[  0  0  0  0  0  0  4  1  0 ] (0.00001632)
[  0  0  0  0  0  0  5  0  0 ] (0.00000849)
[  0  0  0  0  0  1  0  0  0 ] (0.00000017)
[  0  0  0  0  0  1  0  0  1 ] (0.00000042)
[  0  0  0  0  0  1  0  0  2 ] (0.00000001)
[  0  0  0  0  0  1  0  0  3 ] (0.00001896)
[  0  0  0  0  0  1  0  0  4 ] (0.00000052)
[  0  0  0  0  0  1  0  1  0 ] (0.00000018)
[  0  0  0  0  0  1  0  1  1 ] (0.00000139)
[  0  0  0  0  0  1  0  1  2 ] (0.00000702)
[  0  0  0  0  0  1  0  1  3 ] (0.00000002)
[  0  0  0  0  0  1  0  2  0 ] (0.00000012)
[  0  0  0  0  0  1  0  2  1 ] (0.00000242)
[  0  0  0  0  0  1  0  2  2 ] (0.00000065)
[  0  0  0  0  0  1  0  3  0 ] (0.00000000)
[  0  0  0  0  0  1  0  3  1 ] (0.00000367)
[  0  0  0  0  0  1  0  4  0 ] (0.00000135)
[  0  0  0  0  0  1  1  0  0 ] (0.00000001)
[  0  0  0  0  0  1  1  0  1 ] (0.00000004)
[  0  0  0  0  0  1  1  0  2 ] (0.00000175)
[  0  0  0  0  0  1  1  0  3 ] (0.00000001)
[  0  0  0  0  0  1  1  1  0 ] (0.00000052)
[  0  0  0  0  0  1  1  1  1 ] (0.00000348)
[  0  0  0  0  0  1  1  1  2 ] (0.00000050)
[  0  0  0  0  0  1  1  2  0 ] (0.00000021)
[  0  0  0  0  0  1  1  2  1 ] (0.00000004)
[  0  0  0  0  0  1  1  3  0 ] (0.00006777)
[  0  0  0  0  0  1  2  0  0 ] (0.00000025)
[  0  0  0  0  0  1  2  0  1 ] (0.00000002)
[  0  0  0  0  0  1  2  0  2 ] (0.00000021)
[  0  0  0  0  0  1  2  1  0 ] (0.00000034)
[  0  0  0  0  0  1  2  1  1 ] (0.00000110)
[  0  0  0  0  0  1  2  2  0 ] (0.00000158)
[  0  0  0  0  0  1  3  0  0 ] (0.00000001)
[  0  0  0  0  0  1  3  0  1 ] (0.00001687)
[  0  0  0  0  0  1  3  1  0 ] (0.00001390)
[  0  0  0  0  0  1  4  0  0 ] (0.00000010)
[  0  0  0  0  0  2  0  0  0 ] (0.00000006)
[  0  0  0  0  0  2  0  0  1 ] (0.00000146)
[  0  0  0  0  0  2  0  0  2 ] (0.00000340)
[  0  0  0  0  0  2  0  0  3 ] (0.00000092)
[  0  0  0  0  0  2  0  1  0 ] (0.00000194)
[  0  0  0  0  0  2  0  1  1 ] (0.00000123)
[  0  0  0  0  0  2  0  1  2 ] (0.00000507)
[  0  0  0  0  0  2  0  2  0 ] (0.00000002)
[  0  0  0  0  0  2  0  2  1 ] (0.00003631)
[  0  0  0  0  0  2  0  3  0 ] (0.00000420)
[  0  0  0  0  0  2  1  0  0 ] (0.00000063)
[  0  0  0  0  0  2  1  0  1 ] (0.00000008)
[  0  0  0  0  0  2  1  0  2 ] (0.00000097)
[  0  0  0  0  0  2  1  1  0 ] (0.00000101)
[  0  0  0  0  0  2  1  1  1 ] (0.00000004)
[  0  0  0  0  0  2  1  2  0 ] (0.00002939)
[  0  0  0  0  0  2  2  0  0 ] (0.00000000)
[  0  0  0  0  0  2  2  0  1 ] (0.00000028)
[  0  0  0  0  0  2  2  1  0 ] (0.00000220)
[  0  0  0  0  0  2  3  0  0 ] (0.00000096)
[  0  0  0  0  0  3  0  0  0 ] (0.00000016)
[  0  0  0  0  0  3  0  0  1 ] (0.00000190)
[  0  0  0  0  0  3  0  0  2 ] (0.00003167)
[  0  0  0  0  0  3  0  1  0 ] (0.00000004)
[  0  0  0  0  0  3  0  1  1 ] (0.00000706)
[  0  0  0  0  0  3  0  2  0 ] (0.00000003)
[  0  0  0  0  0  3  1  0  0 ] (0.00000094)
[  0  0  0  0  0  3  1  0  1 ] (0.00000003)
[  0  0  0  0  0  3  1  1  0 ] (0.00001522)
[  0  0  0  0  0  3  2  0  0 ] (0.00000071)
[  0  0  0  0  0  4  0  0  0 ] (0.00000312)
[  0  0  0  0  0  4  0  0  1 ] (0.00003652)
[  0  0  0  0  0  4  0  1  0 ] (0.00000067)
[  0  0  0  0  0  4  1  0  0 ] (0.00000073)
[  0  0  0  0  0  5  0  0  0 ] (0.00004939)
[  0  0  0  0  1  0  0  0  0 ] (0.00000020)
[  0  0  0  0  1  0  0  0  1 ] (0.00000001)
[  0  0  0  0  1  0  0  0  2 ] (0.00000088)
[  0  0  0  0  1  0  0  0  3 ] (0.00002422)
[  0  0  0  0  1  0  0  0  4 ] (0.00000010)
[  0  0  0  0  1  0  0  1  0 ] (0.00000000)
[  0  0  0  0  1  0  0  1  1 ] (0.00000046)
[  0  0  0  0  1  0  0  1  2 ] (0.00000802)
[  0  0  0  0  1  0  0  1  3 ] (0.00000492)
[  0  0  0  0  1  0  0  2  0 ] (0.00000061)
[  0  0  0  0  1  0  0  2  1 ] (0.00000196)
[  0  0  0  0  1  0  0  2  2 ] (0.00000220)
[  0  0  0  0  1  0  0  3  0 ] (0.00000216)
[  0  0  0  0  1  0  0  3  1 ] (0.00000150)
[  0  0  0  0  1  0  0  4  0 ] (0.00002263)
[  0  0  0  0  1  0  1  0  0 ] (0.00000031)
[  0  0  0  0  1  0  1  0  1 ] (0.00000158)
[  0  0  0  0  1  0  1  0  2 ] (0.00000211)
[  0  0  0  0  1  0  1  0  3 ] (0.00000003)
[  0  0  0  0  1  0  1  1  0 ] (0.00000229)
[  0  0  0  0  1  0  1  1  1 ] (0.00000042)
[  0  0  0  0  1  0  1  1  2 ] (0.00001049)
[  0  0  0  0  1  0  1  2  0 ] (0.00000016)
[  0  0  0  0  1  0  1  2  1 ] (0.00000003)
[  0  0  0  0  1  0  1  3  0 ] (0.00006906)
[  0  0  0  0  1  0  2  0  0 ] (0.00000039)
[  0  0  0  0  1  0  2  0  1 ] (0.00000026)
[  0  0  0  0  1  0  2  0  2 ] (0.00000005)
[  0  0  0  0  1  0  2  1  0 ] (0.00000065)
[  0  0  0  0  1  0  2  1  1 ] (0.00000064)
[  0  0  0  0  1  0  2  2  0 ] (0.00000081)
[  0  0  0  0  1  0  3  0  0 ] (0.00000240)
[  0  0  0  0  1  0  3  0  1 ] (0.00001034)
[  0  0  0  0  1  0  3  1  0 ] (0.00000032)
[  0  0  0  0  1  0  4  0  0 ] (0.00000238)
[  0  0  0  0  1  1  0  0  0 ] (0.00000016)
[  0  0  0  0  1  1  0  0  1 ] (0.00000648)
[  0  0  0  0  1  1  0  0  2 ] (0.00002545)
[  0  0  0  0  1  1  0  0  3 ] (0.00000008)
[  0  0  0  0  1  1  0  1  0 ] (0.00000536)
[  0  0  0  0  1  1  0  1  1 ] (0.00008442)
[  0  0  0  0  1  1  0  1  2 ] (0.00001292)
[  0  0  0  0  1  1  0  2  0 ] (0.00000016)
[  0  0  0  0  1  1  0  2  1 ] (0.00002663)
[  0  0  0  0  1  1  0  3  0 ] (0.00001245)
[  0  0  0  0  1  1  1  0  0 ] (0.00000497)
[  0  0  0  0  1  1  1  0  1 ] (0.00000050)
[  0  0  0  0  1  1  1  0  2 ] (0.00000029)
[  0  0  0  0  1  1  1  1  0 ] (0.00000384)
[  0  0  0  0  1  1  1  1  1 ] (0.00000073)
[  0  0  0  0  1  1  1  2  0 ] (0.00000023)
[  0  0  0  0  1  1  2  0  0 ] (0.00000000)
[  0  0  0  0  1  1  2  0  1 ] (0.00000040)
[  0  0  0  0  1  1  2  1  0 ] (0.00000264)
[  0  0  0  0  1  1  3  0  0 ] (0.00001404)
[  0  0  0  0  1  2  0  0  0 ] (0.00000005)
[  0  0  0  0  1  2  0  0  1 ] (0.00000005)
[  0  0  0  0  1  2  0  0  2 ] (0.00000003)
[  0  0  0  0  1  2  0  1  0 ] (0.00000020)
[  0  0  0  0  1  2  0  1  1 ] (0.00000219)
[  0  0  0  0  1  2  0  2  0 ] (0.00000339)
[  0  0  0  0  1  2  1  0  0 ] (0.00000003)
[  0  0  0  0  1  2  1  0  1 ] (0.00000395)
[  0  0  0  0  1  2  1  1  0 ] (0.00000168)
[  0  0  0  0  1  2  2  0  0 ] (0.00000135)
[  0  0  0  0  1  3  0  0  0 ] (0.00000519)
[  0  0  0  0  1  3  0  0  1 ] (0.00000142)
[  0  0  0  0  1  3  0  1  0 ] (0.00002280)
[  0  0  0  0  1  3  1  0  0 ] (0.00002490)
[  0  0  0  0  1  4  0  0  0 ] (0.00000236)
[  0  0  0  0  2  0  0  0  0 ] (0.00000004)
[  0  0  0  0  2  0  0  0  1 ] (0.00000050)
[  0  0  0  0  2  0  0  0  2 ] (0.00002097)
[  0  0  0  0  2  0  0  0  3 ] (0.00000130)
[  0  0  0  0  2  0  0  1  0 ] (0.00000156)
[  0  0  0  0  2  0  0  1  1 ] (0.00000920)
[  0  0  0  0  2  0  0  1  2 ] (0.00000140)
[  0  0  0  0  2  0  0  2  0 ] (0.00000021)
[  0  0  0  0  2  0  0  2  1 ] (0.00000525)
[  0  0  0  0  2  0  0  3  0 ] (0.00001265)
[  0  0  0  0  2  0  1  0  0 ] (0.00000084)
[  0  0  0  0  2  0  1  0  1 ] (0.00000041)
[  0  0  0  0  2  0  1  0  2 ] (0.00000187)
[  0  0  0  0  2  0  1  1  0 ] (0.00002336)
[  0  0  0  0  2  0  1  1  1 ] (0.00000009)
[  0  0  0  0  2  0  1  2  0 ] (0.00001639)
[  0  0  0  0  2  0  2  0  0 ] (0.00000477)
[  0  0  0  0  2  0  2  0  1 ] (0.00000086)
[  0  0  0  0  2  0  2  1  0 ] (0.00002110)
[  0  0  0  0  2  0  3  0  0 ] (0.00000224)
[  0  0  0  0  2  1  0  0  0 ] (0.00000223)
[  0  0  0  0  2  1  0  0  1 ] (0.00000058)
[  0  0  0  0  2  1  0  0  2 ] (0.00000397)
[  0  0  0  0  2  1  0  1  0 ] (0.00000702)
[  0  0  0  0  2  1  0  1  1 ] (0.00000005)
[  0  0  0  0  2  1  0  2  0 ] (0.00007050)
[  0  0  0  0  2  1  1  0  0 ] (0.00000073)
[  0  0  0  0  2  1  1  0  1 ] (0.00000003)
[  0  0  0  0  2  1  1  1  0 ] (0.00000350)
[  0  0  0  0  2  1  2  0  0 ] (0.00000308)
[  0  0  0  0  2  2  0  0  0 ] (0.00000123)
[  0  0  0  0  2  2  0  0  1 ] (0.00000002)
[  0  0  0  0  2  2  0  1  0 ] (0.00002400)
[  0  0  0  0  2  2  1  0  0 ] (0.00011584)
[  0  0  0  0  2  3  0  0  0 ] (0.00000001)
[  0  0  0  0  3  0  0  0  0 ] (0.00000002)
[  0  0  0  0  3  0  0  0  1 ] (0.00000009)
[  0  0  0  0  3  0  0  0  2 ] (0.00056804)
[  0  0  0  0  3  0  0  1  0 ] (0.00000172)
[  0  0  0  0  3  0  0  1  1 ] (0.00000378)
[  0  0  0  0  3  0  0  2  0 ] (0.00000077)
[  0  0  0  0  3  0  1  0  0 ] (0.00000127)
[  0  0  0  0  3  0  1  0  1 ] (0.00000057)
[  0  0  0  0  3  0  1  1  0 ] (0.00001808)
[  0  0  0  0  3  0  2  0  0 ] (0.00000067)
[  0  0  0  0  3  1  0  0  0 ] (0.00000017)
[  0  0  0  0  3  1  0  0  1 ] (0.00017772)
[  0  0  0  0  3  1  0  1  0 ] (0.00000060)
[  0  0  0  0  3  1  1  0  0 ] (0.00000079)
[  0  0  0  0  3  2  0  0  0 ] (0.00000006)
[  0  0  0  0  4  0  0  0  0 ] (0.00000097)
[  0  0  0  0  4  0  0  0  1 ] (0.00000395)
[  0  0  0  0  4  0  0  1  0 ] (0.00000030)
[  0  0  0  0  4  0  1  0  0 ] (0.00000006)
[  0  0  0  0  4  1  0  0  0 ] (0.00000001)
[  0  0  0  0  5  0  0  0  0 ] (0.00001007)
[  0  0  0  1  0  0  0  0  0 ] (0.00000018)
[  0  0  0  1  0  0  0  0  1 ] (0.00000001)
[  0  0  0  1  0  0  0  0  2 ] (0.00000005)
[  0  0  0  1  0  0  0  0  3 ] (0.00000127)
[  0  0  0  1  0  0  0  0  4 ] (0.00000015)
[  0  0  0  1  0  0  0  1  0 ] (0.00000025)
[  0  0  0  1  0  0  0  1  1 ] (0.00000017)
[  0  0  0  1  0  0  0  1  2 ] (0.00008538)
[  0  0  0  1  0  0  0  1  3 ] (0.00000030)
[  0  0  0  1  0  0  0  2  0 ] (0.00000140)
[  0  0  0  1  0  0  0  2  1 ] (0.00000007)
[  0  0  0  1  0  0  0  2  2 ] (0.00000006)
[  0  0  0  1  0  0  0  3  0 ] (0.00000103)
[  0  0  0  1  0  0  0  3  1 ] (0.00000177)
[  0  0  0  1  0  0  0  4  0 ] (0.00001854)
[  0  0  0  1  0  0  1  0  0 ] (0.00000002)
[  0  0  0  1  0  0  1  0  1 ] (0.00000013)
[  0  0  0  1  0  0  1  0  2 ] (0.00005997)
[  0  0  0  1  0  0  1  0  3 ] (0.00000023)
[  0  0  0  1  0  0  1  1  0 ] (0.00000455)
[  0  0  0  1  0  0  1  1  1 ] (0.00001989)
[  0  0  0  1  0  0  1  1  2 ] (0.00000400)
[  0  0  0  1  0  0  1  2  0 ] (0.00000242)
[  0  0  0  1  0  0  1  2  1 ] (0.00000975)
[  0  0  0  1  0  0  1  3  0 ] (0.00000658)
[  0  0  0  1  0  0  2  0  0 ] (0.00000001)
[  0  0  0  1  0  0  2  0  1 ] (0.00000004)
[  0  0  0  1  0  0  2  0  2 ] (0.00000059)
[  0  0  0  1  0  0  2  1  0 ] (0.00000002)
[  0  0  0  1  0  0  2  1  1 ] (0.00000513)
[  0  0  0  1  0  0  2  2  0 ] (0.00000000)
[  0  0  0  1  0  0  3  0  0 ] (0.00000053)
[  0  0  0  1  0  0  3  0  1 ] (0.00001408)
[  0  0  0  1  0  0  3  1  0 ] (0.00000391)
[  0  0  0  1  0  0  4  0  0 ] (0.00000130)
[  0  0  0  1  0  1  0  0  0 ] (0.00000005)
[  0  0  0  1  0  1  0  0  1 ] (0.00000183)
[  0  0  0  1  0  1  0  0  2 ] (0.00006872)
[  0  0  0  1  0  1  0  0  3 ] (0.00000000)
[  0  0  0  1  0  1  0  1  0 ] (0.00000184)
[  0  0  0  1  0  1  0  1  1 ] (0.00003259)
[  0  0  0  1  0  1  0  1  2 ] (0.00000286)
[  0  0  0  1  0  1  0  2  0 ] (0.00000005)
[  0  0  0  1  0  1  0  2  1 ] (0.00000187)
[  0  0  0  1  0  1  0  3  0 ] (0.00000748)
[  0  0  0  1  0  1  1  0  0 ] (0.00000143)
[  0  0  0  1  0  1  1  0  1 ] (0.00000792)
[  0  0  0  1  0  1  1  0  2 ] (0.00000004)
[  0  0  0  1  0  1  1  1  0 ] (0.00000475)
[  0  0  0  1  0  1  1  1  1 ] (0.00000047)
[  0  0  0  1  0  1  1  2  0 ] (0.00000718)
[  0  0  0  1  0  1  2  0  0 ] (0.00000016)
[  0  0  0  1  0  1  2  0  1 ] (0.00000050)
[  0  0  0  1  0  1  2  1  0 ] (0.00000806)
[  0  0  0  1  0  1  3  0  0 ] (0.00000236)
[  0  0  0  1  0  2  0  0  0 ] (0.00000136)
[  0  0  0  1  0  2  0  0  1 ] (0.00000194)
[  0  0  0  1  0  2  0  0  2 ] (0.00000152)
[  0  0  0  1  0  2  0  1  0 ] (0.00000243)
[  0  0  0  1  0  2  0  1  1 ] (0.00000013)
[  0  0  0  1  0  2  0  2  0 ] (0.00001967)
[  0  0  0  1  0  2  1  0  0 ] (0.00000016)
[  0  0  0  1  0  2  1  0  1 ] (0.00000168)
[  0  0  0  1  0  2  1  1  0 ] (0.00000267)
[  0  0  0  1  0  2  2  0  0 ] (0.00000960)
[  0  0  0  1  0  3  0  0  0 ] (0.00000114)
[  0  0  0  1  0  3  0  0  1 ] (0.00000112)
[  0  0  0  1  0  3  0  1  0 ] (0.00000871)
[  0  0  0  1  0  3  1  0  0 ] (0.00000514)
[  0  0  0  1  0  4  0  0  0 ] (0.00000611)
[  0  0  0  1  1  0  0  0  0 ] (0.00000002)
[  0  0  0  1  1  0  0  0  1 ] (0.00000283)
[  0  0  0  1  1  0  0  0  2 ] (0.00000290)
[  0  0  0  1  1  0  0  0  3 ] (0.00000055)
[  0  0  0  1  1  0  0  1  0 ] (0.00000158)
[  0  0  0  1  1  0  0  1  1 ] (0.00000142)
[  0  0  0  1  1  0  0  1  2 ] (0.00000215)
[  0  0  0  1  1  0  0  2  0 ] (0.00000057)
[  0  0  0  1  1  0  0  2  1 ] (0.00000360)
[  0  0  0  1  1  0  0  3  0 ] (0.00007884)
[  0  0  0  1  1  0  1  0  0 ] (0.00000010)
[  0  0  0  1  1  0  1  0  1 ] (0.00000428)
[  0  0  0  1  1  0  1  0  2 ] (0.00000118)
[  0  0  0  1  1  0  1  1  0 ] (0.00001452)
[  0  0  0  1  1  0  1  1  1 ] (0.00000526)
[  0  0  0  1  1  0  1  2  0 ] (0.00000715)
[  0  0  0  1  1  0  2  0  0 ] (0.00000003)
[  0  0  0  1  1  0  2  0  1 ] (0.00000273)
[  0  0  0  1  1  0  2  1  0 ] (0.00000873)
[  0  0  0  1  1  0  3  0  0 ] (0.00000459)
[  0  0  0  1  1  1  0  0  0 ] (0.00000026)
[  0  0  0  1  1  1  0  0  1 ] (0.00000739)
[  0  0  0  1  1  1  0  0  2 ] (0.00000068)
[  0  0  0  1  1  1  0  1  0 ] (0.00000009)
[  0  0  0  1  1  1  0  1  1 ] (0.00000055)
[  0  0  0  1  1  1  0  2  0 ] (0.00000323)
[  0  0  0  1  1  1  1  0  0 ] (0.00000005)
[  0  0  0  1  1  1  1  0  1 ] (0.00000004)
[  0  0  0  1  1  1  1  1  0 ] (0.00001943)
[  0  0  0  1  1  1  2  0  0 ] (0.00000338)
[  0  0  0  1  1  2  0  0  0 ] (0.00000022)
[  0  0  0  1  1  2  0  0  1 ] (0.00000006)
[  0  0  0  1  1  2  0  1  0 ] (0.00000072)
[  0  0  0  1  1  2  1  0  0 ] (0.00000132)
[  0  0  0  1  1  3  0  0  0 ] (0.00000419)
[  0  0  0  1  2  0  0  0  0 ] (0.00000069)
[  0  0  0  1  2  0  0  0  1 ] (0.00000572)
[  0  0  0  1  2  0  0  0  2 ] (0.00000006)
[  0  0  0  1  2  0  0  1  0 ] (0.00000758)
[  0  0  0  1  2  0  0  1  1 ] (0.00000164)
[  0  0  0  1  2  0  0  2  0 ] (0.00001636)
[  0  0  0  1  2  0  1  0  0 ] (0.00000439)
[  0  0  0  1  2  0  1  0  1 ] (0.00000207)
[  0  0  0  1  2  0  1  1  0 ] (0.00000148)
[  0  0  0  1  2  0  2  0  0 ] (0.00000312)
[  0  0  0  1  2  1  0  0  0 ] (0.00000032)
[  0  0  0  1  2  1  0  0  1 ] (0.00000069)
[  0  0  0  1  2  1  0  1  0 ] (0.00000528)
[  0  0  0  1  2  1  1  0  0 ] (0.00002249)
[  0  0  0  1  2  2  0  0  0 ] (0.00004992)
[  0  0  0  1  3  0  0  0  0 ] (0.00000066)
[  0  0  0  1  3  0  0  0  1 ] (0.00000653)
[  0  0  0  1  3  0  0  1  0 ] (0.00000351)
[  0  0  0  1  3  0  1  0  0 ] (0.00000736)
[  0  0  0  1  3  1  0  0  0 ] (0.00000009)
[  0  0  0  1  4  0  0  0  0 ] (0.00000171)
[  0  0  0  2  0  0  0  0  0 ] (0.00000009)
[  0  0  0  2  0  0  0  0  1 ] (0.00000474)
[  0  0  0  2  0  0  0  0  2 ] (0.00001513)
[  0  0  0  2  0  0  0  0  3 ] (0.00000001)
[  0  0  0  2  0  0  0  1  0 ] (0.00000085)
[  0  0  0  2  0  0  0  1  1 ] (0.00001773)
[  0  0  0  2  0  0  0  1  2 ] (0.00000026)
[  0  0  0  2  0  0  0  2  0 ] (0.00000011)
[  0  0  0  2  0  0  0  2  1 ] (0.00000624)
[  0  0  0  2  0  0  0  3  0 ] (0.00001304)
[  0  0  0  2  0  0  1  0  0 ] (0.00000089)
[  0  0  0  2  0  0  1  0  1 ] (0.00000690)
[  0  0  0  2  0  0  1  0  2 ] (0.00000003)
[  0  0  0  2  0  0  1  1  0 ] (0.00000001)
[  0  0  0  2  0  0  1  1  1 ] (0.00000878)
[  0  0  0  2  0  0  1  2  0 ] (0.00000034)
[  0  0  0  2  0  0  2  0  0 ] (0.00000095)
[  0  0  0  2  0  0  2  0  1 ] (0.00000570)
[  0  0  0  2  0  0  2  1  0 ] (0.00000003)
[  0  0  0  2  0  0  3  0  0 ] (0.00001200)
[  0  0  0  2  0  1  0  0  0 ] (0.00000006)
[  0  0  0  2  0  1  0  0  1 ] (0.00000001)
[  0  0  0  2  0  1  0  0  2 ] (0.00000005)
[  0  0  0  2  0  1  0  1  0 ] (0.00000019)
[  0  0  0  2  0  1  0  1  1 ] (0.00000282)
[  0  0  0  2  0  1  0  2  0 ] (0.00000286)
[  0  0  0  2  0  1  1  0  0 ] (0.00000204)
[  0  0  0  2  0  1  1  0  1 ] (0.00000330)
[  0  0  0  2  0  1  1  1  0 ] (0.00000419)
[  0  0  0  2  0  1  2  0  0 ] (0.00000108)
[  0  0  0  2  0  2  0  0  0 ] (0.00000061)
[  0  0  0  2  0  2  0  0  1 ] (0.00000768)
[  0  0  0  2  0  2  0  1  0 ] (0.00000293)
[  0  0  0  2  0  2  1  0  0 ] (0.00000886)
[  0  0  0  2  0  3  0  0  0 ] (0.00000075)
[  0  0  0  2  1  0  0  0  0 ] (0.00000000)
[  0  0  0  2  1  0  0  0  1 ] (0.00000007)
[  0  0  0  2  1  0  0  0  2 ] (0.00000149)
[  0  0  0  2  1  0  0  1  0 ] (0.00000078)
[  0  0  0  2  1  0  0  1  1 ] (0.00000033)
[  0  0  0  2  1  0  0  2  0 ] (0.00000289)
[  0  0  0  2  1  0  1  0  0 ] (0.00000256)
[  0  0  0  2  1  0  1  0  1 ] (0.00000000)
[  0  0  0  2  1  0  1  1  0 ] (0.00001455)
[  0  0  0  2  1  0  2  0  0 ] (0.00000416)
[  0  0  0  2  1  1  0  0  0 ] (0.00000089)
[  0  0  0  2  1  1  0  0  1 ] (0.00000000)
[  0  0  0  2  1  1  0  1  0 ] (0.00000270)
[  0  0  0  2  1  1  1  0  0 ] (0.00000244)
[  0  0  0  2  1  2  0  0  0 ] (0.00001570)
[  0  0  0  2  2  0  0  0  0 ] (0.00000815)
[  0  0  0  2  2  0  0  0  1 ] (0.00000980)
[  0  0  0  2  2  0  0  1  0 ] (0.00000245)
[  0  0  0  2  2  0  1  0  0 ] (0.00000352)
[  0  0  0  2  2  1  0  0  0 ] (0.00009736)
[  0  0  0  2  3  0  0  0  0 ] (0.00000013)
[  0  0  0  3  0  0  0  0  0 ] (0.00000000)
[  0  0  0  3  0  0  0  0  1 ] (0.00000051)
[  0  0  0  3  0  0  0  0  2 ] (0.00001775)
[  0  0  0  3  0  0  0  1  0 ] (0.00000035)
[  0  0  0  3  0  0  0  1  1 ] (0.00008049)
[  0  0  0  3  0  0  0  2  0 ] (0.00000179)
[  0  0  0  3  0  0  1  0  0 ] (0.00000034)
[  0  0  0  3  0  0  1  0  1 ] (0.00001703)
[  0  0  0  3  0  0  1  1  0 ] (0.00001702)
[  0  0  0  3  0  0  2  0  0 ] (0.00000001)
[  0  0  0  3  0  1  0  0  0 ] (0.00000018)
[  0  0  0  3  0  1  0  0  1 ] (0.00001857)
[  0  0  0  3  0  1  0  1  0 ] (0.00000217)
[  0  0  0  3  0  1  1  0  0 ] (0.00000002)
[  0  0  0  3  0  2  0  0  0 ] (0.00000050)
[  0  0  0  3  1  0  0  0  0 ] (0.00000041)
[  0  0  0  3  1  0  0  0  1 ] (0.00007733)
[  0  0  0  3  1  0  0  1  0 ] (0.00000263)
[  0  0  0  3  1  0  1  0  0 ] (0.00000038)
[  0  0  0  3  1  1  0  0  0 ] (0.00000224)
[  0  0  0  3  2  0  0  0  0 ] (0.00000329)
[  0  0  0  4  0  0  0  0  0 ] (0.00000184)
[  0  0  0  4  0  0  0  0  1 ] (0.00000057)
[  0  0  0  4  0  0  0  1  0 ] (0.00001021)
[  0  0  0  4  0  0  1  0  0 ] (0.00000941)
[  0  0  0  4  0  1  0  0  0 ] (0.00000140)
[  0  0  0  4  1  0  0  0  0 ] (0.00000011)
[  0  0  0  5  0  0  0  0  0 ] (0.00000020)
[  0  0  1  0  0  0  0  0  0 ] (0.00002283)
[  0  0  1  0  0  0  0  0  1 ] (0.00014701)
[  0  0  1  0  0  0  0  0  2 ] (0.00006606)
[  0  0  1  0  0  0  0  0  3 ] (0.00238562)
[  0  0  1  0  0  0  0  0  4 ] (0.00010006)
[  0  0  1  0  0  0  0  1  0 ] (0.00001303)
[  0  0  1  0  0  0  0  1  1 ] (0.00002513)
[  0  0  1  0  0  0  0  1  2 ] (0.00213156)
[  0  0  1  0  0  0  0  1  3 ] (0.00036094)
[  0  0  1  0  0  0  0  2  0 ] (0.00000130)
[  0  0  1  0  0  0  0  2  1 ] (0.00000002)
[  0  0  1  0  0  0  0  2  2 ] (0.00003093)
[  0  0  1  0  0  0  0  3  0 ] (0.00023564)
[  0  0  1  0  0  0  0  3  1 ] (0.00206227)
[  0  0  1  0  0  0  0  4  0 ] (0.00007523)
[  0  0  1  0  0  0  1  0  0 ] (0.00001603)
[  0  0  1  0  0  0  1  0  1 ] (0.00000192)
[  0  0  1  0  0  0  1  0  2 ] (0.00006761)
[  0  0  1  0  0  0  1  0  3 ] (0.00001852)
[  0  0  1  0  0  0  1  1  0 ] (0.00007371)
[  0  0  1  0  0  0  1  1  1 ] (0.00001876)
[  0  0  1  0  0  0  1  1  2 ] (0.00009738)
[  0  0  1  0  0  0  1  2  0 ] (0.00021646)
[  0  0  1  0  0  0  1  2  1 ] (0.00050999)
[  0  0  1  0  0  0  1  3  0 ] (0.00000038)
[  0  0  1  0  0  0  2  0  0 ] (0.00003005)
[  0  0  1  0  0  0  2  0  1 ] (0.00011838)
[  0  0  1  0  0  0  2  0  2 ] (0.00256066)
[  0  0  1  0  0  0  2  1  0 ] (0.00028143)
[  0  0  1  0  0  0  2  1  1 ] (0.00020238)
[  0  0  1  0  0  0  2  2  0 ] (0.00679181)
[  0  0  1  0  0  0  3  0  0 ] (0.00028081)
[  0  0  1  0  0  0  3  0  1 ] (0.00159857)
[  0  0  1  0  0  0  3  1  0 ] (0.00000005)
[  0  0  1  0  0  0  4  0  0 ] (0.00002350)
[  0  0  1  0  0  1  0  0  0 ] (0.00000041)
[  0  0  1  0  0  1  0  0  1 ] (0.00000112)
[  0  0  1  0  0  1  0  0  2 ] (0.00123670)
[  0  0  1  0  0  1  0  0  3 ] (0.00019990)
[  0  0  1  0  0  1  0  1  0 ] (0.00001062)
[  0  0  1  0  0  1  0  1  1 ] (0.00000310)
[  0  0  1  0  0  1  0  1  2 ] (0.00005416)
[  0  0  1  0  0  1  0  2  0 ] (0.00011138)
[  0  0  1  0  0  1  0  2  1 ] (0.00386332)
[  0  0  1  0  0  1  0  3  0 ] (0.00047803)
[  0  0  1  0  0  1  1  0  0 ] (0.00030800)
[  0  0  1  0  0  1  1  0  1 ] (0.00026382)
[  0  0  1  0  0  1  1  0  2 ] (0.00003753)
[  0  0  1  0  0  1  1  1  0 ] (0.00027753)
[  0  0  1  0  0  1  1  1  1 ] (0.00008427)
[  0  0  1  0  0  1  1  2  0 ] (0.00012894)
[  0  0  1  0  0  1  2  0  0 ] (0.00039846)
[  0  0  1  0  0  1  2  0  1 ] (0.00057781)
[  0  0  1  0  0  1  2  1  0 ] (0.00000257)
[  0  0  1  0  0  1  3  0  0 ] (0.00055229)
[  0  0  1  0  0  2  0  0  0 ] (0.00004400)
[  0  0  1  0  0  2  0  0  1 ] (0.00001563)
[  0  0  1  0  0  2  0  0  2 ] (0.00119556)
[  0  0  1  0  0  2  0  1  0 ] (0.00024390)
[  0  0  1  0  0  2  0  1  1 ] (0.00727410)
[  0  0  1  0  0  2  0  2  0 ] (0.00002235)
[  0  0  1  0  0  2  1  0  0 ] (0.00001273)
[  0  0  1  0  0  2  1  0  1 ] (0.00000000)
[  0  0  1  0  0  2  1  1  0 ] (0.00073513)
[  0  0  1  0  0  2  2  0  0 ] (0.00295162)
[  0  0  1  0  0  3  0  0  0 ] (0.00034626)
[  0  0  1  0  0  3  0  0  1 ] (0.00141229)
[  0  0  1  0  0  3  0  1  0 ] (0.00004089)
[  0  0  1  0  0  3  1  0  0 ] (0.00035276)
[  0  0  1  0  0  4  0  0  0 ] (0.00021965)
[  0  0  1  0  1  0  0  0  0 ] (0.00003553)
[  0  0  1  0  1  0  0  0  1 ] (0.00001831)
[  0  0  1  0  1  0  0  0  2 ] (0.00015756)
[  0  0  1  0  1  0  0  0  3 ] (0.00096404)
[  0  0  1  0  1  0  0  1  0 ] (0.00045542)
[  0  0  1  0  1  0  0  1  1 ] (0.00182994)
[  0  0  1  0  1  0  0  1  2 ] (0.00113540)
[  0  0  1  0  1  0  0  2  0 ] (0.00000027)
[  0  0  1  0  1  0  0  2  1 ] (0.00175477)
[  0  0  1  0  1  0  0  3  0 ] (0.00023969)
[  0  0  1  0  1  0  1  0  0 ] (0.00025972)
[  0  0  1  0  1  0  1  0  1 ] (0.00000135)
[  0  0  1  0  1  0  1  0  2 ] (0.00002596)
[  0  0  1  0  1  0  1  1  0 ] (0.00038099)
[  0  0  1  0  1  0  1  1  1 ] (0.00101455)
[  0  0  1  0  1  0  1  2  0 ] (0.00113037)
[  0  0  1  0  1  0  2  0  0 ] (0.00008245)
[  0  0  1  0  1  0  2  0  1 ] (0.00510951)
[  0  0  1  0  1  0  2  1  0 ] (0.00177967)
[  0  0  1  0  1  0  3  0  0 ] (0.00003360)
[  0  0  1  0  1  1  0  0  0 ] (0.00024930)
[  0  0  1  0  1  1  0  0  1 ] (0.00129156)
[  0  0  1  0  1  1  0  0  2 ] (0.00003343)
[  0  0  1  0  1  1  0  1  0 ] (0.00000312)
[  0  0  1  0  1  1  0  1  1 ] (0.00366392)
[  0  0  1  0  1  1  0  2  0 ] (0.00021803)
[  0  0  1  0  1  1  1  0  0 ] (0.00013871)
[  0  0  1  0  1  1  1  0  1 ] (0.00011284)
[  0  0  1  0  1  1  1  1  0 ] (0.00316520)
[  0  0  1  0  1  1  2  0  0 ] (0.01577069)
[  0  0  1  0  1  2  0  0  0 ] (0.00000074)
[  0  0  1  0  1  2  0  0  1 ] (0.00040998)
[  0  0  1  0  1  2  0  1  0 ] (0.00021543)
[  0  0  1  0  1  2  1  0  0 ] (0.00121799)
[  0  0  1  0  1  3  0  0  0 ] (0.00016435)
[  0  0  1  0  2  0  0  0  0 ] (0.00003420)
[  0  0  1  0  2  0  0  0  1 ] (0.00010962)
[  0  0  1  0  2  0  0  0  2 ] (0.00196665)
[  0  0  1  0  2  0  0  1  0 ] (0.00020749)
[  0  0  1  0  2  0  0  1  1 ] (0.00053507)
[  0  0  1  0  2  0  0  2  0 ] (0.00020585)
[  0  0  1  0  2  0  1  0  0 ] (0.00003786)
[  0  0  1  0  2  0  1  0  1 ] (0.00218231)
[  0  0  1  0  2  0  1  1  0 ] (0.00036622)
[  0  0  1  0  2  0  2  0  0 ] (0.00009645)
[  0  0  1  0  2  1  0  0  0 ] (0.00006782)
[  0  0  1  0  2  1  0  0  1 ] (0.00644604)
[  0  0  1  0  2  1  0  1  0 ] (0.00076161)
[  0  0  1  0  2  1  1  0  0 ] (0.00003372)
[  0  0  1  0  2  2  0  0  0 ] (0.00012643)
[  0  0  1  0  3  0  0  0  0 ] (0.00012365)
[  0  0  1  0  3  0  0  0  1 ] (0.00032413)
[  0  0  1  0  3  0  0  1  0 ] (0.00021237)
[  0  0  1  0  3  0  1  0  0 ] (0.00000085)
[  0  0  1  0  3  1  0  0  0 ] (0.00000262)
[  0  0  1  0  4  0  0  0  0 ] (0.00000771)
[  0  0  1  1  0  0  0  0  0 ] (0.00003465)
[  0  0  1  1  0  0  0  0  1 ] (0.00006938)
[  0  0  1  1  0  0  0  0  2 ] (0.00025757)
[  0  0  1  1  0  0  0  0  3 ] (0.00128114)
[  0  0  1  1  0  0  0  1  0 ] (0.00000104)
[  0  0  1  1  0  0  0  1  1 ] (0.00025378)
[  0  0  1  1  0  0  0  1  2 ] (0.00071332)
[  0  0  1  1  0  0  0  2  0 ] (0.00000177)
[  0  0  1  1  0  0  0  2  1 ] (0.00002899)
[  0  0  1  1  0  0  0  3  0 ] (0.00062747)
[  0  0  1  1  0  0  1  0  0 ] (0.00018206)
[  0  0  1  1  0  0  1  0  1 ] (0.00047543)
[  0  0  1  1  0  0  1  0  2 ] (0.00054659)
[  0  0  1  1  0  0  1  1  0 ] (0.00007030)
[  0  0  1  1  0  0  1  1  1 ] (0.00030592)
[  0  0  1  1  0  0  1  2  0 ] (0.00152835)
[  0  0  1  1  0  0  2  0  0 ] (0.00030476)
[  0  0  1  1  0  0  2  0  1 ] (0.00103031)
[  0  0  1  1  0  0  2  1  0 ] (0.00009945)
[  0  0  1  1  0  0  3  0  0 ] (0.00023789)
[  0  0  1  1  0  1  0  0  0 ] (0.00000624)
[  0  0  1  1  0  1  0  0  1 ] (0.00001037)
[  0  0  1  1  0  1  0  0  2 ] (0.00064251)
[  0  0  1  1  0  1  0  1  0 ] (0.00000599)
[  0  0  1  1  0  1  0  1  1 ] (0.00008655)
[  0  0  1  1  0  1  0  2  0 ] (0.00066028)
[  0  0  1  1  0  1  1  0  0 ] (0.00004562)
[  0  0  1  1  0  1  1  0  1 ] (0.00358568)
[  0  0  1  1  0  1  1  1  0 ] (0.00047752)
[  0  0  1  1  0  1  2  0  0 ] (0.04264060)
[  0  0  1  1  0  2  0  0  0 ] (0.00029752)
[  0  0  1  1  0  2  0  0  1 ] (0.00052778)
[  0  0  1  1  0  2  0  1  0 ] (0.00631407)
[  0  0  1  1  0  2  1  0  0 ] (0.00179049)
[  0  0  1  1  0  3  0  0  0 ] (0.00001751)
[  0  0  1  1  1  0  0  0  0 ] (0.00002048)
[  0  0  1  1  1  0  0  0  1 ] (0.00017919)
[  0  0  1  1  1  0  0  0  2 ] (0.00000218)
[  0  0  1  1  1  0  0  1  0 ] (0.00154243)
[  0  0  1  1  1  0  0  1  1 ] (0.00429172)
[  0  0  1  1  1  0  0  2  0 ] (0.00110291)
[  0  0  1  1  1  0  1  0  0 ] (0.00048151)
[  0  0  1  1  1  0  1  0  1 ] (0.00059232)
[  0  0  1  1  1  0  1  1  0 ] (0.00522099)
[  0  0  1  1  1  0  2  0  0 ] (0.00047979)
[  0  0  1  1  1  1  0  0  0 ] (0.00028149)
[  0  0  1  1  1  1  0  0  1 ] (0.00034486)
[  0  0  1  1  1  1  0  1  0 ] (0.00499736)
[  0  0  1  1  1  1  1  0  0 ] (0.00610506)
[  0  0  1  1  1  2  0  0  0 ] (0.00047514)
[  0  0  1  1  2  0  0  0  0 ] (0.00011360)
[  0  0  1  1  2  0  0  0  1 ] (0.00002063)
[  0  0  1  1  2  0  0  1  0 ] (0.00028875)
[  0  0  1  1  2  0  1  0  0 ] (0.00565550)
[  0  0  1  1  2  1  0  0  0 ] (0.00000232)
[  0  0  1  1  3  0  0  0  0 ] (0.00005610)
[  0  0  1  2  0  0  0  0  0 ] (0.00005926)
[  0  0  1  2  0  0  0  0  1 ] (0.00009736)
[  0  0  1  2  0  0  0  0  2 ] (0.00112587)
[  0  0  1  2  0  0  0  1  0 ] (0.00003102)
[  0  0  1  2  0  0  0  1  1 ] (0.00003213)
[  0  0  1  2  0  0  0  2  0 ] (0.00119148)
[  0  0  1  2  0  0  1  0  0 ] (0.00016735)
[  0  0  1  2  0  0  1  0  1 ] (0.00089253)
[  0  0  1  2  0  0  1  1  0 ] (0.00078779)
[  0  0  1  2  0  0  2  0  0 ] (0.00126483)
[  0  0  1  2  0  1  0  0  0 ] (0.00031128)
[  0  0  1  2  0  1  0  0  1 ] (0.00001996)
[  0  0  1  2  0  1  0  1  0 ] (0.00002480)
[  0  0  1  2  0  1  1  0  0 ] (0.00001603)
[  0  0  1  2  0  2  0  0  0 ] (0.00473986)
[  0  0  1  2  1  0  0  0  0 ] (0.00054494)
[  0  0  1  2  1  0  0  0  1 ] (0.00243616)
[  0  0  1  2  1  0  0  1  0 ] (0.01258844)
[  0  0  1  2  1  0  1  0  0 ] (0.01233625)
[  0  0  1  2  1  1  0  0  0 ] (0.00209339)
[  0  0  1  2  2  0  0  0  0 ] (0.00296067)
[  0  0  1  3  0  0  0  0  0 ] (0.00004900)
[  0  0  1  3  0  0  0  0  1 ] (0.00073663)
[  0  0  1  3  0  0  0  1  0 ] (0.00000504)
[  0  0  1  3  0  0  1  0  0 ] (0.00006171)
[  0  0  1  3  0  1  0  0  0 ] (0.00010050)
[  0  0  1  3  1  0  0  0  0 ] (0.00010200)
[  0  0  1  4  0  0  0  0  0 ] (0.00015208)
[  0  0  2  0  0  0  0  0  0 ] (0.00000155)
[  0  0  2  0  0  0  0  0  1 ] (0.00000159)
[  0  0  2  0  0  0  0  0  2 ] (0.00000733)
[  0  0  2  0  0  0  0  0  3 ] (0.00002054)
[  0  0  2  0  0  0  0  1  0 ] (0.00000015)
[  0  0  2  0  0  0  0  1  1 ] (0.00000089)
[  0  0  2  0  0  0  0  1  2 ] (0.00009326)
[  0  0  2  0  0  0  0  2  0 ] (0.00000287)
[  0  0  2  0  0  0  0  2  1 ] (0.00001217)
[  0  0  2  0  0  0  0  3  0 ] (0.00000118)
[  0  0  2  0  0  0  1  0  0 ] (0.00000022)
[  0  0  2  0  0  0  1  0  1 ] (0.00000170)
[  0  0  2  0  0  0  1  0  2 ] (0.00005594)
[  0  0  2  0  0  0  1  1  0 ] (0.00000546)
[  0  0  2  0  0  0  1  1  1 ] (0.00001918)
[  0  0  2  0  0  0  1  2  0 ] (0.00000743)
[  0  0  2  0  0  0  2  0  0 ] (0.00000145)
[  0  0  2  0  0  0  2  0  1 ] (0.00000557)
[  0  0  2  0  0  0  2  1  0 ] (0.00001085)
[  0  0  2  0  0  0  3  0  0 ] (0.00000307)
[  0  0  2  0  0  1  0  0  0 ] (0.00000044)
[  0  0  2  0  0  1  0  0  1 ] (0.00000000)
[  0  0  2  0  0  1  0  0  2 ] (0.00000438)
[  0  0  2  0  0  1  0  1  0 ] (0.00000004)
[  0  0  2  0  0  1  0  1  1 ] (0.00000950)
[  0  0  2  0  0  1  0  2  0 ] (0.00000324)
[  0  0  2  0  0  1  1  0  0 ] (0.00000092)
[  0  0  2  0  0  1  1  0  1 ] (0.00000323)
[  0  0  2  0  0  1  1  1  0 ] (0.00000094)
[  0  0  2  0  0  1  2  0  0 ] (0.00003571)
[  0  0  2  0  0  2  0  0  0 ] (0.00000576)
[  0  0  2  0  0  2  0  0  1 ] (0.00002628)
[  0  0  2  0  0  2  0  1  0 ] (0.00000026)
[  0  0  2  0  0  2  1  0  0 ] (0.00000014)
[  0  0  2  0  0  3  0  0  0 ] (0.00000071)
[  0  0  2  0  1  0  0  0  0 ] (0.00000096)
[  0  0  2  0  1  0  0  0  1 ] (0.00000804)
[  0  0  2  0  1  0  0  0  2 ] (0.00009677)
[  0  0  2  0  1  0  0  1  0 ] (0.00000193)
[  0  0  2  0  1  0  0  1  1 ] (0.00000002)
[  0  0  2  0  1  0  0  2  0 ] (0.00000259)
[  0  0  2  0  1  0  1  0  0 ] (0.00000108)
[  0  0  2  0  1  0  1  0  1 ] (0.00000956)
[  0  0  2  0  1  0  1  1  0 ] (0.00000027)
[  0  0  2  0  1  0  2  0  0 ] (0.00001321)
[  0  0  2  0  1  1  0  0  0 ] (0.00000007)
[  0  0  2  0  1  1  0  0  1 ] (0.00000037)
[  0  0  2  0  1  1  0  1  0 ] (0.00001826)
[  0  0  2  0  1  1  1  0  0 ] (0.00006040)
[  0  0  2  0  1  2  0  0  0 ] (0.00000060)
[  0  0  2  0  2  0  0  0  0 ] (0.00000307)
[  0  0  2  0  2  0  0  0  1 ] (0.00001574)
[  0  0  2  0  2  0  0  1  0 ] (0.00000333)
[  0  0  2  0  2  0  1  0  0 ] (0.00000005)
[  0  0  2  0  2  1  0  0  0 ] (0.00000024)
[  0  0  2  0  3  0  0  0  0 ] (0.00000079)
[  0  0  2  1  0  0  0  0  0 ] (0.00000001)
[  0  0  2  1  0  0  0  0  1 ] (0.00000110)
[  0  0  2  1  0  0  0  0  2 ] (0.00000123)
[  0  0  2  1  0  0  0  1  0 ] (0.00000140)
[  0  0  2  1  0  0  0  1  1 ] (0.00001222)
[  0  0  2  1  0  0  0  2  0 ] (0.00001012)
[  0  0  2  1  0  0  1  0  0 ] (0.00000195)
[  0  0  2  1  0  0  1  0  1 ] (0.00000978)
[  0  0  2  1  0  0  1  1  0 ] (0.00005774)
[  0  0  2  1  0  0  2  0  0 ] (0.00000037)
[  0  0  2  1  0  1  0  0  0 ] (0.00000109)
[  0  0  2  1  0  1  0  0  1 ] (0.00000566)
[  0  0  2  1  0  1  0  1  0 ] (0.00001149)
[  0  0  2  1  0  1  1  0  0 ] (0.00000351)
[  0  0  2  1  0  2  0  0  0 ] (0.00000002)
[  0  0  2  1  1  0  0  0  0 ] (0.00000010)
[  0  0  2  1  1  0  0  0  1 ] (0.00000028)
[  0  0  2  1  1  0  0  1  0 ] (0.00002666)
[  0  0  2  1  1  0  1  0  0 ] (0.00002113)
[  0  0  2  1  1  1  0  0  0 ] (0.00000070)
[  0  0  2  1  2  0  0  0  0 ] (0.00001284)
[  0  0  2  2  0  0  0  0  0 ] (0.00000050)
[  0  0  2  2  0  0  0  0  1 ] (0.00000001)
[  0  0  2  2  0  0  0  1  0 ] (0.00000721)
[  0  0  2  2  0  0  1  0  0 ] (0.00000000)
[  0  0  2  2  0  1  0  0  0 ] (0.00000019)
[  0  0  2  2  1  0  0  0  0 ] (0.00000930)
[  0  0  2  3  0  0  0  0  0 ] (0.00000016)
[  0  0  3  0  0  0  0  0  0 ] (0.00000003)
[  0  0  3  0  0  0  0  0  1 ] (0.00000000)
[  0  0  3  0  0  0  0  0  2 ] (0.00000045)
[  0  0  3  0  0  0  0  1  0 ] (0.00000049)
[  0  0  3  0  0  0  0  1  1 ] (0.00000236)
[  0  0  3  0  0  0  0  2  0 ] (0.00000001)
[  0  0  3  0  0  0  1  0  0 ] (0.00000031)
[  0  0  3  0  0  0  1  0  1 ] (0.00000256)
[  0  0  3  0  0  0  1  1  0 ] (0.00000000)
[  0  0  3  0  0  0  2  0  0 ] (0.00000034)
[  0  0  3  0  0  1  0  0  0 ] (0.00000014)
[  0  0  3  0  0  1  0  0  1 ] (0.00000026)
[  0  0  3  0  0  1  0  1  0 ] (0.00000002)
[  0  0  3  0  0  1  1  0  0 ] (0.00000000)
[  0  0  3  0  0  2  0  0  0 ] (0.00000004)
[  0  0  3  0  1  0  0  0  0 ] (0.00000016)
[  0  0  3  0  1  0  0  0  1 ] (0.00000027)
[  0  0  3  0  1  0  0  1  0 ] (0.00000041)
[  0  0  3  0  1  0  1  0  0 ] (0.00000002)
[  0  0  3  0  1  1  0  0  0 ] (0.00000033)
[  0  0  3  0  2  0  0  0  0 ] (0.00000022)
[  0  0  3  1  0  0  0  0  0 ] (0.00000025)
[  0  0  3  1  0  0  0  0  1 ] (0.00000114)
[  0  0  3  1  0  0  0  1  0 ] (0.00000024)
[  0  0  3  1  0  0  1  0  0 ] (0.00000099)
[  0  0  3  1  0  1  0  0  0 ] (0.00000019)
[  0  0  3  1  1  0  0  0  0 ] (0.00000024)
[  0  0  3  2  0  0  0  0  0 ] (0.00000021)
[  0  0  4  0  0  0  0  0  0 ] (0.00000986)
[  0  0  4  0  0  0  0  0  1 ] (0.00002053)
[  0  0  4  0  0  0  0  1  0 ] (0.00000225)
[  0  0  4  0  0  0  1  0  0 ] (0.00012178)
[  0  0  4  0  0  1  0  0  0 ] (0.00009319)
[  0  0  4  0  1  0  0  0  0 ] (0.00008079)
[  0  0  4  1  0  0  0  0  0 ] (0.00003825)
[  0  0  5  0  0  0  0  0  0 ] (0.00000062)
[  0  1  0  0  0  0  0  0  0 ] (0.00002889)
[  0  1  0  0  0  0  0  0  1 ] (0.00000057)
[  0  1  0  0  0  0  0  0  2 ] (0.00001291)
[  0  1  0  0  0  0  0  0  3 ] (0.00128213)
[  0  1  0  0  0  0  0  0  4 ] (0.00005158)
[  0  1  0  0  0  0  0  1  0 ] (0.00008418)
[  0  1  0  0  0  0  0  1  1 ] (0.00002642)
[  0  1  0  0  0  0  0  1  2 ] (0.00001622)
[  0  1  0  0  0  0  0  1  3 ] (0.00042487)
[  0  1  0  0  0  0  0  2  0 ] (0.00000001)
[  0  1  0  0  0  0  0  2  1 ] (0.00000925)
[  0  1  0  0  0  0  0  2  2 ] (0.01862252)
[  0  1  0  0  0  0  0  3  0 ] (0.00044401)
[  0  1  0  0  0  0  0  3  1 ] (0.00184527)
[  0  1  0  0  0  0  0  4  0 ] (0.00113399)
[  0  1  0  0  0  0  1  0  0 ] (0.00000441)
[  0  1  0  0  0  0  1  0  1 ] (0.00010194)
[  0  1  0  0  0  0  1  0  2 ] (0.00088533)
[  0  1  0  0  0  0  1  0  3 ] (0.00016475)
[  0  1  0  0  0  0  1  1  0 ] (0.00000027)
[  0  1  0  0  0  0  1  1  1 ] (0.00016563)
[  0  1  0  0  0  0  1  1  2 ] (0.00014260)
[  0  1  0  0  0  0  1  2  0 ] (0.00029799)
[  0  1  0  0  0  0  1  2  1 ] (0.00219834)
[  0  1  0  0  0  0  1  3  0 ] (0.00005403)
[  0  1  0  0  0  0  2  0  0 ] (0.00001952)
[  0  1  0  0  0  0  2  0  1 ] (0.00067880)
[  0  1  0  0  0  0  2  0  2 ] (0.00029837)
[  0  1  0  0  0  0  2  1  0 ] (0.00017085)
[  0  1  0  0  0  0  2  1  1 ] (0.00189707)
[  0  1  0  0  0  0  2  2  0 ] (0.00000190)
[  0  1  0  0  0  0  3  0  0 ] (0.00002746)
[  0  1  0  0  0  0  3  0  1 ] (0.00000245)
[  0  1  0  0  0  0  3  1  0 ] (0.00120608)
[  0  1  0  0  0  0  4  0  0 ] (0.00011457)
[  0  1  0  0  0  1  0  0  0 ] (0.00004944)
[  0  1  0  0  0  1  0  0  1 ] (0.00006212)
[  0  1  0  0  0  1  0  0  2 ] (0.00014867)
[  0  1  0  0  0  1  0  0  3 ] (0.00058319)
[  0  1  0  0  0  1  0  1  0 ] (0.00006521)
[  0  1  0  0  0  1  0  1  1 ] (0.00047218)
[  0  1  0  0  0  1  0  1  2 ] (0.00145542)
[  0  1  0  0  0  1  0  2  0 ] (0.00056487)
[  0  1  0  0  0  1  0  2  1 ] (0.02954897)
[  0  1  0  0  0  1  0  3  0 ] (0.00026092)
[  0  1  0  0  0  1  1  0  0 ] (0.00024826)
[  0  1  0  0  0  1  1  0  1 ] (0.00029893)
[  0  1  0  0  0  1  1  0  2 ] (0.00258311)
[  0  1  0  0  0  1  1  1  0 ] (0.00001248)
[  0  1  0  0  0  1  1  1  1 ] (0.00001377)
[  0  1  0  0  0  1  1  2  0 ] (0.00040193)
[  0  1  0  0  0  1  2  0  0 ] (0.00008384)
[  0  1  0  0  0  1  2  0  1 ] (0.00199160)
[  0  1  0  0  0  1  2  1  0 ] (0.00348624)
[  0  1  0  0  0  1  3  0  0 ] (0.00021550)
[  0  1  0  0  0  2  0  0  0 ] (0.00003919)
[  0  1  0  0  0  2  0  0  1 ] (0.00009316)
[  0  1  0  0  0  2  0  0  2 ] (0.00429416)
[  0  1  0  0  0  2  0  1  0 ] (0.00018029)
[  0  1  0  0  0  2  0  1  1 ] (0.00172935)
[  0  1  0  0  0  2  0  2  0 ] (0.00005552)
[  0  1  0  0  0  2  1  0  0 ] (0.00000723)
[  0  1  0  0  0  2  1  0  1 ] (0.00014777)
[  0  1  0  0  0  2  1  1  0 ] (0.00006761)
[  0  1  0  0  0  2  2  0  0 ] (0.00003322)
[  0  1  0  0  0  3  0  0  0 ] (0.00007810)
[  0  1  0  0  0  3  0  0  1 ] (0.00053866)
[  0  1  0  0  0  3  0  1  0 ] (0.00034318)
[  0  1  0  0  0  3  1  0  0 ] (0.00017903)
[  0  1  0  0  0  4  0  0  0 ] (0.00000185)
[  0  1  0  0  1  0  0  0  0 ] (0.00008301)
[  0  1  0  0  1  0  0  0  1 ] (0.00007346)
[  0  1  0  0  1  0  0  0  2 ] (0.00025683)
[  0  1  0  0  1  0  0  0  3 ] (0.00237649)
[  0  1  0  0  1  0  0  1  0 ] (0.00002779)
[  0  1  0  0  1  0  0  1  1 ] (0.00019506)
[  0  1  0  0  1  0  0  1  2 ] (0.00017940)
[  0  1  0  0  1  0  0  2  0 ] (0.00005780)
[  0  1  0  0  1  0  0  2  1 ] (0.00870777)
[  0  1  0  0  1  0  0  3  0 ] (0.00024956)
[  0  1  0  0  1  0  1  0  0 ] (0.00004186)
[  0  1  0  0  1  0  1  0  1 ] (0.00001670)
[  0  1  0  0  1  0  1  0  2 ] (0.00000225)
[  0  1  0  0  1  0  1  1  0 ] (0.00001471)
[  0  1  0  0  1  0  1  1  1 ] (0.00011678)
[  0  1  0  0  1  0  1  2  0 ] (0.00510684)
[  0  1  0  0  1  0  2  0  0 ] (0.00038732)
[  0  1  0  0  1  0  2  0  1 ] (0.00552441)
[  0  1  0  0  1  0  2  1  0 ] (0.00093409)
[  0  1  0  0  1  0  3  0  0 ] (0.00000015)
[  0  1  0  0  1  1  0  0  0 ] (0.00009826)
[  0  1  0  0  1  1  0  0  1 ] (0.00010513)
[  0  1  0  0  1  1  0  0  2 ] (0.00000845)
[  0  1  0  0  1  1  0  1  0 ] (0.00033869)
[  0  1  0  0  1  1  0  1  1 ] (0.00099211)
[  0  1  0  0  1  1  0  2  0 ] (0.00063600)
[  0  1  0  0  1  1  1  0  0 ] (0.00001866)
[  0  1  0  0  1  1  1  0  1 ] (0.00093074)
[  0  1  0  0  1  1  1  1  0 ] (0.01647676)
[  0  1  0  0  1  1  2  0  0 ] (0.00694145)
[  0  1  0  0  1  2  0  0  0 ] (0.00011806)
[  0  1  0  0  1  2  0  0  1 ] (0.00069396)
[  0  1  0  0  1  2  0  1  0 ] (0.00009852)
[  0  1  0  0  1  2  1  0  0 ] (0.00001838)
[  0  1  0  0  1  3  0  0  0 ] (0.00028147)
[  0  1  0  0  2  0  0  0  0 ] (0.00009945)
[  0  1  0  0  2  0  0  0  1 ] (0.00003729)
[  0  1  0  0  2  0  0  0  2 ] (0.00295964)
[  0  1  0  0  2  0  0  1  0 ] (0.00031471)
[  0  1  0  0  2  0  0  1  1 ] (0.00083251)
[  0  1  0  0  2  0  0  2  0 ] (0.00004100)
[  0  1  0  0  2  0  1  0  0 ] (0.00001704)
[  0  1  0  0  2  0  1  0  1 ] (0.00037611)
[  0  1  0  0  2  0  1  1  0 ] (0.00058284)
[  0  1  0  0  2  0  2  0  0 ] (0.00826143)
[  0  1  0  0  2  1  0  0  0 ] (0.00020096)
[  0  1  0  0  2  1  0  0  1 ] (0.00078783)
[  0  1  0  0  2  1  0  1  0 ] (0.00140684)
[  0  1  0  0  2  1  1  0  0 ] (0.00180218)
[  0  1  0  0  2  2  0  0  0 ] (0.00001481)
[  0  1  0  0  3  0  0  0  0 ] (0.00002836)
[  0  1  0  0  3  0  0  0  1 ] (0.00004715)
[  0  1  0  0  3  0  0  1  0 ] (0.00029069)
[  0  1  0  0  3  0  1  0  0 ] (0.00003744)
[  0  1  0  0  3  1  0  0  0 ] (0.00012896)
[  0  1  0  0  4  0  0  0  0 ] (0.00003262)
[  0  1  0  1  0  0  0  0  0 ] (0.00003479)
[  0  1  0  1  0  0  0  0  1 ] (0.00000548)
[  0  1  0  1  0  0  0  0  2 ] (0.00026497)
[  0  1  0  1  0  0  0  0  3 ] (0.00016355)
[  0  1  0  1  0  0  0  1  0 ] (0.00000224)
[  0  1  0  1  0  0  0  1  1 ] (0.00102866)
[  0  1  0  1  0  0  0  1  2 ] (0.00045201)
[  0  1  0  1  0  0  0  2  0 ] (0.00038981)
[  0  1  0  1  0  0  0  2  1 ] (0.00014247)
[  0  1  0  1  0  0  0  3  0 ] (0.00064585)
[  0  1  0  1  0  0  1  0  0 ] (0.00004383)
[  0  1  0  1  0  0  1  0  1 ] (0.00004025)
[  0  1  0  1  0  0  1  0  2 ] (0.00204363)
[  0  1  0  1  0  0  1  1  0 ] (0.00019207)
[  0  1  0  1  0  0  1  1  1 ] (0.00001437)
[  0  1  0  1  0  0  1  2  0 ] (0.00129986)
[  0  1  0  1  0  0  2  0  0 ] (0.00051128)
[  0  1  0  1  0  0  2  0  1 ] (0.00121292)
[  0  1  0  1  0  0  2  1  0 ] (0.00309481)
[  0  1  0  1  0  0  3  0  0 ] (0.00027594)
[  0  1  0  1  0  1  0  0  0 ] (0.00000387)
[  0  1  0  1  0  1  0  0  1 ] (0.00000231)
[  0  1  0  1  0  1  0  0  2 ] (0.00013864)
[  0  1  0  1  0  1  0  1  0 ] (0.00005135)
[  0  1  0  1  0  1  0  1  1 ] (0.00061870)
[  0  1  0  1  0  1  0  2  0 ] (0.00017869)
[  0  1  0  1  0  1  1  0  0 ] (0.00000005)
[  0  1  0  1  0  1  1  0  1 ] (0.00053363)
[  0  1  0  1  0  1  1  1  0 ] (0.00297093)
[  0  1  0  1  0  1  2  0  0 ] (0.00174714)
[  0  1  0  1  0  2  0  0  0 ] (0.00006013)
[  0  1  0  1  0  2  0  0  1 ] (0.00253661)
[  0  1  0  1  0  2  0  1  0 ] (0.00076559)
[  0  1  0  1  0  2  1  0  0 ] (0.00000060)
[  0  1  0  1  0  3  0  0  0 ] (0.00001050)
[  0  1  0  1  1  0  0  0  0 ] (0.00007859)
[  0  1  0  1  1  0  0  0  1 ] (0.00069616)
[  0  1  0  1  1  0  0  0  2 ] (0.00009689)
[  0  1  0  1  1  0  0  1  0 ] (0.00000436)
[  0  1  0  1  1  0  0  1  1 ] (0.00002501)
[  0  1  0  1  1  0  0  2  0 ] (0.00099111)
[  0  1  0  1  1  0  1  0  0 ] (0.00022272)
[  0  1  0  1  1  0  1  0  1 ] (0.00003740)
[  0  1  0  1  1  0  1  1  0 ] (0.00411380)
[  0  1  0  1  1  0  2  0  0 ] (0.00671833)
[  0  1  0  1  1  1  0  0  0 ] (0.00004753)
[  0  1  0  1  1  1  0  0  1 ] (0.00749437)
[  0  1  0  1  1  1  0  1  0 ] (0.00051716)
[  0  1  0  1  1  1  1  0  0 ] (0.00374955)
[  0  1  0  1  1  2  0  0  0 ] (0.00018005)
[  0  1  0  1  2  0  0  0  0 ] (0.00117859)
[  0  1  0  1  2  0  0  0  1 ] (0.00103375)
[  0  1  0  1  2  0  0  1  0 ] (0.00526530)
[  0  1  0  1  2  0  1  0  0 ] (0.00118507)
[  0  1  0  1  2  1  0  0  0 ] (0.00001542)
[  0  1  0  1  3  0  0  0  0 ] (0.00021346)
[  0  1  0  2  0  0  0  0  0 ] (0.00006240)
[  0  1  0  2  0  0  0  0  1 ] (0.00000032)
[  0  1  0  2  0  0  0  0  2 ] (0.00424748)
[  0  1  0  2  0  0  0  1  0 ] (0.00023442)
[  0  1  0  2  0  0  0  1  1 ] (0.00032763)
[  0  1  0  2  0  0  0  2  0 ] (0.00172597)
[  0  1  0  2  0  0  1  0  0 ] (0.00028074)
[  0  1  0  2  0  0  1  0  1 ] (0.00108044)
[  0  1  0  2  0  0  1  1  0 ] (0.00024456)
[  0  1  0  2  0  0  2  0  0 ] (0.00000342)
[  0  1  0  2  0  1  0  0  0 ] (0.00000174)
[  0  1  0  2  0  1  0  0  1 ] (0.00098038)
[  0  1  0  2  0  1  0  1  0 ] (0.00020488)
[  0  1  0  2  0  1  1  0  0 ] (0.00029915)
[  0  1  0  2  0  2  0  0  0 ] (0.00031951)
[  0  1  0  2  1  0  0  0  0 ] (0.00000680)
[  0  1  0  2  1  0  0  0  1 ] (0.00312578)
[  0  1  0  2  1  0  0  1  0 ] (0.00337981)
[  0  1  0  2  1  0  1  0  0 ] (0.00132179)
[  0  1  0  2  1  1  0  0  0 ] (0.00024602)
[  0  1  0  2  2  0  0  0  0 ] (0.00855918)
[  0  1  0  3  0  0  0  0  0 ] (0.00001860)
[  0  1  0  3  0  0  0  0  1 ] (0.00003146)
[  0  1  0  3  0  0  0  1  0 ] (0.00000892)
[  0  1  0  3  0  0  1  0  0 ] (0.00009915)
[  0  1  0  3  0  1  0  0  0 ] (0.00004854)
[  0  1  0  3  1  0  0  0  0 ] (0.00002486)
[  0  1  0  4  0  0  0  0  0 ] (0.00004011)
[  0  1  1  0  0  0  0  0  0 ] (0.00000010)
[  0  1  1  0  0  0  0  0  1 ] (0.00000000)
[  0  1  1  0  0  0  0  0  2 ] (0.00000012)
[  0  1  1  0  0  0  0  0  3 ] (0.00000882)
[  0  1  1  0  0  0  0  1  0 ] (0.00000001)
[  0  1  1  0  0  0  0  1  1 ] (0.00000159)
[  0  1  1  0  0  0  0  1  2 ] (0.00000526)
[  0  1  1  0  0  0  0  2  0 ] (0.00002224)
[  0  1  1  0  0  0  0  2  1 ] (0.00009208)
[  0  1  1  0  0  0  0  3  0 ] (0.00000039)
[  0  1  1  0  0  0  1  0  0 ] (0.00000041)
[  0  1  1  0  0  0  1  0  1 ] (0.00000075)
[  0  1  1  0  0  0  1  0  2 ] (0.00000464)
[  0  1  1  0  0  0  1  1  0 ] (0.00000257)
[  0  1  1  0  0  0  1  1  1 ] (0.00000344)
[  0  1  1  0  0  0  1  2  0 ] (0.00001779)
[  0  1  1  0  0  0  2  0  0 ] (0.00000022)
[  0  1  1  0  0  0  2  0  1 ] (0.00000234)
[  0  1  1  0  0  0  2  1  0 ] (0.00000586)
[  0  1  1  0  0  0  3  0  0 ] (0.00000039)
[  0  1  1  0  0  1  0  0  0 ] (0.00000079)
[  0  1  1  0  0  1  0  0  1 ] (0.00000067)
[  0  1  1  0  0  1  0  0  2 ] (0.00000240)
[  0  1  1  0  0  1  0  1  0 ] (0.00000326)
[  0  1  1  0  0  1  0  1  1 ] (0.00009110)
[  0  1  1  0  0  1  0  2  0 ] (0.00000765)
[  0  1  1  0  0  1  1  0  0 ] (0.00000016)
[  0  1  1  0  0  1  1  0  1 ] (0.00000381)
[  0  1  1  0  0  1  1  1  0 ] (0.00002089)
[  0  1  1  0  0  1  2  0  0 ] (0.00000390)
[  0  1  1  0  0  2  0  0  0 ] (0.00000003)
[  0  1  1  0  0  2  0  0  1 ] (0.00000004)
[  0  1  1  0  0  2  0  1  0 ] (0.00000000)
[  0  1  1  0  0  2  1  0  0 ] (0.00000353)
[  0  1  1  0  0  3  0  0  0 ] (0.00000057)
[  0  1  1  0  1  0  0  0  0 ] (0.00000086)
[  0  1  1  0  1  0  0  0  1 ] (0.00000517)
[  0  1  1  0  1  0  0  0  2 ] (0.00000100)
[  0  1  1  0  1  0  0  1  0 ] (0.00000108)
[  0  1  1  0  1  0  0  1  1 ] (0.00000001)
[  0  1  1  0  1  0  0  2  0 ] (0.00000010)
[  0  1  1  0  1  0  1  0  0 ] (0.00000000)
[  0  1  1  0  1  0  1  0  1 ] (0.00000085)
[  0  1  1  0  1  0  1  1  0 ] (0.00002476)
[  0  1  1  0  1  0  2  0  0 ] (0.00000016)
[  0  1  1  0  1  1  0  0  0 ] (0.00000000)
[  0  1  1  0  1  1  0  0  1 ] (0.00000643)
[  0  1  1  0  1  1  0  1  0 ] (0.00000016)
[  0  1  1  0  1  1  1  0  0 ] (0.00001531)
[  0  1  1  0  1  2  0  0  0 ] (0.00000027)
[  0  1  1  0  2  0  0  0  0 ] (0.00000224)
[  0  1  1  0  2  0  0  0  1 ] (0.00000421)
[  0  1  1  0  2  0  0  1  0 ] (0.00000403)
[  0  1  1  0  2  0  1  0  0 ] (0.00000230)
[  0  1  1  0  2  1  0  0  0 ] (0.00000274)
[  0  1  1  0  3  0  0  0  0 ] (0.00000093)
[  0  1  1  1  0  0  0  0  0 ] (0.00000001)
[  0  1  1  1  0  0  0  0  1 ] (0.00000010)
[  0  1  1  1  0  0  0  0  2 ] (0.00001078)
[  0  1  1  1  0  0  0  1  0 ] (0.00000036)
[  0  1  1  1  0  0  0  1  1 ] (0.00000008)
[  0  1  1  1  0  0  0  2  0 ] (0.00002535)
[  0  1  1  1  0  0  1  0  0 ] (0.00000011)
[  0  1  1  1  0  0  1  0  1 ] (0.00000197)
[  0  1  1  1  0  0  1  1  0 ] (0.00000184)
[  0  1  1  1  0  0  2  0  0 ] (0.00000494)
[  0  1  1  1  0  1  0  0  0 ] (0.00000043)
[  0  1  1  1  0  1  0  0  1 ] (0.00000134)
[  0  1  1  1  0  1  0  1  0 ] (0.00002445)
[  0  1  1  1  0  1  1  0  0 ] (0.00000182)
[  0  1  1  1  0  2  0  0  0 ] (0.00000081)
[  0  1  1  1  1  0  0  0  0 ] (0.00000056)
[  0  1  1  1  1  0  0  0  1 ] (0.00000934)
[  0  1  1  1  1  0  0  1  0 ] (0.00002351)
[  0  1  1  1  1  0  1  0  0 ] (0.00000004)
[  0  1  1  1  1  1  0  0  0 ] (0.00000708)
[  0  1  1  1  2  0  0  0  0 ] (0.00000263)
[  0  1  1  2  0  0  0  0  0 ] (0.00000026)
[  0  1  1  2  0  0  0  0  1 ] (0.00000048)
[  0  1  1  2  0  0  0  1  0 ] (0.00000292)
[  0  1  1  2  0  0  1  0  0 ] (0.00000053)
[  0  1  1  2  0  1  0  0  0 ] (0.00000077)
[  0  1  1  2  1  0  0  0  0 ] (0.00000013)
[  0  1  1  3  0  0  0  0  0 ] (0.00000002)
[  0  1  2  0  0  0  0  0  0 ] (0.00000224)
[  0  1  2  0  0  0  0  0  1 ] (0.00002837)
[  0  1  2  0  0  0  0  0  2 ] (0.00041872)
[  0  1  2  0  0  0  0  1  0 ] (0.00005251)
[  0  1  2  0  0  0  0  1  1 ] (0.00116941)
[  0  1  2  0  0  0  0  2  0 ] (0.00004818)
[  0  1  2  0  0  0  1  0  0 ] (0.00039757)
[  0  1  2  0  0  0  1  0  1 ] (0.00404742)
[  0  1  2  0  0  0  1  1  0 ] (0.00135703)
[  0  1  2  0  0  0  2  0  0 ] (0.00000001)
[  0  1  2  0  0  1  0  0  0 ] (0.00001266)
[  0  1  2  0  0  1  0  0  1 ] (0.00017925)
[  0  1  2  0  0  1  0  1  0 ] (0.00033809)
[  0  1  2  0  0  1  1  0  0 ] (0.00276505)
[  0  1  2  0  0  2  0  0  0 ] (0.00000432)
[  0  1  2  0  1  0  0  0  0 ] (0.00306379)
[  0  1  2  0  1  0  0  0  1 ] (0.01172901)
[  0  1  2  0  1  0  0  1  0 ] (0.00001178)
[  0  1  2  0  1  0  1  0  0 ] (0.00037160)
[  0  1  2  0  1  1  0  0  0 ] (0.00050195)
[  0  1  2  0  2  0  0  0  0 ] (0.00000449)
[  0  1  2  1  0  0  0  0  0 ] (0.00010554)
[  0  1  2  1  0  0  0  0  1 ] (0.00126970)
[  0  1  2  1  0  0  0  1  0 ] (0.00029001)
[  0  1  2  1  0  0  1  0  0 ] (0.00000027)
[  0  1  2  1  0  1  0  0  0 ] (0.00004922)
[  0  1  2  1  1  0  0  0  0 ] (0.00003989)
[  0  1  2  2  0  0  0  0  0 ] (0.00027036)
[  0  1  3  0  0  0  0  0  0 ] (0.00009830)
[  0  1  3  0  0  0  0  0  1 ] (0.00040801)
[  0  1  3  0  0  0  0  1  0 ] (0.00000586)
[  0  1  3  0  0  0  1  0  0 ] (0.00004025)
[  0  1  3  0  0  1  0  0  0 ] (0.00000000)
[  0  1  3  0  1  0  0  0  0 ] (0.00001134)
[  0  1  3  1  0  0  0  0  0 ] (0.00000255)
[  0  1  4  0  0  0  0  0  0 ] (0.00000041)
[  0  2  0  0  0  0  0  0  0 ] (0.00000047)
[  0  2  0  0  0  0  0  0  1 ] (0.00000002)
[  0  2  0  0  0  0  0  0  2 ] (0.00000130)
[  0  2  0  0  0  0  0  0  3 ] (0.00003048)
[  0  2  0  0  0  0  0  1  0 ] (0.00000003)
[  0  2  0  0  0  0  0  1  1 ] (0.00000039)
[  0  2  0  0  0  0  0  1  2 ] (0.00005944)
[  0  2  0  0  0  0  0  2  0 ] (0.00000620)
[  0  2  0  0  0  0  0  2  1 ] (0.00002306)
[  0  2  0  0  0  0  0  3  0 ] (0.00000085)
[  0  2  0  0  0  0  1  0  0 ] (0.00000011)
[  0  2  0  0  0  0  1  0  1 ] (0.00000020)
[  0  2  0  0  0  0  1  0  2 ] (0.00001523)
[  0  2  0  0  0  0  1  1  0 ] (0.00000001)
[  0  2  0  0  0  0  1  1  1 ] (0.00000000)
[  0  2  0  0  0  0  1  2  0 ] (0.00000952)
[  0  2  0  0  0  0  2  0  0 ] (0.00000001)
[  0  2  0  0  0  0  2  0  1 ] (0.00000004)
[  0  2  0  0  0  0  2  1  0 ] (0.00000008)
[  0  2  0  0  0  0  3  0  0 ] (0.00000044)
[  0  2  0  0  0  1  0  0  0 ] (0.00000034)
[  0  2  0  0  0  1  0  0  1 ] (0.00000169)
[  0  2  0  0  0  1  0  0  2 ] (0.00001147)
[  0  2  0  0  0  1  0  1  0 ] (0.00000255)
[  0  2  0  0  0  1  0  1  1 ] (0.00004894)
[  0  2  0  0  0  1  0  2  0 ] (0.00000346)
[  0  2  0  0  0  1  1  0  0 ] (0.00000345)
[  0  2  0  0  0  1  1  0  1 ] (0.00001079)
[  0  2  0  0  0  1  1  1  0 ] (0.00000038)
[  0  2  0  0  0  1  2  0  0 ] (0.00000177)
[  0  2  0  0  0  2  0  0  0 ] (0.00000628)
[  0  2  0  0  0  2  0  0  1 ] (0.00001687)
[  0  2  0  0  0  2  0  1  0 ] (0.00000005)
[  0  2  0  0  0  2  1  0  0 ] (0.00000497)
[  0  2  0  0  0  3  0  0  0 ] (0.00000025)
[  0  2  0  0  1  0  0  0  0 ] (0.00000047)
[  0  2  0  0  1  0  0  0  1 ] (0.00000432)
[  0  2  0  0  1  0  0  0  2 ] (0.00000346)
[  0  2  0  0  1  0  0  1  0 ] (0.00000009)
[  0  2  0  0  1  0  0  1  1 ] (0.00000051)
[  0  2  0  0  1  0  0  2  0 ] (0.00000083)
[  0  2  0  0  1  0  1  0  0 ] (0.00000450)
[  0  2  0  0  1  0  1  0  1 ] (0.00002693)
[  0  2  0  0  1  0  1  1  0 ] (0.00001786)
[  0  2  0  0  1  0  2  0  0 ] (0.00000113)
[  0  2  0  0  1  1  0  0  0 ] (0.00000022)
[  0  2  0  0  1  1  0  0  1 ] (0.00000165)
[  0  2  0  0  1  1  0  1  0 ] (0.00000331)
[  0  2  0  0  1  1  1  0  0 ] (0.00000176)
[  0  2  0  0  1  2  0  0  0 ] (0.00000039)
[  0  2  0  0  2  0  0  0  0 ] (0.00000304)
[  0  2  0  0  2  0  0  0  1 ] (0.00001434)
[  0  2  0  0  2  0  0  1  0 ] (0.00000450)
[  0  2  0  0  2  0  1  0  0 ] (0.00000055)
[  0  2  0  0  2  1  0  0  0 ] (0.00000000)
[  0  2  0  0  3  0  0  0  0 ] (0.00000047)
[  0  2  0  1  0  0  0  0  0 ] (0.00000000)
[  0  2  0  1  0  0  0  0  1 ] (0.00000007)
[  0  2  0  1  0  0  0  0  2 ] (0.00000917)
[  0  2  0  1  0  0  0  1  0 ] (0.00000002)
[  0  2  0  1  0  0  0  1  1 ] (0.00000099)
[  0  2  0  1  0  0  0  2  0 ] (0.00001431)
[  0  2  0  1  0  0  1  0  0 ] (0.00000125)
[  0  2  0  1  0  0  1  0  1 ] (0.00001482)
[  0  2  0  1  0  0  1  1  0 ] (0.00000407)
[  0  2  0  1  0  0  2  0  0 ] (0.00000008)
[  0  2  0  1  0  1  0  0  0 ] (0.00000108)
[  0  2  0  1  0  1  0  0  1 ] (0.00000082)
[  0  2  0  1  0  1  0  1  0 ] (0.00000025)
[  0  2  0  1  0  1  1  0  0 ] (0.00000000)
[  0  2  0  1  0  2  0  0  0 ] (0.00000181)
[  0  2  0  1  1  0  0  0  0 ] (0.00000108)
[  0  2  0  1  1  0  0  0  1 ] (0.00000580)
[  0  2  0  1  1  0  0  1  0 ] (0.00001344)
[  0  2  0  1  1  0  1  0  0 ] (0.00000055)
[  0  2  0  1  1  1  0  0  0 ] (0.00000018)
[  0  2  0  1  2  0  0  0  0 ] (0.00000375)
[  0  2  0  2  0  0  0  0  0 ] (0.00000017)
[  0  2  0  2  0  0  0  0  1 ] (0.00000004)
[  0  2  0  2  0  0  0  1  0 ] (0.00000024)
[  0  2  0  2  0  0  1  0  0 ] (0.00000000)
[  0  2  0  2  0  1  0  0  0 ] (0.00000002)
[  0  2  0  2  1  0  0  0  0 ] (0.00000015)
[  0  2  0  3  0  0  0  0  0 ] (0.00000003)
[  0  2  1  0  0  0  0  0  0 ] (0.00008091)
[  0  2  1  0  0  0  0  0  1 ] (0.00032035)
[  0  2  1  0  0  0  0  0  2 ] (0.00084420)
[  0  2  1  0  0  0  0  1  0 ] (0.00024910)
[  0  2  1  0  0  0  0  1  1 ] (0.00074179)
[  0  2  1  0  0  0  0  2  0 ] (0.00001961)
[  0  2  1  0  0  0  1  0  0 ] (0.00021936)
[  0  2  1  0  0  0  1  0  1 ] (0.00098721)
[  0  2  1  0  0  0  1  1  0 ] (0.00231328)
[  0  2  1  0  0  0  2  0  0 ] (0.00001261)
[  0  2  1  0  0  1  0  0  0 ] (0.00000001)
[  0  2  1  0  0  1  0  0  1 ] (0.00008634)
[  0  2  1  0  0  1  0  1  0 ] (0.00009953)
[  0  2  1  0  0  1  1  0  0 ] (0.00015132)
[  0  2  1  0  0  2  0  0  0 ] (0.00002600)
[  0  2  1  0  1  0  0  0  0 ] (0.00060008)
[  0  2  1  0  1  0  0  0  1 ] (0.00346707)
[  0  2  1  0  1  0  0  1  0 ] (0.00090779)
[  0  2  1  0  1  0  1  0  0 ] (0.00040444)
[  0  2  1  0  1  1  0  0  0 ] (0.00090969)
[  0  2  1  0  2  0  0  0  0 ] (0.00000333)
[  0  2  1  1  0  0  0  0  0 ] (0.00034624)
[  0  2  1  1  0  0  0  0  1 ] (0.00076139)
[  0  2  1  1  0  0  0  1  0 ] (0.00097878)
[  0  2  1  1  0  0  1  0  0 ] (0.00001674)
[  0  2  1  1  0  1  0  0  0 ] (0.00015043)
[  0  2  1  1  1  0  0  0  0 ] (0.00019232)
[  0  2  1  2  0  0  0  0  0 ] (0.00001474)
[  0  2  2  0  0  0  0  0  0 ] (0.00000314)
[  0  2  2  0  0  0  0  0  1 ] (0.00000740)
[  0  2  2  0  0  0  0  1  0 ] (0.00000013)
[  0  2  2  0  0  0  1  0  0 ] (0.00000062)
[  0  2  2  0  0  1  0  0  0 ] (0.00000140)
[  0  2  2  0  1  0  0  0  0 ] (0.00000000)
[  0  2  2  1  0  0  0  0  0 ] (0.00000002)
[  0  2  3  0  0  0  0  0  0 ] (0.00000009)
[  0  3  0  0  0  0  0  0  0 ] (0.00000002)
[  0  3  0  0  0  0  0  0  1 ] (0.00000022)
[  0  3  0  0  0  0  0  0  2 ] (0.00000000)
[  0  3  0  0  0  0  0  1  0 ] (0.00000000)
[  0  3  0  0  0  0  0  1  1 ] (0.00000006)
[  0  3  0  0  0  0  0  2  0 ] (0.00000018)
[  0  3  0  0  0  0  1  0  0 ] (0.00000056)
[  0  3  0  0  0  0  1  0  1 ] (0.00000200)
[  0  3  0  0  0  0  1  1  0 ] (0.00000019)
[  0  3  0  0  0  0  2  0  0 ] (0.00000009)
[  0  3  0  0  0  1  0  0  0 ] (0.00000006)
[  0  3  0  0  0  1  0  0  1 ] (0.00000020)
[  0  3  0  0  0  1  0  1  0 ] (0.00000033)
[  0  3  0  0  0  1  1  0  0 ] (0.00000002)
[  0  3  0  0  0  2  0  0  0 ] (0.00000000)
[  0  3  0  0  1  0  0  0  0 ] (0.00000002)
[  0  3  0  0  1  0  0  0  1 ] (0.00000003)
[  0  3  0  0  1  0  0  1  0 ] (0.00000075)
[  0  3  0  0  1  0  1  0  0 ] (0.00000010)
[  0  3  0  0  1  1  0  0  0 ] (0.00000000)
[  0  3  0  0  2  0  0  0  0 ] (0.00000003)
[  0  3  0  1  0  0  0  0  0 ] (0.00000037)
[  0  3  0  1  0  0  0  0  1 ] (0.00000215)
[  0  3  0  1  0  0  0  1  0 ] (0.00000021)
[  0  3  0  1  0  0  1  0  0 ] (0.00000050)
[  0  3  0  1  0  1  0  0  0 ] (0.00000006)
[  0  3  0  1  1  0  0  0  0 ] (0.00000001)
[  0  3  0  2  0  0  0  0  0 ] (0.00000049)
[  0  3  1  0  0  0  0  0  0 ] (0.00001269)
[  0  3  1  0  0  0  0  0  1 ] (0.00001966)
[  0  3  1  0  0  0  0  1  0 ] (0.00003983)
[  0  3  1  0  0  0  1  0  0 ] (0.00006429)
[  0  3  1  0  0  1  0  0  0 ] (0.00000109)
[  0  3  1  0  1  0  0  0  0 ] (0.00000709)
[  0  3  1  1  0  0  0  0  0 ] (0.00002787)
[  0  3  2  0  0  0  0  0  0 ] (0.00000001)
[  0  4  0  0  0  0  0  0  0 ] (0.00000697)
[  0  4  0  0  0  0  0  0  1 ] (0.00002750)
[  0  4  0  0  0  0  0  1  0 ] (0.00011071)
[  0  4  0  0  0  0  1  0  0 ] (0.00022951)
[  0  4  0  0  0  1  0  0  0 ] (0.00008750)
[  0  4  0  0  1  0  0  0  0 ] (0.00010506)
[  0  4  0  1  0  0  0  0  0 ] (0.00000843)
[  0  4  1  0  0  0  0  0  0 ] (0.00000001)
[  0  5  0  0  0  0  0  0  0 ] (0.00000010)
[  1  0  0  0  0  0  0  0  0 ] (0.00001804)
[  1  0  0  0  0  0  0  0  1 ] (0.00004121)
[  1  0  0  0  0  0  0  0  2 ] (0.00000916)
[  1  0  0  0  0  0  0  0  3 ] (0.00080568)
[  1  0  0  0  0  0  0  0  4 ] (0.00002855)
[  1  0  0  0  0  0  0  1  0 ] (0.00000622)
[  1  0  0  0  0  0  0  1  1 ] (0.00002619)
[  1  0  0  0  0  0  0  1  2 ] (0.00000705)
[  1  0  0  0  0  0  0  1  3 ] (0.00019849)
[  1  0  0  0  0  0  0  2  0 ] (0.00001270)
[  1  0  0  0  0  0  0  2  1 ] (0.00068313)
[  1  0  0  0  0  0  0  2  2 ] (0.00255625)
[  1  0  0  0  0  0  0  3  0 ] (0.00001934)
[  1  0  0  0  0  0  0  3  1 ] (0.00018661)
[  1  0  0  0  0  0  0  4  0 ] (0.00000212)
[  1  0  0  0  0  0  1  0  0 ] (0.00000060)
[  1  0  0  0  0  0  1  0  1 ] (0.00000028)
[  1  0  0  0  0  0  1  0  2 ] (0.00070194)
[  1  0  0  0  0  0  1  0  3 ] (0.00112636)
[  1  0  0  0  0  0  1  1  0 ] (0.00006785)
[  1  0  0  0  0  0  1  1  1 ] (0.00037791)
[  1  0  0  0  0  0  1  1  2 ] (0.00015597)
[  1  0  0  0  0  0  1  2  0 ] (0.00036777)
[  1  0  0  0  0  0  1  2  1 ] (0.00698769)
[  1  0  0  0  0  0  1  3  0 ] (0.00075345)
[  1  0  0  0  0  0  2  0  0 ] (0.00001813)
[  1  0  0  0  0  0  2  0  1 ] (0.00003462)
[  1  0  0  0  0  0  2  0  2 ] (0.00054318)
[  1  0  0  0  0  0  2  1  0 ] (0.00018299)
[  1  0  0  0  0  0  2  1  1 ] (0.00754936)
[  1  0  0  0  0  0  2  2  0 ] (0.00476740)
[  1  0  0  0  0  0  3  0  0 ] (0.00018253)
[  1  0  0  0  0  0  3  0  1 ] (0.00036129)
[  1  0  0  0  0  0  3  1  0 ] (0.00004547)
[  1  0  0  0  0  0  4  0  0 ] (0.00037640)
[  1  0  0  0  0  1  0  0  0 ] (0.00008571)
[  1  0  0  0  0  1  0  0  1 ] (0.00005577)
[  1  0  0  0  0  1  0  0  2 ] (0.00001463)
[  1  0  0  0  0  1  0  0  3 ] (0.00000465)
[  1  0  0  0  0  1  0  1  0 ] (0.00011558)
[  1  0  0  0  0  1  0  1  1 ] (0.00051349)
[  1  0  0  0  0  1  0  1  2 ] (0.00028032)
[  1  0  0  0  0  1  0  2  0 ] (0.00087774)
[  1  0  0  0  0  1  0  2  1 ] (0.03938692)
[  1  0  0  0  0  1  0  3  0 ] (0.00026038)
[  1  0  0  0  0  1  1  0  0 ] (0.00027021)
[  1  0  0  0  0  1  1  0  1 ] (0.00025212)
[  1  0  0  0  0  1  1  0  2 ] (0.00068011)
[  1  0  0  0  0  1  1  1  0 ] (0.00005222)
[  1  0  0  0  0  1  1  1  1 ] (0.00067966)
[  1  0  0  0  0  1  1  2  0 ] (0.00740778)
[  1  0  0  0  0  1  2  0  0 ] (0.00003087)
[  1  0  0  0  0  1  2  0  1 ] (0.00009459)
[  1  0  0  0  0  1  2  1  0 ] (0.00049460)
[  1  0  0  0  0  1  3  0  0 ] (0.00045629)
[  1  0  0  0  0  2  0  0  0 ] (0.00001365)
[  1  0  0  0  0  2  0  0  1 ] (0.00010669)
[  1  0  0  0  0  2  0  0  2 ] (0.00191162)
[  1  0  0  0  0  2  0  1  0 ] (0.00000860)
[  1  0  0  0  0  2  0  1  1 ] (0.00002820)
[  1  0  0  0  0  2  0  2  0 ] (0.00000086)
[  1  0  0  0  0  2  1  0  0 ] (0.00024557)
[  1  0  0  0  0  2  1  0  1 ] (0.00140169)
[  1  0  0  0  0  2  1  1  0 ] (0.00011671)
[  1  0  0  0  0  2  2  0  0 ] (0.00003707)
[  1  0  0  0  0  3  0  0  0 ] (0.00013355)
[  1  0  0  0  0  3  0  0  1 ] (0.00000794)
[  1  0  0  0  0  3  0  1  0 ] (0.00015835)
[  1  0  0  0  0  3  1  0  0 ] (0.00029161)
[  1  0  0  0  0  4  0  0  0 ] (0.00040187)
[  1  0  0  0  1  0  0  0  0 ] (0.00008444)
[  1  0  0  0  1  0  0  0  1 ] (0.00002888)
[  1  0  0  0  1  0  0  0  2 ] (0.00027103)
[  1  0  0  0  1  0  0  0  3 ] (0.00018159)
[  1  0  0  0  1  0  0  1  0 ] (0.00007781)
[  1  0  0  0  1  0  0  1  1 ] (0.00002260)
[  1  0  0  0  1  0  0  1  2 ] (0.00019907)
[  1  0  0  0  1  0  0  2  0 ] (0.00027891)
[  1  0  0  0  1  0  0  2  1 ] (0.00976059)
[  1  0  0  0  1  0  0  3  0 ] (0.00006354)
[  1  0  0  0  1  0  1  0  0 ] (0.00006278)
[  1  0  0  0  1  0  1  0  1 ] (0.00027953)
[  1  0  0  0  1  0  1  0  2 ] (0.00668094)
[  1  0  0  0  1  0  1  1  0 ] (0.00000143)
[  1  0  0  0  1  0  1  1  1 ] (0.00025593)
[  1  0  0  0  1  0  1  2  0 ] (0.00743419)
[  1  0  0  0  1  0  2  0  0 ] (0.00222957)
[  1  0  0  0  1  0  2  0  1 ] (0.01472036)
[  1  0  0  0  1  0  2  1  0 ] (0.00700752)
[  1  0  0  0  1  0  3  0  0 ] (0.00000253)
[  1  0  0  0  1  1  0  0  0 ] (0.00062206)
[  1  0  0  0  1  1  0  0  1 ] (0.00101295)
[  1  0  0  0  1  1  0  0  2 ] (0.00290735)
[  1  0  0  0  1  1  0  1  0 ] (0.00038816)
[  1  0  0  0  1  1  0  1  1 ] (0.00024041)
[  1  0  0  0  1  1  0  2  0 ] (0.00194843)
[  1  0  0  0  1  1  1  0  0 ] (0.00016642)
[  1  0  0  0  1  1  1  0  1 ] (0.00218850)
[  1  0  0  0  1  1  1  1  0 ] (0.00013672)
[  1  0  0  0  1  1  2  0  0 ] (0.00260535)
[  1  0  0  0  1  2  0  0  0 ] (0.00043765)
[  1  0  0  0  1  2  0  0  1 ] (0.00000704)
[  1  0  0  0  1  2  0  1  0 ] (0.00240918)
[  1  0  0  0  1  2  1  0  0 ] (0.00323829)
[  1  0  0  0  1  3  0  0  0 ] (0.00045564)
[  1  0  0  0  2  0  0  0  0 ] (0.00001021)
[  1  0  0  0  2  0  0  0  1 ] (0.00022455)
[  1  0  0  0  2  0  0  0  2 ] (0.00756537)
[  1  0  0  0  2  0  0  1  0 ] (0.00007683)
[  1  0  0  0  2  0  0  1  1 ] (0.00000001)
[  1  0  0  0  2  0  0  2  0 ] (0.00037859)
[  1  0  0  0  2  0  1  0  0 ] (0.00007748)
[  1  0  0  0  2  0  1  0  1 ] (0.00432561)
[  1  0  0  0  2  0  1  1  0 ] (0.00045937)
[  1  0  0  0  2  0  2  0  0 ] (0.00040357)
[  1  0  0  0  2  1  0  0  0 ] (0.00036328)
[  1  0  0  0  2  1  0  0  1 ] (0.00700743)
[  1  0  0  0  2  1  0  1  0 ] (0.00093005)
[  1  0  0  0  2  1  1  0  0 ] (0.00000489)
[  1  0  0  0  2  2  0  0  0 ] (0.00027209)
[  1  0  0  0  3  0  0  0  0 ] (0.00000699)
[  1  0  0  0  3  0  0  0  1 ] (0.00029780)
[  1  0  0  0  3  0  0  1  0 ] (0.00027174)
[  1  0  0  0  3  0  1  0  0 ] (0.00002533)
[  1  0  0  0  3  1  0  0  0 ] (0.00003650)
[  1  0  0  0  4  0  0  0  0 ] (0.00001506)
[  1  0  0  1  0  0  0  0  0 ] (0.00010582)
[  1  0  0  1  0  0  0  0  1 ] (0.00002525)
[  1  0  0  1  0  0  0  0  2 ] (0.00024817)
[  1  0  0  1  0  0  0  0  3 ] (0.00279114)
[  1  0  0  1  0  0  0  1  0 ] (0.00000024)
[  1  0  0  1  0  0  0  1  1 ] (0.00000207)
[  1  0  0  1  0  0  0  1  2 ] (0.00003485)
[  1  0  0  1  0  0  0  2  0 ] (0.00279711)
[  1  0  0  1  0  0  0  2  1 ] (0.03831467)
[  1  0  0  1  0  0  0  3  0 ] (0.00014801)
[  1  0  0  1  0  0  1  0  0 ] (0.00011032)
[  1  0  0  1  0  0  1  0  1 ] (0.00074247)
[  1  0  0  1  0  0  1  0  2 ] (0.00109653)
[  1  0  0  1  0  0  1  1  0 ] (0.00001252)
[  1  0  0  1  0  0  1  1  1 ] (0.00014210)
[  1  0  0  1  0  0  1  2  0 ] (0.00050869)
[  1  0  0  1  0  0  2  0  0 ] (0.00007346)
[  1  0  0  1  0  0  2  0  1 ] (0.00119393)
[  1  0  0  1  0  0  2  1  0 ] (0.02035652)
[  1  0  0  1  0  0  3  0  0 ] (0.00000126)
[  1  0  0  1  0  1  0  0  0 ] (0.00003743)
[  1  0  0  1  0  1  0  0  1 ] (0.00016808)
[  1  0  0  1  0  1  0  0  2 ] (0.00374264)
[  1  0  0  1  0  1  0  1  0 ] (0.00000835)
[  1  0  0  1  0  1  0  1  1 ] (0.00444457)
[  1  0  0  1  0  1  0  2  0 ] (0.00219643)
[  1  0  0  1  0  1  1  0  0 ] (0.00009338)
[  1  0  0  1  0  1  1  0  1 ] (0.00034506)
[  1  0  0  1  0  1  1  1  0 ] (0.00061209)
[  1  0  0  1  0  1  2  0  0 ] (0.00061397)
[  1  0  0  1  0  2  0  0  0 ] (0.00018990)
[  1  0  0  1  0  2  0  0  1 ] (0.00000829)
[  1  0  0  1  0  2  0  1  0 ] (0.00031683)
[  1  0  0  1  0  2  1  0  0 ] (0.00189670)
[  1  0  0  1  0  3  0  0  0 ] (0.00002772)
[  1  0  0  1  1  0  0  0  0 ] (0.00000010)
[  1  0  0  1  1  0  0  0  1 ] (0.00045355)
[  1  0  0  1  1  0  0  0  2 ] (0.00000086)
[  1  0  0  1  1  0  0  1  0 ] (0.00002689)
[  1  0  0  1  1  0  0  1  1 ] (0.00039886)
[  1  0  0  1  1  0  0  2  0 ] (0.00170502)
[  1  0  0  1  1  0  1  0  0 ] (0.00000864)
[  1  0  0  1  1  0  1  0  1 ] (0.00013502)
[  1  0  0  1  1  0  1  1  0 ] (0.00007388)
[  1  0  0  1  1  0  2  0  0 ] (0.00000063)
[  1  0  0  1  1  1  0  0  0 ] (0.00027658)
[  1  0  0  1  1  1  0  0  1 ] (0.00006887)
[  1  0  0  1  1  1  0  1  0 ] (0.00761133)
[  1  0  0  1  1  1  1  0  0 ] (0.01295224)
[  1  0  0  1  1  2  0  0  0 ] (0.00668833)
[  1  0  0  1  2  0  0  0  0 ] (0.00020099)
[  1  0  0  1  2  0  0  0  1 ] (0.00356120)
[  1  0  0  1  2  0  0  1  0 ] (0.00051632)
[  1  0  0  1  2  0  1  0  0 ] (0.00019392)
[  1  0  0  1  2  1  0  0  0 ] (0.00032461)
[  1  0  0  1  3  0  0  0  0 ] (0.00003296)
[  1  0  0  2  0  0  0  0  0 ] (0.00001204)
[  1  0  0  2  0  0  0  0  1 ] (0.00199361)
[  1  0  0  2  0  0  0  0  2 ] (0.00179254)
[  1  0  0  2  0  0  0  1  0 ] (0.00000027)
[  1  0  0  2  0  0  0  1  1 ] (0.02033810)
[  1  0  0  2  0  0  0  2  0 ] (0.00173163)
[  1  0  0  2  0  0  1  0  0 ] (0.00020052)
[  1  0  0  2  0  0  1  0  1 ] (0.00236922)
[  1  0  0  2  0  0  1  1  0 ] (0.00167010)
[  1  0  0  2  0  0  2  0  0 ] (0.00116821)
[  1  0  0  2  0  1  0  0  0 ] (0.00064654)
[  1  0  0  2  0  1  0  0  1 ] (0.00055260)
[  1  0  0  2  0  1  0  1  0 ] (0.00370710)
[  1  0  0  2  0  1  1  0  0 ] (0.00018832)
[  1  0  0  2  0  2  0  0  0 ] (0.00053683)
[  1  0  0  2  1  0  0  0  0 ] (0.00001212)
[  1  0  0  2  1  0  0  0  1 ] (0.00643367)
[  1  0  0  2  1  0  0  1  0 ] (0.00111917)
[  1  0  0  2  1  0  1  0  0 ] (0.00671333)
[  1  0  0  2  1  1  0  0  0 ] (0.00127417)
[  1  0  0  2  2  0  0  0  0 ] (0.00188550)
[  1  0  0  3  0  0  0  0  0 ] (0.00002771)
[  1  0  0  3  0  0  0  0  1 ] (0.00025765)
[  1  0  0  3  0  0  0  1  0 ] (0.00000108)
[  1  0  0  3  0  0  1  0  0 ] (0.00000003)
[  1  0  0  3  0  1  0  0  0 ] (0.00018456)
[  1  0  0  3  1  0  0  0  0 ] (0.00002035)
[  1  0  0  4  0  0  0  0  0 ] (0.00001269)
[  1  0  1  0  0  0  0  0  0 ] (0.00000082)
[  1  0  1  0  0  0  0  0  1 ] (0.00000046)
[  1  0  1  0  0  0  0  0  2 ] (0.00000062)
[  1  0  1  0  0  0  0  0  3 ] (0.00000113)
[  1  0  1  0  0  0  0  1  0 ] (0.00000001)
[  1  0  1  0  0  0  0  1  1 ] (0.00000279)
[  1  0  1  0  0  0  0  1  2 ] (0.00000239)
[  1  0  1  0  0  0  0  2  0 ] (0.00000317)
[  1  0  1  0  0  0  0  2  1 ] (0.00001118)
[  1  0  1  0  0  0  0  3  0 ] (0.00000021)
[  1  0  1  0  0  0  1  0  0 ] (0.00000002)
[  1  0  1  0  0  0  1  0  1 ] (0.00000025)
[  1  0  1  0  0  0  1  0  2 ] (0.00000454)
[  1  0  1  0  0  0  1  1  0 ] (0.00000003)
[  1  0  1  0  0  0  1  1  1 ] (0.00000241)
[  1  0  1  0  0  0  1  2  0 ] (0.00000053)
[  1  0  1  0  0  0  2  0  0 ] (0.00000000)
[  1  0  1  0  0  0  2  0  1 ] (0.00000005)
[  1  0  1  0  0  0  2  1  0 ] (0.00000110)
[  1  0  1  0  0  0  3  0  0 ] (0.00000022)
[  1  0  1  0  0  1  0  0  0 ] (0.00000284)
[  1  0  1  0  0  1  0  0  1 ] (0.00000336)
[  1  0  1  0  0  1  0  0  2 ] (0.00000080)
[  1  0  1  0  0  1  0  1  0 ] (0.00000012)
[  1  0  1  0  0  1  0  1  1 ] (0.00000005)
[  1  0  1  0  0  1  0  2  0 ] (0.00000018)
[  1  0  1  0  0  1  1  0  0 ] (0.00000004)
[  1  0  1  0  0  1  1  0  1 ] (0.00000151)
[  1  0  1  0  0  1  1  1  0 ] (0.00003518)
[  1  0  1  0  0  1  2  0  0 ] (0.00000815)
[  1  0  1  0  0  2  0  0  0 ] (0.00000620)
[  1  0  1  0  0  2  0  0  1 ] (0.00002473)
[  1  0  1  0  0  2  0  1  0 ] (0.00000066)
[  1  0  1  0  0  2  1  0  0 ] (0.00000051)
[  1  0  1  0  0  3  0  0  0 ] (0.00000146)
[  1  0  1  0  1  0  0  0  0 ] (0.00000000)
[  1  0  1  0  1  0  0  0  1 ] (0.00000006)
[  1  0  1  0  1  0  0  0  2 ] (0.00001043)
[  1  0  1  0  1  0  0  1  0 ] (0.00000006)
[  1  0  1  0  1  0  0  1  1 ] (0.00000178)
[  1  0  1  0  1  0  0  2  0 ] (0.00000410)
[  1  0  1  0  1  0  1  0  0 ] (0.00000508)
[  1  0  1  0  1  0  1  0  1 ] (0.00004493)
[  1  0  1  0  1  0  1  1  0 ] (0.00003319)
[  1  0  1  0  1  0  2  0  0 ] (0.00001370)
[  1  0  1  0  1  1  0  0  0 ] (0.00000001)
[  1  0  1  0  1  1  0  0  1 ] (0.00000307)
[  1  0  1  0  1  1  0  1  0 ] (0.00000397)
[  1  0  1  0  1  1  1  0  0 ] (0.00001844)
[  1  0  1  0  1  2  0  0  0 ] (0.00000014)
[  1  0  1  0  2  0  0  0  0 ] (0.00000010)
[  1  0  1  0  2  0  0  0  1 ] (0.00000166)
[  1  0  1  0  2  0  0  1  0 ] (0.00000076)
[  1  0  1  0  2  0  1  0  0 ] (0.00000023)
[  1  0  1  0  2  1  0  0  0 ] (0.00000039)
[  1  0  1  0  3  0  0  0  0 ] (0.00000001)
[  1  0  1  1  0  0  0  0  0 ] (0.00000016)
[  1  0  1  1  0  0  0  0  1 ] (0.00000022)
[  1  0  1  1  0  0  0  0  2 ] (0.00000000)
[  1  0  1  1  0  0  0  1  0 ] (0.00000007)
[  1  0  1  1  0  0  0  1  1 ] (0.00000066)
[  1  0  1  1  0  0  0  2  0 ] (0.00000029)
[  1  0  1  1  0  0  1  0  0 ] (0.00000236)
[  1  0  1  1  0  0  1  0  1 ] (0.00000584)
[  1  0  1  1  0  0  1  1  0 ] (0.00000065)
[  1  0  1  1  0  0  2  0  0 ] (0.00000764)
[  1  0  1  1  0  1  0  0  0 ] (0.00000009)
[  1  0  1  1  0  1  0  0  1 ] (0.00001253)
[  1  0  1  1  0  1  0  1  0 ] (0.00002407)
[  1  0  1  1  0  1  1  0  0 ] (0.00000599)
[  1  0  1  1  0  2  0  0  0 ] (0.00000002)
[  1  0  1  1  1  0  0  0  0 ] (0.00000051)
[  1  0  1  1  1  0  0  0  1 ] (0.00000085)
[  1  0  1  1  1  0  0  1  0 ] (0.00000280)
[  1  0  1  1  1  0  1  0  0 ] (0.00000015)
[  1  0  1  1  1  1  0  0  0 ] (0.00000002)
[  1  0  1  1  2  0  0  0  0 ] (0.00000009)
[  1  0  1  2  0  0  0  0  0 ] (0.00000002)
[  1  0  1  2  0  0  0  0  1 ] (0.00000466)
[  1  0  1  2  0  0  0  1  0 ] (0.00000563)
[  1  0  1  2  0  0  1  0  0 ] (0.00000006)
[  1  0  1  2  0  1  0  0  0 ] (0.00000034)
[  1  0  1  2  1  0  0  0  0 ] (0.00000004)
[  1  0  1  3  0  0  0  0  0 ] (0.00000002)
[  1  0  2  0  0  0  0  0  0 ] (0.00001265)
[  1  0  2  0  0  0  0  0  1 ] (0.00003176)
[  1  0  2  0  0  0  0  0  2 ] (0.00000004)
[  1  0  2  0  0  0  0  1  0 ] (0.00014725)
[  1  0  2  0  0  0  0  1  1 ] (0.00339686)
[  1  0  2  0  0  0  0  2  0 ] (0.00000556)
[  1  0  2  0  0  0  1  0  0 ] (0.00025295)
[  1  0  2  0  0  0  1  0  1 ] (0.00329878)
[  1  0  2  0  0  0  1  1  0 ] (0.00025343)
[  1  0  2  0  0  0  2  0  0 ] (0.00005762)
[  1  0  2  0  0  1  0  0  0 ] (0.00000067)
[  1  0  2  0  0  1  0  0  1 ] (0.00112807)
[  1  0  2  0  0  1  0  1  0 ] (0.00002931)
[  1  0  2  0  0  1  1  0  0 ] (0.00637195)
[  1  0  2  0  0  2  0  0  0 ] (0.00008279)
[  1  0  2  0  1  0  0  0  0 ] (0.00205785)
[  1  0  2  0  1  0  0  0  1 ] (0.00618747)
[  1  0  2  0  1  0  0  1  0 ] (0.00113060)
[  1  0  2  0  1  0  1  0  0 ] (0.00030357)
[  1  0  2  0  1  1  0  0  0 ] (0.00268829)
[  1  0  2  0  2  0  0  0  0 ] (0.00000091)
[  1  0  2  1  0  0  0  0  0 ] (0.00082474)
[  1  0  2  1  0  0  0  0  1 ] (0.00437775)
[  1  0  2  1  0  0  0  1  0 ] (0.00005413)
[  1  0  2  1  0  0  1  0  0 ] (0.00023638)
[  1  0  2  1  0  1  0  0  0 ] (0.00072152)
[  1  0  2  1  1  0  0  0  0 ] (0.00002631)
[  1  0  2  2  0  0  0  0  0 ] (0.00006906)
[  1  0  3  0  0  0  0  0  0 ] (0.00010616)
[  1  0  3  0  0  0  0  0  1 ] (0.00044595)
[  1  0  3  0  0  0  0  1  0 ] (0.00000810)
[  1  0  3  0  0  0  1  0  0 ] (0.00000189)
[  1  0  3  0  0  1  0  0  0 ] (0.00000455)
[  1  0  3  0  1  0  0  0  0 ] (0.00006623)
[  1  0  3  1  0  0  0  0  0 ] (0.00000173)
[  1  0  4  0  0  0  0  0  0 ] (0.00000120)
[  1  1  0  0  0  0  0  0  0 ] (0.00000102)
[  1  1  0  0  0  0  0  0  1 ] (0.00000021)
[  1  1  0  0  0  0  0  0  2 ] (0.00000043)
[  1  1  0  0  0  0  0  0  3 ] (0.00000088)
[  1  1  0  0  0  0  0  1  0 ] (0.00000017)
[  1  1  0  0  0  0  0  1  1 ] (0.00000032)
[  1  1  0  0  0  0  0  1  2 ] (0.00000710)
[  1  1  0  0  0  0  0  2  0 ] (0.00000059)
[  1  1  0  0  0  0  0  2  1 ] (0.00000302)
[  1  1  0  0  0  0  0  3  0 ] (0.00000047)
[  1  1  0  0  0  0  1  0  0 ] (0.00000061)
[  1  1  0  0  0  0  1  0  1 ] (0.00000134)
[  1  1  0  0  0  0  1  0  2 ] (0.00000016)
[  1  1  0  0  0  0  1  1  0 ] (0.00000017)
[  1  1  0  0  0  0  1  1  1 ] (0.00000303)
[  1  1  0  0  0  0  1  2  0 ] (0.00000076)
[  1  1  0  0  0  0  2  0  0 ] (0.00000117)
[  1  1  0  0  0  0  2  0  1 ] (0.00000261)
[  1  1  0  0  0  0  2  1  0 ] (0.00000318)
[  1  1  0  0  0  0  3  0  0 ] (0.00000000)
[  1  1  0  0  0  1  0  0  0 ] (0.00000014)
[  1  1  0  0  0  1  0  0  1 ] (0.00000296)
[  1  1  0  0  0  1  0  0  2 ] (0.00000677)
[  1  1  0  0  0  1  0  1  0 ] (0.00000234)
[  1  1  0  0  0  1  0  1  1 ] (0.00001518)
[  1  1  0  0  0  1  0  2  0 ] (0.00000002)
[  1  1  0  0  0  1  1  0  0 ] (0.00000074)
[  1  1  0  0  0  1  1  0  1 ] (0.00000226)
[  1  1  0  0  0  1  1  1  0 ] (0.00000083)
[  1  1  0  0  0  1  2  0  0 ] (0.00000337)
[  1  1  0  0  0  2  0  0  0 ] (0.00001241)
[  1  1  0  0  0  2  0  0  1 ] (0.00003830)
[  1  1  0  0  0  2  0  1  0 ] (0.00000035)
[  1  1  0  0  0  2  1  0  0 ] (0.00000532)
[  1  1  0  0  0  3  0  0  0 ] (0.00000202)
[  1  1  0  0  1  0  0  0  0 ] (0.00000105)
[  1  1  0  0  1  0  0  0  1 ] (0.00001112)
[  1  1  0  0  1  0  0  0  2 ] (0.00004041)
[  1  1  0  0  1  0  0  1  0 ] (0.00000016)
[  1  1  0  0  1  0  0  1  1 ] (0.00000707)
[  1  1  0  0  1  0  0  2  0 ] (0.00000037)
[  1  1  0  0  1  0  1  0  0 ] (0.00001069)
[  1  1  0  0  1  0  1  0  1 ] (0.00005216)
[  1  1  0  0  1  0  1  1  0 ] (0.00000576)
[  1  1  0  0  1  0  2  0  0 ] (0.00000013)
[  1  1  0  0  1  1  0  0  0 ] (0.00000013)
[  1  1  0  0  1  1  0  0  1 ] (0.00000059)
[  1  1  0  0  1  1  0  1  0 ] (0.00000921)
[  1  1  0  0  1  1  1  0  0 ] (0.00000376)
[  1  1  0  0  1  2  0  0  0 ] (0.00000037)
[  1  1  0  0  2  0  0  0  0 ] (0.00000101)
[  1  1  0  0  2  0  0  0  1 ] (0.00000289)
[  1  1  0  0  2  0  0  1  0 ] (0.00000045)
[  1  1  0  0  2  0  1  0  0 ] (0.00000048)
[  1  1  0  0  2  1  0  0  0 ] (0.00000161)
[  1  1  0  0  3  0  0  0  0 ] (0.00000002)
[  1  1  0  1  0  0  0  0  0 ] (0.00000002)
[  1  1  0  1  0  0  0  0  1 ] (0.00000004)
[  1  1  0  1  0  0  0  0  2 ] (0.00000244)
[  1  1  0  1  0  0  0  1  0 ] (0.00000002)
[  1  1  0  1  0  0  0  1  1 ] (0.00000011)
[  1  1  0  1  0  0  0  2  0 ] (0.00000010)
[  1  1  0  1  0  0  1  0  0 ] (0.00000180)
[  1  1  0  1  0  0  1  0  1 ] (0.00001352)
[  1  1  0  1  0  0  1  1  0 ] (0.00000180)
[  1  1  0  1  0  0  2  0  0 ] (0.00000058)
[  1  1  0  1  0  1  0  0  0 ] (0.00000284)
[  1  1  0  1  0  1  0  0  1 ] (0.00000375)
[  1  1  0  1  0  1  0  1  0 ] (0.00000105)
[  1  1  0  1  0  1  1  0  0 ] (0.00000485)
[  1  1  0  1  0  2  0  0  0 ] (0.00000273)
[  1  1  0  1  1  0  0  0  0 ] (0.00000242)
[  1  1  0  1  1  0  0  0  1 ] (0.00002562)
[  1  1  0  1  1  0  0  1  0 ] (0.00000098)
[  1  1  0  1  1  0  1  0  0 ] (0.00000078)
[  1  1  0  1  1  1  0  0  0 ] (0.00000388)
[  1  1  0  1  2  0  0  0  0 ] (0.00000156)
[  1  1  0  2  0  0  0  0  0 ] (0.00000000)
[  1  1  0  2  0  0  0  0  1 ] (0.00000062)
[  1  1  0  2  0  0  0  1  0 ] (0.00000335)
[  1  1  0  2  0  0  1  0  0 ] (0.00000240)
[  1  1  0  2  0  1  0  0  0 ] (0.00000000)
[  1  1  0  2  1  0  0  0  0 ] (0.00000080)
[  1  1  0  3  0  0  0  0  0 ] (0.00000002)
[  1  1  1  0  0  0  0  0  0 ] (0.00003251)
[  1  1  1  0  0  0  0  0  1 ] (0.00019495)
[  1  1  1  0  0  0  0  0  2 ] (0.00004940)
[  1  1  1  0  0  0  0  1  0 ] (0.00052085)
[  1  1  1  0  0  0  0  1  1 ] (0.00376934)
[  1  1  1  0  0  0  0  2  0 ] (0.00040080)
[  1  1  1  0  0  0  1  0  0 ] (0.00000425)
[  1  1  1  0  0  0  1  0  1 ] (0.00062716)
[  1  1  1  0  0  0  1  1  0 ] (0.00033637)
[  1  1  1  0  0  0  2  0  0 ] (0.00000787)
[  1  1  1  0  0  1  0  0  0 ] (0.00015858)
[  1  1  1  0  0  1  0  0  1 ] (0.00007683)
[  1  1  1  0  0  1  0  1  0 ] (0.00117572)
[  1  1  1  0  0  1  1  0  0 ] (0.00284526)
[  1  1  1  0  0  2  0  0  0 ] (0.00019585)
[  1  1  1  0  1  0  0  0  0 ] (0.00051529)
[  1  1  1  0  1  0  0  0  1 ] (0.00083887)
[  1  1  1  0  1  0  0  1  0 ] (0.00070795)
[  1  1  1  0  1  0  1  0  0 ] (0.00103993)
[  1  1  1  0  1  1  0  0  0 ] (0.00252507)
[  1  1  1  0  2  0  0  0  0 ] (0.00002986)
[  1  1  1  1  0  0  0  0  0 ] (0.00077333)
[  1  1  1  1  0  0  0  0  1 ] (0.00413640)
[  1  1  1  1  0  0  0  1  0 ] (0.00044904)
[  1  1  1  1  0  0  1  0  0 ] (0.00034302)
[  1  1  1  1  0  1  0  0  0 ] (0.00003675)
[  1  1  1  1  1  0  0  0  0 ] (0.00005565)
[  1  1  1  2  0  0  0  0  0 ] (0.00000994)
[  1  1  2  0  0  0  0  0  0 ] (0.00001061)
[  1  1  2  0  0  0  0  0  1 ] (0.00001712)
[  1  1  2  0  0  0  0  1  0 ] (0.00000084)
[  1  1  2  0  0  0  1  0  0 ] (0.00000512)
[  1  1  2  0  0  1  0  0  0 ] (0.00000054)
[  1  1  2  0  1  0  0  0  0 ] (0.00000023)
[  1  1  2  1  0  0  0  0  0 ] (0.00000000)
[  1  1  3  0  0  0  0  0  0 ] (0.00000027)
[  1  2  0  0  0  0  0  0  0 ] (0.00001929)
[  1  2  0  0  0  0  0  0  1 ] (0.00012366)
[  1  2  0  0  0  0  0  0  2 ] (0.00043066)
[  1  2  0  0  0  0  0  1  0 ] (0.00030352)
[  1  2  0  0  0  0  0  1  1 ] (0.00063878)
[  1  2  0  0  0  0  0  2  0 ] (0.00001436)
[  1  2  0  0  0  0  1  0  0 ] (0.00064633)
[  1  2  0  0  0  0  1  0  1 ] (0.00305365)
[  1  2  0  0  0  0  1  1  0 ] (0.00090770)
[  1  2  0  0  0  0  2  0  0 ] (0.00088823)
[  1  2  0  0  0  1  0  0  0 ] (0.00027130)
[  1  2  0  0  0  1  0  0  1 ] (0.00040515)
[  1  2  0  0  0  1  0  1  0 ] (0.00000490)
[  1  2  0  0  0  1  1  0  0 ] (0.00085395)
[  1  2  0  0  0  2  0  0  0 ] (0.00005349)
[  1  2  0  0  1  0  0  0  0 ] (0.00002410)
[  1  2  0  0  1  0  0  0  1 ] (0.00007786)
[  1  2  0  0  1  0  0  1  0 ] (0.00057193)
[  1  2  0  0  1  0  1  0  0 ] (0.00000014)
[  1  2  0  0  1  1  0  0  0 ] (0.00050146)
[  1  2  0  0  2  0  0  0  0 ] (0.00019916)
[  1  2  0  1  0  0  0  0  0 ] (0.00043844)
[  1  2  0  1  0  0  0  0  1 ] (0.00237914)
[  1  2  0  1  0  0  0  1  0 ] (0.00053185)
[  1  2  0  1  0  0  1  0  0 ] (0.00056205)
[  1  2  0  1  0  1  0  0  0 ] (0.00025569)
[  1  2  0  1  1  0  0  0  0 ] (0.00000934)
[  1  2  0  2  0  0  0  0  0 ] (0.00032619)
[  1  2  1  0  0  0  0  0  0 ] (0.00000091)
[  1  2  1  0  0  0  0  0  1 ] (0.00000089)
[  1  2  1  0  0  0  0  1  0 ] (0.00000005)
[  1  2  1  0  0  0  1  0  0 ] (0.00000060)
[  1  2  1  0  0  1  0  0  0 ] (0.00000846)
[  1  2  1  0  1  0  0  0  0 ] (0.00000054)
[  1  2  1  1  0  0  0  0  0 ] (0.00000014)
[  1  2  2  0  0  0  0  0  0 ] (0.00012370)
[  1  3  0  0  0  0  0  0  0 ] (0.00003314)
[  1  3  0  0  0  0  0  0  1 ] (0.00007515)
[  1  3  0  0  0  0  0  1  0 ] (0.00003594)
[  1  3  0  0  0  0  1  0  0 ] (0.00001133)
[  1  3  0  0  0  1  0  0  0 ] (0.00001626)
[  1  3  0  0  1  0  0  0  0 ] (0.00000130)
[  1  3  0  1  0  0  0  0  0 ] (0.00002187)
[  1  3  1  0  0  0  0  0  0 ] (0.00000007)
[  1  4  0  0  0  0  0  0  0 ] (0.00000075)
[  2  0  0  0  0  0  0  0  0 ] (0.00000053)
[  2  0  0  0  0  0  0  0  1 ] (0.00000071)
[  2  0  0  0  0  0  0  0  2 ] (0.00000063)
[  2  0  0  0  0  0  0  0  3 ] (0.00000095)
[  2  0  0  0  0  0  0  1  0 ] (0.00000000)
[  2  0  0  0  0  0  0  1  1 ] (0.00000135)
[  2  0  0  0  0  0  0  1  2 ] (0.00000080)
[  2  0  0  0  0  0  0  2  0 ] (0.00000096)
[  2  0  0  0  0  0  0  2  1 ] (0.00000449)
[  2  0  0  0  0  0  0  3  0 ] (0.00000013)
[  2  0  0  0  0  0  1  0  0 ] (0.00000026)
[  2  0  0  0  0  0  1  0  1 ] (0.00000115)
[  2  0  0  0  0  0  1  0  2 ] (0.00000073)
[  2  0  0  0  0  0  1  1  0 ] (0.00000007)
[  2  0  0  0  0  0  1  1  1 ] (0.00000003)
[  2  0  0  0  0  0  1  2  0 ] (0.00000009)
[  2  0  0  0  0  0  2  0  0 ] (0.00000102)
[  2  0  0  0  0  0  2  0  1 ] (0.00000348)
[  2  0  0  0  0  0  2  1  0 ] (0.00000011)
[  2  0  0  0  0  0  3  0  0 ] (0.00000000)
[  2  0  0  0  0  1  0  0  0 ] (0.00000012)
[  2  0  0  0  0  1  0  0  1 ] (0.00000532)
[  2  0  0  0  0  1  0  0  2 ] (0.00002434)
[  2  0  0  0  0  1  0  1  0 ] (0.00000202)
[  2  0  0  0  0  1  0  1  1 ] (0.00001129)
[  2  0  0  0  0  1  0  2  0 ] (0.00000000)
[  2  0  0  0  0  1  1  0  0 ] (0.00000021)
[  2  0  0  0  0  1  1  0  1 ] (0.00000240)
[  2  0  0  0  0  1  1  1  0 ] (0.00001052)
[  2  0  0  0  0  1  2  0  0 ] (0.00000000)
[  2  0  0  0  0  2  0  0  0 ] (0.00000108)
[  2  0  0  0  0  2  0  0  1 ] (0.00000384)
[  2  0  0  0  0  2  0  1  0 ] (0.00000003)
[  2  0  0  0  0  2  1  0  0 ] (0.00000124)
[  2  0  0  0  0  3  0  0  0 ] (0.00000140)
[  2  0  0  0  1  0  0  0  0 ] (0.00000015)
[  2  0  0  0  1  0  0  0  1 ] (0.00000043)
[  2  0  0  0  1  0  0  0  2 ] (0.00000003)
[  2  0  0  0  1  0  0  1  0 ] (0.00000001)
[  2  0  0  0  1  0  0  1  1 ] (0.00000237)
[  2  0  0  0  1  0  0  2  0 ] (0.00000069)
[  2  0  0  0  1  0  1  0  0 ] (0.00000130)
[  2  0  0  0  1  0  1  0  1 ] (0.00000296)
[  2  0  0  0  1  0  1  1  0 ] (0.00000351)
[  2  0  0  0  1  0  2  0  0 ] (0.00000157)
[  2  0  0  0  1  1  0  0  0 ] (0.00000011)
[  2  0  0  0  1  1  0  0  1 ] (0.00000949)
[  2  0  0  0  1  1  0  1  0 ] (0.00000491)
[  2  0  0  0  1  1  1  0  0 ] (0.00000009)
[  2  0  0  0  1  2  0  0  0 ] (0.00000000)
[  2  0  0  0  2  0  0  0  0 ] (0.00000015)
[  2  0  0  0  2  0  0  0  1 ] (0.00000003)
[  2  0  0  0  2  0  0  1  0 ] (0.00000016)
[  2  0  0  0  2  0  1  0  0 ] (0.00000036)
[  2  0  0  0  2  1  0  0  0 ] (0.00000223)
[  2  0  0  0  3  0  0  0  0 ] (0.00000002)
[  2  0  0  1  0  0  0  0  0 ] (0.00000021)
[  2  0  0  1  0  0  0  0  1 ] (0.00000082)
[  2  0  0  1  0  0  0  0  2 ] (0.00000147)
[  2  0  0  1  0  0  0  1  0 ] (0.00000024)
[  2  0  0  1  0  0  0  1  1 ] (0.00000294)
[  2  0  0  1  0  0  0  2  0 ] (0.00000017)
[  2  0  0  1  0  0  1  0  0 ] (0.00000027)
[  2  0  0  1  0  0  1  0  1 ] (0.00000009)
[  2  0  0  1  0  0  1  1  0 ] (0.00000358)
[  2  0  0  1  0  0  2  0  0 ] (0.00000155)
[  2  0  0  1  0  1  0  0  0 ] (0.00000044)
[  2  0  0  1  0  1  0  0  1 ] (0.00000016)
[  2  0  0  1  0  1  0  1  0 ] (0.00000966)
[  2  0  0  1  0  1  1  0  0 ] (0.00000501)
[  2  0  0  1  0  2  0  0  0 ] (0.00000118)
[  2  0  0  1  1  0  0  0  0 ] (0.00000010)
[  2  0  0  1  1  0  0  0  1 ] (0.00000325)
[  2  0  0  1  1  0  0  1  0 ] (0.00000144)
[  2  0  0  1  1  0  1  0  0 ] (0.00000063)
[  2  0  0  1  1  1  0  0  0 ] (0.00000030)
[  2  0  0  1  2  0  0  0  0 ] (0.00000048)
[  2  0  0  2  0  0  0  0  0 ] (0.00000000)
[  2  0  0  2  0  0  0  0  1 ] (0.00000052)
[  2  0  0  2  0  0  0  1  0 ] (0.00000068)
[  2  0  0  2  0  0  1  0  0 ] (0.00000009)
[  2  0  0  2  0  1  0  0  0 ] (0.00000002)
[  2  0  0  2  1  0  0  0  0 ] (0.00000053)
[  2  0  0  3  0  0  0  0  0 ] (0.00000000)
[  2  0  1  0  0  0  0  0  0 ] (0.00006204)
[  2  0  1  0  0  0  0  0  1 ] (0.00031848)
[  2  0  1  0  0  0  0  0  2 ] (0.00000123)
[  2  0  1  0  0  0  0  1  0 ] (0.00041281)
[  2  0  1  0  0  0  0  1  1 ] (0.00410539)
[  2  0  1  0  0  0  0  2  0 ] (0.00021947)
[  2  0  1  0  0  0  1  0  0 ] (0.00061852)
[  2  0  1  0  0  0  1  0  1 ] (0.00526762)
[  2  0  1  0  0  0  1  1  0 ] (0.00128791)
[  2  0  1  0  0  0  2  0  0 ] (0.00005737)
[  2  0  1  0  0  1  0  0  0 ] (0.00001527)
[  2  0  1  0  0  1  0  0  1 ] (0.00117802)
[  2  0  1  0  0  1  0  1  0 ] (0.00034210)
[  2  0  1  0  0  1  1  0  0 ] (0.00504594)
[  2  0  1  0  0  2  0  0  0 ] (0.00024995)
[  2  0  1  0  1  0  0  0  0 ] (0.00086088)
[  2  0  1  0  1  0  0  0  1 ] (0.00243696)
[  2  0  1  0  1  0  0  1  0 ] (0.00131907)
[  2  0  1  0  1  0  1  0  0 ] (0.00013797)
[  2  0  1  0  1  1  0  0  0 ] (0.00277750)
[  2  0  1  0  2  0  0  0  0 ] (0.00001524)
[  2  0  1  1  0  0  0  0  0 ] (0.00196459)
[  2  0  1  1  0  0  0  0  1 ] (0.00886550)
[  2  0  1  1  0  0  0  1  0 ] (0.00044423)
[  2  0  1  1  0  0  1  0  0 ] (0.00087969)
[  2  0  1  1  0  1  0  0  0 ] (0.00028511)
[  2  0  1  1  1  0  0  0  0 ] (0.00000553)
[  2  0  1  2  0  0  0  0  0 ] (0.00043557)
[  2  0  2  0  0  0  0  0  0 ] (0.00000527)
[  2  0  2  0  0  0  0  0  1 ] (0.00000666)
[  2  0  2  0  0  0  0  1  0 ] (0.00000032)
[  2  0  2  0  0  0  1  0  0 ] (0.00000187)
[  2  0  2  0  0  1  0  0  0 ] (0.00000097)
[  2  0  2  0  1  0  0  0  0 ] (0.00000097)
[  2  0  2  1  0  0  0  0  0 ] (0.00000012)
[  2  0  3  0  0  0  0  0  0 ] (0.00000036)
[  2  1  0  0  0  0  0  0  0 ] (0.00000091)
[  2  1  0  0  0  0  0  0  1 ] (0.00000640)
[  2  1  0  0  0  0  0  0  2 ] (0.00000023)
[  2  1  0  0  0  0  0  1  0 ] (0.00019871)
[  2  1  0  0  0  0  0  1  1 ] (0.00014598)
[  2  1  0  0  0  0  0  2  0 ] (0.00000011)
[  2  1  0  0  0  0  1  0  0 ] (0.00010711)
[  2  1  0  0  0  0  1  0  1 ] (0.00068281)
[  2  1  0  0  0  0  1  1  0 ] (0.00037619)
[  2  1  0  0  0  0  2  0  0 ] (0.00024909)
[  2  1  0  0  0  1  0  0  0 ] (0.00068871)
[  2  1  0  0  0  1  0  0  1 ] (0.00077281)
[  2  1  0  0  0  1  0  1  0 ] (0.00000001)
[  2  1  0  0  0  1  1  0  0 ] (0.00122368)
[  2  1  0  0  0  2  0  0  0 ] (0.00001137)
[  2  1  0  0  1  0  0  0  0 ] (0.00004328)
[  2  1  0  0  1  0  0  0  1 ] (0.00002648)
[  2  1  0  0  1  0  0  1  0 ] (0.00112814)
[  2  1  0  0  1  0  1  0  0 ] (0.00000503)
[  2  1  0  0  1  1  0  0  0 ] (0.00101789)
[  2  1  0  0  2  0  0  0  0 ] (0.00015981)
[  2  1  0  1  0  0  0  0  0 ] (0.00011250)
[  2  1  0  1  0  0  0  0  1 ] (0.00067452)
[  2  1  0  1  0  0  0  1  0 ] (0.00013867)
[  2  1  0  1  0  0  1  0  0 ] (0.00000046)
[  2  1  0  1  0  1  0  0  0 ] (0.00002668)
[  2  1  0  1  1  0  0  0  0 ] (0.00014464)
[  2  1  0  2  0  0  0  0  0 ] (0.00000847)
[  2  1  1  0  0  0  0  0  0 ] (0.00000542)
[  2  1  1  0  0  0  0  0  1 ] (0.00000941)
[  2  1  1  0  0  0  0  1  0 ] (0.00000012)
[  2  1  1  0  0  0  1  0  0 ] (0.00000220)
[  2  1  1  0  0  1  0  0  0 ] (0.00000705)
[  2  1  1  0  1  0  0  0  0 ] (0.00000026)
[  2  1  1  1  0  0  0  0  0 ] (0.00000018)
[  2  1  2  0  0  0  0  0  0 ] (0.00002251)
[  2  2  0  0  0  0  0  0  0 ] (0.00000156)
[  2  2  0  0  0  0  0  0  1 ] (0.00000325)
[  2  2  0  0  0  0  0  1  0 ] (0.00000047)
[  2  2  0  0  0  0  1  0  0 ] (0.00000114)
[  2  2  0  0  0  1  0  0  0 ] (0.00000008)
[  2  2  0  0  1  0  0  0  0 ] (0.00000129)
[  2  2  0  1  0  0  0  0  0 ] (0.00000006)
[  2  2  1  0  0  0  0  0  0 ] (0.00008360)
[  2  3  0  0  0  0  0  0  0 ] (0.00000001)
[  3  0  0  0  0  0  0  0  0 ] (0.00000011)
[  3  0  0  0  0  0  0  0  1 ] (0.00000005)
[  3  0  0  0  0  0  0  0  2 ] (0.00000001)
[  3  0  0  0  0  0  0  1  0 ] (0.00000005)
[  3  0  0  0  0  0  0  1  1 ] (0.00000023)
[  3  0  0  0  0  0  0  2  0 ] (0.00000000)
[  3  0  0  0  0  0  1  0  0 ] (0.00000002)
[  3  0  0  0  0  0  1  0  1 ] (0.00000004)
[  3  0  0  0  0  0  1  1  0 ] (0.00000001)
[  3  0  0  0  0  0  2  0  0 ] (0.00000000)
[  3  0  0  0  0  1  0  0  0 ] (0.00000009)
[  3  0  0  0  0  1  0  0  1 ] (0.00000019)
[  3  0  0  0  0  1  0  1  0 ] (0.00000007)
[  3  0  0  0  0  1  1  0  0 ] (0.00000000)
[  3  0  0  0  0  2  0  0  0 ] (0.00000000)
[  3  0  0  0  1  0  0  0  0 ] (0.00000017)
[  3  0  0  0  1  0  0  0  1 ] (0.00000058)
[  3  0  0  0  1  0  0  1  0 ] (0.00000001)
[  3  0  0  0  1  0  1  0  0 ] (0.00000006)
[  3  0  0  0  1  1  0  0  0 ] (0.00000001)
[  3  0  0  0  2  0  0  0  0 ] (0.00000009)
[  3  0  0  1  0  0  0  0  0 ] (0.00000000)
[  3  0  0  1  0  0  0  0  1 ] (0.00000001)
[  3  0  0  1  0  0  0  1  0 ] (0.00000002)
[  3  0  0  1  0  0  1  0  0 ] (0.00000005)
[  3  0  0  1  0  1  0  0  0 ] (0.00000000)
[  3  0  0  1  1  0  0  0  0 ] (0.00000001)
[  3  0  0  2  0  0  0  0  0 ] (0.00000001)
[  3  0  1  0  0  0  0  0  0 ] (0.00000176)
[  3  0  1  0  0  0  0  0  1 ] (0.00001795)
[  3  0  1  0  0  0  0  1  0 ] (0.00000952)
[  3  0  1  0  0  0  1  0  0 ] (0.00000036)
[  3  0  1  0  0  1  0  0  0 ] (0.00000395)
[  3  0  1  0  1  0  0  0  0 ] (0.00004892)
[  3  0  1  1  0  0  0  0  0 ] (0.00000869)
[  3  0  2  0  0  0  0  0  0 ] (0.00000043)
[  3  1  0  0  0  0  0  0  0 ] (0.00000176)
[  3  1  0  0  0  0  0  0  1 ] (0.00000248)
[  3  1  0  0  0  0  0  1  0 ] (0.00000477)
[  3  1  0  0  0  0  1  0  0 ] (0.00000021)
[  3  1  0  0  0  1  0  0  0 ] (0.00000000)
[  3  1  0  0  1  0  0  0  0 ] (0.00002822)
[  3  1  0  1  0  0  0  0  0 ] (0.00000148)
[  3  1  1  0  0  0  0  0  0 ] (0.00000051)
[  3  2  0  0  0  0  0  0  0 ] (0.00000019)
[  4  0  0  0  0  0  0  0  0 ] (0.00000002)
[  4  0  0  0  0  0  0  0  1 ] (0.00000291)
[  4  0  0  0  0  0  0  1  0 ] (0.00000051)
[  4  0  0  0  0  0  1  0  0 ] (0.00005517)
[  4  0  0  0  0  1  0  0  0 ] (0.00007463)
[  4  0  0  0  1  0  0  0  0 ] (0.00017366)
[  4  0  0  1  0  0  0  0  0 ] (0.00007298)
[  4  0  1  0  0  0  0  0  0 ] (0.00000333)
[  4  1  0  0  0  0  0  0  0 ] (0.00000227)
[  5  0  0  0  0  0  0  0  0 ] (0.00000058)
