|  -756.142318635229 |   363.491926116777 

[  0  0  0  0  0  0  0  0  0 ] (0.00000361)
[  0  0  0  0  0  0  0  0  1 ] (0.00002264)
[  0  0  0  0  0  0  0  0  2 ] (0.00001036)
[  0  0  0  0  0  0  0  0  3 ] (0.00000230)
[  0  0  0  0  0  0  0  0  4 ] (0.00040888)
[  0  0  0  0  0  0  0  0  5 ] (0.00009348)
[  0  0  0  0  0  0  0  1  0 ] (0.00001368)
[  0  0  0  0  0  0  0  1  1 ] (0.00011331)
[  0  0  0  0  0  0  0  1  2 ] (0.00000163)
[  0  0  0  0  0  0  0  1  3 ] (0.00129987)
[  0  0  0  0  0  0  0  1  4 ] (0.00086947)
[  0  0  0  0  0  0  0  2  0 ] (0.00000017)
[  0  0  0  0  0  0  0  2  1 ] (0.00001311)
[  0  0  0  0  0  0  0  2  2 ] (0.00001315)
[  0  0  0  0  0  0  0  2  3 ] (0.00017684)
[  0  0  0  0  0  0  0  3  0 ] (0.00000387)
[  0  0  0  0  0  0  0  3  1 ] (0.00000026)
[  0  0  0  0  0  0  0  3  2 ] (0.00000015)
[  0  0  0  0  0  0  0  4  0 ] (0.00000168)
[  0  0  0  0  0  0  0  4  1 ] (0.00009008)
[  0  0  0  0  0  0  0  5  0 ] (0.00000147)
[  0  0  0  0  0  0  1  0  0 ] (0.00000799)
[  0  0  0  0  0  0  1  0  1 ] (0.00001825)
[  0  0  0  0  0  0  1  0  2 ] (0.00001712)
[  0  0  0  0  0  0  1  0  3 ] (0.00116057)
[  0  0  0  0  0  0  1  0  4 ] (0.00084639)
[  0  0  0  0  0  0  1  1  0 ] (0.00001142)
[  0  0  0  0  0  0  1  1  1 ] (0.00004954)
[  0  0  0  0  0  0  1  1  2 ] (0.00043345)
[  0  0  0  0  0  0  1  1  3 ] (0.00766966)
[  0  0  0  0  0  0  1  2  0 ] (0.00013567)
[  0  0  0  0  0  0  1  2  1 ] (0.00070309)
[  0  0  0  0  0  0  1  2  2 ] (0.00838723)
[  0  0  0  0  0  0  1  3  0 ] (0.00000016)
[  0  0  0  0  0  0  1  3  1 ] (0.00002996)
[  0  0  0  0  0  0  1  4  0 ] (0.00000998)
[  0  0  0  0  0  0  2  0  0 ] (0.00040373)
[  0  0  0  0  0  0  2  0  1 ] (0.00173660)
[  0  0  0  0  0  0  2  0  2 ] (0.00084236)
[  0  0  0  0  0  0  2  0  3 ] (0.01189594)
[  0  0  0  0  0  0  2  1  0 ] (0.00075228)
[  0  0  0  0  0  0  2  1  1 ] (0.00156247)
[  0  0  0  0  0  0  2  1  2 ] (0.00706598)
[  0  0  0  0  0  0  2  2  0 ] (0.00000487)
[  0  0  0  0  0  0  2  2  1 ] (0.00000215)
[  0  0  0  0  0  0  2  3  0 ] (0.00008083)
[  0  0  0  0  0  0  3  0  0 ] (0.00001678)
[  0  0  0  0  0  0  3  0  1 ] (0.00012916)
[  0  0  0  0  0  0  3  0  2 ] (0.00015689)
[  0  0  0  0  0  0  3  1  0 ] (0.00014174)
[  0  0  0  0  0  0  3  1  1 ] (0.00097459)
[  0  0  0  0  0  0  3  2  0 ] (0.00001669)
[  0  0  0  0  0  0  4  0  0 ] (0.00004350)
[  0  0  0  0  0  0  4  0  1 ] (0.00021494)
[  0  0  0  0  0  0  4  1  0 ] (0.00007064)
[  0  0  0  0  0  0  5  0  0 ] (0.00075327)
[  0  0  0  0  0  1  0  0  0 ] (0.00002457)
[  0  0  0  0  0  1  0  0  1 ] (0.00007532)
[  0  0  0  0  0  1  0  0  2 ] (0.00003079)
[  0  0  0  0  0  1  0  0  3 ] (0.00053856)
[  0  0  0  0  0  1  0  0  4 ] (0.00656272)
[  0  0  0  0  0  1  0  1  0 ] (0.00000196)
[  0  0  0  0  0  1  0  1  1 ] (0.00005641)
[  0  0  0  0  0  1  0  1  2 ] (0.00000310)
[  0  0  0  0  0  1  0  1  3 ] (0.00544021)
[  0  0  0  0  0  1  0  2  0 ] (0.00002925)
[  0  0  0  0  0  1  0  2  1 ] (0.00008107)
[  0  0  0  0  0  1  0  2  2 ] (0.00017396)
[  0  0  0  0  0  1  0  3  0 ] (0.00001043)
[  0  0  0  0  0  1  0  3  1 ] (0.00026586)
[  0  0  0  0  0  1  0  4  0 ] (0.00002145)
[  0  0  0  0  0  1  1  0  0 ] (0.00005210)
[  0  0  0  0  0  1  1  0  1 ] (0.00047671)
[  0  0  0  0  0  1  1  0  2 ] (0.00118823)
[  0  0  0  0  0  1  1  0  3 ] (0.00298608)
[  0  0  0  0  0  1  1  1  0 ] (0.00020803)
[  0  0  0  0  0  1  1  1  1 ] (0.00052642)
[  0  0  0  0  0  1  1  1  2 ] (0.00037244)
[  0  0  0  0  0  1  1  2  0 ] (0.00018064)
[  0  0  0  0  0  1  1  2  1 ] (0.00053013)
[  0  0  0  0  0  1  1  3  0 ] (0.00012362)
[  0  0  0  0  0  1  2  0  0 ] (0.00090948)
[  0  0  0  0  0  1  2  0  1 ] (0.00428848)
[  0  0  0  0  0  1  2  0  2 ] (0.00360555)
[  0  0  0  0  0  1  2  1  0 ] (0.00508539)
[  0  0  0  0  0  1  2  1  1 ] (0.02422684)
[  0  0  0  0  0  1  2  2  0 ] (0.00033857)
[  0  0  0  0  0  1  3  0  0 ] (0.00014816)
[  0  0  0  0  0  1  3  0  1 ] (0.00066347)
[  0  0  0  0  0  1  3  1  0 ] (0.00008483)
[  0  0  0  0  0  1  4  0  0 ] (0.00038056)
[  0  0  0  0  0  2  0  0  0 ] (0.00001243)
[  0  0  0  0  0  2  0  0  1 ] (0.00002762)
[  0  0  0  0  0  2  0  0  2 ] (0.00005227)
[  0  0  0  0  0  2  0  0  3 ] (0.00002539)
[  0  0  0  0  0  2  0  1  0 ] (0.00000050)
[  0  0  0  0  0  2  0  1  1 ] (0.00000953)
[  0  0  0  0  0  2  0  1  2 ] (0.00000035)
[  0  0  0  0  0  2  0  2  0 ] (0.00005442)
[  0  0  0  0  0  2  0  2  1 ] (0.00009728)
[  0  0  0  0  0  2  0  3  0 ] (0.00000021)
[  0  0  0  0  0  2  1  0  0 ] (0.00048255)
[  0  0  0  0  0  2  1  0  1 ] (0.00199617)
[  0  0  0  0  0  2  1  0  2 ] (0.00241422)
[  0  0  0  0  0  2  1  1  0 ] (0.00101831)
[  0  0  0  0  0  2  1  1  1 ] (0.00270567)
[  0  0  0  0  0  2  1  2  0 ] (0.00028632)
[  0  0  0  0  0  2  2  0  0 ] (0.00578960)
[  0  0  0  0  0  2  2  0  1 ] (0.02184778)
[  0  0  0  0  0  2  2  1  0 ] (0.00024213)
[  0  0  0  0  0  2  3  0  0 ] (0.00007871)
[  0  0  0  0  0  3  0  0  0 ] (0.00000155)
[  0  0  0  0  0  3  0  0  1 ] (0.00000251)
[  0  0  0  0  0  3  0  0  2 ] (0.00000578)
[  0  0  0  0  0  3  0  1  0 ] (0.00000909)
[  0  0  0  0  0  3  0  1  1 ] (0.00017332)
[  0  0  0  0  0  3  0  2  0 ] (0.00001844)
[  0  0  0  0  0  3  1  0  0 ] (0.00001226)
[  0  0  0  0  0  3  1  0  1 ] (0.00003953)
[  0  0  0  0  0  3  1  1  0 ] (0.00016113)
[  0  0  0  0  0  3  2  0  0 ] (0.00127226)
[  0  0  0  0  0  4  0  0  0 ] (0.00015975)
[  0  0  0  0  0  4  0  0  1 ] (0.00068283)
[  0  0  0  0  0  4  0  1  0 ] (0.00001693)
[  0  0  0  0  0  4  1  0  0 ] (0.00000905)
[  0  0  0  0  0  5  0  0  0 ] (0.00002406)
[  0  0  0  0  1  0  0  0  0 ] (0.00000105)
[  0  0  0  0  1  0  0  0  1 ] (0.00006862)
[  0  0  0  0  1  0  0  0  2 ] (0.00060808)
[  0  0  0  0  1  0  0  0  3 ] (0.00015848)
[  0  0  0  0  1  0  0  0  4 ] (0.07686945)
[  0  0  0  0  1  0  0  1  0 ] (0.00002769)
[  0  0  0  0  1  0  0  1  1 ] (0.00005321)
[  0  0  0  0  1  0  0  1  2 ] (0.00001603)
[  0  0  0  0  1  0  0  1  3 ] (0.01329631)
[  0  0  0  0  1  0  0  2  0 ] (0.00001350)
[  0  0  0  0  1  0  0  2  1 ] (0.00000147)
[  0  0  0  0  1  0  0  2  2 ] (0.00295116)
[  0  0  0  0  1  0  0  3  0 ] (0.00001376)
[  0  0  0  0  1  0  0  3  1 ] (0.00048353)
[  0  0  0  0  1  0  0  4  0 ] (0.00000002)
[  0  0  0  0  1  0  1  0  0 ] (0.00002982)
[  0  0  0  0  1  0  1  0  1 ] (0.00084629)
[  0  0  0  0  1  0  1  0  2 ] (0.00000068)
[  0  0  0  0  1  0  1  0  3 ] (0.02724190)
[  0  0  0  0  1  0  1  1  0 ] (0.00003972)
[  0  0  0  0  1  0  1  1  1 ] (0.00037267)
[  0  0  0  0  1  0  1  1  2 ] (0.01378244)
[  0  0  0  0  1  0  1  2  0 ] (0.00073824)
[  0  0  0  0  1  0  1  2  1 ] (0.00358290)
[  0  0  0  0  1  0  1  3  0 ] (0.00029183)
[  0  0  0  0  1  0  2  0  0 ] (0.00000678)
[  0  0  0  0  1  0  2  0  1 ] (0.00033865)
[  0  0  0  0  1  0  2  0  2 ] (0.00021117)
[  0  0  0  0  1  0  2  1  0 ] (0.00208590)
[  0  0  0  0  1  0  2  1  1 ] (0.00933031)
[  0  0  0  0  1  0  2  2  0 ] (0.00469247)
[  0  0  0  0  1  0  3  0  0 ] (0.00001620)
[  0  0  0  0  1  0  3  0  1 ] (0.00004772)
[  0  0  0  0  1  0  3  1  0 ] (0.00030379)
[  0  0  0  0  1  0  4  0  0 ] (0.00011597)
[  0  0  0  0  1  1  0  0  0 ] (0.00000206)
[  0  0  0  0  1  1  0  0  1 ] (0.00003279)
[  0  0  0  0  1  1  0  0  2 ] (0.00007039)
[  0  0  0  0  1  1  0  0  3 ] (0.00042216)
[  0  0  0  0  1  1  0  1  0 ] (0.00000671)
[  0  0  0  0  1  1  0  1  1 ] (0.00006082)
[  0  0  0  0  1  1  0  1  2 ] (0.00078110)
[  0  0  0  0  1  1  0  2  0 ] (0.00005712)
[  0  0  0  0  1  1  0  2  1 ] (0.00019563)
[  0  0  0  0  1  1  0  3  0 ] (0.00022220)
[  0  0  0  0  1  1  1  0  0 ] (0.00005863)
[  0  0  0  0  1  1  1  0  1 ] (0.00021587)
[  0  0  0  0  1  1  1  0  2 ] (0.00025070)
[  0  0  0  0  1  1  1  1  0 ] (0.00024149)
[  0  0  0  0  1  1  1  1  1 ] (0.00657727)
[  0  0  0  0  1  1  1  2  0 ] (0.00147638)
[  0  0  0  0  1  1  2  0  0 ] (0.00292362)
[  0  0  0  0  1  1  2  0  1 ] (0.01369160)
[  0  0  0  0  1  1  2  1  0 ] (0.00507183)
[  0  0  0  0  1  1  3  0  0 ] (0.00036981)
[  0  0  0  0  1  2  0  0  0 ] (0.00003116)
[  0  0  0  0  1  2  0  0  1 ] (0.00002502)
[  0  0  0  0  1  2  0  0  2 ] (0.00057755)
[  0  0  0  0  1  2  0  1  0 ] (0.00087985)
[  0  0  0  0  1  2  0  1  1 ] (0.00513288)
[  0  0  0  0  1  2  0  2  0 ] (0.00006534)
[  0  0  0  0  1  2  1  0  0 ] (0.00038985)
[  0  0  0  0  1  2  1  0  1 ] (0.00165368)
[  0  0  0  0  1  2  1  1  0 ] (0.00001788)
[  0  0  0  0  1  2  2  0  0 ] (0.00062349)
[  0  0  0  0  1  3  0  0  0 ] (0.00000808)
[  0  0  0  0  1  3  0  0  1 ] (0.00012542)
[  0  0  0  0  1  3  0  1  0 ] (0.00008103)
[  0  0  0  0  1  3  1  0  0 ] (0.00006760)
[  0  0  0  0  1  4  0  0  0 ] (0.00011143)
[  0  0  0  0  2  0  0  0  0 ] (0.00003190)
[  0  0  0  0  2  0  0  0  1 ] (0.00000052)
[  0  0  0  0  2  0  0  0  2 ] (0.00008516)
[  0  0  0  0  2  0  0  0  3 ] (0.01986970)
[  0  0  0  0  2  0  0  1  0 ] (0.00000135)
[  0  0  0  0  2  0  0  1  1 ] (0.00140381)
[  0  0  0  0  2  0  0  1  2 ] (0.00933090)
[  0  0  0  0  2  0  0  2  0 ] (0.00073514)
[  0  0  0  0  2  0  0  2  1 ] (0.01306594)
[  0  0  0  0  2  0  0  3  0 ] (0.00033930)
[  0  0  0  0  2  0  1  0  0 ] (0.00029209)
[  0  0  0  0  2  0  1  0  1 ] (0.00220534)
[  0  0  0  0  2  0  1  0  2 ] (0.01847148)
[  0  0  0  0  2  0  1  1  0 ] (0.00002661)
[  0  0  0  0  2  0  1  1  1 ] (0.00059007)
[  0  0  0  0  2  0  1  2  0 ] (0.00213161)
[  0  0  0  0  2  0  2  0  0 ] (0.00100775)
[  0  0  0  0  2  0  2  0  1 ] (0.00490076)
[  0  0  0  0  2  0  2  1  0 ] (0.00974819)
[  0  0  0  0  2  0  3  0  0 ] (0.00006437)
[  0  0  0  0  2  1  0  0  0 ] (0.00000032)
[  0  0  0  0  2  1  0  0  1 ] (0.00004127)
[  0  0  0  0  2  1  0  0  2 ] (0.00119559)
[  0  0  0  0  2  1  0  1  0 ] (0.00076542)
[  0  0  0  0  2  1  0  1  1 ] (0.00424256)
[  0  0  0  0  2  1  0  2  0 ] (0.00080741)
[  0  0  0  0  2  1  1  0  0 ] (0.00087438)
[  0  0  0  0  2  1  1  0  1 ] (0.00205748)
[  0  0  0  0  2  1  1  1  0 ] (0.00035108)
[  0  0  0  0  2  1  2  0  0 ] (0.00146902)
[  0  0  0  0  2  2  0  0  0 ] (0.00095226)
[  0  0  0  0  2  2  0  0  1 ] (0.00676606)
[  0  0  0  0  2  2  0  1  0 ] (0.00251126)
[  0  0  0  0  2  2  1  0  0 ] (0.00120995)
[  0  0  0  0  2  3  0  0  0 ] (0.00001077)
[  0  0  0  0  3  0  0  0  0 ] (0.00000030)
[  0  0  0  0  3  0  0  0  1 ] (0.00001118)
[  0  0  0  0  3  0  0  0  2 ] (0.00024554)
[  0  0  0  0  3  0  0  1  0 ] (0.00000065)
[  0  0  0  0  3  0  0  1  1 ] (0.00004171)
[  0  0  0  0  3  0  0  2  0 ] (0.00006514)
[  0  0  0  0  3  0  1  0  0 ] (0.00001455)
[  0  0  0  0  3  0  1  0  1 ] (0.00002000)
[  0  0  0  0  3  0  1  1  0 ] (0.00028141)
[  0  0  0  0  3  0  2  0  0 ] (0.00003791)
[  0  0  0  0  3  1  0  0  0 ] (0.00000014)
[  0  0  0  0  3  1  0  0  1 ] (0.00000079)
[  0  0  0  0  3  1  0  1  0 ] (0.00006916)
[  0  0  0  0  3  1  1  0  0 ] (0.00000628)
[  0  0  0  0  3  2  0  0  0 ] (0.00004039)
[  0  0  0  0  4  0  0  0  0 ] (0.00002282)
[  0  0  0  0  4  0  0  0  1 ] (0.00036616)
[  0  0  0  0  4  0  0  1  0 ] (0.00000457)
[  0  0  0  0  4  0  1  0  0 ] (0.00004282)
[  0  0  0  0  4  1  0  0  0 ] (0.00000061)
[  0  0  0  0  5  0  0  0  0 ] (0.00000758)
[  0  0  0  1  0  0  0  0  0 ] (0.00000076)
[  0  0  0  1  0  0  0  0  1 ] (0.00006661)
[  0  0  0  1  0  0  0  0  2 ] (0.00015358)
[  0  0  0  1  0  0  0  0  3 ] (0.00015027)
[  0  0  0  1  0  0  0  0  4 ] (0.01016671)
[  0  0  0  1  0  0  0  1  0 ] (0.00001061)
[  0  0  0  1  0  0  0  1  1 ] (0.00058282)
[  0  0  0  1  0  0  0  1  2 ] (0.00091004)
[  0  0  0  1  0  0  0  1  3 ] (0.00001792)
[  0  0  0  1  0  0  0  2  0 ] (0.00008637)
[  0  0  0  1  0  0  0  2  1 ] (0.00022636)
[  0  0  0  1  0  0  0  2  2 ] (0.00736386)
[  0  0  0  1  0  0  0  3  0 ] (0.00000049)
[  0  0  0  1  0  0  0  3  1 ] (0.00015102)
[  0  0  0  1  0  0  0  4  0 ] (0.00006388)
[  0  0  0  1  0  0  1  0  0 ] (0.00001956)
[  0  0  0  1  0  0  1  0  1 ] (0.00000034)
[  0  0  0  1  0  0  1  0  2 ] (0.00008791)
[  0  0  0  1  0  0  1  0  3 ] (0.00086997)
[  0  0  0  1  0  0  1  1  0 ] (0.00039448)
[  0  0  0  1  0  0  1  1  1 ] (0.00078470)
[  0  0  0  1  0  0  1  1  2 ] (0.00891887)
[  0  0  0  1  0  0  1  2  0 ] (0.00020285)
[  0  0  0  1  0  0  1  2  1 ] (0.00219708)
[  0  0  0  1  0  0  1  3  0 ] (0.00001918)
[  0  0  0  1  0  0  2  0  0 ] (0.00010722)
[  0  0  0  1  0  0  2  0  1 ] (0.00035748)
[  0  0  0  1  0  0  2  0  2 ] (0.01203835)
[  0  0  0  1  0  0  2  1  0 ] (0.00003859)
[  0  0  0  1  0  0  2  1  1 ] (0.00010871)
[  0  0  0  1  0  0  2  2  0 ] (0.00020451)
[  0  0  0  1  0  0  3  0  0 ] (0.00000327)
[  0  0  0  1  0  0  3  0  1 ] (0.00012448)
[  0  0  0  1  0  0  3  1  0 ] (0.00028603)
[  0  0  0  1  0  0  4  0  0 ] (0.00000162)
[  0  0  0  1  0  1  0  0  0 ] (0.00000723)
[  0  0  0  1  0  1  0  0  1 ] (0.00012584)
[  0  0  0  1  0  1  0  0  2 ] (0.00041587)
[  0  0  0  1  0  1  0  0  3 ] (0.00441230)
[  0  0  0  1  0  1  0  1  0 ] (0.00002458)
[  0  0  0  1  0  1  0  1  1 ] (0.00001525)
[  0  0  0  1  0  1  0  1  2 ] (0.00098356)
[  0  0  0  1  0  1  0  2  0 ] (0.00012533)
[  0  0  0  1  0  1  0  2  1 ] (0.00024829)
[  0  0  0  1  0  1  0  3  0 ] (0.00006377)
[  0  0  0  1  0  1  1  0  0 ] (0.00002900)
[  0  0  0  1  0  1  1  0  1 ] (0.00083316)
[  0  0  0  1  0  1  1  0  2 ] (0.00133168)
[  0  0  0  1  0  1  1  1  0 ] (0.00083928)
[  0  0  0  1  0  1  1  1  1 ] (0.00278918)
[  0  0  0  1  0  1  1  2  0 ] (0.00278803)
[  0  0  0  1  0  1  2  0  0 ] (0.00014434)
[  0  0  0  1  0  1  2  0  1 ] (0.00000030)
[  0  0  0  1  0  1  2  1  0 ] (0.02361435)
[  0  0  0  1  0  1  3  0  0 ] (0.00022302)
[  0  0  0  1  0  2  0  0  0 ] (0.00005352)
[  0  0  0  1  0  2  0  0  1 ] (0.00025810)
[  0  0  0  1  0  2  0  0  2 ] (0.00043600)
[  0  0  0  1  0  2  0  1  0 ] (0.00011309)
[  0  0  0  1  0  2  0  1  1 ] (0.00029554)
[  0  0  0  1  0  2  0  2  0 ] (0.00037683)
[  0  0  0  1  0  2  1  0  0 ] (0.00039982)
[  0  0  0  1  0  2  1  0  1 ] (0.00268456)
[  0  0  0  1  0  2  1  1  0 ] (0.00125700)
[  0  0  0  1  0  2  2  0  0 ] (0.00789476)
[  0  0  0  1  0  3  0  0  0 ] (0.00000003)
[  0  0  0  1  0  3  0  0  1 ] (0.00005026)
[  0  0  0  1  0  3  0  1  0 ] (0.00001816)
[  0  0  0  1  0  3  1  0  0 ] (0.00005089)
[  0  0  0  1  0  4  0  0  0 ] (0.00001692)
[  0  0  0  1  1  0  0  0  0 ] (0.00001766)
[  0  0  0  1  1  0  0  0  1 ] (0.00000065)
[  0  0  0  1  1  0  0  0  2 ] (0.00002657)
[  0  0  0  1  1  0  0  0  3 ] (0.01486980)
[  0  0  0  1  1  0  0  1  0 ] (0.00002986)
[  0  0  0  1  1  0  0  1  1 ] (0.00027150)
[  0  0  0  1  1  0  0  1  2 ] (0.01083223)
[  0  0  0  1  1  0  0  2  0 ] (0.00078960)
[  0  0  0  1  1  0  0  2  1 ] (0.00811337)
[  0  0  0  1  1  0  0  3  0 ] (0.00001626)
[  0  0  0  1  1  0  1  0  0 ] (0.00010866)
[  0  0  0  1  1  0  1  0  1 ] (0.00399271)
[  0  0  0  1  1  0  1  0  2 ] (0.00164844)
[  0  0  0  1  1  0  1  1  0 ] (0.00069016)
[  0  0  0  1  1  0  1  1  1 ] (0.00667172)
[  0  0  0  1  1  0  1  2  0 ] (0.00264275)
[  0  0  0  1  1  0  2  0  0 ] (0.00004147)
[  0  0  0  1  1  0  2  0  1 ] (0.00060406)
[  0  0  0  1  1  0  2  1  0 ] (0.00299104)
[  0  0  0  1  1  0  3  0  0 ] (0.00023262)
[  0  0  0  1  1  1  0  0  0 ] (0.00008030)
[  0  0  0  1  1  1  0  0  1 ] (0.00096615)
[  0  0  0  1  1  1  0  0  2 ] (0.00003613)
[  0  0  0  1  1  1  0  1  0 ] (0.00001923)
[  0  0  0  1  1  1  0  1  1 ] (0.00010605)
[  0  0  0  1  1  1  0  2  0 ] (0.00208814)
[  0  0  0  1  1  1  1  0  0 ] (0.00339858)
[  0  0  0  1  1  1  1  0  1 ] (0.03225401)
[  0  0  0  1  1  1  1  1  0 ] (0.00199723)
[  0  0  0  1  1  1  2  0  0 ] (0.00016966)
[  0  0  0  1  1  2  0  0  0 ] (0.00008552)
[  0  0  0  1  1  2  0  0  1 ] (0.00093188)
[  0  0  0  1  1  2  0  1  0 ] (0.00000049)
[  0  0  0  1  1  2  1  0  0 ] (0.00000088)
[  0  0  0  1  1  3  0  0  0 ] (0.00003345)
[  0  0  0  1  2  0  0  0  0 ] (0.00034938)
[  0  0  0  1  2  0  0  0  1 ] (0.00002062)
[  0  0  0  1  2  0  0  0  2 ] (0.01460471)
[  0  0  0  1  2  0  0  1  0 ] (0.00032693)
[  0  0  0  1  2  0  0  1  1 ] (0.01168861)
[  0  0  0  1  2  0  0  2  0 ] (0.00142860)
[  0  0  0  1  2  0  1  0  0 ] (0.00040607)
[  0  0  0  1  2  0  1  0  1 ] (0.01130508)
[  0  0  0  1  2  0  1  1  0 ] (0.00326716)
[  0  0  0  1  2  0  2  0  0 ] (0.00287137)
[  0  0  0  1  2  1  0  0  0 ] (0.00064985)
[  0  0  0  1  2  1  0  0  1 ] (0.00376377)
[  0  0  0  1  2  1  0  1  0 ] (0.00070006)
[  0  0  0  1  2  1  1  0  0 ] (0.00004506)
[  0  0  0  1  2  2  0  0  0 ] (0.00006692)
[  0  0  0  1  3  0  0  0  0 ] (0.00000050)
[  0  0  0  1  3  0  0  0  1 ] (0.00012369)
[  0  0  0  1  3  0  0  1  0 ] (0.00008066)
[  0  0  0  1  3  0  1  0  0 ] (0.00001184)
[  0  0  0  1  3  1  0  0  0 ] (0.00002816)
[  0  0  0  1  4  0  0  0  0 ] (0.00001109)
[  0  0  0  2  0  0  0  0  0 ] (0.00000178)
[  0  0  0  2  0  0  0  0  1 ] (0.00008021)
[  0  0  0  2  0  0  0  0  2 ] (0.00011026)
[  0  0  0  2  0  0  0  0  3 ] (0.00783185)
[  0  0  0  2  0  0  0  1  0 ] (0.00001874)
[  0  0  0  2  0  0  0  1  1 ] (0.00000403)
[  0  0  0  2  0  0  0  1  2 ] (0.00122199)
[  0  0  0  2  0  0  0  2  0 ] (0.00004340)
[  0  0  0  2  0  0  0  2  1 ] (0.00079133)
[  0  0  0  2  0  0  0  3  0 ] (0.00000438)
[  0  0  0  2  0  0  1  0  0 ] (0.00002307)
[  0  0  0  2  0  0  1  0  1 ] (0.00120010)
[  0  0  0  2  0  0  1  0  2 ] (0.00139149)
[  0  0  0  2  0  0  1  1  0 ] (0.00000174)
[  0  0  0  2  0  0  1  1  1 ] (0.00006296)
[  0  0  0  2  0  0  1  2  0 ] (0.00034890)
[  0  0  0  2  0  0  2  0  0 ] (0.00022119)
[  0  0  0  2  0  0  2  0  1 ] (0.00258227)
[  0  0  0  2  0  0  2  1  0 ] (0.00856490)
[  0  0  0  2  0  0  3  0  0 ] (0.00026179)
[  0  0  0  2  0  1  0  0  0 ] (0.00011167)
[  0  0  0  2  0  1  0  0  1 ] (0.00058201)
[  0  0  0  2  0  1  0  0  2 ] (0.00159466)
[  0  0  0  2  0  1  0  1  0 ] (0.00035278)
[  0  0  0  2  0  1  0  1  1 ] (0.00139963)
[  0  0  0  2  0  1  0  2  0 ] (0.00129784)
[  0  0  0  2  0  1  1  0  0 ] (0.00137954)
[  0  0  0  2  0  1  1  0  1 ] (0.00201467)
[  0  0  0  2  0  1  1  1  0 ] (0.00600771)
[  0  0  0  2  0  1  2  0  0 ] (0.00034566)
[  0  0  0  2  0  2  0  0  0 ] (0.00175789)
[  0  0  0  2  0  2  0  0  1 ] (0.00530848)
[  0  0  0  2  0  2  0  1  0 ] (0.00012364)
[  0  0  0  2  0  2  1  0  0 ] (0.00859198)
[  0  0  0  2  0  3  0  0  0 ] (0.00005942)
[  0  0  0  2  1  0  0  0  0 ] (0.00000644)
[  0  0  0  2  1  0  0  0  1 ] (0.00041171)
[  0  0  0  2  1  0  0  0  2 ] (0.00003170)
[  0  0  0  2  1  0  0  1  0 ] (0.00072545)
[  0  0  0  2  1  0  0  1  1 ] (0.00417230)
[  0  0  0  2  1  0  0  2  0 ] (0.00232169)
[  0  0  0  2  1  0  1  0  0 ] (0.00026690)
[  0  0  0  2  1  0  1  0  1 ] (0.00054884)
[  0  0  0  2  1  0  1  1  0 ] (0.00472825)
[  0  0  0  2  1  0  2  0  0 ] (0.00810628)
[  0  0  0  2  1  1  0  0  0 ] (0.00090792)
[  0  0  0  2  1  1  0  0  1 ] (0.00889383)
[  0  0  0  2  1  1  0  1  0 ] (0.00038428)
[  0  0  0  2  1  1  1  0  0 ] (0.00311735)
[  0  0  0  2  1  2  0  0  0 ] (0.00050132)
[  0  0  0  2  2  0  0  0  0 ] (0.00046300)
[  0  0  0  2  2  0  0  0  1 ] (0.00428300)
[  0  0  0  2  2  0  0  1  0 ] (0.00323834)
[  0  0  0  2  2  0  1  0  0 ] (0.00323986)
[  0  0  0  2  2  1  0  0  0 ] (0.00027214)
[  0  0  0  2  3  0  0  0  0 ] (0.00006935)
[  0  0  0  3  0  0  0  0  0 ] (0.00000297)
[  0  0  0  3  0  0  0  0  1 ] (0.00000085)
[  0  0  0  3  0  0  0  0  2 ] (0.00006415)
[  0  0  0  3  0  0  0  1  0 ] (0.00008189)
[  0  0  0  3  0  0  0  1  1 ] (0.00129836)
[  0  0  0  3  0  0  0  2  0 ] (0.00012173)
[  0  0  0  3  0  0  1  0  0 ] (0.00003041)
[  0  0  0  3  0  0  1  0  1 ] (0.00060974)
[  0  0  0  3  0  0  1  1  0 ] (0.00041585)
[  0  0  0  3  0  0  2  0  0 ] (0.00001241)
[  0  0  0  3  0  1  0  0  0 ] (0.00000105)
[  0  0  0  3  0  1  0  0  1 ] (0.00004719)
[  0  0  0  3  0  1  0  1  0 ] (0.00000309)
[  0  0  0  3  0  1  1  0  0 ] (0.00000330)
[  0  0  0  3  0  2  0  0  0 ] (0.00003838)
[  0  0  0  3  1  0  0  0  0 ] (0.00010003)
[  0  0  0  3  1  0  0  0  1 ] (0.00041705)
[  0  0  0  3  1  0  0  1  0 ] (0.00002590)
[  0  0  0  3  1  0  1  0  0 ] (0.00034792)
[  0  0  0  3  1  1  0  0  0 ] (0.00026921)
[  0  0  0  3  2  0  0  0  0 ] (0.00019423)
[  0  0  0  4  0  0  0  0  0 ] (0.00000109)
[  0  0  0  4  0  0  0  0  1 ] (0.00020470)
[  0  0  0  4  0  0  0  1  0 ] (0.00024806)
[  0  0  0  4  0  0  1  0  0 ] (0.00001053)
[  0  0  0  4  0  1  0  0  0 ] (0.00016134)
[  0  0  0  4  1  0  0  0  0 ] (0.00009422)
[  0  0  0  5  0  0  0  0  0 ] (0.00003549)
[  0  0  1  0  0  0  0  0  0 ] (0.00000000)
[  0  0  1  0  0  0  0  0  1 ] (0.00000001)
[  0  0  1  0  0  0  0  0  2 ] (0.00000000)
[  0  0  1  0  0  0  0  0  3 ] (0.00000002)
[  0  0  1  0  0  0  0  0  4 ] (0.00000008)
[  0  0  1  0  0  0  0  1  0 ] (0.00000000)
[  0  0  1  0  0  0  0  1  1 ] (0.00000001)
[  0  0  1  0  0  0  0  1  2 ] (0.00000001)
[  0  0  1  0  0  0  0  1  3 ] (0.00000024)
[  0  0  1  0  0  0  0  2  0 ] (0.00000001)
[  0  0  1  0  0  0  0  2  1 ] (0.00000008)
[  0  0  1  0  0  0  0  2  2 ] (0.00000007)
[  0  0  1  0  0  0  0  3  0 ] (0.00000000)
[  0  0  1  0  0  0  0  3  1 ] (0.00000002)
[  0  0  1  0  0  0  0  4  0 ] (0.00000000)
[  0  0  1  0  0  0  1  0  0 ] (0.00000001)
[  0  0  1  0  0  0  1  0  1 ] (0.00000008)
[  0  0  1  0  0  0  1  0  2 ] (0.00000010)
[  0  0  1  0  0  0  1  0  3 ] (0.00000069)
[  0  0  1  0  0  0  1  1  0 ] (0.00000000)
[  0  0  1  0  0  0  1  1  1 ] (0.00000002)
[  0  0  1  0  0  0  1  1  2 ] (0.00000191)
[  0  0  1  0  0  0  1  2  0 ] (0.00000007)
[  0  0  1  0  0  0  1  2  1 ] (0.00000028)
[  0  0  1  0  0  0  1  3  0 ] (0.00000003)
[  0  0  1  0  0  0  2  0  0 ] (0.00000005)
[  0  0  1  0  0  0  2  0  1 ] (0.00000016)
[  0  0  1  0  0  0  2  0  2 ] (0.00000059)
[  0  0  1  0  0  0  2  1  0 ] (0.00000024)
[  0  0  1  0  0  0  2  1  1 ] (0.00000099)
[  0  0  1  0  0  0  2  2  0 ] (0.00000021)
[  0  0  1  0  0  0  3  0  0 ] (0.00000001)
[  0  0  1  0  0  0  3  0  1 ] (0.00000006)
[  0  0  1  0  0  0  3  1  0 ] (0.00000000)
[  0  0  1  0  0  0  4  0  0 ] (0.00000002)
[  0  0  1  0  0  1  0  0  0 ] (0.00000001)
[  0  0  1  0  0  1  0  0  1 ] (0.00000004)
[  0  0  1  0  0  1  0  0  2 ] (0.00000007)
[  0  0  1  0  0  1  0  0  3 ] (0.00000015)
[  0  0  1  0  0  1  0  1  0 ] (0.00000000)
[  0  0  1  0  0  1  0  1  1 ] (0.00000002)
[  0  0  1  0  0  1  0  1  2 ] (0.00000000)
[  0  0  1  0  0  1  0  2  0 ] (0.00000000)
[  0  0  1  0  0  1  0  2  1 ] (0.00000001)
[  0  0  1  0  0  1  0  3  0 ] (0.00000000)
[  0  0  1  0  0  1  1  0  0 ] (0.00000002)
[  0  0  1  0  0  1  1  0  1 ] (0.00000005)
[  0  0  1  0  0  1  1  0  2 ] (0.00000087)
[  0  0  1  0  0  1  1  1  0 ] (0.00000022)
[  0  0  1  0  0  1  1  1  1 ] (0.00000114)
[  0  0  1  0  0  1  1  2  0 ] (0.00000013)
[  0  0  1  0  0  1  2  0  0 ] (0.00000007)
[  0  0  1  0  0  1  2  0  1 ] (0.00000029)
[  0  0  1  0  0  1  2  1  0 ] (0.00000008)
[  0  0  1  0  0  1  3  0  0 ] (0.00000001)
[  0  0  1  0  0  2  0  0  0 ] (0.00000000)
[  0  0  1  0  0  2  0  0  1 ] (0.00000000)
[  0  0  1  0  0  2  0  0  2 ] (0.00000001)
[  0  0  1  0  0  2  0  1  0 ] (0.00000000)
[  0  0  1  0  0  2  0  1  1 ] (0.00000000)
[  0  0  1  0  0  2  0  2  0 ] (0.00000000)
[  0  0  1  0  0  2  1  0  0 ] (0.00000001)
[  0  0  1  0  0  2  1  0  1 ] (0.00000001)
[  0  0  1  0  0  2  1  1  0 ] (0.00000002)
[  0  0  1  0  0  2  2  0  0 ] (0.00000004)
[  0  0  1  0  0  3  0  0  0 ] (0.00000000)
[  0  0  1  0  0  3  0  0  1 ] (0.00000000)
[  0  0  1  0  0  3  0  1  0 ] (0.00000000)
[  0  0  1  0  0  3  1  0  0 ] (0.00000001)
[  0  0  1  0  0  4  0  0  0 ] (0.00000001)
[  0  0  1  0  1  0  0  0  0 ] (0.00000001)
[  0  0  1  0  1  0  0  0  1 ] (0.00000000)
[  0  0  1  0  1  0  0  0  2 ] (0.00000035)
[  0  0  1  0  1  0  0  0  3 ] (0.00000016)
[  0  0  1  0  1  0  0  1  0 ] (0.00000001)
[  0  0  1  0  1  0  0  1  1 ] (0.00000016)
[  0  0  1  0  1  0  0  1  2 ] (0.00000177)
[  0  0  1  0  1  0  0  2  0 ] (0.00000000)
[  0  0  1  0  1  0  0  2  1 ] (0.00000005)
[  0  0  1  0  1  0  0  3  0 ] (0.00000000)
[  0  0  1  0  1  0  1  0  0 ] (0.00000000)
[  0  0  1  0  1  0  1  0  1 ] (0.00000001)
[  0  0  1  0  1  0  1  0  2 ] (0.00000004)
[  0  0  1  0  1  0  1  1  0 ] (0.00000070)
[  0  0  1  0  1  0  1  1  1 ] (0.00000538)
[  0  0  1  0  1  0  1  2  0 ] (0.00000046)
[  0  0  1  0  1  0  2  0  0 ] (0.00000002)
[  0  0  1  0  1  0  2  0  1 ] (0.00000023)
[  0  0  1  0  1  0  2  1  0 ] (0.00000022)
[  0  0  1  0  1  0  3  0  0 ] (0.00000001)
[  0  0  1  0  1  1  0  0  0 ] (0.00000003)
[  0  0  1  0  1  1  0  0  1 ] (0.00000014)
[  0  0  1  0  1  1  0  0  2 ] (0.00000094)
[  0  0  1  0  1  1  0  1  0 ] (0.00000001)
[  0  0  1  0  1  1  0  1  1 ] (0.00000009)
[  0  0  1  0  1  1  0  2  0 ] (0.00000001)
[  0  0  1  0  1  1  1  0  0 ] (0.00000002)
[  0  0  1  0  1  1  1  0  1 ] (0.00000027)
[  0  0  1  0  1  1  1  1  0 ] (0.00000008)
[  0  0  1  0  1  1  2  0  0 ] (0.00000003)
[  0  0  1  0  1  2  0  0  0 ] (0.00000002)
[  0  0  1  0  1  2  0  0  1 ] (0.00000005)
[  0  0  1  0  1  2  0  1  0 ] (0.00000006)
[  0  0  1  0  1  2  1  0  0 ] (0.00000001)
[  0  0  1  0  1  3  0  0  0 ] (0.00000001)
[  0  0  1  0  2  0  0  0  0 ] (0.00000001)
[  0  0  1  0  2  0  0  0  1 ] (0.00000004)
[  0  0  1  0  2  0  0  0  2 ] (0.00000125)
[  0  0  1  0  2  0  0  1  0 ] (0.00000001)
[  0  0  1  0  2  0  0  1  1 ] (0.00000039)
[  0  0  1  0  2  0  0  2  0 ] (0.00000011)
[  0  0  1  0  2  0  1  0  0 ] (0.00000000)
[  0  0  1  0  2  0  1  0  1 ] (0.00000006)
[  0  0  1  0  2  0  1  1  0 ] (0.00000007)
[  0  0  1  0  2  0  2  0  0 ] (0.00000016)
[  0  0  1  0  2  1  0  0  0 ] (0.00000005)
[  0  0  1  0  2  1  0  0  1 ] (0.00000016)
[  0  0  1  0  2  1  0  1  0 ] (0.00000012)
[  0  0  1  0  2  1  1  0  0 ] (0.00000030)
[  0  0  1  0  2  2  0  0  0 ] (0.00000014)
[  0  0  1  0  3  0  0  0  0 ] (0.00000000)
[  0  0  1  0  3  0  0  0  1 ] (0.00000002)
[  0  0  1  0  3  0  0  1  0 ] (0.00000005)
[  0  0  1  0  3  0  1  0  0 ] (0.00000000)
[  0  0  1  0  3  1  0  0  0 ] (0.00000000)
[  0  0  1  0  4  0  0  0  0 ] (0.00000004)
[  0  0  1  1  0  0  0  0  0 ] (0.00000000)
[  0  0  1  1  0  0  0  0  1 ] (0.00000000)
[  0  0  1  1  0  0  0  0  2 ] (0.00000021)
[  0  0  1  1  0  0  0  0  3 ] (0.00000005)
[  0  0  1  1  0  0  0  1  0 ] (0.00000000)
[  0  0  1  1  0  0  0  1  1 ] (0.00000000)
[  0  0  1  1  0  0  0  1  2 ] (0.00000164)
[  0  0  1  1  0  0  0  2  0 ] (0.00000001)
[  0  0  1  1  0  0  0  2  1 ] (0.00000001)
[  0  0  1  1  0  0  0  3  0 ] (0.00000001)
[  0  0  1  1  0  0  1  0  0 ] (0.00000004)
[  0  0  1  1  0  0  1  0  1 ] (0.00000013)
[  0  0  1  1  0  0  1  0  2 ] (0.00000215)
[  0  0  1  1  0  0  1  1  0 ] (0.00000002)
[  0  0  1  1  0  0  1  1  1 ] (0.00000000)
[  0  0  1  1  0  0  1  2  0 ] (0.00000006)
[  0  0  1  1  0  0  2  0  0 ] (0.00000000)
[  0  0  1  1  0  0  2  0  1 ] (0.00000019)
[  0  0  1  1  0  0  2  1  0 ] (0.00000197)
[  0  0  1  1  0  0  3  0  0 ] (0.00000000)
[  0  0  1  1  0  1  0  0  0 ] (0.00000000)
[  0  0  1  1  0  1  0  0  1 ] (0.00000001)
[  0  0  1  1  0  1  0  0  2 ] (0.00000032)
[  0  0  1  1  0  1  0  1  0 ] (0.00000003)
[  0  0  1  1  0  1  0  1  1 ] (0.00000018)
[  0  0  1  1  0  1  0  2  0 ] (0.00000007)
[  0  0  1  1  0  1  1  0  0 ] (0.00000001)
[  0  0  1  1  0  1  1  0  1 ] (0.00000006)
[  0  0  1  1  0  1  1  1  0 ] (0.00000004)
[  0  0  1  1  0  1  2  0  0 ] (0.00000009)
[  0  0  1  1  0  2  0  0  0 ] (0.00000000)
[  0  0  1  1  0  2  0  0  1 ] (0.00000000)
[  0  0  1  1  0  2  0  1  0 ] (0.00000000)
[  0  0  1  1  0  2  1  0  0 ] (0.00000003)
[  0  0  1  1  0  3  0  0  0 ] (0.00000000)
[  0  0  1  1  1  0  0  0  0 ] (0.00000003)
[  0  0  1  1  1  0  0  0  1 ] (0.00000005)
[  0  0  1  1  1  0  0  0  2 ] (0.00000008)
[  0  0  1  1  1  0  0  1  0 ] (0.00000032)
[  0  0  1  1  1  0  0  1  1 ] (0.00000379)
[  0  0  1  1  1  0  0  2  0 ] (0.00000039)
[  0  0  1  1  1  0  1  0  0 ] (0.00000001)
[  0  0  1  1  1  0  1  0  1 ] (0.00000054)
[  0  0  1  1  1  0  1  1  0 ] (0.00000066)
[  0  0  1  1  1  0  2  0  0 ] (0.00000125)
[  0  0  1  1  1  1  0  0  0 ] (0.00000001)
[  0  0  1  1  1  1  0  0  1 ] (0.00000028)
[  0  0  1  1  1  1  0  1  0 ] (0.00000031)
[  0  0  1  1  1  1  1  0  0 ] (0.00000006)
[  0  0  1  1  1  2  0  0  0 ] (0.00000000)
[  0  0  1  1  2  0  0  0  0 ] (0.00000000)
[  0  0  1  1  2  0  0  0  1 ] (0.00000000)
[  0  0  1  1  2  0  0  1  0 ] (0.00000000)
[  0  0  1  1  2  0  1  0  0 ] (0.00000004)
[  0  0  1  1  2  1  0  0  0 ] (0.00000005)
[  0  0  1  1  3  0  0  0  0 ] (0.00000000)
[  0  0  1  2  0  0  0  0  0 ] (0.00000000)
[  0  0  1  2  0  0  0  0  1 ] (0.00000001)
[  0  0  1  2  0  0  0  0  2 ] (0.00000024)
[  0  0  1  2  0  0  0  1  0 ] (0.00000008)
[  0  0  1  2  0  0  0  1  1 ] (0.00000002)
[  0  0  1  2  0  0  0  2  0 ] (0.00000002)
[  0  0  1  2  0  0  1  0  0 ] (0.00000001)
[  0  0  1  2  0  0  1  0  1 ] (0.00000000)
[  0  0  1  2  0  0  1  1  0 ] (0.00000088)
[  0  0  1  2  0  0  2  0  0 ] (0.00000079)
[  0  0  1  2  0  1  0  0  0 ] (0.00000000)
[  0  0  1  2  0  1  0  0  1 ] (0.00000000)
[  0  0  1  2  0  1  0  1  0 ] (0.00000002)
[  0  0  1  2  0  1  1  0  0 ] (0.00000001)
[  0  0  1  2  0  2  0  0  0 ] (0.00000001)
[  0  0  1  2  1  0  0  0  0 ] (0.00000004)
[  0  0  1  2  1  0  0  0  1 ] (0.00000001)
[  0  0  1  2  1  0  0  1  0 ] (0.00000004)
[  0  0  1  2  1  0  1  0  0 ] (0.00000000)
[  0  0  1  2  1  1  0  0  0 ] (0.00000001)
[  0  0  1  2  2  0  0  0  0 ] (0.00000000)
[  0  0  1  3  0  0  0  0  0 ] (0.00000001)
[  0  0  1  3  0  0  0  0  1 ] (0.00000001)
[  0  0  1  3  0  0  0  1  0 ] (0.00000000)
[  0  0  1  3  0  0  1  0  0 ] (0.00000000)
[  0  0  1  3  0  1  0  0  0 ] (0.00000000)
[  0  0  1  3  1  0  0  0  0 ] (0.00000005)
[  0  0  1  4  0  0  0  0  0 ] (0.00000001)
[  0  0  2  0  0  0  0  0  0 ] (0.00000849)
[  0  0  2  0  0  0  0  0  1 ] (0.00003012)
[  0  0  2  0  0  0  0  0  2 ] (0.00000038)
[  0  0  2  0  0  0  0  0  3 ] (0.00044071)
[  0  0  2  0  0  0  0  1  0 ] (0.00004026)
[  0  0  2  0  0  0  0  1  1 ] (0.00012375)
[  0  0  2  0  0  0  0  1  2 ] (0.00002737)
[  0  0  2  0  0  0  0  2  0 ] (0.00005285)
[  0  0  2  0  0  0  0  2  1 ] (0.00007151)
[  0  0  2  0  0  0  0  3  0 ] (0.00005608)
[  0  0  2  0  0  0  1  0  0 ] (0.00006983)
[  0  0  2  0  0  0  1  0  1 ] (0.00020389)
[  0  0  2  0  0  0  1  0  2 ] (0.00247954)
[  0  0  2  0  0  0  1  1  0 ] (0.00126477)
[  0  0  2  0  0  0  1  1  1 ] (0.00583515)
[  0  0  2  0  0  0  1  2  0 ] (0.00074166)
[  0  0  2  0  0  0  2  0  0 ] (0.00009204)
[  0  0  2  0  0  0  2  0  1 ] (0.00042935)
[  0  0  2  0  0  0  2  1  0 ] (0.00125366)
[  0  0  2  0  0  0  3  0  0 ] (0.00001029)
[  0  0  2  0  0  1  0  0  0 ] (0.00000214)
[  0  0  2  0  0  1  0  0  1 ] (0.00000418)
[  0  0  2  0  0  1  0  0  2 ] (0.00000136)
[  0  0  2  0  0  1  0  1  0 ] (0.00004446)
[  0  0  2  0  0  1  0  1  1 ] (0.00013340)
[  0  0  2  0  0  1  0  2  0 ] (0.00000295)
[  0  0  2  0  0  1  1  0  0 ] (0.00025674)
[  0  0  2  0  0  1  1  0  1 ] (0.00093067)
[  0  0  2  0  0  1  1  1  0 ] (0.00019351)
[  0  0  2  0  0  1  2  0  0 ] (0.00017679)
[  0  0  2  0  0  2  0  0  0 ] (0.00003456)
[  0  0  2  0  0  2  0  0  1 ] (0.00008778)
[  0  0  2  0  0  2  0  1  0 ] (0.00001741)
[  0  0  2  0  0  2  1  0  0 ] (0.00000080)
[  0  0  2  0  0  3  0  0  0 ] (0.00000579)
[  0  0  2  0  1  0  0  0  0 ] (0.00013165)
[  0  0  2  0  1  0  0  0  1 ] (0.00033403)
[  0  0  2  0  1  0  0  0  2 ] (0.00281444)
[  0  0  2  0  1  0  0  1  0 ] (0.00008090)
[  0  0  2  0  1  0  0  1  1 ] (0.00118595)
[  0  0  2  0  1  0  0  2  0 ] (0.00010594)
[  0  0  2  0  1  0  1  0  0 ] (0.00002078)
[  0  0  2  0  1  0  1  0  1 ] (0.00013409)
[  0  0  2  0  1  0  1  1  0 ] (0.00000001)
[  0  0  2  0  1  0  2  0  0 ] (0.00017033)
[  0  0  2  0  1  1  0  0  0 ] (0.00018389)
[  0  0  2  0  1  1  0  0  1 ] (0.00079991)
[  0  0  2  0  1  1  0  1  0 ] (0.00007185)
[  0  0  2  0  1  1  1  0  0 ] (0.00000490)
[  0  0  2  0  1  2  0  0  0 ] (0.00001012)
[  0  0  2  0  2  0  0  0  0 ] (0.00006810)
[  0  0  2  0  2  0  0  0  1 ] (0.00081923)
[  0  0  2  0  2  0  0  1  0 ] (0.00028670)
[  0  0  2  0  2  0  1  0  0 ] (0.00159588)
[  0  0  2  0  2  1  0  0  0 ] (0.00015317)
[  0  0  2  0  3  0  0  0  0 ] (0.00001789)
[  0  0  2  1  0  0  0  0  0 ] (0.00006629)
[  0  0  2  1  0  0  0  0  1 ] (0.00012516)
[  0  0  2  1  0  0  0  0  2 ] (0.00192051)
[  0  0  2  1  0  0  0  1  0 ] (0.00110363)
[  0  0  2  1  0  0  0  1  1 ] (0.00555151)
[  0  0  2  1  0  0  0  2  0 ] (0.00090393)
[  0  0  2  1  0  0  1  0  0 ] (0.00009762)
[  0  0  2  1  0  0  1  0  1 ] (0.00066554)
[  0  0  2  1  0  0  1  1  0 ] (0.00440908)
[  0  0  2  1  0  0  2  0  0 ] (0.00072348)
[  0  0  2  1  0  1  0  0  0 ] (0.00012111)
[  0  0  2  1  0  1  0  0  1 ] (0.00067922)
[  0  0  2  1  0  1  0  1  0 ] (0.00072602)
[  0  0  2  1  0  1  1  0  0 ] (0.00001596)
[  0  0  2  1  0  2  0  0  0 ] (0.00002903)
[  0  0  2  1  1  0  0  0  0 ] (0.00000801)
[  0  0  2  1  1  0  0  0  1 ] (0.00000306)
[  0  0  2  1  1  0  0  1  0 ] (0.00000131)
[  0  0  2  1  1  0  1  0  0 ] (0.00103935)
[  0  0  2  1  1  1  0  0  0 ] (0.00000060)
[  0  0  2  1  2  0  0  0  0 ] (0.00110296)
[  0  0  2  2  0  0  0  0  0 ] (0.00000074)
[  0  0  2  2  0  0  0  0  1 ] (0.00001222)
[  0  0  2  2  0  0  0  1  0 ] (0.00108785)
[  0  0  2  2  0  0  1  0  0 ] (0.00002620)
[  0  0  2  2  0  1  0  0  0 ] (0.00003894)
[  0  0  2  2  1  0  0  0  0 ] (0.00004903)
[  0  0  2  3  0  0  0  0  0 ] (0.00010327)
[  0  0  3  0  0  0  0  0  0 ] (0.00000002)
[  0  0  3  0  0  0  0  0  1 ] (0.00000009)
[  0  0  3  0  0  0  0  0  2 ] (0.00000009)
[  0  0  3  0  0  0  0  1  0 ] (0.00001047)
[  0  0  3  0  0  0  0  1  1 ] (0.00002617)
[  0  0  3  0  0  0  0  2  0 ] (0.00000631)
[  0  0  3  0  0  0  1  0  0 ] (0.00012129)
[  0  0  3  0  0  0  1  0  1 ] (0.00030512)
[  0  0  3  0  0  0  1  1  0 ] (0.00032425)
[  0  0  3  0  0  0  2  0  0 ] (0.00003624)
[  0  0  3  0  0  1  0  0  0 ] (0.00000046)
[  0  0  3  0  0  1  0  0  1 ] (0.00000021)
[  0  0  3  0  0  1  0  1  0 ] (0.00000142)
[  0  0  3  0  0  1  1  0  0 ] (0.00007073)
[  0  0  3  0  0  2  0  0  0 ] (0.00000006)
[  0  0  3  0  1  0  0  0  0 ] (0.00003889)
[  0  0  3  0  1  0  0  0  1 ] (0.00008971)
[  0  0  3  0  1  0  0  1  0 ] (0.00010016)
[  0  0  3  0  1  0  1  0  0 ] (0.00001500)
[  0  0  3  0  1  1  0  0  0 ] (0.00003469)
[  0  0  3  0  2  0  0  0  0 ] (0.00007135)
[  0  0  3  1  0  0  0  0  0 ] (0.00007795)
[  0  0  3  1  0  0  0  0  1 ] (0.00020282)
[  0  0  3  1  0  0  0  1  0 ] (0.00025873)
[  0  0  3  1  0  0  1  0  0 ] (0.00013215)
[  0  0  3  1  0  1  0  0  0 ] (0.00005802)
[  0  0  3  1  1  0  0  0  0 ] (0.00000053)
[  0  0  3  2  0  0  0  0  0 ] (0.00006778)
[  0  0  4  0  0  0  0  0  0 ] (0.00000000)
[  0  0  4  0  0  0  0  0  1 ] (0.00000000)
[  0  0  4  0  0  0  0  1  0 ] (0.00000000)
[  0  0  4  0  0  0  1  0  0 ] (0.00000001)
[  0  0  4  0  0  1  0  0  0 ] (0.00000000)
[  0  0  4  0  1  0  0  0  0 ] (0.00000001)
[  0  0  4  1  0  0  0  0  0 ] (0.00000000)
[  0  0  5  0  0  0  0  0  0 ] (0.00000041)
[  0  1  0  0  0  0  0  0  0 ] (0.00000000)
[  0  1  0  0  0  0  0  0  1 ] (0.00000001)
[  0  1  0  0  0  0  0  0  2 ] (0.00000003)
[  0  1  0  0  0  0  0  0  3 ] (0.00000013)
[  0  1  0  0  0  0  0  0  4 ] (0.00000387)
[  0  1  0  0  0  0  0  1  0 ] (0.00000001)
[  0  1  0  0  0  0  0  1  1 ] (0.00000013)
[  0  1  0  0  0  0  0  1  2 ] (0.00000013)
[  0  1  0  0  0  0  0  1  3 ] (0.00000075)
[  0  1  0  0  0  0  0  2  0 ] (0.00000001)
[  0  1  0  0  0  0  0  2  1 ] (0.00000004)
[  0  1  0  0  0  0  0  2  2 ] (0.00000000)
[  0  1  0  0  0  0  0  3  0 ] (0.00000000)
[  0  1  0  0  0  0  0  3  1 ] (0.00000000)
[  0  1  0  0  0  0  0  4  0 ] (0.00000001)
[  0  1  0  0  0  0  1  0  0 ] (0.00000000)
[  0  1  0  0  0  0  1  0  1 ] (0.00000001)
[  0  1  0  0  0  0  1  0  2 ] (0.00000000)
[  0  1  0  0  0  0  1  0  3 ] (0.00000003)
[  0  1  0  0  0  0  1  1  0 ] (0.00000000)
[  0  1  0  0  0  0  1  1  1 ] (0.00000005)
[  0  1  0  0  0  0  1  1  2 ] (0.00000001)
[  0  1  0  0  0  0  1  2  0 ] (0.00000003)
[  0  1  0  0  0  0  1  2  1 ] (0.00000022)
[  0  1  0  0  0  0  1  3  0 ] (0.00000000)
[  0  1  0  0  0  0  2  0  0 ] (0.00000001)
[  0  1  0  0  0  0  2  0  1 ] (0.00000002)
[  0  1  0  0  0  0  2  0  2 ] (0.00000069)
[  0  1  0  0  0  0  2  1  0 ] (0.00000005)
[  0  1  0  0  0  0  2  1  1 ] (0.00000011)
[  0  1  0  0  0  0  2  2  0 ] (0.00000000)
[  0  1  0  0  0  0  3  0  0 ] (0.00000000)
[  0  1  0  0  0  0  3  0  1 ] (0.00000000)
[  0  1  0  0  0  0  3  1  0 ] (0.00000002)
[  0  1  0  0  0  0  4  0  0 ] (0.00000001)
[  0  1  0  0  0  1  0  0  0 ] (0.00000000)
[  0  1  0  0  0  1  0  0  1 ] (0.00000001)
[  0  1  0  0  0  1  0  0  2 ] (0.00000001)
[  0  1  0  0  0  1  0  0  3 ] (0.00000005)
[  0  1  0  0  0  1  0  1  0 ] (0.00000000)
[  0  1  0  0  0  1  0  1  1 ] (0.00000002)
[  0  1  0  0  0  1  0  1  2 ] (0.00000000)
[  0  1  0  0  0  1  0  2  0 ] (0.00000003)
[  0  1  0  0  0  1  0  2  1 ] (0.00000013)
[  0  1  0  0  0  1  0  3  0 ] (0.00000000)
[  0  1  0  0  0  1  1  0  0 ] (0.00000001)
[  0  1  0  0  0  1  1  0  1 ] (0.00000002)
[  0  1  0  0  0  1  1  0  2 ] (0.00000004)
[  0  1  0  0  0  1  1  1  0 ] (0.00000002)
[  0  1  0  0  0  1  1  1  1 ] (0.00000017)
[  0  1  0  0  0  1  1  2  0 ] (0.00000004)
[  0  1  0  0  0  1  2  0  0 ] (0.00000000)
[  0  1  0  0  0  1  2  0  1 ] (0.00000001)
[  0  1  0  0  0  1  2  1  0 ] (0.00000000)
[  0  1  0  0  0  1  3  0  0 ] (0.00000000)
[  0  1  0  0  0  2  0  0  0 ] (0.00000000)
[  0  1  0  0  0  2  0  0  1 ] (0.00000000)
[  0  1  0  0  0  2  0  0  2 ] (0.00000002)
[  0  1  0  0  0  2  0  1  0 ] (0.00000005)
[  0  1  0  0  0  2  0  1  1 ] (0.00000011)
[  0  1  0  0  0  2  0  2  0 ] (0.00000003)
[  0  1  0  0  0  2  1  0  0 ] (0.00000000)
[  0  1  0  0  0  2  1  0  1 ] (0.00000000)
[  0  1  0  0  0  2  1  1  0 ] (0.00000008)
[  0  1  0  0  0  2  2  0  0 ] (0.00000001)
[  0  1  0  0  0  3  0  0  0 ] (0.00000000)
[  0  1  0  0  0  3  0  0  1 ] (0.00000000)
[  0  1  0  0  0  3  0  1  0 ] (0.00000002)
[  0  1  0  0  0  3  1  0  0 ] (0.00000000)
[  0  1  0  0  0  4  0  0  0 ] (0.00000000)
[  0  1  0  0  1  0  0  0  0 ] (0.00000000)
[  0  1  0  0  1  0  0  0  1 ] (0.00000000)
[  0  1  0  0  1  0  0  0  2 ] (0.00000001)
[  0  1  0  0  1  0  0  0  3 ] (0.00000006)
[  0  1  0  0  1  0  0  1  0 ] (0.00000000)
[  0  1  0  0  1  0  0  1  1 ] (0.00000001)
[  0  1  0  0  1  0  0  1  2 ] (0.00000000)
[  0  1  0  0  1  0  0  2  0 ] (0.00000000)
[  0  1  0  0  1  0  0  2  1 ] (0.00000003)
[  0  1  0  0  1  0  0  3  0 ] (0.00000000)
[  0  1  0  0  1  0  1  0  0 ] (0.00000002)
[  0  1  0  0  1  0  1  0  1 ] (0.00000008)
[  0  1  0  0  1  0  1  0  2 ] (0.00000015)
[  0  1  0  0  1  0  1  1  0 ] (0.00000004)
[  0  1  0  0  1  0  1  1  1 ] (0.00000014)
[  0  1  0  0  1  0  1  2  0 ] (0.00000004)
[  0  1  0  0  1  0  2  0  0 ] (0.00000001)
[  0  1  0  0  1  0  2  0  1 ] (0.00000000)
[  0  1  0  0  1  0  2  1  0 ] (0.00000001)
[  0  1  0  0  1  0  3  0  0 ] (0.00000001)
[  0  1  0  0  1  1  0  0  0 ] (0.00000000)
[  0  1  0  0  1  1  0  0  1 ] (0.00000000)
[  0  1  0  0  1  1  0  0  2 ] (0.00000000)
[  0  1  0  0  1  1  0  1  0 ] (0.00000002)
[  0  1  0  0  1  1  0  1  1 ] (0.00000002)
[  0  1  0  0  1  1  0  2  0 ] (0.00000000)
[  0  1  0  0  1  1  1  0  0 ] (0.00000002)
[  0  1  0  0  1  1  1  0  1 ] (0.00000005)
[  0  1  0  0  1  1  1  1  0 ] (0.00000000)
[  0  1  0  0  1  1  2  0  0 ] (0.00000001)
[  0  1  0  0  1  2  0  0  0 ] (0.00000000)
[  0  1  0  0  1  2  0  0  1 ] (0.00000000)
[  0  1  0  0  1  2  0  1  0 ] (0.00000000)
[  0  1  0  0  1  2  1  0  0 ] (0.00000000)
[  0  1  0  0  1  3  0  0  0 ] (0.00000000)
[  0  1  0  0  2  0  0  0  0 ] (0.00000000)
[  0  1  0  0  2  0  0  0  1 ] (0.00000001)
[  0  1  0  0  2  0  0  0  2 ] (0.00000000)
[  0  1  0  0  2  0  0  1  0 ] (0.00000001)
[  0  1  0  0  2  0  0  1  1 ] (0.00000002)
[  0  1  0  0  2  0  0  2  0 ] (0.00000001)
[  0  1  0  0  2  0  1  0  0 ] (0.00000000)
[  0  1  0  0  2  0  1  0  1 ] (0.00000000)
[  0  1  0  0  2  0  1  1  0 ] (0.00000002)
[  0  1  0  0  2  0  2  0  0 ] (0.00000014)
[  0  1  0  0  2  1  0  0  0 ] (0.00000000)
[  0  1  0  0  2  1  0  0  1 ] (0.00000000)
[  0  1  0  0  2  1  0  1  0 ] (0.00000003)
[  0  1  0  0  2  1  1  0  0 ] (0.00000000)
[  0  1  0  0  2  2  0  0  0 ] (0.00000000)
[  0  1  0  0  3  0  0  0  0 ] (0.00000000)
[  0  1  0  0  3  0  0  0  1 ] (0.00000000)
[  0  1  0  0  3  0  0  1  0 ] (0.00000000)
[  0  1  0  0  3  0  1  0  0 ] (0.00000001)
[  0  1  0  0  3  1  0  0  0 ] (0.00000000)
[  0  1  0  0  4  0  0  0  0 ] (0.00000000)
[  0  1  0  1  0  0  0  0  0 ] (0.00000000)
[  0  1  0  1  0  0  0  0  1 ] (0.00000000)
[  0  1  0  1  0  0  0  0  2 ] (0.00000000)
[  0  1  0  1  0  0  0  0  3 ] (0.00000000)
[  0  1  0  1  0  0  0  1  0 ] (0.00000000)
[  0  1  0  1  0  0  0  1  1 ] (0.00000006)
[  0  1  0  1  0  0  0  1  2 ] (0.00000003)
[  0  1  0  1  0  0  0  2  0 ] (0.00000002)
[  0  1  0  1  0  0  0  2  1 ] (0.00000023)
[  0  1  0  1  0  0  0  3  0 ] (0.00000000)
[  0  1  0  1  0  0  1  0  0 ] (0.00000000)
[  0  1  0  1  0  0  1  0  1 ] (0.00000000)
[  0  1  0  1  0  0  1  0  2 ] (0.00000038)
[  0  1  0  1  0  0  1  1  0 ] (0.00000004)
[  0  1  0  1  0  0  1  1  1 ] (0.00000037)
[  0  1  0  1  0  0  1  2  0 ] (0.00000009)
[  0  1  0  1  0  0  2  0  0 ] (0.00000001)
[  0  1  0  1  0  0  2  0  1 ] (0.00000001)
[  0  1  0  1  0  0  2  1  0 ] (0.00000017)
[  0  1  0  1  0  0  3  0  0 ] (0.00000000)
[  0  1  0  1  0  1  0  0  0 ] (0.00000000)
[  0  1  0  1  0  1  0  0  1 ] (0.00000001)
[  0  1  0  1  0  1  0  0  2 ] (0.00000003)
[  0  1  0  1  0  1  0  1  0 ] (0.00000004)
[  0  1  0  1  0  1  0  1  1 ] (0.00000027)
[  0  1  0  1  0  1  0  2  0 ] (0.00000007)
[  0  1  0  1  0  1  1  0  0 ] (0.00000000)
[  0  1  0  1  0  1  1  0  1 ] (0.00000000)
[  0  1  0  1  0  1  1  1  0 ] (0.00000012)
[  0  1  0  1  0  1  2  0  0 ] (0.00000000)
[  0  1  0  1  0  2  0  0  0 ] (0.00000000)
[  0  1  0  1  0  2  0  0  1 ] (0.00000000)
[  0  1  0  1  0  2  0  1  0 ] (0.00000010)
[  0  1  0  1  0  2  1  0  0 ] (0.00000000)
[  0  1  0  1  0  3  0  0  0 ] (0.00000000)
[  0  1  0  1  1  0  0  0  0 ] (0.00000002)
[  0  1  0  1  1  0  0  0  1 ] (0.00000009)
[  0  1  0  1  1  0  0  0  2 ] (0.00000011)
[  0  1  0  1  1  0  0  1  0 ] (0.00000000)
[  0  1  0  1  1  0  0  1  1 ] (0.00000006)
[  0  1  0  1  1  0  0  2  0 ] (0.00000004)
[  0  1  0  1  1  0  1  0  0 ] (0.00000009)
[  0  1  0  1  1  0  1  0  1 ] (0.00000036)
[  0  1  0  1  1  0  1  1  0 ] (0.00000000)
[  0  1  0  1  1  0  2  0  0 ] (0.00000002)
[  0  1  0  1  1  1  0  0  0 ] (0.00000002)
[  0  1  0  1  1  1  0  0  1 ] (0.00000008)
[  0  1  0  1  1  1  0  1  0 ] (0.00000000)
[  0  1  0  1  1  1  1  0  0 ] (0.00000014)
[  0  1  0  1  1  2  0  0  0 ] (0.00000000)
[  0  1  0  1  2  0  0  0  0 ] (0.00000000)
[  0  1  0  1  2  0  0  0  1 ] (0.00000003)
[  0  1  0  1  2  0  0  1  0 ] (0.00000003)
[  0  1  0  1  2  0  1  0  0 ] (0.00000020)
[  0  1  0  1  2  1  0  0  0 ] (0.00000000)
[  0  1  0  1  3  0  0  0  0 ] (0.00000001)
[  0  1  0  2  0  0  0  0  0 ] (0.00000001)
[  0  1  0  2  0  0  0  0  1 ] (0.00000000)
[  0  1  0  2  0  0  0  0  2 ] (0.00000000)
[  0  1  0  2  0  0  0  1  0 ] (0.00000008)
[  0  1  0  2  0  0  0  1  1 ] (0.00000011)
[  0  1  0  2  0  0  0  2  0 ] (0.00000008)
[  0  1  0  2  0  0  1  0  0 ] (0.00000001)
[  0  1  0  2  0  0  1  0  1 ] (0.00000010)
[  0  1  0  2  0  0  1  1  0 ] (0.00000037)
[  0  1  0  2  0  0  2  0  0 ] (0.00000130)
[  0  1  0  2  0  1  0  0  0 ] (0.00000001)
[  0  1  0  2  0  1  0  0  1 ] (0.00000007)
[  0  1  0  2  0  1  0  1  0 ] (0.00000001)
[  0  1  0  2  0  1  1  0  0 ] (0.00000000)
[  0  1  0  2  0  2  0  0  0 ] (0.00000001)
[  0  1  0  2  1  0  0  0  0 ] (0.00000023)
[  0  1  0  2  1  0  0  0  1 ] (0.00000101)
[  0  1  0  2  1  0  0  1  0 ] (0.00000045)
[  0  1  0  2  1  0  1  0  0 ] (0.00000112)
[  0  1  0  2  1  1  0  0  0 ] (0.00000030)
[  0  1  0  2  2  0  0  0  0 ] (0.00000015)
[  0  1  0  3  0  0  0  0  0 ] (0.00000000)
[  0  1  0  3  0  0  0  0  1 ] (0.00000000)
[  0  1  0  3  0  0  0  1  0 ] (0.00000002)
[  0  1  0  3  0  0  1  0  0 ] (0.00000000)
[  0  1  0  3  0  1  0  0  0 ] (0.00000000)
[  0  1  0  3  1  0  0  0  0 ] (0.00000001)
[  0  1  0  4  0  0  0  0  0 ] (0.00000003)
[  0  1  1  0  0  0  0  0  0 ] (0.00008736)
[  0  1  1  0  0  0  0  0  1 ] (0.00047164)
[  0  1  1  0  0  0  0  0  2 ] (0.00028384)
[  0  1  1  0  0  0  0  0  3 ] (0.00469913)
[  0  1  1  0  0  0  0  1  0 ] (0.00000989)
[  0  1  1  0  0  0  0  1  1 ] (0.00000904)
[  0  1  1  0  0  0  0  1  2 ] (0.00000015)
[  0  1  1  0  0  0  0  2  0 ] (0.00006276)
[  0  1  1  0  0  0  0  2  1 ] (0.00021285)
[  0  1  1  0  0  0  0  3  0 ] (0.00000929)
[  0  1  1  0  0  0  1  0  0 ] (0.00011093)
[  0  1  1  0  0  0  1  0  1 ] (0.00071133)
[  0  1  1  0  0  0  1  0  2 ] (0.00150074)
[  0  1  1  0  0  0  1  1  0 ] (0.00017504)
[  0  1  1  0  0  0  1  1  1 ] (0.00008884)
[  0  1  1  0  0  0  1  2  0 ] (0.00021303)
[  0  1  1  0  0  0  2  0  0 ] (0.00021833)
[  0  1  1  0  0  0  2  0  1 ] (0.00105779)
[  0  1  1  0  0  0  2  1  0 ] (0.00001753)
[  0  1  1  0  0  0  3  0  0 ] (0.00019687)
[  0  1  1  0  0  1  0  0  0 ] (0.00002304)
[  0  1  1  0  0  1  0  0  1 ] (0.00008028)
[  0  1  1  0  0  1  0  0  2 ] (0.00001437)
[  0  1  1  0  0  1  0  1  0 ] (0.00037699)
[  0  1  1  0  0  1  0  1  1 ] (0.00126739)
[  0  1  1  0  0  1  0  2  0 ] (0.00001279)
[  0  1  1  0  0  1  1  0  0 ] (0.00055467)
[  0  1  1  0  0  1  1  0  1 ] (0.00149841)
[  0  1  1  0  0  1  1  1  0 ] (0.00066819)
[  0  1  1  0  0  1  2  0  0 ] (0.00093556)
[  0  1  1  0  0  2  0  0  0 ] (0.00028379)
[  0  1  1  0  0  2  0  0  1 ] (0.00073464)
[  0  1  1  0  0  2  0  1  0 ] (0.00007622)
[  0  1  1  0  0  2  1  0  0 ] (0.00057860)
[  0  1  1  0  0  3  0  0  0 ] (0.00010756)
[  0  1  1  0  1  0  0  0  0 ] (0.00000316)
[  0  1  1  0  1  0  0  0  1 ] (0.00003363)
[  0  1  1  0  1  0  0  0  2 ] (0.00001805)
[  0  1  1  0  1  0  0  1  0 ] (0.00000335)
[  0  1  1  0  1  0  0  1  1 ] (0.00003103)
[  0  1  1  0  1  0  0  2  0 ] (0.00002374)
[  0  1  1  0  1  0  1  0  0 ] (0.00001572)
[  0  1  1  0  1  0  1  0  1 ] (0.00020070)
[  0  1  1  0  1  0  1  1  0 ] (0.00070254)
[  0  1  1  0  1  0  2  0  0 ] (0.00008952)
[  0  1  1  0  1  1  0  0  0 ] (0.00010907)
[  0  1  1  0  1  1  0  0  1 ] (0.00059654)
[  0  1  1  0  1  1  0  1  0 ] (0.00004843)
[  0  1  1  0  1  1  1  0  0 ] (0.00002503)
[  0  1  1  0  1  2  0  0  0 ] (0.00001855)
[  0  1  1  0  2  0  0  0  0 ] (0.00004002)
[  0  1  1  0  2  0  0  0  1 ] (0.00004461)
[  0  1  1  0  2  0  0  1  0 ] (0.00000579)
[  0  1  1  0  2  0  1  0  0 ] (0.00052188)
[  0  1  1  0  2  1  0  0  0 ] (0.00000510)
[  0  1  1  0  3  0  0  0  0 ] (0.00001119)
[  0  1  1  1  0  0  0  0  0 ] (0.00016766)
[  0  1  1  1  0  0  0  0  1 ] (0.00091156)
[  0  1  1  1  0  0  0  0  2 ] (0.00178745)
[  0  1  1  1  0  0  0  1  0 ] (0.00001333)
[  0  1  1  1  0  0  0  1  1 ] (0.00008384)
[  0  1  1  1  0  0  0  2  0 ] (0.00012769)
[  0  1  1  1  0  0  1  0  0 ] (0.00156279)
[  0  1  1  1  0  0  1  0  1 ] (0.00819859)
[  0  1  1  1  0  0  1  1  0 ] (0.00000898)
[  0  1  1  1  0  0  2  0  0 ] (0.00064452)
[  0  1  1  1  0  1  0  0  0 ] (0.00055186)
[  0  1  1  1  0  1  0  0  1 ] (0.00202025)
[  0  1  1  1  0  1  0  1  0 ] (0.00086658)
[  0  1  1  1  0  1  1  0  0 ] (0.00289339)
[  0  1  1  1  0  2  0  0  0 ] (0.00042327)
[  0  1  1  1  1  0  0  0  0 ] (0.00000061)
[  0  1  1  1  1  0  0  0  1 ] (0.00000044)
[  0  1  1  1  1  0  0  1  0 ] (0.00038302)
[  0  1  1  1  1  0  1  0  0 ] (0.00005744)
[  0  1  1  1  1  1  0  0  0 ] (0.00001850)
[  0  1  1  1  2  0  0  0  0 ] (0.00038767)
[  0  1  1  2  0  0  0  0  0 ] (0.00065763)
[  0  1  1  2  0  0  0  0  1 ] (0.00349846)
[  0  1  1  2  0  0  0  1  0 ] (0.00000025)
[  0  1  1  2  0  0  1  0  0 ] (0.00093521)
[  0  1  1  2  0  1  0  0  0 ] (0.00060833)
[  0  1  1  2  1  0  0  0  0 ] (0.00001946)
[  0  1  1  3  0  0  0  0  0 ] (0.00019680)
[  0  1  2  0  0  0  0  0  0 ] (0.00000002)
[  0  1  2  0  0  0  0  0  1 ] (0.00000007)
[  0  1  2  0  0  0  0  0  2 ] (0.00000019)
[  0  1  2  0  0  0  0  1  0 ] (0.00000001)
[  0  1  2  0  0  0  0  1  1 ] (0.00000003)
[  0  1  2  0  0  0  0  2  0 ] (0.00000000)
[  0  1  2  0  0  0  1  0  0 ] (0.00000000)
[  0  1  2  0  0  0  1  0  1 ] (0.00000000)
[  0  1  2  0  0  0  1  1  0 ] (0.00000002)
[  0  1  2  0  0  0  2  0  0 ] (0.00000001)
[  0  1  2  0  0  1  0  0  0 ] (0.00000000)
[  0  1  2  0  0  1  0  0  1 ] (0.00000000)
[  0  1  2  0  0  1  0  1  0 ] (0.00000000)
[  0  1  2  0  0  1  1  0  0 ] (0.00000000)
[  0  1  2  0  0  2  0  0  0 ] (0.00000000)
[  0  1  2  0  1  0  0  0  0 ] (0.00000000)
[  0  1  2  0  1  0  0  0  1 ] (0.00000001)
[  0  1  2  0  1  0  0  1  0 ] (0.00000001)
[  0  1  2  0  1  0  1  0  0 ] (0.00000007)
[  0  1  2  0  1  1  0  0  0 ] (0.00000001)
[  0  1  2  0  2  0  0  0  0 ] (0.00000001)
[  0  1  2  1  0  0  0  0  0 ] (0.00000000)
[  0  1  2  1  0  0  0  0  1 ] (0.00000001)
[  0  1  2  1  0  0  0  1  0 ] (0.00000001)
[  0  1  2  1  0  0  1  0  0 ] (0.00000001)
[  0  1  2  1  0  1  0  0  0 ] (0.00000000)
[  0  1  2  1  1  0  0  0  0 ] (0.00000003)
[  0  1  2  2  0  0  0  0  0 ] (0.00000001)
[  0  1  3  0  0  0  0  0  0 ] (0.00000000)
[  0  1  3  0  0  0  0  0  1 ] (0.00000000)
[  0  1  3  0  0  0  0  1  0 ] (0.00000000)
[  0  1  3  0  0  0  1  0  0 ] (0.00000000)
[  0  1  3  0  0  1  0  0  0 ] (0.00000000)
[  0  1  3  0  1  0  0  0  0 ] (0.00000000)
[  0  1  3  1  0  0  0  0  0 ] (0.00000000)
[  0  1  4  0  0  0  0  0  0 ] (0.00000306)
[  0  2  0  0  0  0  0  0  0 ] (0.00000001)
[  0  2  0  0  0  0  0  0  1 ] (0.00000575)
[  0  2  0  0  0  0  0  0  2 ] (0.00000004)
[  0  2  0  0  0  0  0  0  3 ] (0.00005096)
[  0  2  0  0  0  0  0  1  0 ] (0.00004603)
[  0  2  0  0  0  0  0  1  1 ] (0.00014770)
[  0  2  0  0  0  0  0  1  2 ] (0.00029511)
[  0  2  0  0  0  0  0  2  0 ] (0.00010800)
[  0  2  0  0  0  0  0  2  1 ] (0.00022766)
[  0  2  0  0  0  0  0  3  0 ] (0.00002108)
[  0  2  0  0  0  0  1  0  0 ] (0.00000938)
[  0  2  0  0  0  0  1  0  1 ] (0.00001654)
[  0  2  0  0  0  0  1  0  2 ] (0.00041910)
[  0  2  0  0  0  0  1  1  0 ] (0.00099331)
[  0  2  0  0  0  0  1  1  1 ] (0.00300140)
[  0  2  0  0  0  0  1  2  0 ] (0.00046436)
[  0  2  0  0  0  0  2  0  0 ] (0.00001893)
[  0  2  0  0  0  0  2  0  1 ] (0.00013169)
[  0  2  0  0  0  0  2  1  0 ] (0.00045923)
[  0  2  0  0  0  0  3  0  0 ] (0.00000292)
[  0  2  0  0  0  1  0  0  0 ] (0.00000107)
[  0  2  0  0  0  1  0  0  1 ] (0.00000217)
[  0  2  0  0  0  1  0  0  2 ] (0.00001790)
[  0  2  0  0  0  1  0  1  0 ] (0.00000052)
[  0  2  0  0  0  1  0  1  1 ] (0.00000005)
[  0  2  0  0  0  1  0  2  0 ] (0.00000108)
[  0  2  0  0  0  1  1  0  0 ] (0.00002548)
[  0  2  0  0  0  1  1  0  1 ] (0.00007913)
[  0  2  0  0  0  1  1  1  0 ] (0.00004443)
[  0  2  0  0  0  1  2  0  0 ] (0.00006431)
[  0  2  0  0  0  2  0  0  0 ] (0.00000433)
[  0  2  0  0  0  2  0  0  1 ] (0.00000683)
[  0  2  0  0  0  2  0  1  0 ] (0.00000655)
[  0  2  0  0  0  2  1  0  0 ] (0.00000124)
[  0  2  0  0  0  3  0  0  0 ] (0.00000006)
[  0  2  0  0  1  0  0  0  0 ] (0.00007689)
[  0  2  0  0  1  0  0  0  1 ] (0.00019192)
[  0  2  0  0  1  0  0  0  2 ] (0.00065225)
[  0  2  0  0  1  0  0  1  0 ] (0.00005440)
[  0  2  0  0  1  0  0  1  1 ] (0.00040302)
[  0  2  0  0  1  0  0  2  0 ] (0.00000017)
[  0  2  0  0  1  0  1  0  0 ] (0.00000004)
[  0  2  0  0  1  0  1  0  1 ] (0.00000110)
[  0  2  0  0  1  0  1  1  0 ] (0.00001391)
[  0  2  0  0  1  0  2  0  0 ] (0.00000428)
[  0  2  0  0  1  1  0  0  0 ] (0.00017463)
[  0  2  0  0  1  1  0  0  1 ] (0.00050391)
[  0  2  0  0  1  1  0  1  0 ] (0.00001800)
[  0  2  0  0  1  1  1  0  0 ] (0.00004500)
[  0  2  0  0  1  2  0  0  0 ] (0.00001734)
[  0  2  0  0  2  0  0  0  0 ] (0.00000082)
[  0  2  0  0  2  0  0  0  1 ] (0.00006307)
[  0  2  0  0  2  0  0  1  0 ] (0.00001406)
[  0  2  0  0  2  0  1  0  0 ] (0.00044896)
[  0  2  0  0  2  1  0  0  0 ] (0.00000217)
[  0  2  0  0  3  0  0  0  0 ] (0.00000481)
[  0  2  0  1  0  0  0  0  0 ] (0.00001202)
[  0  2  0  1  0  0  0  0  1 ] (0.00000343)
[  0  2  0  1  0  0  0  0  2 ] (0.00036916)
[  0  2  0  1  0  0  0  1  0 ] (0.00071240)
[  0  2  0  1  0  0  0  1  1 ] (0.00246523)
[  0  2  0  1  0  0  0  2  0 ] (0.00055450)
[  0  2  0  1  0  0  1  0  0 ] (0.00000476)
[  0  2  0  1  0  0  1  0  1 ] (0.00005820)
[  0  2  0  1  0  0  1  1  0 ] (0.00279257)
[  0  2  0  1  0  0  2  0  0 ] (0.00017407)
[  0  2  0  1  0  1  0  0  0 ] (0.00000550)
[  0  2  0  1  0  1  0  0  1 ] (0.00002958)
[  0  2  0  1  0  1  0  1  0 ] (0.00014011)
[  0  2  0  1  0  1  1  0  0 ] (0.00000092)
[  0  2  0  1  0  2  0  0  0 ] (0.00000247)
[  0  2  0  1  1  0  0  0  0 ] (0.00004010)
[  0  2  0  1  1  0  0  0  1 ] (0.00004568)
[  0  2  0  1  1  0  0  1  0 ] (0.00000272)
[  0  2  0  1  1  0  1  0  0 ] (0.00028269)
[  0  2  0  1  1  1  0  0  0 ] (0.00007994)
[  0  2  0  1  2  0  0  0  0 ] (0.00034368)
[  0  2  0  2  0  0  0  0  0 ] (0.00004874)
[  0  2  0  2  0  0  0  0  1 ] (0.00029947)
[  0  2  0  2  0  0  0  1  0 ] (0.00041314)
[  0  2  0  2  0  0  1  0  0 ] (0.00025322)
[  0  2  0  2  0  1  0  0  0 ] (0.00000260)
[  0  2  0  2  1  0  0  0  0 ] (0.00001841)
[  0  2  0  3  0  0  0  0  0 ] (0.00005132)
[  0  2  1  0  0  0  0  0  0 ] (0.00000000)
[  0  2  1  0  0  0  0  0  1 ] (0.00000001)
[  0  2  1  0  0  0  0  0  2 ] (0.00000002)
[  0  2  1  0  0  0  0  1  0 ] (0.00000000)
[  0  2  1  0  0  0  0  1  1 ] (0.00000000)
[  0  2  1  0  0  0  0  2  0 ] (0.00000000)
[  0  2  1  0  0  0  1  0  0 ] (0.00000003)
[  0  2  1  0  0  0  1  0  1 ] (0.00000007)
[  0  2  1  0  0  0  1  1  0 ] (0.00000000)
[  0  2  1  0  0  0  2  0  0 ] (0.00000006)
[  0  2  1  0  0  1  0  0  0 ] (0.00000001)
[  0  2  1  0  0  1  0  0  1 ] (0.00000002)
[  0  2  1  0  0  1  0  1  0 ] (0.00000000)
[  0  2  1  0  0  1  1  0  0 ] (0.00000000)
[  0  2  1  0  0  2  0  0  0 ] (0.00000001)
[  0  2  1  0  1  0  0  0  0 ] (0.00000000)
[  0  2  1  0  1  0  0  0  1 ] (0.00000001)
[  0  2  1  0  1  0  0  1  0 ] (0.00000000)
[  0  2  1  0  1  0  1  0  0 ] (0.00000000)
[  0  2  1  0  1  1  0  0  0 ] (0.00000001)
[  0  2  1  0  2  0  0  0  0 ] (0.00000000)
[  0  2  1  1  0  0  0  0  0 ] (0.00000001)
[  0  2  1  1  0  0  0  0  1 ] (0.00000003)
[  0  2  1  1  0  0  0  1  0 ] (0.00000000)
[  0  2  1  1  0  0  1  0  0 ] (0.00000009)
[  0  2  1  1  0  1  0  0  0 ] (0.00000001)
[  0  2  1  1  1  0  0  0  0 ] (0.00000000)
[  0  2  1  2  0  0  0  0  0 ] (0.00000003)
[  0  2  2  0  0  0  0  0  0 ] (0.00004440)
[  0  2  2  0  0  0  0  0  1 ] (0.00009821)
[  0  2  2  0  0  0  0  1  0 ] (0.00000055)
[  0  2  2  0  0  0  1  0  0 ] (0.00012729)
[  0  2  2  0  0  1  0  0  0 ] (0.00002159)
[  0  2  2  0  1  0  0  0  0 ] (0.00001205)
[  0  2  2  1  0  0  0  0  0 ] (0.00012975)
[  0  2  3  0  0  0  0  0  0 ] (0.00000035)
[  0  3  0  0  0  0  0  0  0 ] (0.00000777)
[  0  3  0  0  0  0  0  0  1 ] (0.00002121)
[  0  3  0  0  0  0  0  0  2 ] (0.00002193)
[  0  3  0  0  0  0  0  1  0 ] (0.00006173)
[  0  3  0  0  0  0  0  1  1 ] (0.00012744)
[  0  3  0  0  0  0  0  2  0 ] (0.00002652)
[  0  3  0  0  0  0  1  0  0 ] (0.00003884)
[  0  3  0  0  0  0  1  0  1 ] (0.00006723)
[  0  3  0  0  0  0  1  1  0 ] (0.00023112)
[  0  3  0  0  0  0  2  0  0 ] (0.00004820)
[  0  3  0  0  0  1  0  0  0 ] (0.00000513)
[  0  3  0  0  0  1  0  0  1 ] (0.00000696)
[  0  3  0  0  0  1  0  1  0 ] (0.00002569)
[  0  3  0  0  0  1  1  0  0 ] (0.00001624)
[  0  3  0  0  0  2  0  0  0 ] (0.00000091)
[  0  3  0  0  1  0  0  0  0 ] (0.00000342)
[  0  3  0  0  1  0  0  0  1 ] (0.00000203)
[  0  3  0  0  1  0  0  1  0 ] (0.00001507)
[  0  3  0  0  1  0  1  0  0 ] (0.00001048)
[  0  3  0  0  1  1  0  0  0 ] (0.00000098)
[  0  3  0  0  2  0  0  0  0 ] (0.00000000)
[  0  3  0  1  0  0  0  0  0 ] (0.00003403)
[  0  3  0  1  0  0  0  0  1 ] (0.00005774)
[  0  3  0  1  0  0  0  1  0 ] (0.00021598)
[  0  3  0  1  0  0  1  0  0 ] (0.00014084)
[  0  3  0  1  0  1  0  0  0 ] (0.00001699)
[  0  3  0  1  1  0  0  0  0 ] (0.00001131)
[  0  3  0  2  0  0  0  0  0 ] (0.00002429)
[  0  3  1  0  0  0  0  0  0 ] (0.00000000)
[  0  3  1  0  0  0  0  0  1 ] (0.00000000)
[  0  3  1  0  0  0  0  1  0 ] (0.00000000)
[  0  3  1  0  0  0  1  0  0 ] (0.00000000)
[  0  3  1  0  0  1  0  0  0 ] (0.00000000)
[  0  3  1  0  1  0  0  0  0 ] (0.00000000)
[  0  3  1  1  0  0  0  0  0 ] (0.00000000)
[  0  3  2  0  0  0  0  0  0 ] (0.00000072)
[  0  4  0  0  0  0  0  0  0 ] (0.00000000)
[  0  4  0  0  0  0  0  0  1 ] (0.00000000)
[  0  4  0  0  0  0  0  1  0 ] (0.00000000)
[  0  4  0  0  0  0  1  0  0 ] (0.00000000)
[  0  4  0  0  0  1  0  0  0 ] (0.00000000)
[  0  4  0  0  1  0  0  0  0 ] (0.00000000)
[  0  4  0  1  0  0  0  0  0 ] (0.00000000)
[  0  4  1  0  0  0  0  0  0 ] (0.00000004)
[  0  5  0  0  0  0  0  0  0 ] (0.00000401)
[  1  0  0  0  0  0  0  0  0 ] (0.00000001)
[  1  0  0  0  0  0  0  0  1 ] (0.00000002)
[  1  0  0  0  0  0  0  0  2 ] (0.00000001)
[  1  0  0  0  0  0  0  0  3 ] (0.00000018)
[  1  0  0  0  0  0  0  0  4 ] (0.00000011)
[  1  0  0  0  0  0  0  1  0 ] (0.00000003)
[  1  0  0  0  0  0  0  1  1 ] (0.00000014)
[  1  0  0  0  0  0  0  1  2 ] (0.00000041)
[  1  0  0  0  0  0  0  1  3 ] (0.00000103)
[  1  0  0  0  0  0  0  2  0 ] (0.00000001)
[  1  0  0  0  0  0  0  2  1 ] (0.00000005)
[  1  0  0  0  0  0  0  2  2 ] (0.00000009)
[  1  0  0  0  0  0  0  3  0 ] (0.00000000)
[  1  0  0  0  0  0  0  3  1 ] (0.00000001)
[  1  0  0  0  0  0  0  4  0 ] (0.00000002)
[  1  0  0  0  0  0  1  0  0 ] (0.00000001)
[  1  0  0  0  0  0  1  0  1 ] (0.00000009)
[  1  0  0  0  0  0  1  0  2 ] (0.00000000)
[  1  0  0  0  0  0  1  0  3 ] (0.00000074)
[  1  0  0  0  0  0  1  1  0 ] (0.00000000)
[  1  0  0  0  0  0  1  1  1 ] (0.00000000)
[  1  0  0  0  0  0  1  1  2 ] (0.00000021)
[  1  0  0  0  0  0  1  2  0 ] (0.00000001)
[  1  0  0  0  0  0  1  2  1 ] (0.00000006)
[  1  0  0  0  0  0  1  3  0 ] (0.00000000)
[  1  0  0  0  0  0  2  0  0 ] (0.00000008)
[  1  0  0  0  0  0  2  0  1 ] (0.00000020)
[  1  0  0  0  0  0  2  0  2 ] (0.00000031)
[  1  0  0  0  0  0  2  1  0 ] (0.00000000)
[  1  0  0  0  0  0  2  1  1 ] (0.00000000)
[  1  0  0  0  0  0  2  2  0 ] (0.00000004)
[  1  0  0  0  0  0  3  0  0 ] (0.00000001)
[  1  0  0  0  0  0  3  0  1 ] (0.00000003)
[  1  0  0  0  0  0  3  1  0 ] (0.00000006)
[  1  0  0  0  0  0  4  0  0 ] (0.00000000)
[  1  0  0  0  0  1  0  0  0 ] (0.00000001)
[  1  0  0  0  0  1  0  0  1 ] (0.00000005)
[  1  0  0  0  0  1  0  0  2 ] (0.00000014)
[  1  0  0  0  0  1  0  0  3 ] (0.00000025)
[  1  0  0  0  0  1  0  1  0 ] (0.00000001)
[  1  0  0  0  0  1  0  1  1 ] (0.00000003)
[  1  0  0  0  0  1  0  1  2 ] (0.00000015)
[  1  0  0  0  0  1  0  2  0 ] (0.00000006)
[  1  0  0  0  0  1  0  2  1 ] (0.00000023)
[  1  0  0  0  0  1  0  3  0 ] (0.00000002)
[  1  0  0  0  0  1  1  0  0 ] (0.00000004)
[  1  0  0  0  0  1  1  0  1 ] (0.00000011)
[  1  0  0  0  0  1  1  0  2 ] (0.00000043)
[  1  0  0  0  0  1  1  1  0 ] (0.00000003)
[  1  0  0  0  0  1  1  1  1 ] (0.00000012)
[  1  0  0  0  0  1  1  2  0 ] (0.00000000)
[  1  0  0  0  0  1  2  0  0 ] (0.00000002)
[  1  0  0  0  0  1  2  0  1 ] (0.00000003)
[  1  0  0  0  0  1  2  1  0 ] (0.00000001)
[  1  0  0  0  0  1  3  0  0 ] (0.00000001)
[  1  0  0  0  0  2  0  0  0 ] (0.00000000)
[  1  0  0  0  0  2  0  0  1 ] (0.00000000)
[  1  0  0  0  0  2  0  0  2 ] (0.00000000)
[  1  0  0  0  0  2  0  1  0 ] (0.00000004)
[  1  0  0  0  0  2  0  1  1 ] (0.00000009)
[  1  0  0  0  0  2  0  2  0 ] (0.00000001)
[  1  0  0  0  0  2  1  0  0 ] (0.00000001)
[  1  0  0  0  0  2  1  0  1 ] (0.00000002)
[  1  0  0  0  0  2  1  1  0 ] (0.00000001)
[  1  0  0  0  0  2  2  0  0 ] (0.00000001)
[  1  0  0  0  0  3  0  0  0 ] (0.00000000)
[  1  0  0  0  0  3  0  0  1 ] (0.00000000)
[  1  0  0  0  0  3  0  1  0 ] (0.00000004)
[  1  0  0  0  0  3  1  0  0 ] (0.00000000)
[  1  0  0  0  0  4  0  0  0 ] (0.00000001)
[  1  0  0  0  1  0  0  0  0 ] (0.00000000)
[  1  0  0  0  1  0  0  0  1 ] (0.00000000)
[  1  0  0  0  1  0  0  0  2 ] (0.00000011)
[  1  0  0  0  1  0  0  0  3 ] (0.00000007)
[  1  0  0  0  1  0  0  1  0 ] (0.00000001)
[  1  0  0  0  1  0  0  1  1 ] (0.00000001)
[  1  0  0  0  1  0  0  1  2 ] (0.00000070)
[  1  0  0  0  1  0  0  2  0 ] (0.00000002)
[  1  0  0  0  1  0  0  2  1 ] (0.00000006)
[  1  0  0  0  1  0  0  3  0 ] (0.00000001)
[  1  0  0  0  1  0  1  0  0 ] (0.00000000)
[  1  0  0  0  1  0  1  0  1 ] (0.00000002)
[  1  0  0  0  1  0  1  0  2 ] (0.00000028)
[  1  0  0  0  1  0  1  1  0 ] (0.00000004)
[  1  0  0  0  1  0  1  1  1 ] (0.00000024)
[  1  0  0  0  1  0  1  2  0 ] (0.00000019)
[  1  0  0  0  1  0  2  0  0 ] (0.00000003)
[  1  0  0  0  1  0  2  0  1 ] (0.00000012)
[  1  0  0  0  1  0  2  1  0 ] (0.00000001)
[  1  0  0  0  1  0  3  0  0 ] (0.00000000)
[  1  0  0  0  1  1  0  0  0 ] (0.00000001)
[  1  0  0  0  1  1  0  0  1 ] (0.00000001)
[  1  0  0  0  1  1  0  0  2 ] (0.00000036)
[  1  0  0  0  1  1  0  1  0 ] (0.00000006)
[  1  0  0  0  1  1  0  1  1 ] (0.00000020)
[  1  0  0  0  1  1  0  2  0 ] (0.00000009)
[  1  0  0  0  1  1  1  0  0 ] (0.00000000)
[  1  0  0  0  1  1  1  0  1 ] (0.00000002)
[  1  0  0  0  1  1  1  1  0 ] (0.00000021)
[  1  0  0  0  1  1  2  0  0 ] (0.00000000)
[  1  0  0  0  1  2  0  0  0 ] (0.00000000)
[  1  0  0  0  1  2  0  0  1 ] (0.00000000)
[  1  0  0  0  1  2  0  1  0 ] (0.00000001)
[  1  0  0  0  1  2  1  0  0 ] (0.00000002)
[  1  0  0  0  1  3  0  0  0 ] (0.00000000)
[  1  0  0  0  2  0  0  0  0 ] (0.00000000)
[  1  0  0  0  2  0  0  0  1 ] (0.00000003)
[  1  0  0  0  2  0  0  0  2 ] (0.00000049)
[  1  0  0  0  2  0  0  1  0 ] (0.00000004)
[  1  0  0  0  2  0  0  1  1 ] (0.00000007)
[  1  0  0  0  2  0  0  2  0 ] (0.00000016)
[  1  0  0  0  2  0  1  0  0 ] (0.00000007)
[  1  0  0  0  2  0  1  0  1 ] (0.00000075)
[  1  0  0  0  2  0  1  1  0 ] (0.00000004)
[  1  0  0  0  2  0  2  0  0 ] (0.00000048)
[  1  0  0  0  2  1  0  0  0 ] (0.00000000)
[  1  0  0  0  2  1  0  0  1 ] (0.00000002)
[  1  0  0  0  2  1  0  1  0 ] (0.00000023)
[  1  0  0  0  2  1  1  0  0 ] (0.00000000)
[  1  0  0  0  2  2  0  0  0 ] (0.00000001)
[  1  0  0  0  3  0  0  0  0 ] (0.00000000)
[  1  0  0  0  3  0  0  0  1 ] (0.00000000)
[  1  0  0  0  3  0  0  1  0 ] (0.00000003)
[  1  0  0  0  3  0  1  0  0 ] (0.00000000)
[  1  0  0  0  3  1  0  0  0 ] (0.00000001)
[  1  0  0  0  4  0  0  0  0 ] (0.00000000)
[  1  0  0  1  0  0  0  0  0 ] (0.00000000)
[  1  0  0  1  0  0  0  0  1 ] (0.00000003)
[  1  0  0  1  0  0  0  0  2 ] (0.00000000)
[  1  0  0  1  0  0  0  0  3 ] (0.00000020)
[  1  0  0  1  0  0  0  1  0 ] (0.00000001)
[  1  0  0  1  0  0  0  1  1 ] (0.00000005)
[  1  0  0  1  0  0  0  1  2 ] (0.00000000)
[  1  0  0  1  0  0  0  2  0 ] (0.00000003)
[  1  0  0  1  0  0  0  2  1 ] (0.00000014)
[  1  0  0  1  0  0  0  3  0 ] (0.00000001)
[  1  0  0  1  0  0  1  0  0 ] (0.00000004)
[  1  0  0  1  0  0  1  0  1 ] (0.00000010)
[  1  0  0  1  0  0  1  0  2 ] (0.00000006)
[  1  0  0  1  0  0  1  1  0 ] (0.00000012)
[  1  0  0  1  0  0  1  1  1 ] (0.00000088)
[  1  0  0  1  0  0  1  2  0 ] (0.00000035)
[  1  0  0  1  0  0  2  0  0 ] (0.00000011)
[  1  0  0  1  0  0  2  0  1 ] (0.00000038)
[  1  0  0  1  0  0  2  1  0 ] (0.00000003)
[  1  0  0  1  0  0  3  0  0 ] (0.00000000)
[  1  0  0  1  0  1  0  0  0 ] (0.00000000)
[  1  0  0  1  0  1  0  0  1 ] (0.00000000)
[  1  0  0  1  0  1  0  0  2 ] (0.00000004)
[  1  0  0  1  0  1  0  1  0 ] (0.00000004)
[  1  0  0  1  0  1  0  1  1 ] (0.00000022)
[  1  0  0  1  0  1  0  2  0 ] (0.00000002)
[  1  0  0  1  0  1  1  0  0 ] (0.00000000)
[  1  0  0  1  0  1  1  0  1 ] (0.00000000)
[  1  0  0  1  0  1  1  1  0 ] (0.00000025)
[  1  0  0  1  0  1  2  0  0 ] (0.00000006)
[  1  0  0  1  0  2  0  0  0 ] (0.00000000)
[  1  0  0  1  0  2  0  0  1 ] (0.00000001)
[  1  0  0  1  0  2  0  1  0 ] (0.00000003)
[  1  0  0  1  0  2  1  0  0 ] (0.00000001)
[  1  0  0  1  0  3  0  0  0 ] (0.00000000)
[  1  0  0  1  1  0  0  0  0 ] (0.00000000)
[  1  0  0  1  1  0  0  0  1 ] (0.00000004)
[  1  0  0  1  1  0  0  0  2 ] (0.00000003)
[  1  0  0  1  1  0  0  1  0 ] (0.00000001)
[  1  0  0  1  1  0  0  1  1 ] (0.00000016)
[  1  0  0  1  1  0  0  2  0 ] (0.00000011)
[  1  0  0  1  1  0  1  0  0 ] (0.00000001)
[  1  0  0  1  1  0  1  0  1 ] (0.00000010)
[  1  0  0  1  1  0  1  1  0 ] (0.00000001)
[  1  0  0  1  1  0  2  0  0 ] (0.00000030)
[  1  0  0  1  1  1  0  0  0 ] (0.00000000)
[  1  0  0  1  1  1  0  0  1 ] (0.00000001)
[  1  0  0  1  1  1  0  1  0 ] (0.00000007)
[  1  0  0  1  1  1  1  0  0 ] (0.00000000)
[  1  0  0  1  1  2  0  0  0 ] (0.00000000)
[  1  0  0  1  2  0  0  0  0 ] (0.00000004)
[  1  0  0  1  2  0  0  0  1 ] (0.00000024)
[  1  0  0  1  2  0  0  1  0 ] (0.00000000)
[  1  0  0  1  2  0  1  0  0 ] (0.00000049)
[  1  0  0  1  2  1  0  0  0 ] (0.00000002)
[  1  0  0  1  3  0  0  0  0 ] (0.00000000)
[  1  0  0  2  0  0  0  0  0 ] (0.00000001)
[  1  0  0  2  0  0  0  0  1 ] (0.00000001)
[  1  0  0  2  0  0  0  0  2 ] (0.00000001)
[  1  0  0  2  0  0  0  1  0 ] (0.00000005)
[  1  0  0  2  0  0  0  1  1 ] (0.00000040)
[  1  0  0  2  0  0  0  2  0 ] (0.00000010)
[  1  0  0  2  0  0  1  0  0 ] (0.00000010)
[  1  0  0  2  0  0  1  0  1 ] (0.00000006)
[  1  0  0  2  0  0  1  1  0 ] (0.00000013)
[  1  0  0  2  0  0  2  0  0 ] (0.00000325)
[  1  0  0  2  0  1  0  0  0 ] (0.00000000)
[  1  0  0  2  0  1  0  0  1 ] (0.00000000)
[  1  0  0  2  0  1  0  1  0 ] (0.00000025)
[  1  0  0  2  0  1  1  0  0 ] (0.00000003)
[  1  0  0  2  0  2  0  0  0 ] (0.00000000)
[  1  0  0  2  1  0  0  0  0 ] (0.00000000)
[  1  0  0  2  1  0  0  0  1 ] (0.00000000)
[  1  0  0  2  1  0  0  1  0 ] (0.00000001)
[  1  0  0  2  1  0  1  0  0 ] (0.00000030)
[  1  0  0  2  1  1  0  0  0 ] (0.00000000)
[  1  0  0  2  2  0  0  0  0 ] (0.00000013)
[  1  0  0  3  0  0  0  0  0 ] (0.00000000)
[  1  0  0  3  0  0  0  0  1 ] (0.00000000)
[  1  0  0  3  0  0  0  1  0 ] (0.00000003)
[  1  0  0  3  0  0  1  0  0 ] (0.00000000)
[  1  0  0  3  0  1  0  0  0 ] (0.00000000)
[  1  0  0  3  1  0  0  0  0 ] (0.00000000)
[  1  0  0  4  0  0  0  0  0 ] (0.00000000)
[  1  0  1  0  0  0  0  0  0 ] (0.00010211)
[  1  0  1  0  0  0  0  0  1 ] (0.00060204)
[  1  0  1  0  0  0  0  0  2 ] (0.00006840)
[  1  0  1  0  0  0  0  0  3 ] (0.00525539)
[  1  0  1  0  0  0  0  1  0 ] (0.00001490)
[  1  0  1  0  0  0  0  1  1 ] (0.00002611)
[  1  0  1  0  0  0  0  1  2 ] (0.00003697)
[  1  0  1  0  0  0  0  2  0 ] (0.00000174)
[  1  0  1  0  0  0  0  2  1 ] (0.00000044)
[  1  0  1  0  0  0  0  3  0 ] (0.00007291)
[  1  0  1  0  0  0  1  0  0 ] (0.00000192)
[  1  0  1  0  0  0  1  0  1 ] (0.00001594)
[  1  0  1  0  0  0  1  0  2 ] (0.00100335)
[  1  0  1  0  0  0  1  1  0 ] (0.00006362)
[  1  0  1  0  0  0  1  1  1 ] (0.00001043)
[  1  0  1  0  0  0  1  2  0 ] (0.00008632)
[  1  0  1  0  0  0  2  0  0 ] (0.00041631)
[  1  0  1  0  0  0  2  0  1 ] (0.00138887)
[  1  0  1  0  0  0  2  1  0 ] (0.00092279)
[  1  0  1  0  0  0  3  0  0 ] (0.00024709)
[  1  0  1  0  0  1  0  0  0 ] (0.00000076)
[  1  0  1  0  0  1  0  0  1 ] (0.00001135)
[  1  0  1  0  0  1  0  0  2 ] (0.00000135)
[  1  0  1  0  0  1  0  1  0 ] (0.00047812)
[  1  0  1  0  0  1  0  1  1 ] (0.00166244)
[  1  0  1  0  0  1  0  2  0 ] (0.00000850)
[  1  0  1  0  0  1  1  0  0 ] (0.00009479)
[  1  0  1  0  0  1  1  0  1 ] (0.00014729)
[  1  0  1  0  0  1  1  1  0 ] (0.00005215)
[  1  0  1  0  0  1  2  0  0 ] (0.00003255)
[  1  0  1  0  0  2  0  0  0 ] (0.00026798)
[  1  0  1  0  0  2  0  0  1 ] (0.00076676)
[  1  0  1  0  0  2  0  1  0 ] (0.00015325)
[  1  0  1  0  0  2  1  0  0 ] (0.00000594)
[  1  0  1  0  0  3  0  0  0 ] (0.00007732)
[  1  0  1  0  1  0  0  0  0 ] (0.00000225)
[  1  0  1  0  1  0  0  0  1 ] (0.00004724)
[  1  0  1  0  1  0  0  0  2 ] (0.00145081)
[  1  0  1  0  1  0  0  1  0 ] (0.00021880)
[  1  0  1  0  1  0  0  1  1 ] (0.00042448)
[  1  0  1  0  1  0  0  2  0 ] (0.00000382)
[  1  0  1  0  1  0  1  0  0 ] (0.00015678)
[  1  0  1  0  1  0  1  0  1 ] (0.00070791)
[  1  0  1  0  1  0  1  1  0 ] (0.00314567)
[  1  0  1  0  1  0  2  0  0 ] (0.00004579)
[  1  0  1  0  1  1  0  0  0 ] (0.00013899)
[  1  0  1  0  1  1  0  0  1 ] (0.00097781)
[  1  0  1  0  1  1  0  1  0 ] (0.00030717)
[  1  0  1  0  1  1  1  0  0 ] (0.00018699)
[  1  0  1  0  1  2  0  0  0 ] (0.00017629)
[  1  0  1  0  2  0  0  0  0 ] (0.00009937)
[  1  0  1  0  2  0  0  0  1 ] (0.00055750)
[  1  0  1  0  2  0  0  1  0 ] (0.00134639)
[  1  0  1  0  2  0  1  0  0 ] (0.00145258)
[  1  0  1  0  2  1  0  0  0 ] (0.00030562)
[  1  0  1  0  3  0  0  0  0 ] (0.00005475)
[  1  0  1  1  0  0  0  0  0 ] (0.00003366)
[  1  0  1  1  0  0  0  0  1 ] (0.00008397)
[  1  0  1  1  0  0  0  0  2 ] (0.00127839)
[  1  0  1  1  0  0  0  1  0 ] (0.00000133)
[  1  0  1  1  0  0  0  1  1 ] (0.00025577)
[  1  0  1  1  0  0  0  2  0 ] (0.00000072)
[  1  0  1  1  0  0  1  0  0 ] (0.00076302)
[  1  0  1  1  0  0  1  0  1 ] (0.00405619)
[  1  0  1  1  0  0  1  1  0 ] (0.00094789)
[  1  0  1  1  0  0  2  0  0 ] (0.00022705)
[  1  0  1  1  0  1  0  0  0 ] (0.00010257)
[  1  0  1  1  0  1  0  0  1 ] (0.00029118)
[  1  0  1  1  0  1  0  1  0 ] (0.00011395)
[  1  0  1  1  0  1  1  0  0 ] (0.00053473)
[  1  0  1  1  0  2  0  0  0 ] (0.00003380)
[  1  0  1  1  1  0  0  0  0 ] (0.00002315)
[  1  0  1  1  1  0  0  0  1 ] (0.00006501)
[  1  0  1  1  1  0  0  1  0 ] (0.00056829)
[  1  0  1  1  1  0  1  0  0 ] (0.00005905)
[  1  0  1  1  1  1  0  0  0 ] (0.00004862)
[  1  0  1  1  2  0  0  0  0 ] (0.00022253)
[  1  0  1  2  0  0  0  0  0 ] (0.00014032)
[  1  0  1  2  0  0  0  0  1 ] (0.00098648)
[  1  0  1  2  0  0  0  1  0 ] (0.00009086)
[  1  0  1  2  0  0  1  0  0 ] (0.00015372)
[  1  0  1  2  0  1  0  0  0 ] (0.00013305)
[  1  0  1  2  1  0  0  0  0 ] (0.00000088)
[  1  0  1  3  0  0  0  0  0 ] (0.00008639)
[  1  0  2  0  0  0  0  0  0 ] (0.00000003)
[  1  0  2  0  0  0  0  0  1 ] (0.00000011)
[  1  0  2  0  0  0  0  0  2 ] (0.00000026)
[  1  0  2  0  0  0  0  1  0 ] (0.00000000)
[  1  0  2  0  0  0  0  1  1 ] (0.00000002)
[  1  0  2  0  0  0  0  2  0 ] (0.00000000)
[  1  0  2  0  0  0  1  0  0 ] (0.00000005)
[  1  0  2  0  0  0  1  0  1 ] (0.00000009)
[  1  0  2  0  0  0  1  1  0 ] (0.00000000)
[  1  0  2  0  0  0  2  0  0 ] (0.00000000)
[  1  0  2  0  0  1  0  0  0 ] (0.00000001)
[  1  0  2  0  0  1  0  0  1 ] (0.00000003)
[  1  0  2  0  0  1  0  1  0 ] (0.00000003)
[  1  0  2  0  0  1  1  0  0 ] (0.00000000)
[  1  0  2  0  0  2  0  0  0 ] (0.00000001)
[  1  0  2  0  1  0  0  0  0 ] (0.00000000)
[  1  0  2  0  1  0  0  0  1 ] (0.00000000)
[  1  0  2  0  1  0  0  1  0 ] (0.00000000)
[  1  0  2  0  1  0  1  0  0 ] (0.00000002)
[  1  0  2  0  1  1  0  0  0 ] (0.00000002)
[  1  0  2  0  2  0  0  0  0 ] (0.00000003)
[  1  0  2  1  0  0  0  0  0 ] (0.00000000)
[  1  0  2  1  0  0  0  0  1 ] (0.00000000)
[  1  0  2  1  0  0  0  1  0 ] (0.00000000)
[  1  0  2  1  0  0  1  0  0 ] (0.00000000)
[  1  0  2  1  0  1  0  0  0 ] (0.00000000)
[  1  0  2  1  1  0  0  0  0 ] (0.00000000)
[  1  0  2  2  0  0  0  0  0 ] (0.00000000)
[  1  0  3  0  0  0  0  0  0 ] (0.00000000)
[  1  0  3  0  0  0  0  0  1 ] (0.00000000)
[  1  0  3  0  0  0  0  1  0 ] (0.00000000)
[  1  0  3  0  0  0  1  0  0 ] (0.00000000)
[  1  0  3  0  0  1  0  0  0 ] (0.00000000)
[  1  0  3  0  1  0  0  0  0 ] (0.00000000)
[  1  0  3  1  0  0  0  0  0 ] (0.00000000)
[  1  0  4  0  0  0  0  0  0 ] (0.00000317)
[  1  1  0  0  0  0  0  0  0 ] (0.00000154)
[  1  1  0  0  0  0  0  0  1 ] (0.00000600)
[  1  1  0  0  0  0  0  0  2 ] (0.00000951)
[  1  1  0  0  0  0  0  0  3 ] (0.00003188)
[  1  1  0  0  0  0  0  1  0 ] (0.00000006)
[  1  1  0  0  0  0  0  1  1 ] (0.00000895)
[  1  1  0  0  0  0  0  1  2 ] (0.00001654)
[  1  1  0  0  0  0  0  2  0 ] (0.00001294)
[  1  1  0  0  0  0  0  2  1 ] (0.00003603)
[  1  1  0  0  0  0  0  3  0 ] (0.00000679)
[  1  1  0  0  0  0  1  0  0 ] (0.00004296)
[  1  1  0  0  0  0  1  0  1 ] (0.00012180)
[  1  1  0  0  0  0  1  0  2 ] (0.00062250)
[  1  1  0  0  0  0  1  1  0 ] (0.00058515)
[  1  1  0  0  0  0  1  1  1 ] (0.00269398)
[  1  1  0  0  0  0  1  2  0 ] (0.00007603)
[  1  1  0  0  0  0  2  0  0 ] (0.00008695)
[  1  1  0  0  0  0  2  0  1 ] (0.00026539)
[  1  1  0  0  0  0  2  1  0 ] (0.00018069)
[  1  1  0  0  0  0  3  0  0 ] (0.00000042)
[  1  1  0  0  0  1  0  0  0 ] (0.00001070)
[  1  1  0  0  0  1  0  0  1 ] (0.00003291)
[  1  1  0  0  0  1  0  0  2 ] (0.00000129)
[  1  1  0  0  0  1  0  1  0 ] (0.00000001)
[  1  1  0  0  0  1  0  1  1 ] (0.00000296)
[  1  1  0  0  0  1  0  2  0 ] (0.00000351)
[  1  1  0  0  0  1  1  0  0 ] (0.00023160)
[  1  1  0  0  0  1  1  0  1 ] (0.00056665)
[  1  1  0  0  0  1  1  1  0 ] (0.00004474)
[  1  1  0  0  0  1  2  0  0 ] (0.00017356)
[  1  1  0  0  0  2  0  0  0 ] (0.00000108)
[  1  1  0  0  0  2  0  0  1 ] (0.00000129)
[  1  1  0  0  0  2  0  1  0 ] (0.00000041)
[  1  1  0  0  0  2  1  0  0 ] (0.00000197)
[  1  1  0  0  0  3  0  0  0 ] (0.00000026)
[  1  1  0  0  1  0  0  0  0 ] (0.00010125)
[  1  1  0  0  1  0  0  0  1 ] (0.00030294)
[  1  1  0  0  1  0  0  0  2 ] (0.00168415)
[  1  1  0  0  1  0  0  1  0 ] (0.00010367)
[  1  1  0  0  1  0  0  1  1 ] (0.00083000)
[  1  1  0  0  1  0  0  2  0 ] (0.00000680)
[  1  1  0  0  1  0  1  0  0 ] (0.00015477)
[  1  1  0  0  1  0  1  0  1 ] (0.00069195)
[  1  1  0  0  1  0  1  1  0 ] (0.00004825)
[  1  1  0  0  1  0  2  0  0 ] (0.00003046)
[  1  1  0  0  1  1  0  0  0 ] (0.00013708)
[  1  1  0  0  1  1  0  0  1 ] (0.00046344)
[  1  1  0  0  1  1  0  1  0 ] (0.00008888)
[  1  1  0  0  1  1  1  0  0 ] (0.00001893)
[  1  1  0  0  1  2  0  0  0 ] (0.00000427)
[  1  1  0  0  2  0  0  0  0 ] (0.00017405)
[  1  1  0  0  2  0  0  0  1 ] (0.00094686)
[  1  1  0  0  2  0  0  1  0 ] (0.00016334)
[  1  1  0  0  2  0  1  0  0 ] (0.00061919)
[  1  1  0  0  2  1  0  0  0 ] (0.00013068)
[  1  1  0  0  3  0  0  0  0 ] (0.00002318)
[  1  1  0  1  0  0  0  0  0 ] (0.00004722)
[  1  1  0  1  0  0  0  0  1 ] (0.00010719)
[  1  1  0  1  0  0  0  0  2 ] (0.00059716)
[  1  1  0  1  0  0  0  1  0 ] (0.00034457)
[  1  1  0  1  0  0  0  1  1 ] (0.00155602)
[  1  1  0  1  0  0  0  2  0 ] (0.00011778)
[  1  1  0  1  0  0  1  0  0 ] (0.00004079)
[  1  1  0  1  0  0  1  0  1 ] (0.00013454)
[  1  1  0  1  0  0  1  1  0 ] (0.00071916)
[  1  1  0  1  0  0  2  0  0 ] (0.00017057)
[  1  1  0  1  0  1  0  0  0 ] (0.00006715)
[  1  1  0  1  0  1  0  0  1 ] (0.00020311)
[  1  1  0  1  0  1  0  1  0 ] (0.00016646)
[  1  1  0  1  0  1  1  0  0 ] (0.00000467)
[  1  1  0  1  0  2  0  0  0 ] (0.00000396)
[  1  1  0  1  1  0  0  0  0 ] (0.00001876)
[  1  1  0  1  1  0  0  0  1 ] (0.00011141)
[  1  1  0  1  1  0  0  1  0 ] (0.00003170)
[  1  1  0  1  1  0  1  0  0 ] (0.00020275)
[  1  1  0  1  1  1  0  0  0 ] (0.00000284)
[  1  1  0  1  2  0  0  0  0 ] (0.00037271)
[  1  1  0  2  0  0  0  0  0 ] (0.00001701)
[  1  1  0  2  0  0  0  0  1 ] (0.00005644)
[  1  1  0  2  0  0  0  1  0 ] (0.00032472)
[  1  1  0  2  0  0  1  0  0 ] (0.00011202)
[  1  1  0  2  0  1  0  0  0 ] (0.00005020)
[  1  1  0  2  1  0  0  0  0 ] (0.00001827)
[  1  1  0  3  0  0  0  0  0 ] (0.00001462)
[  1  1  1  0  0  0  0  0  0 ] (0.00000001)
[  1  1  1  0  0  0  0  0  1 ] (0.00000002)
[  1  1  1  0  0  0  0  0  2 ] (0.00000004)
[  1  1  1  0  0  0  0  1  0 ] (0.00000001)
[  1  1  1  0  0  0  0  1  1 ] (0.00000004)
[  1  1  1  0  0  0  0  2  0 ] (0.00000000)
[  1  1  1  0  0  0  1  0  0 ] (0.00000000)
[  1  1  1  0  0  0  1  0  1 ] (0.00000003)
[  1  1  1  0  0  0  1  1  0 ] (0.00000000)
[  1  1  1  0  0  0  2  0  0 ] (0.00000016)
[  1  1  1  0  0  1  0  0  0 ] (0.00000002)
[  1  1  1  0  0  1  0  0  1 ] (0.00000005)
[  1  1  1  0  0  1  0  1  0 ] (0.00000001)
[  1  1  1  0  0  1  1  0  0 ] (0.00000003)
[  1  1  1  0  0  2  0  0  0 ] (0.00000000)
[  1  1  1  0  1  0  0  0  0 ] (0.00000000)
[  1  1  1  0  1  0  0  0  1 ] (0.00000001)
[  1  1  1  0  1  0  0  1  0 ] (0.00000001)
[  1  1  1  0  1  0  1  0  0 ] (0.00000000)
[  1  1  1  0  1  1  0  0  0 ] (0.00000000)
[  1  1  1  0  2  0  0  0  0 ] (0.00000000)
[  1  1  1  1  0  0  0  0  0 ] (0.00000000)
[  1  1  1  1  0  0  0  0  1 ] (0.00000001)
[  1  1  1  1  0  0  0  1  0 ] (0.00000000)
[  1  1  1  1  0  0  1  0  0 ] (0.00000008)
[  1  1  1  1  0  1  0  0  0 ] (0.00000000)
[  1  1  1  1  1  0  0  0  0 ] (0.00000001)
[  1  1  1  2  0  0  0  0  0 ] (0.00000007)
[  1  1  2  0  0  0  0  0  0 ] (0.00007502)
[  1  1  2  0  0  0  0  0  1 ] (0.00023538)
[  1  1  2  0  0  0  0  1  0 ] (0.00000095)
[  1  1  2  0  0  0  1  0  0 ] (0.00011366)
[  1  1  2  0  0  1  0  0  0 ] (0.00000004)
[  1  1  2  0  1  0  0  0  0 ] (0.00001877)
[  1  1  2  1  0  0  0  0  0 ] (0.00010907)
[  1  1  3  0  0  0  0  0  0 ] (0.00000046)
[  1  2  0  0  0  0  0  0  0 ] (0.00000000)
[  1  2  0  0  0  0  0  0  1 ] (0.00000001)
[  1  2  0  0  0  0  0  0  2 ] (0.00000003)
[  1  2  0  0  0  0  0  1  0 ] (0.00000000)
[  1  2  0  0  0  0  0  1  1 ] (0.00000001)
[  1  2  0  0  0  0  0  2  0 ] (0.00000000)
[  1  2  0  0  0  0  1  0  0 ] (0.00000002)
[  1  2  0  0  0  0  1  0  1 ] (0.00000003)
[  1  2  0  0  0  0  1  1  0 ] (0.00000000)
[  1  2  0  0  0  0  2  0  0 ] (0.00000002)
[  1  2  0  0  0  1  0  0  0 ] (0.00000000)
[  1  2  0  0  0  1  0  0  1 ] (0.00000001)
[  1  2  0  0  0  1  0  1  0 ] (0.00000000)
[  1  2  0  0  0  1  1  0  0 ] (0.00000000)
[  1  2  0  0  0  2  0  0  0 ] (0.00000000)
[  1  2  0  0  1  0  0  0  0 ] (0.00000000)
[  1  2  0  0  1  0  0  0  1 ] (0.00000000)
[  1  2  0  0  1  0  0  1  0 ] (0.00000000)
[  1  2  0  0  1  0  1  0  0 ] (0.00000000)
[  1  2  0  0  1  1  0  0  0 ] (0.00000000)
[  1  2  0  0  2  0  0  0  0 ] (0.00000000)
[  1  2  0  1  0  0  0  0  0 ] (0.00000000)
[  1  2  0  1  0  0  0  0  1 ] (0.00000001)
[  1  2  0  1  0  0  0  1  0 ] (0.00000000)
[  1  2  0  1  0  0  1  0  0 ] (0.00000001)
[  1  2  0  1  0  1  0  0  0 ] (0.00000000)
[  1  2  0  1  1  0  0  0  0 ] (0.00000000)
[  1  2  0  2  0  0  0  0  0 ] (0.00000001)
[  1  2  1  0  0  0  0  0  0 ] (0.00003261)
[  1  2  1  0  0  0  0  0  1 ] (0.00013509)
[  1  2  1  0  0  0  0  1  0 ] (0.00001942)
[  1  2  1  0  0  0  1  0  0 ] (0.00001753)
[  1  2  1  0  0  1  0  0  0 ] (0.00000027)
[  1  2  1  0  1  0  0  0  0 ] (0.00001588)
[  1  2  1  1  0  0  0  0  0 ] (0.00000307)
[  1  2  2  0  0  0  0  0  0 ] (0.00000000)
[  1  3  0  0  0  0  0  0  0 ] (0.00000000)
[  1  3  0  0  0  0  0  0  1 ] (0.00000000)
[  1  3  0  0  0  0  0  1  0 ] (0.00000000)
[  1  3  0  0  0  0  1  0  0 ] (0.00000000)
[  1  3  0  0  0  1  0  0  0 ] (0.00000000)
[  1  3  0  0  1  0  0  0  0 ] (0.00000000)
[  1  3  0  1  0  0  0  0  0 ] (0.00000000)
[  1  3  1  0  0  0  0  0  0 ] (0.00000019)
[  1  4  0  0  0  0  0  0  0 ] (0.00000629)
[  2  0  0  0  0  0  0  0  0 ] (0.00000423)
[  2  0  0  0  0  0  0  0  1 ] (0.00003803)
[  2  0  0  0  0  0  0  0  2 ] (0.00000389)
[  2  0  0  0  0  0  0  0  3 ] (0.00056045)
[  2  0  0  0  0  0  0  1  0 ] (0.00000510)
[  2  0  0  0  0  0  0  1  1 ] (0.00002897)
[  2  0  0  0  0  0  0  1  2 ] (0.00022402)
[  2  0  0  0  0  0  0  2  0 ] (0.00000167)
[  2  0  0  0  0  0  0  2  1 ] (0.00002693)
[  2  0  0  0  0  0  0  3  0 ] (0.00000617)
[  2  0  0  0  0  0  1  0  0 ] (0.00002978)
[  2  0  0  0  0  0  1  0  1 ] (0.00013061)
[  2  0  0  0  0  0  1  0  2 ] (0.00079074)
[  2  0  0  0  0  0  1  1  0 ] (0.00012985)
[  2  0  0  0  0  0  1  1  1 ] (0.00069118)
[  2  0  0  0  0  0  1  2  0 ] (0.00003302)
[  2  0  0  0  0  0  2  0  0 ] (0.00003727)
[  2  0  0  0  0  0  2  0  1 ] (0.00010680)
[  2  0  0  0  0  0  2  1  0 ] (0.00012449)
[  2  0  0  0  0  0  3  0  0 ] (0.00000097)
[  2  0  0  0  0  1  0  0  0 ] (0.00001460)
[  2  0  0  0  0  1  0  0  1 ] (0.00004325)
[  2  0  0  0  0  1  0  0  2 ] (0.00005043)
[  2  0  0  0  0  1  0  1  0 ] (0.00001495)
[  2  0  0  0  0  1  0  1  1 ] (0.00001280)
[  2  0  0  0  0  1  0  2  0 ] (0.00000672)
[  2  0  0  0  0  1  1  0  0 ] (0.00016823)
[  2  0  0  0  0  1  1  0  1 ] (0.00039075)
[  2  0  0  0  0  1  1  1  0 ] (0.00000926)
[  2  0  0  0  0  1  2  0  0 ] (0.00014287)
[  2  0  0  0  0  2  0  0  0 ] (0.00004533)
[  2  0  0  0  0  2  0  0  1 ] (0.00011462)
[  2  0  0  0  0  2  0  1  0 ] (0.00001566)
[  2  0  0  0  0  2  1  0  0 ] (0.00000000)
[  2  0  0  0  0  3  0  0  0 ] (0.00000176)
[  2  0  0  0  1  0  0  0  0 ] (0.00006225)
[  2  0  0  0  1  0  0  0  1 ] (0.00006679)
[  2  0  0  0  1  0  0  0  2 ] (0.00179219)
[  2  0  0  0  1  0  0  1  0 ] (0.00003877)
[  2  0  0  0  1  0  0  1  1 ] (0.00058908)
[  2  0  0  0  1  0  0  2  0 ] (0.00007897)
[  2  0  0  0  1  0  1  0  0 ] (0.00013781)
[  2  0  0  0  1  0  1  0  1 ] (0.00052115)
[  2  0  0  0  1  0  1  1  0 ] (0.00000035)
[  2  0  0  0  1  0  2  0  0 ] (0.00009344)
[  2  0  0  0  1  1  0  0  0 ] (0.00002563)
[  2  0  0  0  1  1  0  0  1 ] (0.00008969)
[  2  0  0  0  1  1  0  1  0 ] (0.00003265)
[  2  0  0  0  1  1  1  0  0 ] (0.00009825)
[  2  0  0  0  1  2  0  0  0 ] (0.00002325)
[  2  0  0  0  2  0  0  0  0 ] (0.00016902)
[  2  0  0  0  2  0  0  0  1 ] (0.00116965)
[  2  0  0  0  2  0  0  1  0 ] (0.00025833)
[  2  0  0  0  2  0  1  0  0 ] (0.00058937)
[  2  0  0  0  2  1  0  0  0 ] (0.00017497)
[  2  0  0  0  3  0  0  0  0 ] (0.00001323)
[  2  0  0  1  0  0  0  0  0 ] (0.00003489)
[  2  0  0  1  0  0  0  0  1 ] (0.00005713)
[  2  0  0  1  0  0  0  0  2 ] (0.00070426)
[  2  0  0  1  0  0  0  1  0 ] (0.00009514)
[  2  0  0  1  0  0  0  1  1 ] (0.00068641)
[  2  0  0  1  0  0  0  2  0 ] (0.00005289)
[  2  0  0  1  0  0  1  0  0 ] (0.00003138)
[  2  0  0  1  0  0  1  0  1 ] (0.00020767)
[  2  0  0  1  0  0  1  1  0 ] (0.00014901)
[  2  0  0  1  0  0  2  0  0 ] (0.00013034)
[  2  0  0  1  0  1  0  0  0 ] (0.00005849)
[  2  0  0  1  0  1  0  0  1 ] (0.00016214)
[  2  0  0  1  0  1  0  1  0 ] (0.00012208)
[  2  0  0  1  0  1  1  0  0 ] (0.00002147)
[  2  0  0  1  0  2  0  0  0 ] (0.00000454)
[  2  0  0  1  1  0  0  0  0 ] (0.00004502)
[  2  0  0  1  1  0  0  0  1 ] (0.00045039)
[  2  0  0  1  1  0  0  1  0 ] (0.00002840)
[  2  0  0  1  1  0  1  0  0 ] (0.00015512)
[  2  0  0  1  1  1  0  0  0 ] (0.00009602)
[  2  0  0  1  2  0  0  0  0 ] (0.00034864)
[  2  0  0  2  0  0  0  0  0 ] (0.00002726)
[  2  0  0  2  0  0  0  0  1 ] (0.00014991)
[  2  0  0  2  0  0  0  1  0 ] (0.00016836)
[  2  0  0  2  0  0  1  0  0 ] (0.00020821)
[  2  0  0  2  0  1  0  0  0 ] (0.00000899)
[  2  0  0  2  1  0  0  0  0 ] (0.00000392)
[  2  0  0  3  0  0  0  0  0 ] (0.00000430)
[  2  0  1  0  0  0  0  0  0 ] (0.00000002)
[  2  0  1  0  0  0  0  0  1 ] (0.00000005)
[  2  0  1  0  0  0  0  0  2 ] (0.00000015)
[  2  0  1  0  0  0  0  1  0 ] (0.00000000)
[  2  0  1  0  0  0  0  1  1 ] (0.00000003)
[  2  0  1  0  0  0  0  2  0 ] (0.00000000)
[  2  0  1  0  0  0  1  0  0 ] (0.00000001)
[  2  0  1  0  0  0  1  0  1 ] (0.00000003)
[  2  0  1  0  0  0  1  1  0 ] (0.00000001)
[  2  0  1  0  0  0  2  0  0 ] (0.00000005)
[  2  0  1  0  0  1  0  0  0 ] (0.00000001)
[  2  0  1  0  0  1  0  0  1 ] (0.00000005)
[  2  0  1  0  0  1  0  1  0 ] (0.00000002)
[  2  0  1  0  0  1  1  0  0 ] (0.00000003)
[  2  0  1  0  0  2  0  0  0 ] (0.00000000)
[  2  0  1  0  1  0  0  0  0 ] (0.00000000)
[  2  0  1  0  1  0  0  0  1 ] (0.00000000)
[  2  0  1  0  1  0  0  1  0 ] (0.00000001)
[  2  0  1  0  1  0  1  0  0 ] (0.00000000)
[  2  0  1  0  1  1  0  0  0 ] (0.00000000)
[  2  0  1  0  2  0  0  0  0 ] (0.00000001)
[  2  0  1  1  0  0  0  0  0 ] (0.00000000)
[  2  0  1  1  0  0  0  0  1 ] (0.00000000)
[  2  0  1  1  0  0  0  1  0 ] (0.00000000)
[  2  0  1  1  0  0  1  0  0 ] (0.00000005)
[  2  0  1  1  0  1  0  0  0 ] (0.00000000)
[  2  0  1  1  1  0  0  0  0 ] (0.00000000)
[  2  0  1  2  0  0  0  0  0 ] (0.00000002)
[  2  0  2  0  0  0  0  0  0 ] (0.00003176)
[  2  0  2  0  0  0  0  0  1 ] (0.00019406)
[  2  0  2  0  0  0  0  1  0 ] (0.00001402)
[  2  0  2  0  0  0  1  0  0 ] (0.00002485)
[  2  0  2  0  0  1  0  0  0 ] (0.00001793)
[  2  0  2  0  1  0  0  0  0 ] (0.00002771)
[  2  0  2  1  0  0  0  0  0 ] (0.00001772)
[  2  0  3  0  0  0  0  0  0 ] (0.00000020)
[  2  1  0  0  0  0  0  0  0 ] (0.00000001)
[  2  1  0  0  0  0  0  0  1 ] (0.00000002)
[  2  1  0  0  0  0  0  0  2 ] (0.00000006)
[  2  1  0  0  0  0  0  1  0 ] (0.00000001)
[  2  1  0  0  0  0  0  1  1 ] (0.00000003)
[  2  1  0  0  0  0  0  2  0 ] (0.00000000)
[  2  1  0  0  0  0  1  0  0 ] (0.00000004)
[  2  1  0  0  0  0  1  0  1 ] (0.00000009)
[  2  1  0  0  0  0  1  1  0 ] (0.00000000)
[  2  1  0  0  0  0  2  0  0 ] (0.00000003)
[  2  1  0  0  0  1  0  0  0 ] (0.00000001)
[  2  1  0  0  0  1  0  0  1 ] (0.00000004)
[  2  1  0  0  0  1  0  1  0 ] (0.00000001)
[  2  1  0  0  0  1  1  0  0 ] (0.00000000)
[  2  1  0  0  0  2  0  0  0 ] (0.00000000)
[  2  1  0  0  1  0  0  0  0 ] (0.00000000)
[  2  1  0  0  1  0  0  0  1 ] (0.00000000)
[  2  1  0  0  1  0  0  1  0 ] (0.00000000)
[  2  1  0  0  1  0  1  0  0 ] (0.00000000)
[  2  1  0  0  1  1  0  0  0 ] (0.00000000)
[  2  1  0  0  2  0  0  0  0 ] (0.00000000)
[  2  1  0  1  0  0  0  0  0 ] (0.00000001)
[  2  1  0  1  0  0  0  0  1 ] (0.00000002)
[  2  1  0  1  0  0  0  1  0 ] (0.00000000)
[  2  1  0  1  0  0  1  0  0 ] (0.00000003)
[  2  1  0  1  0  1  0  0  0 ] (0.00000000)
[  2  1  0  1  1  0  0  0  0 ] (0.00000000)
[  2  1  0  2  0  0  0  0  0 ] (0.00000003)
[  2  1  1  0  0  0  0  0  0 ] (0.00009789)
[  2  1  1  0  0  0  0  0  1 ] (0.00037462)
[  2  1  1  0  0  0  0  1  0 ] (0.00000440)
[  2  1  1  0  0  0  1  0  0 ] (0.00000034)
[  2  1  1  0  0  1  0  0  0 ] (0.00000121)
[  2  1  1  0  1  0  0  0  0 ] (0.00000185)
[  2  1  1  1  0  0  0  0  0 ] (0.00000815)
[  2  1  2  0  0  0  0  0  0 ] (0.00000001)
[  2  2  0  0  0  0  0  0  0 ] (0.00000016)
[  2  2  0  0  0  0  0  0  1 ] (0.00000364)
[  2  2  0  0  0  0  0  1  0 ] (0.00000714)
[  2  2  0  0  0  0  1  0  0 ] (0.00002920)
[  2  2  0  0  0  1  0  0  0 ] (0.00000533)
[  2  2  0  0  1  0  0  0  0 ] (0.00000044)
[  2  2  0  1  0  0  0  0  0 ] (0.00001124)
[  2  2  1  0  0  0  0  0  0 ] (0.00000000)
[  2  3  0  0  0  0  0  0  0 ] (0.00000019)
[  3  0  0  0  0  0  0  0  0 ] (0.00000503)
[  3  0  0  0  0  0  0  0  1 ] (0.00001615)
[  3  0  0  0  0  0  0  0  2 ] (0.00001565)
[  3  0  0  0  0  0  0  1  0 ] (0.00000380)
[  3  0  0  0  0  0  0  1  1 ] (0.00001235)
[  3  0  0  0  0  0  0  2  0 ] (0.00000067)
[  3  0  0  0  0  0  1  0  0 ] (0.00000989)
[  3  0  0  0  0  0  1  0  1 ] (0.00002540)
[  3  0  0  0  0  0  1  1  0 ] (0.00001181)
[  3  0  0  0  0  0  2  0  0 ] (0.00000283)
[  3  0  0  0  0  1  0  0  0 ] (0.00000117)
[  3  0  0  0  0  1  0  0  1 ] (0.00000414)
[  3  0  0  0  0  1  0  1  0 ] (0.00000726)
[  3  0  0  0  0  1  1  0  0 ] (0.00000469)
[  3  0  0  0  0  2  0  0  0 ] (0.00000141)
[  3  0  0  0  1  0  0  0  0 ] (0.00001050)
[  3  0  0  0  1  0  0  0  1 ] (0.00003008)
[  3  0  0  0  1  0  0  1  0 ] (0.00002649)
[  3  0  0  0  1  0  1  0  0 ] (0.00002748)
[  3  0  0  0  1  1  0  0  0 ] (0.00001349)
[  3  0  0  0  2  0  0  0  0 ] (0.00003811)
[  3  0  0  1  0  0  0  0  0 ] (0.00000278)
[  3  0  0  1  0  0  0  0  1 ] (0.00000841)
[  3  0  0  1  0  0  0  1  0 ] (0.00000425)
[  3  0  0  1  0  0  1  0  0 ] (0.00000556)
[  3  0  0  1  0  1  0  0  0 ] (0.00000219)
[  3  0  0  1  1  0  0  0  0 ] (0.00000937)
[  3  0  0  2  0  0  0  0  0 ] (0.00000007)
[  3  0  1  0  0  0  0  0  0 ] (0.00000000)
[  3  0  1  0  0  0  0  0  1 ] (0.00000000)
[  3  0  1  0  0  0  0  1  0 ] (0.00000000)
[  3  0  1  0  0  0  1  0  0 ] (0.00000000)
[  3  0  1  0  0  1  0  0  0 ] (0.00000000)
[  3  0  1  0  1  0  0  0  0 ] (0.00000000)
[  3  0  1  1  0  0  0  0  0 ] (0.00000000)
[  3  0  2  0  0  0  0  0  0 ] (0.00000171)
[  3  1  0  0  0  0  0  0  0 ] (0.00000000)
[  3  1  0  0  0  0  0  0  1 ] (0.00000000)
[  3  1  0  0  0  0  0  1  0 ] (0.00000000)
[  3  1  0  0  0  0  1  0  0 ] (0.00000000)
[  3  1  0  0  0  1  0  0  0 ] (0.00000000)
[  3  1  0  0  1  0  0  0  0 ] (0.00000000)
[  3  1  0  1  0  0  0  0  0 ] (0.00000000)
[  3  1  1  0  0  0  0  0  0 ] (0.00000102)
[  3  2  0  0  0  0  0  0  0 ] (0.00000070)
[  4  0  0  0  0  0  0  0  0 ] (0.00000001)
[  4  0  0  0  0  0  0  0  1 ] (0.00000002)
[  4  0  0  0  0  0  0  1  0 ] (0.00000000)
[  4  0  0  0  0  0  1  0  0 ] (0.00000001)
[  4  0  0  0  0  1  0  0  0 ] (0.00000000)
[  4  0  0  0  1  0  0  0  0 ] (0.00000000)
[  4  0  0  1  0  0  0  0  0 ] (0.00000000)
[  4  0  1  0  0  0  0  0  0 ] (0.00003056)
[  4  1  0  0  0  0  0  0  0 ] (0.00001979)
[  5  0  0  0  0  0  0  0  0 ] (0.00001073)
