| -1013.363574471123 |   106.270670280883 

[  0  0  0  0  0  0  0  0  0 ] (0.00025235)
[  0  0  0  0  0  0  0  0  1 ] (0.01619748)
[  0  0  0  0  0  0  0  0  2 ] (0.00029448)
[  0  0  0  0  0  0  0  0  3 ] (0.00000598)
[  0  0  0  0  0  0  0  0  4 ] (0.00000724)
[  0  0  0  0  0  0  0  0  5 ] (0.00000024)
[  0  0  0  0  0  0  0  1  0 ] (0.00447363)
[  0  0  0  0  0  0  0  1  1 ] (0.00024020)
[  0  0  0  0  0  0  0  1  2 ] (0.00000139)
[  0  0  0  0  0  0  0  1  3 ] (0.00001865)
[  0  0  0  0  0  0  0  1  4 ] (0.00000216)
[  0  0  0  0  0  0  0  2  0 ] (0.00000401)
[  0  0  0  0  0  0  0  2  1 ] (0.00005703)
[  0  0  0  0  0  0  0  2  2 ] (0.00000117)
[  0  0  0  0  0  0  0  2  3 ] (0.00000000)
[  0  0  0  0  0  0  0  3  0 ] (0.00146080)
[  0  0  0  0  0  0  0  3  1 ] (0.00005580)
[  0  0  0  0  0  0  0  3  2 ] (0.00000052)
[  0  0  0  0  0  0  0  4  0 ] (0.00004338)
[  0  0  0  0  0  0  0  4  1 ] (0.00000129)
[  0  0  0  0  0  0  0  5  0 ] (0.00000324)
[  0  0  0  0  0  0  1  0  0 ] (0.00017844)
[  0  0  0  0  0  0  1  0  1 ] (0.00088781)
[  0  0  0  0  0  0  1  0  2 ] (0.00000659)
[  0  0  0  0  0  0  1  0  3 ] (0.00001398)
[  0  0  0  0  0  0  1  0  4 ] (0.00000172)
[  0  0  0  0  0  0  1  1  0 ] (0.00594399)
[  0  0  0  0  0  0  1  1  1 ] (0.00015683)
[  0  0  0  0  0  0  1  1  2 ] (0.00000021)
[  0  0  0  0  0  0  1  1  3 ] (0.00000513)
[  0  0  0  0  0  0  1  2  0 ] (0.00000516)
[  0  0  0  0  0  0  1  2  1 ] (0.00000021)
[  0  0  0  0  0  0  1  2  2 ] (0.00000007)
[  0  0  0  0  0  0  1  3  0 ] (0.00000111)
[  0  0  0  0  0  0  1  3  1 ] (0.00000098)
[  0  0  0  0  0  0  1  4  0 ] (0.00000194)
[  0  0  0  0  0  0  2  0  0 ] (0.00153641)
[  0  0  0  0  0  0  2  0  1 ] (0.00027218)
[  0  0  0  0  0  0  2  0  2 ] (0.00002283)
[  0  0  0  0  0  0  2  0  3 ] (0.00000294)
[  0  0  0  0  0  0  2  1  0 ] (0.00093287)
[  0  0  0  0  0  0  2  1  1 ] (0.00000800)
[  0  0  0  0  0  0  2  1  2 ] (0.00000035)
[  0  0  0  0  0  0  2  2  0 ] (0.00000025)
[  0  0  0  0  0  0  2  2  1 ] (0.00000147)
[  0  0  0  0  0  0  2  3  0 ] (0.00001209)
[  0  0  0  0  0  0  3  0  0 ] (0.00657451)
[  0  0  0  0  0  0  3  0  1 ] (0.00004073)
[  0  0  0  0  0  0  3  0  2 ] (0.00003063)
[  0  0  0  0  0  0  3  1  0 ] (0.00225588)
[  0  0  0  0  0  0  3  1  1 ] (0.00000029)
[  0  0  0  0  0  0  3  2  0 ] (0.00000710)
[  0  0  0  0  0  0  4  0  0 ] (0.00005858)
[  0  0  0  0  0  0  4  0  1 ] (0.00000232)
[  0  0  0  0  0  0  4  1  0 ] (0.00002412)
[  0  0  0  0  0  0  5  0  0 ] (0.00000060)
[  0  0  0  0  0  1  0  0  0 ] (0.00000731)
[  0  0  0  0  0  1  0  0  1 ] (0.00093059)
[  0  0  0  0  0  1  0  0  2 ] (0.00000075)
[  0  0  0  0  0  1  0  0  3 ] (0.00000275)
[  0  0  0  0  0  1  0  0  4 ] (0.00000123)
[  0  0  0  0  0  1  0  1  0 ] (0.01159241)
[  0  0  0  0  0  1  0  1  1 ] (0.00018493)
[  0  0  0  0  0  1  0  1  2 ] (0.00000057)
[  0  0  0  0  0  1  0  1  3 ] (0.00000452)
[  0  0  0  0  0  1  0  2  0 ] (0.00002253)
[  0  0  0  0  0  1  0  2  1 ] (0.00000002)
[  0  0  0  0  0  1  0  2  2 ] (0.00000038)
[  0  0  0  0  0  1  0  3  0 ] (0.00000725)
[  0  0  0  0  0  1  0  3  1 ] (0.00000208)
[  0  0  0  0  0  1  0  4  0 ] (0.00000207)
[  0  0  0  0  0  1  1  0  0 ] (0.05640778)
[  0  0  0  0  0  1  1  0  1 ] (0.00038901)
[  0  0  0  0  0  1  1  0  2 ] (0.00000701)
[  0  0  0  0  0  1  1  0  3 ] (0.00000461)
[  0  0  0  0  0  1  1  1  0 ] (0.00607297)
[  0  0  0  0  0  1  1  1  1 ] (0.00002310)
[  0  0  0  0  0  1  1  1  2 ] (0.00000214)
[  0  0  0  0  0  1  1  2  0 ] (0.00001316)
[  0  0  0  0  0  1  1  2  1 ] (0.00000114)
[  0  0  0  0  0  1  1  3  0 ] (0.00001356)
[  0  0  0  0  0  1  2  0  0 ] (0.00001582)
[  0  0  0  0  0  1  2  0  1 ] (0.00004072)
[  0  0  0  0  0  1  2  0  2 ] (0.00000295)
[  0  0  0  0  0  1  2  1  0 ] (0.00005938)
[  0  0  0  0  0  1  2  1  1 ] (0.00000025)
[  0  0  0  0  0  1  2  2  0 ] (0.00000072)
[  0  0  0  0  0  1  3  0  0 ] (0.00009019)
[  0  0  0  0  0  1  3  0  1 ] (0.00002582)
[  0  0  0  0  0  1  3  1  0 ] (0.00006659)
[  0  0  0  0  0  1  4  0  0 ] (0.00004825)
[  0  0  0  0  0  2  0  0  0 ] (0.00001972)
[  0  0  0  0  0  2  0  0  1 ] (0.00003957)
[  0  0  0  0  0  2  0  0  2 ] (0.00001097)
[  0  0  0  0  0  2  0  0  3 ] (0.00000203)
[  0  0  0  0  0  2  0  1  0 ] (0.00062038)
[  0  0  0  0  0  2  0  1  1 ] (0.00000649)
[  0  0  0  0  0  2  0  1  2 ] (0.00000001)
[  0  0  0  0  0  2  0  2  0 ] (0.00000736)
[  0  0  0  0  0  2  0  2  1 ] (0.00000000)
[  0  0  0  0  0  2  0  3  0 ] (0.00000021)
[  0  0  0  0  0  2  1  0  0 ] (0.00058115)
[  0  0  0  0  0  2  1  0  1 ] (0.00000328)
[  0  0  0  0  0  2  1  0  2 ] (0.00000005)
[  0  0  0  0  0  2  1  1  0 ] (0.00005957)
[  0  0  0  0  0  2  1  1  1 ] (0.00000199)
[  0  0  0  0  0  2  1  2  0 ] (0.00000012)
[  0  0  0  0  0  2  2  0  0 ] (0.00000798)
[  0  0  0  0  0  2  2  0  1 ] (0.00000992)
[  0  0  0  0  0  2  2  1  0 ] (0.00000332)
[  0  0  0  0  0  2  3  0  0 ] (0.00000277)
[  0  0  0  0  0  3  0  0  0 ] (0.00036956)
[  0  0  0  0  0  3  0  0  1 ] (0.00009617)
[  0  0  0  0  0  3  0  0  2 ] (0.00003655)
[  0  0  0  0  0  3  0  1  0 ] (0.00049404)
[  0  0  0  0  0  3  0  1  1 ] (0.00000001)
[  0  0  0  0  0  3  0  2  0 ] (0.00001441)
[  0  0  0  0  0  3  1  0  0 ] (0.00066071)
[  0  0  0  0  0  3  1  0  1 ] (0.00000346)
[  0  0  0  0  0  3  1  1  0 ] (0.00003890)
[  0  0  0  0  0  3  2  0  0 ] (0.00000092)
[  0  0  0  0  0  4  0  0  0 ] (0.00180835)
[  0  0  0  0  0  4  0  0  1 ] (0.00000757)
[  0  0  0  0  0  4  0  1  0 ] (0.00004815)
[  0  0  0  0  0  4  1  0  0 ] (0.00017064)
[  0  0  0  0  0  5  0  0  0 ] (0.00000612)
[  0  0  0  0  1  0  0  0  0 ] (0.00036059)
[  0  0  0  0  1  0  0  0  1 ] (0.00075733)
[  0  0  0  0  1  0  0  0  2 ] (0.00001210)
[  0  0  0  0  1  0  0  0  3 ] (0.00000351)
[  0  0  0  0  1  0  0  0  4 ] (0.00000178)
[  0  0  0  0  1  0  0  1  0 ] (0.01603618)
[  0  0  0  0  1  0  0  1  1 ] (0.00019107)
[  0  0  0  0  1  0  0  1  2 ] (0.00000011)
[  0  0  0  0  1  0  0  1  3 ] (0.00000725)
[  0  0  0  0  1  0  0  2  0 ] (0.00000451)
[  0  0  0  0  1  0  0  2  1 ] (0.00000031)
[  0  0  0  0  1  0  0  2  2 ] (0.00000005)
[  0  0  0  0  1  0  0  3  0 ] (0.00000028)
[  0  0  0  0  1  0  0  3  1 ] (0.00000228)
[  0  0  0  0  1  0  0  4  0 ] (0.00000254)
[  0  0  0  0  1  0  1  0  0 ] (0.20168291)
[  0  0  0  0  1  0  1  0  1 ] (0.00085034)
[  0  0  0  0  1  0  1  0  2 ] (0.00004681)
[  0  0  0  0  1  0  1  0  3 ] (0.00000622)
[  0  0  0  0  1  0  1  1  0 ] (0.01321511)
[  0  0  0  0  1  0  1  1  1 ] (0.00021943)
[  0  0  0  0  1  0  1  1  2 ] (0.00000177)
[  0  0  0  0  1  0  1  2  0 ] (0.00009247)
[  0  0  0  0  1  0  1  2  1 ] (0.00000006)
[  0  0  0  0  1  0  1  3  0 ] (0.00003485)
[  0  0  0  0  1  0  2  0  0 ] (0.00012439)
[  0  0  0  0  1  0  2  0  1 ] (0.00005514)
[  0  0  0  0  1  0  2  0  2 ] (0.00000502)
[  0  0  0  0  1  0  2  1  0 ] (0.00002101)
[  0  0  0  0  1  0  2  1  1 ] (0.00002913)
[  0  0  0  0  1  0  2  2  0 ] (0.00000288)
[  0  0  0  0  1  0  3  0  0 ] (0.00000021)
[  0  0  0  0  1  0  3  0  1 ] (0.00002658)
[  0  0  0  0  1  0  3  1  0 ] (0.00000671)
[  0  0  0  0  1  0  4  0  0 ] (0.00027843)
[  0  0  0  0  1  1  0  0  0 ] (0.07525614)
[  0  0  0  0  1  1  0  0  1 ] (0.00006289)
[  0  0  0  0  1  1  0  0  2 ] (0.00000044)
[  0  0  0  0  1  1  0  0  3 ] (0.00000075)
[  0  0  0  0  1  1  0  1  0 ] (0.00485322)
[  0  0  0  0  1  1  0  1  1 ] (0.00001922)
[  0  0  0  0  1  1  0  1  2 ] (0.00000541)
[  0  0  0  0  1  1  0  2  0 ] (0.00001806)
[  0  0  0  0  1  1  0  2  1 ] (0.00000000)
[  0  0  0  0  1  1  0  3  0 ] (0.00002164)
[  0  0  0  0  1  1  1  0  0 ] (0.00861089)
[  0  0  0  0  1  1  1  0  1 ] (0.00001977)
[  0  0  0  0  1  1  1  0  2 ] (0.00000064)
[  0  0  0  0  1  1  1  1  0 ] (0.00030822)
[  0  0  0  0  1  1  1  1  1 ] (0.00000314)
[  0  0  0  0  1  1  1  2  0 ] (0.00000542)
[  0  0  0  0  1  1  2  0  0 ] (0.00000180)
[  0  0  0  0  1  1  2  0  1 ] (0.00000069)
[  0  0  0  0  1  1  2  1  0 ] (0.00002642)
[  0  0  0  0  1  1  3  0  0 ] (0.00000618)
[  0  0  0  0  1  2  0  0  0 ] (0.00016023)
[  0  0  0  0  1  2  0  0  1 ] (0.00000701)
[  0  0  0  0  1  2  0  0  2 ] (0.00000115)
[  0  0  0  0  1  2  0  1  0 ] (0.00001069)
[  0  0  0  0  1  2  0  1  1 ] (0.00000387)
[  0  0  0  0  1  2  0  2  0 ] (0.00000316)
[  0  0  0  0  1  2  1  0  0 ] (0.00006253)
[  0  0  0  0  1  2  1  0  1 ] (0.00003455)
[  0  0  0  0  1  2  1  1  0 ] (0.00002971)
[  0  0  0  0  1  2  2  0  0 ] (0.00000344)
[  0  0  0  0  1  3  0  0  0 ] (0.00028294)
[  0  0  0  0  1  3  0  0  1 ] (0.00000145)
[  0  0  0  0  1  3  0  1  0 ] (0.00001276)
[  0  0  0  0  1  3  1  0  0 ] (0.00006254)
[  0  0  0  0  1  4  0  0  0 ] (0.00011997)
[  0  0  0  0  2  0  0  0  0 ] (0.00213570)
[  0  0  0  0  2  0  0  0  1 ] (0.00024115)
[  0  0  0  0  2  0  0  0  2 ] (0.00003590)
[  0  0  0  0  2  0  0  0  3 ] (0.00000740)
[  0  0  0  0  2  0  0  1  0 ] (0.00040289)
[  0  0  0  0  2  0  0  1  1 ] (0.00000656)
[  0  0  0  0  2  0  0  1  2 ] (0.00000001)
[  0  0  0  0  2  0  0  2  0 ] (0.00000660)
[  0  0  0  0  2  0  0  2  1 ] (0.00000589)
[  0  0  0  0  2  0  0  3  0 ] (0.00000447)
[  0  0  0  0  2  0  1  0  0 ] (0.00069195)
[  0  0  0  0  2  0  1  0  1 ] (0.00000838)
[  0  0  0  0  2  0  1  0  2 ] (0.00000354)
[  0  0  0  0  2  0  1  1  0 ] (0.00000742)
[  0  0  0  0  2  0  1  1  1 ] (0.00000919)
[  0  0  0  0  2  0  1  2  0 ] (0.00000170)
[  0  0  0  0  2  0  2  0  0 ] (0.00005941)
[  0  0  0  0  2  0  2  0  1 ] (0.00002880)
[  0  0  0  0  2  0  2  1  0 ] (0.00004558)
[  0  0  0  0  2  0  3  0  0 ] (0.00004869)
[  0  0  0  0  2  1  0  0  0 ] (0.00000034)
[  0  0  0  0  2  1  0  0  1 ] (0.00000098)
[  0  0  0  0  2  1  0  0  2 ] (0.00000042)
[  0  0  0  0  2  1  0  1  0 ] (0.00001579)
[  0  0  0  0  2  1  0  1  1 ] (0.00000469)
[  0  0  0  0  2  1  0  2  0 ] (0.00000053)
[  0  0  0  0  2  1  1  0  0 ] (0.00028946)
[  0  0  0  0  2  1  1  0  1 ] (0.00004774)
[  0  0  0  0  2  1  1  1  0 ] (0.00027679)
[  0  0  0  0  2  1  2  0  0 ] (0.00000181)
[  0  0  0  0  2  2  0  0  0 ] (0.00000117)
[  0  0  0  0  2  2  0  0  1 ] (0.00001107)
[  0  0  0  0  2  2  0  1  0 ] (0.00000078)
[  0  0  0  0  2  2  1  0  0 ] (0.00000180)
[  0  0  0  0  2  3  0  0  0 ] (0.00000008)
[  0  0  0  0  3  0  0  0  0 ] (0.01163113)
[  0  0  0  0  3  0  0  0  1 ] (0.00028764)
[  0  0  0  0  3  0  0  0  2 ] (0.00004747)
[  0  0  0  0  3  0  0  1  0 ] (0.00244444)
[  0  0  0  0  3  0  0  1  1 ] (0.00001290)
[  0  0  0  0  3  0  0  2  0 ] (0.00000582)
[  0  0  0  0  3  0  1  0  0 ] (0.00109735)
[  0  0  0  0  3  0  1  0  1 ] (0.00000735)
[  0  0  0  0  3  0  1  1  0 ] (0.00006828)
[  0  0  0  0  3  0  2  0  0 ] (0.00008238)
[  0  0  0  0  3  1  0  0  0 ] (0.00000321)
[  0  0  0  0  3  1  0  0  1 ] (0.00000011)
[  0  0  0  0  3  1  0  1  0 ] (0.00000001)
[  0  0  0  0  3  1  1  0  0 ] (0.00011833)
[  0  0  0  0  3  2  0  0  0 ] (0.00000011)
[  0  0  0  0  4  0  0  0  0 ] (0.00005167)
[  0  0  0  0  4  0  0  0  1 ] (0.00002959)
[  0  0  0  0  4  0  0  1  0 ] (0.00022321)
[  0  0  0  0  4  0  1  0  0 ] (0.00022865)
[  0  0  0  0  4  1  0  0  0 ] (0.00007520)
[  0  0  0  0  5  0  0  0  0 ] (0.00003078)
[  0  0  0  1  0  0  0  0  0 ] (0.00075030)
[  0  0  0  1  0  0  0  0  1 ] (0.00000137)
[  0  0  0  1  0  0  0  0  2 ] (0.00000094)
[  0  0  0  1  0  0  0  0  3 ] (0.00000074)
[  0  0  0  1  0  0  0  0  4 ] (0.00000000)
[  0  0  0  1  0  0  0  1  0 ] (0.01085927)
[  0  0  0  1  0  0  0  1  1 ] (0.00009674)
[  0  0  0  1  0  0  0  1  2 ] (0.00000007)
[  0  0  0  1  0  0  0  1  3 ] (0.00000437)
[  0  0  0  1  0  0  0  2  0 ] (0.00000745)
[  0  0  0  1  0  0  0  2  1 ] (0.00000016)
[  0  0  0  1  0  0  0  2  2 ] (0.00000007)
[  0  0  0  1  0  0  0  3  0 ] (0.00000129)
[  0  0  0  1  0  0  0  3  1 ] (0.00000198)
[  0  0  0  1  0  0  0  4  0 ] (0.00000554)
[  0  0  0  1  0  0  1  0  0 ] (0.00514156)
[  0  0  0  1  0  0  1  0  1 ] (0.00008478)
[  0  0  0  1  0  0  1  0  2 ] (0.00000062)
[  0  0  0  1  0  0  1  0  3 ] (0.00000398)
[  0  0  0  1  0  0  1  1  0 ] (0.00016158)
[  0  0  0  1  0  0  1  1  1 ] (0.00000459)
[  0  0  0  1  0  0  1  1  2 ] (0.00000087)
[  0  0  0  1  0  0  1  2  0 ] (0.00000314)
[  0  0  0  1  0  0  1  2  1 ] (0.00000110)
[  0  0  0  1  0  0  1  3  0 ] (0.00000187)
[  0  0  0  1  0  0  2  0  0 ] (0.00096656)
[  0  0  0  1  0  0  2  0  1 ] (0.00002386)
[  0  0  0  1  0  0  2  0  2 ] (0.00000119)
[  0  0  0  1  0  0  2  1  0 ] (0.00001245)
[  0  0  0  1  0  0  2  1  1 ] (0.00000010)
[  0  0  0  1  0  0  2  2  0 ] (0.00000035)
[  0  0  0  1  0  0  3  0  0 ] (0.00137495)
[  0  0  0  1  0  0  3  0  1 ] (0.00000121)
[  0  0  0  1  0  0  3  1  0 ] (0.00000759)
[  0  0  0  1  0  0  4  0  0 ] (0.00005120)
[  0  0  0  1  0  1  0  0  0 ] (0.04548783)
[  0  0  0  1  0  1  0  0  1 ] (0.00017607)
[  0  0  0  1  0  1  0  0  2 ] (0.00000551)
[  0  0  0  1  0  1  0  0  3 ] (0.00000005)
[  0  0  0  1  0  1  0  1  0 ] (0.00241299)
[  0  0  0  1  0  1  0  1  1 ] (0.00003553)
[  0  0  0  1  0  1  0  1  2 ] (0.00000278)
[  0  0  0  1  0  1  0  2  0 ] (0.00002778)
[  0  0  0  1  0  1  0  2  1 ] (0.00000140)
[  0  0  0  1  0  1  0  3  0 ] (0.00000193)
[  0  0  0  1  0  1  1  0  0 ] (0.00411754)
[  0  0  0  1  0  1  1  0  1 ] (0.00000311)
[  0  0  0  1  0  1  1  0  2 ] (0.00000332)
[  0  0  0  1  0  1  1  1  0 ] (0.00019310)
[  0  0  0  1  0  1  1  1  1 ] (0.00000118)
[  0  0  0  1  0  1  1  2  0 ] (0.00000001)
[  0  0  0  1  0  1  2  0  0 ] (0.00003302)
[  0  0  0  1  0  1  2  0  1 ] (0.00002642)
[  0  0  0  1  0  1  2  1  0 ] (0.00000355)
[  0  0  0  1  0  1  3  0  0 ] (0.00003218)
[  0  0  0  1  0  2  0  0  0 ] (0.00011290)
[  0  0  0  1  0  2  0  0  1 ] (0.00002376)
[  0  0  0  1  0  2  0  0  2 ] (0.00000026)
[  0  0  0  1  0  2  0  1  0 ] (0.00000291)
[  0  0  0  1  0  2  0  1  1 ] (0.00000725)
[  0  0  0  1  0  2  0  2  0 ] (0.00000003)
[  0  0  0  1  0  2  1  0  0 ] (0.00000331)
[  0  0  0  1  0  2  1  0  1 ] (0.00001019)
[  0  0  0  1  0  2  1  1  0 ] (0.00002089)
[  0  0  0  1  0  2  2  0  0 ] (0.00000163)
[  0  0  0  1  0  3  0  0  0 ] (0.00000049)
[  0  0  0  1  0  3  0  0  1 ] (0.00000000)
[  0  0  0  1  0  3  0  1  0 ] (0.00000601)
[  0  0  0  1  0  3  1  0  0 ] (0.00000154)
[  0  0  0  1  0  4  0  0  0 ] (0.00006552)
[  0  0  0  1  1  0  0  0  0 ] (0.00179651)
[  0  0  0  1  1  0  0  0  1 ] (0.00007440)
[  0  0  0  1  1  0  0  0  2 ] (0.00000011)
[  0  0  0  1  1  0  0  0  3 ] (0.00000148)
[  0  0  0  1  1  0  0  1  0 ] (0.00000197)
[  0  0  0  1  1  0  0  1  1 ] (0.00000007)
[  0  0  0  1  1  0  0  1  2 ] (0.00000067)
[  0  0  0  1  1  0  0  2  0 ] (0.00000253)
[  0  0  0  1  1  0  0  2  1 ] (0.00000000)
[  0  0  0  1  1  0  0  3  0 ] (0.00000022)
[  0  0  0  1  1  0  1  0  0 ] (0.00194764)
[  0  0  0  1  1  0  1  0  1 ] (0.00001534)
[  0  0  0  1  1  0  1  0  2 ] (0.00000220)
[  0  0  0  1  1  0  1  1  0 ] (0.00018262)
[  0  0  0  1  1  0  1  1  1 ] (0.00000662)
[  0  0  0  1  1  0  1  2  0 ] (0.00000055)
[  0  0  0  1  1  0  2  0  0 ] (0.00001312)
[  0  0  0  1  1  0  2  0  1 ] (0.00000371)
[  0  0  0  1  1  0  2  1  0 ] (0.00001323)
[  0  0  0  1  1  0  3  0  0 ] (0.00000003)
[  0  0  0  1  1  1  0  0  0 ] (0.00386554)
[  0  0  0  1  1  1  0  0  1 ] (0.00007057)
[  0  0  0  1  1  1  0  0  2 ] (0.00000090)
[  0  0  0  1  1  1  0  1  0 ] (0.00002064)
[  0  0  0  1  1  1  0  1  1 ] (0.00000439)
[  0  0  0  1  1  1  0  2  0 ] (0.00000739)
[  0  0  0  1  1  1  1  0  0 ] (0.00021698)
[  0  0  0  1  1  1  1  0  1 ] (0.00006167)
[  0  0  0  1  1  1  1  1  0 ] (0.00032344)
[  0  0  0  1  1  1  2  0  0 ] (0.00000148)
[  0  0  0  1  1  2  0  0  0 ] (0.00000001)
[  0  0  0  1  1  2  0  0  1 ] (0.00002425)
[  0  0  0  1  1  2  0  1  0 ] (0.00002654)
[  0  0  0  1  1  2  1  0  0 ] (0.00000593)
[  0  0  0  1  1  3  0  0  0 ] (0.00000002)
[  0  0  0  1  2  0  0  0  0 ] (0.00049638)
[  0  0  0  1  2  0  0  0  1 ] (0.00000468)
[  0  0  0  1  2  0  0  0  2 ] (0.00000003)
[  0  0  0  1  2  0  0  1  0 ] (0.00002941)
[  0  0  0  1  2  0  0  1  1 ] (0.00000838)
[  0  0  0  1  2  0  0  2  0 ] (0.00001377)
[  0  0  0  1  2  0  1  0  0 ] (0.00002754)
[  0  0  0  1  2  0  1  0  1 ] (0.00000100)
[  0  0  0  1  2  0  1  1  0 ] (0.00000169)
[  0  0  0  1  2  0  2  0  0 ] (0.00000738)
[  0  0  0  1  2  1  0  0  0 ] (0.00002829)
[  0  0  0  1  2  1  0  0  1 ] (0.00000320)
[  0  0  0  1  2  1  0  1  0 ] (0.00000206)
[  0  0  0  1  2  1  1  0  0 ] (0.00013080)
[  0  0  0  1  2  2  0  0  0 ] (0.00000103)
[  0  0  0  1  3  0  0  0  0 ] (0.00141212)
[  0  0  0  1  3  0  0  0  1 ] (0.00001021)
[  0  0  0  1  3  0  0  1  0 ] (0.00009123)
[  0  0  0  1  3  0  1  0  0 ] (0.00000109)
[  0  0  0  1  3  1  0  0  0 ] (0.00000380)
[  0  0  0  1  4  0  0  0  0 ] (0.00001309)
[  0  0  0  2  0  0  0  0  0 ] (0.00002082)
[  0  0  0  2  0  0  0  0  1 ] (0.00008302)
[  0  0  0  2  0  0  0  0  2 ] (0.00000015)
[  0  0  0  2  0  0  0  0  3 ] (0.00000001)
[  0  0  0  2  0  0  0  1  0 ] (0.00011295)
[  0  0  0  2  0  0  0  1  1 ] (0.00000568)
[  0  0  0  2  0  0  0  1  2 ] (0.00000241)
[  0  0  0  2  0  0  0  2  0 ] (0.00001190)
[  0  0  0  2  0  0  0  2  1 ] (0.00000124)
[  0  0  0  2  0  0  0  3  0 ] (0.00001517)
[  0  0  0  2  0  0  1  0  0 ] (0.00000238)
[  0  0  0  2  0  0  1  0  1 ] (0.00000158)
[  0  0  0  2  0  0  1  0  2 ] (0.00000082)
[  0  0  0  2  0  0  1  1  0 ] (0.00000233)
[  0  0  0  2  0  0  1  1  1 ] (0.00001826)
[  0  0  0  2  0  0  1  2  0 ] (0.00000046)
[  0  0  0  2  0  0  2  0  0 ] (0.00002708)
[  0  0  0  2  0  0  2  0  1 ] (0.00000494)
[  0  0  0  2  0  0  2  1  0 ] (0.00000363)
[  0  0  0  2  0  0  3  0  0 ] (0.00001695)
[  0  0  0  2  0  1  0  0  0 ] (0.00032103)
[  0  0  0  2  0  1  0  0  1 ] (0.00000154)
[  0  0  0  2  0  1  0  0  2 ] (0.00000003)
[  0  0  0  2  0  1  0  1  0 ] (0.00012856)
[  0  0  0  2  0  1  0  1  1 ] (0.00000285)
[  0  0  0  2  0  1  0  2  0 ] (0.00000001)
[  0  0  0  2  0  1  1  0  0 ] (0.00000636)
[  0  0  0  2  0  1  1  0  1 ] (0.00000089)
[  0  0  0  2  0  1  1  1  0 ] (0.00001166)
[  0  0  0  2  0  1  2  0  0 ] (0.00000432)
[  0  0  0  2  0  2  0  0  0 ] (0.00006698)
[  0  0  0  2  0  2  0  0  1 ] (0.00001006)
[  0  0  0  2  0  2  0  1  0 ] (0.00000020)
[  0  0  0  2  0  2  1  0  0 ] (0.00000465)
[  0  0  0  2  0  3  0  0  0 ] (0.00002280)
[  0  0  0  2  1  0  0  0  0 ] (0.00000532)
[  0  0  0  2  1  0  0  0  1 ] (0.00000190)
[  0  0  0  2  1  0  0  0  2 ] (0.00000032)
[  0  0  0  2  1  0  0  1  0 ] (0.00000003)
[  0  0  0  2  1  0  0  1  1 ] (0.00000019)
[  0  0  0  2  1  0  0  2  0 ] (0.00000116)
[  0  0  0  2  1  0  1  0  0 ] (0.00000202)
[  0  0  0  2  1  0  1  0  1 ] (0.00000752)
[  0  0  0  2  1  0  1  1  0 ] (0.00000679)
[  0  0  0  2  1  0  2  0  0 ] (0.00001854)
[  0  0  0  2  1  1  0  0  0 ] (0.00011090)
[  0  0  0  2  1  1  0  0  1 ] (0.00000381)
[  0  0  0  2  1  1  0  1  0 ] (0.00003291)
[  0  0  0  2  1  1  1  0  0 ] (0.00000210)
[  0  0  0  2  1  2  0  0  0 ] (0.00000415)
[  0  0  0  2  2  0  0  0  0 ] (0.00000038)
[  0  0  0  2  2  0  0  0  1 ] (0.00000010)
[  0  0  0  2  2  0  0  1  0 ] (0.00000037)
[  0  0  0  2  2  0  1  0  0 ] (0.00000129)
[  0  0  0  2  2  1  0  0  0 ] (0.00000702)
[  0  0  0  2  3  0  0  0  0 ] (0.00000180)
[  0  0  0  3  0  0  0  0  0 ] (0.00919279)
[  0  0  0  3  0  0  0  0  1 ] (0.00000316)
[  0  0  0  3  0  0  0  0  2 ] (0.00000039)
[  0  0  0  3  0  0  0  1  0 ] (0.00016809)
[  0  0  0  3  0  0  0  1  1 ] (0.00000588)
[  0  0  0  3  0  0  0  2  0 ] (0.00001002)
[  0  0  0  3  0  0  1  0  0 ] (0.00005295)
[  0  0  0  3  0  0  1  0  1 ] (0.00000144)
[  0  0  0  3  0  0  1  1  0 ] (0.00000465)
[  0  0  0  3  0  0  2  0  0 ] (0.00002853)
[  0  0  0  3  0  1  0  0  0 ] (0.00000848)
[  0  0  0  3  0  1  0  0  1 ] (0.00000004)
[  0  0  0  3  0  1  0  1  0 ] (0.00001982)
[  0  0  0  3  0  1  1  0  0 ] (0.00000193)
[  0  0  0  3  0  2  0  0  0 ] (0.00000002)
[  0  0  0  3  1  0  0  0  0 ] (0.00003444)
[  0  0  0  3  1  0  0  0  1 ] (0.00000001)
[  0  0  0  3  1  0  0  1  0 ] (0.00000287)
[  0  0  0  3  1  0  1  0  0 ] (0.00001633)
[  0  0  0  3  1  1  0  0  0 ] (0.00005725)
[  0  0  0  3  2  0  0  0  0 ] (0.00000502)
[  0  0  0  4  0  0  0  0  0 ] (0.00103942)
[  0  0  0  4  0  0  0  0  1 ] (0.00000048)
[  0  0  0  4  0  0  0  1  0 ] (0.00019484)
[  0  0  0  4  0  0  1  0  0 ] (0.00004114)
[  0  0  0  4  0  1  0  0  0 ] (0.00016916)
[  0  0  0  4  1  0  0  0  0 ] (0.00001587)
[  0  0  0  5  0  0  0  0  0 ] (0.00001365)
[  0  0  1  0  0  0  0  0  0 ] (0.00000003)
[  0  0  1  0  0  0  0  0  1 ] (0.00000028)
[  0  0  1  0  0  0  0  0  2 ] (0.00000013)
[  0  0  1  0  0  0  0  0  3 ] (0.00000003)
[  0  0  1  0  0  0  0  0  4 ] (0.00000000)
[  0  0  1  0  0  0  0  1  0 ] (0.00000065)
[  0  0  1  0  0  0  0  1  1 ] (0.00000001)
[  0  0  1  0  0  0  0  1  2 ] (0.00000000)
[  0  0  1  0  0  0  0  1  3 ] (0.00000000)
[  0  0  1  0  0  0  0  2  0 ] (0.00000133)
[  0  0  1  0  0  0  0  2  1 ] (0.00000001)
[  0  0  1  0  0  0  0  2  2 ] (0.00000000)
[  0  0  1  0  0  0  0  3  0 ] (0.00000004)
[  0  0  1  0  0  0  0  3  1 ] (0.00000000)
[  0  0  1  0  0  0  0  4  0 ] (0.00000000)
[  0  0  1  0  0  0  1  0  0 ] (0.00000024)
[  0  0  1  0  0  0  1  0  1 ] (0.00000012)
[  0  0  1  0  0  0  1  0  2 ] (0.00000000)
[  0  0  1  0  0  0  1  0  3 ] (0.00000000)
[  0  0  1  0  0  0  1  1  0 ] (0.00000020)
[  0  0  1  0  0  0  1  1  1 ] (0.00000000)
[  0  0  1  0  0  0  1  1  2 ] (0.00000000)
[  0  0  1  0  0  0  1  2  0 ] (0.00000004)
[  0  0  1  0  0  0  1  2  1 ] (0.00000000)
[  0  0  1  0  0  0  1  3  0 ] (0.00000000)
[  0  0  1  0  0  0  2  0  0 ] (0.00000316)
[  0  0  1  0  0  0  2  0  1 ] (0.00000013)
[  0  0  1  0  0  0  2  0  2 ] (0.00000001)
[  0  0  1  0  0  0  2  1  0 ] (0.00000001)
[  0  0  1  0  0  0  2  1  1 ] (0.00000000)
[  0  0  1  0  0  0  2  2  0 ] (0.00000001)
[  0  0  1  0  0  0  3  0  0 ] (0.00000002)
[  0  0  1  0  0  0  3  0  1 ] (0.00000000)
[  0  0  1  0  0  0  3  1  0 ] (0.00000000)
[  0  0  1  0  0  0  4  0  0 ] (0.00000000)
[  0  0  1  0  0  1  0  0  0 ] (0.00000003)
[  0  0  1  0  0  1  0  0  1 ] (0.00000000)
[  0  0  1  0  0  1  0  0  2 ] (0.00000000)
[  0  0  1  0  0  1  0  0  3 ] (0.00000000)
[  0  0  1  0  0  1  0  1  0 ] (0.00000000)
[  0  0  1  0  0  1  0  1  1 ] (0.00000000)
[  0  0  1  0  0  1  0  1  2 ] (0.00000000)
[  0  0  1  0  0  1  0  2  0 ] (0.00000001)
[  0  0  1  0  0  1  0  2  1 ] (0.00000000)
[  0  0  1  0  0  1  0  3  0 ] (0.00000000)
[  0  0  1  0  0  1  1  0  0 ] (0.00000005)
[  0  0  1  0  0  1  1  0  1 ] (0.00000002)
[  0  0  1  0  0  1  1  0  2 ] (0.00000000)
[  0  0  1  0  0  1  1  1  0 ] (0.00000000)
[  0  0  1  0  0  1  1  1  1 ] (0.00000000)
[  0  0  1  0  0  1  1  2  0 ] (0.00000000)
[  0  0  1  0  0  1  2  0  0 ] (0.00000006)
[  0  0  1  0  0  1  2  0  1 ] (0.00000001)
[  0  0  1  0  0  1  2  1  0 ] (0.00000000)
[  0  0  1  0  0  1  3  0  0 ] (0.00000001)
[  0  0  1  0  0  2  0  0  0 ] (0.00000556)
[  0  0  1  0  0  2  0  0  1 ] (0.00000079)
[  0  0  1  0  0  2  0  0  2 ] (0.00000000)
[  0  0  1  0  0  2  0  1  0 ] (0.00000002)
[  0  0  1  0  0  2  0  1  1 ] (0.00000000)
[  0  0  1  0  0  2  0  2  0 ] (0.00000000)
[  0  0  1  0  0  2  1  0  0 ] (0.00000011)
[  0  0  1  0  0  2  1  0  1 ] (0.00000001)
[  0  0  1  0  0  2  1  1  0 ] (0.00000000)
[  0  0  1  0  0  2  2  0  0 ] (0.00000000)
[  0  0  1  0  0  3  0  0  0 ] (0.00000006)
[  0  0  1  0  0  3  0  0  1 ] (0.00000000)
[  0  0  1  0  0  3  0  1  0 ] (0.00000000)
[  0  0  1  0  0  3  1  0  0 ] (0.00000000)
[  0  0  1  0  0  4  0  0  0 ] (0.00000002)
[  0  0  1  0  1  0  0  0  0 ] (0.00000268)
[  0  0  1  0  1  0  0  0  1 ] (0.00000000)
[  0  0  1  0  1  0  0  0  2 ] (0.00000001)
[  0  0  1  0  1  0  0  0  3 ] (0.00000000)
[  0  0  1  0  1  0  0  1  0 ] (0.00000001)
[  0  0  1  0  1  0  0  1  1 ] (0.00000000)
[  0  0  1  0  1  0  0  1  2 ] (0.00000000)
[  0  0  1  0  1  0  0  2  0 ] (0.00000003)
[  0  0  1  0  1  0  0  2  1 ] (0.00000000)
[  0  0  1  0  1  0  0  3  0 ] (0.00000000)
[  0  0  1  0  1  0  1  0  0 ] (0.00000000)
[  0  0  1  0  1  0  1  0  1 ] (0.00000002)
[  0  0  1  0  1  0  1  0  2 ] (0.00000000)
[  0  0  1  0  1  0  1  1  0 ] (0.00000000)
[  0  0  1  0  1  0  1  1  1 ] (0.00000000)
[  0  0  1  0  1  0  1  2  0 ] (0.00000000)
[  0  0  1  0  1  0  2  0  0 ] (0.00000006)
[  0  0  1  0  1  0  2  0  1 ] (0.00000002)
[  0  0  1  0  1  0  2  1  0 ] (0.00000001)
[  0  0  1  0  1  0  3  0  0 ] (0.00000001)
[  0  0  1  0  1  1  0  0  0 ] (0.00000003)
[  0  0  1  0  1  1  0  0  1 ] (0.00000000)
[  0  0  1  0  1  1  0  0  2 ] (0.00000000)
[  0  0  1  0  1  1  0  1  0 ] (0.00000000)
[  0  0  1  0  1  1  0  1  1 ] (0.00000000)
[  0  0  1  0  1  1  0  2  0 ] (0.00000000)
[  0  0  1  0  1  1  1  0  0 ] (0.00000002)
[  0  0  1  0  1  1  1  0  1 ] (0.00000000)
[  0  0  1  0  1  1  1  1  0 ] (0.00000000)
[  0  0  1  0  1  1  2  0  0 ] (0.00000001)
[  0  0  1  0  1  2  0  0  0 ] (0.00000003)
[  0  0  1  0  1  2  0  0  1 ] (0.00000000)
[  0  0  1  0  1  2  0  1  0 ] (0.00000000)
[  0  0  1  0  1  2  1  0  0 ] (0.00000000)
[  0  0  1  0  1  3  0  0  0 ] (0.00000000)
[  0  0  1  0  2  0  0  0  0 ] (0.00002982)
[  0  0  1  0  2  0  0  0  1 ] (0.00000119)
[  0  0  1  0  2  0  0  0  2 ] (0.00000004)
[  0  0  1  0  2  0  0  1  0 ] (0.00000019)
[  0  0  1  0  2  0  0  1  1 ] (0.00000008)
[  0  0  1  0  2  0  0  2  0 ] (0.00000000)
[  0  0  1  0  2  0  1  0  0 ] (0.00000019)
[  0  0  1  0  2  0  1  0  1 ] (0.00000000)
[  0  0  1  0  2  0  1  1  0 ] (0.00000000)
[  0  0  1  0  2  0  2  0  0 ] (0.00000001)
[  0  0  1  0  2  1  0  0  0 ] (0.00000002)
[  0  0  1  0  2  1  0  0  1 ] (0.00000001)
[  0  0  1  0  2  1  0  1  0 ] (0.00000003)
[  0  0  1  0  2  1  1  0  0 ] (0.00000008)
[  0  0  1  0  2  2  0  0  0 ] (0.00000000)
[  0  0  1  0  3  0  0  0  0 ] (0.00000015)
[  0  0  1  0  3  0  0  0  1 ] (0.00000001)
[  0  0  1  0  3  0  0  1  0 ] (0.00000001)
[  0  0  1  0  3  0  1  0  0 ] (0.00000002)
[  0  0  1  0  3  1  0  0  0 ] (0.00000004)
[  0  0  1  0  4  0  0  0  0 ] (0.00000001)
[  0  0  1  1  0  0  0  0  0 ] (0.00000000)
[  0  0  1  1  0  0  0  0  1 ] (0.00000080)
[  0  0  1  1  0  0  0  0  2 ] (0.00000001)
[  0  0  1  1  0  0  0  0  3 ] (0.00000000)
[  0  0  1  1  0  0  0  1  0 ] (0.00000013)
[  0  0  1  1  0  0  0  1  1 ] (0.00000000)
[  0  0  1  1  0  0  0  1  2 ] (0.00000000)
[  0  0  1  1  0  0  0  2  0 ] (0.00000000)
[  0  0  1  1  0  0  0  2  1 ] (0.00000000)
[  0  0  1  1  0  0  0  3  0 ] (0.00000000)
[  0  0  1  1  0  0  1  0  0 ] (0.00000014)
[  0  0  1  1  0  0  1  0  1 ] (0.00000000)
[  0  0  1  1  0  0  1  0  2 ] (0.00000000)
[  0  0  1  1  0  0  1  1  0 ] (0.00000003)
[  0  0  1  1  0  0  1  1  1 ] (0.00000000)
[  0  0  1  1  0  0  1  2  0 ] (0.00000000)
[  0  0  1  1  0  0  2  0  0 ] (0.00000006)
[  0  0  1  1  0  0  2  0  1 ] (0.00000001)
[  0  0  1  1  0  0  2  1  0 ] (0.00000000)
[  0  0  1  1  0  0  3  0  0 ] (0.00000000)
[  0  0  1  1  0  1  0  0  0 ] (0.00000025)
[  0  0  1  1  0  1  0  0  1 ] (0.00000001)
[  0  0  1  1  0  1  0  0  2 ] (0.00000000)
[  0  0  1  1  0  1  0  1  0 ] (0.00000000)
[  0  0  1  1  0  1  0  1  1 ] (0.00000000)
[  0  0  1  1  0  1  0  2  0 ] (0.00000000)
[  0  0  1  1  0  1  1  0  0 ] (0.00000000)
[  0  0  1  1  0  1  1  0  1 ] (0.00000000)
[  0  0  1  1  0  1  1  1  0 ] (0.00000000)
[  0  0  1  1  0  1  2  0  0 ] (0.00000000)
[  0  0  1  1  0  2  0  0  0 ] (0.00000012)
[  0  0  1  1  0  2  0  0  1 ] (0.00000002)
[  0  0  1  1  0  2  0  1  0 ] (0.00000000)
[  0  0  1  1  0  2  1  0  0 ] (0.00000000)
[  0  0  1  1  0  3  0  0  0 ] (0.00000000)
[  0  0  1  1  1  0  0  0  0 ] (0.00000024)
[  0  0  1  1  1  0  0  0  1 ] (0.00000000)
[  0  0  1  1  1  0  0  0  2 ] (0.00000000)
[  0  0  1  1  1  0  0  1  0 ] (0.00000004)
[  0  0  1  1  1  0  0  1  1 ] (0.00000000)
[  0  0  1  1  1  0  0  2  0 ] (0.00000001)
[  0  0  1  1  1  0  1  0  0 ] (0.00000009)
[  0  0  1  1  1  0  1  0  1 ] (0.00000000)
[  0  0  1  1  1  0  1  1  0 ] (0.00000000)
[  0  0  1  1  1  0  2  0  0 ] (0.00000000)
[  0  0  1  1  1  1  0  0  0 ] (0.00000000)
[  0  0  1  1  1  1  0  0  1 ] (0.00000000)
[  0  0  1  1  1  1  0  1  0 ] (0.00000000)
[  0  0  1  1  1  1  1  0  0 ] (0.00000000)
[  0  0  1  1  1  2  0  0  0 ] (0.00000000)
[  0  0  1  1  2  0  0  0  0 ] (0.00000056)
[  0  0  1  1  2  0  0  0  1 ] (0.00000009)
[  0  0  1  1  2  0  0  1  0 ] (0.00000000)
[  0  0  1  1  2  0  1  0  0 ] (0.00000003)
[  0  0  1  1  2  1  0  0  0 ] (0.00000003)
[  0  0  1  1  3  0  0  0  0 ] (0.00000004)
[  0  0  1  2  0  0  0  0  0 ] (0.00000090)
[  0  0  1  2  0  0  0  0  1 ] (0.00000005)
[  0  0  1  2  0  0  0  0  2 ] (0.00000000)
[  0  0  1  2  0  0  0  1  0 ] (0.00000003)
[  0  0  1  2  0  0  0  1  1 ] (0.00000001)
[  0  0  1  2  0  0  0  2  0 ] (0.00000000)
[  0  0  1  2  0  0  1  0  0 ] (0.00000000)
[  0  0  1  2  0  0  1  0  1 ] (0.00000000)
[  0  0  1  2  0  0  1  1  0 ] (0.00000001)
[  0  0  1  2  0  0  2  0  0 ] (0.00000000)
[  0  0  1  2  0  1  0  0  0 ] (0.00000000)
[  0  0  1  2  0  1  0  0  1 ] (0.00000000)
[  0  0  1  2  0  1  0  1  0 ] (0.00000000)
[  0  0  1  2  0  1  1  0  0 ] (0.00000001)
[  0  0  1  2  0  2  0  0  0 ] (0.00000000)
[  0  0  1  2  1  0  0  0  0 ] (0.00000032)
[  0  0  1  2  1  0  0  0  1 ] (0.00000003)
[  0  0  1  2  1  0  0  1  0 ] (0.00000000)
[  0  0  1  2  1  0  1  0  0 ] (0.00000001)
[  0  0  1  2  1  1  0  0  0 ] (0.00000000)
[  0  0  1  2  2  0  0  0  0 ] (0.00000001)
[  0  0  1  3  0  0  0  0  0 ] (0.00000005)
[  0  0  1  3  0  0  0  0  1 ] (0.00000000)
[  0  0  1  3  0  0  0  1  0 ] (0.00000000)
[  0  0  1  3  0  0  1  0  0 ] (0.00000000)
[  0  0  1  3  0  1  0  0  0 ] (0.00000000)
[  0  0  1  3  1  0  0  0  0 ] (0.00000003)
[  0  0  1  4  0  0  0  0  0 ] (0.00000003)
[  0  0  2  0  0  0  0  0  0 ] (0.01006931)
[  0  0  2  0  0  0  0  0  1 ] (0.00002809)
[  0  0  2  0  0  0  0  0  2 ] (0.00000677)
[  0  0  2  0  0  0  0  0  3 ] (0.00000200)
[  0  0  2  0  0  0  0  1  0 ] (0.02046892)
[  0  0  2  0  0  0  0  1  1 ] (0.00180581)
[  0  0  2  0  0  0  0  1  2 ] (0.00000256)
[  0  0  2  0  0  0  0  2  0 ] (0.00067722)
[  0  0  2  0  0  0  0  2  1 ] (0.00004069)
[  0  0  2  0  0  0  0  3  0 ] (0.00041377)
[  0  0  2  0  0  0  1  0  0 ] (0.01671897)
[  0  0  2  0  0  0  1  0  1 ] (0.00134475)
[  0  0  2  0  0  0  1  0  2 ] (0.00000002)
[  0  0  2  0  0  0  1  1  0 ] (0.00004360)
[  0  0  2  0  0  0  1  1  1 ] (0.00004259)
[  0  0  2  0  0  0  1  2  0 ] (0.00000713)
[  0  0  2  0  0  0  2  0  0 ] (0.00001254)
[  0  0  2  0  0  0  2  0  1 ] (0.00000133)
[  0  0  2  0  0  0  2  1  0 ] (0.00000122)
[  0  0  2  0  0  0  3  0  0 ] (0.00000868)
[  0  0  2  0  0  1  0  0  0 ] (0.01855152)
[  0  0  2  0  0  1  0  0  1 ] (0.00163077)
[  0  0  2  0  0  1  0  0  2 ] (0.00000147)
[  0  0  2  0  0  1  0  1  0 ] (0.00017048)
[  0  0  2  0  0  1  0  1  1 ] (0.00006302)
[  0  0  2  0  0  1  0  2  0 ] (0.00000687)
[  0  0  2  0  0  1  1  0  0 ] (0.00008703)
[  0  0  2  0  0  1  1  0  1 ] (0.00001015)
[  0  0  2  0  0  1  1  1  0 ] (0.00001232)
[  0  0  2  0  0  1  2  0  0 ] (0.00000121)
[  0  0  2  0  0  2  0  0  0 ] (0.00009930)
[  0  0  2  0  0  2  0  0  1 ] (0.00002036)
[  0  0  2  0  0  2  0  1  0 ] (0.00000370)
[  0  0  2  0  0  2  1  0  0 ] (0.00000170)
[  0  0  2  0  0  3  0  0  0 ] (0.00013999)
[  0  0  2  0  1  0  0  0  0 ] (0.00311031)
[  0  0  2  0  1  0  0  0  1 ] (0.00058654)
[  0  0  2  0  1  0  0  0  2 ] (0.00000385)
[  0  0  2  0  1  0  0  1  0 ] (0.00065873)
[  0  0  2  0  1  0  0  1  1 ] (0.00008453)
[  0  0  2  0  1  0  0  2  0 ] (0.00000634)
[  0  0  2  0  1  0  1  0  0 ] (0.00047495)
[  0  0  2  0  1  0  1  0  1 ] (0.00000002)
[  0  0  2  0  1  0  1  1  0 ] (0.00000074)
[  0  0  2  0  1  0  2  0  0 ] (0.00000501)
[  0  0  2  0  1  1  0  0  0 ] (0.00088174)
[  0  0  2  0  1  1  0  0  1 ] (0.00000385)
[  0  0  2  0  1  1  0  1  0 ] (0.00007052)
[  0  0  2  0  1  1  1  0  0 ] (0.00000390)
[  0  0  2  0  1  2  0  0  0 ] (0.00000102)
[  0  0  2  0  2  0  0  0  0 ] (0.00000096)
[  0  0  2  0  2  0  0  0  1 ] (0.00000026)
[  0  0  2  0  2  0  0  1  0 ] (0.00000692)
[  0  0  2  0  2  0  1  0  0 ] (0.00000020)
[  0  0  2  0  2  1  0  0  0 ] (0.00000362)
[  0  0  2  0  3  0  0  0  0 ] (0.00000020)
[  0  0  2  1  0  0  0  0  0 ] (0.00567257)
[  0  0  2  1  0  0  0  0  1 ] (0.00056191)
[  0  0  2  1  0  0  0  0  2 ] (0.00000860)
[  0  0  2  1  0  0  0  1  0 ] (0.00055014)
[  0  0  2  1  0  0  0  1  1 ] (0.00008802)
[  0  0  2  1  0  0  0  2  0 ] (0.00001663)
[  0  0  2  1  0  0  1  0  0 ] (0.00035105)
[  0  0  2  1  0  0  1  0  1 ] (0.00003685)
[  0  0  2  1  0  0  1  1  0 ] (0.00000910)
[  0  0  2  1  0  0  2  0  0 ] (0.00002369)
[  0  0  2  1  0  1  0  0  0 ] (0.00029587)
[  0  0  2  1  0  1  0  0  1 ] (0.00000063)
[  0  0  2  1  0  1  0  1  0 ] (0.00000740)
[  0  0  2  1  0  1  1  0  0 ] (0.00000181)
[  0  0  2  1  0  2  0  0  0 ] (0.00000935)
[  0  0  2  1  1  0  0  0  0 ] (0.00000139)
[  0  0  2  1  1  0  0  0  1 ] (0.00000073)
[  0  0  2  1  1  0  0  1  0 ] (0.00000001)
[  0  0  2  1  1  0  1  0  0 ] (0.00002416)
[  0  0  2  1  1  1  0  0  0 ] (0.00002466)
[  0  0  2  1  2  0  0  0  0 ] (0.00000011)
[  0  0  2  2  0  0  0  0  0 ] (0.00044177)
[  0  0  2  2  0  0  0  0  1 ] (0.00001799)
[  0  0  2  2  0  0  0  1  0 ] (0.00002649)
[  0  0  2  2  0  0  1  0  0 ] (0.00001087)
[  0  0  2  2  0  1  0  0  0 ] (0.00002526)
[  0  0  2  2  1  0  0  0  0 ] (0.00000412)
[  0  0  2  3  0  0  0  0  0 ] (0.00013406)
[  0  0  3  0  0  0  0  0  0 ] (0.00099716)
[  0  0  3  0  0  0  0  0  1 ] (0.00029884)
[  0  0  3  0  0  0  0  0  2 ] (0.00000067)
[  0  0  3  0  0  0  0  1  0 ] (0.00008297)
[  0  0  3  0  0  0  0  1  1 ] (0.00002192)
[  0  0  3  0  0  0  0  2  0 ] (0.00000041)
[  0  0  3  0  0  0  1  0  0 ] (0.00018228)
[  0  0  3  0  0  0  1  0  1 ] (0.00000211)
[  0  0  3  0  0  0  1  1  0 ] (0.00001217)
[  0  0  3  0  0  0  2  0  0 ] (0.00000369)
[  0  0  3  0  0  1  0  0  0 ] (0.00013816)
[  0  0  3  0  0  1  0  0  1 ] (0.00000462)
[  0  0  3  0  0  1  0  1  0 ] (0.00002266)
[  0  0  3  0  0  1  1  0  0 ] (0.00000214)
[  0  0  3  0  0  2  0  0  0 ] (0.00000611)
[  0  0  3  0  1  0  0  0  0 ] (0.00005722)
[  0  0  3  0  1  0  0  0  1 ] (0.00000117)
[  0  0  3  0  1  0  0  1  0 ] (0.00000232)
[  0  0  3  0  1  0  1  0  0 ] (0.00000859)
[  0  0  3  0  1  1  0  0  0 ] (0.00002459)
[  0  0  3  0  2  0  0  0  0 ] (0.00000017)
[  0  0  3  1  0  0  0  0  0 ] (0.00026321)
[  0  0  3  1  0  0  0  0  1 ] (0.00000613)
[  0  0  3  1  0  0  0  1  0 ] (0.00001178)
[  0  0  3  1  0  0  1  0  0 ] (0.00001686)
[  0  0  3  1  0  1  0  0  0 ] (0.00002378)
[  0  0  3  1  1  0  0  0  0 ] (0.00004899)
[  0  0  3  2  0  0  0  0  0 ] (0.00000001)
[  0  0  4  0  0  0  0  0  0 ] (0.00000089)
[  0  0  4  0  0  0  0  0  1 ] (0.00000003)
[  0  0  4  0  0  0  0  1  0 ] (0.00000000)
[  0  0  4  0  0  0  1  0  0 ] (0.00000003)
[  0  0  4  0  0  1  0  0  0 ] (0.00000008)
[  0  0  4  0  1  0  0  0  0 ] (0.00000014)
[  0  0  4  1  0  0  0  0  0 ] (0.00000003)
[  0  0  5  0  0  0  0  0  0 ] (0.00661952)
[  0  1  0  0  0  0  0  0  0 ] (0.00000004)
[  0  1  0  0  0  0  0  0  1 ] (0.00003802)
[  0  1  0  0  0  0  0  0  2 ] (0.00000046)
[  0  1  0  0  0  0  0  0  3 ] (0.00000005)
[  0  1  0  0  0  0  0  0  4 ] (0.00000002)
[  0  1  0  0  0  0  0  1  0 ] (0.00000023)
[  0  1  0  0  0  0  0  1  1 ] (0.00000009)
[  0  1  0  0  0  0  0  1  2 ] (0.00000000)
[  0  1  0  0  0  0  0  1  3 ] (0.00000000)
[  0  1  0  0  0  0  0  2  0 ] (0.00000020)
[  0  1  0  0  0  0  0  2  1 ] (0.00000001)
[  0  1  0  0  0  0  0  2  2 ] (0.00000000)
[  0  1  0  0  0  0  0  3  0 ] (0.00000000)
[  0  1  0  0  0  0  0  3  1 ] (0.00000000)
[  0  1  0  0  0  0  0  4  0 ] (0.00000000)
[  0  1  0  0  0  0  1  0  0 ] (0.00000000)
[  0  1  0  0  0  0  1  0  1 ] (0.00000000)
[  0  1  0  0  0  0  1  0  2 ] (0.00000002)
[  0  1  0  0  0  0  1  0  3 ] (0.00000002)
[  0  1  0  0  0  0  1  1  0 ] (0.00000016)
[  0  1  0  0  0  0  1  1  1 ] (0.00000000)
[  0  1  0  0  0  0  1  1  2 ] (0.00000000)
[  0  1  0  0  0  0  1  2  0 ] (0.00000001)
[  0  1  0  0  0  0  1  2  1 ] (0.00000000)
[  0  1  0  0  0  0  1  3  0 ] (0.00000000)
[  0  1  0  0  0  0  2  0  0 ] (0.00001171)
[  0  1  0  0  0  0  2  0  1 ] (0.00000074)
[  0  1  0  0  0  0  2  0  2 ] (0.00000004)
[  0  1  0  0  0  0  2  1  0 ] (0.00000015)
[  0  1  0  0  0  0  2  1  1 ] (0.00000001)
[  0  1  0  0  0  0  2  2  0 ] (0.00000001)
[  0  1  0  0  0  0  3  0  0 ] (0.00000044)
[  0  1  0  0  0  0  3  0  1 ] (0.00000004)
[  0  1  0  0  0  0  3  1  0 ] (0.00000003)
[  0  1  0  0  0  0  4  0  0 ] (0.00000000)
[  0  1  0  0  0  1  0  0  0 ] (0.00000011)
[  0  1  0  0  0  1  0  0  1 ] (0.00000022)
[  0  1  0  0  0  1  0  0  2 ] (0.00000001)
[  0  1  0  0  0  1  0  0  3 ] (0.00000003)
[  0  1  0  0  0  1  0  1  0 ] (0.00000005)
[  0  1  0  0  0  1  0  1  1 ] (0.00000004)
[  0  1  0  0  0  1  0  1  2 ] (0.00000000)
[  0  1  0  0  0  1  0  2  0 ] (0.00000000)
[  0  1  0  0  0  1  0  2  1 ] (0.00000000)
[  0  1  0  0  0  1  0  3  0 ] (0.00000000)
[  0  1  0  0  0  1  1  0  0 ] (0.00000027)
[  0  1  0  0  0  1  1  0  1 ] (0.00000003)
[  0  1  0  0  0  1  1  0  2 ] (0.00000000)
[  0  1  0  0  0  1  1  1  0 ] (0.00000000)
[  0  1  0  0  0  1  1  1  1 ] (0.00000000)
[  0  1  0  0  0  1  1  2  0 ] (0.00000000)
[  0  1  0  0  0  1  2  0  0 ] (0.00000018)
[  0  1  0  0  0  1  2  0  1 ] (0.00000001)
[  0  1  0  0  0  1  2  1  0 ] (0.00000000)
[  0  1  0  0  0  1  3  0  0 ] (0.00000001)
[  0  1  0  0  0  2  0  0  0 ] (0.00000428)
[  0  1  0  0  0  2  0  0  1 ] (0.00000031)
[  0  1  0  0  0  2  0  0  2 ] (0.00000002)
[  0  1  0  0  0  2  0  1  0 ] (0.00000003)
[  0  1  0  0  0  2  0  1  1 ] (0.00000000)
[  0  1  0  0  0  2  0  2  0 ] (0.00000000)
[  0  1  0  0  0  2  1  0  0 ] (0.00000034)
[  0  1  0  0  0  2  1  0  1 ] (0.00000001)
[  0  1  0  0  0  2  1  1  0 ] (0.00000000)
[  0  1  0  0  0  2  2  0  0 ] (0.00000000)
[  0  1  0  0  0  3  0  0  0 ] (0.00000063)
[  0  1  0  0  0  3  0  0  1 ] (0.00000003)
[  0  1  0  0  0  3  0  1  0 ] (0.00000002)
[  0  1  0  0  0  3  1  0  0 ] (0.00000001)
[  0  1  0  0  0  4  0  0  0 ] (0.00000002)
[  0  1  0  0  1  0  0  0  0 ] (0.00000013)
[  0  1  0  0  1  0  0  0  1 ] (0.00000021)
[  0  1  0  0  1  0  0  0  2 ] (0.00000000)
[  0  1  0  0  1  0  0  0  3 ] (0.00000000)
[  0  1  0  0  1  0  0  1  0 ] (0.00000011)
[  0  1  0  0  1  0  0  1  1 ] (0.00000000)
[  0  1  0  0  1  0  0  1  2 ] (0.00000000)
[  0  1  0  0  1  0  0  2  0 ] (0.00000003)
[  0  1  0  0  1  0  0  2  1 ] (0.00000000)
[  0  1  0  0  1  0  0  3  0 ] (0.00000000)
[  0  1  0  0  1  0  1  0  0 ] (0.00000068)
[  0  1  0  0  1  0  1  0  1 ] (0.00000000)
[  0  1  0  0  1  0  1  0  2 ] (0.00000000)
[  0  1  0  0  1  0  1  1  0 ] (0.00000004)
[  0  1  0  0  1  0  1  1  1 ] (0.00000001)
[  0  1  0  0  1  0  1  2  0 ] (0.00000000)
[  0  1  0  0  1  0  2  0  0 ] (0.00000001)
[  0  1  0  0  1  0  2  0  1 ] (0.00000000)
[  0  1  0  0  1  0  2  1  0 ] (0.00000000)
[  0  1  0  0  1  0  3  0  0 ] (0.00000002)
[  0  1  0  0  1  1  0  0  0 ] (0.00000218)
[  0  1  0  0  1  1  0  0  1 ] (0.00000003)
[  0  1  0  0  1  1  0  0  2 ] (0.00000000)
[  0  1  0  0  1  1  0  1  0 ] (0.00000002)
[  0  1  0  0  1  1  0  1  1 ] (0.00000000)
[  0  1  0  0  1  1  0  2  0 ] (0.00000000)
[  0  1  0  0  1  1  1  0  0 ] (0.00000006)
[  0  1  0  0  1  1  1  0  1 ] (0.00000001)
[  0  1  0  0  1  1  1  1  0 ] (0.00000000)
[  0  1  0  0  1  1  2  0  0 ] (0.00000001)
[  0  1  0  0  1  2  0  0  0 ] (0.00000000)
[  0  1  0  0  1  2  0  0  1 ] (0.00000000)
[  0  1  0  0  1  2  0  1  0 ] (0.00000000)
[  0  1  0  0  1  2  1  0  0 ] (0.00000000)
[  0  1  0  0  1  3  0  0  0 ] (0.00000000)
[  0  1  0  0  2  0  0  0  0 ] (0.00000000)
[  0  1  0  0  2  0  0  0  1 ] (0.00000000)
[  0  1  0  0  2  0  0  0  2 ] (0.00000000)
[  0  1  0  0  2  0  0  1  0 ] (0.00000000)
[  0  1  0  0  2  0  0  1  1 ] (0.00000001)
[  0  1  0  0  2  0  0  2  0 ] (0.00000000)
[  0  1  0  0  2  0  1  0  0 ] (0.00000006)
[  0  1  0  0  2  0  1  0  1 ] (0.00000001)
[  0  1  0  0  2  0  1  1  0 ] (0.00000000)
[  0  1  0  0  2  0  2  0  0 ] (0.00000001)
[  0  1  0  0  2  1  0  0  0 ] (0.00000010)
[  0  1  0  0  2  1  0  0  1 ] (0.00000001)
[  0  1  0  0  2  1  0  1  0 ] (0.00000000)
[  0  1  0  0  2  1  1  0  0 ] (0.00000000)
[  0  1  0  0  2  2  0  0  0 ] (0.00000000)
[  0  1  0  0  3  0  0  0  0 ] (0.00000028)
[  0  1  0  0  3  0  0  0  1 ] (0.00000000)
[  0  1  0  0  3  0  0  1  0 ] (0.00000000)
[  0  1  0  0  3  0  1  0  0 ] (0.00000001)
[  0  1  0  0  3  1  0  0  0 ] (0.00000000)
[  0  1  0  0  4  0  0  0  0 ] (0.00000005)
[  0  1  0  1  0  0  0  0  0 ] (0.00000014)
[  0  1  0  1  0  0  0  0  1 ] (0.00000063)
[  0  1  0  1  0  0  0  0  2 ] (0.00000008)
[  0  1  0  1  0  0  0  0  3 ] (0.00000002)
[  0  1  0  1  0  0  0  1  0 ] (0.00000000)
[  0  1  0  1  0  0  0  1  1 ] (0.00000000)
[  0  1  0  1  0  0  0  1  2 ] (0.00000000)
[  0  1  0  1  0  0  0  2  0 ] (0.00000000)
[  0  1  0  1  0  0  0  2  1 ] (0.00000000)
[  0  1  0  1  0  0  0  3  0 ] (0.00000000)
[  0  1  0  1  0  0  1  0  0 ] (0.00000070)
[  0  1  0  1  0  0  1  0  1 ] (0.00000000)
[  0  1  0  1  0  0  1  0  2 ] (0.00000000)
[  0  1  0  1  0  0  1  1  0 ] (0.00000000)
[  0  1  0  1  0  0  1  1  1 ] (0.00000000)
[  0  1  0  1  0  0  1  2  0 ] (0.00000000)
[  0  1  0  1  0  0  2  0  0 ] (0.00000003)
[  0  1  0  1  0  0  2  0  1 ] (0.00000000)
[  0  1  0  1  0  0  2  1  0 ] (0.00000001)
[  0  1  0  1  0  0  3  0  0 ] (0.00000000)
[  0  1  0  1  0  1  0  0  0 ] (0.00000280)
[  0  1  0  1  0  1  0  0  1 ] (0.00000009)
[  0  1  0  1  0  1  0  0  2 ] (0.00000000)
[  0  1  0  1  0  1  0  1  0 ] (0.00000001)
[  0  1  0  1  0  1  0  1  1 ] (0.00000001)
[  0  1  0  1  0  1  0  2  0 ] (0.00000000)
[  0  1  0  1  0  1  1  0  0 ] (0.00000012)
[  0  1  0  1  0  1  1  0  1 ] (0.00000000)
[  0  1  0  1  0  1  1  1  0 ] (0.00000000)
[  0  1  0  1  0  1  2  0  0 ] (0.00000000)
[  0  1  0  1  0  2  0  0  0 ] (0.00000020)
[  0  1  0  1  0  2  0  0  1 ] (0.00000003)
[  0  1  0  1  0  2  0  1  0 ] (0.00000000)
[  0  1  0  1  0  2  1  0  0 ] (0.00000000)
[  0  1  0  1  0  3  0  0  0 ] (0.00000002)
[  0  1  0  1  1  0  0  0  0 ] (0.00000042)
[  0  1  0  1  1  0  0  0  1 ] (0.00000000)
[  0  1  0  1  1  0  0  0  2 ] (0.00000000)
[  0  1  0  1  1  0  0  1  0 ] (0.00000001)
[  0  1  0  1  1  0  0  1  1 ] (0.00000000)
[  0  1  0  1  1  0  0  2  0 ] (0.00000000)
[  0  1  0  1  1  0  1  0  0 ] (0.00000008)
[  0  1  0  1  1  0  1  0  1 ] (0.00000001)
[  0  1  0  1  1  0  1  1  0 ] (0.00000001)
[  0  1  0  1  1  0  2  0  0 ] (0.00000000)
[  0  1  0  1  1  1  0  0  0 ] (0.00000021)
[  0  1  0  1  1  1  0  0  1 ] (0.00000000)
[  0  1  0  1  1  1  0  1  0 ] (0.00000000)
[  0  1  0  1  1  1  1  0  0 ] (0.00000000)
[  0  1  0  1  1  2  0  0  0 ] (0.00000000)
[  0  1  0  1  2  0  0  0  0 ] (0.00000046)
[  0  1  0  1  2  0  0  0  1 ] (0.00000001)
[  0  1  0  1  2  0  0  1  0 ] (0.00000000)
[  0  1  0  1  2  0  1  0  0 ] (0.00000000)
[  0  1  0  1  2  1  0  0  0 ] (0.00000000)
[  0  1  0  1  3  0  0  0  0 ] (0.00000003)
[  0  1  0  2  0  0  0  0  0 ] (0.00000170)
[  0  1  0  2  0  0  0  0  1 ] (0.00000033)
[  0  1  0  2  0  0  0  0  2 ] (0.00000000)
[  0  1  0  2  0  0  0  1  0 ] (0.00000000)
[  0  1  0  2  0  0  0  1  1 ] (0.00000001)
[  0  1  0  2  0  0  0  2  0 ] (0.00000000)
[  0  1  0  2  0  0  1  0  0 ] (0.00000000)
[  0  1  0  2  0  0  1  0  1 ] (0.00000000)
[  0  1  0  2  0  0  1  1  0 ] (0.00000000)
[  0  1  0  2  0  0  2  0  0 ] (0.00000000)
[  0  1  0  2  0  1  0  0  0 ] (0.00000009)
[  0  1  0  2  0  1  0  0  1 ] (0.00000002)
[  0  1  0  2  0  1  0  1  0 ] (0.00000001)
[  0  1  0  2  0  1  1  0  0 ] (0.00000000)
[  0  1  0  2  0  2  0  0  0 ] (0.00000001)
[  0  1  0  2  1  0  0  0  0 ] (0.00000000)
[  0  1  0  2  1  0  0  0  1 ] (0.00000000)
[  0  1  0  2  1  0  0  1  0 ] (0.00000000)
[  0  1  0  2  1  0  1  0  0 ] (0.00000000)
[  0  1  0  2  1  1  0  0  0 ] (0.00000000)
[  0  1  0  2  2  0  0  0  0 ] (0.00000001)
[  0  1  0  3  0  0  0  0  0 ] (0.00000011)
[  0  1  0  3  0  0  0  0  1 ] (0.00000001)
[  0  1  0  3  0  0  0  1  0 ] (0.00000000)
[  0  1  0  3  0  0  1  0  0 ] (0.00000001)
[  0  1  0  3  0  1  0  0  0 ] (0.00000001)
[  0  1  0  3  1  0  0  0  0 ] (0.00000001)
[  0  1  0  4  0  0  0  0  0 ] (0.00000000)
[  0  1  1  0  0  0  0  0  0 ] (0.00027215)
[  0  1  1  0  0  0  0  0  1 ] (0.00776556)
[  0  1  1  0  0  0  0  0  2 ] (0.00003446)
[  0  1  1  0  0  0  0  0  3 ] (0.00007850)
[  0  1  1  0  0  0  0  1  0 ] (0.00120396)
[  0  1  1  0  0  0  0  1  1 ] (0.00006844)
[  0  1  1  0  0  0  0  1  2 ] (0.00000001)
[  0  1  1  0  0  0  0  2  0 ] (0.00002668)
[  0  1  1  0  0  0  0  2  1 ] (0.00000104)
[  0  1  1  0  0  0  0  3  0 ] (0.00002158)
[  0  1  1  0  0  0  1  0  0 ] (0.01653776)
[  0  1  1  0  0  0  1  0  1 ] (0.00071624)
[  0  1  1  0  0  0  1  0  2 ] (0.00000154)
[  0  1  1  0  0  0  1  1  0 ] (0.00005112)
[  0  1  1  0  0  0  1  1  1 ] (0.00000254)
[  0  1  1  0  0  0  1  2  0 ] (0.00000081)
[  0  1  1  0  0  0  2  0  0 ] (0.00001846)
[  0  1  1  0  0  0  2  0  1 ] (0.00004596)
[  0  1  1  0  0  0  2  1  0 ] (0.00000079)
[  0  1  1  0  0  0  3  0  0 ] (0.00010271)
[  0  1  1  0  0  1  0  0  0 ] (0.01089271)
[  0  1  1  0  0  1  0  0  1 ] (0.00030529)
[  0  1  1  0  0  1  0  0  2 ] (0.00001237)
[  0  1  1  0  0  1  0  1  0 ] (0.00012481)
[  0  1  1  0  0  1  0  1  1 ] (0.00006095)
[  0  1  1  0  0  1  0  2  0 ] (0.00000412)
[  0  1  1  0  0  1  1  0  0 ] (0.00023228)
[  0  1  1  0  0  1  1  0  1 ] (0.00006664)
[  0  1  1  0  0  1  1  1  0 ] (0.00003347)
[  0  1  1  0  0  1  2  0  0 ] (0.00003083)
[  0  1  1  0  0  2  0  0  0 ] (0.00000522)
[  0  1  1  0  0  2  0  0  1 ] (0.00000002)
[  0  1  1  0  0  2  0  1  0 ] (0.00001402)
[  0  1  1  0  0  2  1  0  0 ] (0.00002226)
[  0  1  1  0  0  3  0  0  0 ] (0.00002043)
[  0  1  1  0  1  0  0  0  0 ] (0.00222653)
[  0  1  1  0  1  0  0  0  1 ] (0.00034299)
[  0  1  1  0  1  0  0  0  2 ] (0.00002885)
[  0  1  1  0  1  0  0  1  0 ] (0.00085553)
[  0  1  1  0  1  0  0  1  1 ] (0.00008004)
[  0  1  1  0  1  0  0  2  0 ] (0.00004652)
[  0  1  1  0  1  0  1  0  0 ] (0.00049397)
[  0  1  1  0  1  0  1  0  1 ] (0.00028593)
[  0  1  1  0  1  0  1  1  0 ] (0.00000000)
[  0  1  1  0  1  0  2  0  0 ] (0.00006155)
[  0  1  1  0  1  1  0  0  0 ] (0.00013220)
[  0  1  1  0  1  1  0  0  1 ] (0.00005432)
[  0  1  1  0  1  1  0  1  0 ] (0.00000385)
[  0  1  1  0  1  1  1  0  0 ] (0.00022332)
[  0  1  1  0  1  2  0  0  0 ] (0.00000056)
[  0  1  1  0  2  0  0  0  0 ] (0.00087630)
[  0  1  1  0  2  0  0  0  1 ] (0.00015863)
[  0  1  1  0  2  0  0  1  0 ] (0.00000100)
[  0  1  1  0  2  0  1  0  0 ] (0.00000242)
[  0  1  1  0  2  1  0  0  0 ] (0.00000910)
[  0  1  1  0  3  0  0  0  0 ] (0.00040426)
[  0  1  1  1  0  0  0  0  0 ] (0.00230836)
[  0  1  1  1  0  0  0  0  1 ] (0.00014832)
[  0  1  1  1  0  0  0  0  2 ] (0.00000109)
[  0  1  1  1  0  0  0  1  0 ] (0.00113165)
[  0  1  1  1  0  0  0  1  1 ] (0.00019958)
[  0  1  1  1  0  0  0  2  0 ] (0.00002362)
[  0  1  1  1  0  0  1  0  0 ] (0.00049631)
[  0  1  1  1  0  0  1  0  1 ] (0.00005310)
[  0  1  1  1  0  0  1  1  0 ] (0.00008269)
[  0  1  1  1  0  0  2  0  0 ] (0.00011097)
[  0  1  1  1  0  1  0  0  0 ] (0.00046873)
[  0  1  1  1  0  1  0  0  1 ] (0.00001824)
[  0  1  1  1  0  1  0  1  0 ] (0.00005088)
[  0  1  1  1  0  1  1  0  0 ] (0.00018557)
[  0  1  1  1  0  2  0  0  0 ] (0.00000675)
[  0  1  1  1  1  0  0  0  0 ] (0.00236585)
[  0  1  1  1  1  0  0  0  1 ] (0.00004853)
[  0  1  1  1  1  0  0  1  0 ] (0.00001325)
[  0  1  1  1  1  0  1  0  0 ] (0.00000036)
[  0  1  1  1  1  1  0  0  0 ] (0.00001816)
[  0  1  1  1  2  0  0  0  0 ] (0.00000508)
[  0  1  1  2  0  0  0  0  0 ] (0.00131381)
[  0  1  1  2  0  0  0  0  1 ] (0.00014842)
[  0  1  1  2  0  0  0  1  0 ] (0.00000552)
[  0  1  1  2  0  0  1  0  0 ] (0.00002845)
[  0  1  1  2  0  1  0  0  0 ] (0.00002279)
[  0  1  1  2  1  0  0  0  0 ] (0.00000415)
[  0  1  1  3  0  0  0  0  0 ] (0.00010522)
[  0  1  2  0  0  0  0  0  0 ] (0.00000081)
[  0  1  2  0  0  0  0  0  1 ] (0.00000019)
[  0  1  2  0  0  0  0  0  2 ] (0.00000000)
[  0  1  2  0  0  0  0  1  0 ] (0.00000006)
[  0  1  2  0  0  0  0  1  1 ] (0.00000000)
[  0  1  2  0  0  0  0  2  0 ] (0.00000001)
[  0  1  2  0  0  0  1  0  0 ] (0.00000002)
[  0  1  2  0  0  0  1  0  1 ] (0.00000000)
[  0  1  2  0  0  0  1  1  0 ] (0.00000002)
[  0  1  2  0  0  0  2  0  0 ] (0.00000000)
[  0  1  2  0  0  1  0  0  0 ] (0.00000000)
[  0  1  2  0  0  1  0  0  1 ] (0.00000003)
[  0  1  2  0  0  1  0  1  0 ] (0.00000001)
[  0  1  2  0  0  1  1  0  0 ] (0.00000000)
[  0  1  2  0  0  2  0  0  0 ] (0.00000002)
[  0  1  2  0  1  0  0  0  0 ] (0.00000222)
[  0  1  2  0  1  0  0  0  1 ] (0.00000006)
[  0  1  2  0  1  0  0  1  0 ] (0.00000001)
[  0  1  2  0  1  0  1  0  0 ] (0.00000000)
[  0  1  2  0  1  1  0  0  0 ] (0.00000008)
[  0  1  2  0  2  0  0  0  0 ] (0.00000024)
[  0  1  2  1  0  0  0  0  0 ] (0.00000000)
[  0  1  2  1  0  0  0  0  1 ] (0.00000002)
[  0  1  2  1  0  0  0  1  0 ] (0.00000000)
[  0  1  2  1  0  0  1  0  0 ] (0.00000002)
[  0  1  2  1  0  1  0  0  0 ] (0.00000001)
[  0  1  2  1  1  0  0  0  0 ] (0.00000000)
[  0  1  2  2  0  0  0  0  0 ] (0.00000000)
[  0  1  3  0  0  0  0  0  0 ] (0.00000094)
[  0  1  3  0  0  0  0  0  1 ] (0.00000017)
[  0  1  3  0  0  0  0  1  0 ] (0.00000000)
[  0  1  3  0  0  0  1  0  0 ] (0.00000000)
[  0  1  3  0  0  1  0  0  0 ] (0.00000000)
[  0  1  3  0  1  0  0  0  0 ] (0.00000000)
[  0  1  3  1  0  0  0  0  0 ] (0.00000001)
[  0  1  4  0  0  0  0  0  0 ] (0.00680386)
[  0  2  0  0  0  0  0  0  0 ] (0.00072171)
[  0  2  0  0  0  0  0  0  1 ] (0.00005727)
[  0  2  0  0  0  0  0  0  2 ] (0.00011934)
[  0  2  0  0  0  0  0  0  3 ] (0.00000872)
[  0  2  0  0  0  0  0  1  0 ] (0.00089820)
[  0  2  0  0  0  0  0  1  1 ] (0.00001114)
[  0  2  0  0  0  0  0  1  2 ] (0.00000654)
[  0  2  0  0  0  0  0  2  0 ] (0.00000096)
[  0  2  0  0  0  0  0  2  1 ] (0.00000010)
[  0  2  0  0  0  0  0  3  0 ] (0.00000114)
[  0  2  0  0  0  0  1  0  0 ] (0.00001474)
[  0  2  0  0  0  0  1  0  1 ] (0.00008333)
[  0  2  0  0  0  0  1  0  2 ] (0.00000190)
[  0  2  0  0  0  0  1  1  0 ] (0.00000990)
[  0  2  0  0  0  0  1  1  1 ] (0.00000066)
[  0  2  0  0  0  0  1  2  0 ] (0.00000056)
[  0  2  0  0  0  0  2  0  0 ] (0.00104464)
[  0  2  0  0  0  0  2  0  1 ] (0.00012363)
[  0  2  0  0  0  0  2  1  0 ] (0.00000058)
[  0  2  0  0  0  0  3  0  0 ] (0.00009769)
[  0  2  0  0  0  1  0  0  0 ] (0.00257915)
[  0  2  0  0  0  1  0  0  1 ] (0.00032423)
[  0  2  0  0  0  1  0  0  2 ] (0.00000174)
[  0  2  0  0  0  1  0  1  0 ] (0.00025742)
[  0  2  0  0  0  1  0  1  1 ] (0.00000264)
[  0  2  0  0  0  1  0  2  0 ] (0.00000006)
[  0  2  0  0  0  1  1  0  0 ] (0.00004165)
[  0  2  0  0  0  1  1  0  1 ] (0.00008585)
[  0  2  0  0  0  1  1  1  0 ] (0.00002063)
[  0  2  0  0  0  1  2  0  0 ] (0.00002789)
[  0  2  0  0  0  2  0  0  0 ] (0.00039262)
[  0  2  0  0  0  2  0  0  1 ] (0.00004435)
[  0  2  0  0  0  2  0  1  0 ] (0.00000261)
[  0  2  0  0  0  2  1  0  0 ] (0.00002496)
[  0  2  0  0  0  3  0  0  0 ] (0.00004248)
[  0  2  0  0  1  0  0  0  0 ] (0.00053264)
[  0  2  0  0  1  0  0  0  1 ] (0.00056869)
[  0  2  0  0  1  0  0  0  2 ] (0.00000003)
[  0  2  0  0  1  0  0  1  0 ] (0.00009779)
[  0  2  0  0  1  0  0  1  1 ] (0.00000125)
[  0  2  0  0  1  0  0  2  0 ] (0.00000175)
[  0  2  0  0  1  0  1  0  0 ] (0.00116386)
[  0  2  0  0  1  0  1  0  1 ] (0.00041929)
[  0  2  0  0  1  0  1  1  0 ] (0.00000713)
[  0  2  0  0  1  0  2  0  0 ] (0.00003742)
[  0  2  0  0  1  1  0  0  0 ] (0.00012557)
[  0  2  0  0  1  1  0  0  1 ] (0.00007945)
[  0  2  0  0  1  1  0  1  0 ] (0.00002197)
[  0  2  0  0  1  1  1  0  0 ] (0.00005228)
[  0  2  0  0  1  2  0  0  0 ] (0.00002396)
[  0  2  0  0  2  0  0  0  0 ] (0.00000581)
[  0  2  0  0  2  0  0  0  1 ] (0.00000352)
[  0  2  0  0  2  0  0  1  0 ] (0.00000011)
[  0  2  0  0  2  0  1  0  0 ] (0.00001868)
[  0  2  0  0  2  1  0  0  0 ] (0.00003105)
[  0  2  0  0  3  0  0  0  0 ] (0.00000432)
[  0  2  0  1  0  0  0  0  0 ] (0.00000969)
[  0  2  0  1  0  0  0  0  1 ] (0.00002973)
[  0  2  0  1  0  0  0  0  2 ] (0.00000287)
[  0  2  0  1  0  0  0  1  0 ] (0.00025077)
[  0  2  0  1  0  0  0  1  1 ] (0.00002316)
[  0  2  0  1  0  0  0  2  0 ] (0.00000528)
[  0  2  0  1  0  0  1  0  0 ] (0.00005698)
[  0  2  0  1  0  0  1  0  1 ] (0.00006998)
[  0  2  0  1  0  0  1  1  0 ] (0.00000920)
[  0  2  0  1  0  0  2  0  0 ] (0.00000003)
[  0  2  0  1  0  1  0  0  0 ] (0.00000301)
[  0  2  0  1  0  1  0  0  1 ] (0.00008042)
[  0  2  0  1  0  1  0  1  0 ] (0.00000160)
[  0  2  0  1  0  1  1  0  0 ] (0.00000267)
[  0  2  0  1  0  2  0  0  0 ] (0.00001007)
[  0  2  0  1  1  0  0  0  0 ] (0.00012079)
[  0  2  0  1  1  0  0  0  1 ] (0.00000647)
[  0  2  0  1  1  0  0  1  0 ] (0.00000511)
[  0  2  0  1  1  0  1  0  0 ] (0.00010753)
[  0  2  0  1  1  1  0  0  0 ] (0.00003055)
[  0  2  0  1  2  0  0  0  0 ] (0.00001299)
[  0  2  0  2  0  0  0  0  0 ] (0.00042088)
[  0  2  0  2  0  0  0  0  1 ] (0.00008561)
[  0  2  0  2  0  0  0  1  0 ] (0.00005148)
[  0  2  0  2  0  0  1  0  0 ] (0.00008451)
[  0  2  0  2  0  1  0  0  0 ] (0.00003109)
[  0  2  0  2  1  0  0  0  0 ] (0.00000773)
[  0  2  0  3  0  0  0  0  0 ] (0.00006004)
[  0  2  1  0  0  0  0  0  0 ] (0.00000001)
[  0  2  1  0  0  0  0  0  1 ] (0.00000041)
[  0  2  1  0  0  0  0  0  2 ] (0.00000001)
[  0  2  1  0  0  0  0  1  0 ] (0.00000047)
[  0  2  1  0  0  0  0  1  1 ] (0.00000003)
[  0  2  1  0  0  0  0  2  0 ] (0.00000001)
[  0  2  1  0  0  0  1  0  0 ] (0.00000086)
[  0  2  1  0  0  0  1  0  1 ] (0.00000016)
[  0  2  1  0  0  0  1  1  0 ] (0.00000000)
[  0  2  1  0  0  0  2  0  0 ] (0.00000000)
[  0  2  1  0  0  1  0  0  0 ] (0.00000446)
[  0  2  1  0  0  1  0  0  1 ] (0.00000020)
[  0  2  1  0  0  1  0  1  0 ] (0.00000005)
[  0  2  1  0  0  1  1  0  0 ] (0.00000009)
[  0  2  1  0  0  2  0  0  0 ] (0.00000001)
[  0  2  1  0  1  0  0  0  0 ] (0.00000041)
[  0  2  1  0  1  0  0  0  1 ] (0.00000001)
[  0  2  1  0  1  0  0  1  0 ] (0.00000000)
[  0  2  1  0  1  0  1  0  0 ] (0.00000003)
[  0  2  1  0  1  1  0  0  0 ] (0.00000003)
[  0  2  1  0  2  0  0  0  0 ] (0.00000004)
[  0  2  1  1  0  0  0  0  0 ] (0.00000159)
[  0  2  1  1  0  0  0  0  1 ] (0.00000009)
[  0  2  1  1  0  0  0  1  0 ] (0.00000000)
[  0  2  1  1  0  0  1  0  0 ] (0.00000001)
[  0  2  1  1  0  1  0  0  0 ] (0.00000001)
[  0  2  1  1  1  0  0  0  0 ] (0.00000014)
[  0  2  1  2  0  0  0  0  0 ] (0.00000000)
[  0  2  2  0  0  0  0  0  0 ] (0.00140911)
[  0  2  2  0  0  0  0  0  1 ] (0.00001271)
[  0  2  2  0  0  0  0  1  0 ] (0.00028250)
[  0  2  2  0  0  0  1  0  0 ] (0.00036622)
[  0  2  2  0  0  1  0  0  0 ] (0.00020569)
[  0  2  2  0  1  0  0  0  0 ] (0.00029591)
[  0  2  2  1  0  0  0  0  0 ] (0.00113083)
[  0  2  3  0  0  0  0  0  0 ] (0.00130620)
[  0  3  0  0  0  0  0  0  0 ] (0.00023667)
[  0  3  0  0  0  0  0  0  1 ] (0.00041288)
[  0  3  0  0  0  0  0  0  2 ] (0.00001131)
[  0  3  0  0  0  0  0  1  0 ] (0.00947343)
[  0  3  0  0  0  0  0  1  1 ] (0.00082304)
[  0  3  0  0  0  0  0  2  0 ] (0.00017092)
[  0  3  0  0  0  0  1  0  0 ] (0.00766520)
[  0  3  0  0  0  0  1  0  1 ] (0.00086833)
[  0  3  0  0  0  0  1  1  0 ] (0.00002204)
[  0  3  0  0  0  0  2  0  0 ] (0.00000024)
[  0  3  0  0  0  1  0  0  0 ] (0.01293949)
[  0  3  0  0  0  1  0  0  1 ] (0.00131386)
[  0  3  0  0  0  1  0  1  0 ] (0.00034640)
[  0  3  0  0  0  1  1  0  0 ] (0.00014006)
[  0  3  0  0  0  2  0  0  0 ] (0.00006075)
[  0  3  0  0  1  0  0  0  0 ] (0.00033518)
[  0  3  0  0  1  0  0  0  1 ] (0.00013998)
[  0  3  0  0  1  0  0  1  0 ] (0.00014537)
[  0  3  0  0  1  0  1  0  0 ] (0.00012480)
[  0  3  0  0  1  1  0  0  0 ] (0.00010972)
[  0  3  0  0  2  0  0  0  0 ] (0.00006191)
[  0  3  0  1  0  0  0  0  0 ] (0.00430013)
[  0  3  0  1  0  0  0  0  1 ] (0.00014335)
[  0  3  0  1  0  0  0  1  0 ] (0.00018784)
[  0  3  0  1  0  0  1  0  0 ] (0.00023193)
[  0  3  0  1  0  1  0  0  0 ] (0.00018788)
[  0  3  0  1  1  0  0  0  0 ] (0.00008283)
[  0  3  0  2  0  0  0  0  0 ] (0.00037230)
[  0  3  1  0  0  0  0  0  0 ] (0.00000002)
[  0  3  1  0  0  0  0  0  1 ] (0.00000007)
[  0  3  1  0  0  0  0  1  0 ] (0.00000000)
[  0  3  1  0  0  0  1  0  0 ] (0.00000000)
[  0  3  1  0  0  1  0  0  0 ] (0.00000004)
[  0  3  1  0  1  0  0  0  0 ] (0.00000007)
[  0  3  1  1  0  0  0  0  0 ] (0.00000005)
[  0  3  2  0  0  0  0  0  0 ] (0.00001873)
[  0  4  0  0  0  0  0  0  0 ] (0.00000149)
[  0  4  0  0  0  0  0  0  1 ] (0.00000013)
[  0  4  0  0  0  0  0  1  0 ] (0.00000017)
[  0  4  0  0  0  0  1  0  0 ] (0.00000043)
[  0  4  0  0  0  1  0  0  0 ] (0.00000059)
[  0  4  0  0  1  0  0  0  0 ] (0.00000035)
[  0  4  0  1  0  0  0  0  0 ] (0.00000161)
[  0  4  1  0  0  0  0  0  0 ] (0.00370640)
[  0  5  0  0  0  0  0  0  0 ] (0.00000209)
[  1  0  0  0  0  0  0  0  0 ] (0.00000005)
[  1  0  0  0  0  0  0  0  1 ] (0.00000036)
[  1  0  0  0  0  0  0  0  2 ] (0.00000015)
[  1  0  0  0  0  0  0  0  3 ] (0.00000004)
[  1  0  0  0  0  0  0  0  4 ] (0.00000000)
[  1  0  0  0  0  0  0  1  0 ] (0.00000039)
[  1  0  0  0  0  0  0  1  1 ] (0.00000003)
[  1  0  0  0  0  0  0  1  2 ] (0.00000000)
[  1  0  0  0  0  0  0  1  3 ] (0.00000000)
[  1  0  0  0  0  0  0  2  0 ] (0.00000479)
[  1  0  0  0  0  0  0  2  1 ] (0.00000005)
[  1  0  0  0  0  0  0  2  2 ] (0.00000000)
[  1  0  0  0  0  0  0  3  0 ] (0.00000009)
[  1  0  0  0  0  0  0  3  1 ] (0.00000000)
[  1  0  0  0  0  0  0  4  0 ] (0.00000003)
[  1  0  0  0  0  0  1  0  0 ] (0.00000000)
[  1  0  0  0  0  0  1  0  1 ] (0.00000018)
[  1  0  0  0  0  0  1  0  2 ] (0.00000000)
[  1  0  0  0  0  0  1  0  3 ] (0.00000000)
[  1  0  0  0  0  0  1  1  0 ] (0.00000010)
[  1  0  0  0  0  0  1  1  1 ] (0.00000000)
[  1  0  0  0  0  0  1  1  2 ] (0.00000000)
[  1  0  0  0  0  0  1  2  0 ] (0.00000005)
[  1  0  0  0  0  0  1  2  1 ] (0.00000000)
[  1  0  0  0  0  0  1  3  0 ] (0.00000000)
[  1  0  0  0  0  0  2  0  0 ] (0.00000041)
[  1  0  0  0  0  0  2  0  1 ] (0.00000004)
[  1  0  0  0  0  0  2  0  2 ] (0.00000000)
[  1  0  0  0  0  0  2  1  0 ] (0.00000001)
[  1  0  0  0  0  0  2  1  1 ] (0.00000000)
[  1  0  0  0  0  0  2  2  0 ] (0.00000001)
[  1  0  0  0  0  0  3  0  0 ] (0.00000000)
[  1  0  0  0  0  0  3  0  1 ] (0.00000000)
[  1  0  0  0  0  0  3  1  0 ] (0.00000000)
[  1  0  0  0  0  0  4  0  0 ] (0.00000002)
[  1  0  0  0  0  1  0  0  0 ] (0.00000006)
[  1  0  0  0  0  1  0  0  1 ] (0.00000070)
[  1  0  0  0  0  1  0  0  2 ] (0.00000001)
[  1  0  0  0  0  1  0  0  3 ] (0.00000001)
[  1  0  0  0  0  1  0  1  0 ] (0.00000041)
[  1  0  0  0  0  1  0  1  1 ] (0.00000004)
[  1  0  0  0  0  1  0  1  2 ] (0.00000000)
[  1  0  0  0  0  1  0  2  0 ] (0.00000003)
[  1  0  0  0  0  1  0  2  1 ] (0.00000000)
[  1  0  0  0  0  1  0  3  0 ] (0.00000000)
[  1  0  0  0  0  1  1  0  0 ] (0.00000034)
[  1  0  0  0  0  1  1  0  1 ] (0.00000001)
[  1  0  0  0  0  1  1  0  2 ] (0.00000000)
[  1  0  0  0  0  1  1  1  0 ] (0.00000000)
[  1  0  0  0  0  1  1  1  1 ] (0.00000000)
[  1  0  0  0  0  1  1  2  0 ] (0.00000000)
[  1  0  0  0  0  1  2  0  0 ] (0.00000000)
[  1  0  0  0  0  1  2  0  1 ] (0.00000000)
[  1  0  0  0  0  1  2  1  0 ] (0.00000000)
[  1  0  0  0  0  1  3  0  0 ] (0.00000000)
[  1  0  0  0  0  2  0  0  0 ] (0.00000049)
[  1  0  0  0  0  2  0  0  1 ] (0.00000002)
[  1  0  0  0  0  2  0  0  2 ] (0.00000000)
[  1  0  0  0  0  2  0  1  0 ] (0.00000000)
[  1  0  0  0  0  2  0  1  1 ] (0.00000000)
[  1  0  0  0  0  2  0  2  0 ] (0.00000000)
[  1  0  0  0  0  2  1  0  0 ] (0.00000000)
[  1  0  0  0  0  2  1  0  1 ] (0.00000001)
[  1  0  0  0  0  2  1  1  0 ] (0.00000000)
[  1  0  0  0  0  2  2  0  0 ] (0.00000000)
[  1  0  0  0  0  3  0  0  0 ] (0.00000022)
[  1  0  0  0  0  3  0  0  1 ] (0.00000000)
[  1  0  0  0  0  3  0  1  0 ] (0.00000001)
[  1  0  0  0  0  3  1  0  0 ] (0.00000000)
[  1  0  0  0  0  4  0  0  0 ] (0.00000001)
[  1  0  0  0  1  0  0  0  0 ] (0.00000081)
[  1  0  0  0  1  0  0  0  1 ] (0.00000004)
[  1  0  0  0  1  0  0  0  2 ] (0.00000001)
[  1  0  0  0  1  0  0  0  3 ] (0.00000000)
[  1  0  0  0  1  0  0  1  0 ] (0.00000026)
[  1  0  0  0  1  0  0  1  1 ] (0.00000000)
[  1  0  0  0  1  0  0  1  2 ] (0.00000000)
[  1  0  0  0  1  0  0  2  0 ] (0.00000000)
[  1  0  0  0  1  0  0  2  1 ] (0.00000000)
[  1  0  0  0  1  0  0  3  0 ] (0.00000000)
[  1  0  0  0  1  0  1  0  0 ] (0.00000012)
[  1  0  0  0  1  0  1  0  1 ] (0.00000000)
[  1  0  0  0  1  0  1  0  2 ] (0.00000000)
[  1  0  0  0  1  0  1  1  0 ] (0.00000001)
[  1  0  0  0  1  0  1  1  1 ] (0.00000001)
[  1  0  0  0  1  0  1  2  0 ] (0.00000000)
[  1  0  0  0  1  0  2  0  0 ] (0.00000002)
[  1  0  0  0  1  0  2  0  1 ] (0.00000000)
[  1  0  0  0  1  0  2  1  0 ] (0.00000001)
[  1  0  0  0  1  0  3  0  0 ] (0.00000000)
[  1  0  0  0  1  1  0  0  0 ] (0.00000067)
[  1  0  0  0  1  1  0  0  1 ] (0.00000002)
[  1  0  0  0  1  1  0  0  2 ] (0.00000000)
[  1  0  0  0  1  1  0  1  0 ] (0.00000002)
[  1  0  0  0  1  1  0  1  1 ] (0.00000000)
[  1  0  0  0  1  1  0  2  0 ] (0.00000001)
[  1  0  0  0  1  1  1  0  0 ] (0.00000001)
[  1  0  0  0  1  1  1  0  1 ] (0.00000000)
[  1  0  0  0  1  1  1  1  0 ] (0.00000000)
[  1  0  0  0  1  1  2  0  0 ] (0.00000000)
[  1  0  0  0  1  2  0  0  0 ] (0.00000023)
[  1  0  0  0  1  2  0  0  1 ] (0.00000003)
[  1  0  0  0  1  2  0  1  0 ] (0.00000000)
[  1  0  0  0  1  2  1  0  0 ] (0.00000001)
[  1  0  0  0  1  3  0  0  0 ] (0.00000001)
[  1  0  0  0  2  0  0  0  0 ] (0.00000140)
[  1  0  0  0  2  0  0  0  1 ] (0.00000020)
[  1  0  0  0  2  0  0  0  2 ] (0.00000000)
[  1  0  0  0  2  0  0  1  0 ] (0.00000024)
[  1  0  0  0  2  0  0  1  1 ] (0.00000005)
[  1  0  0  0  2  0  0  2  0 ] (0.00000002)
[  1  0  0  0  2  0  1  0  0 ] (0.00000029)
[  1  0  0  0  2  0  1  0  1 ] (0.00000005)
[  1  0  0  0  2  0  1  1  0 ] (0.00000002)
[  1  0  0  0  2  0  2  0  0 ] (0.00000001)
[  1  0  0  0  2  1  0  0  0 ] (0.00000002)
[  1  0  0  0  2  1  0  0  1 ] (0.00000000)
[  1  0  0  0  2  1  0  1  0 ] (0.00000000)
[  1  0  0  0  2  1  1  0  0 ] (0.00000000)
[  1  0  0  0  2  2  0  0  0 ] (0.00000000)
[  1  0  0  0  3  0  0  0  0 ] (0.00000048)
[  1  0  0  0  3  0  0  0  1 ] (0.00000000)
[  1  0  0  0  3  0  0  1  0 ] (0.00000003)
[  1  0  0  0  3  0  1  0  0 ] (0.00000000)
[  1  0  0  0  3  1  0  0  0 ] (0.00000000)
[  1  0  0  0  4  0  0  0  0 ] (0.00000041)
[  1  0  0  1  0  0  0  0  0 ] (0.00000013)
[  1  0  0  1  0  0  0  0  1 ] (0.00000063)
[  1  0  0  1  0  0  0  0  2 ] (0.00000000)
[  1  0  0  1  0  0  0  0  3 ] (0.00000000)
[  1  0  0  1  0  0  0  1  0 ] (0.00000032)
[  1  0  0  1  0  0  0  1  1 ] (0.00000000)
[  1  0  0  1  0  0  0  1  2 ] (0.00000000)
[  1  0  0  1  0  0  0  2  0 ] (0.00000000)
[  1  0  0  1  0  0  0  2  1 ] (0.00000000)
[  1  0  0  1  0  0  0  3  0 ] (0.00000000)
[  1  0  0  1  0  0  1  0  0 ] (0.00000040)
[  1  0  0  1  0  0  1  0  1 ] (0.00000000)
[  1  0  0  1  0  0  1  0  2 ] (0.00000000)
[  1  0  0  1  0  0  1  1  0 ] (0.00000003)
[  1  0  0  1  0  0  1  1  1 ] (0.00000000)
[  1  0  0  1  0  0  1  2  0 ] (0.00000000)
[  1  0  0  1  0  0  2  0  0 ] (0.00000001)
[  1  0  0  1  0  0  2  0  1 ] (0.00000000)
[  1  0  0  1  0  0  2  1  0 ] (0.00000000)
[  1  0  0  1  0  0  3  0  0 ] (0.00000000)
[  1  0  0  1  0  1  0  0  0 ] (0.00000027)
[  1  0  0  1  0  1  0  0  1 ] (0.00000011)
[  1  0  0  1  0  1  0  0  2 ] (0.00000000)
[  1  0  0  1  0  1  0  1  0 ] (0.00000000)
[  1  0  0  1  0  1  0  1  1 ] (0.00000000)
[  1  0  0  1  0  1  0  2  0 ] (0.00000000)
[  1  0  0  1  0  1  1  0  0 ] (0.00000001)
[  1  0  0  1  0  1  1  0  1 ] (0.00000000)
[  1  0  0  1  0  1  1  1  0 ] (0.00000000)
[  1  0  0  1  0  1  2  0  0 ] (0.00000000)
[  1  0  0  1  0  2  0  0  0 ] (0.00000000)
[  1  0  0  1  0  2  0  0  1 ] (0.00000000)
[  1  0  0  1  0  2  0  1  0 ] (0.00000000)
[  1  0  0  1  0  2  1  0  0 ] (0.00000000)
[  1  0  0  1  0  3  0  0  0 ] (0.00000000)
[  1  0  0  1  1  0  0  0  0 ] (0.00000005)
[  1  0  0  1  1  0  0  0  1 ] (0.00000003)
[  1  0  0  1  1  0  0  0  2 ] (0.00000000)
[  1  0  0  1  1  0  0  1  0 ] (0.00000003)
[  1  0  0  1  1  0  0  1  1 ] (0.00000000)
[  1  0  0  1  1  0  0  2  0 ] (0.00000000)
[  1  0  0  1  1  0  1  0  0 ] (0.00000001)
[  1  0  0  1  1  0  1  0  1 ] (0.00000000)
[  1  0  0  1  1  0  1  1  0 ] (0.00000000)
[  1  0  0  1  1  0  2  0  0 ] (0.00000000)
[  1  0  0  1  1  1  0  0  0 ] (0.00000001)
[  1  0  0  1  1  1  0  0  1 ] (0.00000000)
[  1  0  0  1  1  1  0  1  0 ] (0.00000000)
[  1  0  0  1  1  1  1  0  0 ] (0.00000000)
[  1  0  0  1  1  2  0  0  0 ] (0.00000000)
[  1  0  0  1  2  0  0  0  0 ] (0.00000002)
[  1  0  0  1  2  0  0  0  1 ] (0.00000000)
[  1  0  0  1  2  0  0  1  0 ] (0.00000003)
[  1  0  0  1  2  0  1  0  0 ] (0.00000000)
[  1  0  0  1  2  1  0  0  0 ] (0.00000000)
[  1  0  0  1  3  0  0  0  0 ] (0.00000001)
[  1  0  0  2  0  0  0  0  0 ] (0.00000724)
[  1  0  0  2  0  0  0  0  1 ] (0.00000026)
[  1  0  0  2  0  0  0  0  2 ] (0.00000001)
[  1  0  0  2  0  0  0  1  0 ] (0.00000001)
[  1  0  0  2  0  0  0  1  1 ] (0.00000000)
[  1  0  0  2  0  0  0  2  0 ] (0.00000001)
[  1  0  0  2  0  0  1  0  0 ] (0.00000002)
[  1  0  0  2  0  0  1  0  1 ] (0.00000000)
[  1  0  0  2  0  0  1  1  0 ] (0.00000000)
[  1  0  0  2  0  0  2  0  0 ] (0.00000001)
[  1  0  0  2  0  1  0  0  0 ] (0.00000010)
[  1  0  0  2  0  1  0  0  1 ] (0.00000000)
[  1  0  0  2  0  1  0  1  0 ] (0.00000000)
[  1  0  0  2  0  1  1  0  0 ] (0.00000000)
[  1  0  0  2  0  2  0  0  0 ] (0.00000000)
[  1  0  0  2  1  0  0  0  0 ] (0.00000016)
[  1  0  0  2  1  0  0  0  1 ] (0.00000002)
[  1  0  0  2  1  0  0  1  0 ] (0.00000000)
[  1  0  0  2  1  0  1  0  0 ] (0.00000002)
[  1  0  0  2  1  1  0  0  0 ] (0.00000000)
[  1  0  0  2  2  0  0  0  0 ] (0.00000000)
[  1  0  0  3  0  0  0  0  0 ] (0.00000023)
[  1  0  0  3  0  0  0  0  1 ] (0.00000001)
[  1  0  0  3  0  0  0  1  0 ] (0.00000000)
[  1  0  0  3  0  0  1  0  0 ] (0.00000000)
[  1  0  0  3  0  1  0  0  0 ] (0.00000001)
[  1  0  0  3  1  0  0  0  0 ] (0.00000000)
[  1  0  0  4  0  0  0  0  0 ] (0.00000000)
[  1  0  1  0  0  0  0  0  0 ] (0.00158751)
[  1  0  1  0  0  0  0  0  1 ] (0.00921201)
[  1  0  1  0  0  0  0  0  2 ] (0.00000511)
[  1  0  1  0  0  0  0  0  3 ] (0.00004973)
[  1  0  1  0  0  0  0  1  0 ] (0.00001650)
[  1  0  1  0  0  0  0  1  1 ] (0.00002931)
[  1  0  1  0  0  0  0  1  2 ] (0.00000034)
[  1  0  1  0  0  0  0  2  0 ] (0.00000116)
[  1  0  1  0  0  0  0  2  1 ] (0.00000009)
[  1  0  1  0  0  0  0  3  0 ] (0.00000036)
[  1  0  1  0  0  0  1  0  0 ] (0.02170442)
[  1  0  1  0  0  0  1  0  1 ] (0.00482822)
[  1  0  1  0  0  0  1  0  2 ] (0.00000228)
[  1  0  1  0  0  0  1  1  0 ] (0.00064847)
[  1  0  1  0  0  0  1  1  1 ] (0.00011635)
[  1  0  1  0  0  0  1  2  0 ] (0.00002464)
[  1  0  1  0  0  0  2  0  0 ] (0.00041981)
[  1  0  1  0  0  0  2  0  1 ] (0.00003489)
[  1  0  1  0  0  0  2  1  0 ] (0.00000941)
[  1  0  1  0  0  0  3  0  0 ] (0.00016490)
[  1  0  1  0  0  1  0  0  0 ] (0.01967960)
[  1  0  1  0  0  1  0  0  1 ] (0.00228539)
[  1  0  1  0  0  1  0  0  2 ] (0.00000402)
[  1  0  1  0  0  1  0  1  0 ] (0.00009152)
[  1  0  1  0  0  1  0  1  1 ] (0.00003942)
[  1  0  1  0  0  1  0  2  0 ] (0.00000020)
[  1  0  1  0  0  1  1  0  0 ] (0.00023546)
[  1  0  1  0  0  1  1  0  1 ] (0.00000473)
[  1  0  1  0  0  1  1  1  0 ] (0.00000896)
[  1  0  1  0  0  1  2  0  0 ] (0.00000043)
[  1  0  1  0  0  2  0  0  0 ] (0.00012542)
[  1  0  1  0  0  2  0  0  1 ] (0.00001698)
[  1  0  1  0  0  2  0  1  0 ] (0.00000745)
[  1  0  1  0  0  2  1  0  0 ] (0.00000404)
[  1  0  1  0  0  3  0  0  0 ] (0.00006749)
[  1  0  1  0  1  0  0  0  0 ] (0.00640609)
[  1  0  1  0  1  0  0  0  1 ] (0.00093316)
[  1  0  1  0  1  0  0  0  2 ] (0.00000940)
[  1  0  1  0  1  0  0  1  0 ] (0.00196931)
[  1  0  1  0  1  0  0  1  1 ] (0.00042419)
[  1  0  1  0  1  0  0  2  0 ] (0.00004114)
[  1  0  1  0  1  0  1  0  0 ] (0.00025048)
[  1  0  1  0  1  0  1  0  1 ] (0.00002976)
[  1  0  1  0  1  0  1  1  0 ] (0.00003292)
[  1  0  1  0  1  0  2  0  0 ] (0.00000058)
[  1  0  1  0  1  1  0  0  0 ] (0.00047301)
[  1  0  1  0  1  1  0  0  1 ] (0.00001709)
[  1  0  1  0  1  1  0  1  0 ] (0.00000236)
[  1  0  1  0  1  1  1  0  0 ] (0.00000059)
[  1  0  1  0  1  2  0  0  0 ] (0.00000327)
[  1  0  1  0  2  0  0  0  0 ] (0.00034391)
[  1  0  1  0  2  0  0  0  1 ] (0.00007580)
[  1  0  1  0  2  0  0  1  0 ] (0.00000158)
[  1  0  1  0  2  0  1  0  0 ] (0.00000140)
[  1  0  1  0  2  1  0  0  0 ] (0.00000169)
[  1  0  1  0  3  0  0  0  0 ] (0.00006522)
[  1  0  1  1  0  0  0  0  0 ] (0.00009407)
[  1  0  1  1  0  0  0  0  1 ] (0.00034170)
[  1  0  1  1  0  0  0  0  2 ] (0.00000476)
[  1  0  1  1  0  0  0  1  0 ] (0.00004266)
[  1  0  1  1  0  0  0  1  1 ] (0.00000016)
[  1  0  1  1  0  0  0  2  0 ] (0.00000399)
[  1  0  1  1  0  0  1  0  0 ] (0.00001073)
[  1  0  1  1  0  0  1  0  1 ] (0.00000107)
[  1  0  1  1  0  0  1  1  0 ] (0.00000711)
[  1  0  1  1  0  0  2  0  0 ] (0.00000338)
[  1  0  1  1  0  1  0  0  0 ] (0.00019588)
[  1  0  1  1  0  1  0  0  1 ] (0.00000244)
[  1  0  1  1  0  1  0  1  0 ] (0.00000048)
[  1  0  1  1  0  1  1  0  0 ] (0.00001229)
[  1  0  1  1  0  2  0  0  0 ] (0.00001586)
[  1  0  1  1  1  0  0  0  0 ] (0.00000578)
[  1  0  1  1  1  0  0  0  1 ] (0.00001342)
[  1  0  1  1  1  0  0  1  0 ] (0.00003909)
[  1  0  1  1  1  0  1  0  0 ] (0.00012661)
[  1  0  1  1  1  1  0  0  0 ] (0.00000061)
[  1  0  1  1  2  0  0  0  0 ] (0.00000498)
[  1  0  1  2  0  0  0  0  0 ] (0.00121347)
[  1  0  1  2  0  0  0  0  1 ] (0.00013584)
[  1  0  1  2  0  0  0  1  0 ] (0.00000055)
[  1  0  1  2  0  0  1  0  0 ] (0.00007577)
[  1  0  1  2  0  1  0  0  0 ] (0.00000949)
[  1  0  1  2  1  0  0  0  0 ] (0.00000007)
[  1  0  1  3  0  0  0  0  0 ] (0.00028481)
[  1  0  2  0  0  0  0  0  0 ] (0.00000000)
[  1  0  2  0  0  0  0  0  1 ] (0.00000057)
[  1  0  2  0  0  0  0  0  2 ] (0.00000002)
[  1  0  2  0  0  0  0  1  0 ] (0.00000055)
[  1  0  2  0  0  0  0  1  1 ] (0.00000003)
[  1  0  2  0  0  0  0  2  0 ] (0.00000000)
[  1  0  2  0  0  0  1  0  0 ] (0.00000119)
[  1  0  2  0  0  0  1  0  1 ] (0.00000012)
[  1  0  2  0  0  0  1  1  0 ] (0.00000000)
[  1  0  2  0  0  0  2  0  0 ] (0.00000002)
[  1  0  2  0  0  1  0  0  0 ] (0.00000002)
[  1  0  2  0  0  1  0  0  1 ] (0.00000000)
[  1  0  2  0  0  1  0  1  0 ] (0.00000000)
[  1  0  2  0  0  1  1  0  0 ] (0.00000001)
[  1  0  2  0  0  2  0  0  0 ] (0.00000002)
[  1  0  2  0  1  0  0  0  0 ] (0.00000111)
[  1  0  2  0  1  0  0  0  1 ] (0.00000002)
[  1  0  2  0  1  0  0  1  0 ] (0.00000000)
[  1  0  2  0  1  0  1  0  0 ] (0.00000003)
[  1  0  2  0  1  1  0  0  0 ] (0.00000000)
[  1  0  2  0  2  0  0  0  0 ] (0.00000002)
[  1  0  2  1  0  0  0  0  0 ] (0.00000034)
[  1  0  2  1  0  0  0  0  1 ] (0.00000001)
[  1  0  2  1  0  0  0  1  0 ] (0.00000000)
[  1  0  2  1  0  0  1  0  0 ] (0.00000004)
[  1  0  2  1  0  1  0  0  0 ] (0.00000000)
[  1  0  2  1  1  0  0  0  0 ] (0.00000008)
[  1  0  2  2  0  0  0  0  0 ] (0.00000002)
[  1  0  3  0  0  0  0  0  0 ] (0.00000140)
[  1  0  3  0  0  0  0  0  1 ] (0.00000037)
[  1  0  3  0  0  0  0  1  0 ] (0.00000003)
[  1  0  3  0  0  0  1  0  0 ] (0.00000001)
[  1  0  3  0  0  1  0  0  0 ] (0.00000000)
[  1  0  3  0  1  0  0  0  0 ] (0.00000000)
[  1  0  3  1  0  0  0  0  0 ] (0.00000000)
[  1  0  4  0  0  0  0  0  0 ] (0.03306818)
[  1  1  0  0  0  0  0  0  0 ] (0.00129017)
[  1  1  0  0  0  0  0  0  1 ] (0.01194892)
[  1  1  0  0  0  0  0  0  2 ] (0.00161432)
[  1  1  0  0  0  0  0  0  3 ] (0.00054880)
[  1  1  0  0  0  0  0  1  0 ] (0.00014597)
[  1  1  0  0  0  0  0  1  1 ] (0.00024288)
[  1  1  0  0  0  0  0  1  2 ] (0.00003799)
[  1  1  0  0  0  0  0  2  0 ] (0.00001491)
[  1  1  0  0  0  0  0  2  1 ] (0.00002351)
[  1  1  0  0  0  0  0  3  0 ] (0.00000162)
[  1  1  0  0  0  0  1  0  0 ] (0.00015683)
[  1  1  0  0  0  0  1  0  1 ] (0.00009301)
[  1  1  0  0  0  0  1  0  2 ] (0.00000021)
[  1  1  0  0  0  0  1  1  0 ] (0.00000370)
[  1  1  0  0  0  0  1  1  1 ] (0.00000355)
[  1  1  0  0  0  0  1  2  0 ] (0.00000013)
[  1  1  0  0  0  0  2  0  0 ] (0.00180664)
[  1  1  0  0  0  0  2  0  1 ] (0.00016605)
[  1  1  0  0  0  0  2  1  0 ] (0.00000382)
[  1  1  0  0  0  0  3  0  0 ] (0.00059136)
[  1  1  0  0  0  1  0  0  0 ] (0.00157024)
[  1  1  0  0  0  1  0  0  1 ] (0.00000483)
[  1  1  0  0  0  1  0  0  2 ] (0.00000002)
[  1  1  0  0  0  1  0  1  0 ] (0.00019248)
[  1  1  0  0  0  1  0  1  1 ] (0.00000159)
[  1  1  0  0  0  1  0  2  0 ] (0.00000505)
[  1  1  0  0  0  1  1  0  0 ] (0.00000256)
[  1  1  0  0  0  1  1  0  1 ] (0.00005082)
[  1  1  0  0  0  1  1  1  0 ] (0.00000392)
[  1  1  0  0  0  1  2  0  0 ] (0.00000805)
[  1  1  0  0  0  2  0  0  0 ] (0.00002562)
[  1  1  0  0  0  2  0  0  1 ] (0.00000588)
[  1  1  0  0  0  2  0  1  0 ] (0.00000081)
[  1  1  0  0  0  2  1  0  0 ] (0.00000090)
[  1  1  0  0  0  3  0  0  0 ] (0.00003137)
[  1  1  0  0  1  0  0  0  0 ] (0.00085993)
[  1  1  0  0  1  0  0  0  1 ] (0.00018427)
[  1  1  0  0  1  0  0  0  2 ] (0.00006595)
[  1  1  0  0  1  0  0  1  0 ] (0.00012963)
[  1  1  0  0  1  0  0  1  1 ] (0.00004494)
[  1  1  0  0  1  0  0  2  0 ] (0.00000129)
[  1  1  0  0  1  0  1  0  0 ] (0.00084188)
[  1  1  0  0  1  0  1  0  1 ] (0.00008177)
[  1  1  0  0  1  0  1  1  0 ] (0.00004132)
[  1  1  0  0  1  0  2  0  0 ] (0.00001093)
[  1  1  0  0  1  1  0  0  0 ] (0.00069364)
[  1  1  0  0  1  1  0  0  1 ] (0.00009578)
[  1  1  0  0  1  1  0  1  0 ] (0.00010059)
[  1  1  0  0  1  1  1  0  0 ] (0.00001526)
[  1  1  0  0  1  2  0  0  0 ] (0.00000922)
[  1  1  0  0  2  0  0  0  0 ] (0.00018580)
[  1  1  0  0  2  0  0  0  1 ] (0.00006800)
[  1  1  0  0  2  0  0  1  0 ] (0.00002215)
[  1  1  0  0  2  0  1  0  0 ] (0.00004679)
[  1  1  0  0  2  1  0  0  0 ] (0.00001167)
[  1  1  0  0  3  0  0  0  0 ] (0.00004942)
[  1  1  0  1  0  0  0  0  0 ] (0.00021095)
[  1  1  0  1  0  0  0  0  1 ] (0.00004223)
[  1  1  0  1  0  0  0  0  2 ] (0.00004857)
[  1  1  0  1  0  0  0  1  0 ] (0.00009761)
[  1  1  0  1  0  0  0  1  1 ] (0.00002342)
[  1  1  0  1  0  0  0  2  0 ] (0.00000082)
[  1  1  0  1  0  0  1  0  0 ] (0.00094311)
[  1  1  0  1  0  0  1  0  1 ] (0.00012698)
[  1  1  0  1  0  0  1  1  0 ] (0.00000938)
[  1  1  0  1  0  0  2  0  0 ] (0.00000332)
[  1  1  0  1  0  1  0  0  0 ] (0.00008183)
[  1  1  0  1  0  1  0  0  1 ] (0.00018485)
[  1  1  0  1  0  1  0  1  0 ] (0.00002934)
[  1  1  0  1  0  1  1  0  0 ] (0.00012213)
[  1  1  0  1  0  2  0  0  0 ] (0.00003083)
[  1  1  0  1  1  0  0  0  0 ] (0.00012689)
[  1  1  0  1  1  0  0  0  1 ] (0.00013076)
[  1  1  0  1  1  0  0  1  0 ] (0.00010116)
[  1  1  0  1  1  0  1  0  0 ] (0.00001640)
[  1  1  0  1  1  1  0  0  0 ] (0.00008643)
[  1  1  0  1  2  0  0  0  0 ] (0.00000985)
[  1  1  0  2  0  0  0  0  0 ] (0.00220955)
[  1  1  0  2  0  0  0  0  1 ] (0.00020865)
[  1  1  0  2  0  0  0  1  0 ] (0.00000010)
[  1  1  0  2  0  0  1  0  0 ] (0.00000453)
[  1  1  0  2  0  1  0  0  0 ] (0.00010450)
[  1  1  0  2  1  0  0  0  0 ] (0.00000162)
[  1  1  0  3  0  0  0  0  0 ] (0.00000194)
[  1  1  1  0  0  0  0  0  0 ] (0.00000034)
[  1  1  1  0  0  0  0  0  1 ] (0.00000032)
[  1  1  1  0  0  0  0  0  2 ] (0.00000016)
[  1  1  1  0  0  0  0  1  0 ] (0.00000034)
[  1  1  1  0  0  0  0  1  1 ] (0.00000005)
[  1  1  1  0  0  0  0  2  0 ] (0.00000000)
[  1  1  1  0  0  0  1  0  0 ] (0.00000016)
[  1  1  1  0  0  0  1  0  1 ] (0.00000007)
[  1  1  1  0  0  0  1  1  0 ] (0.00000000)
[  1  1  1  0  0  0  2  0  0 ] (0.00000001)
[  1  1  1  0  0  1  0  0  0 ] (0.00000019)
[  1  1  1  0  0  1  0  0  1 ] (0.00000003)
[  1  1  1  0  0  1  0  1  0 ] (0.00000000)
[  1  1  1  0  0  1  1  0  0 ] (0.00000002)
[  1  1  1  0  0  2  0  0  0 ] (0.00000000)
[  1  1  1  0  1  0  0  0  0 ] (0.00000190)
[  1  1  1  0  1  0  0  0  1 ] (0.00000011)
[  1  1  1  0  1  0  0  1  0 ] (0.00000002)
[  1  1  1  0  1  0  1  0  0 ] (0.00000001)
[  1  1  1  0  1  1  0  0  0 ] (0.00000004)
[  1  1  1  0  2  0  0  0  0 ] (0.00000011)
[  1  1  1  1  0  0  0  0  0 ] (0.00000215)
[  1  1  1  1  0  0  0  0  1 ] (0.00000015)
[  1  1  1  1  0  0  0  1  0 ] (0.00000001)
[  1  1  1  1  0  0  1  0  0 ] (0.00000002)
[  1  1  1  1  0  1  0  0  0 ] (0.00000005)
[  1  1  1  1  1  0  0  0  0 ] (0.00000002)
[  1  1  1  2  0  0  0  0  0 ] (0.00000011)
[  1  1  2  0  0  0  0  0  0 ] (0.02210300)
[  1  1  2  0  0  0  0  0  1 ] (0.00536246)
[  1  1  2  0  0  0  0  1  0 ] (0.00061801)
[  1  1  2  0  0  0  1  0  0 ] (0.00001208)
[  1  1  2  0  0  1  0  0  0 ] (0.00070251)
[  1  1  2  0  1  0  0  0  0 ] (0.00040167)
[  1  1  2  1  0  0  0  0  0 ] (0.00181090)
[  1  1  3  0  0  0  0  0  0 ] (0.01045443)
[  1  2  0  0  0  0  0  0  0 ] (0.00000029)
[  1  2  0  0  0  0  0  0  1 ] (0.00000059)
[  1  2  0  0  0  0  0  0  2 ] (0.00000006)
[  1  2  0  0  0  0  0  1  0 ] (0.00000160)
[  1  2  0  0  0  0  0  1  1 ] (0.00000002)
[  1  2  0  0  0  0  0  2  0 ] (0.00000005)
[  1  2  0  0  0  0  1  0  0 ] (0.00000135)
[  1  2  0  0  0  0  1  0  1 ] (0.00000020)
[  1  2  0  0  0  0  1  1  0 ] (0.00000005)
[  1  2  0  0  0  0  2  0  0 ] (0.00000001)
[  1  2  0  0  0  1  0  0  0 ] (0.00000307)
[  1  2  0  0  0  1  0  0  1 ] (0.00000088)
[  1  2  0  0  0  1  0  1  0 ] (0.00000003)
[  1  2  0  0  0  1  1  0  0 ] (0.00000004)
[  1  2  0  0  0  2  0  0  0 ] (0.00000002)
[  1  2  0  0  1  0  0  0  0 ] (0.00000162)
[  1  2  0  0  1  0  0  0  1 ] (0.00000006)
[  1  2  0  0  1  0  0  1  0 ] (0.00000000)
[  1  2  0  0  1  0  1  0  0 ] (0.00000003)
[  1  2  0  0  1  1  0  0  0 ] (0.00000000)
[  1  2  0  0  2  0  0  0  0 ] (0.00000002)
[  1  2  0  1  0  0  0  0  0 ] (0.00000002)
[  1  2  0  1  0  0  0  0  1 ] (0.00000000)
[  1  2  0  1  0  0  0  1  0 ] (0.00000003)
[  1  2  0  1  0  0  1  0  0 ] (0.00000003)
[  1  2  0  1  0  1  0  0  0 ] (0.00000010)
[  1  2  0  1  1  0  0  0  0 ] (0.00000007)
[  1  2  0  2  0  0  0  0  0 ] (0.00000002)
[  1  2  1  0  0  0  0  0  0 ] (0.00036944)
[  1  2  1  0  0  0  0  0  1 ] (0.00000760)
[  1  2  1  0  0  0  0  1  0 ] (0.00001889)
[  1  2  1  0  0  0  1  0  0 ] (0.00018108)
[  1  2  1  0  0  1  0  0  0 ] (0.00143323)
[  1  2  1  0  1  0  0  0  0 ] (0.00032316)
[  1  2  1  1  0  0  0  0  0 ] (0.00000246)
[  1  2  2  0  0  0  0  0  0 ] (0.00000117)
[  1  3  0  0  0  0  0  0  0 ] (0.00000003)
[  1  3  0  0  0  0  0  0  1 ] (0.00000002)
[  1  3  0  0  0  0  0  1  0 ] (0.00000003)
[  1  3  0  0  0  0  1  0  0 ] (0.00000002)
[  1  3  0  0  0  1  0  0  0 ] (0.00000004)
[  1  3  0  0  1  0  0  0  0 ] (0.00000013)
[  1  3  0  1  0  0  0  0  0 ] (0.00000000)
[  1  3  1  0  0  0  0  0  0 ] (0.00045720)
[  1  4  0  0  0  0  0  0  0 ] (0.00058999)
[  2  0  0  0  0  0  0  0  0 ] (0.00235653)
[  2  0  0  0  0  0  0  0  1 ] (0.00000000)
[  2  0  0  0  0  0  0  0  2 ] (0.00016424)
[  2  0  0  0  0  0  0  0  3 ] (0.00000415)
[  2  0  0  0  0  0  0  1  0 ] (0.00000929)
[  2  0  0  0  0  0  0  1  1 ] (0.00009091)
[  2  0  0  0  0  0  0  1  2 ] (0.00001661)
[  2  0  0  0  0  0  0  2  0 ] (0.00001201)
[  2  0  0  0  0  0  0  2  1 ] (0.00000337)
[  2  0  0  0  0  0  0  3  0 ] (0.00000507)
[  2  0  0  0  0  0  1  0  0 ] (0.00149533)
[  2  0  0  0  0  0  1  0  1 ] (0.00004584)
[  2  0  0  0  0  0  1  0  2 ] (0.00001219)
[  2  0  0  0  0  0  1  1  0 ] (0.00002207)
[  2  0  0  0  0  0  1  1  1 ] (0.00002661)
[  2  0  0  0  0  0  1  2  0 ] (0.00000040)
[  2  0  0  0  0  0  2  0  0 ] (0.00003543)
[  2  0  0  0  0  0  2  0  1 ] (0.00002310)
[  2  0  0  0  0  0  2  1  0 ] (0.00000025)
[  2  0  0  0  0  0  3  0  0 ] (0.00013044)
[  2  0  0  0  0  1  0  0  0 ] (0.00165280)
[  2  0  0  0  0  1  0  0  1 ] (0.00011147)
[  2  0  0  0  0  1  0  0  2 ] (0.00000026)
[  2  0  0  0  0  1  0  1  0 ] (0.00004224)
[  2  0  0  0  0  1  0  1  1 ] (0.00000320)
[  2  0  0  0  0  1  0  2  0 ] (0.00000017)
[  2  0  0  0  0  1  1  0  0 ] (0.00017959)
[  2  0  0  0  0  1  1  0  1 ] (0.00010423)
[  2  0  0  0  0  1  1  1  0 ] (0.00000536)
[  2  0  0  0  0  1  2  0  0 ] (0.00000908)
[  2  0  0  0  0  2  0  0  0 ] (0.00022277)
[  2  0  0  0  0  2  0  0  1 ] (0.00000898)
[  2  0  0  0  0  2  0  1  0 ] (0.00000105)
[  2  0  0  0  0  2  1  0  0 ] (0.00003117)
[  2  0  0  0  0  3  0  0  0 ] (0.00001249)
[  2  0  0  0  1  0  0  0  0 ] (0.00001605)
[  2  0  0  0  1  0  0  0  1 ] (0.00005048)
[  2  0  0  0  1  0  0  0  2 ] (0.00000762)
[  2  0  0  0  1  0  0  1  0 ] (0.00047512)
[  2  0  0  0  1  0  0  1  1 ] (0.00009195)
[  2  0  0  0  1  0  0  2  0 ] (0.00000937)
[  2  0  0  0  1  0  1  0  0 ] (0.00001869)
[  2  0  0  0  1  0  1  0  1 ] (0.00005921)
[  2  0  0  0  1  0  1  1  0 ] (0.00002084)
[  2  0  0  0  1  0  2  0  0 ] (0.00002083)
[  2  0  0  0  1  1  0  0  0 ] (0.00002880)
[  2  0  0  0  1  1  0  0  1 ] (0.00000718)
[  2  0  0  0  1  1  0  1  0 ] (0.00004548)
[  2  0  0  0  1  1  1  0  0 ] (0.00023687)
[  2  0  0  0  1  2  0  0  0 ] (0.00002006)
[  2  0  0  0  2  0  0  0  0 ] (0.00007745)
[  2  0  0  0  2  0  0  0  1 ] (0.00003221)
[  2  0  0  0  2  0  0  1  0 ] (0.00001055)
[  2  0  0  0  2  0  1  0  0 ] (0.00001906)
[  2  0  0  0  2  1  0  0  0 ] (0.00001558)
[  2  0  0  0  3  0  0  0  0 ] (0.00009019)
[  2  0  0  1  0  0  0  0  0 ] (0.00102815)
[  2  0  0  1  0  0  0  0  1 ] (0.00018671)
[  2  0  0  1  0  0  0  0  2 ] (0.00000054)
[  2  0  0  1  0  0  0  1  0 ] (0.00001715)
[  2  0  0  1  0  0  0  1  1 ] (0.00000001)
[  2  0  0  1  0  0  0  2  0 ] (0.00000004)
[  2  0  0  1  0  0  1  0  0 ] (0.00000081)
[  2  0  0  1  0  0  1  0  1 ] (0.00001964)
[  2  0  0  1  0  0  1  1  0 ] (0.00001608)
[  2  0  0  1  0  0  2  0  0 ] (0.00002199)
[  2  0  0  1  0  1  0  0  0 ] (0.00000556)
[  2  0  0  1  0  1  0  0  1 ] (0.00007731)
[  2  0  0  1  0  1  0  1  0 ] (0.00004386)
[  2  0  0  1  0  1  1  0  0 ] (0.00002054)
[  2  0  0  1  0  2  0  0  0 ] (0.00001401)
[  2  0  0  1  1  0  0  0  0 ] (0.00041285)
[  2  0  0  1  1  0  0  0  1 ] (0.00006460)
[  2  0  0  1  1  0  0  1  0 ] (0.00000019)
[  2  0  0  1  1  0  1  0  0 ] (0.00001034)
[  2  0  0  1  1  1  0  0  0 ] (0.00000028)
[  2  0  0  1  2  0  0  0  0 ] (0.00000000)
[  2  0  0  2  0  0  0  0  0 ] (0.00011642)
[  2  0  0  2  0  0  0  0  1 ] (0.00000478)
[  2  0  0  2  0  0  0  1  0 ] (0.00000883)
[  2  0  0  2  0  0  1  0  0 ] (0.00000379)
[  2  0  0  2  0  1  0  0  0 ] (0.00000048)
[  2  0  0  2  1  0  0  0  0 ] (0.00002928)
[  2  0  0  3  0  0  0  0  0 ] (0.00000008)
[  2  0  1  0  0  0  0  0  0 ] (0.00000000)
[  2  0  1  0  0  0  0  0  1 ] (0.00000015)
[  2  0  1  0  0  0  0  0  2 ] (0.00000002)
[  2  0  1  0  0  0  0  1  0 ] (0.00000028)
[  2  0  1  0  0  0  0  1  1 ] (0.00000000)
[  2  0  1  0  0  0  0  2  0 ] (0.00000000)
[  2  0  1  0  0  0  1  0  0 ] (0.00000013)
[  2  0  1  0  0  0  1  0  1 ] (0.00000002)
[  2  0  1  0  0  0  1  1  0 ] (0.00000004)
[  2  0  1  0  0  0  2  0  0 ] (0.00000000)
[  2  0  1  0  0  1  0  0  0 ] (0.00000000)
[  2  0  1  0  0  1  0  0  1 ] (0.00000008)
[  2  0  1  0  0  1  0  1  0 ] (0.00000000)
[  2  0  1  0  0  1  1  0  0 ] (0.00000000)
[  2  0  1  0  0  2  0  0  0 ] (0.00000002)
[  2  0  1  0  1  0  0  0  0 ] (0.00000011)
[  2  0  1  0  1  0  0  0  1 ] (0.00000003)
[  2  0  1  0  1  0  0  1  0 ] (0.00000002)
[  2  0  1  0  1  0  1  0  0 ] (0.00000003)
[  2  0  1  0  1  1  0  0  0 ] (0.00000003)
[  2  0  1  0  2  0  0  0  0 ] (0.00000002)
[  2  0  1  1  0  0  0  0  0 ] (0.00000792)
[  2  0  1  1  0  0  0  0  1 ] (0.00000058)
[  2  0  1  1  0  0  0  1  0 ] (0.00000007)
[  2  0  1  1  0  0  1  0  0 ] (0.00000027)
[  2  0  1  1  0  1  0  0  0 ] (0.00000003)
[  2  0  1  1  1  0  0  0  0 ] (0.00000007)
[  2  0  1  2  0  0  0  0  0 ] (0.00000020)
[  2  0  2  0  0  0  0  0  0 ] (0.00066285)
[  2  0  2  0  0  0  0  0  1 ] (0.00089257)
[  2  0  2  0  0  0  0  1  0 ] (0.00061785)
[  2  0  2  0  0  0  1  0  0 ] (0.00099452)
[  2  0  2  0  0  1  0  0  0 ] (0.00069623)
[  2  0  2  0  1  0  0  0  0 ] (0.00091384)
[  2  0  2  1  0  0  0  0  0 ] (0.00043232)
[  2  0  3  0  0  0  0  0  0 ] (0.00650206)
[  2  1  0  0  0  0  0  0  0 ] (0.00000023)
[  2  1  0  0  0  0  0  0  1 ] (0.00000043)
[  2  1  0  0  0  0  0  0  2 ] (0.00000004)
[  2  1  0  0  0  0  0  1  0 ] (0.00000088)
[  2  1  0  0  0  0  0  1  1 ] (0.00000000)
[  2  1  0  0  0  0  0  2  0 ] (0.00000002)
[  2  1  0  0  0  0  1  0  0 ] (0.00000077)
[  2  1  0  0  0  0  1  0  1 ] (0.00000002)
[  2  1  0  0  0  0  1  1  0 ] (0.00000005)
[  2  1  0  0  0  0  2  0  0 ] (0.00000000)
[  2  1  0  0  0  1  0  0  0 ] (0.00001141)
[  2  1  0  0  0  1  0  0  1 ] (0.00000176)
[  2  1  0  0  0  1  0  1  0 ] (0.00000002)
[  2  1  0  0  0  1  1  0  0 ] (0.00000008)
[  2  1  0  0  0  2  0  0  0 ] (0.00000002)
[  2  1  0  0  1  0  0  0  0 ] (0.00000267)
[  2  1  0  0  1  0  0  0  1 ] (0.00000008)
[  2  1  0  0  1  0  0  1  0 ] (0.00000005)
[  2  1  0  0  1  0  1  0  0 ] (0.00000002)
[  2  1  0  0  1  1  0  0  0 ] (0.00000036)
[  2  1  0  0  2  0  0  0  0 ] (0.00000045)
[  2  1  0  1  0  0  0  0  0 ] (0.00000962)
[  2  1  0  1  0  0  0  0  1 ] (0.00000147)
[  2  1  0  1  0  0  0  1  0 ] (0.00000011)
[  2  1  0  1  0  0  1  0  0 ] (0.00000005)
[  2  1  0  1  0  1  0  0  0 ] (0.00000009)
[  2  1  0  1  1  0  0  0  0 ] (0.00000003)
[  2  1  0  2  0  0  0  0  0 ] (0.00000000)
[  2  1  1  0  0  0  0  0  0 ] (0.00424698)
[  2  1  1  0  0  0  0  0  1 ] (0.00131017)
[  2  1  1  0  0  0  0  1  0 ] (0.00003622)
[  2  1  1  0  0  0  1  0  0 ] (0.00000269)
[  2  1  1  0  0  1  0  0  0 ] (0.00066754)
[  2  1  1  0  1  0  0  0  0 ] (0.00004713)
[  2  1  1  1  0  0  0  0  0 ] (0.00009093)
[  2  1  2  0  0  0  0  0  0 ] (0.00000030)
[  2  2  0  0  0  0  0  0  0 ] (0.00035931)
[  2  2  0  0  0  0  0  0  1 ] (0.00096235)
[  2  2  0  0  0  0  0  1  0 ] (0.00003216)
[  2  2  0  0  0  0  1  0  0 ] (0.00004181)
[  2  2  0  0  0  1  0  0  0 ] (0.00003176)
[  2  2  0  0  1  0  0  0  0 ] (0.00012813)
[  2  2  0  1  0  0  0  0  0 ] (0.00000020)
[  2  2  1  0  0  0  0  0  0 ] (0.00000327)
[  2  3  0  0  0  0  0  0  0 ] (0.00176319)
[  3  0  0  0  0  0  0  0  0 ] (0.00000961)
[  3  0  0  0  0  0  0  0  1 ] (0.00000392)
[  3  0  0  0  0  0  0  0  2 ] (0.00000001)
[  3  0  0  0  0  0  0  1  0 ] (0.00006142)
[  3  0  0  0  0  0  0  1  1 ] (0.00000444)
[  3  0  0  0  0  0  0  2  0 ] (0.00000093)
[  3  0  0  0  0  0  1  0  0 ] (0.00021011)
[  3  0  0  0  0  0  1  0  1 ] (0.00003427)
[  3  0  0  0  0  0  1  1  0 ] (0.00000387)
[  3  0  0  0  0  0  2  0  0 ] (0.00000189)
[  3  0  0  0  0  1  0  0  0 ] (0.00068418)
[  3  0  0  0  0  1  0  0  1 ] (0.00009894)
[  3  0  0  0  0  1  0  1  0 ] (0.00000536)
[  3  0  0  0  0  1  1  0  0 ] (0.00000001)
[  3  0  0  0  0  2  0  0  0 ] (0.00000019)
[  3  0  0  0  1  0  0  0  0 ] (0.00003794)
[  3  0  0  0  1  0  0  0  1 ] (0.00000016)
[  3  0  0  0  1  0  0  1  0 ] (0.00000387)
[  3  0  0  0  1  0  1  0  0 ] (0.00001955)
[  3  0  0  0  1  1  0  0  0 ] (0.00004339)
[  3  0  0  0  2  0  0  0  0 ] (0.00000076)
[  3  0  0  1  0  0  0  0  0 ] (0.00006648)
[  3  0  0  1  0  0  0  0  1 ] (0.00000777)
[  3  0  0  1  0  0  0  1  0 ] (0.00000013)
[  3  0  0  1  0  0  1  0  0 ] (0.00000001)
[  3  0  0  1  0  1  0  0  0 ] (0.00000012)
[  3  0  0  1  1  0  0  0  0 ] (0.00000210)
[  3  0  0  2  0  0  0  0  0 ] (0.00000032)
[  3  0  1  0  0  0  0  0  0 ] (0.00000007)
[  3  0  1  0  0  0  0  0  1 ] (0.00000000)
[  3  0  1  0  0  0  0  1  0 ] (0.00000002)
[  3  0  1  0  0  0  1  0  0 ] (0.00000000)
[  3  0  1  0  0  1  0  0  0 ] (0.00000000)
[  3  0  1  0  1  0  0  0  0 ] (0.00000001)
[  3  0  1  1  0  0  0  0  0 ] (0.00000039)
[  3  0  2  0  0  0  0  0  0 ] (0.00004391)
[  3  1  0  0  0  0  0  0  0 ] (0.00000005)
[  3  1  0  0  0  0  0  0  1 ] (0.00000000)
[  3  1  0  0  0  0  0  1  0 ] (0.00000006)
[  3  1  0  0  0  0  1  0  0 ] (0.00000019)
[  3  1  0  0  0  1  0  0  0 ] (0.00000001)
[  3  1  0  0  1  0  0  0  0 ] (0.00000005)
[  3  1  0  1  0  0  0  0  0 ] (0.00000109)
[  3  1  1  0  0  0  0  0  0 ] (0.00043589)
[  3  2  0  0  0  0  0  0  0 ] (0.00008662)
[  4  0  0  0  0  0  0  0  0 ] (0.00000001)
[  4  0  0  0  0  0  0  0  1 ] (0.00000000)
[  4  0  0  0  0  0  0  1  0 ] (0.00000082)
[  4  0  0  0  0  0  1  0  0 ] (0.00000125)
[  4  0  0  0  0  1  0  0  0 ] (0.00000045)
[  4  0  0  0  1  0  0  0  0 ] (0.00000145)
[  4  0  0  1  0  0  0  0  0 ] (0.00001255)
[  4  0  1  0  0  0  0  0  0 ] (0.00182177)
[  4  1  0  0  0  0  0  0  0 ] (0.00000395)
[  5  0  0  0  0  0  0  0  0 ] (0.00000030)
