|  -863.304451728250 |   256.329793023756 

[  0  0  0  0  0  0  0  0  0 ] (0.00000778)
[  0  0  0  0  0  0  0  0  1 ] (0.00000384)
[  0  0  0  0  0  0  0  0  2 ] (0.00000801)
[  0  0  0  0  0  0  0  0  3 ] (0.00006421)
[  0  0  0  0  0  0  0  0  4 ] (0.00009032)
[  0  0  0  0  0  0  0  0  5 ] (0.00001707)
[  0  0  0  0  0  0  0  1  0 ] (0.00004350)
[  0  0  0  0  0  0  0  1  1 ] (0.00001164)
[  0  0  0  0  0  0  0  1  2 ] (0.00004942)
[  0  0  0  0  0  0  0  1  3 ] (0.00352613)
[  0  0  0  0  0  0  0  1  4 ] (0.00001449)
[  0  0  0  0  0  0  0  2  0 ] (0.00001168)
[  0  0  0  0  0  0  0  2  1 ] (0.00024988)
[  0  0  0  0  0  0  0  2  2 ] (0.00297316)
[  0  0  0  0  0  0  0  2  3 ] (0.00042516)
[  0  0  0  0  0  0  0  3  0 ] (0.00000025)
[  0  0  0  0  0  0  0  3  1 ] (0.00605624)
[  0  0  0  0  0  0  0  3  2 ] (0.00042928)
[  0  0  0  0  0  0  0  4  0 ] (0.00002341)
[  0  0  0  0  0  0  0  4  1 ] (0.00001203)
[  0  0  0  0  0  0  0  5  0 ] (0.00041313)
[  0  0  0  0  0  0  1  0  0 ] (0.00016228)
[  0  0  0  0  0  0  1  0  1 ] (0.00003258)
[  0  0  0  0  0  0  1  0  2 ] (0.00009034)
[  0  0  0  0  0  0  1  0  3 ] (0.01758208)
[  0  0  0  0  0  0  1  0  4 ] (0.00000013)
[  0  0  0  0  0  0  1  1  0 ] (0.00000721)
[  0  0  0  0  0  0  1  1  1 ] (0.00035868)
[  0  0  0  0  0  0  1  1  2 ] (0.00053135)
[  0  0  0  0  0  0  1  1  3 ] (0.00105024)
[  0  0  0  0  0  0  1  2  0 ] (0.00009281)
[  0  0  0  0  0  0  1  2  1 ] (0.00095703)
[  0  0  0  0  0  0  1  2  2 ] (0.00003420)
[  0  0  0  0  0  0  1  3  0 ] (0.00000819)
[  0  0  0  0  0  0  1  3  1 ] (0.00189507)
[  0  0  0  0  0  0  1  4  0 ] (0.00648930)
[  0  0  0  0  0  0  2  0  0 ] (0.00003338)
[  0  0  0  0  0  0  2  0  1 ] (0.00070448)
[  0  0  0  0  0  0  2  0  2 ] (0.00176717)
[  0  0  0  0  0  0  2  0  3 ] (0.00025365)
[  0  0  0  0  0  0  2  1  0 ] (0.00001786)
[  0  0  0  0  0  0  2  1  1 ] (0.00030466)
[  0  0  0  0  0  0  2  1  2 ] (0.00009299)
[  0  0  0  0  0  0  2  2  0 ] (0.00000044)
[  0  0  0  0  0  0  2  2  1 ] (0.00019670)
[  0  0  0  0  0  0  2  3  0 ] (0.00004810)
[  0  0  0  0  0  0  3  0  0 ] (0.00000762)
[  0  0  0  0  0  0  3  0  1 ] (0.00006323)
[  0  0  0  0  0  0  3  0  2 ] (0.00226513)
[  0  0  0  0  0  0  3  1  0 ] (0.00003887)
[  0  0  0  0  0  0  3  1  1 ] (0.00027877)
[  0  0  0  0  0  0  3  2  0 ] (0.00004940)
[  0  0  0  0  0  0  4  0  0 ] (0.00320200)
[  0  0  0  0  0  0  4  0  1 ] (0.01369756)
[  0  0  0  0  0  0  4  1  0 ] (0.00140943)
[  0  0  0  0  0  0  5  0  0 ] (0.00293680)
[  0  0  0  0  0  1  0  0  0 ] (0.00003333)
[  0  0  0  0  0  1  0  0  1 ] (0.00001534)
[  0  0  0  0  0  1  0  0  2 ] (0.00000359)
[  0  0  0  0  0  1  0  0  3 ] (0.00258627)
[  0  0  0  0  0  1  0  0  4 ] (0.00003158)
[  0  0  0  0  0  1  0  1  0 ] (0.00000150)
[  0  0  0  0  0  1  0  1  1 ] (0.00000956)
[  0  0  0  0  0  1  0  1  2 ] (0.00644647)
[  0  0  0  0  0  1  0  1  3 ] (0.00015486)
[  0  0  0  0  0  1  0  2  0 ] (0.00000407)
[  0  0  0  0  0  1  0  2  1 ] (0.00091490)
[  0  0  0  0  0  1  0  2  2 ] (0.00003235)
[  0  0  0  0  0  1  0  3  0 ] (0.00006590)
[  0  0  0  0  0  1  0  3  1 ] (0.00009989)
[  0  0  0  0  0  1  0  4  0 ] (0.00073760)
[  0  0  0  0  0  1  1  0  0 ] (0.00000025)
[  0  0  0  0  0  1  1  0  1 ] (0.00030254)
[  0  0  0  0  0  1  1  0  2 ] (0.00238568)
[  0  0  0  0  0  1  1  0  3 ] (0.00000000)
[  0  0  0  0  0  1  1  1  0 ] (0.00000241)
[  0  0  0  0  0  1  1  1  1 ] (0.00001679)
[  0  0  0  0  0  1  1  1  2 ] (0.00008855)
[  0  0  0  0  0  1  1  2  0 ] (0.00006029)
[  0  0  0  0  0  1  1  2  1 ] (0.00017519)
[  0  0  0  0  0  1  1  3  0 ] (0.00000474)
[  0  0  0  0  0  1  2  0  0 ] (0.00009000)
[  0  0  0  0  0  1  2  0  1 ] (0.00002717)
[  0  0  0  0  0  1  2  0  2 ] (0.00000361)
[  0  0  0  0  0  1  2  1  0 ] (0.00010832)
[  0  0  0  0  0  1  2  1  1 ] (0.00002257)
[  0  0  0  0  0  1  2  2  0 ] (0.00067020)
[  0  0  0  0  0  1  3  0  0 ] (0.00014409)
[  0  0  0  0  0  1  3  0  1 ] (0.00006208)
[  0  0  0  0  0  1  3  1  0 ] (0.00000580)
[  0  0  0  0  0  1  4  0  0 ] (0.00055456)
[  0  0  0  0  0  2  0  0  0 ] (0.00000022)
[  0  0  0  0  0  2  0  0  1 ] (0.00021800)
[  0  0  0  0  0  2  0  0  2 ] (0.00009544)
[  0  0  0  0  0  2  0  0  3 ] (0.00000100)
[  0  0  0  0  0  2  0  1  0 ] (0.00016647)
[  0  0  0  0  0  2  0  1  1 ] (0.00062194)
[  0  0  0  0  0  2  0  1  2 ] (0.00016061)
[  0  0  0  0  0  2  0  2  0 ] (0.00011635)
[  0  0  0  0  0  2  0  2  1 ] (0.00193733)
[  0  0  0  0  0  2  0  3  0 ] (0.00033088)
[  0  0  0  0  0  2  1  0  0 ] (0.00007942)
[  0  0  0  0  0  2  1  0  1 ] (0.00071823)
[  0  0  0  0  0  2  1  0  2 ] (0.00023090)
[  0  0  0  0  0  2  1  1  0 ] (0.00000352)
[  0  0  0  0  0  2  1  1  1 ] (0.00059119)
[  0  0  0  0  0  2  1  2  0 ] (0.00143713)
[  0  0  0  0  0  2  2  0  0 ] (0.00018663)
[  0  0  0  0  0  2  2  0  1 ] (0.00000066)
[  0  0  0  0  0  2  2  1  0 ] (0.00118305)
[  0  0  0  0  0  2  3  0  0 ] (0.00002345)
[  0  0  0  0  0  3  0  0  0 ] (0.00001012)
[  0  0  0  0  0  3  0  0  1 ] (0.00003107)
[  0  0  0  0  0  3  0  0  2 ] (0.00099952)
[  0  0  0  0  0  3  0  1  0 ] (0.00017960)
[  0  0  0  0  0  3  0  1  1 ] (0.00079897)
[  0  0  0  0  0  3  0  2  0 ] (0.00023602)
[  0  0  0  0  0  3  1  0  0 ] (0.00008290)
[  0  0  0  0  0  3  1  0  1 ] (0.00985156)
[  0  0  0  0  0  3  1  1  0 ] (0.00421416)
[  0  0  0  0  0  3  2  0  0 ] (0.00008029)
[  0  0  0  0  0  4  0  0  0 ] (0.00056561)
[  0  0  0  0  0  4  0  0  1 ] (0.00275740)
[  0  0  0  0  0  4  0  1  0 ] (0.00000192)
[  0  0  0  0  0  4  1  0  0 ] (0.00551651)
[  0  0  0  0  0  5  0  0  0 ] (0.00668048)
[  0  0  0  0  1  0  0  0  0 ] (0.00003287)
[  0  0  0  0  1  0  0  0  1 ] (0.00008994)
[  0  0  0  0  1  0  0  0  2 ] (0.00000833)
[  0  0  0  0  1  0  0  0  3 ] (0.01361971)
[  0  0  0  0  1  0  0  0  4 ] (0.00008341)
[  0  0  0  0  1  0  0  1  0 ] (0.00000123)
[  0  0  0  0  1  0  0  1  1 ] (0.00004099)
[  0  0  0  0  1  0  0  1  2 ] (0.00007201)
[  0  0  0  0  1  0  0  1  3 ] (0.00049816)
[  0  0  0  0  1  0  0  2  0 ] (0.00000014)
[  0  0  0  0  1  0  0  2  1 ] (0.00006170)
[  0  0  0  0  1  0  0  2  2 ] (0.00009123)
[  0  0  0  0  1  0  0  3  0 ] (0.00001823)
[  0  0  0  0  1  0  0  3  1 ] (0.00030463)
[  0  0  0  0  1  0  0  4  0 ] (0.00552539)
[  0  0  0  0  1  0  1  0  0 ] (0.00000126)
[  0  0  0  0  1  0  1  0  1 ] (0.00003484)
[  0  0  0  0  1  0  1  0  2 ] (0.00023373)
[  0  0  0  0  1  0  1  0  3 ] (0.00041066)
[  0  0  0  0  1  0  1  1  0 ] (0.00008764)
[  0  0  0  0  1  0  1  1  1 ] (0.00000285)
[  0  0  0  0  1  0  1  1  2 ] (0.00010182)
[  0  0  0  0  1  0  1  2  0 ] (0.00000034)
[  0  0  0  0  1  0  1  2  1 ] (0.00000564)
[  0  0  0  0  1  0  1  3  0 ] (0.00374568)
[  0  0  0  0  1  0  2  0  0 ] (0.00005871)
[  0  0  0  0  1  0  2  0  1 ] (0.00001153)
[  0  0  0  0  1  0  2  0  2 ] (0.00138053)
[  0  0  0  0  1  0  2  1  0 ] (0.00011781)
[  0  0  0  0  1  0  2  1  1 ] (0.00044423)
[  0  0  0  0  1  0  2  2  0 ] (0.00086369)
[  0  0  0  0  1  0  3  0  0 ] (0.00000114)
[  0  0  0  0  1  0  3  0  1 ] (0.00000284)
[  0  0  0  0  1  0  3  1  0 ] (0.00080509)
[  0  0  0  0  1  0  4  0  0 ] (0.00003252)
[  0  0  0  0  1  1  0  0  0 ] (0.00004280)
[  0  0  0  0  1  1  0  0  1 ] (0.00001498)
[  0  0  0  0  1  1  0  0  2 ] (0.00029980)
[  0  0  0  0  1  1  0  0  3 ] (0.00000077)
[  0  0  0  0  1  1  0  1  0 ] (0.00087761)
[  0  0  0  0  1  1  0  1  1 ] (0.00416215)
[  0  0  0  0  1  1  0  1  2 ] (0.00017992)
[  0  0  0  0  1  1  0  2  0 ] (0.00005531)
[  0  0  0  0  1  1  0  2  1 ] (0.00005316)
[  0  0  0  0  1  1  0  3  0 ] (0.00474402)
[  0  0  0  0  1  1  1  0  0 ] (0.00002639)
[  0  0  0  0  1  1  1  0  1 ] (0.00000759)
[  0  0  0  0  1  1  1  0  2 ] (0.00000883)
[  0  0  0  0  1  1  1  1  0 ] (0.00012522)
[  0  0  0  0  1  1  1  1  1 ] (0.00004406)
[  0  0  0  0  1  1  1  2  0 ] (0.00000085)
[  0  0  0  0  1  1  2  0  0 ] (0.00004618)
[  0  0  0  0  1  1  2  0  1 ] (0.00002512)
[  0  0  0  0  1  1  2  1  0 ] (0.00012790)
[  0  0  0  0  1  1  3  0  0 ] (0.00015235)
[  0  0  0  0  1  2  0  0  0 ] (0.00029144)
[  0  0  0  0  1  2  0  0  1 ] (0.00002832)
[  0  0  0  0  1  2  0  0  2 ] (0.00068068)
[  0  0  0  0  1  2  0  1  0 ] (0.00021297)
[  0  0  0  0  1  2  0  1  1 ] (0.00002925)
[  0  0  0  0  1  2  0  2  0 ] (0.00048058)
[  0  0  0  0  1  2  1  0  0 ] (0.00002063)
[  0  0  0  0  1  2  1  0  1 ] (0.00011145)
[  0  0  0  0  1  2  1  1  0 ] (0.00036019)
[  0  0  0  0  1  2  2  0  0 ] (0.00010209)
[  0  0  0  0  1  3  0  0  0 ] (0.00085722)
[  0  0  0  0  1  3  0  0  1 ] (0.00683663)
[  0  0  0  0  1  3  0  1  0 ] (0.00192021)
[  0  0  0  0  1  3  1  0  0 ] (0.00237965)
[  0  0  0  0  1  4  0  0  0 ] (0.00166410)
[  0  0  0  0  2  0  0  0  0 ] (0.00001386)
[  0  0  0  0  2  0  0  0  1 ] (0.00009161)
[  0  0  0  0  2  0  0  0  2 ] (0.00000001)
[  0  0  0  0  2  0  0  0  3 ] (0.00000213)
[  0  0  0  0  2  0  0  1  0 ] (0.00020725)
[  0  0  0  0  2  0  0  1  1 ] (0.00062157)
[  0  0  0  0  2  0  0  1  2 ] (0.00000022)
[  0  0  0  0  2  0  0  2  0 ] (0.00033864)
[  0  0  0  0  2  0  0  2  1 ] (0.00009401)
[  0  0  0  0  2  0  0  3  0 ] (0.00233867)
[  0  0  0  0  2  0  1  0  0 ] (0.00000106)
[  0  0  0  0  2  0  1  0  1 ] (0.00070205)
[  0  0  0  0  2  0  1  0  2 ] (0.00004974)
[  0  0  0  0  2  0  1  1  0 ] (0.00050097)
[  0  0  0  0  2  0  1  1  1 ] (0.00000247)
[  0  0  0  0  2  0  1  2  0 ] (0.00002642)
[  0  0  0  0  2  0  2  0  0 ] (0.00005704)
[  0  0  0  0  2  0  2  0  1 ] (0.00043506)
[  0  0  0  0  2  0  2  1  0 ] (0.00059059)
[  0  0  0  0  2  0  3  0  0 ] (0.00029421)
[  0  0  0  0  2  1  0  0  0 ] (0.00020478)
[  0  0  0  0  2  1  0  0  1 ] (0.00004535)
[  0  0  0  0  2  1  0  0  2 ] (0.00003195)
[  0  0  0  0  2  1  0  1  0 ] (0.00051575)
[  0  0  0  0  2  1  0  1  1 ] (0.00000613)
[  0  0  0  0  2  1  0  2  0 ] (0.00360861)
[  0  0  0  0  2  1  1  0  0 ] (0.00025825)
[  0  0  0  0  2  1  1  0  1 ] (0.00045805)
[  0  0  0  0  2  1  1  1  0 ] (0.00017742)
[  0  0  0  0  2  1  2  0  0 ] (0.00026382)
[  0  0  0  0  2  2  0  0  0 ] (0.00018255)
[  0  0  0  0  2  2  0  0  1 ] (0.00002557)
[  0  0  0  0  2  2  0  1  0 ] (0.00362243)
[  0  0  0  0  2  2  1  0  0 ] (0.01177058)
[  0  0  0  0  2  3  0  0  0 ] (0.00004773)
[  0  0  0  0  3  0  0  0  0 ] (0.00001112)
[  0  0  0  0  3  0  0  0  1 ] (0.00021952)
[  0  0  0  0  3  0  0  0  2 ] (0.00113660)
[  0  0  0  0  3  0  0  1  0 ] (0.00005873)
[  0  0  0  0  3  0  0  1  1 ] (0.00880048)
[  0  0  0  0  3  0  0  2  0 ] (0.00000151)
[  0  0  0  0  3  0  1  0  0 ] (0.00010712)
[  0  0  0  0  3  0  1  0  1 ] (0.01564454)
[  0  0  0  0  3  0  1  1  0 ] (0.00089331)
[  0  0  0  0  3  0  2  0  0 ] (0.00026568)
[  0  0  0  0  3  1  0  0  0 ] (0.00000009)
[  0  0  0  0  3  1  0  0  1 ] (0.02325325)
[  0  0  0  0  3  1  0  1  0 ] (0.00005182)
[  0  0  0  0  3  1  1  0  0 ] (0.00032496)
[  0  0  0  0  3  2  0  0  0 ] (0.00000036)
[  0  0  0  0  4  0  0  0  0 ] (0.00002063)
[  0  0  0  0  4  0  0  0  1 ] (0.00000386)
[  0  0  0  0  4  0  0  1  0 ] (0.00000836)
[  0  0  0  0  4  0  1  0  0 ] (0.00008093)
[  0  0  0  0  4  1  0  0  0 ] (0.00096565)
[  0  0  0  0  5  0  0  0  0 ] (0.00073740)
[  0  0  0  1  0  0  0  0  0 ] (0.00001072)
[  0  0  0  1  0  0  0  0  1 ] (0.00020005)
[  0  0  0  1  0  0  0  0  2 ] (0.00007367)
[  0  0  0  1  0  0  0  0  3 ] (0.00396354)
[  0  0  0  1  0  0  0  0  4 ] (0.00003556)
[  0  0  0  1  0  0  0  1  0 ] (0.00000001)
[  0  0  0  1  0  0  0  1  1 ] (0.00157314)
[  0  0  0  1  0  0  0  1  2 ] (0.00011484)
[  0  0  0  1  0  0  0  1  3 ] (0.00012853)
[  0  0  0  1  0  0  0  2  0 ] (0.00001341)
[  0  0  0  1  0  0  0  2  1 ] (0.00017204)
[  0  0  0  1  0  0  0  2  2 ] (0.00010775)
[  0  0  0  1  0  0  0  3  0 ] (0.00000369)
[  0  0  0  1  0  0  0  3  1 ] (0.00002679)
[  0  0  0  1  0  0  0  4  0 ] (0.00081521)
[  0  0  0  1  0  0  1  0  0 ] (0.00001530)
[  0  0  0  1  0  0  1  0  1 ] (0.00016037)
[  0  0  0  1  0  0  1  0  2 ] (0.00002667)
[  0  0  0  1  0  0  1  0  3 ] (0.00010791)
[  0  0  0  1  0  0  1  1  0 ] (0.00019690)
[  0  0  0  1  0  0  1  1  1 ] (0.00324875)
[  0  0  0  1  0  0  1  1  2 ] (0.00035011)
[  0  0  0  1  0  0  1  2  0 ] (0.00001094)
[  0  0  0  1  0  0  1  2  1 ] (0.00026967)
[  0  0  0  1  0  0  1  3  0 ] (0.00082871)
[  0  0  0  1  0  0  2  0  0 ] (0.00015859)
[  0  0  0  1  0  0  2  0  1 ] (0.00176279)
[  0  0  0  1  0  0  2  0  2 ] (0.00139133)
[  0  0  0  1  0  0  2  1  0 ] (0.00002170)
[  0  0  0  1  0  0  2  1  1 ] (0.00012592)
[  0  0  0  1  0  0  2  2  0 ] (0.00070929)
[  0  0  0  1  0  0  3  0  0 ] (0.00007515)
[  0  0  0  1  0  0  3  0  1 ] (0.00113979)
[  0  0  0  1  0  0  3  1  0 ] (0.00120004)
[  0  0  0  1  0  0  4  0  0 ] (0.00310654)
[  0  0  0  1  0  1  0  0  0 ] (0.00000000)
[  0  0  0  1  0  1  0  0  1 ] (0.00129915)
[  0  0  0  1  0  1  0  0  2 ] (0.00365613)
[  0  0  0  1  0  1  0  0  3 ] (0.00004074)
[  0  0  0  1  0  1  0  1  0 ] (0.00000183)
[  0  0  0  1  0  1  0  1  1 ] (0.01921456)
[  0  0  0  1  0  1  0  1  2 ] (0.00122895)
[  0  0  0  1  0  1  0  2  0 ] (0.00016643)
[  0  0  0  1  0  1  0  2  1 ] (0.00402469)
[  0  0  0  1  0  1  0  3  0 ] (0.00506960)
[  0  0  0  1  0  1  1  0  0 ] (0.00042118)
[  0  0  0  1  0  1  1  0  1 ] (0.00302154)
[  0  0  0  1  0  1  1  0  2 ] (0.00009026)
[  0  0  0  1  0  1  1  1  0 ] (0.00000514)
[  0  0  0  1  0  1  1  1  1 ] (0.00034035)
[  0  0  0  1  0  1  1  2  0 ] (0.00036678)
[  0  0  0  1  0  1  2  0  0 ] (0.00010389)
[  0  0  0  1  0  1  2  0  1 ] (0.00001360)
[  0  0  0  1  0  1  2  1  0 ] (0.00032426)
[  0  0  0  1  0  1  3  0  0 ] (0.00000043)
[  0  0  0  1  0  2  0  0  0 ] (0.00002292)
[  0  0  0  1  0  2  0  0  1 ] (0.00003747)
[  0  0  0  1  0  2  0  0  2 ] (0.00000044)
[  0  0  0  1  0  2  0  1  0 ] (0.00024176)
[  0  0  0  1  0  2  0  1  1 ] (0.00018303)
[  0  0  0  1  0  2  0  2  0 ] (0.00009294)
[  0  0  0  1  0  2  1  0  0 ] (0.00004949)
[  0  0  0  1  0  2  1  0  1 ] (0.00030075)
[  0  0  0  1  0  2  1  1  0 ] (0.00009049)
[  0  0  0  1  0  2  2  0  0 ] (0.00073567)
[  0  0  0  1  0  3  0  0  0 ] (0.00001049)
[  0  0  0  1  0  3  0  0  1 ] (0.00007204)
[  0  0  0  1  0  3  0  1  0 ] (0.00175154)
[  0  0  0  1  0  3  1  0  0 ] (0.00023680)
[  0  0  0  1  0  4  0  0  0 ] (0.00029711)
[  0  0  0  1  1  0  0  0  0 ] (0.00000963)
[  0  0  0  1  1  0  0  0  1 ] (0.00031363)
[  0  0  0  1  1  0  0  0  2 ] (0.00407619)
[  0  0  0  1  1  0  0  0  3 ] (0.00007007)
[  0  0  0  1  1  0  0  1  0 ] (0.00015372)
[  0  0  0  1  1  0  0  1  1 ] (0.00012763)
[  0  0  0  1  1  0  0  1  2 ] (0.00014018)
[  0  0  0  1  1  0  0  2  0 ] (0.00002913)
[  0  0  0  1  1  0  0  2  1 ] (0.00067761)
[  0  0  0  1  1  0  0  3  0 ] (0.00237944)
[  0  0  0  1  1  0  1  0  0 ] (0.00028160)
[  0  0  0  1  1  0  1  0  1 ] (0.00090991)
[  0  0  0  1  1  0  1  0  2 ] (0.00048630)
[  0  0  0  1  1  0  1  1  0 ] (0.00003573)
[  0  0  0  1  1  0  1  1  1 ] (0.00023032)
[  0  0  0  1  1  0  1  2  0 ] (0.00003865)
[  0  0  0  1  1  0  2  0  0 ] (0.00000107)
[  0  0  0  1  1  0  2  0  1 ] (0.00243871)
[  0  0  0  1  1  0  2  1  0 ] (0.00022586)
[  0  0  0  1  1  0  3  0  0 ] (0.00092276)
[  0  0  0  1  1  1  0  0  0 ] (0.00020829)
[  0  0  0  1  1  1  0  0  1 ] (0.00188920)
[  0  0  0  1  1  1  0  0  2 ] (0.00004919)
[  0  0  0  1  1  1  0  1  0 ] (0.00056033)
[  0  0  0  1  1  1  0  1  1 ] (0.00003676)
[  0  0  0  1  1  1  0  2  0 ] (0.00028748)
[  0  0  0  1  1  1  1  0  0 ] (0.00002674)
[  0  0  0  1  1  1  1  0  1 ] (0.00003716)
[  0  0  0  1  1  1  1  1  0 ] (0.00000492)
[  0  0  0  1  1  1  2  0  0 ] (0.00018428)
[  0  0  0  1  1  2  0  0  0 ] (0.00003399)
[  0  0  0  1  1  2  0  0  1 ] (0.00003877)
[  0  0  0  1  1  2  0  1  0 ] (0.00025937)
[  0  0  0  1  1  2  1  0  0 ] (0.00040781)
[  0  0  0  1  1  3  0  0  0 ] (0.00011893)
[  0  0  0  1  2  0  0  0  0 ] (0.00006003)
[  0  0  0  1  2  0  0  0  1 ] (0.00096722)
[  0  0  0  1  2  0  0  0  2 ] (0.00005442)
[  0  0  0  1  2  0  0  1  0 ] (0.00011024)
[  0  0  0  1  2  0  0  1  1 ] (0.00003070)
[  0  0  0  1  2  0  0  2  0 ] (0.00124837)
[  0  0  0  1  2  0  1  0  0 ] (0.00002840)
[  0  0  0  1  2  0  1  0  1 ] (0.00002630)
[  0  0  0  1  2  0  1  1  0 ] (0.00085873)
[  0  0  0  1  2  0  2  0  0 ] (0.00071213)
[  0  0  0  1  2  1  0  0  0 ] (0.00000442)
[  0  0  0  1  2  1  0  0  1 ] (0.00002473)
[  0  0  0  1  2  1  0  1  0 ] (0.00011470)
[  0  0  0  1  2  1  1  0  0 ] (0.00067422)
[  0  0  0  1  2  2  0  0  0 ] (0.00325374)
[  0  0  0  1  3  0  0  0  0 ] (0.00000594)
[  0  0  0  1  3  0  0  0  1 ] (0.11229694)
[  0  0  0  1  3  0  0  1  0 ] (0.00110881)
[  0  0  0  1  3  0  1  0  0 ] (0.00071183)
[  0  0  0  1  3  1  0  0  0 ] (0.00034878)
[  0  0  0  1  4  0  0  0  0 ] (0.00011173)
[  0  0  0  2  0  0  0  0  0 ] (0.00000480)
[  0  0  0  2  0  0  0  0  1 ] (0.00000003)
[  0  0  0  2  0  0  0  0  2 ] (0.00109221)
[  0  0  0  2  0  0  0  0  3 ] (0.00010308)
[  0  0  0  2  0  0  0  1  0 ] (0.00000505)
[  0  0  0  2  0  0  0  1  1 ] (0.00169163)
[  0  0  0  2  0  0  0  1  2 ] (0.00056380)
[  0  0  0  2  0  0  0  2  0 ] (0.00002958)
[  0  0  0  2  0  0  0  2  1 ] (0.00032191)
[  0  0  0  2  0  0  0  3  0 ] (0.00083856)
[  0  0  0  2  0  0  1  0  0 ] (0.00003566)
[  0  0  0  2  0  0  1  0  1 ] (0.00087420)
[  0  0  0  2  0  0  1  0  2 ] (0.00000034)
[  0  0  0  2  0  0  1  1  0 ] (0.00084641)
[  0  0  0  2  0  0  1  1  1 ] (0.00048765)
[  0  0  0  2  0  0  1  2  0 ] (0.00041700)
[  0  0  0  2  0  0  2  0  0 ] (0.00024510)
[  0  0  0  2  0  0  2  0  1 ] (0.00024744)
[  0  0  0  2  0  0  2  1  0 ] (0.00000227)
[  0  0  0  2  0  0  3  0  0 ] (0.00049673)
[  0  0  0  2  0  1  0  0  0 ] (0.00000908)
[  0  0  0  2  0  1  0  0  1 ] (0.00125637)
[  0  0  0  2  0  1  0  0  2 ] (0.00022458)
[  0  0  0  2  0  1  0  1  0 ] (0.00000904)
[  0  0  0  2  0  1  0  1  1 ] (0.00109410)
[  0  0  0  2  0  1  0  2  0 ] (0.00000653)
[  0  0  0  2  0  1  1  0  0 ] (0.00016791)
[  0  0  0  2  0  1  1  0  1 ] (0.00091153)
[  0  0  0  2  0  1  1  1  0 ] (0.00002545)
[  0  0  0  2  0  1  2  0  0 ] (0.00019859)
[  0  0  0  2  0  2  0  0  0 ] (0.00017959)
[  0  0  0  2  0  2  0  0  1 ] (0.00386892)
[  0  0  0  2  0  2  0  1  0 ] (0.00034864)
[  0  0  0  2  0  2  1  0  0 ] (0.00195376)
[  0  0  0  2  0  3  0  0  0 ] (0.00007652)
[  0  0  0  2  1  0  0  0  0 ] (0.00005383)
[  0  0  0  2  1  0  0  0  1 ] (0.00006045)
[  0  0  0  2  1  0  0  0  2 ] (0.00014552)
[  0  0  0  2  1  0  0  1  0 ] (0.00010213)
[  0  0  0  2  1  0  0  1  1 ] (0.00010007)
[  0  0  0  2  1  0  0  2  0 ] (0.00174041)
[  0  0  0  2  1  0  1  0  0 ] (0.00046668)
[  0  0  0  2  1  0  1  0  1 ] (0.00016889)
[  0  0  0  2  1  0  1  1  0 ] (0.00027952)
[  0  0  0  2  1  0  2  0  0 ] (0.00020654)
[  0  0  0  2  1  1  0  0  0 ] (0.00000678)
[  0  0  0  2  1  1  0  0  1 ] (0.00060454)
[  0  0  0  2  1  1  0  1  0 ] (0.00008022)
[  0  0  0  2  1  1  1  0  0 ] (0.00005098)
[  0  0  0  2  1  2  0  0  0 ] (0.00155905)
[  0  0  0  2  2  0  0  0  0 ] (0.00001369)
[  0  0  0  2  2  0  0  0  1 ] (0.00000923)
[  0  0  0  2  2  0  0  1  0 ] (0.00028980)
[  0  0  0  2  2  0  1  0  0 ] (0.00012639)
[  0  0  0  2  2  1  0  0  0 ] (0.00057250)
[  0  0  0  2  3  0  0  0  0 ] (0.00009305)
[  0  0  0  3  0  0  0  0  0 ] (0.00000452)
[  0  0  0  3  0  0  0  0  1 ] (0.00014174)
[  0  0  0  3  0  0  0  0  2 ] (0.00001495)
[  0  0  0  3  0  0  0  1  0 ] (0.00027961)
[  0  0  0  3  0  0  0  1  1 ] (0.01125884)
[  0  0  0  3  0  0  0  2  0 ] (0.00000943)
[  0  0  0  3  0  0  1  0  0 ] (0.00001166)
[  0  0  0  3  0  0  1  0  1 ] (0.00046221)
[  0  0  0  3  0  0  1  1  0 ] (0.00037414)
[  0  0  0  3  0  0  2  0  0 ] (0.00007235)
[  0  0  0  3  0  1  0  0  0 ] (0.00030592)
[  0  0  0  3  0  1  0  0  1 ] (0.03391537)
[  0  0  0  3  0  1  0  1  0 ] (0.00021483)
[  0  0  0  3  0  1  1  0  0 ] (0.00084930)
[  0  0  0  3  0  2  0  0  0 ] (0.00010554)
[  0  0  0  3  1  0  0  0  0 ] (0.00005400)
[  0  0  0  3  1  0  0  0  1 ] (0.00114570)
[  0  0  0  3  1  0  0  1  0 ] (0.00043661)
[  0  0  0  3  1  0  1  0  0 ] (0.00038645)
[  0  0  0  3  1  1  0  0  0 ] (0.00030161)
[  0  0  0  3  2  0  0  0  0 ] (0.00003014)
[  0  0  0  4  0  0  0  0  0 ] (0.00004181)
[  0  0  0  4  0  0  0  0  1 ] (0.00042144)
[  0  0  0  4  0  0  0  1  0 ] (0.00047347)
[  0  0  0  4  0  0  1  0  0 ] (0.00157342)
[  0  0  0  4  0  1  0  0  0 ] (0.00006968)
[  0  0  0  4  1  0  0  0  0 ] (0.00007141)
[  0  0  0  5  0  0  0  0  0 ] (0.00131073)
[  0  0  1  0  0  0  0  0  0 ] (0.00000036)
[  0  0  1  0  0  0  0  0  1 ] (0.00000136)
[  0  0  1  0  0  0  0  0  2 ] (0.00000786)
[  0  0  1  0  0  0  0  0  3 ] (0.00000049)
[  0  0  1  0  0  0  0  0  4 ] (0.00000157)
[  0  0  1  0  0  0  0  1  0 ] (0.00000025)
[  0  0  1  0  0  0  0  1  1 ] (0.00000061)
[  0  0  1  0  0  0  0  1  2 ] (0.00000004)
[  0  0  1  0  0  0  0  1  3 ] (0.00002685)
[  0  0  1  0  0  0  0  2  0 ] (0.00000295)
[  0  0  1  0  0  0  0  2  1 ] (0.00000006)
[  0  0  1  0  0  0  0  2  2 ] (0.00120828)
[  0  0  1  0  0  0  0  3  0 ] (0.00000028)
[  0  0  1  0  0  0  0  3  1 ] (0.00004256)
[  0  0  1  0  0  0  0  4  0 ] (0.00000333)
[  0  0  1  0  0  0  1  0  0 ] (0.00000425)
[  0  0  1  0  0  0  1  0  1 ] (0.00000865)
[  0  0  1  0  0  0  1  0  2 ] (0.00000295)
[  0  0  1  0  0  0  1  0  3 ] (0.00000139)
[  0  0  1  0  0  0  1  1  0 ] (0.00000768)
[  0  0  1  0  0  0  1  1  1 ] (0.00006419)
[  0  0  1  0  0  0  1  1  2 ] (0.00000197)
[  0  0  1  0  0  0  1  2  0 ] (0.00000239)
[  0  0  1  0  0  0  1  2  1 ] (0.00007231)
[  0  0  1  0  0  0  1  3  0 ] (0.00002356)
[  0  0  1  0  0  0  2  0  0 ] (0.00000001)
[  0  0  1  0  0  0  2  0  1 ] (0.00000051)
[  0  0  1  0  0  0  2  0  2 ] (0.00000076)
[  0  0  1  0  0  0  2  1  0 ] (0.00000010)
[  0  0  1  0  0  0  2  1  1 ] (0.00000215)
[  0  0  1  0  0  0  2  2  0 ] (0.00012558)
[  0  0  1  0  0  0  3  0  0 ] (0.00000445)
[  0  0  1  0  0  0  3  0  1 ] (0.00010195)
[  0  0  1  0  0  0  3  1  0 ] (0.00000028)
[  0  0  1  0  0  0  4  0  0 ] (0.00000303)
[  0  0  1  0  0  1  0  0  0 ] (0.00000000)
[  0  0  1  0  0  1  0  0  1 ] (0.00000070)
[  0  0  1  0  0  1  0  0  2 ] (0.00012807)
[  0  0  1  0  0  1  0  0  3 ] (0.00001272)
[  0  0  1  0  0  1  0  1  0 ] (0.00000002)
[  0  0  1  0  0  1  0  1  1 ] (0.00002197)
[  0  0  1  0  0  1  0  1  2 ] (0.00000919)
[  0  0  1  0  0  1  0  2  0 ] (0.00000000)
[  0  0  1  0  0  1  0  2  1 ] (0.00081362)
[  0  0  1  0  0  1  0  3  0 ] (0.00001434)
[  0  0  1  0  0  1  1  0  0 ] (0.00002219)
[  0  0  1  0  0  1  1  0  1 ] (0.00000836)
[  0  0  1  0  0  1  1  0  2 ] (0.00000428)
[  0  0  1  0  0  1  1  1  0 ] (0.00000267)
[  0  0  1  0  0  1  1  1  1 ] (0.00002573)
[  0  0  1  0  0  1  1  2  0 ] (0.00002267)
[  0  0  1  0  0  1  2  0  0 ] (0.00005975)
[  0  0  1  0  0  1  2  0  1 ] (0.00000912)
[  0  0  1  0  0  1  2  1  0 ] (0.00074382)
[  0  0  1  0  0  1  3  0  0 ] (0.00001021)
[  0  0  1  0  0  2  0  0  0 ] (0.00000040)
[  0  0  1  0  0  2  0  0  1 ] (0.00000002)
[  0  0  1  0  0  2  0  0  2 ] (0.00019881)
[  0  0  1  0  0  2  0  1  0 ] (0.00002349)
[  0  0  1  0  0  2  0  1  1 ] (0.00000661)
[  0  0  1  0  0  2  0  2  0 ] (0.00002688)
[  0  0  1  0  0  2  1  0  0 ] (0.00000036)
[  0  0  1  0  0  2  1  0  1 ] (0.00003454)
[  0  0  1  0  0  2  1  1  0 ] (0.00005745)
[  0  0  1  0  0  2  2  0  0 ] (0.00015587)
[  0  0  1  0  0  3  0  0  0 ] (0.00000004)
[  0  0  1  0  0  3  0  0  1 ] (0.00000061)
[  0  0  1  0  0  3  0  1  0 ] (0.00001541)
[  0  0  1  0  0  3  1  0  0 ] (0.00002092)
[  0  0  1  0  0  4  0  0  0 ] (0.00000003)
[  0  0  1  0  1  0  0  0  0 ] (0.00000003)
[  0  0  1  0  1  0  0  0  1 ] (0.00000028)
[  0  0  1  0  1  0  0  0  2 ] (0.00000551)
[  0  0  1  0  1  0  0  0  3 ] (0.00001093)
[  0  0  1  0  1  0  0  1  0 ] (0.00000437)
[  0  0  1  0  1  0  0  1  1 ] (0.00005325)
[  0  0  1  0  1  0  0  1  2 ] (0.00004496)
[  0  0  1  0  1  0  0  2  0 ] (0.00001935)
[  0  0  1  0  1  0  0  2  1 ] (0.00088460)
[  0  0  1  0  1  0  0  3  0 ] (0.00000560)
[  0  0  1  0  1  0  1  0  0 ] (0.00000273)
[  0  0  1  0  1  0  1  0  1 ] (0.00003710)
[  0  0  1  0  1  0  1  0  2 ] (0.00000216)
[  0  0  1  0  1  0  1  1  0 ] (0.00005171)
[  0  0  1  0  1  0  1  1  1 ] (0.00001396)
[  0  0  1  0  1  0  1  2  0 ] (0.00032841)
[  0  0  1  0  1  0  2  0  0 ] (0.00005141)
[  0  0  1  0  1  0  2  0  1 ] (0.00044034)
[  0  0  1  0  1  0  2  1  0 ] (0.00000003)
[  0  0  1  0  1  0  3  0  0 ] (0.00000749)
[  0  0  1  0  1  1  0  0  0 ] (0.00000190)
[  0  0  1  0  1  1  0  0  1 ] (0.00000979)
[  0  0  1  0  1  1  0  0  2 ] (0.00007117)
[  0  0  1  0  1  1  0  1  0 ] (0.00002484)
[  0  0  1  0  1  1  0  1  1 ] (0.00022239)
[  0  0  1  0  1  1  0  2  0 ] (0.00001066)
[  0  0  1  0  1  1  1  0  0 ] (0.00000005)
[  0  0  1  0  1  1  1  0  1 ] (0.00000834)
[  0  0  1  0  1  1  1  1  0 ] (0.00016205)
[  0  0  1  0  1  1  2  0  0 ] (0.00040328)
[  0  0  1  0  1  2  0  0  0 ] (0.00000190)
[  0  0  1  0  1  2  0  0  1 ] (0.00080961)
[  0  0  1  0  1  2  0  1  0 ] (0.00005526)
[  0  0  1  0  1  2  1  0  0 ] (0.00110146)
[  0  0  1  0  1  3  0  0  0 ] (0.00000025)
[  0  0  1  0  2  0  0  0  0 ] (0.00000072)
[  0  0  1  0  2  0  0  0  1 ] (0.00002312)
[  0  0  1  0  2  0  0  0  2 ] (0.00124556)
[  0  0  1  0  2  0  0  1  0 ] (0.00001777)
[  0  0  1  0  2  0  0  1  1 ] (0.00016843)
[  0  0  1  0  2  0  0  2  0 ] (0.00017312)
[  0  0  1  0  2  0  1  0  0 ] (0.00000301)
[  0  0  1  0  2  0  1  0  1 ] (0.00006398)
[  0  0  1  0  2  0  1  1  0 ] (0.00000045)
[  0  0  1  0  2  0  2  0  0 ] (0.00032644)
[  0  0  1  0  2  1  0  0  0 ] (0.00003252)
[  0  0  1  0  2  1  0  0  1 ] (0.00001898)
[  0  0  1  0  2  1  0  1  0 ] (0.00053058)
[  0  0  1  0  2  1  1  0  0 ] (0.00046808)
[  0  0  1  0  2  2  0  0  0 ] (0.00071947)
[  0  0  1  0  3  0  0  0  0 ] (0.00000029)
[  0  0  1  0  3  0  0  0  1 ] (0.00002227)
[  0  0  1  0  3  0  0  1  0 ] (0.00000009)
[  0  0  1  0  3  0  1  0  0 ] (0.00000011)
[  0  0  1  0  3  1  0  0  0 ] (0.00000621)
[  0  0  1  0  4  0  0  0  0 ] (0.00000039)
[  0  0  1  1  0  0  0  0  0 ] (0.00000131)
[  0  0  1  1  0  0  0  0  1 ] (0.00000142)
[  0  0  1  1  0  0  0  0  2 ] (0.00000139)
[  0  0  1  1  0  0  0  0  3 ] (0.00000043)
[  0  0  1  1  0  0  0  1  0 ] (0.00000749)
[  0  0  1  1  0  0  0  1  1 ] (0.00005007)
[  0  0  1  1  0  0  0  1  2 ] (0.00010507)
[  0  0  1  1  0  0  0  2  0 ] (0.00000001)
[  0  0  1  1  0  0  0  2  1 ] (0.00001336)
[  0  0  1  1  0  0  0  3  0 ] (0.00000756)
[  0  0  1  1  0  0  1  0  0 ] (0.00000993)
[  0  0  1  1  0  0  1  0  1 ] (0.00006877)
[  0  0  1  1  0  0  1  0  2 ] (0.00009665)
[  0  0  1  1  0  0  1  1  0 ] (0.00001873)
[  0  0  1  1  0  0  1  1  1 ] (0.00000033)
[  0  0  1  1  0  0  1  2  0 ] (0.00002296)
[  0  0  1  1  0  0  2  0  0 ] (0.00000172)
[  0  0  1  1  0  0  2  0  1 ] (0.00004946)
[  0  0  1  1  0  0  2  1  0 ] (0.00010077)
[  0  0  1  1  0  0  3  0  0 ] (0.00000714)
[  0  0  1  1  0  1  0  0  0 ] (0.00000371)
[  0  0  1  1  0  1  0  0  1 ] (0.00003939)
[  0  0  1  1  0  1  0  0  2 ] (0.00001395)
[  0  0  1  1  0  1  0  1  0 ] (0.00000051)
[  0  0  1  1  0  1  0  1  1 ] (0.00000019)
[  0  0  1  1  0  1  0  2  0 ] (0.00005671)
[  0  0  1  1  0  1  1  0  0 ] (0.00000259)
[  0  0  1  1  0  1  1  0  1 ] (0.00002896)
[  0  0  1  1  0  1  1  1  0 ] (0.00001062)
[  0  0  1  1  0  1  2  0  0 ] (0.00011493)
[  0  0  1  1  0  2  0  0  0 ] (0.00000035)
[  0  0  1  1  0  2  0  0  1 ] (0.00000017)
[  0  0  1  1  0  2  0  1  0 ] (0.00000331)
[  0  0  1  1  0  2  1  0  0 ] (0.00000020)
[  0  0  1  1  0  3  0  0  0 ] (0.00000111)
[  0  0  1  1  1  0  0  0  0 ] (0.00000063)
[  0  0  1  1  1  0  0  0  1 ] (0.00000022)
[  0  0  1  1  1  0  0  0  2 ] (0.00002413)
[  0  0  1  1  1  0  0  1  0 ] (0.00000700)
[  0  0  1  1  1  0  0  1  1 ] (0.00001381)
[  0  0  1  1  1  0  0  2  0 ] (0.00006819)
[  0  0  1  1  1  0  1  0  0 ] (0.00000378)
[  0  0  1  1  1  0  1  0  1 ] (0.00000110)
[  0  0  1  1  1  0  1  1  0 ] (0.00004990)
[  0  0  1  1  1  0  2  0  0 ] (0.00001966)
[  0  0  1  1  1  1  0  0  0 ] (0.00000048)
[  0  0  1  1  1  1  0  0  1 ] (0.00010316)
[  0  0  1  1  1  1  0  1  0 ] (0.00000328)
[  0  0  1  1  1  1  1  0  0 ] (0.00007194)
[  0  0  1  1  1  2  0  0  0 ] (0.00023008)
[  0  0  1  1  2  0  0  0  0 ] (0.00001054)
[  0  0  1  1  2  0  0  0  1 ] (0.00001057)
[  0  0  1  1  2  0  0  1  0 ] (0.00000426)
[  0  0  1  1  2  0  1  0  0 ] (0.00005762)
[  0  0  1  1  2  1  0  0  0 ] (0.00001286)
[  0  0  1  1  3  0  0  0  0 ] (0.00000280)
[  0  0  1  2  0  0  0  0  0 ] (0.00000473)
[  0  0  1  2  0  0  0  0  1 ] (0.00001844)
[  0  0  1  2  0  0  0  0  2 ] (0.00004384)
[  0  0  1  2  0  0  0  1  0 ] (0.00000956)
[  0  0  1  2  0  0  0  1  1 ] (0.00000045)
[  0  0  1  2  0  0  0  2  0 ] (0.00000005)
[  0  0  1  2  0  0  1  0  0 ] (0.00000290)
[  0  0  1  2  0  0  1  0  1 ] (0.00001541)
[  0  0  1  2  0  0  1  1  0 ] (0.00003380)
[  0  0  1  2  0  0  2  0  0 ] (0.00000285)
[  0  0  1  2  0  1  0  0  0 ] (0.00001944)
[  0  0  1  2  0  1  0  0  1 ] (0.00001305)
[  0  0  1  2  0  1  0  1  0 ] (0.00031277)
[  0  0  1  2  0  1  1  0  0 ] (0.00000703)
[  0  0  1  2  0  2  0  0  0 ] (0.00009586)
[  0  0  1  2  1  0  0  0  0 ] (0.00002639)
[  0  0  1  2  1  0  0  0  1 ] (0.00004596)
[  0  0  1  2  1  0  0  1  0 ] (0.00016474)
[  0  0  1  2  1  0  1  0  0 ] (0.00001037)
[  0  0  1  2  1  1  0  0  0 ] (0.00005736)
[  0  0  1  2  2  0  0  0  0 ] (0.00002919)
[  0  0  1  3  0  0  0  0  0 ] (0.00000021)
[  0  0  1  3  0  0  0  0  1 ] (0.00001087)
[  0  0  1  3  0  0  0  1  0 ] (0.00000206)
[  0  0  1  3  0  0  1  0  0 ] (0.00000400)
[  0  0  1  3  0  1  0  0  0 ] (0.00000156)
[  0  0  1  3  1  0  0  0  0 ] (0.00000127)
[  0  0  1  4  0  0  0  0  0 ] (0.00000118)
[  0  0  2  0  0  0  0  0  0 ] (0.00010849)
[  0  0  2  0  0  0  0  0  1 ] (0.00026745)
[  0  0  2  0  0  0  0  0  2 ] (0.00023560)
[  0  0  2  0  0  0  0  0  3 ] (0.00004484)
[  0  0  2  0  0  0  0  1  0 ] (0.00006814)
[  0  0  2  0  0  0  0  1  1 ] (0.00053476)
[  0  0  2  0  0  0  0  1  2 ] (0.00106871)
[  0  0  2  0  0  0  0  2  0 ] (0.00056244)
[  0  0  2  0  0  0  0  2  1 ] (0.00245547)
[  0  0  2  0  0  0  0  3  0 ] (0.00002062)
[  0  0  2  0  0  0  1  0  0 ] (0.00040839)
[  0  0  2  0  0  0  1  0  1 ] (0.00100940)
[  0  0  2  0  0  0  1  0  2 ] (0.00213770)
[  0  0  2  0  0  0  1  1  0 ] (0.00020792)
[  0  0  2  0  0  0  1  1  1 ] (0.00366120)
[  0  0  2  0  0  0  1  2  0 ] (0.00043688)
[  0  0  2  0  0  0  2  0  0 ] (0.00173125)
[  0  0  2  0  0  0  2  0  1 ] (0.01235711)
[  0  0  2  0  0  0  2  1  0 ] (0.00605508)
[  0  0  2  0  0  0  3  0  0 ] (0.00000575)
[  0  0  2  0  0  1  0  0  0 ] (0.00000317)
[  0  0  2  0  0  1  0  0  1 ] (0.00019032)
[  0  0  2  0  0  1  0  0  2 ] (0.00067467)
[  0  0  2  0  0  1  0  1  0 ] (0.00027883)
[  0  0  2  0  0  1  0  1  1 ] (0.00188031)
[  0  0  2  0  0  1  0  2  0 ] (0.00048232)
[  0  0  2  0  0  1  1  0  0 ] (0.00014063)
[  0  0  2  0  0  1  1  0  1 ] (0.00181748)
[  0  0  2  0  0  1  1  1  0 ] (0.00006370)
[  0  0  2  0  0  1  2  0  0 ] (0.00447080)
[  0  0  2  0  0  2  0  0  0 ] (0.00177432)
[  0  0  2  0  0  2  0  0  1 ] (0.00968482)
[  0  0  2  0  0  2  0  1  0 ] (0.00030438)
[  0  0  2  0  0  2  1  0  0 ] (0.00125521)
[  0  0  2  0  0  3  0  0  0 ] (0.00003220)
[  0  0  2  0  1  0  0  0  0 ] (0.00000575)
[  0  0  2  0  1  0  0  0  1 ] (0.00011377)
[  0  0  2  0  1  0  0  0  2 ] (0.00288898)
[  0  0  2  0  1  0  0  1  0 ] (0.00002157)
[  0  0  2  0  1  0  0  1  1 ] (0.00004587)
[  0  0  2  0  1  0  0  2  0 ] (0.00056566)
[  0  0  2  0  1  0  1  0  0 ] (0.00002551)
[  0  0  2  0  1  0  1  0  1 ] (0.00001199)
[  0  0  2  0  1  0  1  1  0 ] (0.00002214)
[  0  0  2  0  1  0  2  0  0 ] (0.00006593)
[  0  0  2  0  1  1  0  0  0 ] (0.00019721)
[  0  0  2  0  1  1  0  0  1 ] (0.00163575)
[  0  0  2  0  1  1  0  1  0 ] (0.00026063)
[  0  0  2  0  1  1  1  0  0 ] (0.00433266)
[  0  0  2  0  1  2  0  0  0 ] (0.00001736)
[  0  0  2  0  2  0  0  0  0 ] (0.00004085)
[  0  0  2  0  2  0  0  0  1 ] (0.00011175)
[  0  0  2  0  2  0  0  1  0 ] (0.00075465)
[  0  0  2  0  2  0  1  0  0 ] (0.00010320)
[  0  0  2  0  2  1  0  0  0 ] (0.00037387)
[  0  0  2  0  3  0  0  0  0 ] (0.00002654)
[  0  0  2  1  0  0  0  0  0 ] (0.00003662)
[  0  0  2  1  0  0  0  0  1 ] (0.00000774)
[  0  0  2  1  0  0  0  0  2 ] (0.00860245)
[  0  0  2  1  0  0  0  1  0 ] (0.00000054)
[  0  0  2  1  0  0  0  1  1 ] (0.00259561)
[  0  0  2  1  0  0  0  2  0 ] (0.00000900)
[  0  0  2  1  0  0  1  0  0 ] (0.00012911)
[  0  0  2  1  0  0  1  0  1 ] (0.00768918)
[  0  0  2  1  0  0  1  1  0 ] (0.00198011)
[  0  0  2  1  0  0  2  0  0 ] (0.00206242)
[  0  0  2  1  0  1  0  0  0 ] (0.00045729)
[  0  0  2  1  0  1  0  0  1 ] (0.00479322)
[  0  0  2  1  0  1  0  1  0 ] (0.00107088)
[  0  0  2  1  0  1  1  0  0 ] (0.00043561)
[  0  0  2  1  0  2  0  0  0 ] (0.00076142)
[  0  0  2  1  1  0  0  0  0 ] (0.00000071)
[  0  0  2  1  1  0  0  0  1 ] (0.00073915)
[  0  0  2  1  1  0  0  1  0 ] (0.00001243)
[  0  0  2  1  1  0  1  0  0 ] (0.00087712)
[  0  0  2  1  1  1  0  0  0 ] (0.00184526)
[  0  0  2  1  2  0  0  0  0 ] (0.00003211)
[  0  0  2  2  0  0  0  0  0 ] (0.00000190)
[  0  0  2  2  0  0  0  0  1 ] (0.00003797)
[  0  0  2  2  0  0  0  1  0 ] (0.00013577)
[  0  0  2  2  0  0  1  0  0 ] (0.00098837)
[  0  0  2  2  0  1  0  0  0 ] (0.00005731)
[  0  0  2  2  1  0  0  0  0 ] (0.00009864)
[  0  0  2  3  0  0  0  0  0 ] (0.00003270)
[  0  0  3  0  0  0  0  0  0 ] (0.00002300)
[  0  0  3  0  0  0  0  0  1 ] (0.00004896)
[  0  0  3  0  0  0  0  0  2 ] (0.00001578)
[  0  0  3  0  0  0  0  1  0 ] (0.00000007)
[  0  0  3  0  0  0  0  1  1 ] (0.00003020)
[  0  0  3  0  0  0  0  2  0 ] (0.00001004)
[  0  0  3  0  0  0  1  0  0 ] (0.00005731)
[  0  0  3  0  0  0  1  0  1 ] (0.00054496)
[  0  0  3  0  0  0  1  1  0 ] (0.00000382)
[  0  0  3  0  0  0  2  0  0 ] (0.00003956)
[  0  0  3  0  0  1  0  0  0 ] (0.00002358)
[  0  0  3  0  0  1  0  0  1 ] (0.00008098)
[  0  0  3  0  0  1  0  1  0 ] (0.00000981)
[  0  0  3  0  0  1  1  0  0 ] (0.00021374)
[  0  0  3  0  0  2  0  0  0 ] (0.00001611)
[  0  0  3  0  1  0  0  0  0 ] (0.00008586)
[  0  0  3  0  1  0  0  0  1 ] (0.00053957)
[  0  0  3  0  1  0  0  1  0 ] (0.00000050)
[  0  0  3  0  1  0  1  0  0 ] (0.00010286)
[  0  0  3  0  1  1  0  0  0 ] (0.00000120)
[  0  0  3  0  2  0  0  0  0 ] (0.00004663)
[  0  0  3  1  0  0  0  0  0 ] (0.00003504)
[  0  0  3  1  0  0  0  0  1 ] (0.00041370)
[  0  0  3  1  0  0  0  1  0 ] (0.00001356)
[  0  0  3  1  0  0  1  0  0 ] (0.00000071)
[  0  0  3  1  0  1  0  0  0 ] (0.00002540)
[  0  0  3  1  1  0  0  0  0 ] (0.00001484)
[  0  0  3  2  0  0  0  0  0 ] (0.00000357)
[  0  0  4  0  0  0  0  0  0 ] (0.00000239)
[  0  0  4  0  0  0  0  0  1 ] (0.00001792)
[  0  0  4  0  0  0  0  1  0 ] (0.00000028)
[  0  0  4  0  0  0  1  0  0 ] (0.00001866)
[  0  0  4  0  0  1  0  0  0 ] (0.00001609)
[  0  0  4  0  1  0  0  0  0 ] (0.00000040)
[  0  0  4  1  0  0  0  0  0 ] (0.00001661)
[  0  0  5  0  0  0  0  0  0 ] (0.00013124)
[  0  1  0  0  0  0  0  0  0 ] (0.00000000)
[  0  1  0  0  0  0  0  0  1 ] (0.00000144)
[  0  1  0  0  0  0  0  0  2 ] (0.00000010)
[  0  1  0  0  0  0  0  0  3 ] (0.00003555)
[  0  1  0  0  0  0  0  0  4 ] (0.00000000)
[  0  1  0  0  0  0  0  1  0 ] (0.00000088)
[  0  1  0  0  0  0  0  1  1 ] (0.00000117)
[  0  1  0  0  0  0  0  1  2 ] (0.00000210)
[  0  1  0  0  0  0  0  1  3 ] (0.00004962)
[  0  1  0  0  0  0  0  2  0 ] (0.00000538)
[  0  1  0  0  0  0  0  2  1 ] (0.00000462)
[  0  1  0  0  0  0  0  2  2 ] (0.00256210)
[  0  1  0  0  0  0  0  3  0 ] (0.00000040)
[  0  1  0  0  0  0  0  3  1 ] (0.00001721)
[  0  1  0  0  0  0  0  4  0 ] (0.00000131)
[  0  1  0  0  0  0  1  0  0 ] (0.00000243)
[  0  1  0  0  0  0  1  0  1 ] (0.00000361)
[  0  1  0  0  0  0  1  0  2 ] (0.00004397)
[  0  1  0  0  0  0  1  0  3 ] (0.00002200)
[  0  1  0  0  0  0  1  1  0 ] (0.00000078)
[  0  1  0  0  0  0  1  1  1 ] (0.00000682)
[  0  1  0  0  0  0  1  1  2 ] (0.00002698)
[  0  1  0  0  0  0  1  2  0 ] (0.00001272)
[  0  1  0  0  0  0  1  2  1 ] (0.00040820)
[  0  1  0  0  0  0  1  3  0 ] (0.00002382)
[  0  1  0  0  0  0  2  0  0 ] (0.00000001)
[  0  1  0  0  0  0  2  0  1 ] (0.00001023)
[  0  1  0  0  0  0  2  0  2 ] (0.00023265)
[  0  1  0  0  0  0  2  1  0 ] (0.00001397)
[  0  1  0  0  0  0  2  1  1 ] (0.00034681)
[  0  1  0  0  0  0  2  2  0 ] (0.00006000)
[  0  1  0  0  0  0  3  0  0 ] (0.00000179)
[  0  1  0  0  0  0  3  0  1 ] (0.00000360)
[  0  1  0  0  0  0  3  1  0 ] (0.00000072)
[  0  1  0  0  0  0  4  0  0 ] (0.00001950)
[  0  1  0  0  0  1  0  0  0 ] (0.00000000)
[  0  1  0  0  0  1  0  0  1 ] (0.00000081)
[  0  1  0  0  0  1  0  0  2 ] (0.00000745)
[  0  1  0  0  0  1  0  0  3 ] (0.00002708)
[  0  1  0  0  0  1  0  1  0 ] (0.00001126)
[  0  1  0  0  0  1  0  1  1 ] (0.00005357)
[  0  1  0  0  0  1  0  1  2 ] (0.00000062)
[  0  1  0  0  0  1  0  2  0 ] (0.00003457)
[  0  1  0  0  0  1  0  2  1 ] (0.00014825)
[  0  1  0  0  0  1  0  3  0 ] (0.00004824)
[  0  1  0  0  0  1  1  0  0 ] (0.00000294)
[  0  1  0  0  0  1  1  0  1 ] (0.00001535)
[  0  1  0  0  0  1  1  0  2 ] (0.00000605)
[  0  1  0  0  0  1  1  1  0 ] (0.00000033)
[  0  1  0  0  0  1  1  1  1 ] (0.00001402)
[  0  1  0  0  0  1  1  2  0 ] (0.00065903)
[  0  1  0  0  0  1  2  0  0 ] (0.00005636)
[  0  1  0  0  0  1  2  0  1 ] (0.00035025)
[  0  1  0  0  0  1  2  1  0 ] (0.00038889)
[  0  1  0  0  0  1  3  0  0 ] (0.00000378)
[  0  1  0  0  0  2  0  0  0 ] (0.00000191)
[  0  1  0  0  0  2  0  0  1 ] (0.00006987)
[  0  1  0  0  0  2  0  0  2 ] (0.00013576)
[  0  1  0  0  0  2  0  1  0 ] (0.00005503)
[  0  1  0  0  0  2  0  1  1 ] (0.00115399)
[  0  1  0  0  0  2  0  2  0 ] (0.00000462)
[  0  1  0  0  0  2  1  0  0 ] (0.00000024)
[  0  1  0  0  0  2  1  0  1 ] (0.00006230)
[  0  1  0  0  0  2  1  1  0 ] (0.00128033)
[  0  1  0  0  0  2  2  0  0 ] (0.00002260)
[  0  1  0  0  0  3  0  0  0 ] (0.00000271)
[  0  1  0  0  0  3  0  0  1 ] (0.00003889)
[  0  1  0  0  0  3  0  1  0 ] (0.00000019)
[  0  1  0  0  0  3  1  0  0 ] (0.00000046)
[  0  1  0  0  0  4  0  0  0 ] (0.00003305)
[  0  1  0  0  1  0  0  0  0 ] (0.00000334)
[  0  1  0  0  1  0  0  0  1 ] (0.00000650)
[  0  1  0  0  1  0  0  0  2 ] (0.00000031)
[  0  1  0  0  1  0  0  0  3 ] (0.00002404)
[  0  1  0  0  1  0  0  1  0 ] (0.00000004)
[  0  1  0  0  1  0  0  1  1 ] (0.00000116)
[  0  1  0  0  1  0  0  1  2 ] (0.00000895)
[  0  1  0  0  1  0  0  2  0 ] (0.00021285)
[  0  1  0  0  1  0  0  2  1 ] (0.00336137)
[  0  1  0  0  1  0  0  3  0 ] (0.00004547)
[  0  1  0  0  1  0  1  0  0 ] (0.00000005)
[  0  1  0  0  1  0  1  0  1 ] (0.00002862)
[  0  1  0  0  1  0  1  0  2 ] (0.00000729)
[  0  1  0  0  1  0  1  1  0 ] (0.00000193)
[  0  1  0  0  1  0  1  1  1 ] (0.00000617)
[  0  1  0  0  1  0  1  2  0 ] (0.00003003)
[  0  1  0  0  1  0  2  0  0 ] (0.00002526)
[  0  1  0  0  1  0  2  0  1 ] (0.00071028)
[  0  1  0  0  1  0  2  1  0 ] (0.00009007)
[  0  1  0  0  1  0  3  0  0 ] (0.00003341)
[  0  1  0  0  1  1  0  0  0 ] (0.00000060)
[  0  1  0  0  1  1  0  0  1 ] (0.00000002)
[  0  1  0  0  1  1  0  0  2 ] (0.00007552)
[  0  1  0  0  1  1  0  1  0 ] (0.00000329)
[  0  1  0  0  1  1  0  1  1 ] (0.00013232)
[  0  1  0  0  1  1  0  2  0 ] (0.00031989)
[  0  1  0  0  1  1  1  0  0 ] (0.00000040)
[  0  1  0  0  1  1  1  0  1 ] (0.00001703)
[  0  1  0  0  1  1  1  1  0 ] (0.00023201)
[  0  1  0  0  1  1  2  0  0 ] (0.00028687)
[  0  1  0  0  1  2  0  0  0 ] (0.00010924)
[  0  1  0  0  1  2  0  0  1 ] (0.00090157)
[  0  1  0  0  1  2  0  1  0 ] (0.00070255)
[  0  1  0  0  1  2  1  0  0 ] (0.00026245)
[  0  1  0  0  1  3  0  0  0 ] (0.00000057)
[  0  1  0  0  2  0  0  0  0 ] (0.00000044)
[  0  1  0  0  2  0  0  0  1 ] (0.00000200)
[  0  1  0  0  2  0  0  0  2 ] (0.00025221)
[  0  1  0  0  2  0  0  1  0 ] (0.00000906)
[  0  1  0  0  2  0  0  1  1 ] (0.00046003)
[  0  1  0  0  2  0  0  2  0 ] (0.00007277)
[  0  1  0  0  2  0  1  0  0 ] (0.00002383)
[  0  1  0  0  2  0  1  0  1 ] (0.00050370)
[  0  1  0  0  2  0  1  1  0 ] (0.00067201)
[  0  1  0  0  2  0  2  0  0 ] (0.00008846)
[  0  1  0  0  2  1  0  0  0 ] (0.00000432)
[  0  1  0  0  2  1  0  0  1 ] (0.00002614)
[  0  1  0  0  2  1  0  1  0 ] (0.00000468)
[  0  1  0  0  2  1  1  0  0 ] (0.00015824)
[  0  1  0  0  2  2  0  0  0 ] (0.00008812)
[  0  1  0  0  3  0  0  0  0 ] (0.00000048)
[  0  1  0  0  3  0  0  0  1 ] (0.00000516)
[  0  1  0  0  3  0  0  1  0 ] (0.00000058)
[  0  1  0  0  3  0  1  0  0 ] (0.00000457)
[  0  1  0  0  3  1  0  0  0 ] (0.00000521)
[  0  1  0  0  4  0  0  0  0 ] (0.00000039)
[  0  1  0  1  0  0  0  0  0 ] (0.00000001)
[  0  1  0  1  0  0  0  0  1 ] (0.00000361)
[  0  1  0  1  0  0  0  0  2 ] (0.00000246)
[  0  1  0  1  0  0  0  0  3 ] (0.00004670)
[  0  1  0  1  0  0  0  1  0 ] (0.00000100)
[  0  1  0  1  0  0  0  1  1 ] (0.00000162)
[  0  1  0  1  0  0  0  1  2 ] (0.00012025)
[  0  1  0  1  0  0  0  2  0 ] (0.00005230)
[  0  1  0  1  0  0  0  2  1 ] (0.00031791)
[  0  1  0  1  0  0  0  3  0 ] (0.00009536)
[  0  1  0  1  0  0  1  0  0 ] (0.00000396)
[  0  1  0  1  0  0  1  0  1 ] (0.00000422)
[  0  1  0  1  0  0  1  0  2 ] (0.00006283)
[  0  1  0  1  0  0  1  1  0 ] (0.00000376)
[  0  1  0  1  0  0  1  1  1 ] (0.00002101)
[  0  1  0  1  0  0  1  2  0 ] (0.00017129)
[  0  1  0  1  0  0  2  0  0 ] (0.00001123)
[  0  1  0  1  0  0  2  0  1 ] (0.00028084)
[  0  1  0  1  0  0  2  1  0 ] (0.00009503)
[  0  1  0  1  0  0  3  0  0 ] (0.00000907)
[  0  1  0  1  0  1  0  0  0 ] (0.00000198)
[  0  1  0  1  0  1  0  0  1 ] (0.00000722)
[  0  1  0  1  0  1  0  0  2 ] (0.00008436)
[  0  1  0  1  0  1  0  1  0 ] (0.00000118)
[  0  1  0  1  0  1  0  1  1 ] (0.00012334)
[  0  1  0  1  0  1  0  2  0 ] (0.00025505)
[  0  1  0  1  0  1  1  0  0 ] (0.00000115)
[  0  1  0  1  0  1  1  0  1 ] (0.00004523)
[  0  1  0  1  0  1  1  1  0 ] (0.00003050)
[  0  1  0  1  0  1  2  0  0 ] (0.00016396)
[  0  1  0  1  0  2  0  0  0 ] (0.00005587)
[  0  1  0  1  0  2  0  0  1 ] (0.00027424)
[  0  1  0  1  0  2  0  1  0 ] (0.00074723)
[  0  1  0  1  0  2  1  0  0 ] (0.00020573)
[  0  1  0  1  0  3  0  0  0 ] (0.00000495)
[  0  1  0  1  1  0  0  0  0 ] (0.00000030)
[  0  1  0  1  1  0  0  0  1 ] (0.00000186)
[  0  1  0  1  1  0  0  0  2 ] (0.00004785)
[  0  1  0  1  1  0  0  1  0 ] (0.00000034)
[  0  1  0  1  1  0  0  1  1 ] (0.00002008)
[  0  1  0  1  1  0  0  2  0 ] (0.00003972)
[  0  1  0  1  1  0  1  0  0 ] (0.00001048)
[  0  1  0  1  1  0  1  0  1 ] (0.00001117)
[  0  1  0  1  1  0  1  1  0 ] (0.00066035)
[  0  1  0  1  1  0  2  0  0 ] (0.00001181)
[  0  1  0  1  1  1  0  0  0 ] (0.00000290)
[  0  1  0  1  1  1  0  0  1 ] (0.00000805)
[  0  1  0  1  1  1  0  1  0 ] (0.00064216)
[  0  1  0  1  1  1  1  0  0 ] (0.00041530)
[  0  1  0  1  1  2  0  0  0 ] (0.00007305)
[  0  1  0  1  2  0  0  0  0 ] (0.00000367)
[  0  1  0  1  2  0  0  0  1 ] (0.00000104)
[  0  1  0  1  2  0  0  1  0 ] (0.00005139)
[  0  1  0  1  2  0  1  0  0 ] (0.00020360)
[  0  1  0  1  2  1  0  0  0 ] (0.00017704)
[  0  1  0  1  3  0  0  0  0 ] (0.00001011)
[  0  1  0  2  0  0  0  0  0 ] (0.00000051)
[  0  1  0  2  0  0  0  0  1 ] (0.00000289)
[  0  1  0  2  0  0  0  0  2 ] (0.00025732)
[  0  1  0  2  0  0  0  1  0 ] (0.00000000)
[  0  1  0  2  0  0  0  1  1 ] (0.00000054)
[  0  1  0  2  0  0  0  2  0 ] (0.00005004)
[  0  1  0  2  0  0  1  0  0 ] (0.00000635)
[  0  1  0  2  0  0  1  0  1 ] (0.00000022)
[  0  1  0  2  0  0  1  1  0 ] (0.00012249)
[  0  1  0  2  0  0  2  0  0 ] (0.00004702)
[  0  1  0  2  0  1  0  0  0 ] (0.00000029)
[  0  1  0  2  0  1  0  0  1 ] (0.00013233)
[  0  1  0  2  0  1  0  1  0 ] (0.00004547)
[  0  1  0  2  0  1  1  0  0 ] (0.00008719)
[  0  1  0  2  0  2  0  0  0 ] (0.00003880)
[  0  1  0  2  1  0  0  0  0 ] (0.00000995)
[  0  1  0  2  1  0  0  0  1 ] (0.00003365)
[  0  1  0  2  1  0  0  1  0 ] (0.00003092)
[  0  1  0  2  1  0  1  0  0 ] (0.00027067)
[  0  1  0  2  1  1  0  0  0 ] (0.00001509)
[  0  1  0  2  2  0  0  0  0 ] (0.00027868)
[  0  1  0  3  0  0  0  0  0 ] (0.00000061)
[  0  1  0  3  0  0  0  0  1 ] (0.00000394)
[  0  1  0  3  0  0  0  1  0 ] (0.00000000)
[  0  1  0  3  0  0  1  0  0 ] (0.00000133)
[  0  1  0  3  0  1  0  0  0 ] (0.00000636)
[  0  1  0  3  1  0  0  0  0 ] (0.00000020)
[  0  1  0  4  0  0  0  0  0 ] (0.00000021)
[  0  1  1  0  0  0  0  0  0 ] (0.00003982)
[  0  1  1  0  0  0  0  0  1 ] (0.00005720)
[  0  1  1  0  0  0  0  0  2 ] (0.00001506)
[  0  1  1  0  0  0  0  0  3 ] (0.00000020)
[  0  1  1  0  0  0  0  1  0 ] (0.00001009)
[  0  1  1  0  0  0  0  1  1 ] (0.00016981)
[  0  1  1  0  0  0  0  1  2 ] (0.00232723)
[  0  1  1  0  0  0  0  2  0 ] (0.00074916)
[  0  1  1  0  0  0  0  2  1 ] (0.00436911)
[  0  1  1  0  0  0  0  3  0 ] (0.00001081)
[  0  1  1  0  0  0  1  0  0 ] (0.00002419)
[  0  1  1  0  0  0  1  0  1 ] (0.00020933)
[  0  1  1  0  0  0  1  0  2 ] (0.00467274)
[  0  1  1  0  0  0  1  1  0 ] (0.00025529)
[  0  1  1  0  0  0  1  1  1 ] (0.00247866)
[  0  1  1  0  0  0  1  2  0 ] (0.00025382)
[  0  1  1  0  0  0  2  0  0 ] (0.00000831)
[  0  1  1  0  0  0  2  0  1 ] (0.00093066)
[  0  1  1  0  0  0  2  1  0 ] (0.00449930)
[  0  1  1  0  0  0  3  0  0 ] (0.00015913)
[  0  1  1  0  0  1  0  0  0 ] (0.00000934)
[  0  1  1  0  0  1  0  0  1 ] (0.00074320)
[  0  1  1  0  0  1  0  0  2 ] (0.00825130)
[  0  1  1  0  0  1  0  1  0 ] (0.00000559)
[  0  1  1  0  0  1  0  1  1 ] (0.00005732)
[  0  1  1  0  0  1  0  2  0 ] (0.00051060)
[  0  1  1  0  0  1  1  0  0 ] (0.00026056)
[  0  1  1  0  0  1  1  0  1 ] (0.00201536)
[  0  1  1  0  0  1  1  1  0 ] (0.00200327)
[  0  1  1  0  0  1  2  0  0 ] (0.00491519)
[  0  1  1  0  0  2  0  0  0 ] (0.00068422)
[  0  1  1  0  0  2  0  0  1 ] (0.00177016)
[  0  1  1  0  0  2  0  1  0 ] (0.00027429)
[  0  1  1  0  0  2  1  0  0 ] (0.00032557)
[  0  1  1  0  0  3  0  0  0 ] (0.00003186)
[  0  1  1  0  1  0  0  0  0 ] (0.00000988)
[  0  1  1  0  1  0  0  0  1 ] (0.00000623)
[  0  1  1  0  1  0  0  0  2 ] (0.00017770)
[  0  1  1  0  1  0  0  1  0 ] (0.00012606)
[  0  1  1  0  1  0  0  1  1 ] (0.00028210)
[  0  1  1  0  1  0  0  2  0 ] (0.00008472)
[  0  1  1  0  1  0  1  0  0 ] (0.00000005)
[  0  1  1  0  1  0  1  0  1 ] (0.00071485)
[  0  1  1  0  1  0  1  1  0 ] (0.00015504)
[  0  1  1  0  1  0  2  0  0 ] (0.00080722)
[  0  1  1  0  1  1  0  0  0 ] (0.00011353)
[  0  1  1  0  1  1  0  0  1 ] (0.00081816)
[  0  1  1  0  1  1  0  1  0 ] (0.00000052)
[  0  1  1  0  1  1  1  0  0 ] (0.00004029)
[  0  1  1  0  1  2  0  0  0 ] (0.00003176)
[  0  1  1  0  2  0  0  0  0 ] (0.00017816)
[  0  1  1  0  2  0  0  0  1 ] (0.00187717)
[  0  1  1  0  2  0  0  1  0 ] (0.00049730)
[  0  1  1  0  2  0  1  0  0 ] (0.00047869)
[  0  1  1  0  2  1  0  0  0 ] (0.00071410)
[  0  1  1  0  3  0  0  0  0 ] (0.00011342)
[  0  1  1  1  0  0  0  0  0 ] (0.00009480)
[  0  1  1  1  0  0  0  0  1 ] (0.00092908)
[  0  1  1  1  0  0  0  0  2 ] (0.00007814)
[  0  1  1  1  0  0  0  1  0 ] (0.00002520)
[  0  1  1  1  0  0  0  1  1 ] (0.00061329)
[  0  1  1  1  0  0  0  2  0 ] (0.00070004)
[  0  1  1  1  0  0  1  0  0 ] (0.00007686)
[  0  1  1  1  0  0  1  0  1 ] (0.00430093)
[  0  1  1  1  0  0  1  1  0 ] (0.00108159)
[  0  1  1  1  0  0  2  0  0 ] (0.00055103)
[  0  1  1  1  0  1  0  0  0 ] (0.00012569)
[  0  1  1  1  0  1  0  0  1 ] (0.00263188)
[  0  1  1  1  0  1  0  1  0 ] (0.00321279)
[  0  1  1  1  0  1  1  0  0 ] (0.00054435)
[  0  1  1  1  0  2  0  0  0 ] (0.00003126)
[  0  1  1  1  1  0  0  0  0 ] (0.00014119)
[  0  1  1  1  1  0  0  0  1 ] (0.00284759)
[  0  1  1  1  1  0  0  1  0 ] (0.00104968)
[  0  1  1  1  1  0  1  0  0 ] (0.00018830)
[  0  1  1  1  1  1  0  0  0 ] (0.00085498)
[  0  1  1  1  2  0  0  0  0 ] (0.00025402)
[  0  1  1  2  0  0  0  0  0 ] (0.00000000)
[  0  1  1  2  0  0  0  0  1 ] (0.00004597)
[  0  1  1  2  0  0  0  1  0 ] (0.00051610)
[  0  1  1  2  0  0  1  0  0 ] (0.00160768)
[  0  1  1  2  0  1  0  0  0 ] (0.00057277)
[  0  1  1  2  1  0  0  0  0 ] (0.00022459)
[  0  1  1  3  0  0  0  0  0 ] (0.00000508)
[  0  1  2  0  0  0  0  0  0 ] (0.00000575)
[  0  1  2  0  0  0  0  0  1 ] (0.00001677)
[  0  1  2  0  0  0  0  0  2 ] (0.00000131)
[  0  1  2  0  0  0  0  1  0 ] (0.00000006)
[  0  1  2  0  0  0  0  1  1 ] (0.00000052)
[  0  1  2  0  0  0  0  2  0 ] (0.00002193)
[  0  1  2  0  0  0  1  0  0 ] (0.00000452)
[  0  1  2  0  0  0  1  0  1 ] (0.00006488)
[  0  1  2  0  0  0  1  1  0 ] (0.00002775)
[  0  1  2  0  0  0  2  0  0 ] (0.00000672)
[  0  1  2  0  0  1  0  0  0 ] (0.00000716)
[  0  1  2  0  0  1  0  0  1 ] (0.00005964)
[  0  1  2  0  0  1  0  1  0 ] (0.00000477)
[  0  1  2  0  0  1  1  0  0 ] (0.00000111)
[  0  1  2  0  0  2  0  0  0 ] (0.00000050)
[  0  1  2  0  1  0  0  0  0 ] (0.00000055)
[  0  1  2  0  1  0  0  0  1 ] (0.00000002)
[  0  1  2  0  1  0  0  1  0 ] (0.00000775)
[  0  1  2  0  1  0  1  0  0 ] (0.00003189)
[  0  1  2  0  1  1  0  0  0 ] (0.00003779)
[  0  1  2  0  2  0  0  0  0 ] (0.00000229)
[  0  1  2  1  0  0  0  0  0 ] (0.00001780)
[  0  1  2  1  0  0  0  0  1 ] (0.00001370)
[  0  1  2  1  0  0  0  1  0 ] (0.00000357)
[  0  1  2  1  0  0  1  0  0 ] (0.00002391)
[  0  1  2  1  0  1  0  0  0 ] (0.00000001)
[  0  1  2  1  1  0  0  0  0 ] (0.00001137)
[  0  1  2  2  0  0  0  0  0 ] (0.00000016)
[  0  1  3  0  0  0  0  0  0 ] (0.00000000)
[  0  1  3  0  0  0  0  0  1 ] (0.00000000)
[  0  1  3  0  0  0  0  1  0 ] (0.00000011)
[  0  1  3  0  0  0  1  0  0 ] (0.00000027)
[  0  1  3  0  0  1  0  0  0 ] (0.00000007)
[  0  1  3  0  1  0  0  0  0 ] (0.00000003)
[  0  1  3  1  0  0  0  0  0 ] (0.00000011)
[  0  1  4  0  0  0  0  0  0 ] (0.00020244)
[  0  2  0  0  0  0  0  0  0 ] (0.00000071)
[  0  2  0  0  0  0  0  0  1 ] (0.00000896)
[  0  2  0  0  0  0  0  0  2 ] (0.00033841)
[  0  2  0  0  0  0  0  0  3 ] (0.00377124)
[  0  2  0  0  0  0  0  1  0 ] (0.00000299)
[  0  2  0  0  0  0  0  1  1 ] (0.00000008)
[  0  2  0  0  0  0  0  1  2 ] (0.00026088)
[  0  2  0  0  0  0  0  2  0 ] (0.00041413)
[  0  2  0  0  0  0  0  2  1 ] (0.00105586)
[  0  2  0  0  0  0  0  3  0 ] (0.00000863)
[  0  2  0  0  0  0  1  0  0 ] (0.00004526)
[  0  2  0  0  0  0  1  0  1 ] (0.00002723)
[  0  2  0  0  0  0  1  0  2 ] (0.00132907)
[  0  2  0  0  0  0  1  1  0 ] (0.00001820)
[  0  2  0  0  0  0  1  1  1 ] (0.00005229)
[  0  2  0  0  0  0  1  2  0 ] (0.00002600)
[  0  2  0  0  0  0  2  0  0 ] (0.00021162)
[  0  2  0  0  0  0  2  0  1 ] (0.00091632)
[  0  2  0  0  0  0  2  1  0 ] (0.00003883)
[  0  2  0  0  0  0  3  0  0 ] (0.00000405)
[  0  2  0  0  0  1  0  0  0 ] (0.00002201)
[  0  2  0  0  0  1  0  0  1 ] (0.00000707)
[  0  2  0  0  0  1  0  0  2 ] (0.00177662)
[  0  2  0  0  0  1  0  1  0 ] (0.00028527)
[  0  2  0  0  0  1  0  1  1 ] (0.00325342)
[  0  2  0  0  0  1  0  2  0 ] (0.00029321)
[  0  2  0  0  0  1  1  0  0 ] (0.00045783)
[  0  2  0  0  0  1  1  0  1 ] (0.00236792)
[  0  2  0  0  0  1  1  1  0 ] (0.00031564)
[  0  2  0  0  0  1  2  0  0 ] (0.00002977)
[  0  2  0  0  0  2  0  0  0 ] (0.00001984)
[  0  2  0  0  0  2  0  0  1 ] (0.00009015)
[  0  2  0  0  0  2  0  1  0 ] (0.00001644)
[  0  2  0  0  0  2  1  0  0 ] (0.00010925)
[  0  2  0  0  0  3  0  0  0 ] (0.00000227)
[  0  2  0  0  1  0  0  0  0 ] (0.00001497)
[  0  2  0  0  1  0  0  0  1 ] (0.00000000)
[  0  2  0  0  1  0  0  0  2 ] (0.00080560)
[  0  2  0  0  1  0  0  1  0 ] (0.00046259)
[  0  2  0  0  1  0  0  1  1 ] (0.00151574)
[  0  2  0  0  1  0  0  2  0 ] (0.00002521)
[  0  2  0  0  1  0  1  0  0 ] (0.00015686)
[  0  2  0  0  1  0  1  0  1 ] (0.00137145)
[  0  2  0  0  1  0  1  1  0 ] (0.00148109)
[  0  2  0  0  1  0  2  0  0 ] (0.00006544)
[  0  2  0  0  1  1  0  0  0 ] (0.00000299)
[  0  2  0  0  1  1  0  0  1 ] (0.00008893)
[  0  2  0  0  1  1  0  1  0 ] (0.00000984)
[  0  2  0  0  1  1  1  0  0 ] (0.00010348)
[  0  2  0  0  1  2  0  0  0 ] (0.00001456)
[  0  2  0  0  2  0  0  0  0 ] (0.00006801)
[  0  2  0  0  2  0  0  0  1 ] (0.00012001)
[  0  2  0  0  2  0  0  1  0 ] (0.00007714)
[  0  2  0  0  2  0  1  0  0 ] (0.00002076)
[  0  2  0  0  2  1  0  0  0 ] (0.00001572)
[  0  2  0  0  3  0  0  0  0 ] (0.00009768)
[  0  2  0  1  0  0  0  0  0 ] (0.00007630)
[  0  2  0  1  0  0  0  0  1 ] (0.00042340)
[  0  2  0  1  0  0  0  0  2 ] (0.00014419)
[  0  2  0  1  0  0  0  1  0 ] (0.00000011)
[  0  2  0  1  0  0  0  1  1 ] (0.00465330)
[  0  2  0  1  0  0  0  2  0 ] (0.00022890)
[  0  2  0  1  0  0  1  0  0 ] (0.00013701)
[  0  2  0  1  0  0  1  0  1 ] (0.00006550)
[  0  2  0  1  0  0  1  1  0 ] (0.00007639)
[  0  2  0  1  0  0  2  0  0 ] (0.00058984)
[  0  2  0  1  0  1  0  0  0 ] (0.00040342)
[  0  2  0  1  0  1  0  0  1 ] (0.00105951)
[  0  2  0  1  0  1  0  1  0 ] (0.00119989)
[  0  2  0  1  0  1  1  0  0 ] (0.00029183)
[  0  2  0  1  0  2  0  0  0 ] (0.00026473)
[  0  2  0  1  1  0  0  0  0 ] (0.00001597)
[  0  2  0  1  1  0  0  0  1 ] (0.00000055)
[  0  2  0  1  1  0  0  1  0 ] (0.00043910)
[  0  2  0  1  1  0  1  0  0 ] (0.00006002)
[  0  2  0  1  1  1  0  0  0 ] (0.00012545)
[  0  2  0  1  2  0  0  0  0 ] (0.00000059)
[  0  2  0  2  0  0  0  0  0 ] (0.00004596)
[  0  2  0  2  0  0  0  0  1 ] (0.00275974)
[  0  2  0  2  0  0  0  1  0 ] (0.00000964)
[  0  2  0  2  0  0  1  0  0 ] (0.00000429)
[  0  2  0  2  0  1  0  0  0 ] (0.00007646)
[  0  2  0  2  1  0  0  0  0 ] (0.00000849)
[  0  2  0  3  0  0  0  0  0 ] (0.00000266)
[  0  2  1  0  0  0  0  0  0 ] (0.00001250)
[  0  2  1  0  0  0  0  0  1 ] (0.00007257)
[  0  2  1  0  0  0  0  0  2 ] (0.00030105)
[  0  2  1  0  0  0  0  1  0 ] (0.00004180)
[  0  2  1  0  0  0  0  1  1 ] (0.00011061)
[  0  2  1  0  0  0  0  2  0 ] (0.00000239)
[  0  2  1  0  0  0  1  0  0 ] (0.00000001)
[  0  2  1  0  0  0  1  0  1 ] (0.00000097)
[  0  2  1  0  0  0  1  1  0 ] (0.00006351)
[  0  2  1  0  0  0  2  0  0 ] (0.00000342)
[  0  2  1  0  0  1  0  0  0 ] (0.00000489)
[  0  2  1  0  0  1  0  0  1 ] (0.00002980)
[  0  2  1  0  0  1  0  1  0 ] (0.00000349)
[  0  2  1  0  0  1  1  0  0 ] (0.00000100)
[  0  2  1  0  0  2  0  0  0 ] (0.00000039)
[  0  2  1  0  1  0  0  0  0 ] (0.00000073)
[  0  2  1  0  1  0  0  0  1 ] (0.00000000)
[  0  2  1  0  1  0  0  1  0 ] (0.00001683)
[  0  2  1  0  1  0  1  0  0 ] (0.00000905)
[  0  2  1  0  1  1  0  0  0 ] (0.00000159)
[  0  2  1  0  2  0  0  0  0 ] (0.00000217)
[  0  2  1  1  0  0  0  0  0 ] (0.00000255)
[  0  2  1  1  0  0  0  0  1 ] (0.00000076)
[  0  2  1  1  0  0  0  1  0 ] (0.00007633)
[  0  2  1  1  0  0  1  0  0 ] (0.00004745)
[  0  2  1  1  0  1  0  0  0 ] (0.00000456)
[  0  2  1  1  1  0  0  0  0 ] (0.00000377)
[  0  2  1  2  0  0  0  0  0 ] (0.00001774)
[  0  2  2  0  0  0  0  0  0 ] (0.00000518)
[  0  2  2  0  0  0  0  0  1 ] (0.00003900)
[  0  2  2  0  0  0  0  1  0 ] (0.00003070)
[  0  2  2  0  0  0  1  0  0 ] (0.00035098)
[  0  2  2  0  0  1  0  0  0 ] (0.00006774)
[  0  2  2  0  1  0  0  0  0 ] (0.00000086)
[  0  2  2  1  0  0  0  0  0 ] (0.00000037)
[  0  2  3  0  0  0  0  0  0 ] (0.00000263)
[  0  3  0  0  0  0  0  0  0 ] (0.00002193)
[  0  3  0  0  0  0  0  0  1 ] (0.00020184)
[  0  3  0  0  0  0  0  0  2 ] (0.00008386)
[  0  3  0  0  0  0  0  1  0 ] (0.00000419)
[  0  3  0  0  0  0  0  1  1 ] (0.00001368)
[  0  3  0  0  0  0  0  2  0 ] (0.00000228)
[  0  3  0  0  0  0  1  0  0 ] (0.00004082)
[  0  3  0  0  0  0  1  0  1 ] (0.00028795)
[  0  3  0  0  0  0  1  1  0 ] (0.00000161)
[  0  3  0  0  0  0  2  0  0 ] (0.00001127)
[  0  3  0  0  0  1  0  0  0 ] (0.00008036)
[  0  3  0  0  0  1  0  0  1 ] (0.00043285)
[  0  3  0  0  0  1  0  1  0 ] (0.00003629)
[  0  3  0  0  0  1  1  0  0 ] (0.00002112)
[  0  3  0  0  0  2  0  0  0 ] (0.00000393)
[  0  3  0  0  1  0  0  0  0 ] (0.00000030)
[  0  3  0  0  1  0  0  0  1 ] (0.00000917)
[  0  3  0  0  1  0  0  1  0 ] (0.00000058)
[  0  3  0  0  1  0  1  0  0 ] (0.00000045)
[  0  3  0  0  1  1  0  0  0 ] (0.00000077)
[  0  3  0  0  2  0  0  0  0 ] (0.00000085)
[  0  3  0  1  0  0  0  0  0 ] (0.00003471)
[  0  3  0  1  0  0  0  0  1 ] (0.00012228)
[  0  3  0  1  0  0  0  1  0 ] (0.00000014)
[  0  3  0  1  0  0  1  0  0 ] (0.00004505)
[  0  3  0  1  0  1  0  0  0 ] (0.00001363)
[  0  3  0  1  1  0  0  0  0 ] (0.00000572)
[  0  3  0  2  0  0  0  0  0 ] (0.00006498)
[  0  3  1  0  0  0  0  0  0 ] (0.00000222)
[  0  3  1  0  0  0  0  0  1 ] (0.00000499)
[  0  3  1  0  0  0  0  1  0 ] (0.00000125)
[  0  3  1  0  0  0  1  0  0 ] (0.00000127)
[  0  3  1  0  0  1  0  0  0 ] (0.00000043)
[  0  3  1  0  1  0  0  0  0 ] (0.00000009)
[  0  3  1  1  0  0  0  0  0 ] (0.00000053)
[  0  3  2  0  0  0  0  0  0 ] (0.00000826)
[  0  4  0  0  0  0  0  0  0 ] (0.00000010)
[  0  4  0  0  0  0  0  0  1 ] (0.00000000)
[  0  4  0  0  0  0  0  1  0 ] (0.00000118)
[  0  4  0  0  0  0  1  0  0 ] (0.00000065)
[  0  4  0  0  0  1  0  0  0 ] (0.00000004)
[  0  4  0  0  1  0  0  0  0 ] (0.00000030)
[  0  4  0  1  0  0  0  0  0 ] (0.00000299)
[  0  4  1  0  0  0  0  0  0 ] (0.00002526)
[  0  5  0  0  0  0  0  0  0 ] (0.00000075)
[  1  0  0  0  0  0  0  0  0 ] (0.00000092)
[  1  0  0  0  0  0  0  0  1 ] (0.00000134)
[  1  0  0  0  0  0  0  0  2 ] (0.00000447)
[  1  0  0  0  0  0  0  0  3 ] (0.00001836)
[  1  0  0  0  0  0  0  0  4 ] (0.00002225)
[  1  0  0  0  0  0  0  1  0 ] (0.00000023)
[  1  0  0  0  0  0  0  1  1 ] (0.00001103)
[  1  0  0  0  0  0  0  1  2 ] (0.00001077)
[  1  0  0  0  0  0  0  1  3 ] (0.00006601)
[  1  0  0  0  0  0  0  2  0 ] (0.00000266)
[  1  0  0  0  0  0  0  2  1 ] (0.00018649)
[  1  0  0  0  0  0  0  2  2 ] (0.01922483)
[  1  0  0  0  0  0  0  3  0 ] (0.00000479)
[  1  0  0  0  0  0  0  3  1 ] (0.00000649)
[  1  0  0  0  0  0  0  4  0 ] (0.00002226)
[  1  0  0  0  0  0  1  0  0 ] (0.00000249)
[  1  0  0  0  0  0  1  0  1 ] (0.00000055)
[  1  0  0  0  0  0  1  0  2 ] (0.00000204)
[  1  0  0  0  0  0  1  0  3 ] (0.00001753)
[  1  0  0  0  0  0  1  1  0 ] (0.00000580)
[  1  0  0  0  0  0  1  1  1 ] (0.00005664)
[  1  0  0  0  0  0  1  1  2 ] (0.00000532)
[  1  0  0  0  0  0  1  2  0 ] (0.00002088)
[  1  0  0  0  0  0  1  2  1 ] (0.00031834)
[  1  0  0  0  0  0  1  3  0 ] (0.00009219)
[  1  0  0  0  0  0  2  0  0 ] (0.00000141)
[  1  0  0  0  0  0  2  0  1 ] (0.00001334)
[  1  0  0  0  0  0  2  0  2 ] (0.00006754)
[  1  0  0  0  0  0  2  1  0 ] (0.00000785)
[  1  0  0  0  0  0  2  1  1 ] (0.00012640)
[  1  0  0  0  0  0  2  2  0 ] (0.00000305)
[  1  0  0  0  0  0  3  0  0 ] (0.00001916)
[  1  0  0  0  0  0  3  0  1 ] (0.00004053)
[  1  0  0  0  0  0  3  1  0 ] (0.00002189)
[  1  0  0  0  0  0  4  0  0 ] (0.00000049)
[  1  0  0  0  0  1  0  0  0 ] (0.00000377)
[  1  0  0  0  0  1  0  0  1 ] (0.00000020)
[  1  0  0  0  0  1  0  0  2 ] (0.00000146)
[  1  0  0  0  0  1  0  0  3 ] (0.00003695)
[  1  0  0  0  0  1  0  1  0 ] (0.00003239)
[  1  0  0  0  0  1  0  1  1 ] (0.00007766)
[  1  0  0  0  0  1  0  1  2 ] (0.00006768)
[  1  0  0  0  0  1  0  2  0 ] (0.00005449)
[  1  0  0  0  0  1  0  2  1 ] (0.00050907)
[  1  0  0  0  0  1  0  3  0 ] (0.00000107)
[  1  0  0  0  0  1  1  0  0 ] (0.00000022)
[  1  0  0  0  0  1  1  0  1 ] (0.00004528)
[  1  0  0  0  0  1  1  0  2 ] (0.00002216)
[  1  0  0  0  0  1  1  1  0 ] (0.00000645)
[  1  0  0  0  0  1  1  1  1 ] (0.00023757)
[  1  0  0  0  0  1  1  2  0 ] (0.00006398)
[  1  0  0  0  0  1  2  0  0 ] (0.00004446)
[  1  0  0  0  0  1  2  0  1 ] (0.00030508)
[  1  0  0  0  0  1  2  1  0 ] (0.00012665)
[  1  0  0  0  0  1  3  0  0 ] (0.00001335)
[  1  0  0  0  0  2  0  0  0 ] (0.00002119)
[  1  0  0  0  0  2  0  0  1 ] (0.00009663)
[  1  0  0  0  0  2  0  0  2 ] (0.00100742)
[  1  0  0  0  0  2  0  1  0 ] (0.00001425)
[  1  0  0  0  0  2  0  1  1 ] (0.00044150)
[  1  0  0  0  0  2  0  2  0 ] (0.00000128)
[  1  0  0  0  0  2  1  0  0 ] (0.00000152)
[  1  0  0  0  0  2  1  0  1 ] (0.00018155)
[  1  0  0  0  0  2  1  1  0 ] (0.00294834)
[  1  0  0  0  0  2  2  0  0 ] (0.00000876)
[  1  0  0  0  0  3  0  0  0 ] (0.00000859)
[  1  0  0  0  0  3  0  0  1 ] (0.00000328)
[  1  0  0  0  0  3  0  1  0 ] (0.00004617)
[  1  0  0  0  0  3  1  0  0 ] (0.00005030)
[  1  0  0  0  0  4  0  0  0 ] (0.00000139)
[  1  0  0  0  1  0  0  0  0 ] (0.00000056)
[  1  0  0  0  1  0  0  0  1 ] (0.00000222)
[  1  0  0  0  1  0  0  0  2 ] (0.00003503)
[  1  0  0  0  1  0  0  0  3 ] (0.00003536)
[  1  0  0  0  1  0  0  1  0 ] (0.00000404)
[  1  0  0  0  1  0  0  1  1 ] (0.00000251)
[  1  0  0  0  1  0  0  1  2 ] (0.00066325)
[  1  0  0  0  1  0  0  2  0 ] (0.00013248)
[  1  0  0  0  1  0  0  2  1 ] (0.00098664)
[  1  0  0  0  1  0  0  3  0 ] (0.00000517)
[  1  0  0  0  1  0  1  0  0 ] (0.00001034)
[  1  0  0  0  1  0  1  0  1 ] (0.00004155)
[  1  0  0  0  1  0  1  0  2 ] (0.00000720)
[  1  0  0  0  1  0  1  1  0 ] (0.00000499)
[  1  0  0  0  1  0  1  1  1 ] (0.00003063)
[  1  0  0  0  1  0  1  2  0 ] (0.00001988)
[  1  0  0  0  1  0  2  0  0 ] (0.00003226)
[  1  0  0  0  1  0  2  0  1 ] (0.00096001)
[  1  0  0  0  1  0  2  1  0 ] (0.00001059)
[  1  0  0  0  1  0  3  0  0 ] (0.00000089)
[  1  0  0  0  1  1  0  0  0 ] (0.00000005)
[  1  0  0  0  1  1  0  0  1 ] (0.00003771)
[  1  0  0  0  1  1  0  0  2 ] (0.00043242)
[  1  0  0  0  1  1  0  1  0 ] (0.00000005)
[  1  0  0  0  1  1  0  1  1 ] (0.00040435)
[  1  0  0  0  1  1  0  2  0 ] (0.00001289)
[  1  0  0  0  1  1  1  0  0 ] (0.00000607)
[  1  0  0  0  1  1  1  0  1 ] (0.00012861)
[  1  0  0  0  1  1  1  1  0 ] (0.00018623)
[  1  0  0  0  1  1  2  0  0 ] (0.00016684)
[  1  0  0  0  1  2  0  0  0 ] (0.00001863)
[  1  0  0  0  1  2  0  0  1 ] (0.00049507)
[  1  0  0  0  1  2  0  1  0 ] (0.00092602)
[  1  0  0  0  1  2  1  0  0 ] (0.00000586)
[  1  0  0  0  1  3  0  0  0 ] (0.00001297)
[  1  0  0  0  2  0  0  0  0 ] (0.00000008)
[  1  0  0  0  2  0  0  0  1 ] (0.00002973)
[  1  0  0  0  2  0  0  0  2 ] (0.00210127)
[  1  0  0  0  2  0  0  1  0 ] (0.00000080)
[  1  0  0  0  2  0  0  1  1 ] (0.00015223)
[  1  0  0  0  2  0  0  2  0 ] (0.00008083)
[  1  0  0  0  2  0  1  0  0 ] (0.00000027)
[  1  0  0  0  2  0  1  0  1 ] (0.00004128)
[  1  0  0  0  2  0  1  1  0 ] (0.00000054)
[  1  0  0  0  2  0  2  0  0 ] (0.00014383)
[  1  0  0  0  2  1  0  0  0 ] (0.00000220)
[  1  0  0  0  2  1  0  0  1 ] (0.00028527)
[  1  0  0  0  2  1  0  1  0 ] (0.00002162)
[  1  0  0  0  2  1  1  0  0 ] (0.00016081)
[  1  0  0  0  2  2  0  0  0 ] (0.00002637)
[  1  0  0  0  3  0  0  0  0 ] (0.00000558)
[  1  0  0  0  3  0  0  0  1 ] (0.00002664)
[  1  0  0  0  3  0  0  1  0 ] (0.00000763)
[  1  0  0  0  3  0  1  0  0 ] (0.00000018)
[  1  0  0  0  3  1  0  0  0 ] (0.00000130)
[  1  0  0  0  4  0  0  0  0 ] (0.00000127)
[  1  0  0  1  0  0  0  0  0 ] (0.00000056)
[  1  0  0  1  0  0  0  0  1 ] (0.00000004)
[  1  0  0  1  0  0  0  0  2 ] (0.00009777)
[  1  0  0  1  0  0  0  0  3 ] (0.00000018)
[  1  0  0  1  0  0  0  1  0 ] (0.00000063)
[  1  0  0  1  0  0  0  1  1 ] (0.00002139)
[  1  0  0  1  0  0  0  1  2 ] (0.00007315)
[  1  0  0  1  0  0  0  2  0 ] (0.00006323)
[  1  0  0  1  0  0  0  2  1 ] (0.00178417)
[  1  0  0  1  0  0  0  3  0 ] (0.00003497)
[  1  0  0  1  0  0  1  0  0 ] (0.00001068)
[  1  0  0  1  0  0  1  0  1 ] (0.00002444)
[  1  0  0  1  0  0  1  0  2 ] (0.00000003)
[  1  0  0  1  0  0  1  1  0 ] (0.00000122)
[  1  0  0  1  0  0  1  1  1 ] (0.00000463)
[  1  0  0  1  0  0  1  2  0 ] (0.00000001)
[  1  0  0  1  0  0  2  0  0 ] (0.00002699)
[  1  0  0  1  0  0  2  0  1 ] (0.00042383)
[  1  0  0  1  0  0  2  1  0 ] (0.00000977)
[  1  0  0  1  0  0  3  0  0 ] (0.00000884)
[  1  0  0  1  0  1  0  0  0 ] (0.00000283)
[  1  0  0  1  0  1  0  0  1 ] (0.00001883)
[  1  0  0  1  0  1  0  0  2 ] (0.00015979)
[  1  0  0  1  0  1  0  1  0 ] (0.00004304)
[  1  0  0  1  0  1  0  1  1 ] (0.00009840)
[  1  0  0  1  0  1  0  2  0 ] (0.00010558)
[  1  0  0  1  0  1  1  0  0 ] (0.00004717)
[  1  0  0  1  0  1  1  0  1 ] (0.00011278)
[  1  0  0  1  0  1  1  1  0 ] (0.00182537)
[  1  0  0  1  0  1  2  0  0 ] (0.00006628)
[  1  0  0  1  0  2  0  0  0 ] (0.00001009)
[  1  0  0  1  0  2  0  0  1 ] (0.00036601)
[  1  0  0  1  0  2  0  1  0 ] (0.00074560)
[  1  0  0  1  0  2  1  0  0 ] (0.00000340)
[  1  0  0  1  0  3  0  0  0 ] (0.00000358)
[  1  0  0  1  1  0  0  0  0 ] (0.00000205)
[  1  0  0  1  1  0  0  0  1 ] (0.00002550)
[  1  0  0  1  1  0  0  0  2 ] (0.00006233)
[  1  0  0  1  1  0  0  1  0 ] (0.00000875)
[  1  0  0  1  1  0  0  1  1 ] (0.00011630)
[  1  0  0  1  1  0  0  2  0 ] (0.00008957)
[  1  0  0  1  1  0  1  0  0 ] (0.00000031)
[  1  0  0  1  1  0  1  0  1 ] (0.00010289)
[  1  0  0  1  1  0  1  1  0 ] (0.00023406)
[  1  0  0  1  1  0  2  0  0 ] (0.00026505)
[  1  0  0  1  1  1  0  0  0 ] (0.00004467)
[  1  0  0  1  1  1  0  0  1 ] (0.00001694)
[  1  0  0  1  1  1  0  1  0 ] (0.00045903)
[  1  0  0  1  1  1  1  0  0 ] (0.00000129)
[  1  0  0  1  1  2  0  0  0 ] (0.00000561)
[  1  0  0  1  2  0  0  0  0 ] (0.00002324)
[  1  0  0  1  2  0  0  0  1 ] (0.00021304)
[  1  0  0  1  2  0  0  1  0 ] (0.00004260)
[  1  0  0  1  2  0  1  0  0 ] (0.00004916)
[  1  0  0  1  2  1  0  0  0 ] (0.00006967)
[  1  0  0  1  3  0  0  0  0 ] (0.00001327)
[  1  0  0  2  0  0  0  0  0 ] (0.00000097)
[  1  0  0  2  0  0  0  0  1 ] (0.00001198)
[  1  0  0  2  0  0  0  0  2 ] (0.00002575)
[  1  0  0  2  0  0  0  1  0 ] (0.00000641)
[  1  0  0  2  0  0  0  1  1 ] (0.00004444)
[  1  0  0  2  0  0  0  2  0 ] (0.00000311)
[  1  0  0  2  0  0  1  0  0 ] (0.00001963)
[  1  0  0  2  0  0  1  0  1 ] (0.00009270)
[  1  0  0  2  0  0  1  1  0 ] (0.00001235)
[  1  0  0  2  0  0  2  0  0 ] (0.00012585)
[  1  0  0  2  0  1  0  0  0 ] (0.00000416)
[  1  0  0  2  0  1  0  0  1 ] (0.00018961)
[  1  0  0  2  0  1  0  1  0 ] (0.00003786)
[  1  0  0  2  0  1  1  0  0 ] (0.00008238)
[  1  0  0  2  0  2  0  0  0 ] (0.00000393)
[  1  0  0  2  1  0  0  0  0 ] (0.00001681)
[  1  0  0  2  1  0  0  0  1 ] (0.00004876)
[  1  0  0  2  1  0  0  1  0 ] (0.00000363)
[  1  0  0  2  1  0  1  0  0 ] (0.00002536)
[  1  0  0  2  1  1  0  0  0 ] (0.00000361)
[  1  0  0  2  2  0  0  0  0 ] (0.00020204)
[  1  0  0  3  0  0  0  0  0 ] (0.00000218)
[  1  0  0  3  0  0  0  0  1 ] (0.00000059)
[  1  0  0  3  0  0  0  1  0 ] (0.00000761)
[  1  0  0  3  0  0  1  0  0 ] (0.00004770)
[  1  0  0  3  0  1  0  0  0 ] (0.00000175)
[  1  0  0  3  1  0  0  0  0 ] (0.00000496)
[  1  0  0  4  0  0  0  0  0 ] (0.00000065)
[  1  0  1  0  0  0  0  0  0 ] (0.00010452)
[  1  0  1  0  0  0  0  0  1 ] (0.00011522)
[  1  0  1  0  0  0  0  0  2 ] (0.00000143)
[  1  0  1  0  0  0  0  0  3 ] (0.00087923)
[  1  0  1  0  0  0  0  1  0 ] (0.00000417)
[  1  0  1  0  0  0  0  1  1 ] (0.00013449)
[  1  0  1  0  0  0  0  1  2 ] (0.00005886)
[  1  0  1  0  0  0  0  2  0 ] (0.00000001)
[  1  0  1  0  0  0  0  2  1 ] (0.00000215)
[  1  0  1  0  0  0  0  3  0 ] (0.00001163)
[  1  0  1  0  0  0  1  0  0 ] (0.00017683)
[  1  0  1  0  0  0  1  0  1 ] (0.00020098)
[  1  0  1  0  0  0  1  0  2 ] (0.00026253)
[  1  0  1  0  0  0  1  1  0 ] (0.00000353)
[  1  0  1  0  0  0  1  1  1 ] (0.00100176)
[  1  0  1  0  0  0  1  2  0 ] (0.00001189)
[  1  0  1  0  0  0  2  0  0 ] (0.00008002)
[  1  0  1  0  0  0  2  0  1 ] (0.00002600)
[  1  0  1  0  0  0  2  1  0 ] (0.00004390)
[  1  0  1  0  0  0  3  0  0 ] (0.00045354)
[  1  0  1  0  0  1  0  0  0 ] (0.00038301)
[  1  0  1  0  0  1  0  0  1 ] (0.00116391)
[  1  0  1  0  0  1  0  0  2 ] (0.00014736)
[  1  0  1  0  0  1  0  1  0 ] (0.00017722)
[  1  0  1  0  0  1  0  1  1 ] (0.00327194)
[  1  0  1  0  0  1  0  2  0 ] (0.00003774)
[  1  0  1  0  0  1  1  0  0 ] (0.00016306)
[  1  0  1  0  0  1  1  0  1 ] (0.00067872)
[  1  0  1  0  0  1  1  1  0 ] (0.00356741)
[  1  0  1  0  0  1  2  0  0 ] (0.00106382)
[  1  0  1  0  0  2  0  0  0 ] (0.00001050)
[  1  0  1  0  0  2  0  0  1 ] (0.00000000)
[  1  0  1  0  0  2  0  1  0 ] (0.00000467)
[  1  0  1  0  0  2  1  0  0 ] (0.00118444)
[  1  0  1  0  0  3  0  0  0 ] (0.00000453)
[  1  0  1  0  1  0  0  0  0 ] (0.00010217)
[  1  0  1  0  1  0  0  0  1 ] (0.00004292)
[  1  0  1  0  1  0  0  0  2 ] (0.00070443)
[  1  0  1  0  1  0  0  1  0 ] (0.00001703)
[  1  0  1  0  1  0  0  1  1 ] (0.00005008)
[  1  0  1  0  1  0  0  2  0 ] (0.00003752)
[  1  0  1  0  1  0  1  0  0 ] (0.00000561)
[  1  0  1  0  1  0  1  0  1 ] (0.00161746)
[  1  0  1  0  1  0  1  1  0 ] (0.00000043)
[  1  0  1  0  1  0  2  0  0 ] (0.00122432)
[  1  0  1  0  1  1  0  0  0 ] (0.00051641)
[  1  0  1  0  1  1  0  0  1 ] (0.00686698)
[  1  0  1  0  1  1  0  1  0 ] (0.00037183)
[  1  0  1  0  1  1  1  0  0 ] (0.00159335)
[  1  0  1  0  1  2  0  0  0 ] (0.00012842)
[  1  0  1  0  2  0  0  0  0 ] (0.00000033)
[  1  0  1  0  2  0  0  0  1 ] (0.00003135)
[  1  0  1  0  2  0  0  1  0 ] (0.00014292)
[  1  0  1  0  2  0  1  0  0 ] (0.00003616)
[  1  0  1  0  2  1  0  0  0 ] (0.00007677)
[  1  0  1  0  3  0  0  0  0 ] (0.00000237)
[  1  0  1  1  0  0  0  0  0 ] (0.00000197)
[  1  0  1  1  0  0  0  0  1 ] (0.00030234)
[  1  0  1  1  0  0  0  0  2 ] (0.00029439)
[  1  0  1  1  0  0  0  1  0 ] (0.00034144)
[  1  0  1  1  0  0  0  1  1 ] (0.00001645)
[  1  0  1  1  0  0  0  2  0 ] (0.00000309)
[  1  0  1  1  0  0  1  0  0 ] (0.00026094)
[  1  0  1  1  0  0  1  0  1 ] (0.00824586)
[  1  0  1  1  0  0  1  1  0 ] (0.00050254)
[  1  0  1  1  0  0  2  0  0 ] (0.00000381)
[  1  0  1  1  0  1  0  0  0 ] (0.00007081)
[  1  0  1  1  0  1  0  0  1 ] (0.00014438)
[  1  0  1  1  0  1  0  1  0 ] (0.00000004)
[  1  0  1  1  0  1  1  0  0 ] (0.00026865)
[  1  0  1  1  0  2  0  0  0 ] (0.00016316)
[  1  0  1  1  1  0  0  0  0 ] (0.00001634)
[  1  0  1  1  1  0  0  0  1 ] (0.00085649)
[  1  0  1  1  1  0  0  1  0 ] (0.00030920)
[  1  0  1  1  1  0  1  0  0 ] (0.00003104)
[  1  0  1  1  1  1  0  0  0 ] (0.00331754)
[  1  0  1  1  2  0  0  0  0 ] (0.00013536)
[  1  0  1  2  0  0  0  0  0 ] (0.00055314)
[  1  0  1  2  0  0  0  0  1 ] (0.00258819)
[  1  0  1  2  0  0  0  1  0 ] (0.00172967)
[  1  0  1  2  0  0  1  0  0 ] (0.00330384)
[  1  0  1  2  0  1  0  0  0 ] (0.00054410)
[  1  0  1  2  1  0  0  0  0 ] (0.00039766)
[  1  0  1  3  0  0  0  0  0 ] (0.00003488)
[  1  0  2  0  0  0  0  0  0 ] (0.00000131)
[  1  0  2  0  0  0  0  0  1 ] (0.00000008)
[  1  0  2  0  0  0  0  0  2 ] (0.00000116)
[  1  0  2  0  0  0  0  1  0 ] (0.00000616)
[  1  0  2  0  0  0  0  1  1 ] (0.00003917)
[  1  0  2  0  0  0  0  2  0 ] (0.00005179)
[  1  0  2  0  0  0  1  0  0 ] (0.00000125)
[  1  0  2  0  0  0  1  0  1 ] (0.00000210)
[  1  0  2  0  0  0  1  1  0 ] (0.00001090)
[  1  0  2  0  0  0  2  0  0 ] (0.00000874)
[  1  0  2  0  0  1  0  0  0 ] (0.00004888)
[  1  0  2  0  0  1  0  0  1 ] (0.00012982)
[  1  0  2  0  0  1  0  1  0 ] (0.00003390)
[  1  0  2  0  0  1  1  0  0 ] (0.00001946)
[  1  0  2  0  0  2  0  0  0 ] (0.00004039)
[  1  0  2  0  1  0  0  0  0 ] (0.00001694)
[  1  0  2  0  1  0  0  0  1 ] (0.00011889)
[  1  0  2  0  1  0  0  1  0 ] (0.00001249)
[  1  0  2  0  1  0  1  0  0 ] (0.00000556)
[  1  0  2  0  1  1  0  0  0 ] (0.00000310)
[  1  0  2  0  2  0  0  0  0 ] (0.00000206)
[  1  0  2  1  0  0  0  0  0 ] (0.00003934)
[  1  0  2  1  0  0  0  0  1 ] (0.00017565)
[  1  0  2  1  0  0  0  1  0 ] (0.00002132)
[  1  0  2  1  0  0  1  0  0 ] (0.00009928)
[  1  0  2  1  0  1  0  0  0 ] (0.00002144)
[  1  0  2  1  1  0  0  0  0 ] (0.00000483)
[  1  0  2  2  0  0  0  0  0 ] (0.00000414)
[  1  0  3  0  0  0  0  0  0 ] (0.00000000)
[  1  0  3  0  0  0  0  0  1 ] (0.00000001)
[  1  0  3  0  0  0  0  1  0 ] (0.00000008)
[  1  0  3  0  0  0  1  0  0 ] (0.00000136)
[  1  0  3  0  0  1  0  0  0 ] (0.00000347)
[  1  0  3  0  1  0  0  0  0 ] (0.00000003)
[  1  0  3  1  0  0  0  0  0 ] (0.00000252)
[  1  0  4  0  0  0  0  0  0 ] (0.00054560)
[  1  1  0  0  0  0  0  0  0 ] (0.00010686)
[  1  1  0  0  0  0  0  0  1 ] (0.00006225)
[  1  1  0  0  0  0  0  0  2 ] (0.00014866)
[  1  1  0  0  0  0  0  0  3 ] (0.00044031)
[  1  1  0  0  0  0  0  1  0 ] (0.00015052)
[  1  1  0  0  0  0  0  1  1 ] (0.00071418)
[  1  1  0  0  0  0  0  1  2 ] (0.00141158)
[  1  1  0  0  0  0  0  2  0 ] (0.00000005)
[  1  1  0  0  0  0  0  2  1 ] (0.00002253)
[  1  1  0  0  0  0  0  3  0 ] (0.00001706)
[  1  1  0  0  0  0  1  0  0 ] (0.00000693)
[  1  1  0  0  0  0  1  0  1 ] (0.00000742)
[  1  1  0  0  0  0  1  0  2 ] (0.00363637)
[  1  1  0  0  0  0  1  1  0 ] (0.00027890)
[  1  1  0  0  0  0  1  1  1 ] (0.00164008)
[  1  1  0  0  0  0  1  2  0 ] (0.00017754)
[  1  1  0  0  0  0  2  0  0 ] (0.00006772)
[  1  1  0  0  0  0  2  0  1 ] (0.00022488)
[  1  1  0  0  0  0  2  1  0 ] (0.00000113)
[  1  1  0  0  0  0  3  0  0 ] (0.00009389)
[  1  1  0  0  0  1  0  0  0 ] (0.00010452)
[  1  1  0  0  0  1  0  0  1 ] (0.00101666)
[  1  1  0  0  0  1  0  0  2 ] (0.00628352)
[  1  1  0  0  0  1  0  1  0 ] (0.00004006)
[  1  1  0  0  0  1  0  1  1 ] (0.00019535)
[  1  1  0  0  0  1  0  2  0 ] (0.00000739)
[  1  1  0  0  0  1  1  0  0 ] (0.00005725)
[  1  1  0  0  0  1  1  0  1 ] (0.00012532)
[  1  1  0  0  0  1  1  1  0 ] (0.00151992)
[  1  1  0  0  0  1  2  0  0 ] (0.00001431)
[  1  1  0  0  0  2  0  0  0 ] (0.00035881)
[  1  1  0  0  0  2  0  0  1 ] (0.00090736)
[  1  1  0  0  0  2  0  1  0 ] (0.00000000)
[  1  1  0  0  0  2  1  0  0 ] (0.00010636)
[  1  1  0  0  0  3  0  0  0 ] (0.00007979)
[  1  1  0  0  1  0  0  0  0 ] (0.00000785)
[  1  1  0  0  1  0  0  0  1 ] (0.00002414)
[  1  1  0  0  1  0  0  0  2 ] (0.00038658)
[  1  1  0  0  1  0  0  1  0 ] (0.00005829)
[  1  1  0  0  1  0  0  1  1 ] (0.00007318)
[  1  1  0  0  1  0  0  2  0 ] (0.00008360)
[  1  1  0  0  1  0  1  0  0 ] (0.00012820)
[  1  1  0  0  1  0  1  0  1 ] (0.00106088)
[  1  1  0  0  1  0  1  1  0 ] (0.00009921)
[  1  1  0  0  1  0  2  0  0 ] (0.00105058)
[  1  1  0  0  1  1  0  0  0 ] (0.00000011)
[  1  1  0  0  1  1  0  0  1 ] (0.00000395)
[  1  1  0  0  1  1  0  1  0 ] (0.00070817)
[  1  1  0  0  1  1  1  0  0 ] (0.00005685)
[  1  1  0  0  1  2  0  0  0 ] (0.00004103)
[  1  1  0  0  2  0  0  0  0 ] (0.00021358)
[  1  1  0  0  2  0  0  0  1 ] (0.00122556)
[  1  1  0  0  2  0  0  1  0 ] (0.00000134)
[  1  1  0  0  2  0  1  0  0 ] (0.00005936)
[  1  1  0  0  2  1  0  0  0 ] (0.00006400)
[  1  1  0  0  3  0  0  0  0 ] (0.00000793)
[  1  1  0  1  0  0  0  0  0 ] (0.00001096)
[  1  1  0  1  0  0  0  0  1 ] (0.00009997)
[  1  1  0  1  0  0  0  0  2 ] (0.00003027)
[  1  1  0  1  0  0  0  1  0 ] (0.00008130)
[  1  1  0  1  0  0  0  1  1 ] (0.00139741)
[  1  1  0  1  0  0  0  2  0 ] (0.00008975)
[  1  1  0  1  0  0  1  0  0 ] (0.00018105)
[  1  1  0  1  0  0  1  0  1 ] (0.00175842)
[  1  1  0  1  0  0  1  1  0 ] (0.00050224)
[  1  1  0  1  0  0  2  0  0 ] (0.00055386)
[  1  1  0  1  0  1  0  0  0 ] (0.00005177)
[  1  1  0  1  0  1  0  0  1 ] (0.00067291)
[  1  1  0  1  0  1  0  1  0 ] (0.00052412)
[  1  1  0  1  0  1  1  0  0 ] (0.00001475)
[  1  1  0  1  0  2  0  0  0 ] (0.00000002)
[  1  1  0  1  1  0  0  0  0 ] (0.00000088)
[  1  1  0  1  1  0  0  0  1 ] (0.00012595)
[  1  1  0  1  1  0  0  1  0 ] (0.00019267)
[  1  1  0  1  1  0  1  0  0 ] (0.00073202)
[  1  1  0  1  1  1  0  0  0 ] (0.00048993)
[  1  1  0  1  2  0  0  0  0 ] (0.00004615)
[  1  1  0  2  0  0  0  0  0 ] (0.00023799)
[  1  1  0  2  0  0  0  0  1 ] (0.00338124)
[  1  1  0  2  0  0  0  1  0 ] (0.00004744)
[  1  1  0  2  0  0  1  0  0 ] (0.00039219)
[  1  1  0  2  0  1  0  0  0 ] (0.00036367)
[  1  1  0  2  1  0  0  0  0 ] (0.00000080)
[  1  1  0  3  0  0  0  0  0 ] (0.00002480)
[  1  1  1  0  0  0  0  0  0 ] (0.00001141)
[  1  1  1  0  0  0  0  0  1 ] (0.00008042)
[  1  1  1  0  0  0  0  0  2 ] (0.00026470)
[  1  1  1  0  0  0  0  1  0 ] (0.00000378)
[  1  1  1  0  0  0  0  1  1 ] (0.00000091)
[  1  1  1  0  0  0  0  2  0 ] (0.00000337)
[  1  1  1  0  0  0  1  0  0 ] (0.00002271)
[  1  1  1  0  0  0  1  0  1 ] (0.00003298)
[  1  1  1  0  0  0  1  1  0 ] (0.00000846)
[  1  1  1  0  0  0  2  0  0 ] (0.00000395)
[  1  1  1  0  0  1  0  0  0 ] (0.00000658)
[  1  1  1  0  0  1  0  0  1 ] (0.00006204)
[  1  1  1  0  0  1  0  1  0 ] (0.00000299)
[  1  1  1  0  0  1  1  0  0 ] (0.00000959)
[  1  1  1  0  0  2  0  0  0 ] (0.00002493)
[  1  1  1  0  1  0  0  0  0 ] (0.00001480)
[  1  1  1  0  1  0  0  0  1 ] (0.00003873)
[  1  1  1  0  1  0  0  1  0 ] (0.00000386)
[  1  1  1  0  1  0  1  0  0 ] (0.00000001)
[  1  1  1  0  1  1  0  0  0 ] (0.00000039)
[  1  1  1  0  2  0  0  0  0 ] (0.00003248)
[  1  1  1  1  0  0  0  0  0 ] (0.00002166)
[  1  1  1  1  0  0  0  0  1 ] (0.00003218)
[  1  1  1  1  0  0  0  1  0 ] (0.00000083)
[  1  1  1  1  0  0  1  0  0 ] (0.00001147)
[  1  1  1  1  0  1  0  0  0 ] (0.00000188)
[  1  1  1  1  1  0  0  0  0 ] (0.00000132)
[  1  1  1  2  0  0  0  0  0 ] (0.00000328)
[  1  1  2  0  0  0  0  0  0 ] (0.00154804)
[  1  1  2  0  0  0  0  0  1 ] (0.00325300)
[  1  1  2  0  0  0  0  1  0 ] (0.00053315)
[  1  1  2  0  0  0  1  0  0 ] (0.00068559)
[  1  1  2  0  0  1  0  0  0 ] (0.00003840)
[  1  1  2  0  1  0  0  0  0 ] (0.00000737)
[  1  1  2  1  0  0  0  0  0 ] (0.00001887)
[  1  1  3  0  0  0  0  0  0 ] (0.00006824)
[  1  2  0  0  0  0  0  0  0 ] (0.00000137)
[  1  2  0  0  0  0  0  0  1 ] (0.00000780)
[  1  2  0  0  0  0  0  0  2 ] (0.00000744)
[  1  2  0  0  0  0  0  1  0 ] (0.00000697)
[  1  2  0  0  0  0  0  1  1 ] (0.00001552)
[  1  2  0  0  0  0  0  2  0 ] (0.00002466)
[  1  2  0  0  0  0  1  0  0 ] (0.00002043)
[  1  2  0  0  0  0  1  0  1 ] (0.00009977)
[  1  2  0  0  0  0  1  1  0 ] (0.00001332)
[  1  2  0  0  0  0  2  0  0 ] (0.00000043)
[  1  2  0  0  0  1  0  0  0 ] (0.00000724)
[  1  2  0  0  0  1  0  0  1 ] (0.00004668)
[  1  2  0  0  0  1  0  1  0 ] (0.00000354)
[  1  2  0  0  0  1  1  0  0 ] (0.00000163)
[  1  2  0  0  0  2  0  0  0 ] (0.00000007)
[  1  2  0  0  1  0  0  0  0 ] (0.00000825)
[  1  2  0  0  1  0  0  0  1 ] (0.00005454)
[  1  2  0  0  1  0  0  1  0 ] (0.00000233)
[  1  2  0  0  1  0  1  0  0 ] (0.00000713)
[  1  2  0  0  1  1  0  0  0 ] (0.00000023)
[  1  2  0  0  2  0  0  0  0 ] (0.00000531)
[  1  2  0  1  0  0  0  0  0 ] (0.00000073)
[  1  2  0  1  0  0  0  0  1 ] (0.00000133)
[  1  2  0  1  0  0  0  1  0 ] (0.00000048)
[  1  2  0  1  0  0  1  0  0 ] (0.00000094)
[  1  2  0  1  0  1  0  0  0 ] (0.00000718)
[  1  2  0  1  1  0  0  0  0 ] (0.00000064)
[  1  2  0  2  0  0  0  0  0 ] (0.00000143)
[  1  2  1  0  0  0  0  0  0 ] (0.00008191)
[  1  2  1  0  0  0  0  0  1 ] (0.00081466)
[  1  2  1  0  0  0  0  1  0 ] (0.00000002)
[  1  2  1  0  0  0  1  0  0 ] (0.00017638)
[  1  2  1  0  0  1  0  0  0 ] (0.00025140)
[  1  2  1  0  1  0  0  0  0 ] (0.00009255)
[  1  2  1  1  0  0  0  0  0 ] (0.00011268)
[  1  2  2  0  0  0  0  0  0 ] (0.00000465)
[  1  3  0  0  0  0  0  0  0 ] (0.00000027)
[  1  3  0  0  0  0  0  0  1 ] (0.00000074)
[  1  3  0  0  0  0  0  1  0 ] (0.00000009)
[  1  3  0  0  0  0  1  0  0 ] (0.00000006)
[  1  3  0  0  0  1  0  0  0 ] (0.00000012)
[  1  3  0  0  1  0  0  0  0 ] (0.00000012)
[  1  3  0  1  0  0  0  0  0 ] (0.00000006)
[  1  3  1  0  0  0  0  0  0 ] (0.00001132)
[  1  4  0  0  0  0  0  0  0 ] (0.00009352)
[  2  0  0  0  0  0  0  0  0 ] (0.00009295)
[  2  0  0  0  0  0  0  0  1 ] (0.00016761)
[  2  0  0  0  0  0  0  0  2 ] (0.00007234)
[  2  0  0  0  0  0  0  0  3 ] (0.00091836)
[  2  0  0  0  0  0  0  1  0 ] (0.00006062)
[  2  0  0  0  0  0  0  1  1 ] (0.00030299)
[  2  0  0  0  0  0  0  1  2 ] (0.00030744)
[  2  0  0  0  0  0  0  2  0 ] (0.00000984)
[  2  0  0  0  0  0  0  2  1 ] (0.00006046)
[  2  0  0  0  0  0  0  3  0 ] (0.00000148)
[  2  0  0  0  0  0  1  0  0 ] (0.00006300)
[  2  0  0  0  0  0  1  0  1 ] (0.00005226)
[  2  0  0  0  0  0  1  0  2 ] (0.00024363)
[  2  0  0  0  0  0  1  1  0 ] (0.00003066)
[  2  0  0  0  0  0  1  1  1 ] (0.00072154)
[  2  0  0  0  0  0  1  2  0 ] (0.00006086)
[  2  0  0  0  0  0  2  0  0 ] (0.00000723)
[  2  0  0  0  0  0  2  0  1 ] (0.00016025)
[  2  0  0  0  0  0  2  1  0 ] (0.00001606)
[  2  0  0  0  0  0  3  0  0 ] (0.00007209)
[  2  0  0  0  0  1  0  0  0 ] (0.00000195)
[  2  0  0  0  0  1  0  0  1 ] (0.00002000)
[  2  0  0  0  0  1  0  0  2 ] (0.00062862)
[  2  0  0  0  0  1  0  1  0 ] (0.00000772)
[  2  0  0  0  0  1  0  1  1 ] (0.00019373)
[  2  0  0  0  0  1  0  2  0 ] (0.00000393)
[  2  0  0  0  0  1  1  0  0 ] (0.00051113)
[  2  0  0  0  0  1  1  0  1 ] (0.00371562)
[  2  0  0  0  0  1  1  1  0 ] (0.00144395)
[  2  0  0  0  0  1  2  0  0 ] (0.00002549)
[  2  0  0  0  0  2  0  0  0 ] (0.00028939)
[  2  0  0  0  0  2  0  0  1 ] (0.00052694)
[  2  0  0  0  0  2  0  1  0 ] (0.00001214)
[  2  0  0  0  0  2  1  0  0 ] (0.00021500)
[  2  0  0  0  0  3  0  0  0 ] (0.00000463)
[  2  0  0  0  1  0  0  0  0 ] (0.00002851)
[  2  0  0  0  1  0  0  0  1 ] (0.00003238)
[  2  0  0  0  1  0  0  0  2 ] (0.00012274)
[  2  0  0  0  1  0  0  1  0 ] (0.00016290)
[  2  0  0  0  1  0  0  1  1 ] (0.00188452)
[  2  0  0  0  1  0  0  2  0 ] (0.00002011)
[  2  0  0  0  1  0  1  0  0 ] (0.00000663)
[  2  0  0  0  1  0  1  0  1 ] (0.00062560)
[  2  0  0  0  1  0  1  1  0 ] (0.00000942)
[  2  0  0  0  1  0  2  0  0 ] (0.00137860)
[  2  0  0  0  1  1  0  0  0 ] (0.00070107)
[  2  0  0  0  1  1  0  0  1 ] (0.00479483)
[  2  0  0  0  1  1  0  1  0 ] (0.00012367)
[  2  0  0  0  1  1  1  0  0 ] (0.00024190)
[  2  0  0  0  1  2  0  0  0 ] (0.00013129)
[  2  0  0  0  2  0  0  0  0 ] (0.00001095)
[  2  0  0  0  2  0  0  0  1 ] (0.00001838)
[  2  0  0  0  2  0  0  1  0 ] (0.00009728)
[  2  0  0  0  2  0  1  0  0 ] (0.00006211)
[  2  0  0  0  2  1  0  0  0 ] (0.00003915)
[  2  0  0  0  3  0  0  0  0 ] (0.00000172)
[  2  0  0  1  0  0  0  0  0 ] (0.00001941)
[  2  0  0  1  0  0  0  0  1 ] (0.00073214)
[  2  0  0  1  0  0  0  0  2 ] (0.00070027)
[  2  0  0  1  0  0  0  1  0 ] (0.00044387)
[  2  0  0  1  0  0  0  1  1 ] (0.00154014)
[  2  0  0  1  0  0  0  2  0 ] (0.00000000)
[  2  0  0  1  0  0  1  0  0 ] (0.00005917)
[  2  0  0  1  0  0  1  0  1 ] (0.00007481)
[  2  0  0  1  0  0  1  1  0 ] (0.00057957)
[  2  0  0  1  0  0  2  0  0 ] (0.00061053)
[  2  0  0  1  0  1  0  0  0 ] (0.00001331)
[  2  0  0  1  0  1  0  0  1 ] (0.00000000)
[  2  0  0  1  0  1  0  1  0 ] (0.00072080)
[  2  0  0  1  0  1  1  0  0 ] (0.00001449)
[  2  0  0  1  0  2  0  0  0 ] (0.00004298)
[  2  0  0  1  1  0  0  0  0 ] (0.00005057)
[  2  0  0  1  1  0  0  0  1 ] (0.00003510)
[  2  0  0  1  1  0  0  1  0 ] (0.00121277)
[  2  0  0  1  1  0  1  0  0 ] (0.00007154)
[  2  0  0  1  1  1  0  0  0 ] (0.00148712)
[  2  0  0  1  2  0  0  0  0 ] (0.00005276)
[  2  0  0  2  0  0  0  0  0 ] (0.00005949)
[  2  0  0  2  0  0  0  0  1 ] (0.00122394)
[  2  0  0  2  0  0  0  1  0 ] (0.00000590)
[  2  0  0  2  0  0  1  0  0 ] (0.00006993)
[  2  0  0  2  0  1  0  0  0 ] (0.00003825)
[  2  0  0  2  1  0  0  0  0 ] (0.00001781)
[  2  0  0  3  0  0  0  0  0 ] (0.00000003)
[  2  0  1  0  0  0  0  0  0 ] (0.00000245)
[  2  0  1  0  0  0  0  0  1 ] (0.00002403)
[  2  0  1  0  0  0  0  0  2 ] (0.00002213)
[  2  0  1  0  0  0  0  1  0 ] (0.00000182)
[  2  0  1  0  0  0  0  1  1 ] (0.00001657)
[  2  0  1  0  0  0  0  2  0 ] (0.00002849)
[  2  0  1  0  0  0  1  0  0 ] (0.00002917)
[  2  0  1  0  0  0  1  0  1 ] (0.00005974)
[  2  0  1  0  0  0  1  1  0 ] (0.00000833)
[  2  0  1  0  0  0  2  0  0 ] (0.00000024)
[  2  0  1  0  0  1  0  0  0 ] (0.00002938)
[  2  0  1  0  0  1  0  0  1 ] (0.00004717)
[  2  0  1  0  0  1  0  1  0 ] (0.00000492)
[  2  0  1  0  0  1  1  0  0 ] (0.00005989)
[  2  0  1  0  0  2  0  0  0 ] (0.00000072)
[  2  0  1  0  1  0  0  0  0 ] (0.00000012)
[  2  0  1  0  1  0  0  0  1 ] (0.00001459)
[  2  0  1  0  1  0  0  1  0 ] (0.00002032)
[  2  0  1  0  1  0  1  0  0 ] (0.00000007)
[  2  0  1  0  1  1  0  0  0 ] (0.00000601)
[  2  0  1  0  2  0  0  0  0 ] (0.00000468)
[  2  0  1  1  0  0  0  0  0 ] (0.00004092)
[  2  0  1  1  0  0  0  0  1 ] (0.00014758)
[  2  0  1  1  0  0  0  1  0 ] (0.00000540)
[  2  0  1  1  0  0  1  0  0 ] (0.00006794)
[  2  0  1  1  0  1  0  0  0 ] (0.00001686)
[  2  0  1  1  1  0  0  0  0 ] (0.00000002)
[  2  0  1  2  0  0  0  0  0 ] (0.00000042)
[  2  0  2  0  0  0  0  0  0 ] (0.00191025)
[  2  0  2  0  0  0  0  0  1 ] (0.00469936)
[  2  0  2  0  0  0  0  1  0 ] (0.00020353)
[  2  0  2  0  0  0  1  0  0 ] (0.00097186)
[  2  0  2  0  0  1  0  0  0 ] (0.00011867)
[  2  0  2  0  1  0  0  0  0 ] (0.00000026)
[  2  0  2  1  0  0  0  0  0 ] (0.00006276)
[  2  0  3  0  0  0  0  0  0 ] (0.00014872)
[  2  1  0  0  0  0  0  0  0 ] (0.00000228)
[  2  1  0  0  0  0  0  0  1 ] (0.00002030)
[  2  1  0  0  0  0  0  0  2 ] (0.00004547)
[  2  1  0  0  0  0  0  1  0 ] (0.00000417)
[  2  1  0  0  0  0  0  1  1 ] (0.00001515)
[  2  1  0  0  0  0  0  2  0 ] (0.00007398)
[  2  1  0  0  0  0  1  0  0 ] (0.00000292)
[  2  1  0  0  0  0  1  0  1 ] (0.00001923)
[  2  1  0  0  0  0  1  1  0 ] (0.00000890)
[  2  1  0  0  0  0  2  0  0 ] (0.00000195)
[  2  1  0  0  0  1  0  0  0 ] (0.00000486)
[  2  1  0  0  0  1  0  0  1 ] (0.00003649)
[  2  1  0  0  0  1  0  1  0 ] (0.00000000)
[  2  1  0  0  0  1  1  0  0 ] (0.00000929)
[  2  1  0  0  0  2  0  0  0 ] (0.00000027)
[  2  1  0  0  1  0  0  0  0 ] (0.00000242)
[  2  1  0  0  1  0  0  0  1 ] (0.00003305)
[  2  1  0  0  1  0  0  1  0 ] (0.00000014)
[  2  1  0  0  1  0  1  0  0 ] (0.00000002)
[  2  1  0  0  1  1  0  0  0 ] (0.00000012)
[  2  1  0  0  2  0  0  0  0 ] (0.00000493)
[  2  1  0  1  0  0  0  0  0 ] (0.00000739)
[  2  1  0  1  0  0  0  0  1 ] (0.00002715)
[  2  1  0  1  0  0  0  1  0 ] (0.00000035)
[  2  1  0  1  0  0  1  0  0 ] (0.00000322)
[  2  1  0  1  0  1  0  0  0 ] (0.00001306)
[  2  1  0  1  1  0  0  0  0 ] (0.00000077)
[  2  1  0  2  0  0  0  0  0 ] (0.00000469)
[  2  1  1  0  0  0  0  0  0 ] (0.00024301)
[  2  1  1  0  0  0  0  0  1 ] (0.00014896)
[  2  1  1  0  0  0  0  1  0 ] (0.00009345)
[  2  1  1  0  0  0  1  0  0 ] (0.00045428)
[  2  1  1  0  0  1  0  0  0 ] (0.00011628)
[  2  1  1  0  1  0  0  0  0 ] (0.00004323)
[  2  1  1  1  0  0  0  0  0 ] (0.00002687)
[  2  1  2  0  0  0  0  0  0 ] (0.00000197)
[  2  2  0  0  0  0  0  0  0 ] (0.00009677)
[  2  2  0  0  0  0  0  0  1 ] (0.00013804)
[  2  2  0  0  0  0  0  1  0 ] (0.00007465)
[  2  2  0  0  0  0  1  0  0 ] (0.00001246)
[  2  2  0  0  0  1  0  0  0 ] (0.00000228)
[  2  2  0  0  1  0  0  0  0 ] (0.00001464)
[  2  2  0  1  0  0  0  0  0 ] (0.00000028)
[  2  2  1  0  0  0  0  0  0 ] (0.00001361)
[  2  3  0  0  0  0  0  0  0 ] (0.00000035)
[  3  0  0  0  0  0  0  0  0 ] (0.00002502)
[  3  0  0  0  0  0  0  0  1 ] (0.00002329)
[  3  0  0  0  0  0  0  0  2 ] (0.00001673)
[  3  0  0  0  0  0  0  1  0 ] (0.00002385)
[  3  0  0  0  0  0  0  1  1 ] (0.00011194)
[  3  0  0  0  0  0  0  2  0 ] (0.00000003)
[  3  0  0  0  0  0  1  0  0 ] (0.00000001)
[  3  0  0  0  0  0  1  0  1 ] (0.00000407)
[  3  0  0  0  0  0  1  1  0 ] (0.00000626)
[  3  0  0  0  0  0  2  0  0 ] (0.00000615)
[  3  0  0  0  0  1  0  0  0 ] (0.00000002)
[  3  0  0  0  0  1  0  0  1 ] (0.00000967)
[  3  0  0  0  0  1  0  1  0 ] (0.00000124)
[  3  0  0  0  0  1  1  0  0 ] (0.00000468)
[  3  0  0  0  0  2  0  0  0 ] (0.00000009)
[  3  0  0  0  1  0  0  0  0 ] (0.00000889)
[  3  0  0  0  1  0  0  0  1 ] (0.00001752)
[  3  0  0  0  1  0  0  1  0 ] (0.00000148)
[  3  0  0  0  1  0  1  0  0 ] (0.00000148)
[  3  0  0  0  1  1  0  0  0 ] (0.00000004)
[  3  0  0  0  2  0  0  0  0 ] (0.00000088)
[  3  0  0  1  0  0  0  0  0 ] (0.00000128)
[  3  0  0  1  0  0  0  0  1 ] (0.00000201)
[  3  0  0  1  0  0  0  1  0 ] (0.00001467)
[  3  0  0  1  0  0  1  0  0 ] (0.00000026)
[  3  0  0  1  0  1  0  0  0 ] (0.00001213)
[  3  0  0  1  1  0  0  0  0 ] (0.00001065)
[  3  0  0  2  0  0  0  0  0 ] (0.00000012)
[  3  0  1  0  0  0  0  0  0 ] (0.00000004)
[  3  0  1  0  0  0  0  0  1 ] (0.00000042)
[  3  0  1  0  0  0  0  1  0 ] (0.00000042)
[  3  0  1  0  0  0  1  0  0 ] (0.00000057)
[  3  0  1  0  0  1  0  0  0 ] (0.00000019)
[  3  0  1  0  1  0  0  0  0 ] (0.00000001)
[  3  0  1  1  0  0  0  0  0 ] (0.00000121)
[  3  0  2  0  0  0  0  0  0 ] (0.00010346)
[  3  1  0  0  0  0  0  0  0 ] (0.00000004)
[  3  1  0  0  0  0  0  0  1 ] (0.00000041)
[  3  1  0  0  0  0  0  1  0 ] (0.00000028)
[  3  1  0  0  0  0  1  0  0 ] (0.00000002)
[  3  1  0  0  0  1  0  0  0 ] (0.00000002)
[  3  1  0  0  1  0  0  0  0 ] (0.00000001)
[  3  1  0  1  0  0  0  0  0 ] (0.00000052)
[  3  1  1  0  0  0  0  0  0 ] (0.00005824)
[  3  2  0  0  0  0  0  0  0 ] (0.00002002)
[  4  0  0  0  0  0  0  0  0 ] (0.00000105)
[  4  0  0  0  0  0  0  0  1 ] (0.00000640)
[  4  0  0  0  0  0  0  1  0 ] (0.00000124)
[  4  0  0  0  0  0  1  0  0 ] (0.00000097)
[  4  0  0  0  0  1  0  0  0 ] (0.00000316)
[  4  0  0  0  1  0  0  0  0 ] (0.00000049)
[  4  0  0  1  0  0  0  0  0 ] (0.00001183)
[  4  0  1  0  0  0  0  0  0 ] (0.00072691)
[  4  1  0  0  0  0  0  0  0 ] (0.00022253)
[  5  0  0  0  0  0  0  0  0 ] (0.00011263)
