|  -894.215079724571 |   225.419165027435 

[  0  0  0  0  0  0  0  0  0 ] (0.00000042)
[  0  0  0  0  0  0  0  0  1 ] (0.00000154)
[  0  0  0  0  0  0  0  0  2 ] (0.00000225)
[  0  0  0  0  0  0  0  0  3 ] (0.00013460)
[  0  0  0  0  0  0  0  0  4 ] (0.00000052)
[  0  0  0  0  0  0  0  0  5 ] (0.00000058)
[  0  0  0  0  0  0  0  1  0 ] (0.00000200)
[  0  0  0  0  0  0  0  1  1 ] (0.00000907)
[  0  0  0  0  0  0  0  1  2 ] (0.00019292)
[  0  0  0  0  0  0  0  1  3 ] (0.00002504)
[  0  0  0  0  0  0  0  1  4 ] (0.00000138)
[  0  0  0  0  0  0  0  2  0 ] (0.00000185)
[  0  0  0  0  0  0  0  2  1 ] (0.00000329)
[  0  0  0  0  0  0  0  2  2 ] (0.00000078)
[  0  0  0  0  0  0  0  2  3 ] (0.00000075)
[  0  0  0  0  0  0  0  3  0 ] (0.00000030)
[  0  0  0  0  0  0  0  3  1 ] (0.00084450)
[  0  0  0  0  0  0  0  3  2 ] (0.00000075)
[  0  0  0  0  0  0  0  4  0 ] (0.00003848)
[  0  0  0  0  0  0  0  4  1 ] (0.00000001)
[  0  0  0  0  0  0  0  5  0 ] (0.00000062)
[  0  0  0  0  0  0  1  0  0 ] (0.00000019)
[  0  0  0  0  0  0  1  0  1 ] (0.00000693)
[  0  0  0  0  0  0  1  0  2 ] (0.00000261)
[  0  0  0  0  0  0  1  0  3 ] (0.00000394)
[  0  0  0  0  0  0  1  0  4 ] (0.00000000)
[  0  0  0  0  0  0  1  1  0 ] (0.00000004)
[  0  0  0  0  0  0  1  1  1 ] (0.00004485)
[  0  0  0  0  0  0  1  1  2 ] (0.00000000)
[  0  0  0  0  0  0  1  1  3 ] (0.00000003)
[  0  0  0  0  0  0  1  2  0 ] (0.00000248)
[  0  0  0  0  0  0  1  2  1 ] (0.00002560)
[  0  0  0  0  0  0  1  2  2 ] (0.00000033)
[  0  0  0  0  0  0  1  3  0 ] (0.00001089)
[  0  0  0  0  0  0  1  3  1 ] (0.00000334)
[  0  0  0  0  0  0  1  4  0 ] (0.00000100)
[  0  0  0  0  0  0  2  0  0 ] (0.00000108)
[  0  0  0  0  0  0  2  0  1 ] (0.00000000)
[  0  0  0  0  0  0  2  0  2 ] (0.00012952)
[  0  0  0  0  0  0  2  0  3 ] (0.00000615)
[  0  0  0  0  0  0  2  1  0 ] (0.00003447)
[  0  0  0  0  0  0  2  1  1 ] (0.00056218)
[  0  0  0  0  0  0  2  1  2 ] (0.00001750)
[  0  0  0  0  0  0  2  2  0 ] (0.00000237)
[  0  0  0  0  0  0  2  2  1 ] (0.00000095)
[  0  0  0  0  0  0  2  3  0 ] (0.00001038)
[  0  0  0  0  0  0  3  0  0 ] (0.00000211)
[  0  0  0  0  0  0  3  0  1 ] (0.00000711)
[  0  0  0  0  0  0  3  0  2 ] (0.00000370)
[  0  0  0  0  0  0  3  1  0 ] (0.00000016)
[  0  0  0  0  0  0  3  1  1 ] (0.00001457)
[  0  0  0  0  0  0  3  2  0 ] (0.00006145)
[  0  0  0  0  0  0  4  0  0 ] (0.00005804)
[  0  0  0  0  0  0  4  0  1 ] (0.00010107)
[  0  0  0  0  0  0  4  1  0 ] (0.00066401)
[  0  0  0  0  0  0  5  0  0 ] (0.00000026)
[  0  0  0  0  0  1  0  0  0 ] (0.00000344)
[  0  0  0  0  0  1  0  0  1 ] (0.00000025)
[  0  0  0  0  0  1  0  0  2 ] (0.00001770)
[  0  0  0  0  0  1  0  0  3 ] (0.00003136)
[  0  0  0  0  0  1  0  0  4 ] (0.00000085)
[  0  0  0  0  0  1  0  1  0 ] (0.00000124)
[  0  0  0  0  0  1  0  1  1 ] (0.00002785)
[  0  0  0  0  0  1  0  1  2 ] (0.00002974)
[  0  0  0  0  0  1  0  1  3 ] (0.00000020)
[  0  0  0  0  0  1  0  2  0 ] (0.00002876)
[  0  0  0  0  0  1  0  2  1 ] (0.00036092)
[  0  0  0  0  0  1  0  2  2 ] (0.00000354)
[  0  0  0  0  0  1  0  3  0 ] (0.00006918)
[  0  0  0  0  0  1  0  3  1 ] (0.00004513)
[  0  0  0  0  0  1  0  4  0 ] (0.00000009)
[  0  0  0  0  0  1  1  0  0 ] (0.00000261)
[  0  0  0  0  0  1  1  0  1 ] (0.00000047)
[  0  0  0  0  0  1  1  0  2 ] (0.00000303)
[  0  0  0  0  0  1  1  0  3 ] (0.00000051)
[  0  0  0  0  0  1  1  1  0 ] (0.00000050)
[  0  0  0  0  0  1  1  1  1 ] (0.00005260)
[  0  0  0  0  0  1  1  1  2 ] (0.00000283)
[  0  0  0  0  0  1  1  2  0 ] (0.00002949)
[  0  0  0  0  0  1  1  2  1 ] (0.00003296)
[  0  0  0  0  0  1  1  3  0 ] (0.00001715)
[  0  0  0  0  0  1  2  0  0 ] (0.00000037)
[  0  0  0  0  0  1  2  0  1 ] (0.00023611)
[  0  0  0  0  0  1  2  0  2 ] (0.00002039)
[  0  0  0  0  0  1  2  1  0 ] (0.00002351)
[  0  0  0  0  0  1  2  1  1 ] (0.00002113)
[  0  0  0  0  0  1  2  2  0 ] (0.00001600)
[  0  0  0  0  0  1  3  0  0 ] (0.00000749)
[  0  0  0  0  0  1  3  0  1 ] (0.00003421)
[  0  0  0  0  0  1  3  1  0 ] (0.00001543)
[  0  0  0  0  0  1  4  0  0 ] (0.00099095)
[  0  0  0  0  0  2  0  0  0 ] (0.00000120)
[  0  0  0  0  0  2  0  0  1 ] (0.00000881)
[  0  0  0  0  0  2  0  0  2 ] (0.00032486)
[  0  0  0  0  0  2  0  0  3 ] (0.00001110)
[  0  0  0  0  0  2  0  1  0 ] (0.00001334)
[  0  0  0  0  0  2  0  1  1 ] (0.00004418)
[  0  0  0  0  0  2  0  1  2 ] (0.00004125)
[  0  0  0  0  0  2  0  2  0 ] (0.00000087)
[  0  0  0  0  0  2  0  2  1 ] (0.00000000)
[  0  0  0  0  0  2  0  3  0 ] (0.00095692)
[  0  0  0  0  0  2  1  0  0 ] (0.00004670)
[  0  0  0  0  0  2  1  0  1 ] (0.00001882)
[  0  0  0  0  0  2  1  0  2 ] (0.00000023)
[  0  0  0  0  0  2  1  1  0 ] (0.00001077)
[  0  0  0  0  0  2  1  1  1 ] (0.00000007)
[  0  0  0  0  0  2  1  2  0 ] (0.00000520)
[  0  0  0  0  0  2  2  0  0 ] (0.00000654)
[  0  0  0  0  0  2  2  0  1 ] (0.00000126)
[  0  0  0  0  0  2  2  1  0 ] (0.00000418)
[  0  0  0  0  0  2  3  0  0 ] (0.00277271)
[  0  0  0  0  0  3  0  0  0 ] (0.00000288)
[  0  0  0  0  0  3  0  0  1 ] (0.00036162)
[  0  0  0  0  0  3  0  0  2 ] (0.00003352)
[  0  0  0  0  0  3  0  1  0 ] (0.00002573)
[  0  0  0  0  0  3  0  1  1 ] (0.00001769)
[  0  0  0  0  0  3  0  2  0 ] (0.00061618)
[  0  0  0  0  0  3  1  0  0 ] (0.00000207)
[  0  0  0  0  0  3  1  0  1 ] (0.00001220)
[  0  0  0  0  0  3  1  1  0 ] (0.00003340)
[  0  0  0  0  0  3  2  0  0 ] (0.00043724)
[  0  0  0  0  0  4  0  0  0 ] (0.00005064)
[  0  0  0  0  0  4  0  0  1 ] (0.00018651)
[  0  0  0  0  0  4  0  1  0 ] (0.00044948)
[  0  0  0  0  0  4  1  0  0 ] (0.00080247)
[  0  0  0  0  0  5  0  0  0 ] (0.00011373)
[  0  0  0  0  1  0  0  0  0 ] (0.00000000)
[  0  0  0  0  1  0  0  0  1 ] (0.00000001)
[  0  0  0  0  1  0  0  0  2 ] (0.00002202)
[  0  0  0  0  1  0  0  0  3 ] (0.00002005)
[  0  0  0  0  1  0  0  0  4 ] (0.00000306)
[  0  0  0  0  1  0  0  1  0 ] (0.00000050)
[  0  0  0  0  1  0  0  1  1 ] (0.00000563)
[  0  0  0  0  1  0  0  1  2 ] (0.00000705)
[  0  0  0  0  1  0  0  1  3 ] (0.00000001)
[  0  0  0  0  1  0  0  2  0 ] (0.00000355)
[  0  0  0  0  1  0  0  2  1 ] (0.00001460)
[  0  0  0  0  1  0  0  2  2 ] (0.00000028)
[  0  0  0  0  1  0  0  3  0 ] (0.00000553)
[  0  0  0  0  1  0  0  3  1 ] (0.00000208)
[  0  0  0  0  1  0  0  4  0 ] (0.00000098)
[  0  0  0  0  1  0  1  0  0 ] (0.00001199)
[  0  0  0  0  1  0  1  0  1 ] (0.00000440)
[  0  0  0  0  1  0  1  0  2 ] (0.00000299)
[  0  0  0  0  1  0  1  0  3 ] (0.00000003)
[  0  0  0  0  1  0  1  1  0 ] (0.00000259)
[  0  0  0  0  1  0  1  1  1 ] (0.00001979)
[  0  0  0  0  1  0  1  1  2 ] (0.00000086)
[  0  0  0  0  1  0  1  2  0 ] (0.00002870)
[  0  0  0  0  1  0  1  2  1 ] (0.00000012)
[  0  0  0  0  1  0  1  3  0 ] (0.00002571)
[  0  0  0  0  1  0  2  0  0 ] (0.00000116)
[  0  0  0  0  1  0  2  0  1 ] (0.00099294)
[  0  0  0  0  1  0  2  0  2 ] (0.00004906)
[  0  0  0  0  1  0  2  1  0 ] (0.00039997)
[  0  0  0  0  1  0  2  1  1 ] (0.00002255)
[  0  0  0  0  1  0  2  2  0 ] (0.00002645)
[  0  0  0  0  1  0  3  0  0 ] (0.00000503)
[  0  0  0  0  1  0  3  0  1 ] (0.00000051)
[  0  0  0  0  1  0  3  1  0 ] (0.00004009)
[  0  0  0  0  1  0  4  0  0 ] (0.00001306)
[  0  0  0  0  1  1  0  0  0 ] (0.00000166)
[  0  0  0  0  1  1  0  0  1 ] (0.00000209)
[  0  0  0  0  1  1  0  0  2 ] (0.00022420)
[  0  0  0  0  1  1  0  0  3 ] (0.00000385)
[  0  0  0  0  1  1  0  1  0 ] (0.00000154)
[  0  0  0  0  1  1  0  1  1 ] (0.00000019)
[  0  0  0  0  1  1  0  1  2 ] (0.00001260)
[  0  0  0  0  1  1  0  2  0 ] (0.00000284)
[  0  0  0  0  1  1  0  2  1 ] (0.00000401)
[  0  0  0  0  1  1  0  3  0 ] (0.00000265)
[  0  0  0  0  1  1  1  0  0 ] (0.00000515)
[  0  0  0  0  1  1  1  0  1 ] (0.00002951)
[  0  0  0  0  1  1  1  0  2 ] (0.00000027)
[  0  0  0  0  1  1  1  1  0 ] (0.00002936)
[  0  0  0  0  1  1  1  1  1 ] (0.00000117)
[  0  0  0  0  1  1  1  2  0 ] (0.00001197)
[  0  0  0  0  1  1  2  0  0 ] (0.00000513)
[  0  0  0  0  1  1  2  0  1 ] (0.00000689)
[  0  0  0  0  1  1  2  1  0 ] (0.00003661)
[  0  0  0  0  1  1  3  0  0 ] (0.00000336)
[  0  0  0  0  1  2  0  0  0 ] (0.00003173)
[  0  0  0  0  1  2  0  0  1 ] (0.00010447)
[  0  0  0  0  1  2  0  0  2 ] (0.00002327)
[  0  0  0  0  1  2  0  1  0 ] (0.00000160)
[  0  0  0  0  1  2  0  1  1 ] (0.00000999)
[  0  0  0  0  1  2  0  2  0 ] (0.00009505)
[  0  0  0  0  1  2  1  0  0 ] (0.00008335)
[  0  0  0  0  1  2  1  0  1 ] (0.00009518)
[  0  0  0  0  1  2  1  1  0 ] (0.00000439)
[  0  0  0  0  1  2  2  0  0 ] (0.00001263)
[  0  0  0  0  1  3  0  0  0 ] (0.00000242)
[  0  0  0  0  1  3  0  0  1 ] (0.00000179)
[  0  0  0  0  1  3  0  1  0 ] (0.00033614)
[  0  0  0  0  1  3  1  0  0 ] (0.00030309)
[  0  0  0  0  1  4  0  0  0 ] (0.00005088)
[  0  0  0  0  2  0  0  0  0 ] (0.00000543)
[  0  0  0  0  2  0  0  0  1 ] (0.00002450)
[  0  0  0  0  2  0  0  0  2 ] (0.00017012)
[  0  0  0  0  2  0  0  0  3 ] (0.00000388)
[  0  0  0  0  2  0  0  1  0 ] (0.00000133)
[  0  0  0  0  2  0  0  1  1 ] (0.00041449)
[  0  0  0  0  2  0  0  1  2 ] (0.00000046)
[  0  0  0  0  2  0  0  2  0 ] (0.00001767)
[  0  0  0  0  2  0  0  2  1 ] (0.00001471)
[  0  0  0  0  2  0  0  3  0 ] (0.00001620)
[  0  0  0  0  2  0  1  0  0 ] (0.00013717)
[  0  0  0  0  2  0  1  0  1 ] (0.00013911)
[  0  0  0  0  2  0  1  0  2 ] (0.00003054)
[  0  0  0  0  2  0  1  1  0 ] (0.00003341)
[  0  0  0  0  2  0  1  1  1 ] (0.00001868)
[  0  0  0  0  2  0  1  2  0 ] (0.00012242)
[  0  0  0  0  2  0  2  0  0 ] (0.00028738)
[  0  0  0  0  2  0  2  0  1 ] (0.00021917)
[  0  0  0  0  2  0  2  1  0 ] (0.00005447)
[  0  0  0  0  2  0  3  0  0 ] (0.00019730)
[  0  0  0  0  2  1  0  0  0 ] (0.00000776)
[  0  0  0  0  2  1  0  0  1 ] (0.00000043)
[  0  0  0  0  2  1  0  0  2 ] (0.00000644)
[  0  0  0  0  2  1  0  1  0 ] (0.00018809)
[  0  0  0  0  2  1  0  1  1 ] (0.00007318)
[  0  0  0  0  2  1  0  2  0 ] (0.00032412)
[  0  0  0  0  2  1  1  0  0 ] (0.00001238)
[  0  0  0  0  2  1  1  0  1 ] (0.00001971)
[  0  0  0  0  2  1  1  1  0 ] (0.00009498)
[  0  0  0  0  2  1  2  0  0 ] (0.00003330)
[  0  0  0  0  2  2  0  0  0 ] (0.00000004)
[  0  0  0  0  2  2  0  0  1 ] (0.00002088)
[  0  0  0  0  2  2  0  1  0 ] (0.00004185)
[  0  0  0  0  2  2  1  0  0 ] (0.00012134)
[  0  0  0  0  2  3  0  0  0 ] (0.00059976)
[  0  0  0  0  3  0  0  0  0 ] (0.00000149)
[  0  0  0  0  3  0  0  0  1 ] (0.00000230)
[  0  0  0  0  3  0  0  0  2 ] (0.00001151)
[  0  0  0  0  3  0  0  1  0 ] (0.00003030)
[  0  0  0  0  3  0  0  1  1 ] (0.00001190)
[  0  0  0  0  3  0  0  2  0 ] (0.00003035)
[  0  0  0  0  3  0  1  0  0 ] (0.00000059)
[  0  0  0  0  3  0  1  0  1 ] (0.00000457)
[  0  0  0  0  3  0  1  1  0 ] (0.00027001)
[  0  0  0  0  3  0  2  0  0 ] (0.00016631)
[  0  0  0  0  3  1  0  0  0 ] (0.00000980)
[  0  0  0  0  3  1  0  0  1 ] (0.00000122)
[  0  0  0  0  3  1  0  1  0 ] (0.00094731)
[  0  0  0  0  3  1  1  0  0 ] (0.00054715)
[  0  0  0  0  3  2  0  0  0 ] (0.00001689)
[  0  0  0  0  4  0  0  0  0 ] (0.00000029)
[  0  0  0  0  4  0  0  0  1 ] (0.00007581)
[  0  0  0  0  4  0  0  1  0 ] (0.00002550)
[  0  0  0  0  4  0  1  0  0 ] (0.00019481)
[  0  0  0  0  4  1  0  0  0 ] (0.00041032)
[  0  0  0  0  5  0  0  0  0 ] (0.00058438)
[  0  0  0  1  0  0  0  0  0 ] (0.00000167)
[  0  0  0  1  0  0  0  0  1 ] (0.00000305)
[  0  0  0  1  0  0  0  0  2 ] (0.00001691)
[  0  0  0  1  0  0  0  0  3 ] (0.00002957)
[  0  0  0  1  0  0  0  0  4 ] (0.00000452)
[  0  0  0  1  0  0  0  1  0 ] (0.00000013)
[  0  0  0  1  0  0  0  1  1 ] (0.00000028)
[  0  0  0  1  0  0  0  1  2 ] (0.00000221)
[  0  0  0  1  0  0  0  1  3 ] (0.00001335)
[  0  0  0  1  0  0  0  2  0 ] (0.00000850)
[  0  0  0  1  0  0  0  2  1 ] (0.00004444)
[  0  0  0  1  0  0  0  2  2 ] (0.00000698)
[  0  0  0  1  0  0  0  3  0 ] (0.00004125)
[  0  0  0  1  0  0  0  3  1 ] (0.00000375)
[  0  0  0  1  0  0  0  4  0 ] (0.00000059)
[  0  0  0  1  0  0  1  0  0 ] (0.00000004)
[  0  0  0  1  0  0  1  0  1 ] (0.00000139)
[  0  0  0  1  0  0  1  0  2 ] (0.00000058)
[  0  0  0  1  0  0  1  0  3 ] (0.00000001)
[  0  0  0  1  0  0  1  1  0 ] (0.00000266)
[  0  0  0  1  0  0  1  1  1 ] (0.00014153)
[  0  0  0  1  0  0  1  1  2 ] (0.00000059)
[  0  0  0  1  0  0  1  2  0 ] (0.00020469)
[  0  0  0  1  0  0  1  2  1 ] (0.00000001)
[  0  0  0  1  0  0  1  3  0 ] (0.00000017)
[  0  0  0  1  0  0  2  0  0 ] (0.00006584)
[  0  0  0  1  0  0  2  0  1 ] (0.00033817)
[  0  0  0  1  0  0  2  0  2 ] (0.00004800)
[  0  0  0  1  0  0  2  1  0 ] (0.00021893)
[  0  0  0  1  0  0  2  1  1 ] (0.00017532)
[  0  0  0  1  0  0  2  2  0 ] (0.00000030)
[  0  0  0  1  0  0  3  0  0 ] (0.00004100)
[  0  0  0  1  0  0  3  0  1 ] (0.00001942)
[  0  0  0  1  0  0  3  1  0 ] (0.00000157)
[  0  0  0  1  0  0  4  0  0 ] (0.00051523)
[  0  0  0  1  0  1  0  0  0 ] (0.00000057)
[  0  0  0  1  0  1  0  0  1 ] (0.00002059)
[  0  0  0  1  0  1  0  0  2 ] (0.00000040)
[  0  0  0  1  0  1  0  0  3 ] (0.00000145)
[  0  0  0  1  0  1  0  1  0 ] (0.00000218)
[  0  0  0  1  0  1  0  1  1 ] (0.00000447)
[  0  0  0  1  0  1  0  1  2 ] (0.00000019)
[  0  0  0  1  0  1  0  2  0 ] (0.00000884)
[  0  0  0  1  0  1  0  2  1 ] (0.00002872)
[  0  0  0  1  0  1  0  3  0 ] (0.00005376)
[  0  0  0  1  0  1  1  0  0 ] (0.00001721)
[  0  0  0  1  0  1  1  0  1 ] (0.00016196)
[  0  0  0  1  0  1  1  0  2 ] (0.00001463)
[  0  0  0  1  0  1  1  1  0 ] (0.00001281)
[  0  0  0  1  0  1  1  1  1 ] (0.00000550)
[  0  0  0  1  0  1  1  2  0 ] (0.00000220)
[  0  0  0  1  0  1  2  0  0 ] (0.00000010)
[  0  0  0  1  0  1  2  0  1 ] (0.00002010)
[  0  0  0  1  0  1  2  1  0 ] (0.00000282)
[  0  0  0  1  0  1  3  0  0 ] (0.00006267)
[  0  0  0  1  0  2  0  0  0 ] (0.00000175)
[  0  0  0  1  0  2  0  0  1 ] (0.00001078)
[  0  0  0  1  0  2  0  0  2 ] (0.00001064)
[  0  0  0  1  0  2  0  1  0 ] (0.00000874)
[  0  0  0  1  0  2  0  1  1 ] (0.00000131)
[  0  0  0  1  0  2  0  2  0 ] (0.00011404)
[  0  0  0  1  0  2  1  0  0 ] (0.00000188)
[  0  0  0  1  0  2  1  0  1 ] (0.00003515)
[  0  0  0  1  0  2  1  1  0 ] (0.00003529)
[  0  0  0  1  0  2  2  0  0 ] (0.00002778)
[  0  0  0  1  0  3  0  0  0 ] (0.00000008)
[  0  0  0  1  0  3  0  0  1 ] (0.00006460)
[  0  0  0  1  0  3  0  1  0 ] (0.00038489)
[  0  0  0  1  0  3  1  0  0 ] (0.00017509)
[  0  0  0  1  0  4  0  0  0 ] (0.00006993)
[  0  0  0  1  1  0  0  0  0 ] (0.00000113)
[  0  0  0  1  1  0  0  0  1 ] (0.00002551)
[  0  0  0  1  1  0  0  0  2 ] (0.00002886)
[  0  0  0  1  1  0  0  0  3 ] (0.00000072)
[  0  0  0  1  1  0  0  1  0 ] (0.00000225)
[  0  0  0  1  1  0  0  1  1 ] (0.00000013)
[  0  0  0  1  1  0  0  1  2 ] (0.00000485)
[  0  0  0  1  1  0  0  2  0 ] (0.00006554)
[  0  0  0  1  1  0  0  2  1 ] (0.00003912)
[  0  0  0  1  1  0  0  3  0 ] (0.00000545)
[  0  0  0  1  1  0  1  0  0 ] (0.00002172)
[  0  0  0  1  1  0  1  0  1 ] (0.00054564)
[  0  0  0  1  1  0  1  0  2 ] (0.00000162)
[  0  0  0  1  1  0  1  1  0 ] (0.00010380)
[  0  0  0  1  1  0  1  1  1 ] (0.00000587)
[  0  0  0  1  1  0  1  2  0 ] (0.00000129)
[  0  0  0  1  1  0  2  0  0 ] (0.00003553)
[  0  0  0  1  1  0  2  0  1 ] (0.00000000)
[  0  0  0  1  1  0  2  1  0 ] (0.00004883)
[  0  0  0  1  1  0  3  0  0 ] (0.00048070)
[  0  0  0  1  1  1  0  0  0 ] (0.00001096)
[  0  0  0  1  1  1  0  0  1 ] (0.00000046)
[  0  0  0  1  1  1  0  0  2 ] (0.00000737)
[  0  0  0  1  1  1  0  1  0 ] (0.00002887)
[  0  0  0  1  1  1  0  1  1 ] (0.00000049)
[  0  0  0  1  1  1  0  2  0 ] (0.00003376)
[  0  0  0  1  1  1  1  0  0 ] (0.00052871)
[  0  0  0  1  1  1  1  0  1 ] (0.00003214)
[  0  0  0  1  1  1  1  1  0 ] (0.00006875)
[  0  0  0  1  1  1  2  0  0 ] (0.00000141)
[  0  0  0  1  1  2  0  0  0 ] (0.00001861)
[  0  0  0  1  1  2  0  0  1 ] (0.00002694)
[  0  0  0  1  1  2  0  1  0 ] (0.00000087)
[  0  0  0  1  1  2  1  0  0 ] (0.00006104)
[  0  0  0  1  1  3  0  0  0 ] (0.00018283)
[  0  0  0  1  2  0  0  0  0 ] (0.00000224)
[  0  0  0  1  2  0  0  0  1 ] (0.00067710)
[  0  0  0  1  2  0  0  0  2 ] (0.00000085)
[  0  0  0  1  2  0  0  1  0 ] (0.00001783)
[  0  0  0  1  2  0  0  1  1 ] (0.00007876)
[  0  0  0  1  2  0  0  2  0 ] (0.00002192)
[  0  0  0  1  2  0  1  0  0 ] (0.00000031)
[  0  0  0  1  2  0  1  0  1 ] (0.00000311)
[  0  0  0  1  2  0  1  1  0 ] (0.00001582)
[  0  0  0  1  2  0  2  0  0 ] (0.00002996)
[  0  0  0  1  2  1  0  0  0 ] (0.00003094)
[  0  0  0  1  2  1  0  0  1 ] (0.00000005)
[  0  0  0  1  2  1  0  1  0 ] (0.00004747)
[  0  0  0  1  2  1  1  0  0 ] (0.00000156)
[  0  0  0  1  2  2  0  0  0 ] (0.00000905)
[  0  0  0  1  3  0  0  0  0 ] (0.00000002)
[  0  0  0  1  3  0  0  0  1 ] (0.00001810)
[  0  0  0  1  3  0  0  1  0 ] (0.00008946)
[  0  0  0  1  3  0  1  0  0 ] (0.00004598)
[  0  0  0  1  3  1  0  0  0 ] (0.00047317)
[  0  0  0  1  4  0  0  0  0 ] (0.00001460)
[  0  0  0  2  0  0  0  0  0 ] (0.00000590)
[  0  0  0  2  0  0  0  0  1 ] (0.00003147)
[  0  0  0  2  0  0  0  0  2 ] (0.00148926)
[  0  0  0  2  0  0  0  0  3 ] (0.00000098)
[  0  0  0  2  0  0  0  1  0 ] (0.00000397)
[  0  0  0  2  0  0  0  1  1 ] (0.00066101)
[  0  0  0  2  0  0  0  1  2 ] (0.00005393)
[  0  0  0  2  0  0  0  2  0 ] (0.00000553)
[  0  0  0  2  0  0  0  2  1 ] (0.00000889)
[  0  0  0  2  0  0  0  3  0 ] (0.00115324)
[  0  0  0  2  0  0  1  0  0 ] (0.00001361)
[  0  0  0  2  0  0  1  0  1 ] (0.00072062)
[  0  0  0  2  0  0  1  0  2 ] (0.00000009)
[  0  0  0  2  0  0  1  1  0 ] (0.00015327)
[  0  0  0  2  0  0  1  1  1 ] (0.00004535)
[  0  0  0  2  0  0  1  2  0 ] (0.00033633)
[  0  0  0  2  0  0  2  0  0 ] (0.00016255)
[  0  0  0  2  0  0  2  0  1 ] (0.00004899)
[  0  0  0  2  0  0  2  1  0 ] (0.00000444)
[  0  0  0  2  0  0  3  0  0 ] (0.00008265)
[  0  0  0  2  0  1  0  0  0 ] (0.00012437)
[  0  0  0  2  0  1  0  0  1 ] (0.00128256)
[  0  0  0  2  0  1  0  0  2 ] (0.00019904)
[  0  0  0  2  0  1  0  1  0 ] (0.00001305)
[  0  0  0  2  0  1  0  1  1 ] (0.00019811)
[  0  0  0  2  0  1  0  2  0 ] (0.00002999)
[  0  0  0  2  0  1  1  0  0 ] (0.00002362)
[  0  0  0  2  0  1  1  0  1 ] (0.00016960)
[  0  0  0  2  0  1  1  1  0 ] (0.00000780)
[  0  0  0  2  0  1  2  0  0 ] (0.00004727)
[  0  0  0  2  0  2  0  0  0 ] (0.00000822)
[  0  0  0  2  0  2  0  0  1 ] (0.00026776)
[  0  0  0  2  0  2  0  1  0 ] (0.00003259)
[  0  0  0  2  0  2  1  0  0 ] (0.00026517)
[  0  0  0  2  0  3  0  0  0 ] (0.00025536)
[  0  0  0  2  1  0  0  0  0 ] (0.00006482)
[  0  0  0  2  1  0  0  0  1 ] (0.00000029)
[  0  0  0  2  1  0  0  0  2 ] (0.00004825)
[  0  0  0  2  1  0  0  1  0 ] (0.00000986)
[  0  0  0  2  1  0  0  1  1 ] (0.00001083)
[  0  0  0  2  1  0  0  2  0 ] (0.00000730)
[  0  0  0  2  1  0  1  0  0 ] (0.00058009)
[  0  0  0  2  1  0  1  0  1 ] (0.00017905)
[  0  0  0  2  1  0  1  1  0 ] (0.00000561)
[  0  0  0  2  1  0  2  0  0 ] (0.00007413)
[  0  0  0  2  1  1  0  0  0 ] (0.00004459)
[  0  0  0  2  1  1  0  0  1 ] (0.00006272)
[  0  0  0  2  1  1  0  1  0 ] (0.00003479)
[  0  0  0  2  1  1  1  0  0 ] (0.00000018)
[  0  0  0  2  1  2  0  0  0 ] (0.00000398)
[  0  0  0  2  2  0  0  0  0 ] (0.00000001)
[  0  0  0  2  2  0  0  0  1 ] (0.00000389)
[  0  0  0  2  2  0  0  1  0 ] (0.00001381)
[  0  0  0  2  2  0  1  0  0 ] (0.00000099)
[  0  0  0  2  2  1  0  0  0 ] (0.00000078)
[  0  0  0  2  3  0  0  0  0 ] (0.00002352)
[  0  0  0  3  0  0  0  0  0 ] (0.00000051)
[  0  0  0  3  0  0  0  0  1 ] (0.00018158)
[  0  0  0  3  0  0  0  0  2 ] (0.00004210)
[  0  0  0  3  0  0  0  1  0 ] (0.00000012)
[  0  0  0  3  0  0  0  1  1 ] (0.00003769)
[  0  0  0  3  0  0  0  2  0 ] (0.00001091)
[  0  0  0  3  0  0  1  0  0 ] (0.00004276)
[  0  0  0  3  0  0  1  0  1 ] (0.00002254)
[  0  0  0  3  0  0  1  1  0 ] (0.00022567)
[  0  0  0  3  0  0  2  0  0 ] (0.00010697)
[  0  0  0  3  0  1  0  0  0 ] (0.00000052)
[  0  0  0  3  0  1  0  0  1 ] (0.00000000)
[  0  0  0  3  0  1  0  1  0 ] (0.00005273)
[  0  0  0  3  0  1  1  0  0 ] (0.00083121)
[  0  0  0  3  0  2  0  0  0 ] (0.00000419)
[  0  0  0  3  1  0  0  0  0 ] (0.00000018)
[  0  0  0  3  1  0  0  0  1 ] (0.00000160)
[  0  0  0  3  1  0  0  1  0 ] (0.00001664)
[  0  0  0  3  1  0  1  0  0 ] (0.00072438)
[  0  0  0  3  1  1  0  0  0 ] (0.00000014)
[  0  0  0  3  2  0  0  0  0 ] (0.00000480)
[  0  0  0  4  0  0  0  0  0 ] (0.00003152)
[  0  0  0  4  0  0  0  0  1 ] (0.00014275)
[  0  0  0  4  0  0  0  1  0 ] (0.00122102)
[  0  0  0  4  0  0  1  0  0 ] (0.00000906)
[  0  0  0  4  0  1  0  0  0 ] (0.00013227)
[  0  0  0  4  1  0  0  0  0 ] (0.00007449)
[  0  0  0  5  0  0  0  0  0 ] (0.00042626)
[  0  0  1  0  0  0  0  0  0 ] (0.00000682)
[  0  0  1  0  0  0  0  0  1 ] (0.00002635)
[  0  0  1  0  0  0  0  0  2 ] (0.00037297)
[  0  0  1  0  0  0  0  0  3 ] (0.00058160)
[  0  0  1  0  0  0  0  0  4 ] (0.00000806)
[  0  0  1  0  0  0  0  1  0 ] (0.00000462)
[  0  0  1  0  0  0  0  1  1 ] (0.00292310)
[  0  0  1  0  0  0  0  1  2 ] (0.00448485)
[  0  0  1  0  0  0  0  1  3 ] (0.00014846)
[  0  0  1  0  0  0  0  2  0 ] (0.00006966)
[  0  0  1  0  0  0  0  2  1 ] (0.00010032)
[  0  0  1  0  0  0  0  2  2 ] (0.00000005)
[  0  0  1  0  0  0  0  3  0 ] (0.00020142)
[  0  0  1  0  0  0  0  3  1 ] (0.00004044)
[  0  0  1  0  0  0  0  4  0 ] (0.00044227)
[  0  0  1  0  0  0  1  0  0 ] (0.00000103)
[  0  0  1  0  0  0  1  0  1 ] (0.00002655)
[  0  0  1  0  0  0  1  0  2 ] (0.00194969)
[  0  0  1  0  0  0  1  0  3 ] (0.00004690)
[  0  0  1  0  0  0  1  1  0 ] (0.00059120)
[  0  0  1  0  0  0  1  1  1 ] (0.00254521)
[  0  0  1  0  0  0  1  1  2 ] (0.00005218)
[  0  0  1  0  0  0  1  2  0 ] (0.00005115)
[  0  0  1  0  0  0  1  2  1 ] (0.00027667)
[  0  0  1  0  0  0  1  3  0 ] (0.04197367)
[  0  0  1  0  0  0  2  0  0 ] (0.00033203)
[  0  0  1  0  0  0  2  0  1 ] (0.00024457)
[  0  0  1  0  0  0  2  0  2 ] (0.00043246)
[  0  0  1  0  0  0  2  1  0 ] (0.00003019)
[  0  0  1  0  0  0  2  1  1 ] (0.00000469)
[  0  0  1  0  0  0  2  2  0 ] (0.00702928)
[  0  0  1  0  0  0  3  0  0 ] (0.00006600)
[  0  0  1  0  0  0  3  0  1 ] (0.00062245)
[  0  0  1  0  0  0  3  1  0 ] (0.00001230)
[  0  0  1  0  0  0  4  0  0 ] (0.00001274)
[  0  0  1  0  0  1  0  0  0 ] (0.00000012)
[  0  0  1  0  0  1  0  0  1 ] (0.00039358)
[  0  0  1  0  0  1  0  0  2 ] (0.00000027)
[  0  0  1  0  0  1  0  0  3 ] (0.00010045)
[  0  0  1  0  0  1  0  1  0 ] (0.00000574)
[  0  0  1  0  0  1  0  1  1 ] (0.00001192)
[  0  0  1  0  0  1  0  1  2 ] (0.00006211)
[  0  0  1  0  0  1  0  2  0 ] (0.00004101)
[  0  0  1  0  0  1  0  2  1 ] (0.00004996)
[  0  0  1  0  0  1  0  3  0 ] (0.00049082)
[  0  0  1  0  0  1  1  0  0 ] (0.00185118)
[  0  0  1  0  0  1  1  0  1 ] (0.01569643)
[  0  0  1  0  0  1  1  0  2 ] (0.00291220)
[  0  0  1  0  0  1  1  1  0 ] (0.00001188)
[  0  0  1  0  0  1  1  1  1 ] (0.00023357)
[  0  0  1  0  0  1  1  2  0 ] (0.00022357)
[  0  0  1  0  0  1  2  0  0 ] (0.00005005)
[  0  0  1  0  0  1  2  0  1 ] (0.00006750)
[  0  0  1  0  0  1  2  1  0 ] (0.00115835)
[  0  0  1  0  0  1  3  0  0 ] (0.00144495)
[  0  0  1  0  0  2  0  0  0 ] (0.00010040)
[  0  0  1  0  0  2  0  0  1 ] (0.00033584)
[  0  0  1  0  0  2  0  0  2 ] (0.00089931)
[  0  0  1  0  0  2  0  1  0 ] (0.00000733)
[  0  0  1  0  0  2  0  1  1 ] (0.00035971)
[  0  0  1  0  0  2  0  2  0 ] (0.00149650)
[  0  0  1  0  0  2  1  0  0 ] (0.00008740)
[  0  0  1  0  0  2  1  0  1 ] (0.00056000)
[  0  0  1  0  0  2  1  1  0 ] (0.00000868)
[  0  0  1  0  0  2  2  0  0 ] (0.00005206)
[  0  0  1  0  0  3  0  0  0 ] (0.00003897)
[  0  0  1  0  0  3  0  0  1 ] (0.00430816)
[  0  0  1  0  0  3  0  1  0 ] (0.00331904)
[  0  0  1  0  0  3  1  0  0 ] (0.00009930)
[  0  0  1  0  0  4  0  0  0 ] (0.00000087)
[  0  0  1  0  1  0  0  0  0 ] (0.00005462)
[  0  0  1  0  1  0  0  0  1 ] (0.00012983)
[  0  0  1  0  1  0  0  0  2 ] (0.01890414)
[  0  0  1  0  1  0  0  0  3 ] (0.00014850)
[  0  0  1  0  1  0  0  1  0 ] (0.00016807)
[  0  0  1  0  1  0  0  1  1 ] (0.01796480)
[  0  0  1  0  1  0  0  1  2 ] (0.00042917)
[  0  0  1  0  1  0  0  2  0 ] (0.00001584)
[  0  0  1  0  1  0  0  2  1 ] (0.00092338)
[  0  0  1  0  1  0  0  3  0 ] (0.01006249)
[  0  0  1  0  1  0  1  0  0 ] (0.00031524)
[  0  0  1  0  1  0  1  0  1 ] (0.01060856)
[  0  0  1  0  1  0  1  0  2 ] (0.00258927)
[  0  0  1  0  1  0  1  1  0 ] (0.00072568)
[  0  0  1  0  1  0  1  1  1 ] (0.00020117)
[  0  0  1  0  1  0  1  2  0 ] (0.00004306)
[  0  0  1  0  1  0  2  0  0 ] (0.00000582)
[  0  0  1  0  1  0  2  0  1 ] (0.00002518)
[  0  0  1  0  1  0  2  1  0 ] (0.00000048)
[  0  0  1  0  1  0  3  0  0 ] (0.00042289)
[  0  0  1  0  1  1  0  0  0 ] (0.00007586)
[  0  0  1  0  1  1  0  0  1 ] (0.00251435)
[  0  0  1  0  1  1  0  0  2 ] (0.00002706)
[  0  0  1  0  1  1  0  1  0 ] (0.00007349)
[  0  0  1  0  1  1  0  1  1 ] (0.00034041)
[  0  0  1  0  1  1  0  2  0 ] (0.00000296)
[  0  0  1  0  1  1  1  0  0 ] (0.00023652)
[  0  0  1  0  1  1  1  0  1 ] (0.00021534)
[  0  0  1  0  1  1  1  1  0 ] (0.00020509)
[  0  0  1  0  1  1  2  0  0 ] (0.00097432)
[  0  0  1  0  1  2  0  0  0 ] (0.00018477)
[  0  0  1  0  1  2  0  0  1 ] (0.00009199)
[  0  0  1  0  1  2  0  1  0 ] (0.00022600)
[  0  0  1  0  1  2  1  0  0 ] (0.00265795)
[  0  0  1  0  1  3  0  0  0 ] (0.00000063)
[  0  0  1  0  2  0  0  0  0 ] (0.00000166)
[  0  0  1  0  2  0  0  0  1 ] (0.00048298)
[  0  0  1  0  2  0  0  0  2 ] (0.00034898)
[  0  0  1  0  2  0  0  1  0 ] (0.00009395)
[  0  0  1  0  2  0  0  1  1 ] (0.00011940)
[  0  0  1  0  2  0  0  2  0 ] (0.00151959)
[  0  0  1  0  2  0  1  0  0 ] (0.00006305)
[  0  0  1  0  2  0  1  0  1 ] (0.00063130)
[  0  0  1  0  2  0  1  1  0 ] (0.00123233)
[  0  0  1  0  2  0  2  0  0 ] (0.00004773)
[  0  0  1  0  2  1  0  0  0 ] (0.00033046)
[  0  0  1  0  2  1  0  0  1 ] (0.00002546)
[  0  0  1  0  2  1  0  1  0 ] (0.00019382)
[  0  0  1  0  2  1  1  0  0 ] (0.00015287)
[  0  0  1  0  2  2  0  0  0 ] (0.00297504)
[  0  0  1  0  3  0  0  0  0 ] (0.00021542)
[  0  0  1  0  3  0  0  0  1 ] (0.00257695)
[  0  0  1  0  3  0  0  1  0 ] (0.00002333)
[  0  0  1  0  3  0  1  0  0 ] (0.00168628)
[  0  0  1  0  3  1  0  0  0 ] (0.00165764)
[  0  0  1  0  4  0  0  0  0 ] (0.00000060)
[  0  0  1  1  0  0  0  0  0 ] (0.00001761)
[  0  0  1  1  0  0  0  0  1 ] (0.00005183)
[  0  0  1  1  0  0  0  0  2 ] (0.00011042)
[  0  0  1  1  0  0  0  0  3 ] (0.00000048)
[  0  0  1  1  0  0  0  1  0 ] (0.00003612)
[  0  0  1  1  0  0  0  1  1 ] (0.00025667)
[  0  0  1  1  0  0  0  1  2 ] (0.00004055)
[  0  0  1  1  0  0  0  2  0 ] (0.00007638)
[  0  0  1  1  0  0  0  2  1 ] (0.00005091)
[  0  0  1  1  0  0  0  3  0 ] (0.01517505)
[  0  0  1  1  0  0  1  0  0 ] (0.00001258)
[  0  0  1  1  0  0  1  0  1 ] (0.00131195)
[  0  0  1  1  0  0  1  0  2 ] (0.00000529)
[  0  0  1  1  0  0  1  1  0 ] (0.00003747)
[  0  0  1  1  0  0  1  1  1 ] (0.00073078)
[  0  0  1  1  0  0  1  2  0 ] (0.00646657)
[  0  0  1  1  0  0  2  0  0 ] (0.00001193)
[  0  0  1  1  0  0  2  0  1 ] (0.00019388)
[  0  0  1  1  0  0  2  1  0 ] (0.00037056)
[  0  0  1  1  0  0  3  0  0 ] (0.00246358)
[  0  0  1  1  0  1  0  0  0 ] (0.00020671)
[  0  0  1  1  0  1  0  0  1 ] (0.00095390)
[  0  0  1  1  0  1  0  0  2 ] (0.00016453)
[  0  0  1  1  0  1  0  1  0 ] (0.00002269)
[  0  0  1  1  0  1  0  1  1 ] (0.00174533)
[  0  0  1  1  0  1  0  2  0 ] (0.00197986)
[  0  0  1  1  0  1  1  0  0 ] (0.00058053)
[  0  0  1  1  0  1  1  0  1 ] (0.00018884)
[  0  0  1  1  0  1  1  1  0 ] (0.00038861)
[  0  0  1  1  0  1  2  0  0 ] (0.00050776)
[  0  0  1  1  0  2  0  0  0 ] (0.00000873)
[  0  0  1  1  0  2  0  0  1 ] (0.00099594)
[  0  0  1  1  0  2  0  1  0 ] (0.00070999)
[  0  0  1  1  0  2  1  0  0 ] (0.00389684)
[  0  0  1  1  0  3  0  0  0 ] (0.00014968)
[  0  0  1  1  1  0  0  0  0 ] (0.00012992)
[  0  0  1  1  1  0  0  0  1 ] (0.00818167)
[  0  0  1  1  1  0  0  0  2 ] (0.00004128)
[  0  0  1  1  1  0  0  1  0 ] (0.00027953)
[  0  0  1  1  1  0  0  1  1 ] (0.00035345)
[  0  0  1  1  1  0  0  2  0 ] (0.00093234)
[  0  0  1  1  1  0  1  0  0 ] (0.00080863)
[  0  0  1  1  1  0  1  0  1 ] (0.00036740)
[  0  0  1  1  1  0  1  1  0 ] (0.00006076)
[  0  0  1  1  1  0  2  0  0 ] (0.00031083)
[  0  0  1  1  1  1  0  0  0 ] (0.00001120)
[  0  0  1  1  1  1  0  0  1 ] (0.00007117)
[  0  0  1  1  1  1  0  1  0 ] (0.00006650)
[  0  0  1  1  1  1  1  0  0 ] (0.00023057)
[  0  0  1  1  1  2  0  0  0 ] (0.00099520)
[  0  0  1  1  2  0  0  0  0 ] (0.00027316)
[  0  0  1  1  2  0  0  0  1 ] (0.00102763)
[  0  0  1  1  2  0  0  1  0 ] (0.00524861)
[  0  0  1  1  2  0  1  0  0 ] (0.00329260)
[  0  0  1  1  2  1  0  0  0 ] (0.00847062)
[  0  0  1  1  3  0  0  0  0 ] (0.00047068)
[  0  0  1  2  0  0  0  0  0 ] (0.00007226)
[  0  0  1  2  0  0  0  0  1 ] (0.00062859)
[  0  0  1  2  0  0  0  0  2 ] (0.00037683)
[  0  0  1  2  0  0  0  1  0 ] (0.00008813)
[  0  0  1  2  0  0  0  1  1 ] (0.00058672)
[  0  0  1  2  0  0  0  2  0 ] (0.00296997)
[  0  0  1  2  0  0  1  0  0 ] (0.00016049)
[  0  0  1  2  0  0  1  0  1 ] (0.00014840)
[  0  0  1  2  0  0  1  1  0 ] (0.00009268)
[  0  0  1  2  0  0  2  0  0 ] (0.00005170)
[  0  0  1  2  0  1  0  0  0 ] (0.00004371)
[  0  0  1  2  0  1  0  0  1 ] (0.00003786)
[  0  0  1  2  0  1  0  1  0 ] (0.00157755)
[  0  0  1  2  0  1  1  0  0 ] (0.00004263)
[  0  0  1  2  0  2  0  0  0 ] (0.00016809)
[  0  0  1  2  1  0  0  0  0 ] (0.00000358)
[  0  0  1  2  1  0  0  0  1 ] (0.00023708)
[  0  0  1  2  1  0  0  1  0 ] (0.00002306)
[  0  0  1  2  1  0  1  0  0 ] (0.00100370)
[  0  0  1  2  1  1  0  0  0 ] (0.00045656)
[  0  0  1  2  2  0  0  0  0 ] (0.00342812)
[  0  0  1  3  0  0  0  0  0 ] (0.00008088)
[  0  0  1  3  0  0  0  0  1 ] (0.01461736)
[  0  0  1  3  0  0  0  1  0 ] (0.00010493)
[  0  0  1  3  0  0  1  0  0 ] (0.00010382)
[  0  0  1  3  0  1  0  0  0 ] (0.00208615)
[  0  0  1  3  1  0  0  0  0 ] (0.00006751)
[  0  0  1  4  0  0  0  0  0 ] (0.00004431)
[  0  0  2  0  0  0  0  0  0 ] (0.00000260)
[  0  0  2  0  0  0  0  0  1 ] (0.00000082)
[  0  0  2  0  0  0  0  0  2 ] (0.00000183)
[  0  0  2  0  0  0  0  0  3 ] (0.00000288)
[  0  0  2  0  0  0  0  1  0 ] (0.00001318)
[  0  0  2  0  0  0  0  1  1 ] (0.00008794)
[  0  0  2  0  0  0  0  1  2 ] (0.00009590)
[  0  0  2  0  0  0  0  2  0 ] (0.00000293)
[  0  0  2  0  0  0  0  2  1 ] (0.00001861)
[  0  0  2  0  0  0  0  3  0 ] (0.00024795)
[  0  0  2  0  0  0  1  0  0 ] (0.00000002)
[  0  0  2  0  0  0  1  0  1 ] (0.00003186)
[  0  0  2  0  0  0  1  0  2 ] (0.00000449)
[  0  0  2  0  0  0  1  1  0 ] (0.00001018)
[  0  0  2  0  0  0  1  1  1 ] (0.00000773)
[  0  0  2  0  0  0  1  2  0 ] (0.00032496)
[  0  0  2  0  0  0  2  0  0 ] (0.00001220)
[  0  0  2  0  0  0  2  0  1 ] (0.00001332)
[  0  0  2  0  0  0  2  1  0 ] (0.00321757)
[  0  0  2  0  0  0  3  0  0 ] (0.00001340)
[  0  0  2  0  0  1  0  0  0 ] (0.00002124)
[  0  0  2  0  0  1  0  0  1 ] (0.00002970)
[  0  0  2  0  0  1  0  0  2 ] (0.00009266)
[  0  0  2  0  0  1  0  1  0 ] (0.00000001)
[  0  0  2  0  0  1  0  1  1 ] (0.00003314)
[  0  0  2  0  0  1  0  2  0 ] (0.00062618)
[  0  0  2  0  0  1  1  0  0 ] (0.00001174)
[  0  0  2  0  0  1  1  0  1 ] (0.00000081)
[  0  0  2  0  0  1  1  1  0 ] (0.00000346)
[  0  0  2  0  0  1  2  0  0 ] (0.00000490)
[  0  0  2  0  0  2  0  0  0 ] (0.00000043)
[  0  0  2  0  0  2  0  0  1 ] (0.00020291)
[  0  0  2  0  0  2  0  1  0 ] (0.00011810)
[  0  0  2  0  0  2  1  0  0 ] (0.00135878)
[  0  0  2  0  0  3  0  0  0 ] (0.00003284)
[  0  0  2  0  1  0  0  0  0 ] (0.00000269)
[  0  0  2  0  1  0  0  0  1 ] (0.00001420)
[  0  0  2  0  1  0  0  0  2 ] (0.00023976)
[  0  0  2  0  1  0  0  1  0 ] (0.00000069)
[  0  0  2  0  1  0  0  1  1 ] (0.00005234)
[  0  0  2  0  1  0  0  2  0 ] (0.00034371)
[  0  0  2  0  1  0  1  0  0 ] (0.00001568)
[  0  0  2  0  1  0  1  0  1 ] (0.00018556)
[  0  0  2  0  1  0  1  1  0 ] (0.00015034)
[  0  0  2  0  1  0  2  0  0 ] (0.00004079)
[  0  0  2  0  1  1  0  0  0 ] (0.00000754)
[  0  0  2  0  1  1  0  0  1 ] (0.00017496)
[  0  0  2  0  1  1  0  1  0 ] (0.00162050)
[  0  0  2  0  1  1  1  0  0 ] (0.00020594)
[  0  0  2  0  1  2  0  0  0 ] (0.00061141)
[  0  0  2  0  2  0  0  0  0 ] (0.00000760)
[  0  0  2  0  2  0  0  0  1 ] (0.00021243)
[  0  0  2  0  2  0  0  1  0 ] (0.00009831)
[  0  0  2  0  2  0  1  0  0 ] (0.00091038)
[  0  0  2  0  2  1  0  0  0 ] (0.00017255)
[  0  0  2  0  3  0  0  0  0 ] (0.00001316)
[  0  0  2  1  0  0  0  0  0 ] (0.00000284)
[  0  0  2  1  0  0  0  0  1 ] (0.00001099)
[  0  0  2  1  0  0  0  0  2 ] (0.00027584)
[  0  0  2  1  0  0  0  1  0 ] (0.00000197)
[  0  0  2  1  0  0  0  1  1 ] (0.00000900)
[  0  0  2  1  0  0  0  2  0 ] (0.00004952)
[  0  0  2  1  0  0  1  0  0 ] (0.00000773)
[  0  0  2  1  0  0  1  0  1 ] (0.00002102)
[  0  0  2  1  0  0  1  1  0 ] (0.00088841)
[  0  0  2  1  0  0  2  0  0 ] (0.00002031)
[  0  0  2  1  0  1  0  0  0 ] (0.00012333)
[  0  0  2  1  0  1  0  0  1 ] (0.00001769)
[  0  0  2  1  0  1  0  1  0 ] (0.00041145)
[  0  0  2  1  0  1  1  0  0 ] (0.00007594)
[  0  0  2  1  0  2  0  0  0 ] (0.00042730)
[  0  0  2  1  1  0  0  0  0 ] (0.00000369)
[  0  0  2  1  1  0  0  0  1 ] (0.00050323)
[  0  0  2  1  1  0  0  1  0 ] (0.00000316)
[  0  0  2  1  1  0  1  0  0 ] (0.00197217)
[  0  0  2  1  1  1  0  0  0 ] (0.00000019)
[  0  0  2  1  2  0  0  0  0 ] (0.00022447)
[  0  0  2  2  0  0  0  0  0 ] (0.00008339)
[  0  0  2  2  0  0  0  0  1 ] (0.00044623)
[  0  0  2  2  0  0  0  1  0 ] (0.00494943)
[  0  0  2  2  0  0  1  0  0 ] (0.00075951)
[  0  0  2  2  0  1  0  0  0 ] (0.00002120)
[  0  0  2  2  1  0  0  0  0 ] (0.00103771)
[  0  0  2  3  0  0  0  0  0 ] (0.00001582)
[  0  0  3  0  0  0  0  0  0 ] (0.00002621)
[  0  0  3  0  0  0  0  0  1 ] (0.00022840)
[  0  0  3  0  0  0  0  0  2 ] (0.00067941)
[  0  0  3  0  0  0  0  1  0 ] (0.00037675)
[  0  0  3  0  0  0  0  1  1 ] (0.00349032)
[  0  0  3  0  0  0  0  2  0 ] (0.00000066)
[  0  0  3  0  0  0  1  0  0 ] (0.00000046)
[  0  0  3  0  0  0  1  0  1 ] (0.00000215)
[  0  0  3  0  0  0  1  1  0 ] (0.00000700)
[  0  0  3  0  0  0  2  0  0 ] (0.00002798)
[  0  0  3  0  0  1  0  0  0 ] (0.00033726)
[  0  0  3  0  0  1  0  0  1 ] (0.00211048)
[  0  0  3  0  0  1  0  1  0 ] (0.00037679)
[  0  0  3  0  0  1  1  0  0 ] (0.00029203)
[  0  0  3  0  0  2  0  0  0 ] (0.00005597)
[  0  0  3  0  1  0  0  0  0 ] (0.00000697)
[  0  0  3  0  1  0  0  0  1 ] (0.00001951)
[  0  0  3  0  1  0  0  1  0 ] (0.00015162)
[  0  0  3  0  1  0  1  0  0 ] (0.00061217)
[  0  0  3  0  1  1  0  0  0 ] (0.00013510)
[  0  0  3  0  2  0  0  0  0 ] (0.00010281)
[  0  0  3  1  0  0  0  0  0 ] (0.00000909)
[  0  0  3  1  0  0  0  0  1 ] (0.00004062)
[  0  0  3  1  0  0  0  1  0 ] (0.00000025)
[  0  0  3  1  0  0  1  0  0 ] (0.00011374)
[  0  0  3  1  0  1  0  0  0 ] (0.00001114)
[  0  0  3  1  1  0  0  0  0 ] (0.00004764)
[  0  0  3  2  0  0  0  0  0 ] (0.00000364)
[  0  0  4  0  0  0  0  0  0 ] (0.00002315)
[  0  0  4  0  0  0  0  0  1 ] (0.00017915)
[  0  0  4  0  0  0  0  1  0 ] (0.00009945)
[  0  0  4  0  0  0  1  0  0 ] (0.00027917)
[  0  0  4  0  0  1  0  0  0 ] (0.00010857)
[  0  0  4  0  1  0  0  0  0 ] (0.00100962)
[  0  0  4  1  0  0  0  0  0 ] (0.00024950)
[  0  0  5  0  0  0  0  0  0 ] (0.00000537)
[  0  1  0  0  0  0  0  0  0 ] (0.00000098)
[  0  1  0  0  0  0  0  0  1 ] (0.00000003)
[  0  1  0  0  0  0  0  0  2 ] (0.00036817)
[  0  1  0  0  0  0  0  0  3 ] (0.00170992)
[  0  1  0  0  0  0  0  0  4 ] (0.00001173)
[  0  1  0  0  0  0  0  1  0 ] (0.00000945)
[  0  1  0  0  0  0  0  1  1 ] (0.00026149)
[  0  1  0  0  0  0  0  1  2 ] (0.00083037)
[  0  1  0  0  0  0  0  1  3 ] (0.00000903)
[  0  1  0  0  0  0  0  2  0 ] (0.00000230)
[  0  1  0  0  0  0  0  2  1 ] (0.00000041)
[  0  1  0  0  0  0  0  2  2 ] (0.00009624)
[  0  1  0  0  0  0  0  3  0 ] (0.00007624)
[  0  1  0  0  0  0  0  3  1 ] (0.00157093)
[  0  1  0  0  0  0  0  4  0 ] (0.00110282)
[  0  1  0  0  0  0  1  0  0 ] (0.00000250)
[  0  1  0  0  0  0  1  0  1 ] (0.00000568)
[  0  1  0  0  0  0  1  0  2 ] (0.00063981)
[  0  1  0  0  0  0  1  0  3 ] (0.00000592)
[  0  1  0  0  0  0  1  1  0 ] (0.00077046)
[  0  1  0  0  0  0  1  1  1 ] (0.00966391)
[  0  1  0  0  0  0  1  1  2 ] (0.00154959)
[  0  1  0  0  0  0  1  2  0 ] (0.00004392)
[  0  1  0  0  0  0  1  2  1 ] (0.00000001)
[  0  1  0  0  0  0  1  3  0 ] (0.00208736)
[  0  1  0  0  0  0  2  0  0 ] (0.00000061)
[  0  1  0  0  0  0  2  0  1 ] (0.00082854)
[  0  1  0  0  0  0  2  0  2 ] (0.00003767)
[  0  1  0  0  0  0  2  1  0 ] (0.00004898)
[  0  1  0  0  0  0  2  1  1 ] (0.00010888)
[  0  1  0  0  0  0  2  2  0 ] (0.00002983)
[  0  1  0  0  0  0  3  0  0 ] (0.00161731)
[  0  1  0  0  0  0  3  0  1 ] (0.03870320)
[  0  1  0  0  0  0  3  1  0 ] (0.00144137)
[  0  1  0  0  0  0  4  0  0 ] (0.00004549)
[  0  1  0  0  0  1  0  0  0 ] (0.00000000)
[  0  1  0  0  0  1  0  0  1 ] (0.00025476)
[  0  1  0  0  0  1  0  0  2 ] (0.00125112)
[  0  1  0  0  0  1  0  0  3 ] (0.00000011)
[  0  1  0  0  0  1  0  1  0 ] (0.00000433)
[  0  1  0  0  0  1  0  1  1 ] (0.00120574)
[  0  1  0  0  0  1  0  1  2 ] (0.00000184)
[  0  1  0  0  0  1  0  2  0 ] (0.00003959)
[  0  1  0  0  0  1  0  2  1 ] (0.00000627)
[  0  1  0  0  0  1  0  3  0 ] (0.00109946)
[  0  1  0  0  0  1  1  0  0 ] (0.00003481)
[  0  1  0  0  0  1  1  0  1 ] (0.00069037)
[  0  1  0  0  0  1  1  0  2 ] (0.00013282)
[  0  1  0  0  0  1  1  1  0 ] (0.00030690)
[  0  1  0  0  0  1  1  1  1 ] (0.00040946)
[  0  1  0  0  0  1  1  2  0 ] (0.00517442)
[  0  1  0  0  0  1  2  0  0 ] (0.00000574)
[  0  1  0  0  0  1  2  0  1 ] (0.00000229)
[  0  1  0  0  0  1  2  1  0 ] (0.00070493)
[  0  1  0  0  0  1  3  0  0 ] (0.00000013)
[  0  1  0  0  0  2  0  0  0 ] (0.00005880)
[  0  1  0  0  0  2  0  0  1 ] (0.00003417)
[  0  1  0  0  0  2  0  0  2 ] (0.00039775)
[  0  1  0  0  0  2  0  1  0 ] (0.00006014)
[  0  1  0  0  0  2  0  1  1 ] (0.00021263)
[  0  1  0  0  0  2  0  2  0 ] (0.00000963)
[  0  1  0  0  0  2  1  0  0 ] (0.00002128)
[  0  1  0  0  0  2  1  0  1 ] (0.00024123)
[  0  1  0  0  0  2  1  1  0 ] (0.00000704)
[  0  1  0  0  0  2  2  0  0 ] (0.00015293)
[  0  1  0  0  0  3  0  0  0 ] (0.00018362)
[  0  1  0  0  0  3  0  0  1 ] (0.01638930)
[  0  1  0  0  0  3  0  1  0 ] (0.00003433)
[  0  1  0  0  0  3  1  0  0 ] (0.00002527)
[  0  1  0  0  0  4  0  0  0 ] (0.00089832)
[  0  1  0  0  1  0  0  0  0 ] (0.00001075)
[  0  1  0  0  1  0  0  0  1 ] (0.00000020)
[  0  1  0  0  1  0  0  0  2 ] (0.00006979)
[  0  1  0  0  1  0  0  0  3 ] (0.00000011)
[  0  1  0  0  1  0  0  1  0 ] (0.00042165)
[  0  1  0  0  1  0  0  1  1 ] (0.01385830)
[  0  1  0  0  1  0  0  1  2 ] (0.00046313)
[  0  1  0  0  1  0  0  2  0 ] (0.00001716)
[  0  1  0  0  1  0  0  2  1 ] (0.00000481)
[  0  1  0  0  1  0  0  3  0 ] (0.00028470)
[  0  1  0  0  1  0  1  0  0 ] (0.00006359)
[  0  1  0  0  1  0  1  0  1 ] (0.00004881)
[  0  1  0  0  1  0  1  0  2 ] (0.00003114)
[  0  1  0  0  1  0  1  1  0 ] (0.00049362)
[  0  1  0  0  1  0  1  1  1 ] (0.00113254)
[  0  1  0  0  1  0  1  2  0 ] (0.00002417)
[  0  1  0  0  1  0  2  0  0 ] (0.00000220)
[  0  1  0  0  1  0  2  0  1 ] (0.00000007)
[  0  1  0  0  1  0  2  1  0 ] (0.00004904)
[  0  1  0  0  1  0  3  0  0 ] (0.00010004)
[  0  1  0  0  1  1  0  0  0 ] (0.00003559)
[  0  1  0  0  1  1  0  0  1 ] (0.00018693)
[  0  1  0  0  1  1  0  0  2 ] (0.00000985)
[  0  1  0  0  1  1  0  1  0 ] (0.00000323)
[  0  1  0  0  1  1  0  1  1 ] (0.00007168)
[  0  1  0  0  1  1  0  2  0 ] (0.00177017)
[  0  1  0  0  1  1  1  0  0 ] (0.00002059)
[  0  1  0  0  1  1  1  0  1 ] (0.00006320)
[  0  1  0  0  1  1  1  1  0 ] (0.00041324)
[  0  1  0  0  1  1  2  0  0 ] (0.00064409)
[  0  1  0  0  1  2  0  0  0 ] (0.00003389)
[  0  1  0  0  1  2  0  0  1 ] (0.00004389)
[  0  1  0  0  1  2  0  1  0 ] (0.00086927)
[  0  1  0  0  1  2  1  0  0 ] (0.00014523)
[  0  1  0  0  1  3  0  0  0 ] (0.00051418)
[  0  1  0  0  2  0  0  0  0 ] (0.00002070)
[  0  1  0  0  2  0  0  0  1 ] (0.00007539)
[  0  1  0  0  2  0  0  0  2 ] (0.00014926)
[  0  1  0  0  2  0  0  1  0 ] (0.00016536)
[  0  1  0  0  2  0  0  1  1 ] (0.00020790)
[  0  1  0  0  2  0  0  2  0 ] (0.00001032)
[  0  1  0  0  2  0  1  0  0 ] (0.00005550)
[  0  1  0  0  2  0  1  0  1 ] (0.00053548)
[  0  1  0  0  2  0  1  1  0 ] (0.00012277)
[  0  1  0  0  2  0  2  0  0 ] (0.00026942)
[  0  1  0  0  2  1  0  0  0 ] (0.00002679)
[  0  1  0  0  2  1  0  0  1 ] (0.00009834)
[  0  1  0  0  2  1  0  1  0 ] (0.00313385)
[  0  1  0  0  2  1  1  0  0 ] (0.00015072)
[  0  1  0  0  2  2  0  0  0 ] (0.00000251)
[  0  1  0  0  3  0  0  0  0 ] (0.00001453)
[  0  1  0  0  3  0  0  0  1 ] (0.00207115)
[  0  1  0  0  3  0  0  1  0 ] (0.00001060)
[  0  1  0  0  3  0  1  0  0 ] (0.00006317)
[  0  1  0  0  3  1  0  0  0 ] (0.00004711)
[  0  1  0  0  4  0  0  0  0 ] (0.00004141)
[  0  1  0  1  0  0  0  0  0 ] (0.00007460)
[  0  1  0  1  0  0  0  0  1 ] (0.00048834)
[  0  1  0  1  0  0  0  0  2 ] (0.00027406)
[  0  1  0  1  0  0  0  0  3 ] (0.00004868)
[  0  1  0  1  0  0  0  1  0 ] (0.00006274)
[  0  1  0  1  0  0  0  1  1 ] (0.00150318)
[  0  1  0  1  0  0  0  1  2 ] (0.00000661)
[  0  1  0  1  0  0  0  2  0 ] (0.00006760)
[  0  1  0  1  0  0  0  2  1 ] (0.00012336)
[  0  1  0  1  0  0  0  3  0 ] (0.00019265)
[  0  1  0  1  0  0  1  0  0 ] (0.00027334)
[  0  1  0  1  0  0  1  0  1 ] (0.00044168)
[  0  1  0  1  0  0  1  0  2 ] (0.00036662)
[  0  1  0  1  0  0  1  1  0 ] (0.00008059)
[  0  1  0  1  0  0  1  1  1 ] (0.00039433)
[  0  1  0  1  0  0  1  2  0 ] (0.00016713)
[  0  1  0  1  0  0  2  0  0 ] (0.00005374)
[  0  1  0  1  0  0  2  0  1 ] (0.00016564)
[  0  1  0  1  0  0  2  1  0 ] (0.00003369)
[  0  1  0  1  0  0  3  0  0 ] (0.00043896)
[  0  1  0  1  0  1  0  0  0 ] (0.00008350)
[  0  1  0  1  0  1  0  0  1 ] (0.00124876)
[  0  1  0  1  0  1  0  0  2 ] (0.00011218)
[  0  1  0  1  0  1  0  1  0 ] (0.00022793)
[  0  1  0  1  0  1  0  1  1 ] (0.00011607)
[  0  1  0  1  0  1  0  2  0 ] (0.00729116)
[  0  1  0  1  0  1  1  0  0 ] (0.00008679)
[  0  1  0  1  0  1  1  0  1 ] (0.00001423)
[  0  1  0  1  0  1  1  1  0 ] (0.00036107)
[  0  1  0  1  0  1  2  0  0 ] (0.00013344)
[  0  1  0  1  0  2  0  0  0 ] (0.00007300)
[  0  1  0  1  0  2  0  0  1 ] (0.00010833)
[  0  1  0  1  0  2  0  1  0 ] (0.00038474)
[  0  1  0  1  0  2  1  0  0 ] (0.00285026)
[  0  1  0  1  0  3  0  0  0 ] (0.00193081)
[  0  1  0  1  1  0  0  0  0 ] (0.00001237)
[  0  1  0  1  1  0  0  0  1 ] (0.00041278)
[  0  1  0  1  1  0  0  0  2 ] (0.00012133)
[  0  1  0  1  1  0  0  1  0 ] (0.00032274)
[  0  1  0  1  1  0  0  1  1 ] (0.00000304)
[  0  1  0  1  1  0  0  2  0 ] (0.00068562)
[  0  1  0  1  1  0  1  0  0 ] (0.00005730)
[  0  1  0  1  1  0  1  0  1 ] (0.00088844)
[  0  1  0  1  1  0  1  1  0 ] (0.00015146)
[  0  1  0  1  1  0  2  0  0 ] (0.00026204)
[  0  1  0  1  1  1  0  0  0 ] (0.00007774)
[  0  1  0  1  1  1  0  0  1 ] (0.00013273)
[  0  1  0  1  1  1  0  1  0 ] (0.00030732)
[  0  1  0  1  1  1  1  0  0 ] (0.00012868)
[  0  1  0  1  1  2  0  0  0 ] (0.00033113)
[  0  1  0  1  2  0  0  0  0 ] (0.00028533)
[  0  1  0  1  2  0  0  0  1 ] (0.00065737)
[  0  1  0  1  2  0  0  1  0 ] (0.00360780)
[  0  1  0  1  2  0  1  0  0 ] (0.00000125)
[  0  1  0  1  2  1  0  0  0 ] (0.00000626)
[  0  1  0  1  3  0  0  0  0 ] (0.00000360)
[  0  1  0  2  0  0  0  0  0 ] (0.00000652)
[  0  1  0  2  0  0  0  0  1 ] (0.00013409)
[  0  1  0  2  0  0  0  0  2 ] (0.00014781)
[  0  1  0  2  0  0  0  1  0 ] (0.00017020)
[  0  1  0  2  0  0  0  1  1 ] (0.00014671)
[  0  1  0  2  0  0  0  2  0 ] (0.00162734)
[  0  1  0  2  0  0  1  0  0 ] (0.00015124)
[  0  1  0  2  0  0  1  0  1 ] (0.00001026)
[  0  1  0  2  0  0  1  1  0 ] (0.00179719)
[  0  1  0  2  0  0  2  0  0 ] (0.00074818)
[  0  1  0  2  0  1  0  0  0 ] (0.00010501)
[  0  1  0  2  0  1  0  0  1 ] (0.00099492)
[  0  1  0  2  0  1  0  1  0 ] (0.00017757)
[  0  1  0  2  0  1  1  0  0 ] (0.00394423)
[  0  1  0  2  0  2  0  0  0 ] (0.00324199)
[  0  1  0  2  1  0  0  0  0 ] (0.00001274)
[  0  1  0  2  1  0  0  0  1 ] (0.00143725)
[  0  1  0  2  1  0  0  1  0 ] (0.00000430)
[  0  1  0  2  1  0  1  0  0 ] (0.00049068)
[  0  1  0  2  1  1  0  0  0 ] (0.00125223)
[  0  1  0  2  2  0  0  0  0 ] (0.00027829)
[  0  1  0  3  0  0  0  0  0 ] (0.00001219)
[  0  1  0  3  0  0  0  0  1 ] (0.00293431)
[  0  1  0  3  0  0  0  1  0 ] (0.00000692)
[  0  1  0  3  0  0  1  0  0 ] (0.00089827)
[  0  1  0  3  0  1  0  0  0 ] (0.00199513)
[  0  1  0  3  1  0  0  0  0 ] (0.00008973)
[  0  1  0  4  0  0  0  0  0 ] (0.00017902)
[  0  1  1  0  0  0  0  0  0 ] (0.00000010)
[  0  1  1  0  0  0  0  0  1 ] (0.00000307)
[  0  1  1  0  0  0  0  0  2 ] (0.00002646)
[  0  1  1  0  0  0  0  0  3 ] (0.00004354)
[  0  1  1  0  0  0  0  1  0 ] (0.00000009)
[  0  1  1  0  0  0  0  1  1 ] (0.00000069)
[  0  1  1  0  0  0  0  1  2 ] (0.00003210)
[  0  1  1  0  0  0  0  2  0 ] (0.00000400)
[  0  1  1  0  0  0  0  2  1 ] (0.00000728)
[  0  1  1  0  0  0  0  3  0 ] (0.00000178)
[  0  1  1  0  0  0  1  0  0 ] (0.00001660)
[  0  1  1  0  0  0  1  0  1 ] (0.00009028)
[  0  1  1  0  0  0  1  0  2 ] (0.00003239)
[  0  1  1  0  0  0  1  1  0 ] (0.00000606)
[  0  1  1  0  0  0  1  1  1 ] (0.00001448)
[  0  1  1  0  0  0  1  2  0 ] (0.00006903)
[  0  1  1  0  0  0  2  0  0 ] (0.00011330)
[  0  1  1  0  0  0  2  0  1 ] (0.00037544)
[  0  1  1  0  0  0  2  1  0 ] (0.00000894)
[  0  1  1  0  0  0  3  0  0 ] (0.00000051)
[  0  1  1  0  0  1  0  0  0 ] (0.00000316)
[  0  1  1  0  0  1  0  0  1 ] (0.00000041)
[  0  1  1  0  0  1  0  0  2 ] (0.00000070)
[  0  1  1  0  0  1  0  1  0 ] (0.00002274)
[  0  1  1  0  0  1  0  1  1 ] (0.00010031)
[  0  1  1  0  0  1  0  2  0 ] (0.00010618)
[  0  1  1  0  0  1  1  0  0 ] (0.00000002)
[  0  1  1  0  0  1  1  0  1 ] (0.00002042)
[  0  1  1  0  0  1  1  1  0 ] (0.00002848)
[  0  1  1  0  0  1  2  0  0 ] (0.00101497)
[  0  1  1  0  0  2  0  0  0 ] (0.00006198)
[  0  1  1  0  0  2  0  0  1 ] (0.00051478)
[  0  1  1  0  0  2  0  1  0 ] (0.00001154)
[  0  1  1  0  0  2  1  0  0 ] (0.00212215)
[  0  1  1  0  0  3  0  0  0 ] (0.00000088)
[  0  1  1  0  1  0  0  0  0 ] (0.00000038)
[  0  1  1  0  1  0  0  0  1 ] (0.00000000)
[  0  1  1  0  1  0  0  0  2 ] (0.00002305)
[  0  1  1  0  1  0  0  1  0 ] (0.00000221)
[  0  1  1  0  1  0  0  1  1 ] (0.00000904)
[  0  1  1  0  1  0  0  2  0 ] (0.00003804)
[  0  1  1  0  1  0  1  0  0 ] (0.00000702)
[  0  1  1  0  1  0  1  0  1 ] (0.00011549)
[  0  1  1  0  1  0  1  1  0 ] (0.00028376)
[  0  1  1  0  1  0  2  0  0 ] (0.00006074)
[  0  1  1  0  1  1  0  0  0 ] (0.00002239)
[  0  1  1  0  1  1  0  0  1 ] (0.00007498)
[  0  1  1  0  1  1  0  1  0 ] (0.00000288)
[  0  1  1  0  1  1  1  0  0 ] (0.00000367)
[  0  1  1  0  1  2  0  0  0 ] (0.00100843)
[  0  1  1  0  2  0  0  0  0 ] (0.00001982)
[  0  1  1  0  2  0  0  0  1 ] (0.00006319)
[  0  1  1  0  2  0  0  1  0 ] (0.00013127)
[  0  1  1  0  2  0  1  0  0 ] (0.00032594)
[  0  1  1  0  2  1  0  0  0 ] (0.00005166)
[  0  1  1  0  3  0  0  0  0 ] (0.00000072)
[  0  1  1  1  0  0  0  0  0 ] (0.00000012)
[  0  1  1  1  0  0  0  0  1 ] (0.00006464)
[  0  1  1  1  0  0  0  0  2 ] (0.00003302)
[  0  1  1  1  0  0  0  1  0 ] (0.00008834)
[  0  1  1  1  0  0  0  1  1 ] (0.00000013)
[  0  1  1  1  0  0  0  2  0 ] (0.00000921)
[  0  1  1  1  0  0  1  0  0 ] (0.00005874)
[  0  1  1  1  0  0  1  0  1 ] (0.00015318)
[  0  1  1  1  0  0  1  1  0 ] (0.00024091)
[  0  1  1  1  0  0  2  0  0 ] (0.00002051)
[  0  1  1  1  0  1  0  0  0 ] (0.00000605)
[  0  1  1  1  0  1  0  0  1 ] (0.00003328)
[  0  1  1  1  0  1  0  1  0 ] (0.00018745)
[  0  1  1  1  0  1  1  0  0 ] (0.00014470)
[  0  1  1  1  0  2  0  0  0 ] (0.00016977)
[  0  1  1  1  1  0  0  0  0 ] (0.00002172)
[  0  1  1  1  1  0  0  0  1 ] (0.00085826)
[  0  1  1  1  1  0  0  1  0 ] (0.00030145)
[  0  1  1  1  1  0  1  0  0 ] (0.00038357)
[  0  1  1  1  1  1  0  0  0 ] (0.00037404)
[  0  1  1  1  2  0  0  0  0 ] (0.00003521)
[  0  1  1  2  0  0  0  0  0 ] (0.00000071)
[  0  1  1  2  0  0  0  0  1 ] (0.00142853)
[  0  1  1  2  0  0  0  1  0 ] (0.00068464)
[  0  1  1  2  0  0  1  0  0 ] (0.00009684)
[  0  1  1  2  0  1  0  0  0 ] (0.00009366)
[  0  1  1  2  1  0  0  0  0 ] (0.00000733)
[  0  1  1  3  0  0  0  0  0 ] (0.00000945)
[  0  1  2  0  0  0  0  0  0 ] (0.00011388)
[  0  1  2  0  0  0  0  0  1 ] (0.00029079)
[  0  1  2  0  0  0  0  0  2 ] (0.00016846)
[  0  1  2  0  0  0  0  1  0 ] (0.00029623)
[  0  1  2  0  0  0  0  1  1 ] (0.00238916)
[  0  1  2  0  0  0  0  2  0 ] (0.00005683)
[  0  1  2  0  0  0  1  0  0 ] (0.00007328)
[  0  1  2  0  0  0  1  0  1 ] (0.00456000)
[  0  1  2  0  0  0  1  1  0 ] (0.00038620)
[  0  1  2  0  0  0  2  0  0 ] (0.00002012)
[  0  1  2  0  0  1  0  0  0 ] (0.00006292)
[  0  1  2  0  0  1  0  0  1 ] (0.00027005)
[  0  1  2  0  0  1  0  1  0 ] (0.00072410)
[  0  1  2  0  0  1  1  0  0 ] (0.00290847)
[  0  1  2  0  0  2  0  0  0 ] (0.00053467)
[  0  1  2  0  1  0  0  0  0 ] (0.00020394)
[  0  1  2  0  1  0  0  0  1 ] (0.00000345)
[  0  1  2  0  1  0  0  1  0 ] (0.00194992)
[  0  1  2  0  1  0  1  0  0 ] (0.00529866)
[  0  1  2  0  1  1  0  0  0 ] (0.00234781)
[  0  1  2  0  2  0  0  0  0 ] (0.00008236)
[  0  1  2  1  0  0  0  0  0 ] (0.00015192)
[  0  1  2  1  0  0  0  0  1 ] (0.00001589)
[  0  1  2  1  0  0  0  1  0 ] (0.00038538)
[  0  1  2  1  0  0  1  0  0 ] (0.00726643)
[  0  1  2  1  0  1  0  0  0 ] (0.01698690)
[  0  1  2  1  1  0  0  0  0 ] (0.00167544)
[  0  1  2  2  0  0  0  0  0 ] (0.00002803)
[  0  1  3  0  0  0  0  0  0 ] (0.00011288)
[  0  1  3  0  0  0  0  0  1 ] (0.00046680)
[  0  1  3  0  0  0  0  1  0 ] (0.00006485)
[  0  1  3  0  0  0  1  0  0 ] (0.00014843)
[  0  1  3  0  0  1  0  0  0 ] (0.00020064)
[  0  1  3  0  1  0  0  0  0 ] (0.00000792)
[  0  1  3  1  0  0  0  0  0 ] (0.00000243)
[  0  1  4  0  0  0  0  0  0 ] (0.00004055)
[  0  2  0  0  0  0  0  0  0 ] (0.00000262)
[  0  2  0  0  0  0  0  0  1 ] (0.00000003)
[  0  2  0  0  0  0  0  0  2 ] (0.00006689)
[  0  2  0  0  0  0  0  0  3 ] (0.00011195)
[  0  2  0  0  0  0  0  1  0 ] (0.00000246)
[  0  2  0  0  0  0  0  1  1 ] (0.00004254)
[  0  2  0  0  0  0  0  1  2 ] (0.00005020)
[  0  2  0  0  0  0  0  2  0 ] (0.00000000)
[  0  2  0  0  0  0  0  2  1 ] (0.00000005)
[  0  2  0  0  0  0  0  3  0 ] (0.00001343)
[  0  2  0  0  0  0  1  0  0 ] (0.00000135)
[  0  2  0  0  0  0  1  0  1 ] (0.00001456)
[  0  2  0  0  0  0  1  0  2 ] (0.00014263)
[  0  2  0  0  0  0  1  1  0 ] (0.00000240)
[  0  2  0  0  0  0  1  1  1 ] (0.00005004)
[  0  2  0  0  0  0  1  2  0 ] (0.00003340)
[  0  2  0  0  0  0  2  0  0 ] (0.00000584)
[  0  2  0  0  0  0  2  0  1 ] (0.00000523)
[  0  2  0  0  0  0  2  1  0 ] (0.00001213)
[  0  2  0  0  0  0  3  0  0 ] (0.00001765)
[  0  2  0  0  0  1  0  0  0 ] (0.00000329)
[  0  2  0  0  0  1  0  0  1 ] (0.00000877)
[  0  2  0  0  0  1  0  0  2 ] (0.00005910)
[  0  2  0  0  0  1  0  1  0 ] (0.00000018)
[  0  2  0  0  0  1  0  1  1 ] (0.00021168)
[  0  2  0  0  0  1  0  2  0 ] (0.00000364)
[  0  2  0  0  0  1  1  0  0 ] (0.00000085)
[  0  2  0  0  0  1  1  0  1 ] (0.00000474)
[  0  2  0  0  0  1  1  1  0 ] (0.00019198)
[  0  2  0  0  0  1  2  0  0 ] (0.00032247)
[  0  2  0  0  0  2  0  0  0 ] (0.00009301)
[  0  2  0  0  0  2  0  0  1 ] (0.00039780)
[  0  2  0  0  0  2  0  1  0 ] (0.00004692)
[  0  2  0  0  0  2  1  0  0 ] (0.00023190)
[  0  2  0  0  0  3  0  0  0 ] (0.00004269)
[  0  2  0  0  1  0  0  0  0 ] (0.00000010)
[  0  2  0  0  1  0  0  0  1 ] (0.00000330)
[  0  2  0  0  1  0  0  0  2 ] (0.00019743)
[  0  2  0  0  1  0  0  1  0 ] (0.00000226)
[  0  2  0  0  1  0  0  1  1 ] (0.00000098)
[  0  2  0  0  1  0  0  2  0 ] (0.00000001)
[  0  2  0  0  1  0  1  0  0 ] (0.00000025)
[  0  2  0  0  1  0  1  0  1 ] (0.00009648)
[  0  2  0  0  1  0  1  1  0 ] (0.00000967)
[  0  2  0  0  1  0  2  0  0 ] (0.00015988)
[  0  2  0  0  1  1  0  0  0 ] (0.00000385)
[  0  2  0  0  1  1  0  0  1 ] (0.00001952)
[  0  2  0  0  1  1  0  1  0 ] (0.00012039)
[  0  2  0  0  1  1  1  0  0 ] (0.00062264)
[  0  2  0  0  1  2  0  0  0 ] (0.00000022)
[  0  2  0  0  2  0  0  0  0 ] (0.00003629)
[  0  2  0  0  2  0  0  0  1 ] (0.00040206)
[  0  2  0  0  2  0  0  1  0 ] (0.00000368)
[  0  2  0  0  2  0  1  0  0 ] (0.00000129)
[  0  2  0  0  2  1  0  0  0 ] (0.00001422)
[  0  2  0  0  3  0  0  0  0 ] (0.00000791)
[  0  2  0  1  0  0  0  0  0 ] (0.00000185)
[  0  2  0  1  0  0  0  0  1 ] (0.00001758)
[  0  2  0  1  0  0  0  0  2 ] (0.00000147)
[  0  2  0  1  0  0  0  1  0 ] (0.00000081)
[  0  2  0  1  0  0  0  1  1 ] (0.00016385)
[  0  2  0  1  0  0  0  2  0 ] (0.00005345)
[  0  2  0  1  0  0  1  0  0 ] (0.00005414)
[  0  2  0  1  0  0  1  0  1 ] (0.00108028)
[  0  2  0  1  0  0  1  1  0 ] (0.00054860)
[  0  2  0  1  0  0  2  0  0 ] (0.00010398)
[  0  2  0  1  0  1  0  0  0 ] (0.00001156)
[  0  2  0  1  0  1  0  0  1 ] (0.00000876)
[  0  2  0  1  0  1  0  1  0 ] (0.00000163)
[  0  2  0  1  0  1  1  0  0 ] (0.00040457)
[  0  2  0  1  0  2  0  0  0 ] (0.00000277)
[  0  2  0  1  1  0  0  0  0 ] (0.00000055)
[  0  2  0  1  1  0  0  0  1 ] (0.00062127)
[  0  2  0  1  1  0  0  1  0 ] (0.00000070)
[  0  2  0  1  1  0  1  0  0 ] (0.00012204)
[  0  2  0  1  1  1  0  0  0 ] (0.00002175)
[  0  2  0  1  2  0  0  0  0 ] (0.00014756)
[  0  2  0  2  0  0  0  0  0 ] (0.00000812)
[  0  2  0  2  0  0  0  0  1 ] (0.00005166)
[  0  2  0  2  0  0  0  1  0 ] (0.00015613)
[  0  2  0  2  0  0  1  0  0 ] (0.00000997)
[  0  2  0  2  0  1  0  0  0 ] (0.00000019)
[  0  2  0  2  1  0  0  0  0 ] (0.00031132)
[  0  2  0  3  0  0  0  0  0 ] (0.00001628)
[  0  2  1  0  0  0  0  0  0 ] (0.00001061)
[  0  2  1  0  0  0  0  0  1 ] (0.00051630)
[  0  2  1  0  0  0  0  0  2 ] (0.00024391)
[  0  2  1  0  0  0  0  1  0 ] (0.00037777)
[  0  2  1  0  0  0  0  1  1 ] (0.00784053)
[  0  2  1  0  0  0  0  2  0 ] (0.00016354)
[  0  2  1  0  0  0  1  0  0 ] (0.00009657)
[  0  2  1  0  0  0  1  0  1 ] (0.00024702)
[  0  2  1  0  0  0  1  1  0 ] (0.00022620)
[  0  2  1  0  0  0  2  0  0 ] (0.00010958)
[  0  2  1  0  0  1  0  0  0 ] (0.00006630)
[  0  2  1  0  0  1  0  0  1 ] (0.00045968)
[  0  2  1  0  0  1  0  1  0 ] (0.00000739)
[  0  2  1  0  0  1  1  0  0 ] (0.00073795)
[  0  2  1  0  0  2  0  0  0 ] (0.00001398)
[  0  2  1  0  1  0  0  0  0 ] (0.00006601)
[  0  2  1  0  1  0  0  0  1 ] (0.00069533)
[  0  2  1  0  1  0  0  1  0 ] (0.00015544)
[  0  2  1  0  1  0  1  0  0 ] (0.00217857)
[  0  2  1  0  1  1  0  0  0 ] (0.00113043)
[  0  2  1  0  2  0  0  0  0 ] (0.00000730)
[  0  2  1  1  0  0  0  0  0 ] (0.00011337)
[  0  2  1  1  0  0  0  0  1 ] (0.00762454)
[  0  2  1  1  0  0  0  1  0 ] (0.00004139)
[  0  2  1  1  0  0  1  0  0 ] (0.00272954)
[  0  2  1  1  0  1  0  0  0 ] (0.01077349)
[  0  2  1  1  1  0  0  0  0 ] (0.00070530)
[  0  2  1  2  0  0  0  0  0 ] (0.00003029)
[  0  2  2  0  0  0  0  0  0 ] (0.00013666)
[  0  2  2  0  0  0  0  0  1 ] (0.00057772)
[  0  2  2  0  0  0  0  1  0 ] (0.00000763)
[  0  2  2  0  0  0  1  0  0 ] (0.00005728)
[  0  2  2  0  0  1  0  0  0 ] (0.00008692)
[  0  2  2  0  1  0  0  0  0 ] (0.00000013)
[  0  2  2  1  0  0  0  0  0 ] (0.00000316)
[  0  2  3  0  0  0  0  0  0 ] (0.00001209)
[  0  3  0  0  0  0  0  0  0 ] (0.00000478)
[  0  3  0  0  0  0  0  0  1 ] (0.00003987)
[  0  3  0  0  0  0  0  0  2 ] (0.00012846)
[  0  3  0  0  0  0  0  1  0 ] (0.00001943)
[  0  3  0  0  0  0  0  1  1 ] (0.00017295)
[  0  3  0  0  0  0  0  2  0 ] (0.00000001)
[  0  3  0  0  0  0  1  0  0 ] (0.00009043)
[  0  3  0  0  0  0  1  0  1 ] (0.00027124)
[  0  3  0  0  0  0  1  1  0 ] (0.00001451)
[  0  3  0  0  0  0  2  0  0 ] (0.00006914)
[  0  3  0  0  0  1  0  0  0 ] (0.00000669)
[  0  3  0  0  0  1  0  0  1 ] (0.00003176)
[  0  3  0  0  0  1  0  1  0 ] (0.00000611)
[  0  3  0  0  0  1  1  0  0 ] (0.00004243)
[  0  3  0  0  0  2  0  0  0 ] (0.00000000)
[  0  3  0  0  1  0  0  0  0 ] (0.00001032)
[  0  3  0  0  1  0  0  0  1 ] (0.00006556)
[  0  3  0  0  1  0  0  1  0 ] (0.00000105)
[  0  3  0  0  1  0  1  0  0 ] (0.00002008)
[  0  3  0  0  1  1  0  0  0 ] (0.00000119)
[  0  3  0  0  2  0  0  0  0 ] (0.00000033)
[  0  3  0  1  0  0  0  0  0 ] (0.00004860)
[  0  3  0  1  0  0  0  0  1 ] (0.00023569)
[  0  3  0  1  0  0  0  1  0 ] (0.00002812)
[  0  3  0  1  0  0  1  0  0 ] (0.00023678)
[  0  3  0  1  0  1  0  0  0 ] (0.00002453)
[  0  3  0  1  1  0  0  0  0 ] (0.00000581)
[  0  3  0  2  0  0  0  0  0 ] (0.00002745)
[  0  3  1  0  0  0  0  0  0 ] (0.00003828)
[  0  3  1  0  0  0  0  0  1 ] (0.00028371)
[  0  3  1  0  0  0  0  1  0 ] (0.00001028)
[  0  3  1  0  0  0  1  0  0 ] (0.00002884)
[  0  3  1  0  0  1  0  0  0 ] (0.00013161)
[  0  3  1  0  1  0  0  0  0 ] (0.00000281)
[  0  3  1  1  0  0  0  0  0 ] (0.00011827)
[  0  3  2  0  0  0  0  0  0 ] (0.00002642)
[  0  4  0  0  0  0  0  0  0 ] (0.00001060)
[  0  4  0  0  0  0  0  0  1 ] (0.00013252)
[  0  4  0  0  0  0  0  1  0 ] (0.00044367)
[  0  4  0  0  0  0  1  0  0 ] (0.00011178)
[  0  4  0  0  0  1  0  0  0 ] (0.00000007)
[  0  4  0  0  1  0  0  0  0 ] (0.00009327)
[  0  4  0  1  0  0  0  0  0 ] (0.00008038)
[  0  4  1  0  0  0  0  0  0 ] (0.00000034)
[  0  5  0  0  0  0  0  0  0 ] (0.00001502)
[  1  0  0  0  0  0  0  0  0 ] (0.00000000)
[  1  0  0  0  0  0  0  0  1 ] (0.00000080)
[  1  0  0  0  0  0  0  0  2 ] (0.00024430)
[  1  0  0  0  0  0  0  0  3 ] (0.00211784)
[  1  0  0  0  0  0  0  0  4 ] (0.00000370)
[  1  0  0  0  0  0  0  1  0 ] (0.00003085)
[  1  0  0  0  0  0  0  1  1 ] (0.00056848)
[  1  0  0  0  0  0  0  1  2 ] (0.00212939)
[  1  0  0  0  0  0  0  1  3 ] (0.00011670)
[  1  0  0  0  0  0  0  2  0 ] (0.00008356)
[  1  0  0  0  0  0  0  2  1 ] (0.00023126)
[  1  0  0  0  0  0  0  2  2 ] (0.00006443)
[  1  0  0  0  0  0  0  3  0 ] (0.00036604)
[  1  0  0  0  0  0  0  3  1 ] (0.00238130)
[  1  0  0  0  0  0  0  4  0 ] (0.00159705)
[  1  0  0  0  0  0  1  0  0 ] (0.00005424)
[  1  0  0  0  0  0  1  0  1 ] (0.00116846)
[  1  0  0  0  0  0  1  0  2 ] (0.00370692)
[  1  0  0  0  0  0  1  0  3 ] (0.00002802)
[  1  0  0  0  0  0  1  1  0 ] (0.00025461)
[  1  0  0  0  0  0  1  1  1 ] (0.00422190)
[  1  0  0  0  0  0  1  1  2 ] (0.00002919)
[  1  0  0  0  0  0  1  2  0 ] (0.00000119)
[  1  0  0  0  0  0  1  2  1 ] (0.00033115)
[  1  0  0  0  0  0  1  3  0 ] (0.00532907)
[  1  0  0  0  0  0  2  0  0 ] (0.00003513)
[  1  0  0  0  0  0  2  0  1 ] (0.00029442)
[  1  0  0  0  0  0  2  0  2 ] (0.00007489)
[  1  0  0  0  0  0  2  1  0 ] (0.00000865)
[  1  0  0  0  0  0  2  1  1 ] (0.00005773)
[  1  0  0  0  0  0  2  2  0 ] (0.00058005)
[  1  0  0  0  0  0  3  0  0 ] (0.00040855)
[  1  0  0  0  0  0  3  0  1 ] (0.02030771)
[  1  0  0  0  0  0  3  1  0 ] (0.00001848)
[  1  0  0  0  0  0  4  0  0 ] (0.00209423)
[  1  0  0  0  0  1  0  0  0 ] (0.00000405)
[  1  0  0  0  0  1  0  0  1 ] (0.00032917)
[  1  0  0  0  0  1  0  0  2 ] (0.00079474)
[  1  0  0  0  0  1  0  0  3 ] (0.00000497)
[  1  0  0  0  0  1  0  1  0 ] (0.00003247)
[  1  0  0  0  0  1  0  1  1 ] (0.00234791)
[  1  0  0  0  0  1  0  1  2 ] (0.00000840)
[  1  0  0  0  0  1  0  2  0 ] (0.00028046)
[  1  0  0  0  0  1  0  2  1 ] (0.00001375)
[  1  0  0  0  0  1  0  3  0 ] (0.00042888)
[  1  0  0  0  0  1  1  0  0 ] (0.00040083)
[  1  0  0  0  0  1  1  0  1 ] (0.00508112)
[  1  0  0  0  0  1  1  0  2 ] (0.00026393)
[  1  0  0  0  0  1  1  1  0 ] (0.00007014)
[  1  0  0  0  0  1  1  1  1 ] (0.00055708)
[  1  0  0  0  0  1  1  2  0 ] (0.00042379)
[  1  0  0  0  0  1  2  0  0 ] (0.00009517)
[  1  0  0  0  0  1  2  0  1 ] (0.00003245)
[  1  0  0  0  0  1  2  1  0 ] (0.00211487)
[  1  0  0  0  0  1  3  0  0 ] (0.00115966)
[  1  0  0  0  0  2  0  0  0 ] (0.00000634)
[  1  0  0  0  0  2  0  0  1 ] (0.00000631)
[  1  0  0  0  0  2  0  0  2 ] (0.00008525)
[  1  0  0  0  0  2  0  1  0 ] (0.00002536)
[  1  0  0  0  0  2  0  1  1 ] (0.00001847)
[  1  0  0  0  0  2  0  2  0 ] (0.00066959)
[  1  0  0  0  0  2  1  0  0 ] (0.00000818)
[  1  0  0  0  0  2  1  0  1 ] (0.00072086)
[  1  0  0  0  0  2  1  1  0 ] (0.00179953)
[  1  0  0  0  0  2  2  0  0 ] (0.00006565)
[  1  0  0  0  0  3  0  0  0 ] (0.00058384)
[  1  0  0  0  0  3  0  0  1 ] (0.02814791)
[  1  0  0  0  0  3  0  1  0 ] (0.00002592)
[  1  0  0  0  0  3  1  0  0 ] (0.00000046)
[  1  0  0  0  0  4  0  0  0 ] (0.00000380)
[  1  0  0  0  1  0  0  0  0 ] (0.00005139)
[  1  0  0  0  1  0  0  0  1 ] (0.00029755)
[  1  0  0  0  1  0  0  0  2 ] (0.00227955)
[  1  0  0  0  1  0  0  0  3 ] (0.00008842)
[  1  0  0  0  1  0  0  1  0 ] (0.00019303)
[  1  0  0  0  1  0  0  1  1 ] (0.00144149)
[  1  0  0  0  1  0  0  1  2 ] (0.00259724)
[  1  0  0  0  1  0  0  2  0 ] (0.00001121)
[  1  0  0  0  1  0  0  2  1 ] (0.00069935)
[  1  0  0  0  1  0  0  3  0 ] (0.00171530)
[  1  0  0  0  1  0  1  0  0 ] (0.00012356)
[  1  0  0  0  1  0  1  0  1 ] (0.00340372)
[  1  0  0  0  1  0  1  0  2 ] (0.00001483)
[  1  0  0  0  1  0  1  1  0 ] (0.00008066)
[  1  0  0  0  1  0  1  1  1 ] (0.00000816)
[  1  0  0  0  1  0  1  2  0 ] (0.00106471)
[  1  0  0  0  1  0  2  0  0 ] (0.00003618)
[  1  0  0  0  1  0  2  0  1 ] (0.00087871)
[  1  0  0  0  1  0  2  1  0 ] (0.00115196)
[  1  0  0  0  1  0  3  0  0 ] (0.00057693)
[  1  0  0  0  1  1  0  0  0 ] (0.00001142)
[  1  0  0  0  1  1  0  0  1 ] (0.00000500)
[  1  0  0  0  1  1  0  0  2 ] (0.00000070)
[  1  0  0  0  1  1  0  1  0 ] (0.00006475)
[  1  0  0  0  1  1  0  1  1 ] (0.00000401)
[  1  0  0  0  1  1  0  2  0 ] (0.00912472)
[  1  0  0  0  1  1  1  0  0 ] (0.00000314)
[  1  0  0  0  1  1  1  0  1 ] (0.00000067)
[  1  0  0  0  1  1  1  1  0 ] (0.00065697)
[  1  0  0  0  1  1  2  0  0 ] (0.00120043)
[  1  0  0  0  1  2  0  0  0 ] (0.00014166)
[  1  0  0  0  1  2  0  0  1 ] (0.00025819)
[  1  0  0  0  1  2  0  1  0 ] (0.00005036)
[  1  0  0  0  1  2  1  0  0 ] (0.00955723)
[  1  0  0  0  1  3  0  0  0 ] (0.00058694)
[  1  0  0  0  2  0  0  0  0 ] (0.00011515)
[  1  0  0  0  2  0  0  0  1 ] (0.00099074)
[  1  0  0  0  2  0  0  0  2 ] (0.00002035)
[  1  0  0  0  2  0  0  1  0 ] (0.00000256)
[  1  0  0  0  2  0  0  1  1 ] (0.00000690)
[  1  0  0  0  2  0  0  2  0 ] (0.00005775)
[  1  0  0  0  2  0  1  0  0 ] (0.00011617)
[  1  0  0  0  2  0  1  0  1 ] (0.00039592)
[  1  0  0  0  2  0  1  1  0 ] (0.00037085)
[  1  0  0  0  2  0  2  0  0 ] (0.00030485)
[  1  0  0  0  2  1  0  0  0 ] (0.00021138)
[  1  0  0  0  2  1  0  0  1 ] (0.00050440)
[  1  0  0  0  2  1  0  1  0 ] (0.00941381)
[  1  0  0  0  2  1  1  0  0 ] (0.00033972)
[  1  0  0  0  2  2  0  0  0 ] (0.00001287)
[  1  0  0  0  3  0  0  0  0 ] (0.00004309)
[  1  0  0  0  3  0  0  0  1 ] (0.00121416)
[  1  0  0  0  3  0  0  1  0 ] (0.00003499)
[  1  0  0  0  3  0  1  0  0 ] (0.00073383)
[  1  0  0  0  3  1  0  0  0 ] (0.00016571)
[  1  0  0  0  4  0  0  0  0 ] (0.00003844)
[  1  0  0  1  0  0  0  0  0 ] (0.00002650)
[  1  0  0  1  0  0  0  0  1 ] (0.00000010)
[  1  0  0  1  0  0  0  0  2 ] (0.00014587)
[  1  0  0  1  0  0  0  0  3 ] (0.00021922)
[  1  0  0  1  0  0  0  1  0 ] (0.00008576)
[  1  0  0  1  0  0  0  1  1 ] (0.00000590)
[  1  0  0  1  0  0  0  1  2 ] (0.00012485)
[  1  0  0  1  0  0  0  2  0 ] (0.00001006)
[  1  0  0  1  0  0  0  2  1 ] (0.00007469)
[  1  0  0  1  0  0  0  3  0 ] (0.00032259)
[  1  0  0  1  0  0  1  0  0 ] (0.00025197)
[  1  0  0  1  0  0  1  0  1 ] (0.00017638)
[  1  0  0  1  0  0  1  0  2 ] (0.00002364)
[  1  0  0  1  0  0  1  1  0 ] (0.00012275)
[  1  0  0  1  0  0  1  1  1 ] (0.00002355)
[  1  0  0  1  0  0  1  2  0 ] (0.00228957)
[  1  0  0  1  0  0  2  0  0 ] (0.00009175)
[  1  0  0  1  0  0  2  0  1 ] (0.00023845)
[  1  0  0  1  0  0  2  1  0 ] (0.00042646)
[  1  0  0  1  0  0  3  0  0 ] (0.00155690)
[  1  0  0  1  0  1  0  0  0 ] (0.00015375)
[  1  0  0  1  0  1  0  0  1 ] (0.00055161)
[  1  0  0  1  0  1  0  0  2 ] (0.00011323)
[  1  0  0  1  0  1  0  1  0 ] (0.00000176)
[  1  0  0  1  0  1  0  1  1 ] (0.00029582)
[  1  0  0  1  0  1  0  2  0 ] (0.00318813)
[  1  0  0  1  0  1  1  0  0 ] (0.00014252)
[  1  0  0  1  0  1  1  0  1 ] (0.00023596)
[  1  0  0  1  0  1  1  1  0 ] (0.00014137)
[  1  0  0  1  0  1  2  0  0 ] (0.00071410)
[  1  0  0  1  0  2  0  0  0 ] (0.00006542)
[  1  0  0  1  0  2  0  0  1 ] (0.00047957)
[  1  0  0  1  0  2  0  1  0 ] (0.00994375)
[  1  0  0  1  0  2  1  0  0 ] (0.00282847)
[  1  0  0  1  0  3  0  0  0 ] (0.00011805)
[  1  0  0  1  1  0  0  0  0 ] (0.00001559)
[  1  0  0  1  1  0  0  0  1 ] (0.00075872)
[  1  0  0  1  1  0  0  0  2 ] (0.00004414)
[  1  0  0  1  1  0  0  1  0 ] (0.00008904)
[  1  0  0  1  1  0  0  1  1 ] (0.00001218)
[  1  0  0  1  1  0  0  2  0 ] (0.00019805)
[  1  0  0  1  1  0  1  0  0 ] (0.00030276)
[  1  0  0  1  1  0  1  0  1 ] (0.00015480)
[  1  0  0  1  1  0  1  1  0 ] (0.00008484)
[  1  0  0  1  1  0  2  0  0 ] (0.00033810)
[  1  0  0  1  1  1  0  0  0 ] (0.00000026)
[  1  0  0  1  1  1  0  0  1 ] (0.00000835)
[  1  0  0  1  1  1  0  1  0 ] (0.00058042)
[  1  0  0  1  1  1  1  0  0 ] (0.00000843)
[  1  0  0  1  1  2  0  0  0 ] (0.00077409)
[  1  0  0  1  2  0  0  0  0 ] (0.00021389)
[  1  0  0  1  2  0  0  0  1 ] (0.00069770)
[  1  0  0  1  2  0  0  1  0 ] (0.00529283)
[  1  0  0  1  2  0  1  0  0 ] (0.00005426)
[  1  0  0  1  2  1  0  0  0 ] (0.00013578)
[  1  0  0  1  3  0  0  0  0 ] (0.00016270)
[  1  0  0  2  0  0  0  0  0 ] (0.00000572)
[  1  0  0  2  0  0  0  0  1 ] (0.00000116)
[  1  0  0  2  0  0  0  0  2 ] (0.00003681)
[  1  0  0  2  0  0  0  1  0 ] (0.00000002)
[  1  0  0  2  0  0  0  1  1 ] (0.00054259)
[  1  0  0  2  0  0  0  2  0 ] (0.00204509)
[  1  0  0  2  0  0  1  0  0 ] (0.00008036)
[  1  0  0  2  0  0  1  0  1 ] (0.00024910)
[  1  0  0  2  0  0  1  1  0 ] (0.00056418)
[  1  0  0  2  0  0  2  0  0 ] (0.00027353)
[  1  0  0  2  0  1  0  0  0 ] (0.00008606)
[  1  0  0  2  0  1  0  0  1 ] (0.00060772)
[  1  0  0  2  0  1  0  1  0 ] (0.00005596)
[  1  0  0  2  0  1  1  0  0 ] (0.00000100)
[  1  0  0  2  0  2  0  0  0 ] (0.00020414)
[  1  0  0  2  1  0  0  0  0 ] (0.00022838)
[  1  0  0  2  1  0  0  0  1 ] (0.00019520)
[  1  0  0  2  1  0  0  1  0 ] (0.00025778)
[  1  0  0  2  1  0  1  0  0 ] (0.00039050)
[  1  0  0  2  1  1  0  0  0 ] (0.00201913)
[  1  0  0  2  2  0  0  0  0 ] (0.00005037)
[  1  0  0  3  0  0  0  0  0 ] (0.00010888)
[  1  0  0  3  0  0  0  0  1 ] (0.00099067)
[  1  0  0  3  0  0  0  1  0 ] (0.00004724)
[  1  0  0  3  0  0  1  0  0 ] (0.00010923)
[  1  0  0  3  0  1  0  0  0 ] (0.00000383)
[  1  0  0  3  1  0  0  0  0 ] (0.00001200)
[  1  0  0  4  0  0  0  0  0 ] (0.00000530)
[  1  0  1  0  0  0  0  0  0 ] (0.00000224)
[  1  0  1  0  0  0  0  0  1 ] (0.00000039)
[  1  0  1  0  0  0  0  0  2 ] (0.00005037)
[  1  0  1  0  0  0  0  0  3 ] (0.00007575)
[  1  0  1  0  0  0  0  1  0 ] (0.00000130)
[  1  0  1  0  0  0  0  1  1 ] (0.00002206)
[  1  0  1  0  0  0  0  1  2 ] (0.00000400)
[  1  0  1  0  0  0  0  2  0 ] (0.00000443)
[  1  0  1  0  0  0  0  2  1 ] (0.00000010)
[  1  0  1  0  0  0  0  3  0 ] (0.00002051)
[  1  0  1  0  0  0  1  0  0 ] (0.00000110)
[  1  0  1  0  0  0  1  0  1 ] (0.00000011)
[  1  0  1  0  0  0  1  0  2 ] (0.00006588)
[  1  0  1  0  0  0  1  1  0 ] (0.00000197)
[  1  0  1  0  0  0  1  1  1 ] (0.00000148)
[  1  0  1  0  0  0  1  2  0 ] (0.00014175)
[  1  0  1  0  0  0  2  0  0 ] (0.00000149)
[  1  0  1  0  0  0  2  0  1 ] (0.00020236)
[  1  0  1  0  0  0  2  1  0 ] (0.00003082)
[  1  0  1  0  0  0  3  0  0 ] (0.00001736)
[  1  0  1  0  0  1  0  0  0 ] (0.00003267)
[  1  0  1  0  0  1  0  0  1 ] (0.00012931)
[  1  0  1  0  0  1  0  0  2 ] (0.00045340)
[  1  0  1  0  0  1  0  1  0 ] (0.00002192)
[  1  0  1  0  0  1  0  1  1 ] (0.00005791)
[  1  0  1  0  0  1  0  2  0 ] (0.00073369)
[  1  0  1  0  0  1  1  0  0 ] (0.00004136)
[  1  0  1  0  0  1  1  0  1 ] (0.00000273)
[  1  0  1  0  0  1  1  1  0 ] (0.00010542)
[  1  0  1  0  0  1  2  0  0 ] (0.00000453)
[  1  0  1  0  0  2  0  0  0 ] (0.00000025)
[  1  0  1  0  0  2  0  0  1 ] (0.00003091)
[  1  0  1  0  0  2  0  1  0 ] (0.00003703)
[  1  0  1  0  0  2  1  0  0 ] (0.00028767)
[  1  0  1  0  0  3  0  0  0 ] (0.00005001)
[  1  0  1  0  1  0  0  0  0 ] (0.00000000)
[  1  0  1  0  1  0  0  0  1 ] (0.00007910)
[  1  0  1  0  1  0  0  0  2 ] (0.00007990)
[  1  0  1  0  1  0  0  1  0 ] (0.00003459)
[  1  0  1  0  1  0  0  1  1 ] (0.00000439)
[  1  0  1  0  1  0  0  2  0 ] (0.00002875)
[  1  0  1  0  1  0  1  0  0 ] (0.00006419)
[  1  0  1  0  1  0  1  0  1 ] (0.00000425)
[  1  0  1  0  1  0  1  1  0 ] (0.00009332)
[  1  0  1  0  1  0  2  0  0 ] (0.00020589)
[  1  0  1  0  1  1  0  0  0 ] (0.00006077)
[  1  0  1  0  1  1  0  0  1 ] (0.00001216)
[  1  0  1  0  1  1  0  1  0 ] (0.00005145)
[  1  0  1  0  1  1  1  0  0 ] (0.00021302)
[  1  0  1  0  1  2  0  0  0 ] (0.00009018)
[  1  0  1  0  2  0  0  0  0 ] (0.00000605)
[  1  0  1  0  2  0  0  0  1 ] (0.00016549)
[  1  0  1  0  2  0  0  1  0 ] (0.00002268)
[  1  0  1  0  2  0  1  0  0 ] (0.00106039)
[  1  0  1  0  2  1  0  0  0 ] (0.00027350)
[  1  0  1  0  3  0  0  0  0 ] (0.00000467)
[  1  0  1  1  0  0  0  0  0 ] (0.00000005)
[  1  0  1  1  0  0  0  0  1 ] (0.00003539)
[  1  0  1  1  0  0  0  0  2 ] (0.00023463)
[  1  0  1  1  0  0  0  1  0 ] (0.00004327)
[  1  0  1  1  0  0  0  1  1 ] (0.00020575)
[  1  0  1  1  0  0  0  2  0 ] (0.00018707)
[  1  0  1  1  0  0  1  0  0 ] (0.00002108)
[  1  0  1  1  0  0  1  0  1 ] (0.00000599)
[  1  0  1  1  0  0  1  1  0 ] (0.00000007)
[  1  0  1  1  0  0  2  0  0 ] (0.00012953)
[  1  0  1  1  0  1  0  0  0 ] (0.00000582)
[  1  0  1  1  0  1  0  0  1 ] (0.00000062)
[  1  0  1  1  0  1  0  1  0 ] (0.00082315)
[  1  0  1  1  0  1  1  0  0 ] (0.00026138)
[  1  0  1  1  0  2  0  0  0 ] (0.00001381)
[  1  0  1  1  1  0  0  0  0 ] (0.00000445)
[  1  0  1  1  1  0  0  0  1 ] (0.00002856)
[  1  0  1  1  1  0  0  1  0 ] (0.00032829)
[  1  0  1  1  1  0  1  0  0 ] (0.00006944)
[  1  0  1  1  1  1  0  0  0 ] (0.00078042)
[  1  0  1  1  2  0  0  0  0 ] (0.00004204)
[  1  0  1  2  0  0  0  0  0 ] (0.00008516)
[  1  0  1  2  0  0  0  0  1 ] (0.00131586)
[  1  0  1  2  0  0  0  1  0 ] (0.00194771)
[  1  0  1  2  0  0  1  0  0 ] (0.00002232)
[  1  0  1  2  0  1  0  0  0 ] (0.00001346)
[  1  0  1  2  1  0  0  0  0 ] (0.00051227)
[  1  0  1  3  0  0  0  0  0 ] (0.00000031)
[  1  0  2  0  0  0  0  0  0 ] (0.00011196)
[  1  0  2  0  0  0  0  0  1 ] (0.00033927)
[  1  0  2  0  0  0  0  0  2 ] (0.00107300)
[  1  0  2  0  0  0  0  1  0 ] (0.00002670)
[  1  0  2  0  0  0  0  1  1 ] (0.00307449)
[  1  0  2  0  0  0  0  2  0 ] (0.00015102)
[  1  0  2  0  0  0  1  0  0 ] (0.00005683)
[  1  0  2  0  0  0  1  0  1 ] (0.00003467)
[  1  0  2  0  0  0  1  1  0 ] (0.00010020)
[  1  0  2  0  0  0  2  0  0 ] (0.00123011)
[  1  0  2  0  0  1  0  0  0 ] (0.00007212)
[  1  0  2  0  0  1  0  0  1 ] (0.00052531)
[  1  0  2  0  0  1  0  1  0 ] (0.00126537)
[  1  0  2  0  0  1  1  0  0 ] (0.00061461)
[  1  0  2  0  0  2  0  0  0 ] (0.00070015)
[  1  0  2  0  1  0  0  0  0 ] (0.00010813)
[  1  0  2  0  1  0  0  0  1 ] (0.00027981)
[  1  0  2  0  1  0  0  1  0 ] (0.00728598)
[  1  0  2  0  1  0  1  0  0 ] (0.00320255)
[  1  0  2  0  1  1  0  0  0 ] (0.00018362)
[  1  0  2  0  2  0  0  0  0 ] (0.00063641)
[  1  0  2  1  0  0  0  0  0 ] (0.00009525)
[  1  0  2  1  0  0  0  0  1 ] (0.00593493)
[  1  0  2  1  0  0  0  1  0 ] (0.00000413)
[  1  0  2  1  0  0  1  0  0 ] (0.00569776)
[  1  0  2  1  0  1  0  0  0 ] (0.00011726)
[  1  0  2  1  1  0  0  0  0 ] (0.00007602)
[  1  0  2  2  0  0  0  0  0 ] (0.00000036)
[  1  0  3  0  0  0  0  0  0 ] (0.00002892)
[  1  0  3  0  0  0  0  0  1 ] (0.00008971)
[  1  0  3  0  0  0  0  1  0 ] (0.00004364)
[  1  0  3  0  0  0  1  0  0 ] (0.00010651)
[  1  0  3  0  0  1  0  0  0 ] (0.00009003)
[  1  0  3  0  1  0  0  0  0 ] (0.00002561)
[  1  0  3  1  0  0  0  0  0 ] (0.00000690)
[  1  0  4  0  0  0  0  0  0 ] (0.00000273)
[  1  1  0  0  0  0  0  0  0 ] (0.00000536)
[  1  1  0  0  0  0  0  0  1 ] (0.00000537)
[  1  1  0  0  0  0  0  0  2 ] (0.00000593)
[  1  1  0  0  0  0  0  0  3 ] (0.00001376)
[  1  1  0  0  0  0  0  1  0 ] (0.00000041)
[  1  1  0  0  0  0  0  1  1 ] (0.00000157)
[  1  1  0  0  0  0  0  1  2 ] (0.00009228)
[  1  1  0  0  0  0  0  2  0 ] (0.00000213)
[  1  1  0  0  0  0  0  2  1 ] (0.00020123)
[  1  1  0  0  0  0  0  3  0 ] (0.00000353)
[  1  1  0  0  0  0  1  0  0 ] (0.00000518)
[  1  1  0  0  0  0  1  0  1 ] (0.00002439)
[  1  1  0  0  0  0  1  0  2 ] (0.00014110)
[  1  1  0  0  0  0  1  1  0 ] (0.00000007)
[  1  1  0  0  0  0  1  1  1 ] (0.00021131)
[  1  1  0  0  0  0  1  2  0 ] (0.00032741)
[  1  1  0  0  0  0  2  0  0 ] (0.00000000)
[  1  1  0  0  0  0  2  0  1 ] (0.00000139)
[  1  1  0  0  0  0  2  1  0 ] (0.00000064)
[  1  1  0  0  0  0  3  0  0 ] (0.00001155)
[  1  1  0  0  0  1  0  0  0 ] (0.00000164)
[  1  1  0  0  0  1  0  0  1 ] (0.00001163)
[  1  1  0  0  0  1  0  0  2 ] (0.00008957)
[  1  1  0  0  0  1  0  1  0 ] (0.00000001)
[  1  1  0  0  0  1  0  1  1 ] (0.00001685)
[  1  1  0  0  0  1  0  2  0 ] (0.00006166)
[  1  1  0  0  0  1  1  0  0 ] (0.00000081)
[  1  1  0  0  0  1  1  0  1 ] (0.00005418)
[  1  1  0  0  0  1  1  1  0 ] (0.00001962)
[  1  1  0  0  0  1  2  0  0 ] (0.00007659)
[  1  1  0  0  0  2  0  0  0 ] (0.00002132)
[  1  1  0  0  0  2  0  0  1 ] (0.00009159)
[  1  1  0  0  0  2  0  1  0 ] (0.00000027)
[  1  1  0  0  0  2  1  0  0 ] (0.00275742)
[  1  1  0  0  0  3  0  0  0 ] (0.00006628)
[  1  1  0  0  1  0  0  0  0 ] (0.00000334)
[  1  1  0  0  1  0  0  0  1 ] (0.00003060)
[  1  1  0  0  1  0  0  0  2 ] (0.00011726)
[  1  1  0  0  1  0  0  1  0 ] (0.00001380)
[  1  1  0  0  1  0  0  1  1 ] (0.00021019)
[  1  1  0  0  1  0  0  2  0 ] (0.00000558)
[  1  1  0  0  1  0  1  0  0 ] (0.00001832)
[  1  1  0  0  1  0  1  0  1 ] (0.00002459)
[  1  1  0  0  1  0  1  1  0 ] (0.00001494)
[  1  1  0  0  1  0  2  0  0 ] (0.00002521)
[  1  1  0  0  1  1  0  0  0 ] (0.00000228)
[  1  1  0  0  1  1  0  0  1 ] (0.00012740)
[  1  1  0  0  1  1  0  1  0 ] (0.00056887)
[  1  1  0  0  1  1  1  0  0 ] (0.00001220)
[  1  1  0  0  1  2  0  0  0 ] (0.00013457)
[  1  1  0  0  2  0  0  0  0 ] (0.00000032)
[  1  1  0  0  2  0  0  0  1 ] (0.00014965)
[  1  1  0  0  2  0  0  1  0 ] (0.00000036)
[  1  1  0  0  2  0  1  0  0 ] (0.00000331)
[  1  1  0  0  2  1  0  0  0 ] (0.00006409)
[  1  1  0  0  3  0  0  0  0 ] (0.00000638)
[  1  1  0  1  0  0  0  0  0 ] (0.00000405)
[  1  1  0  1  0  0  0  0  1 ] (0.00000498)
[  1  1  0  1  0  0  0  0  2 ] (0.00101166)
[  1  1  0  1  0  0  0  1  0 ] (0.00001432)
[  1  1  0  1  0  0  0  1  1 ] (0.00119722)
[  1  1  0  1  0  0  0  2  0 ] (0.00012545)
[  1  1  0  1  0  0  1  0  0 ] (0.00001026)
[  1  1  0  1  0  0  1  0  1 ] (0.00050499)
[  1  1  0  1  0  0  1  1  0 ] (0.00090305)
[  1  1  0  1  0  0  2  0  0 ] (0.00001526)
[  1  1  0  1  0  1  0  0  0 ] (0.00001015)
[  1  1  0  1  0  1  0  0  1 ] (0.00039449)
[  1  1  0  1  0  1  0  1  0 ] (0.00035955)
[  1  1  0  1  0  1  1  0  0 ] (0.00013084)
[  1  1  0  1  0  2  0  0  0 ] (0.00011640)
[  1  1  0  1  1  0  0  0  0 ] (0.00000172)
[  1  1  0  1  1  0  0  0  1 ] (0.00015033)
[  1  1  0  1  1  0  0  1  0 ] (0.00010897)
[  1  1  0  1  1  0  1  0  0 ] (0.00019038)
[  1  1  0  1  1  1  0  0  0 ] (0.00000550)
[  1  1  0  1  2  0  0  0  0 ] (0.00009911)
[  1  1  0  2  0  0  0  0  0 ] (0.00001434)
[  1  1  0  2  0  0  0  0  1 ] (0.00019478)
[  1  1  0  2  0  0  0  1  0 ] (0.00026283)
[  1  1  0  2  0  0  1  0  0 ] (0.00011728)
[  1  1  0  2  0  1  0  0  0 ] (0.00000162)
[  1  1  0  2  1  0  0  0  0 ] (0.00005350)
[  1  1  0  3  0  0  0  0  0 ] (0.00000805)
[  1  1  1  0  0  0  0  0  0 ] (0.00000038)
[  1  1  1  0  0  0  0  0  1 ] (0.00002028)
[  1  1  1  0  0  0  0  0  2 ] (0.00002146)
[  1  1  1  0  0  0  0  1  0 ] (0.00004502)
[  1  1  1  0  0  0  0  1  1 ] (0.00045667)
[  1  1  1  0  0  0  0  2  0 ] (0.00001027)
[  1  1  1  0  0  0  1  0  0 ] (0.00004022)
[  1  1  1  0  0  0  1  0  1 ] (0.00027023)
[  1  1  1  0  0  0  1  1  0 ] (0.00190353)
[  1  1  1  0  0  0  2  0  0 ] (0.00000095)
[  1  1  1  0  0  1  0  0  0 ] (0.00008187)
[  1  1  1  0  0  1  0  0  1 ] (0.00039989)
[  1  1  1  0  0  1  0  1  0 ] (0.00013636)
[  1  1  1  0  0  1  1  0  0 ] (0.00124000)
[  1  1  1  0  0  2  0  0  0 ] (0.00044302)
[  1  1  1  0  1  0  0  0  0 ] (0.00020091)
[  1  1  1  0  1  0  0  0  1 ] (0.00000144)
[  1  1  1  0  1  0  0  1  0 ] (0.00159997)
[  1  1  1  0  1  0  1  0  0 ] (0.00000020)
[  1  1  1  0  1  1  0  0  0 ] (0.00139371)
[  1  1  1  0  2  0  0  0  0 ] (0.00009180)
[  1  1  1  1  0  0  0  0  0 ] (0.00000209)
[  1  1  1  1  0  0  0  0  1 ] (0.00079137)
[  1  1  1  1  0  0  0  1  0 ] (0.00258033)
[  1  1  1  1  0  0  1  0  0 ] (0.00026392)
[  1  1  1  1  0  1  0  0  0 ] (0.00515954)
[  1  1  1  1  1  0  0  0  0 ] (0.00032836)
[  1  1  1  2  0  0  0  0  0 ] (0.00000480)
[  1  1  2  0  0  0  0  0  0 ] (0.00010463)
[  1  1  2  0  0  0  0  0  1 ] (0.00016013)
[  1  1  2  0  0  0  0  1  0 ] (0.00000492)
[  1  1  2  0  0  0  1  0  0 ] (0.00005526)
[  1  1  2  0  0  1  0  0  0 ] (0.00000007)
[  1  1  2  0  1  0  0  0  0 ] (0.00001044)
[  1  1  2  1  0  0  0  0  0 ] (0.00003920)
[  1  1  3  0  0  0  0  0  0 ] (0.00000950)
[  1  2  0  0  0  0  0  0  0 ] (0.00000302)
[  1  2  0  0  0  0  0  0  1 ] (0.00001520)
[  1  2  0  0  0  0  0  0  2 ] (0.00005807)
[  1  2  0  0  0  0  0  1  0 ] (0.00016532)
[  1  2  0  0  0  0  0  1  1 ] (0.00240622)
[  1  2  0  0  0  0  0  2  0 ] (0.00011832)
[  1  2  0  0  0  0  1  0  0 ] (0.00003341)
[  1  2  0  0  0  0  1  0  1 ] (0.00014772)
[  1  2  0  0  0  0  1  1  0 ] (0.00049516)
[  1  2  0  0  0  0  2  0  0 ] (0.00001310)
[  1  2  0  0  0  1  0  0  0 ] (0.00000309)
[  1  2  0  0  0  1  0  0  1 ] (0.00029515)
[  1  2  0  0  0  1  0  1  0 ] (0.00004740)
[  1  2  0  0  0  1  1  0  0 ] (0.00021270)
[  1  2  0  0  0  2  0  0  0 ] (0.00007426)
[  1  2  0  0  1  0  0  0  0 ] (0.00042749)
[  1  2  0  0  1  0  0  0  1 ] (0.00183259)
[  1  2  0  0  1  0  0  1  0 ] (0.00272411)
[  1  2  0  0  1  0  1  0  0 ] (0.00033546)
[  1  2  0  0  1  1  0  0  0 ] (0.00024542)
[  1  2  0  0  2  0  0  0  0 ] (0.00000174)
[  1  2  0  1  0  0  0  0  0 ] (0.00069903)
[  1  2  0  1  0  0  0  0  1 ] (0.00085031)
[  1  2  0  1  0  0  0  1  0 ] (0.00029244)
[  1  2  0  1  0  0  1  0  0 ] (0.00155838)
[  1  2  0  1  0  1  0  0  0 ] (0.00010936)
[  1  2  0  1  1  0  0  0  0 ] (0.00003418)
[  1  2  0  2  0  0  0  0  0 ] (0.00007469)
[  1  2  1  0  0  0  0  0  0 ] (0.00045854)
[  1  2  1  0  0  0  0  0  1 ] (0.00136455)
[  1  2  1  0  0  0  0  1  0 ] (0.00000025)
[  1  2  1  0  0  0  1  0  0 ] (0.00003653)
[  1  2  1  0  0  1  0  0  0 ] (0.00020971)
[  1  2  1  0  1  0  0  0  0 ] (0.00000221)
[  1  2  1  1  0  0  0  0  0 ] (0.00013311)
[  1  2  2  0  0  0  0  0  0 ] (0.00013312)
[  1  3  0  0  0  0  0  0  0 ] (0.00001674)
[  1  3  0  0  0  0  0  0  1 ] (0.00003041)
[  1  3  0  0  0  0  0  1  0 ] (0.00007611)
[  1  3  0  0  0  0  1  0  0 ] (0.00000706)
[  1  3  0  0  0  1  0  0  0 ] (0.00001388)
[  1  3  0  0  1  0  0  0  0 ] (0.00000263)
[  1  3  0  1  0  0  0  0  0 ] (0.00000013)
[  1  3  1  0  0  0  0  0  0 ] (0.00000679)
[  1  4  0  0  0  0  0  0  0 ] (0.00002347)
[  2  0  0  0  0  0  0  0  0 ] (0.00000175)
[  2  0  0  0  0  0  0  0  1 ] (0.00000344)
[  2  0  0  0  0  0  0  0  2 ] (0.00000050)
[  2  0  0  0  0  0  0  0  3 ] (0.00009737)
[  2  0  0  0  0  0  0  1  0 ] (0.00000220)
[  2  0  0  0  0  0  0  1  1 ] (0.00005789)
[  2  0  0  0  0  0  0  1  2 ] (0.00009103)
[  2  0  0  0  0  0  0  2  0 ] (0.00011539)
[  2  0  0  0  0  0  0  2  1 ] (0.00133681)
[  2  0  0  0  0  0  0  3  0 ] (0.00003434)
[  2  0  0  0  0  0  1  0  0 ] (0.00000165)
[  2  0  0  0  0  0  1  0  1 ] (0.00000591)
[  2  0  0  0  0  0  1  0  2 ] (0.00000554)
[  2  0  0  0  0  0  1  1  0 ] (0.00000168)
[  2  0  0  0  0  0  1  1  1 ] (0.00000033)
[  2  0  0  0  0  0  1  2  0 ] (0.00006192)
[  2  0  0  0  0  0  2  0  0 ] (0.00004364)
[  2  0  0  0  0  0  2  0  1 ] (0.00055778)
[  2  0  0  0  0  0  2  1  0 ] (0.00012767)
[  2  0  0  0  0  0  3  0  0 ] (0.00000420)
[  2  0  0  0  0  1  0  0  0 ] (0.00000571)
[  2  0  0  0  0  1  0  0  1 ] (0.00002326)
[  2  0  0  0  0  1  0  0  2 ] (0.00000652)
[  2  0  0  0  0  1  0  1  0 ] (0.00003578)
[  2  0  0  0  0  1  0  1  1 ] (0.00000156)
[  2  0  0  0  0  1  0  2  0 ] (0.00004915)
[  2  0  0  0  0  1  1  0  0 ] (0.00003253)
[  2  0  0  0  0  1  1  0  1 ] (0.00000125)
[  2  0  0  0  0  1  1  1  0 ] (0.00071081)
[  2  0  0  0  0  1  2  0  0 ] (0.00005155)
[  2  0  0  0  0  2  0  0  0 ] (0.00000128)
[  2  0  0  0  0  2  0  0  1 ] (0.00000905)
[  2  0  0  0  0  2  0  1  0 ] (0.00000070)
[  2  0  0  0  0  2  1  0  0 ] (0.00102014)
[  2  0  0  0  0  3  0  0  0 ] (0.00007435)
[  2  0  0  0  1  0  0  0  0 ] (0.00000000)
[  2  0  0  0  1  0  0  0  1 ] (0.00000040)
[  2  0  0  0  1  0  0  0  2 ] (0.00001405)
[  2  0  0  0  1  0  0  1  0 ] (0.00000116)
[  2  0  0  0  1  0  0  1  1 ] (0.00000146)
[  2  0  0  0  1  0  0  2  0 ] (0.00003504)
[  2  0  0  0  1  0  1  0  0 ] (0.00004917)
[  2  0  0  0  1  0  1  0  1 ] (0.00000283)
[  2  0  0  0  1  0  1  1  0 ] (0.00004468)
[  2  0  0  0  1  0  2  0  0 ] (0.00010159)
[  2  0  0  0  1  1  0  0  0 ] (0.00000933)
[  2  0  0  0  1  1  0  0  1 ] (0.00029777)
[  2  0  0  0  1  1  0  1  0 ] (0.00096736)
[  2  0  0  0  1  1  1  0  0 ] (0.00007993)
[  2  0  0  0  1  2  0  0  0 ] (0.00000700)
[  2  0  0  0  2  0  0  0  0 ] (0.00000717)
[  2  0  0  0  2  0  0  0  1 ] (0.00042555)
[  2  0  0  0  2  0  0  1  0 ] (0.00001635)
[  2  0  0  0  2  0  1  0  0 ] (0.00033217)
[  2  0  0  0  2  1  0  0  0 ] (0.00030000)
[  2  0  0  0  3  0  0  0  0 ] (0.00000089)
[  2  0  0  1  0  0  0  0  0 ] (0.00000000)
[  2  0  0  1  0  0  0  0  1 ] (0.00000282)
[  2  0  0  1  0  0  0  0  2 ] (0.00036145)
[  2  0  0  1  0  0  0  1  0 ] (0.00001420)
[  2  0  0  1  0  0  0  1  1 ] (0.00001215)
[  2  0  0  1  0  0  0  2  0 ] (0.00001969)
[  2  0  0  1  0  0  1  0  0 ] (0.00004408)
[  2  0  0  1  0  0  1  0  1 ] (0.00008912)
[  2  0  0  1  0  0  1  1  0 ] (0.00023387)
[  2  0  0  1  0  0  2  0  0 ] (0.00007510)
[  2  0  0  1  0  1  0  0  0 ] (0.00001693)
[  2  0  0  1  0  1  0  0  1 ] (0.00007797)
[  2  0  0  1  0  1  0  1  0 ] (0.00005520)
[  2  0  0  1  0  1  1  0  0 ] (0.00000400)
[  2  0  0  1  0  2  0  0  0 ] (0.00001779)
[  2  0  0  1  1  0  0  0  0 ] (0.00000353)
[  2  0  0  1  1  0  0  0  1 ] (0.00081936)
[  2  0  0  1  1  0  0  1  0 ] (0.00045511)
[  2  0  0  1  1  0  1  0  0 ] (0.00004872)
[  2  0  0  1  1  1  0  0  0 ] (0.00001375)
[  2  0  0  1  2  0  0  0  0 ] (0.00000075)
[  2  0  0  2  0  0  0  0  0 ] (0.00002071)
[  2  0  0  2  0  0  0  0  1 ] (0.00015477)
[  2  0  0  2  0  0  0  1  0 ] (0.00000016)
[  2  0  0  2  0  0  1  0  0 ] (0.00055494)
[  2  0  0  2  0  1  0  0  0 ] (0.00000022)
[  2  0  0  2  1  0  0  0  0 ] (0.00071171)
[  2  0  0  3  0  0  0  0  0 ] (0.00000590)
[  2  0  1  0  0  0  0  0  0 ] (0.00006267)
[  2  0  1  0  0  0  0  0  1 ] (0.00094823)
[  2  0  1  0  0  0  0  0  2 ] (0.00273953)
[  2  0  1  0  0  0  0  1  0 ] (0.00047461)
[  2  0  1  0  0  0  0  1  1 ] (0.00168486)
[  2  0  1  0  0  0  0  2  0 ] (0.00000301)
[  2  0  1  0  0  0  1  0  0 ] (0.00034192)
[  2  0  1  0  0  0  1  0  1 ] (0.00050693)
[  2  0  1  0  0  0  1  1  0 ] (0.00149008)
[  2  0  1  0  0  0  2  0  0 ] (0.00082103)
[  2  0  1  0  0  1  0  0  0 ] (0.00000257)
[  2  0  1  0  0  1  0  0  1 ] (0.00010311)
[  2  0  1  0  0  1  0  1  0 ] (0.00000766)
[  2  0  1  0  0  1  1  0  0 ] (0.00026138)
[  2  0  1  0  0  2  0  0  0 ] (0.00048811)
[  2  0  1  0  1  0  0  0  0 ] (0.00002287)
[  2  0  1  0  1  0  0  0  1 ] (0.00233550)
[  2  0  1  0  1  0  0  1  0 ] (0.00655550)
[  2  0  1  0  1  0  1  0  0 ] (0.00003808)
[  2  0  1  0  1  1  0  0  0 ] (0.00109387)
[  2  0  1  0  2  0  0  0  0 ] (0.00001577)
[  2  0  1  1  0  0  0  0  0 ] (0.00003819)
[  2  0  1  1  0  0  0  0  1 ] (0.00210860)
[  2  0  1  1  0  0  0  1  0 ] (0.00055636)
[  2  0  1  1  0  0  1  0  0 ] (0.00326726)
[  2  0  1  1  0  1  0  0  0 ] (0.00195147)
[  2  0  1  1  1  0  0  0  0 ] (0.00034756)
[  2  0  1  2  0  0  0  0  0 ] (0.00002709)
[  2  0  2  0  0  0  0  0  0 ] (0.00004003)
[  2  0  2  0  0  0  0  0  1 ] (0.00004122)
[  2  0  2  0  0  0  0  1  0 ] (0.00000000)
[  2  0  2  0  0  0  1  0  0 ] (0.00002040)
[  2  0  2  0  0  1  0  0  0 ] (0.00009221)
[  2  0  2  0  1  0  0  0  0 ] (0.00000670)
[  2  0  2  1  0  0  0  0  0 ] (0.00004513)
[  2  0  3  0  0  0  0  0  0 ] (0.00000837)
[  2  1  0  0  0  0  0  0  0 ] (0.00000671)
[  2  1  0  0  0  0  0  0  1 ] (0.00000109)
[  2  1  0  0  0  0  0  0  2 ] (0.00005912)
[  2  1  0  0  0  0  0  1  0 ] (0.00004870)
[  2  1  0  0  0  0  0  1  1 ] (0.00009575)
[  2  1  0  0  0  0  0  2  0 ] (0.00003708)
[  2  1  0  0  0  0  1  0  0 ] (0.00092432)
[  2  1  0  0  0  0  1  0  1 ] (0.00560195)
[  2  1  0  0  0  0  1  1  0 ] (0.00025206)
[  2  1  0  0  0  0  2  0  0 ] (0.00023855)
[  2  1  0  0  0  1  0  0  0 ] (0.00044395)
[  2  1  0  0  0  1  0  0  1 ] (0.00400907)
[  2  1  0  0  0  1  0  1  0 ] (0.00004413)
[  2  1  0  0  0  1  1  0  0 ] (0.00051383)
[  2  1  0  0  0  2  0  0  0 ] (0.00031707)
[  2  1  0  0  1  0  0  0  0 ] (0.00002891)
[  2  1  0  0  1  0  0  0  1 ] (0.00010441)
[  2  1  0  0  1  0  0  1  0 ] (0.00100170)
[  2  1  0  0  1  0  1  0  0 ] (0.00122601)
[  2  1  0  0  1  1  0  0  0 ] (0.00028404)
[  2  1  0  0  2  0  0  0  0 ] (0.00060215)
[  2  1  0  1  0  0  0  0  0 ] (0.00012551)
[  2  1  0  1  0  0  0  0  1 ] (0.00000263)
[  2  1  0  1  0  0  0  1  0 ] (0.00019701)
[  2  1  0  1  0  0  1  0  0 ] (0.00280770)
[  2  1  0  1  0  1  0  0  0 ] (0.00056591)
[  2  1  0  1  1  0  0  0  0 ] (0.00014460)
[  2  1  0  2  0  0  0  0  0 ] (0.00002090)
[  2  1  1  0  0  0  0  0  0 ] (0.00004943)
[  2  1  1  0  0  0  0  0  1 ] (0.00017153)
[  2  1  1  0  0  0  0  1  0 ] (0.00001094)
[  2  1  1  0  0  0  1  0  0 ] (0.00001028)
[  2  1  1  0  0  1  0  0  0 ] (0.00011607)
[  2  1  1  0  1  0  0  0  0 ] (0.00000612)
[  2  1  1  1  0  0  0  0  0 ] (0.00000164)
[  2  1  2  0  0  0  0  0  0 ] (0.00003136)
[  2  2  0  0  0  0  0  0  0 ] (0.00000144)
[  2  2  0  0  0  0  0  0  1 ] (0.00002487)
[  2  2  0  0  0  0  0  1  0 ] (0.00000120)
[  2  2  0  0  0  0  1  0  0 ] (0.00000795)
[  2  2  0  0  0  1  0  0  0 ] (0.00000679)
[  2  2  0  0  1  0  0  0  0 ] (0.00000009)
[  2  2  0  1  0  0  0  0  0 ] (0.00000110)
[  2  2  1  0  0  0  0  0  0 ] (0.00002684)
[  2  3  0  0  0  0  0  0  0 ] (0.00000014)
[  3  0  0  0  0  0  0  0  0 ] (0.00000002)
[  3  0  0  0  0  0  0  0  1 ] (0.00000130)
[  3  0  0  0  0  0  0  0  2 ] (0.00000348)
[  3  0  0  0  0  0  0  1  0 ] (0.00000051)
[  3  0  0  0  0  0  0  1  1 ] (0.00000528)
[  3  0  0  0  0  0  0  2  0 ] (0.00000019)
[  3  0  0  0  0  0  1  0  0 ] (0.00000079)
[  3  0  0  0  0  0  1  0  1 ] (0.00000052)
[  3  0  0  0  0  0  1  1  0 ] (0.00000040)
[  3  0  0  0  0  0  2  0  0 ] (0.00000164)
[  3  0  0  0  0  1  0  0  0 ] (0.00000149)
[  3  0  0  0  0  1  0  0  1 ] (0.00000008)
[  3  0  0  0  0  1  0  1  0 ] (0.00000789)
[  3  0  0  0  0  1  1  0  0 ] (0.00000262)
[  3  0  0  0  0  2  0  0  0 ] (0.00000022)
[  3  0  0  0  1  0  0  0  0 ] (0.00000108)
[  3  0  0  0  1  0  0  0  1 ] (0.00000890)
[  3  0  0  0  1  0  0  1  0 ] (0.00000031)
[  3  0  0  0  1  0  1  0  0 ] (0.00000000)
[  3  0  0  0  1  1  0  0  0 ] (0.00000570)
[  3  0  0  0  2  0  0  0  0 ] (0.00000120)
[  3  0  0  1  0  0  0  0  0 ] (0.00000000)
[  3  0  0  1  0  0  0  0  1 ] (0.00000335)
[  3  0  0  1  0  0  0  1  0 ] (0.00000345)
[  3  0  0  1  0  0  1  0  0 ] (0.00000088)
[  3  0  0  1  0  1  0  0  0 ] (0.00000005)
[  3  0  0  1  1  0  0  0  0 ] (0.00000253)
[  3  0  0  2  0  0  0  0  0 ] (0.00000148)
[  3  0  1  0  0  0  0  0  0 ] (0.00000145)
[  3  0  1  0  0  0  0  0  1 ] (0.00000007)
[  3  0  1  0  0  0  0  1  0 ] (0.00004653)
[  3  0  1  0  0  0  1  0  0 ] (0.00000002)
[  3  0  1  0  0  1  0  0  0 ] (0.00000184)
[  3  0  1  0  1  0  0  0  0 ] (0.00002289)
[  3  0  1  1  0  0  0  0  0 ] (0.00000042)
[  3  0  2  0  0  0  0  0  0 ] (0.00000126)
[  3  1  0  0  0  0  0  0  0 ] (0.00001718)
[  3  1  0  0  0  0  0  0  1 ] (0.00008138)
[  3  1  0  0  0  0  0  1  0 ] (0.00000003)
[  3  1  0  0  0  0  1  0  0 ] (0.00000732)
[  3  1  0  0  0  1  0  0  0 ] (0.00000006)
[  3  1  0  0  1  0  0  0  0 ] (0.00000735)
[  3  1  0  1  0  0  0  0  0 ] (0.00001866)
[  3  1  1  0  0  0  0  0  0 ] (0.00000004)
[  3  2  0  0  0  0  0  0  0 ] (0.00000019)
[  4  0  0  0  0  0  0  0  0 ] (0.00007958)
[  4  0  0  0  0  0  0  0  1 ] (0.00063855)
[  4  0  0  0  0  0  0  1  0 ] (0.00006382)
[  4  0  0  0  0  0  1  0  0 ] (0.00002529)
[  4  0  0  0  0  1  0  0  0 ] (0.00005888)
[  4  0  0  0  1  0  0  0  0 ] (0.00001828)
[  4  0  0  1  0  0  0  0  0 ] (0.00008358)
[  4  0  1  0  0  0  0  0  0 ] (0.00000138)
[  4  1  0  0  0  0  0  0  0 ] (0.00000076)
[  5  0  0  0  0  0  0  0  0 ] (0.00000031)
