| -1036.649441411900 |   122.328945121923 

[  0  0  0  0  0  0  0  0  0 ] (0.00001848)
[  0  0  0  0  0  0  0  0  1 ] (0.00031455)
[  0  0  0  0  0  0  0  0  2 ] (0.00052281)
[  0  0  0  0  0  0  0  0  3 ] (0.00000215)
[  0  0  0  0  0  0  0  1  0 ] (0.00008136)
[  0  0  0  0  0  0  0  1  1 ] (0.00000007)
[  0  0  0  0  0  0  0  1  2 ] (0.00000667)
[  0  0  0  0  0  0  0  2  0 ] (0.00026627)
[  0  0  0  0  0  0  0  2  1 ] (0.00000002)
[  0  0  0  0  0  0  0  3  0 ] (0.00002258)
[  0  0  0  0  0  0  1  0  0 ] (0.00015164)
[  0  0  0  0  0  0  1  0  1 ] (0.00004262)
[  0  0  0  0  0  0  1  0  2 ] (0.00000071)
[  0  0  0  0  0  0  1  1  0 ] (0.00003945)
[  0  0  0  0  0  0  1  1  1 ] (0.00006411)
[  0  0  0  0  0  0  1  2  0 ] (0.00003424)
[  0  0  0  0  0  0  2  0  0 ] (0.00263575)
[  0  0  0  0  0  0  2  0  1 ] (0.00026541)
[  0  0  0  0  0  0  2  1  0 ] (0.00001547)
[  0  0  0  0  0  0  3  0  0 ] (0.00003484)
[  0  0  0  0  0  1  0  0  0 ] (0.00001538)
[  0  0  0  0  0  1  0  0  1 ] (0.00040261)
[  0  0  0  0  0  1  0  0  2 ] (0.00003932)
[  0  0  0  0  0  1  0  1  0 ] (0.00062611)
[  0  0  0  0  0  1  0  1  1 ] (0.00000223)
[  0  0  0  0  0  1  0  2  0 ] (0.00009779)
[  0  0  0  0  0  1  1  0  0 ] (0.06934272)
[  0  0  0  0  0  1  1  0  1 ] (0.00171527)
[  0  0  0  0  0  1  1  1  0 ] (0.00000976)
[  0  0  0  0  0  1  2  0  0 ] (0.00005204)
[  0  0  0  0  0  2  0  0  0 ] (0.00019905)
[  0  0  0  0  0  2  0  0  1 ] (0.00002486)
[  0  0  0  0  0  2  0  1  0 ] (0.00000558)
[  0  0  0  0  0  2  1  0  0 ] (0.00001065)
[  0  0  0  0  0  3  0  0  0 ] (0.01574015)
[  0  0  0  0  1  0  0  0  0 ] (0.00037530)
[  0  0  0  0  1  0  0  0  1 ] (0.00007906)
[  0  0  0  0  1  0  0  0  2 ] (0.00000471)
[  0  0  0  0  1  0  0  1  0 ] (0.00090540)
[  0  0  0  0  1  0  0  1  1 ] (0.00004902)
[  0  0  0  0  1  0  0  2  0 ] (0.00000000)
[  0  0  0  0  1  0  1  0  0 ] (0.00086211)
[  0  0  0  0  1  0  1  0  1 ] (0.00000035)
[  0  0  0  0  1  0  1  1  0 ] (0.00000242)
[  0  0  0  0  1  0  2  0  0 ] (0.00000575)
[  0  0  0  0  1  1  0  0  0 ] (0.00314756)
[  0  0  0  0  1  1  0  0  1 ] (0.00000073)
[  0  0  0  0  1  1  0  1  0 ] (0.00045583)
[  0  0  0  0  1  1  1  0  0 ] (0.00005918)
[  0  0  0  0  1  2  0  0  0 ] (0.08173995)
[  0  0  0  0  2  0  0  0  0 ] (0.00026028)
[  0  0  0  0  2  0  0  0  1 ] (0.00003381)
[  0  0  0  0  2  0  0  1  0 ] (0.00033873)
[  0  0  0  0  2  0  1  0  0 ] (0.00065746)
[  0  0  0  0  2  1  0  0  0 ] (0.00013436)
[  0  0  0  0  3  0  0  0  0 ] (0.00029388)
[  0  0  0  1  0  0  0  0  0 ] (0.00080137)
[  0  0  0  1  0  0  0  0  1 ] (0.00502577)
[  0  0  0  1  0  0  0  0  2 ] (0.00004713)
[  0  0  0  1  0  0  0  1  0 ] (0.00171551)
[  0  0  0  1  0  0  0  1  1 ] (0.00009221)
[  0  0  0  1  0  0  0  2  0 ] (0.00007091)
[  0  0  0  1  0  0  1  0  0 ] (0.00001513)
[  0  0  0  1  0  0  1  0  1 ] (0.00007225)
[  0  0  0  1  0  0  1  1  0 ] (0.00004493)
[  0  0  0  1  0  0  2  0  0 ] (0.00032692)
[  0  0  0  1  0  1  0  0  0 ] (0.00524521)
[  0  0  0  1  0  1  0  0  1 ] (0.00016265)
[  0  0  0  1  0  1  0  1  0 ] (0.00004781)
[  0  0  0  1  0  1  1  0  0 ] (0.00000426)
[  0  0  0  1  0  2  0  0  0 ] (0.02253121)
[  0  0  0  1  1  0  0  0  0 ] (0.00014285)
[  0  0  0  1  1  0  0  0  1 ] (0.00000779)
[  0  0  0  1  1  0  0  1  0 ] (0.00104319)
[  0  0  0  1  1  0  1  0  0 ] (0.00004632)
[  0  0  0  1  1  1  0  0  0 ] (0.00053040)
[  0  0  0  1  2  0  0  0  0 ] (0.11545888)
[  0  0  0  2  0  0  0  0  0 ] (0.00012943)
[  0  0  0  2  0  0  0  0  1 ] (0.00005741)
[  0  0  0  2  0  0  0  1  0 ] (0.00073186)
[  0  0  0  2  0  0  1  0  0 ] (0.00165855)
[  0  0  0  2  0  1  0  0  0 ] (0.00060058)
[  0  0  0  2  1  0  0  0  0 ] (0.00293143)
[  0  0  0  3  0  0  0  0  0 ] (0.00002699)
[  0  0  1  0  0  0  0  0  0 ] (0.00006532)
[  0  0  1  0  0  0  0  0  1 ] (0.00002944)
[  0  0  1  0  0  0  0  0  2 ] (0.00004897)
[  0  0  1  0  0  0  0  1  0 ] (0.13526835)
[  0  0  1  0  0  0  0  1  1 ] (0.00410461)
[  0  0  1  0  0  0  0  2  0 ] (0.00002419)
[  0  0  1  0  0  0  1  0  0 ] (0.00027167)
[  0  0  1  0  0  0  1  0  1 ] (0.00003992)
[  0  0  1  0  0  0  1  1  0 ] (0.00210006)
[  0  0  1  0  0  0  2  0  0 ] (0.00013920)
[  0  0  1  0  0  1  0  0  0 ] (0.00000609)
[  0  0  1  0  0  1  0  0  1 ] (0.00000066)
[  0  0  1  0  0  1  0  1  0 ] (0.00246679)
[  0  0  1  0  0  1  1  0  0 ] (0.00019424)
[  0  0  1  0  0  2  0  0  0 ] (0.00000600)
[  0  0  1  0  1  0  0  0  0 ] (0.00069326)
[  0  0  1  0  1  0  0  0  1 ] (0.00004584)
[  0  0  1  0  1  0  0  1  0 ] (0.00020089)
[  0  0  1  0  1  0  1  0  0 ] (0.00114227)
[  0  0  1  0  1  1  0  0  0 ] (0.00063924)
[  0  0  1  0  2  0  0  0  0 ] (0.00884283)
[  0  0  1  1  0  0  0  0  0 ] (0.02302516)
[  0  0  1  1  0  0  0  0  1 ] (0.00168310)
[  0  0  1  1  0  0  0  1  0 ] (0.00005169)
[  0  0  1  1  0  0  1  0  0 ] (0.00040531)
[  0  0  1  1  0  1  0  0  0 ] (0.22436199)
[  0  0  1  1  1  0  0  0  0 ] (0.00936168)
[  0  0  1  2  0  0  0  0  0 ] (0.00000000)
[  0  0  2  0  0  0  0  0  0 ] (0.00000934)
[  0  0  2  0  0  0  0  0  1 ] (0.00002000)
[  0  0  2  0  0  0  0  1  0 ] (0.00011665)
[  0  0  2  0  0  0  1  0  0 ] (0.00025172)
[  0  0  2  0  0  1  0  0  0 ] (0.00019050)
[  0  0  2  0  1  0  0  0  0 ] (0.00579803)
[  0  0  2  1  0  0  0  0  0 ] (0.00172724)
[  0  0  3  0  0  0  0  0  0 ] (0.00000498)
[  0  1  0  0  0  0  0  0  0 ] (0.00003348)
[  0  1  0  0  0  0  0  0  1 ] (0.06412572)
[  0  1  0  0  0  0  0  0  2 ] (0.00017080)
[  0  1  0  0  0  0  0  1  0 ] (0.00276609)
[  0  1  0  0  0  0  0  1  1 ] (0.00009256)
[  0  1  0  0  0  0  0  2  0 ] (0.00058538)
[  0  1  0  0  0  0  1  0  0 ] (0.00031391)
[  0  1  0  0  0  0  1  0  1 ] (0.00000368)
[  0  1  0  0  0  0  1  1  0 ] (0.00007114)
[  0  1  0  0  0  0  2  0  0 ] (0.00131920)
[  0  1  0  0  0  1  0  0  0 ] (0.00020328)
[  0  1  0  0  0  1  0  0  1 ] (0.00001642)
[  0  1  0  0  0  1  0  1  0 ] (0.00000007)
[  0  1  0  0  0  1  1  0  0 ] (0.00022395)
[  0  1  0  0  0  2  0  0  0 ] (0.00000144)
[  0  1  0  0  1  0  0  0  0 ] (0.00004388)
[  0  1  0  0  1  0  0  0  1 ] (0.00000011)
[  0  1  0  0  1  0  0  1  0 ] (0.00006142)
[  0  1  0  0  1  0  1  0  0 ] (0.00008484)
[  0  1  0  0  1  1  0  0  0 ] (0.01166199)
[  0  1  0  0  2  0  0  0  0 ] (0.00042449)
[  0  1  0  1  0  0  0  0  0 ] (0.00002860)
[  0  1  0  1  0  0  0  0  1 ] (0.00001176)
[  0  1  0  1  0  0  0  1  0 ] (0.00025514)
[  0  1  0  1  0  0  1  0  0 ] (0.00025046)
[  0  1  0  1  0  1  0  0  0 ] (0.00008977)
[  0  1  0  1  1  0  0  0  0 ] (0.01852010)
[  0  1  0  2  0  0  0  0  0 ] (0.00001257)
[  0  1  1  0  0  0  0  0  0 ] (0.00021176)
[  0  1  1  0  0  0  0  0  1 ] (0.00027920)
[  0  1  1  0  0  0  0  1  0 ] (0.00225009)
[  0  1  1  0  0  0  1  0  0 ] (0.00041634)
[  0  1  1  0  0  1  0  0  0 ] (0.00038875)
[  0  1  1  0  1  0  0  0  0 ] (0.00064406)
[  0  1  1  1  0  0  0  0  0 ] (0.00134103)
[  0  1  2  0  0  0  0  0  0 ] (0.00012853)
[  0  2  0  0  0  0  0  0  0 ] (0.00000001)
[  0  2  0  0  0  0  0  0  1 ] (0.00194802)
[  0  2  0  0  0  0  0  1  0 ] (0.00000375)
[  0  2  0  0  0  0  1  0  0 ] (0.03337483)
[  0  2  0  0  0  1  0  0  0 ] (0.00000188)
[  0  2  0  0  1  0  0  0  0 ] (0.00000215)
[  0  2  0  1  0  0  0  0  0 ] (0.00003581)
[  0  2  1  0  0  0  0  0  0 ] (0.00000066)
[  0  3  0  0  0  0  0  0  0 ] (0.00000001)
[  1  0  0  0  0  0  0  0  0 ] (0.00000022)
[  1  0  0  0  0  0  0  0  1 ] (0.00058784)
[  1  0  0  0  0  0  0  0  2 ] (0.00001251)
[  1  0  0  0  0  0  0  1  0 ] (0.00074952)
[  1  0  0  0  0  0  0  1  1 ] (0.00013615)
[  1  0  0  0  0  0  0  2  0 ] (0.00012683)
[  1  0  0  0  0  0  1  0  0 ] (0.00001710)
[  1  0  0  0  0  0  1  0  1 ] (0.00004430)
[  1  0  0  0  0  0  1  1  0 ] (0.00001588)
[  1  0  0  0  0  0  2  0  0 ] (0.00007812)
[  1  0  0  0  0  1  0  0  0 ] (0.00023433)
[  1  0  0  0  0  1  0  0  1 ] (0.00015962)
[  1  0  0  0  0  1  0  1  0 ] (0.00013715)
[  1  0  0  0  0  1  1  0  0 ] (0.00002150)
[  1  0  0  0  0  2  0  0  0 ] (0.00003071)
[  1  0  0  0  1  0  0  0  0 ] (0.00004104)
[  1  0  0  0  1  0  0  0  1 ] (0.00026772)
[  1  0  0  0  1  0  0  1  0 ] (0.00009871)
[  1  0  0  0  1  0  1  0  0 ] (0.00019255)
[  1  0  0  0  1  1  0  0  0 ] (0.00003375)
[  1  0  0  0  2  0  0  0  0 ] (0.00000777)
[  1  0  0  1  0  0  0  0  0 ] (0.00012203)
[  1  0  0  1  0  0  0  0  1 ] (0.00000008)
[  1  0  0  1  0  0  0  1  0 ] (0.00021440)
[  1  0  0  1  0  0  1  0  0 ] (0.00133446)
[  1  0  0  1  0  1  0  0  0 ] (0.00016488)
[  1  0  0  1  1  0  0  0  0 ] (0.00000025)
[  1  0  0  2  0  0  0  0  0 ] (0.00002306)
[  1  0  1  0  0  0  0  0  0 ] (0.00021274)
[  1  0  1  0  0  0  0  0  1 ] (0.00143374)
[  1  0  1  0  0  0  0  1  0 ] (0.00026250)
[  1  0  1  0  0  0  1  0  0 ] (0.00390501)
[  1  0  1  0  0  1  0  0  0 ] (0.00004405)
[  1  0  1  0  1  0  0  0  0 ] (0.00005654)
[  1  0  1  1  0  0  0  0  0 ] (0.00042929)
[  1  0  2  0  0  0  0  0  0 ] (0.00008221)
[  1  1  0  0  0  0  0  0  0 ] (0.00000210)
[  1  1  0  0  0  0  0  0  1 ] (0.00028267)
[  1  1  0  0  0  0  0  1  0 ] (0.00247647)
[  1  1  0  0  0  0  1  0  0 ] (0.00013453)
[  1  1  0  0  0  1  0  0  0 ] (0.00001120)
[  1  1  0  0  1  0  0  0  0 ] (0.00006708)
[  1  1  0  1  0  0  0  0  0 ] (0.00008393)
[  1  1  1  0  0  0  0  0  0 ] (0.00028488)
[  1  2  0  0  0  0  0  0  0 ] (0.00000035)
[  2  0  0  0  0  0  0  0  0 ] (0.00017771)
[  2  0  0  0  0  0  0  0  1 ] (0.07536893)
[  2  0  0  0  0  0  0  1  0 ] (0.00194927)
[  2  0  0  0  0  0  1  0  0 ] (0.00003796)
[  2  0  0  0  0  1  0  0  0 ] (0.00010247)
[  2  0  0  0  1  0  0  0  0 ] (0.00005684)
[  2  0  0  1  0  0  0  0  0 ] (0.00006303)
[  2  0  1  0  0  0  0  0  0 ] (0.00000276)
[  2  1  0  0  0  0  0  0  0 ] (0.00000002)
[  3  0  0  0  0  0  0  0  0 ] (0.00010525)
