|  -866.110871106768 |   294.780559047309 

[  0  0  0  0  0  0  0  0  0 ] (0.00000027)
[  0  0  0  0  0  0  0  0  1 ] (0.00000027)
[  0  0  0  0  0  0  0  0  2 ] (0.00011509)
[  0  0  0  0  0  0  0  0  3 ] (0.00004297)
[  0  0  0  0  0  0  0  0  4 ] (0.00064912)
[  0  0  0  0  0  0  0  0  5 ] (0.00000786)
[  0  0  0  0  0  0  0  1  0 ] (0.00000926)
[  0  0  0  0  0  0  0  1  1 ] (0.00026291)
[  0  0  0  0  0  0  0  1  2 ] (0.00019795)
[  0  0  0  0  0  0  0  1  3 ] (0.00001985)
[  0  0  0  0  0  0  0  1  4 ] (0.00004509)
[  0  0  0  0  0  0  0  2  0 ] (0.00009816)
[  0  0  0  0  0  0  0  2  1 ] (0.00049855)
[  0  0  0  0  0  0  0  2  2 ] (0.00332726)
[  0  0  0  0  0  0  0  2  3 ] (0.00009316)
[  0  0  0  0  0  0  0  3  0 ] (0.00000359)
[  0  0  0  0  0  0  0  3  1 ] (0.00094537)
[  0  0  0  0  0  0  0  3  2 ] (0.00000021)
[  0  0  0  0  0  0  0  4  0 ] (0.00003263)
[  0  0  0  0  0  0  0  4  1 ] (0.00010328)
[  0  0  0  0  0  0  0  5  0 ] (0.00012676)
[  0  0  0  0  0  0  1  0  0 ] (0.00000006)
[  0  0  0  0  0  0  1  0  1 ] (0.00009919)
[  0  0  0  0  0  0  1  0  2 ] (0.00004267)
[  0  0  0  0  0  0  1  0  3 ] (0.00401015)
[  0  0  0  0  0  0  1  0  4 ] (0.00013360)
[  0  0  0  0  0  0  1  1  0 ] (0.00000336)
[  0  0  0  0  0  0  1  1  1 ] (0.00005973)
[  0  0  0  0  0  0  1  1  2 ] (0.00019266)
[  0  0  0  0  0  0  1  1  3 ] (0.00000151)
[  0  0  0  0  0  0  1  2  0 ] (0.00009994)
[  0  0  0  0  0  0  1  2  1 ] (0.00160678)
[  0  0  0  0  0  0  1  2  2 ] (0.00081691)
[  0  0  0  0  0  0  1  3  0 ] (0.00133543)
[  0  0  0  0  0  0  1  3  1 ] (0.00000404)
[  0  0  0  0  0  0  1  4  0 ] (0.00000060)
[  0  0  0  0  0  0  2  0  0 ] (0.00002697)
[  0  0  0  0  0  0  2  0  1 ] (0.00005807)
[  0  0  0  0  0  0  2  0  2 ] (0.00011471)
[  0  0  0  0  0  0  2  0  3 ] (0.00012327)
[  0  0  0  0  0  0  2  1  0 ] (0.00028105)
[  0  0  0  0  0  0  2  1  1 ] (0.00201985)
[  0  0  0  0  0  0  2  1  2 ] (0.00057617)
[  0  0  0  0  0  0  2  2  0 ] (0.00000000)
[  0  0  0  0  0  0  2  2  1 ] (0.00027405)
[  0  0  0  0  0  0  2  3  0 ] (0.00014129)
[  0  0  0  0  0  0  3  0  0 ] (0.00001900)
[  0  0  0  0  0  0  3  0  1 ] (0.00001932)
[  0  0  0  0  0  0  3  0  2 ] (0.00005095)
[  0  0  0  0  0  0  3  1  0 ] (0.00005008)
[  0  0  0  0  0  0  3  1  1 ] (0.00000076)
[  0  0  0  0  0  0  3  2  0 ] (0.00134922)
[  0  0  0  0  0  0  4  0  0 ] (0.00002096)
[  0  0  0  0  0  0  4  0  1 ] (0.00061319)
[  0  0  0  0  0  0  4  1  0 ] (0.00051073)
[  0  0  0  0  0  0  5  0  0 ] (0.00008255)
[  0  0  0  0  0  1  0  0  0 ] (0.00000143)
[  0  0  0  0  0  1  0  0  1 ] (0.00000794)
[  0  0  0  0  0  1  0  0  2 ] (0.00011517)
[  0  0  0  0  0  1  0  0  3 ] (0.00001348)
[  0  0  0  0  0  1  0  0  4 ] (0.00001031)
[  0  0  0  0  0  1  0  1  0 ] (0.00001909)
[  0  0  0  0  0  1  0  1  1 ] (0.00000316)
[  0  0  0  0  0  1  0  1  2 ] (0.00000109)
[  0  0  0  0  0  1  0  1  3 ] (0.00000825)
[  0  0  0  0  0  1  0  2  0 ] (0.00005776)
[  0  0  0  0  0  1  0  2  1 ] (0.00010470)
[  0  0  0  0  0  1  0  2  2 ] (0.00001737)
[  0  0  0  0  0  1  0  3  0 ] (0.00001248)
[  0  0  0  0  0  1  0  3  1 ] (0.00008347)
[  0  0  0  0  0  1  0  4  0 ] (0.00002916)
[  0  0  0  0  0  1  1  0  0 ] (0.00000222)
[  0  0  0  0  0  1  1  0  1 ] (0.00005424)
[  0  0  0  0  0  1  1  0  2 ] (0.00094598)
[  0  0  0  0  0  1  1  0  3 ] (0.00014977)
[  0  0  0  0  0  1  1  1  0 ] (0.00007254)
[  0  0  0  0  0  1  1  1  1 ] (0.00612712)
[  0  0  0  0  0  1  1  1  2 ] (0.00058331)
[  0  0  0  0  0  1  1  2  0 ] (0.00007414)
[  0  0  0  0  0  1  1  2  1 ] (0.00000044)
[  0  0  0  0  0  1  1  3  0 ] (0.00000197)
[  0  0  0  0  0  1  2  0  0 ] (0.00000421)
[  0  0  0  0  0  1  2  0  1 ] (0.00000174)
[  0  0  0  0  0  1  2  0  2 ] (0.00008725)
[  0  0  0  0  0  1  2  1  0 ] (0.00005547)
[  0  0  0  0  0  1  2  1  1 ] (0.00011387)
[  0  0  0  0  0  1  2  2  0 ] (0.00063455)
[  0  0  0  0  0  1  3  0  0 ] (0.00000552)
[  0  0  0  0  0  1  3  0  1 ] (0.00077175)
[  0  0  0  0  0  1  3  1  0 ] (0.00055011)
[  0  0  0  0  0  1  4  0  0 ] (0.00486173)
[  0  0  0  0  0  2  0  0  0 ] (0.00000441)
[  0  0  0  0  0  2  0  0  1 ] (0.00000621)
[  0  0  0  0  0  2  0  0  2 ] (0.00026486)
[  0  0  0  0  0  2  0  0  3 ] (0.00086724)
[  0  0  0  0  0  2  0  1  0 ] (0.00000983)
[  0  0  0  0  0  2  0  1  1 ] (0.00000028)
[  0  0  0  0  0  2  0  1  2 ] (0.00000246)
[  0  0  0  0  0  2  0  2  0 ] (0.00000293)
[  0  0  0  0  0  2  0  2  1 ] (0.00004936)
[  0  0  0  0  0  2  0  3  0 ] (0.00002482)
[  0  0  0  0  0  2  1  0  0 ] (0.00000175)
[  0  0  0  0  0  2  1  0  1 ] (0.00011255)
[  0  0  0  0  0  2  1  0  2 ] (0.00007338)
[  0  0  0  0  0  2  1  1  0 ] (0.00001175)
[  0  0  0  0  0  2  1  1  1 ] (0.00005393)
[  0  0  0  0  0  2  1  2  0 ] (0.00000325)
[  0  0  0  0  0  2  2  0  0 ] (0.00006811)
[  0  0  0  0  0  2  2  0  1 ] (0.00055728)
[  0  0  0  0  0  2  2  1  0 ] (0.00323000)
[  0  0  0  0  0  2  3  0  0 ] (0.00001778)
[  0  0  0  0  0  3  0  0  0 ] (0.00000817)
[  0  0  0  0  0  3  0  0  1 ] (0.00018688)
[  0  0  0  0  0  3  0  0  2 ] (0.00231839)
[  0  0  0  0  0  3  0  1  0 ] (0.00000310)
[  0  0  0  0  0  3  0  1  1 ] (0.00097484)
[  0  0  0  0  0  3  0  2  0 ] (0.00002825)
[  0  0  0  0  0  3  1  0  0 ] (0.00000646)
[  0  0  0  0  0  3  1  0  1 ] (0.00026431)
[  0  0  0  0  0  3  1  1  0 ] (0.00140744)
[  0  0  0  0  0  3  2  0  0 ] (0.00000449)
[  0  0  0  0  0  4  0  0  0 ] (0.00000902)
[  0  0  0  0  0  4  0  0  1 ] (0.00024072)
[  0  0  0  0  0  4  0  1  0 ] (0.00000885)
[  0  0  0  0  0  4  1  0  0 ] (0.00002376)
[  0  0  0  0  0  5  0  0  0 ] (0.00000884)
[  0  0  0  0  1  0  0  0  0 ] (0.00000276)
[  0  0  0  0  1  0  0  0  1 ] (0.00000369)
[  0  0  0  0  1  0  0  0  2 ] (0.00009773)
[  0  0  0  0  1  0  0  0  3 ] (0.00203798)
[  0  0  0  0  1  0  0  0  4 ] (0.00001113)
[  0  0  0  0  1  0  0  1  0 ] (0.00035163)
[  0  0  0  0  1  0  0  1  1 ] (0.00280238)
[  0  0  0  0  1  0  0  1  2 ] (0.03915253)
[  0  0  0  0  1  0  0  1  3 ] (0.00052837)
[  0  0  0  0  1  0  0  2  0 ] (0.00000693)
[  0  0  0  0  1  0  0  2  1 ] (0.00044448)
[  0  0  0  0  1  0  0  2  2 ] (0.00010872)
[  0  0  0  0  1  0  0  3  0 ] (0.00000722)
[  0  0  0  0  1  0  0  3  1 ] (0.00019734)
[  0  0  0  0  1  0  0  4  0 ] (0.00076657)
[  0  0  0  0  1  0  1  0  0 ] (0.00000626)
[  0  0  0  0  1  0  1  0  1 ] (0.00005218)
[  0  0  0  0  1  0  1  0  2 ] (0.00015786)
[  0  0  0  0  1  0  1  0  3 ] (0.00000217)
[  0  0  0  0  1  0  1  1  0 ] (0.00005151)
[  0  0  0  0  1  0  1  1  1 ] (0.00230807)
[  0  0  0  0  1  0  1  1  2 ] (0.00063300)
[  0  0  0  0  1  0  1  2  0 ] (0.00042392)
[  0  0  0  0  1  0  1  2  1 ] (0.00003808)
[  0  0  0  0  1  0  1  3  0 ] (0.00019534)
[  0  0  0  0  1  0  2  0  0 ] (0.00000082)
[  0  0  0  0  1  0  2  0  1 ] (0.00001631)
[  0  0  0  0  1  0  2  0  2 ] (0.00019399)
[  0  0  0  0  1  0  2  1  0 ] (0.00001647)
[  0  0  0  0  1  0  2  1  1 ] (0.00015371)
[  0  0  0  0  1  0  2  2  0 ] (0.00018382)
[  0  0  0  0  1  0  3  0  0 ] (0.00007611)
[  0  0  0  0  1  0  3  0  1 ] (0.00012139)
[  0  0  0  0  1  0  3  1  0 ] (0.00004794)
[  0  0  0  0  1  0  4  0  0 ] (0.00021723)
[  0  0  0  0  1  1  0  0  0 ] (0.00000906)
[  0  0  0  0  1  1  0  0  1 ] (0.00003136)
[  0  0  0  0  1  1  0  0  2 ] (0.00035511)
[  0  0  0  0  1  1  0  0  3 ] (0.00001097)
[  0  0  0  0  1  1  0  1  0 ] (0.00007012)
[  0  0  0  0  1  1  0  1  1 ] (0.00001236)
[  0  0  0  0  1  1  0  1  2 ] (0.00418831)
[  0  0  0  0  1  1  0  2  0 ] (0.00000013)
[  0  0  0  0  1  1  0  2  1 ] (0.00008062)
[  0  0  0  0  1  1  0  3  0 ] (0.00015276)
[  0  0  0  0  1  1  1  0  0 ] (0.00000945)
[  0  0  0  0  1  1  1  0  1 ] (0.00012025)
[  0  0  0  0  1  1  1  0  2 ] (0.00028895)
[  0  0  0  0  1  1  1  1  0 ] (0.00004792)
[  0  0  0  0  1  1  1  1  1 ] (0.00006926)
[  0  0  0  0  1  1  1  2  0 ] (0.00006168)
[  0  0  0  0  1  1  2  0  0 ] (0.00000216)
[  0  0  0  0  1  1  2  0  1 ] (0.00003438)
[  0  0  0  0  1  1  2  1  0 ] (0.00105367)
[  0  0  0  0  1  1  3  0  0 ] (0.00007573)
[  0  0  0  0  1  2  0  0  0 ] (0.00000743)
[  0  0  0  0  1  2  0  0  1 ] (0.00012624)
[  0  0  0  0  1  2  0  0  2 ] (0.00169515)
[  0  0  0  0  1  2  0  1  0 ] (0.00000055)
[  0  0  0  0  1  2  0  1  1 ] (0.00026942)
[  0  0  0  0  1  2  0  2  0 ] (0.00009332)
[  0  0  0  0  1  2  1  0  0 ] (0.00001818)
[  0  0  0  0  1  2  1  0  1 ] (0.00144904)
[  0  0  0  0  1  2  1  1  0 ] (0.00013015)
[  0  0  0  0  1  2  2  0  0 ] (0.00002163)
[  0  0  0  0  1  3  0  0  0 ] (0.00001501)
[  0  0  0  0  1  3  0  0  1 ] (0.00037640)
[  0  0  0  0  1  3  0  1  0 ] (0.00001482)
[  0  0  0  0  1  3  1  0  0 ] (0.00000135)
[  0  0  0  0  1  4  0  0  0 ] (0.00001605)
[  0  0  0  0  2  0  0  0  0 ] (0.00006187)
[  0  0  0  0  2  0  0  0  1 ] (0.00043189)
[  0  0  0  0  2  0  0  0  2 ] (0.00322888)
[  0  0  0  0  2  0  0  0  3 ] (0.00252581)
[  0  0  0  0  2  0  0  1  0 ] (0.00000788)
[  0  0  0  0  2  0  0  1  1 ] (0.00002779)
[  0  0  0  0  2  0  0  1  2 ] (0.00000558)
[  0  0  0  0  2  0  0  2  0 ] (0.00000003)
[  0  0  0  0  2  0  0  2  1 ] (0.00015171)
[  0  0  0  0  2  0  0  3  0 ] (0.00177805)
[  0  0  0  0  2  0  1  0  0 ] (0.00000069)
[  0  0  0  0  2  0  1  0  1 ] (0.00122839)
[  0  0  0  0  2  0  1  0  2 ] (0.00072798)
[  0  0  0  0  2  0  1  1  0 ] (0.00006019)
[  0  0  0  0  2  0  1  1  1 ] (0.00005611)
[  0  0  0  0  2  0  1  2  0 ] (0.00003442)
[  0  0  0  0  2  0  2  0  0 ] (0.00006628)
[  0  0  0  0  2  0  2  0  1 ] (0.00002884)
[  0  0  0  0  2  0  2  1  0 ] (0.00217598)
[  0  0  0  0  2  0  3  0  0 ] (0.00000171)
[  0  0  0  0  2  1  0  0  0 ] (0.00013761)
[  0  0  0  0  2  1  0  0  1 ] (0.00132313)
[  0  0  0  0  2  1  0  0  2 ] (0.01134589)
[  0  0  0  0  2  1  0  1  0 ] (0.00000690)
[  0  0  0  0  2  1  0  1  1 ] (0.00046220)
[  0  0  0  0  2  1  0  2  0 ] (0.00026159)
[  0  0  0  0  2  1  1  0  0 ] (0.00000092)
[  0  0  0  0  2  1  1  0  1 ] (0.00036206)
[  0  0  0  0  2  1  1  1  0 ] (0.00001635)
[  0  0  0  0  2  1  2  0  0 ] (0.00017751)
[  0  0  0  0  2  2  0  0  0 ] (0.00011682)
[  0  0  0  0  2  2  0  0  1 ] (0.00084355)
[  0  0  0  0  2  2  0  1  0 ] (0.00000383)
[  0  0  0  0  2  2  1  0  0 ] (0.00000442)
[  0  0  0  0  2  3  0  0  0 ] (0.00017928)
[  0  0  0  0  3  0  0  0  0 ] (0.00007096)
[  0  0  0  0  3  0  0  0  1 ] (0.00072887)
[  0  0  0  0  3  0  0  0  2 ] (0.00390153)
[  0  0  0  0  3  0  0  1  0 ] (0.00007054)
[  0  0  0  0  3  0  0  1  1 ] (0.00018862)
[  0  0  0  0  3  0  0  2  0 ] (0.00016833)
[  0  0  0  0  3  0  1  0  0 ] (0.00006662)
[  0  0  0  0  3  0  1  0  1 ] (0.00056493)
[  0  0  0  0  3  0  1  1  0 ] (0.00046829)
[  0  0  0  0  3  0  2  0  0 ] (0.00006549)
[  0  0  0  0  3  1  0  0  0 ] (0.00006363)
[  0  0  0  0  3  1  0  0  1 ] (0.00080385)
[  0  0  0  0  3  1  0  1  0 ] (0.00006825)
[  0  0  0  0  3  1  1  0  0 ] (0.00000211)
[  0  0  0  0  3  2  0  0  0 ] (0.00003100)
[  0  0  0  0  4  0  0  0  0 ] (0.00000363)
[  0  0  0  0  4  0  0  0  1 ] (0.00000226)
[  0  0  0  0  4  0  0  1  0 ] (0.00121948)
[  0  0  0  0  4  0  1  0  0 ] (0.00000600)
[  0  0  0  0  4  1  0  0  0 ] (0.00001123)
[  0  0  0  0  5  0  0  0  0 ] (0.00029523)
[  0  0  0  1  0  0  0  0  0 ] (0.00000237)
[  0  0  0  1  0  0  0  0  1 ] (0.00001352)
[  0  0  0  1  0  0  0  0  2 ] (0.00000162)
[  0  0  0  1  0  0  0  0  3 ] (0.00000181)
[  0  0  0  1  0  0  0  0  4 ] (0.00000147)
[  0  0  0  1  0  0  0  1  0 ] (0.00016286)
[  0  0  0  1  0  0  0  1  1 ] (0.00033844)
[  0  0  0  1  0  0  0  1  2 ] (0.00010804)
[  0  0  0  1  0  0  0  1  3 ] (0.00014248)
[  0  0  0  1  0  0  0  2  0 ] (0.00007103)
[  0  0  0  1  0  0  0  2  1 ] (0.00001520)
[  0  0  0  1  0  0  0  2  2 ] (0.00017725)
[  0  0  0  1  0  0  0  3  0 ] (0.00030296)
[  0  0  0  1  0  0  0  3  1 ] (0.00000000)
[  0  0  0  1  0  0  0  4  0 ] (0.00163976)
[  0  0  0  1  0  0  1  0  0 ] (0.00001082)
[  0  0  0  1  0  0  1  0  1 ] (0.00018837)
[  0  0  0  1  0  0  1  0  2 ] (0.00008513)
[  0  0  0  1  0  0  1  0  3 ] (0.00000211)
[  0  0  0  1  0  0  1  1  0 ] (0.00182995)
[  0  0  0  1  0  0  1  1  1 ] (0.05355378)
[  0  0  0  1  0  0  1  1  2 ] (0.00757320)
[  0  0  0  1  0  0  1  2  0 ] (0.00006316)
[  0  0  0  1  0  0  1  2  1 ] (0.00002565)
[  0  0  0  1  0  0  1  3  0 ] (0.00008520)
[  0  0  0  1  0  0  2  0  0 ] (0.00001274)
[  0  0  0  1  0  0  2  0  1 ] (0.00004345)
[  0  0  0  1  0  0  2  0  2 ] (0.00000012)
[  0  0  0  1  0  0  2  1  0 ] (0.00002319)
[  0  0  0  1  0  0  2  1  1 ] (0.00061994)
[  0  0  0  1  0  0  2  2  0 ] (0.00009742)
[  0  0  0  1  0  0  3  0  0 ] (0.00000151)
[  0  0  0  1  0  0  3  0  1 ] (0.00115645)
[  0  0  0  1  0  0  3  1  0 ] (0.00793688)
[  0  0  0  1  0  0  4  0  0 ] (0.00134217)
[  0  0  0  1  0  1  0  0  0 ] (0.00000064)
[  0  0  0  1  0  1  0  0  1 ] (0.00006298)
[  0  0  0  1  0  1  0  0  2 ] (0.00011202)
[  0  0  0  1  0  1  0  0  3 ] (0.00066049)
[  0  0  0  1  0  1  0  1  0 ] (0.00003961)
[  0  0  0  1  0  1  0  1  1 ] (0.00014221)
[  0  0  0  1  0  1  0  1  2 ] (0.00020954)
[  0  0  0  1  0  1  0  2  0 ] (0.00000625)
[  0  0  0  1  0  1  0  2  1 ] (0.00043654)
[  0  0  0  1  0  1  0  3  0 ] (0.00959643)
[  0  0  0  1  0  1  1  0  0 ] (0.00015517)
[  0  0  0  1  0  1  1  0  1 ] (0.00091829)
[  0  0  0  1  0  1  1  0  2 ] (0.00028824)
[  0  0  0  1  0  1  1  1  0 ] (0.00021636)
[  0  0  0  1  0  1  1  1  1 ] (0.00353870)
[  0  0  0  1  0  1  1  2  0 ] (0.00000691)
[  0  0  0  1  0  1  2  0  0 ] (0.00007393)
[  0  0  0  1  0  1  2  0  1 ] (0.00083829)
[  0  0  0  1  0  1  2  1  0 ] (0.01162221)
[  0  0  0  1  0  1  3  0  0 ] (0.00027918)
[  0  0  0  1  0  2  0  0  0 ] (0.00000717)
[  0  0  0  1  0  2  0  0  1 ] (0.00009532)
[  0  0  0  1  0  2  0  0  2 ] (0.00011858)
[  0  0  0  1  0  2  0  1  0 ] (0.00000137)
[  0  0  0  1  0  2  0  1  1 ] (0.00484830)
[  0  0  0  1  0  2  0  2  0 ] (0.00032613)
[  0  0  0  1  0  2  1  0  0 ] (0.00053141)
[  0  0  0  1  0  2  1  0  1 ] (0.01355319)
[  0  0  0  1  0  2  1  1  0 ] (0.00478903)
[  0  0  0  1  0  2  2  0  0 ] (0.00000178)
[  0  0  0  1  0  3  0  0  0 ] (0.00000328)
[  0  0  0  1  0  3  0  0  1 ] (0.00016355)
[  0  0  0  1  0  3  0  1  0 ] (0.00000275)
[  0  0  0  1  0  3  1  0  0 ] (0.00002990)
[  0  0  0  1  0  4  0  0  0 ] (0.00000115)
[  0  0  0  1  1  0  0  0  0 ] (0.00001574)
[  0  0  0  1  1  0  0  0  1 ] (0.00009104)
[  0  0  0  1  1  0  0  0  2 ] (0.00007158)
[  0  0  0  1  1  0  0  0  3 ] (0.00000669)
[  0  0  0  1  1  0  0  1  0 ] (0.00000323)
[  0  0  0  1  1  0  0  1  1 ] (0.00058815)
[  0  0  0  1  1  0  0  1  2 ] (0.00001430)
[  0  0  0  1  1  0  0  2  0 ] (0.00000003)
[  0  0  0  1  1  0  0  2  1 ] (0.00020608)
[  0  0  0  1  1  0  0  3  0 ] (0.00433312)
[  0  0  0  1  1  0  1  0  0 ] (0.00003503)
[  0  0  0  1  1  0  1  0  1 ] (0.00009506)
[  0  0  0  1  1  0  1  0  2 ] (0.00002028)
[  0  0  0  1  1  0  1  1  0 ] (0.00001760)
[  0  0  0  1  1  0  1  1  1 ] (0.00039504)
[  0  0  0  1  1  0  1  2  0 ] (0.00056509)
[  0  0  0  1  1  0  2  0  0 ] (0.00000177)
[  0  0  0  1  1  0  2  0  1 ] (0.00001764)
[  0  0  0  1  1  0  2  1  0 ] (0.00005668)
[  0  0  0  1  1  0  3  0  0 ] (0.00046078)
[  0  0  0  1  1  1  0  0  0 ] (0.00003230)
[  0  0  0  1  1  1  0  0  1 ] (0.00011063)
[  0  0  0  1  1  1  0  0  2 ] (0.00072814)
[  0  0  0  1  1  1  0  1  0 ] (0.00001119)
[  0  0  0  1  1  1  0  1  1 ] (0.00030444)
[  0  0  0  1  1  1  0  2  0 ] (0.00089626)
[  0  0  0  1  1  1  1  0  0 ] (0.00000006)
[  0  0  0  1  1  1  1  0  1 ] (0.00011806)
[  0  0  0  1  1  1  1  1  0 ] (0.00104147)
[  0  0  0  1  1  1  2  0  0 ] (0.00003389)
[  0  0  0  1  1  2  0  0  0 ] (0.00006330)
[  0  0  0  1  1  2  0  0  1 ] (0.00022767)
[  0  0  0  1  1  2  0  1  0 ] (0.00038334)
[  0  0  0  1  1  2  1  0  0 ] (0.00004841)
[  0  0  0  1  1  3  0  0  0 ] (0.00005428)
[  0  0  0  1  2  0  0  0  0 ] (0.00003131)
[  0  0  0  1  2  0  0  0  1 ] (0.00051306)
[  0  0  0  1  2  0  0  0  2 ] (0.00184495)
[  0  0  0  1  2  0  0  1  0 ] (0.00000660)
[  0  0  0  1  2  0  0  1  1 ] (0.00007758)
[  0  0  0  1  2  0  0  2  0 ] (0.00005868)
[  0  0  0  1  2  0  1  0  0 ] (0.00000003)
[  0  0  0  1  2  0  1  0  1 ] (0.00002278)
[  0  0  0  1  2  0  1  1  0 ] (0.00021840)
[  0  0  0  1  2  0  2  0  0 ] (0.00000022)
[  0  0  0  1  2  1  0  0  0 ] (0.00006295)
[  0  0  0  1  2  1  0  0  1 ] (0.00087042)
[  0  0  0  1  2  1  0  1  0 ] (0.00009071)
[  0  0  0  1  2  1  1  0  0 ] (0.00000074)
[  0  0  0  1  2  2  0  0  0 ] (0.00002268)
[  0  0  0  1  3  0  0  0  0 ] (0.00000022)
[  0  0  0  1  3  0  0  0  1 ] (0.00000022)
[  0  0  0  1  3  0  0  1  0 ] (0.00000036)
[  0  0  0  1  3  0  1  0  0 ] (0.00000040)
[  0  0  0  1  3  1  0  0  0 ] (0.00000155)
[  0  0  0  1  4  0  0  0  0 ] (0.00005222)
[  0  0  0  2  0  0  0  0  0 ] (0.00000261)
[  0  0  0  2  0  0  0  0  1 ] (0.00002739)
[  0  0  0  2  0  0  0  0  2 ] (0.00046848)
[  0  0  0  2  0  0  0  0  3 ] (0.00062745)
[  0  0  0  2  0  0  0  1  0 ] (0.00001330)
[  0  0  0  2  0  0  0  1  1 ] (0.00006111)
[  0  0  0  2  0  0  0  1  2 ] (0.00000666)
[  0  0  0  2  0  0  0  2  0 ] (0.00000052)
[  0  0  0  2  0  0  0  2  1 ] (0.00005538)
[  0  0  0  2  0  0  0  3  0 ] (0.00001024)
[  0  0  0  2  0  0  1  0  0 ] (0.00001006)
[  0  0  0  2  0  0  1  0  1 ] (0.00000315)
[  0  0  0  2  0  0  1  0  2 ] (0.00402126)
[  0  0  0  2  0  0  1  1  0 ] (0.00003376)
[  0  0  0  2  0  0  1  1  1 ] (0.00000250)
[  0  0  0  2  0  0  1  2  0 ] (0.00006884)
[  0  0  0  2  0  0  2  0  0 ] (0.00000133)
[  0  0  0  2  0  0  2  0  1 ] (0.00012742)
[  0  0  0  2  0  0  2  1  0 ] (0.00026171)
[  0  0  0  2  0  0  3  0  0 ] (0.00000895)
[  0  0  0  2  0  1  0  0  0 ] (0.00000695)
[  0  0  0  2  0  1  0  0  1 ] (0.00013427)
[  0  0  0  2  0  1  0  0  2 ] (0.00120346)
[  0  0  0  2  0  1  0  1  0 ] (0.00000064)
[  0  0  0  2  0  1  0  1  1 ] (0.00027834)
[  0  0  0  2  0  1  0  2  0 ] (0.00002309)
[  0  0  0  2  0  1  1  0  0 ] (0.00000271)
[  0  0  0  2  0  1  1  0  1 ] (0.00001128)
[  0  0  0  2  0  1  1  1  0 ] (0.00003183)
[  0  0  0  2  0  1  2  0  0 ] (0.00001119)
[  0  0  0  2  0  2  0  0  0 ] (0.00000376)
[  0  0  0  2  0  2  0  0  1 ] (0.00007636)
[  0  0  0  2  0  2  0  1  0 ] (0.00001260)
[  0  0  0  2  0  2  1  0  0 ] (0.00000069)
[  0  0  0  2  0  3  0  0  0 ] (0.00001780)
[  0  0  0  2  1  0  0  0  0 ] (0.00000051)
[  0  0  0  2  1  0  0  0  1 ] (0.00000599)
[  0  0  0  2  1  0  0  0  2 ] (0.00010569)
[  0  0  0  2  1  0  0  1  0 ] (0.00001468)
[  0  0  0  2  1  0  0  1  1 ] (0.00249135)
[  0  0  0  2  1  0  0  2  0 ] (0.00001399)
[  0  0  0  2  1  0  1  0  0 ] (0.00002208)
[  0  0  0  2  1  0  1  0  1 ] (0.00053709)
[  0  0  0  2  1  0  1  1  0 ] (0.00007665)
[  0  0  0  2  1  0  2  0  0 ] (0.00000217)
[  0  0  0  2  1  1  0  0  0 ] (0.00000393)
[  0  0  0  2  1  1  0  0  1 ] (0.00002967)
[  0  0  0  2  1  1  0  1  0 ] (0.00000533)
[  0  0  0  2  1  1  1  0  0 ] (0.00001000)
[  0  0  0  2  1  2  0  0  0 ] (0.00000677)
[  0  0  0  2  2  0  0  0  0 ] (0.00004321)
[  0  0  0  2  2  0  0  0  1 ] (0.00017445)
[  0  0  0  2  2  0  0  1  0 ] (0.00000004)
[  0  0  0  2  2  0  1  0  0 ] (0.00001757)
[  0  0  0  2  2  1  0  0  0 ] (0.00005179)
[  0  0  0  2  3  0  0  0  0 ] (0.00001620)
[  0  0  0  3  0  0  0  0  0 ] (0.00000246)
[  0  0  0  3  0  0  0  0  1 ] (0.00004235)
[  0  0  0  3  0  0  0  0  2 ] (0.00071150)
[  0  0  0  3  0  0  0  1  0 ] (0.00003516)
[  0  0  0  3  0  0  0  1  1 ] (0.00001522)
[  0  0  0  3  0  0  0  2  0 ] (0.00014029)
[  0  0  0  3  0  0  1  0  0 ] (0.00000737)
[  0  0  0  3  0  0  1  0  1 ] (0.00038320)
[  0  0  0  3  0  0  1  1  0 ] (0.00000132)
[  0  0  0  3  0  0  2  0  0 ] (0.00001656)
[  0  0  0  3  0  1  0  0  0 ] (0.00000753)
[  0  0  0  3  0  1  0  0  1 ] (0.00033439)
[  0  0  0  3  0  1  0  1  0 ] (0.00001779)
[  0  0  0  3  0  1  1  0  0 ] (0.00000359)
[  0  0  0  3  0  2  0  0  0 ] (0.00000027)
[  0  0  0  3  1  0  0  0  0 ] (0.00000161)
[  0  0  0  3  1  0  0  0  1 ] (0.00002897)
[  0  0  0  3  1  0  0  1  0 ] (0.00014700)
[  0  0  0  3  1  0  1  0  0 ] (0.00000019)
[  0  0  0  3  1  1  0  0  0 ] (0.00000470)
[  0  0  0  3  2  0  0  0  0 ] (0.00003790)
[  0  0  0  4  0  0  0  0  0 ] (0.00000222)
[  0  0  0  4  0  0  0  0  1 ] (0.00000471)
[  0  0  0  4  0  0  0  1  0 ] (0.00000078)
[  0  0  0  4  0  0  1  0  0 ] (0.00001581)
[  0  0  0  4  0  1  0  0  0 ] (0.00000640)
[  0  0  0  4  1  0  0  0  0 ] (0.00000353)
[  0  0  0  5  0  0  0  0  0 ] (0.00000430)
[  0  0  1  0  0  0  0  0  0 ] (0.00000751)
[  0  0  1  0  0  0  0  0  1 ] (0.00004589)
[  0  0  1  0  0  0  0  0  2 ] (0.00005870)
[  0  0  1  0  0  0  0  0  3 ] (0.00007192)
[  0  0  1  0  0  0  0  0  4 ] (0.00018742)
[  0  0  1  0  0  0  0  1  0 ] (0.00004088)
[  0  0  1  0  0  0  0  1  1 ] (0.00001685)
[  0  0  1  0  0  0  0  1  2 ] (0.00001943)
[  0  0  1  0  0  0  0  1  3 ] (0.00000725)
[  0  0  1  0  0  0  0  2  0 ] (0.00002413)
[  0  0  1  0  0  0  0  2  1 ] (0.00006655)
[  0  0  1  0  0  0  0  2  2 ] (0.00006154)
[  0  0  1  0  0  0  0  3  0 ] (0.00009385)
[  0  0  1  0  0  0  0  3  1 ] (0.00012934)
[  0  0  1  0  0  0  0  4  0 ] (0.00002822)
[  0  0  1  0  0  0  1  0  0 ] (0.00000141)
[  0  0  1  0  0  0  1  0  1 ] (0.00003157)
[  0  0  1  0  0  0  1  0  2 ] (0.00024673)
[  0  0  1  0  0  0  1  0  3 ] (0.00000669)
[  0  0  1  0  0  0  1  1  0 ] (0.00006337)
[  0  0  1  0  0  0  1  1  1 ] (0.00043316)
[  0  0  1  0  0  0  1  1  2 ] (0.00000023)
[  0  0  1  0  0  0  1  2  0 ] (0.00002904)
[  0  0  1  0  0  0  1  2  1 ] (0.00000498)
[  0  0  1  0  0  0  1  3  0 ] (0.00007651)
[  0  0  1  0  0  0  2  0  0 ] (0.00000005)
[  0  0  1  0  0  0  2  0  1 ] (0.00000022)
[  0  0  1  0  0  0  2  0  2 ] (0.00003192)
[  0  0  1  0  0  0  2  1  0 ] (0.00002024)
[  0  0  1  0  0  0  2  1  1 ] (0.00007988)
[  0  0  1  0  0  0  2  2  0 ] (0.00067627)
[  0  0  1  0  0  0  3  0  0 ] (0.00000699)
[  0  0  1  0  0  0  3  0  1 ] (0.00020036)
[  0  0  1  0  0  0  3  1  0 ] (0.00113527)
[  0  0  1  0  0  0  4  0  0 ] (0.00081250)
[  0  0  1  0  0  1  0  0  0 ] (0.00000012)
[  0  0  1  0  0  1  0  0  1 ] (0.00000016)
[  0  0  1  0  0  1  0  0  2 ] (0.00012546)
[  0  0  1  0  0  1  0  0  3 ] (0.00028206)
[  0  0  1  0  0  1  0  1  0 ] (0.00001186)
[  0  0  1  0  0  1  0  1  1 ] (0.00000875)
[  0  0  1  0  0  1  0  1  2 ] (0.00000164)
[  0  0  1  0  0  1  0  2  0 ] (0.00000047)
[  0  0  1  0  0  1  0  2  1 ] (0.00002240)
[  0  0  1  0  0  1  0  3  0 ] (0.00000090)
[  0  0  1  0  0  1  1  0  0 ] (0.00000541)
[  0  0  1  0  0  1  1  0  1 ] (0.00022872)
[  0  0  1  0  0  1  1  0  2 ] (0.00000018)
[  0  0  1  0  0  1  1  1  0 ] (0.00000119)
[  0  0  1  0  0  1  1  1  1 ] (0.00063947)
[  0  0  1  0  0  1  1  2  0 ] (0.00000168)
[  0  0  1  0  0  1  2  0  0 ] (0.00002888)
[  0  0  1  0  0  1  2  0  1 ] (0.00025898)
[  0  0  1  0  0  1  2  1  0 ] (0.00007054)
[  0  0  1  0  0  1  3  0  0 ] (0.00008734)
[  0  0  1  0  0  2  0  0  0 ] (0.00000009)
[  0  0  1  0  0  2  0  0  1 ] (0.00000008)
[  0  0  1  0  0  2  0  0  2 ] (0.00001150)
[  0  0  1  0  0  2  0  1  0 ] (0.00001193)
[  0  0  1  0  0  2  0  1  1 ] (0.00003415)
[  0  0  1  0  0  2  0  2  0 ] (0.00000026)
[  0  0  1  0  0  2  1  0  0 ] (0.00008550)
[  0  0  1  0  0  2  1  0  1 ] (0.00187172)
[  0  0  1  0  0  2  1  1  0 ] (0.00005769)
[  0  0  1  0  0  2  2  0  0 ] (0.00002084)
[  0  0  1  0  0  3  0  0  0 ] (0.00000000)
[  0  0  1  0  0  3  0  0  1 ] (0.00000113)
[  0  0  1  0  0  3  0  1  0 ] (0.00000159)
[  0  0  1  0  0  3  1  0  0 ] (0.00002144)
[  0  0  1  0  0  4  0  0  0 ] (0.00000019)
[  0  0  1  0  1  0  0  0  0 ] (0.00003016)
[  0  0  1  0  1  0  0  0  1 ] (0.00012818)
[  0  0  1  0  1  0  0  0  2 ] (0.00000047)
[  0  0  1  0  1  0  0  0  3 ] (0.00003433)
[  0  0  1  0  1  0  0  1  0 ] (0.00001116)
[  0  0  1  0  1  0  0  1  1 ] (0.00028991)
[  0  0  1  0  1  0  0  1  2 ] (0.00000353)
[  0  0  1  0  1  0  0  2  0 ] (0.00002941)
[  0  0  1  0  1  0  0  2  1 ] (0.00000022)
[  0  0  1  0  1  0  0  3  0 ] (0.00164108)
[  0  0  1  0  1  0  1  0  0 ] (0.00001398)
[  0  0  1  0  1  0  1  0  1 ] (0.00000099)
[  0  0  1  0  1  0  1  0  2 ] (0.00002697)
[  0  0  1  0  1  0  1  1  0 ] (0.00000031)
[  0  0  1  0  1  0  1  1  1 ] (0.00034817)
[  0  0  1  0  1  0  1  2  0 ] (0.00003769)
[  0  0  1  0  1  0  2  0  0 ] (0.00015488)
[  0  0  1  0  1  0  2  0  1 ] (0.00151528)
[  0  0  1  0  1  0  2  1  0 ] (0.00000378)
[  0  0  1  0  1  0  3  0  0 ] (0.00021701)
[  0  0  1  0  1  1  0  0  0 ] (0.00000000)
[  0  0  1  0  1  1  0  0  1 ] (0.00000134)
[  0  0  1  0  1  1  0  0  2 ] (0.00022790)
[  0  0  1  0  1  1  0  1  0 ] (0.00001237)
[  0  0  1  0  1  1  0  1  1 ] (0.00121924)
[  0  0  1  0  1  1  0  2  0 ] (0.00016991)
[  0  0  1  0  1  1  1  0  0 ] (0.00000064)
[  0  0  1  0  1  1  1  0  1 ] (0.00028366)
[  0  0  1  0  1  1  1  1  0 ] (0.00009536)
[  0  0  1  0  1  1  2  0  0 ] (0.00001968)
[  0  0  1  0  1  2  0  0  0 ] (0.00000001)
[  0  0  1  0  1  2  0  0  1 ] (0.00000004)
[  0  0  1  0  1  2  0  1  0 ] (0.00000608)
[  0  0  1  0  1  2  1  0  0 ] (0.00004494)
[  0  0  1  0  1  3  0  0  0 ] (0.00000013)
[  0  0  1  0  2  0  0  0  0 ] (0.00000646)
[  0  0  1  0  2  0  0  0  1 ] (0.00006991)
[  0  0  1  0  2  0  0  0  2 ] (0.00150923)
[  0  0  1  0  2  0  0  1  0 ] (0.00001243)
[  0  0  1  0  2  0  0  1  1 ] (0.00386876)
[  0  0  1  0  2  0  0  2  0 ] (0.00002662)
[  0  0  1  0  2  0  1  0  0 ] (0.00236581)
[  0  0  1  0  2  0  1  0  1 ] (0.02576359)
[  0  0  1  0  2  0  1  1  0 ] (0.00309344)
[  0  0  1  0  2  0  2  0  0 ] (0.00000203)
[  0  0  1  0  2  1  0  0  0 ] (0.00008294)
[  0  0  1  0  2  1  0  0  1 ] (0.00072420)
[  0  0  1  0  2  1  0  1  0 ] (0.00006587)
[  0  0  1  0  2  1  1  0  0 ] (0.00036386)
[  0  0  1  0  2  2  0  0  0 ] (0.00004866)
[  0  0  1  0  3  0  0  0  0 ] (0.00004008)
[  0  0  1  0  3  0  0  0  1 ] (0.00018851)
[  0  0  1  0  3  0  0  1  0 ] (0.00003429)
[  0  0  1  0  3  0  1  0  0 ] (0.00000251)
[  0  0  1  0  3  1  0  0  0 ] (0.00003689)
[  0  0  1  0  4  0  0  0  0 ] (0.00000170)
[  0  0  1  1  0  0  0  0  0 ] (0.00000000)
[  0  0  1  1  0  0  0  0  1 ] (0.00000357)
[  0  0  1  1  0  0  0  0  2 ] (0.00003699)
[  0  0  1  1  0  0  0  0  3 ] (0.00084269)
[  0  0  1  1  0  0  0  1  0 ] (0.00018309)
[  0  0  1  1  0  0  0  1  1 ] (0.00001210)
[  0  0  1  1  0  0  0  1  2 ] (0.00789875)
[  0  0  1  1  0  0  0  2  0 ] (0.00002327)
[  0  0  1  1  0  0  0  2  1 ] (0.00235184)
[  0  0  1  1  0  0  0  3  0 ] (0.00029111)
[  0  0  1  1  0  0  1  0  0 ] (0.00001540)
[  0  0  1  1  0  0  1  0  1 ] (0.00099446)
[  0  0  1  1  0  0  1  0  2 ] (0.00011274)
[  0  0  1  1  0  0  1  1  0 ] (0.00038726)
[  0  0  1  1  0  0  1  1  1 ] (0.00043141)
[  0  0  1  1  0  0  1  2  0 ] (0.00244212)
[  0  0  1  1  0  0  2  0  0 ] (0.00002358)
[  0  0  1  1  0  0  2  0  1 ] (0.00141796)
[  0  0  1  1  0  0  2  1  0 ] (0.01008315)
[  0  0  1  1  0  0  3  0  0 ] (0.00000581)
[  0  0  1  1  0  1  0  0  0 ] (0.00000313)
[  0  0  1  1  0  1  0  0  1 ] (0.00000058)
[  0  0  1  1  0  1  0  0  2 ] (0.00019230)
[  0  0  1  1  0  1  0  1  0 ] (0.00000150)
[  0  0  1  1  0  1  0  1  1 ] (0.00015296)
[  0  0  1  1  0  1  0  2  0 ] (0.00023550)
[  0  0  1  1  0  1  1  0  0 ] (0.00033524)
[  0  0  1  1  0  1  1  0  1 ] (0.00869400)
[  0  0  1  1  0  1  1  1  0 ] (0.00050728)
[  0  0  1  1  0  1  2  0  0 ] (0.00001848)
[  0  0  1  1  0  2  0  0  0 ] (0.00001109)
[  0  0  1  1  0  2  0  0  1 ] (0.00004263)
[  0  0  1  1  0  2  0  1  0 ] (0.00003211)
[  0  0  1  1  0  2  1  0  0 ] (0.00001124)
[  0  0  1  1  0  3  0  0  0 ] (0.00002548)
[  0  0  1  1  1  0  0  0  0 ] (0.00027151)
[  0  0  1  1  1  0  0  0  1 ] (0.00370869)
[  0  0  1  1  1  0  0  0  2 ] (0.02543168)
[  0  0  1  1  1  0  0  1  0 ] (0.00010283)
[  0  0  1  1  1  0  0  1  1 ] (0.00012612)
[  0  0  1  1  1  0  0  2  0 ] (0.00618610)
[  0  0  1  1  1  0  1  0  0 ] (0.00005199)
[  0  0  1  1  1  0  1  0  1 ] (0.00565241)
[  0  0  1  1  1  0  1  1  0 ] (0.00027455)
[  0  0  1  1  1  0  2  0  0 ] (0.00081124)
[  0  0  1  1  1  1  0  0  0 ] (0.00038071)
[  0  0  1  1  1  1  0  0  1 ] (0.00564345)
[  0  0  1  1  1  1  0  1  0 ] (0.00044241)
[  0  0  1  1  1  1  1  0  0 ] (0.00002900)
[  0  0  1  1  1  2  0  0  0 ] (0.00019896)
[  0  0  1  1  2  0  0  0  0 ] (0.00001467)
[  0  0  1  1  2  0  0  0  1 ] (0.00010954)
[  0  0  1  1  2  0  0  1  0 ] (0.00062233)
[  0  0  1  1  2  0  1  0  0 ] (0.00000037)
[  0  0  1  1  2  1  0  0  0 ] (0.00004523)
[  0  0  1  1  3  0  0  0  0 ] (0.00000385)
[  0  0  1  2  0  0  0  0  0 ] (0.00000096)
[  0  0  1  2  0  0  0  0  1 ] (0.00000054)
[  0  0  1  2  0  0  0  0  2 ] (0.00012858)
[  0  0  1  2  0  0  0  1  0 ] (0.00002535)
[  0  0  1  2  0  0  0  1  1 ] (0.00062377)
[  0  0  1  2  0  0  0  2  0 ] (0.00002817)
[  0  0  1  2  0  0  1  0  0 ] (0.00000486)
[  0  0  1  2  0  0  1  0  1 ] (0.00020305)
[  0  0  1  2  0  0  1  1  0 ] (0.00007278)
[  0  0  1  2  0  0  2  0  0 ] (0.00001271)
[  0  0  1  2  0  1  0  0  0 ] (0.00000000)
[  0  0  1  2  0  1  0  0  1 ] (0.00000381)
[  0  0  1  2  0  1  0  1  0 ] (0.00000263)
[  0  0  1  2  0  1  1  0  0 ] (0.00001202)
[  0  0  1  2  0  2  0  0  0 ] (0.00000004)
[  0  0  1  2  1  0  0  0  0 ] (0.00000224)
[  0  0  1  2  1  0  0  0  1 ] (0.00000266)
[  0  0  1  2  1  0  0  1  0 ] (0.00007351)
[  0  0  1  2  1  0  1  0  0 ] (0.00000168)
[  0  0  1  2  1  1  0  0  0 ] (0.00000439)
[  0  0  1  2  2  0  0  0  0 ] (0.00000122)
[  0  0  1  3  0  0  0  0  0 ] (0.00000190)
[  0  0  1  3  0  0  0  0  1 ] (0.00001354)
[  0  0  1  3  0  0  0  1  0 ] (0.00000376)
[  0  0  1  3  0  0  1  0  0 ] (0.00000002)
[  0  0  1  3  0  1  0  0  0 ] (0.00000068)
[  0  0  1  3  1  0  0  0  0 ] (0.00000692)
[  0  0  1  4  0  0  0  0  0 ] (0.00000064)
[  0  0  2  0  0  0  0  0  0 ] (0.00000000)
[  0  0  2  0  0  0  0  0  1 ] (0.00000043)
[  0  0  2  0  0  0  0  0  2 ] (0.00000803)
[  0  0  2  0  0  0  0  0  3 ] (0.00274543)
[  0  0  2  0  0  0  0  1  0 ] (0.00000164)
[  0  0  2  0  0  0  0  1  1 ] (0.00000224)
[  0  0  2  0  0  0  0  1  2 ] (0.00012826)
[  0  0  2  0  0  0  0  2  0 ] (0.00007816)
[  0  0  2  0  0  0  0  2  1 ] (0.00003408)
[  0  0  2  0  0  0  0  3  0 ] (0.00002071)
[  0  0  2  0  0  0  1  0  0 ] (0.00000185)
[  0  0  2  0  0  0  1  0  1 ] (0.00000026)
[  0  0  2  0  0  0  1  0  2 ] (0.00086817)
[  0  0  2  0  0  0  1  1  0 ] (0.00000104)
[  0  0  2  0  0  0  1  1  1 ] (0.00004020)
[  0  0  2  0  0  0  1  2  0 ] (0.00019161)
[  0  0  2  0  0  0  2  0  0 ] (0.00016923)
[  0  0  2  0  0  0  2  0  1 ] (0.00141447)
[  0  0  2  0  0  0  2  1  0 ] (0.00002661)
[  0  0  2  0  0  0  3  0  0 ] (0.00003934)
[  0  0  2  0  0  1  0  0  0 ] (0.00000397)
[  0  0  2  0  0  1  0  0  1 ] (0.00004325)
[  0  0  2  0  0  1  0  0  2 ] (0.00010272)
[  0  0  2  0  0  1  0  1  0 ] (0.00000143)
[  0  0  2  0  0  1  0  1  1 ] (0.00002344)
[  0  0  2  0  0  1  0  2  0 ] (0.00002689)
[  0  0  2  0  0  1  1  0  0 ] (0.00000178)
[  0  0  2  0  0  1  1  0  1 ] (0.00005774)
[  0  0  2  0  0  1  1  1  0 ] (0.00000000)
[  0  0  2  0  0  1  2  0  0 ] (0.00000380)
[  0  0  2  0  0  2  0  0  0 ] (0.00000518)
[  0  0  2  0  0  2  0  0  1 ] (0.00001685)
[  0  0  2  0  0  2  0  1  0 ] (0.00000053)
[  0  0  2  0  0  2  1  0  0 ] (0.00000156)
[  0  0  2  0  0  3  0  0  0 ] (0.00000591)
[  0  0  2  0  1  0  0  0  0 ] (0.00000034)
[  0  0  2  0  1  0  0  0  1 ] (0.00000133)
[  0  0  2  0  1  0  0  0  2 ] (0.00005569)
[  0  0  2  0  1  0  0  1  0 ] (0.00014233)
[  0  0  2  0  1  0  0  1  1 ] (0.00199939)
[  0  0  2  0  1  0  0  2  0 ] (0.00000406)
[  0  0  2  0  1  0  1  0  0 ] (0.00005496)
[  0  0  2  0  1  0  1  0  1 ] (0.00125724)
[  0  0  2  0  1  0  1  1  0 ] (0.00045487)
[  0  0  2  0  1  0  2  0  0 ] (0.00000162)
[  0  0  2  0  1  1  0  0  0 ] (0.00000220)
[  0  0  2  0  1  1  0  0  1 ] (0.00000564)
[  0  0  2  0  1  1  0  1  0 ] (0.00001492)
[  0  0  2  0  1  1  1  0  0 ] (0.00002659)
[  0  0  2  0  1  2  0  0  0 ] (0.00000200)
[  0  0  2  0  2  0  0  0  0 ] (0.00000063)
[  0  0  2  0  2  0  0  0  1 ] (0.00000727)
[  0  0  2  0  2  0  0  1  0 ] (0.00000078)
[  0  0  2  0  2  0  1  0  0 ] (0.00004175)
[  0  0  2  0  2  1  0  0  0 ] (0.00001203)
[  0  0  2  0  3  0  0  0  0 ] (0.00000564)
[  0  0  2  1  0  0  0  0  0 ] (0.00000051)
[  0  0  2  1  0  0  0  0  1 ] (0.00000667)
[  0  0  2  1  0  0  0  0  2 ] (0.00000221)
[  0  0  2  1  0  0  0  1  0 ] (0.00001903)
[  0  0  2  1  0  0  0  1  1 ] (0.00020430)
[  0  0  2  1  0  0  0  2  0 ] (0.00000199)
[  0  0  2  1  0  0  1  0  0 ] (0.00000561)
[  0  0  2  1  0  0  1  0  1 ] (0.00009561)
[  0  0  2  1  0  0  1  1  0 ] (0.00050155)
[  0  0  2  1  0  0  2  0  0 ] (0.00000016)
[  0  0  2  1  0  1  0  0  0 ] (0.00000936)
[  0  0  2  1  0  1  0  0  1 ] (0.00000285)
[  0  0  2  1  0  1  0  1  0 ] (0.00000054)
[  0  0  2  1  0  1  1  0  0 ] (0.00000532)
[  0  0  2  1  0  2  0  0  0 ] (0.00000186)
[  0  0  2  1  1  0  0  0  0 ] (0.00001320)
[  0  0  2  1  1  0  0  0  1 ] (0.00006760)
[  0  0  2  1  1  0  0  1  0 ] (0.00000399)
[  0  0  2  1  1  0  1  0  0 ] (0.00003100)
[  0  0  2  1  1  1  0  0  0 ] (0.00001381)
[  0  0  2  1  2  0  0  0  0 ] (0.00000017)
[  0  0  2  2  0  0  0  0  0 ] (0.00000173)
[  0  0  2  2  0  0  0  0  1 ] (0.00000867)
[  0  0  2  2  0  0  0  1  0 ] (0.00000107)
[  0  0  2  2  0  0  1  0  0 ] (0.00000147)
[  0  0  2  2  0  1  0  0  0 ] (0.00000285)
[  0  0  2  2  1  0  0  0  0 ] (0.00000056)
[  0  0  2  3  0  0  0  0  0 ] (0.00000236)
[  0  0  3  0  0  0  0  0  0 ] (0.00000529)
[  0  0  3  0  0  0  0  0  1 ] (0.00006399)
[  0  0  3  0  0  0  0  0  2 ] (0.00024869)
[  0  0  3  0  0  0  0  1  0 ] (0.00001736)
[  0  0  3  0  0  0  0  1  1 ] (0.00007979)
[  0  0  3  0  0  0  0  2  0 ] (0.00006083)
[  0  0  3  0  0  0  1  0  0 ] (0.00000659)
[  0  0  3  0  0  0  1  0  1 ] (0.00020865)
[  0  0  3  0  0  0  1  1  0 ] (0.00000066)
[  0  0  3  0  0  0  2  0  0 ] (0.00000520)
[  0  0  3  0  0  1  0  0  0 ] (0.00001572)
[  0  0  3  0  0  1  0  0  1 ] (0.00016246)
[  0  0  3  0  0  1  0  1  0 ] (0.00000293)
[  0  0  3  0  0  1  1  0  0 ] (0.00000112)
[  0  0  3  0  0  2  0  0  0 ] (0.00001123)
[  0  0  3  0  1  0  0  0  0 ] (0.00000658)
[  0  0  3  0  1  0  0  0  1 ] (0.00000898)
[  0  0  3  0  1  0  0  1  0 ] (0.00005555)
[  0  0  3  0  1  0  1  0  0 ] (0.00003377)
[  0  0  3  0  1  1  0  0  0 ] (0.00000376)
[  0  0  3  0  2  0  0  0  0 ] (0.00000151)
[  0  0  3  1  0  0  0  0  0 ] (0.00000303)
[  0  0  3  1  0  0  0  0  1 ] (0.00000893)
[  0  0  3  1  0  0  0  1  0 ] (0.00000985)
[  0  0  3  1  0  0  1  0  0 ] (0.00000055)
[  0  0  3  1  0  1  0  0  0 ] (0.00001702)
[  0  0  3  1  1  0  0  0  0 ] (0.00000034)
[  0  0  3  2  0  0  0  0  0 ] (0.00000299)
[  0  0  4  0  0  0  0  0  0 ] (0.00000188)
[  0  0  4  0  0  0  0  0  1 ] (0.00002443)
[  0  0  4  0  0  0  0  1  0 ] (0.00000155)
[  0  0  4  0  0  0  1  0  0 ] (0.00000000)
[  0  0  4  0  0  1  0  0  0 ] (0.00000065)
[  0  0  4  0  1  0  0  0  0 ] (0.00000388)
[  0  0  4  1  0  0  0  0  0 ] (0.00000163)
[  0  0  5  0  0  0  0  0  0 ] (0.00000000)
[  0  1  0  0  0  0  0  0  0 ] (0.00000003)
[  0  1  0  0  0  0  0  0  1 ] (0.00001897)
[  0  1  0  0  0  0  0  0  2 ] (0.00000129)
[  0  1  0  0  0  0  0  0  3 ] (0.00040021)
[  0  1  0  0  0  0  0  0  4 ] (0.00010887)
[  0  1  0  0  0  0  0  1  0 ] (0.00000034)
[  0  1  0  0  0  0  0  1  1 ] (0.00003224)
[  0  1  0  0  0  0  0  1  2 ] (0.00083954)
[  0  1  0  0  0  0  0  1  3 ] (0.00000002)
[  0  1  0  0  0  0  0  2  0 ] (0.00000742)
[  0  1  0  0  0  0  0  2  1 ] (0.00002217)
[  0  1  0  0  0  0  0  2  2 ] (0.00002315)
[  0  1  0  0  0  0  0  3  0 ] (0.00002716)
[  0  1  0  0  0  0  0  3  1 ] (0.00001136)
[  0  1  0  0  0  0  0  4  0 ] (0.00005053)
[  0  1  0  0  0  0  1  0  0 ] (0.00000859)
[  0  1  0  0  0  0  1  0  1 ] (0.00002482)
[  0  1  0  0  0  0  1  0  2 ] (0.00003775)
[  0  1  0  0  0  0  1  0  3 ] (0.00010324)
[  0  1  0  0  0  0  1  1  0 ] (0.00008706)
[  0  1  0  0  0  0  1  1  1 ] (0.00161456)
[  0  1  0  0  0  0  1  1  2 ] (0.00053939)
[  0  1  0  0  0  0  1  2  0 ] (0.00000413)
[  0  1  0  0  0  0  1  2  1 ] (0.00000483)
[  0  1  0  0  0  0  1  3  0 ] (0.00051790)
[  0  1  0  0  0  0  2  0  0 ] (0.00000491)
[  0  1  0  0  0  0  2  0  1 ] (0.00014311)
[  0  1  0  0  0  0  2  0  2 ] (0.00000523)
[  0  1  0  0  0  0  2  1  0 ] (0.00000000)
[  0  1  0  0  0  0  2  1  1 ] (0.00040650)
[  0  1  0  0  0  0  2  2  0 ] (0.00041675)
[  0  1  0  0  0  0  3  0  0 ] (0.00004703)
[  0  1  0  0  0  0  3  0  1 ] (0.00582479)
[  0  1  0  0  0  0  3  1  0 ] (0.00101653)
[  0  1  0  0  0  0  4  0  0 ] (0.00171686)
[  0  1  0  0  0  1  0  0  0 ] (0.00000271)
[  0  1  0  0  0  1  0  0  1 ] (0.00000506)
[  0  1  0  0  0  1  0  0  2 ] (0.00001469)
[  0  1  0  0  0  1  0  0  3 ] (0.00045696)
[  0  1  0  0  0  1  0  1  0 ] (0.00001738)
[  0  1  0  0  0  1  0  1  1 ] (0.00001213)
[  0  1  0  0  0  1  0  1  2 ] (0.00025984)
[  0  1  0  0  0  1  0  2  0 ] (0.00000003)
[  0  1  0  0  0  1  0  2  1 ] (0.00010744)
[  0  1  0  0  0  1  0  3  0 ] (0.00001320)
[  0  1  0  0  0  1  1  0  0 ] (0.00000023)
[  0  1  0  0  0  1  1  0  1 ] (0.00018355)
[  0  1  0  0  0  1  1  0  2 ] (0.00203342)
[  0  1  0  0  0  1  1  1  0 ] (0.00010966)
[  0  1  0  0  0  1  1  1  1 ] (0.00007277)
[  0  1  0  0  0  1  1  2  0 ] (0.00001595)
[  0  1  0  0  0  1  2  0  0 ] (0.00047695)
[  0  1  0  0  0  1  2  0  1 ] (0.00518592)
[  0  1  0  0  0  1  2  1  0 ] (0.00392155)
[  0  1  0  0  0  1  3  0  0 ] (0.00014567)
[  0  1  0  0  0  2  0  0  0 ] (0.00000026)
[  0  1  0  0  0  2  0  0  1 ] (0.00000109)
[  0  1  0  0  0  2  0  0  2 ] (0.00002039)
[  0  1  0  0  0  2  0  1  0 ] (0.00019185)
[  0  1  0  0  0  2  0  1  1 ] (0.00194986)
[  0  1  0  0  0  2  0  2  0 ] (0.00000095)
[  0  1  0  0  0  2  1  0  0 ] (0.00002178)
[  0  1  0  0  0  2  1  0  1 ] (0.00008842)
[  0  1  0  0  0  2  1  1  0 ] (0.00167120)
[  0  1  0  0  0  2  2  0  0 ] (0.00000335)
[  0  1  0  0  0  3  0  0  0 ] (0.00000011)
[  0  1  0  0  0  3  0  0  1 ] (0.00001872)
[  0  1  0  0  0  3  0  1  0 ] (0.00000162)
[  0  1  0  0  0  3  1  0  0 ] (0.00000018)
[  0  1  0  0  0  4  0  0  0 ] (0.00000006)
[  0  1  0  0  1  0  0  0  0 ] (0.00000063)
[  0  1  0  0  1  0  0  0  1 ] (0.00002994)
[  0  1  0  0  1  0  0  0  2 ] (0.00005162)
[  0  1  0  0  1  0  0  0  3 ] (0.00030746)
[  0  1  0  0  1  0  0  1  0 ] (0.00002373)
[  0  1  0  0  1  0  0  1  1 ] (0.00000114)
[  0  1  0  0  1  0  0  1  2 ] (0.00001510)
[  0  1  0  0  1  0  0  2  0 ] (0.00002441)
[  0  1  0  0  1  0  0  2  1 ] (0.00005225)
[  0  1  0  0  1  0  0  3  0 ] (0.00206159)
[  0  1  0  0  1  0  1  0  0 ] (0.00000347)
[  0  1  0  0  1  0  1  0  1 ] (0.00000091)
[  0  1  0  0  1  0  1  0  2 ] (0.00029456)
[  0  1  0  0  1  0  1  1  0 ] (0.00022581)
[  0  1  0  0  1  0  1  1  1 ] (0.00037081)
[  0  1  0  0  1  0  1  2  0 ] (0.00003582)
[  0  1  0  0  1  0  2  0  0 ] (0.00001346)
[  0  1  0  0  1  0  2  0  1 ] (0.00004529)
[  0  1  0  0  1  0  2  1  0 ] (0.00008653)
[  0  1  0  0  1  0  3  0  0 ] (0.00000167)
[  0  1  0  0  1  1  0  0  0 ] (0.00000004)
[  0  1  0  0  1  1  0  0  1 ] (0.00000417)
[  0  1  0  0  1  1  0  0  2 ] (0.00010286)
[  0  1  0  0  1  1  0  1  0 ] (0.00000337)
[  0  1  0  0  1  1  0  1  1 ] (0.00075764)
[  0  1  0  0  1  1  0  2  0 ] (0.00005350)
[  0  1  0  0  1  1  1  0  0 ] (0.00000141)
[  0  1  0  0  1  1  1  0  1 ] (0.00005953)
[  0  1  0  0  1  1  1  1  0 ] (0.00008173)
[  0  1  0  0  1  1  2  0  0 ] (0.00000103)
[  0  1  0  0  1  2  0  0  0 ] (0.00000255)
[  0  1  0  0  1  2  0  0  1 ] (0.00000003)
[  0  1  0  0  1  2  0  1  0 ] (0.00000219)
[  0  1  0  0  1  2  1  0  0 ] (0.00000702)
[  0  1  0  0  1  3  0  0  0 ] (0.00000000)
[  0  1  0  0  2  0  0  0  0 ] (0.00009997)
[  0  1  0  0  2  0  0  0  1 ] (0.00061388)
[  0  1  0  0  2  0  0  0  2 ] (0.00116304)
[  0  1  0  0  2  0  0  1  0 ] (0.00000085)
[  0  1  0  0  2  0  0  1  1 ] (0.00000654)
[  0  1  0  0  2  0  0  2  0 ] (0.00021322)
[  0  1  0  0  2  0  1  0  0 ] (0.00053850)
[  0  1  0  0  2  0  1  0  1 ] (0.00357517)
[  0  1  0  0  2  0  1  1  0 ] (0.00007595)
[  0  1  0  0  2  0  2  0  0 ] (0.00001826)
[  0  1  0  0  2  1  0  0  0 ] (0.00006698)
[  0  1  0  0  2  1  0  0  1 ] (0.00065158)
[  0  1  0  0  2  1  0  1  0 ] (0.00000003)
[  0  1  0  0  2  1  1  0  0 ] (0.00038372)
[  0  1  0  0  2  2  0  0  0 ] (0.00002252)
[  0  1  0  0  3  0  0  0  0 ] (0.00002366)
[  0  1  0  0  3  0  0  0  1 ] (0.00017559)
[  0  1  0  0  3  0  0  1  0 ] (0.00000002)
[  0  1  0  0  3  0  1  0  0 ] (0.00004799)
[  0  1  0  0  3  1  0  0  0 ] (0.00001575)
[  0  1  0  0  4  0  0  0  0 ] (0.00000234)
[  0  1  0  1  0  0  0  0  0 ] (0.00000036)
[  0  1  0  1  0  0  0  0  1 ] (0.00000385)
[  0  1  0  1  0  0  0  0  2 ] (0.00000642)
[  0  1  0  1  0  0  0  0  3 ] (0.00221356)
[  0  1  0  1  0  0  0  1  0 ] (0.00001680)
[  0  1  0  1  0  0  0  1  1 ] (0.00038608)
[  0  1  0  1  0  0  0  1  2 ] (0.00061679)
[  0  1  0  1  0  0  0  2  0 ] (0.00001087)
[  0  1  0  1  0  0  0  2  1 ] (0.00075073)
[  0  1  0  1  0  0  0  3  0 ] (0.00000086)
[  0  1  0  1  0  0  1  0  0 ] (0.00001249)
[  0  1  0  1  0  0  1  0  1 ] (0.00039748)
[  0  1  0  1  0  0  1  0  2 ] (0.00002474)
[  0  1  0  1  0  0  1  1  0 ] (0.00138438)
[  0  1  0  1  0  0  1  1  1 ] (0.00011235)
[  0  1  0  1  0  0  1  2  0 ] (0.00083624)
[  0  1  0  1  0  0  2  0  0 ] (0.00002772)
[  0  1  0  1  0  0  2  0  1 ] (0.00020796)
[  0  1  0  1  0  0  2  1  0 ] (0.01030281)
[  0  1  0  1  0  0  3  0  0 ] (0.00000053)
[  0  1  0  1  0  1  0  0  0 ] (0.00000498)
[  0  1  0  1  0  1  0  0  1 ] (0.00003498)
[  0  1  0  1  0  1  0  0  2 ] (0.00002178)
[  0  1  0  1  0  1  0  1  0 ] (0.00000119)
[  0  1  0  1  0  1  0  1  1 ] (0.00289083)
[  0  1  0  1  0  1  0  2  0 ] (0.00015265)
[  0  1  0  1  0  1  1  0  0 ] (0.00021483)
[  0  1  0  1  0  1  1  0  1 ] (0.00288890)
[  0  1  0  1  0  1  1  1  0 ] (0.00415530)
[  0  1  0  1  0  1  2  0  0 ] (0.00000049)
[  0  1  0  1  0  2  0  0  0 ] (0.00000200)
[  0  1  0  1  0  2  0  0  1 ] (0.00000654)
[  0  1  0  1  0  2  0  1  0 ] (0.00000558)
[  0  1  0  1  0  2  1  0  0 ] (0.00000146)
[  0  1  0  1  0  3  0  0  0 ] (0.00000111)
[  0  1  0  1  1  0  0  0  0 ] (0.00000097)
[  0  1  0  1  1  0  0  0  1 ] (0.00001077)
[  0  1  0  1  1  0  0  0  2 ] (0.00014838)
[  0  1  0  1  1  0  0  1  0 ] (0.00002572)
[  0  1  0  1  1  0  0  1  1 ] (0.00295549)
[  0  1  0  1  1  0  0  2  0 ] (0.00015114)
[  0  1  0  1  1  0  1  0  0 ] (0.00013530)
[  0  1  0  1  1  0  1  0  1 ] (0.00557781)
[  0  1  0  1  1  0  1  1  0 ] (0.00229933)
[  0  1  0  1  1  0  2  0  0 ] (0.00007872)
[  0  1  0  1  1  1  0  0  0 ] (0.00001921)
[  0  1  0  1  1  1  0  0  1 ] (0.00000062)
[  0  1  0  1  1  1  0  1  0 ] (0.00012031)
[  0  1  0  1  1  1  1  0  0 ] (0.00000404)
[  0  1  0  1  1  2  0  0  0 ] (0.00000500)
[  0  1  0  1  2  0  0  0  0 ] (0.00003141)
[  0  1  0  1  2  0  0  0  1 ] (0.00016169)
[  0  1  0  1  2  0  0  1  0 ] (0.00005948)
[  0  1  0  1  2  0  1  0  0 ] (0.00001639)
[  0  1  0  1  2  1  0  0  0 ] (0.00001290)
[  0  1  0  1  3  0  0  0  0 ] (0.00000825)
[  0  1  0  2  0  0  0  0  0 ] (0.00000107)
[  0  1  0  2  0  0  0  0  1 ] (0.00002351)
[  0  1  0  2  0  0  0  0  2 ] (0.00003300)
[  0  1  0  2  0  0  0  1  0 ] (0.00000008)
[  0  1  0  2  0  0  0  1  1 ] (0.00000302)
[  0  1  0  2  0  0  0  2  0 ] (0.00000810)
[  0  1  0  2  0  0  1  0  0 ] (0.00000044)
[  0  1  0  2  0  0  1  0  1 ] (0.00000323)
[  0  1  0  2  0  0  1  1  0 ] (0.00002973)
[  0  1  0  2  0  0  2  0  0 ] (0.00000023)
[  0  1  0  2  0  1  0  0  0 ] (0.00000009)
[  0  1  0  2  0  1  0  0  1 ] (0.00002538)
[  0  1  0  2  0  1  0  1  0 ] (0.00000125)
[  0  1  0  2  0  1  1  0  0 ] (0.00000264)
[  0  1  0  2  0  2  0  0  0 ] (0.00000036)
[  0  1  0  2  1  0  0  0  0 ] (0.00000055)
[  0  1  0  2  1  0  0  0  1 ] (0.00000096)
[  0  1  0  2  1  0  0  1  0 ] (0.00000090)
[  0  1  0  2  1  0  1  0  0 ] (0.00000108)
[  0  1  0  2  1  1  0  0  0 ] (0.00000005)
[  0  1  0  2  2  0  0  0  0 ] (0.00000837)
[  0  1  0  3  0  0  0  0  0 ] (0.00000002)
[  0  1  0  3  0  0  0  0  1 ] (0.00002092)
[  0  1  0  3  0  0  0  1  0 ] (0.00000382)
[  0  1  0  3  0  0  1  0  0 ] (0.00000564)
[  0  1  0  3  0  1  0  0  0 ] (0.00000018)
[  0  1  0  3  1  0  0  0  0 ] (0.00000064)
[  0  1  0  4  0  0  0  0  0 ] (0.00000028)
[  0  1  1  0  0  0  0  0  0 ] (0.00000083)
[  0  1  1  0  0  0  0  0  1 ] (0.00002742)
[  0  1  1  0  0  0  0  0  2 ] (0.00009918)
[  0  1  1  0  0  0  0  0  3 ] (0.01030086)
[  0  1  1  0  0  0  0  1  0 ] (0.00002708)
[  0  1  1  0  0  0  0  1  1 ] (0.00001906)
[  0  1  1  0  0  0  0  1  2 ] (0.00075532)
[  0  1  1  0  0  0  0  2  0 ] (0.00013952)
[  0  1  1  0  0  0  0  2  1 ] (0.00137182)
[  0  1  1  0  0  0  0  3  0 ] (0.00004532)
[  0  1  1  0  0  0  1  0  0 ] (0.00006046)
[  0  1  1  0  0  0  1  0  1 ] (0.00032090)
[  0  1  1  0  0  0  1  0  2 ] (0.00632111)
[  0  1  1  0  0  0  1  1  0 ] (0.00005189)
[  0  1  1  0  0  0  1  1  1 ] (0.00039156)
[  0  1  1  0  0  0  1  2  0 ] (0.00014237)
[  0  1  1  0  0  0  2  0  0 ] (0.00002269)
[  0  1  1  0  0  0  2  0  1 ] (0.00018972)
[  0  1  1  0  0  0  2  1  0 ] (0.00060513)
[  0  1  1  0  0  0  3  0  0 ] (0.00024810)
[  0  1  1  0  0  1  0  0  0 ] (0.00000796)
[  0  1  1  0  0  1  0  0  1 ] (0.00000669)
[  0  1  1  0  0  1  0  0  2 ] (0.00000003)
[  0  1  1  0  0  1  0  1  0 ] (0.00011013)
[  0  1  1  0  0  1  0  1  1 ] (0.00112992)
[  0  1  1  0  0  1  0  2  0 ] (0.00003967)
[  0  1  1  0  0  1  1  0  0 ] (0.00001030)
[  0  1  1  0  0  1  1  0  1 ] (0.00000000)
[  0  1  1  0  0  1  1  1  0 ] (0.00140405)
[  0  1  1  0  0  1  2  0  0 ] (0.00001407)
[  0  1  1  0  0  2  0  0  0 ] (0.00000231)
[  0  1  1  0  0  2  0  0  1 ] (0.00000281)
[  0  1  1  0  0  2  0  1  0 ] (0.00000000)
[  0  1  1  0  0  2  1  0  0 ] (0.00000320)
[  0  1  1  0  0  3  0  0  0 ] (0.00000096)
[  0  1  1  0  1  0  0  0  0 ] (0.00000086)
[  0  1  1  0  1  0  0  0  1 ] (0.00002090)
[  0  1  1  0  1  0  0  0  2 ] (0.00008576)
[  0  1  1  0  1  0  0  1  0 ] (0.00000114)
[  0  1  1  0  1  0  0  1  1 ] (0.00217518)
[  0  1  1  0  1  0  0  2  0 ] (0.00000123)
[  0  1  1  0  1  0  1  0  0 ] (0.00014064)
[  0  1  1  0  1  0  1  0  1 ] (0.00209918)
[  0  1  1  0  1  0  1  1  0 ] (0.00682974)
[  0  1  1  0  1  0  2  0  0 ] (0.00000087)
[  0  1  1  0  1  1  0  0  0 ] (0.00001268)
[  0  1  1  0  1  1  0  0  1 ] (0.00002367)
[  0  1  1  0  1  1  0  1  0 ] (0.00000473)
[  0  1  1  0  1  1  1  0  0 ] (0.00000672)
[  0  1  1  0  1  2  0  0  0 ] (0.00000002)
[  0  1  1  0  2  0  0  0  0 ] (0.00002403)
[  0  1  1  0  2  0  0  0  1 ] (0.00013816)
[  0  1  1  0  2  0  0  1  0 ] (0.00000576)
[  0  1  1  0  2  0  1  0  0 ] (0.00003506)
[  0  1  1  0  2  1  0  0  0 ] (0.00002320)
[  0  1  1  0  3  0  0  0  0 ] (0.00005219)
[  0  1  1  1  0  0  0  0  0 ] (0.00000765)
[  0  1  1  1  0  0  0  0  1 ] (0.00002759)
[  0  1  1  1  0  0  0  0  2 ] (0.00000072)
[  0  1  1  1  0  0  0  1  0 ] (0.00015411)
[  0  1  1  1  0  0  0  1  1 ] (0.00291896)
[  0  1  1  1  0  0  0  2  0 ] (0.00006525)
[  0  1  1  1  0  0  1  0  0 ] (0.00011153)
[  0  1  1  1  0  0  1  0  1 ] (0.00089644)
[  0  1  1  1  0  0  1  1  0 ] (0.00000000)
[  0  1  1  1  0  0  2  0  0 ] (0.00003484)
[  0  1  1  1  0  1  0  0  0 ] (0.00000095)
[  0  1  1  1  0  1  0  0  1 ] (0.00000766)
[  0  1  1  1  0  1  0  1  0 ] (0.00001285)
[  0  1  1  1  0  1  1  0  0 ] (0.00002226)
[  0  1  1  1  0  2  0  0  0 ] (0.00000024)
[  0  1  1  1  1  0  0  0  0 ] (0.00001841)
[  0  1  1  1  1  0  0  0  1 ] (0.00055267)
[  0  1  1  1  1  0  0  1  0 ] (0.00004846)
[  0  1  1  1  1  0  1  0  0 ] (0.00023994)
[  0  1  1  1  1  1  0  0  0 ] (0.00003242)
[  0  1  1  1  2  0  0  0  0 ] (0.00000610)
[  0  1  1  2  0  0  0  0  0 ] (0.00000016)
[  0  1  1  2  0  0  0  0  1 ] (0.00000480)
[  0  1  1  2  0  0  0  1  0 ] (0.00000001)
[  0  1  1  2  0  0  1  0  0 ] (0.00000027)
[  0  1  1  2  0  1  0  0  0 ] (0.00000007)
[  0  1  1  2  1  0  0  0  0 ] (0.00000008)
[  0  1  1  3  0  0  0  0  0 ] (0.00000069)
[  0  1  2  0  0  0  0  0  0 ] (0.00000348)
[  0  1  2  0  0  0  0  0  1 ] (0.00002746)
[  0  1  2  0  0  0  0  0  2 ] (0.00002815)
[  0  1  2  0  0  0  0  1  0 ] (0.00000834)
[  0  1  2  0  0  0  0  1  1 ] (0.00002534)
[  0  1  2  0  0  0  0  2  0 ] (0.00000673)
[  0  1  2  0  0  0  1  0  0 ] (0.00000626)
[  0  1  2  0  0  0  1  0  1 ] (0.00005482)
[  0  1  2  0  0  0  1  1  0 ] (0.00000129)
[  0  1  2  0  0  0  2  0  0 ] (0.00002494)
[  0  1  2  0  0  1  0  0  0 ] (0.00000069)
[  0  1  2  0  0  1  0  0  1 ] (0.00000805)
[  0  1  2  0  0  1  0  1  0 ] (0.00000339)
[  0  1  2  0  0  1  1  0  0 ] (0.00000007)
[  0  1  2  0  0  2  0  0  0 ] (0.00000015)
[  0  1  2  0  1  0  0  0  0 ] (0.00000135)
[  0  1  2  0  1  0  0  0  1 ] (0.00000741)
[  0  1  2  0  1  0  0  1  0 ] (0.00000207)
[  0  1  2  0  1  0  1  0  0 ] (0.00000237)
[  0  1  2  0  1  1  0  0  0 ] (0.00000002)
[  0  1  2  0  2  0  0  0  0 ] (0.00000692)
[  0  1  2  1  0  0  0  0  0 ] (0.00000000)
[  0  1  2  1  0  0  0  0  1 ] (0.00000029)
[  0  1  2  1  0  0  0  1  0 ] (0.00000008)
[  0  1  2  1  0  0  1  0  0 ] (0.00000237)
[  0  1  2  1  0  1  0  0  0 ] (0.00000013)
[  0  1  2  1  1  0  0  0  0 ] (0.00000651)
[  0  1  2  2  0  0  0  0  0 ] (0.00000020)
[  0  1  3  0  0  0  0  0  0 ] (0.00000306)
[  0  1  3  0  0  0  0  0  1 ] (0.00004251)
[  0  1  3  0  0  0  0  1  0 ] (0.00000545)
[  0  1  3  0  0  0  1  0  0 ] (0.00000368)
[  0  1  3  0  0  1  0  0  0 ] (0.00000057)
[  0  1  3  0  1  0  0  0  0 ] (0.00000000)
[  0  1  3  1  0  0  0  0  0 ] (0.00000003)
[  0  1  4  0  0  0  0  0  0 ] (0.00000027)
[  0  2  0  0  0  0  0  0  0 ] (0.00000303)
[  0  2  0  0  0  0  0  0  1 ] (0.00000474)
[  0  2  0  0  0  0  0  0  2 ] (0.00000369)
[  0  2  0  0  0  0  0  0  3 ] (0.00001484)
[  0  2  0  0  0  0  0  1  0 ] (0.00008934)
[  0  2  0  0  0  0  0  1  1 ] (0.00178154)
[  0  2  0  0  0  0  0  1  2 ] (0.02269990)
[  0  2  0  0  0  0  0  2  0 ] (0.00017985)
[  0  2  0  0  0  0  0  2  1 ] (0.00082005)
[  0  2  0  0  0  0  0  3  0 ] (0.00008783)
[  0  2  0  0  0  0  1  0  0 ] (0.00001247)
[  0  2  0  0  0  0  1  0  1 ] (0.00002836)
[  0  2  0  0  0  0  1  0  2 ] (0.00023432)
[  0  2  0  0  0  0  1  1  0 ] (0.00010070)
[  0  2  0  0  0  0  1  1  1 ] (0.00167200)
[  0  2  0  0  0  0  1  2  0 ] (0.00024645)
[  0  2  0  0  0  0  2  0  0 ] (0.00005174)
[  0  2  0  0  0  0  2  0  1 ] (0.00015796)
[  0  2  0  0  0  0  2  1  0 ] (0.00012361)
[  0  2  0  0  0  0  3  0  0 ] (0.00008107)
[  0  2  0  0  0  1  0  0  0 ] (0.00000002)
[  0  2  0  0  0  1  0  0  1 ] (0.00000021)
[  0  2  0  0  0  1  0  0  2 ] (0.00000066)
[  0  2  0  0  0  1  0  1  0 ] (0.00032364)
[  0  2  0  0  0  1  0  1  1 ] (0.00226120)
[  0  2  0  0  0  1  0  2  0 ] (0.00000366)
[  0  2  0  0  0  1  1  0  0 ] (0.00000275)
[  0  2  0  0  0  1  1  0  1 ] (0.00000792)
[  0  2  0  0  0  1  1  1  0 ] (0.00032326)
[  0  2  0  0  0  1  2  0  0 ] (0.00000161)
[  0  2  0  0  0  2  0  0  0 ] (0.00000026)
[  0  2  0  0  0  2  0  0  1 ] (0.00000148)
[  0  2  0  0  0  2  0  1  0 ] (0.00003413)
[  0  2  0  0  0  2  1  0  0 ] (0.00000000)
[  0  2  0  0  0  3  0  0  0 ] (0.00000000)
[  0  2  0  0  1  0  0  0  0 ] (0.00000806)
[  0  2  0  0  1  0  0  0  1 ] (0.00002560)
[  0  2  0  0  1  0  0  0  2 ] (0.00006497)
[  0  2  0  0  1  0  0  1  0 ] (0.00057423)
[  0  2  0  0  1  0  0  1  1 ] (0.00339709)
[  0  2  0  0  1  0  0  2  0 ] (0.00005718)
[  0  2  0  0  1  0  1  0  0 ] (0.00001755)
[  0  2  0  0  1  0  1  0  1 ] (0.00014367)
[  0  2  0  0  1  0  1  1  0 ] (0.00311157)
[  0  2  0  0  1  0  2  0  0 ] (0.00000015)
[  0  2  0  0  1  1  0  0  0 ] (0.00000673)
[  0  2  0  0  1  1  0  0  1 ] (0.00002291)
[  0  2  0  0  1  1  0  1  0 ] (0.00004019)
[  0  2  0  0  1  1  1  0  0 ] (0.00002891)
[  0  2  0  0  1  2  0  0  0 ] (0.00000084)
[  0  2  0  0  2  0  0  0  0 ] (0.00000118)
[  0  2  0  0  2  0  0  0  1 ] (0.00001658)
[  0  2  0  0  2  0  0  1  0 ] (0.00000950)
[  0  2  0  0  2  0  1  0  0 ] (0.00000113)
[  0  2  0  0  2  1  0  0  0 ] (0.00000389)
[  0  2  0  0  3  0  0  0  0 ] (0.00000926)
[  0  2  0  1  0  0  0  0  0 ] (0.00000108)
[  0  2  0  1  0  0  0  0  1 ] (0.00001179)
[  0  2  0  1  0  0  0  0  2 ] (0.00000523)
[  0  2  0  1  0  0  0  1  0 ] (0.00000376)
[  0  2  0  1  0  0  0  1  1 ] (0.00002190)
[  0  2  0  1  0  0  0  2  0 ] (0.00002682)
[  0  2  0  1  0  0  1  0  0 ] (0.00000001)
[  0  2  0  1  0  0  1  0  1 ] (0.00001186)
[  0  2  0  1  0  0  1  1  0 ] (0.00019056)
[  0  2  0  1  0  0  2  0  0 ] (0.00000205)
[  0  2  0  1  0  1  0  0  0 ] (0.00000068)
[  0  2  0  1  0  1  0  0  1 ] (0.00000984)
[  0  2  0  1  0  1  0  1  0 ] (0.00000014)
[  0  2  0  1  0  1  1  0  0 ] (0.00000217)
[  0  2  0  1  0  2  0  0  0 ] (0.00000073)
[  0  2  0  1  1  0  0  0  0 ] (0.00000060)
[  0  2  0  1  1  0  0  0  1 ] (0.00000008)
[  0  2  0  1  1  0  0  1  0 ] (0.00000438)
[  0  2  0  1  1  0  1  0  0 ] (0.00000755)
[  0  2  0  1  1  1  0  0  0 ] (0.00000025)
[  0  2  0  1  2  0  0  0  0 ] (0.00000053)
[  0  2  0  2  0  0  0  0  0 ] (0.00000002)
[  0  2  0  2  0  0  0  0  1 ] (0.00000001)
[  0  2  0  2  0  0  0  1  0 ] (0.00000258)
[  0  2  0  2  0  0  1  0  0 ] (0.00000004)
[  0  2  0  2  0  1  0  0  0 ] (0.00000003)
[  0  2  0  2  1  0  0  0  0 ] (0.00000001)
[  0  2  0  3  0  0  0  0  0 ] (0.00000001)
[  0  2  1  0  0  0  0  0  0 ] (0.00000032)
[  0  2  1  0  0  0  0  0  1 ] (0.00000086)
[  0  2  1  0  0  0  0  0  2 ] (0.00000117)
[  0  2  1  0  0  0  0  1  0 ] (0.00000741)
[  0  2  1  0  0  0  0  1  1 ] (0.00005652)
[  0  2  1  0  0  0  0  2  0 ] (0.00001362)
[  0  2  1  0  0  0  1  0  0 ] (0.00000714)
[  0  2  1  0  0  0  1  0  1 ] (0.00012199)
[  0  2  1  0  0  0  1  1  0 ] (0.00000778)
[  0  2  1  0  0  0  2  0  0 ] (0.00001364)
[  0  2  1  0  0  1  0  0  0 ] (0.00000001)
[  0  2  1  0  0  1  0  0  1 ] (0.00000113)
[  0  2  1  0  0  1  0  1  0 ] (0.00000452)
[  0  2  1  0  0  1  1  0  0 ] (0.00000299)
[  0  2  1  0  0  2  0  0  0 ] (0.00000030)
[  0  2  1  0  1  0  0  0  0 ] (0.00000713)
[  0  2  1  0  1  0  0  0  1 ] (0.00004056)
[  0  2  1  0  1  0  0  1  0 ] (0.00000163)
[  0  2  1  0  1  0  1  0  0 ] (0.00000415)
[  0  2  1  0  1  1  0  0  0 ] (0.00000070)
[  0  2  1  0  2  0  0  0  0 ] (0.00000299)
[  0  2  1  1  0  0  0  0  0 ] (0.00000000)
[  0  2  1  1  0  0  0  0  1 ] (0.00000430)
[  0  2  1  1  0  0  0  1  0 ] (0.00000242)
[  0  2  1  1  0  0  1  0  0 ] (0.00000005)
[  0  2  1  1  0  1  0  0  0 ] (0.00000011)
[  0  2  1  1  1  0  0  0  0 ] (0.00000095)
[  0  2  1  2  0  0  0  0  0 ] (0.00000000)
[  0  2  2  0  0  0  0  0  0 ] (0.00000005)
[  0  2  2  0  0  0  0  0  1 ] (0.00000018)
[  0  2  2  0  0  0  0  1  0 ] (0.00000119)
[  0  2  2  0  0  0  1  0  0 ] (0.00000042)
[  0  2  2  0  0  1  0  0  0 ] (0.00000002)
[  0  2  2  0  1  0  0  0  0 ] (0.00000000)
[  0  2  2  1  0  0  0  0  0 ] (0.00000000)
[  0  2  3  0  0  0  0  0  0 ] (0.00000002)
[  0  3  0  0  0  0  0  0  0 ] (0.00000081)
[  0  3  0  0  0  0  0  0  1 ] (0.00000507)
[  0  3  0  0  0  0  0  0  2 ] (0.00000541)
[  0  3  0  0  0  0  0  1  0 ] (0.00000748)
[  0  3  0  0  0  0  0  1  1 ] (0.00001073)
[  0  3  0  0  0  0  0  2  0 ] (0.00000012)
[  0  3  0  0  0  0  1  0  0 ] (0.00000196)
[  0  3  0  0  0  0  1  0  1 ] (0.00000014)
[  0  3  0  0  0  0  1  1  0 ] (0.00004294)
[  0  3  0  0  0  0  2  0  0 ] (0.00002198)
[  0  3  0  0  0  1  0  0  0 ] (0.00000130)
[  0  3  0  0  0  1  0  0  1 ] (0.00000817)
[  0  3  0  0  0  1  0  1  0 ] (0.00000859)
[  0  3  0  0  0  1  1  0  0 ] (0.00000329)
[  0  3  0  0  0  2  0  0  0 ] (0.00000015)
[  0  3  0  0  1  0  0  0  0 ] (0.00000089)
[  0  3  0  0  1  0  0  0  1 ] (0.00000779)
[  0  3  0  0  1  0  0  1  0 ] (0.00000705)
[  0  3  0  0  1  0  1  0  0 ] (0.00000144)
[  0  3  0  0  1  1  0  0  0 ] (0.00000000)
[  0  3  0  0  2  0  0  0  0 ] (0.00001232)
[  0  3  0  1  0  0  0  0  0 ] (0.00000004)
[  0  3  0  1  0  0  0  0  1 ] (0.00000104)
[  0  3  0  1  0  0  0  1  0 ] (0.00000017)
[  0  3  0  1  0  0  1  0  0 ] (0.00000083)
[  0  3  0  1  0  1  0  0  0 ] (0.00000213)
[  0  3  0  1  1  0  0  0  0 ] (0.00000448)
[  0  3  0  2  0  0  0  0  0 ] (0.00000010)
[  0  3  1  0  0  0  0  0  0 ] (0.00000000)
[  0  3  1  0  0  0  0  0  1 ] (0.00000002)
[  0  3  1  0  0  0  0  1  0 ] (0.00000002)
[  0  3  1  0  0  0  1  0  0 ] (0.00000046)
[  0  3  1  0  0  1  0  0  0 ] (0.00000010)
[  0  3  1  0  1  0  0  0  0 ] (0.00000320)
[  0  3  1  1  0  0  0  0  0 ] (0.00000166)
[  0  3  2  0  0  0  0  0  0 ] (0.00000005)
[  0  4  0  0  0  0  0  0  0 ] (0.00000076)
[  0  4  0  0  0  0  0  0  1 ] (0.00000367)
[  0  4  0  0  0  0  0  1  0 ] (0.00001308)
[  0  4  0  0  0  0  1  0  0 ] (0.00000247)
[  0  4  0  0  0  1  0  0  0 ] (0.00000001)
[  0  4  0  0  1  0  0  0  0 ] (0.00000252)
[  0  4  0  1  0  0  0  0  0 ] (0.00000023)
[  0  4  1  0  0  0  0  0  0 ] (0.00000003)
[  0  5  0  0  0  0  0  0  0 ] (0.00000045)
[  1  0  0  0  0  0  0  0  0 ] (0.00000895)
[  1  0  0  0  0  0  0  0  1 ] (0.00005459)
[  1  0  0  0  0  0  0  0  2 ] (0.00001988)
[  1  0  0  0  0  0  0  0  3 ] (0.00000027)
[  1  0  0  0  0  0  0  0  4 ] (0.00000641)
[  1  0  0  0  0  0  0  1  0 ] (0.00001085)
[  1  0  0  0  0  0  0  1  1 ] (0.00061588)
[  1  0  0  0  0  0  0  1  2 ] (0.00043030)
[  1  0  0  0  0  0  0  1  3 ] (0.00071397)
[  1  0  0  0  0  0  0  2  0 ] (0.00010650)
[  1  0  0  0  0  0  0  2  1 ] (0.00021748)
[  1  0  0  0  0  0  0  2  2 ] (0.00037395)
[  1  0  0  0  0  0  0  3  0 ] (0.00020700)
[  1  0  0  0  0  0  0  3  1 ] (0.00014079)
[  1  0  0  0  0  0  0  4  0 ] (0.00719710)
[  1  0  0  0  0  0  1  0  0 ] (0.00001911)
[  1  0  0  0  0  0  1  0  1 ] (0.00001444)
[  1  0  0  0  0  0  1  0  2 ] (0.00036268)
[  1  0  0  0  0  0  1  0  3 ] (0.00053642)
[  1  0  0  0  0  0  1  1  0 ] (0.00028479)
[  1  0  0  0  0  0  1  1  1 ] (0.00265287)
[  1  0  0  0  0  0  1  1  2 ] (0.00305320)
[  1  0  0  0  0  0  1  2  0 ] (0.00000005)
[  1  0  0  0  0  0  1  2  1 ] (0.00004858)
[  1  0  0  0  0  0  1  3  0 ] (0.00259314)
[  1  0  0  0  0  0  2  0  0 ] (0.00004753)
[  1  0  0  0  0  0  2  0  1 ] (0.00037534)
[  1  0  0  0  0  0  2  0  2 ] (0.00373162)
[  1  0  0  0  0  0  2  1  0 ] (0.00000636)
[  1  0  0  0  0  0  2  1  1 ] (0.00015043)
[  1  0  0  0  0  0  2  2  0 ] (0.00070030)
[  1  0  0  0  0  0  3  0  0 ] (0.00000984)
[  1  0  0  0  0  0  3  0  1 ] (0.00001909)
[  1  0  0  0  0  0  3  1  0 ] (0.00065525)
[  1  0  0  0  0  0  4  0  0 ] (0.00151939)
[  1  0  0  0  0  1  0  0  0 ] (0.00000593)
[  1  0  0  0  0  1  0  0  1 ] (0.00004850)
[  1  0  0  0  0  1  0  0  2 ] (0.00000718)
[  1  0  0  0  0  1  0  0  3 ] (0.00001762)
[  1  0  0  0  0  1  0  1  0 ] (0.00005094)
[  1  0  0  0  0  1  0  1  1 ] (0.00019746)
[  1  0  0  0  0  1  0  1  2 ] (0.00002733)
[  1  0  0  0  0  1  0  2  0 ] (0.00000556)
[  1  0  0  0  0  1  0  2  1 ] (0.00637909)
[  1  0  0  0  0  1  0  3  0 ] (0.00000368)
[  1  0  0  0  0  1  1  0  0 ] (0.00003953)
[  1  0  0  0  0  1  1  0  1 ] (0.00007401)
[  1  0  0  0  0  1  1  0  2 ] (0.00314541)
[  1  0  0  0  0  1  1  1  0 ] (0.00000260)
[  1  0  0  0  0  1  1  1  1 ] (0.00011417)
[  1  0  0  0  0  1  1  2  0 ] (0.00463774)
[  1  0  0  0  0  1  2  0  0 ] (0.00001737)
[  1  0  0  0  0  1  2  0  1 ] (0.00017746)
[  1  0  0  0  0  1  2  1  0 ] (0.00010167)
[  1  0  0  0  0  1  3  0  0 ] (0.00000000)
[  1  0  0  0  0  2  0  0  0 ] (0.00000001)
[  1  0  0  0  0  2  0  0  1 ] (0.00000002)
[  1  0  0  0  0  2  0  0  2 ] (0.00000826)
[  1  0  0  0  0  2  0  1  0 ] (0.00002065)
[  1  0  0  0  0  2  0  1  1 ] (0.00055033)
[  1  0  0  0  0  2  0  2  0 ] (0.00002018)
[  1  0  0  0  0  2  1  0  0 ] (0.00003810)
[  1  0  0  0  0  2  1  0  1 ] (0.00000218)
[  1  0  0  0  0  2  1  1  0 ] (0.00000180)
[  1  0  0  0  0  2  2  0  0 ] (0.00000392)
[  1  0  0  0  0  3  0  0  0 ] (0.00000163)
[  1  0  0  0  0  3  0  0  1 ] (0.00000226)
[  1  0  0  0  0  3  0  1  0 ] (0.00000123)
[  1  0  0  0  0  3  1  0  0 ] (0.00003695)
[  1  0  0  0  0  4  0  0  0 ] (0.00000074)
[  1  0  0  0  1  0  0  0  0 ] (0.00000734)
[  1  0  0  0  1  0  0  0  1 ] (0.00003745)
[  1  0  0  0  1  0  0  0  2 ] (0.00000621)
[  1  0  0  0  1  0  0  0  3 ] (0.00165221)
[  1  0  0  0  1  0  0  1  0 ] (0.00000446)
[  1  0  0  0  1  0  0  1  1 ] (0.00002412)
[  1  0  0  0  1  0  0  1  2 ] (0.00047588)
[  1  0  0  0  1  0  0  2  0 ] (0.00014570)
[  1  0  0  0  1  0  0  2  1 ] (0.02049991)
[  1  0  0  0  1  0  0  3  0 ] (0.00003785)
[  1  0  0  0  1  0  1  0  0 ] (0.00000259)
[  1  0  0  0  1  0  1  0  1 ] (0.00000893)
[  1  0  0  0  1  0  1  0  2 ] (0.00114812)
[  1  0  0  0  1  0  1  1  0 ] (0.00000345)
[  1  0  0  0  1  0  1  1  1 ] (0.00051398)
[  1  0  0  0  1  0  1  2  0 ] (0.03924981)
[  1  0  0  0  1  0  2  0  0 ] (0.00006662)
[  1  0  0  0  1  0  2  0  1 ] (0.00103784)
[  1  0  0  0  1  0  2  1  0 ] (0.00414575)
[  1  0  0  0  1  0  3  0  0 ] (0.00011538)
[  1  0  0  0  1  1  0  0  0 ] (0.00000011)
[  1  0  0  0  1  1  0  0  1 ] (0.00001160)
[  1  0  0  0  1  1  0  0  2 ] (0.00007646)
[  1  0  0  0  1  1  0  1  0 ] (0.00016054)
[  1  0  0  0  1  1  0  1  1 ] (0.00153991)
[  1  0  0  0  1  1  0  2  0 ] (0.00003046)
[  1  0  0  0  1  1  1  0  0 ] (0.00003699)
[  1  0  0  0  1  1  1  0  1 ] (0.00050186)
[  1  0  0  0  1  1  1  1  0 ] (0.00112505)
[  1  0  0  0  1  1  2  0  0 ] (0.00002093)
[  1  0  0  0  1  2  0  0  0 ] (0.00000046)
[  1  0  0  0  1  2  0  0  1 ] (0.00001659)
[  1  0  0  0  1  2  0  1  0 ] (0.00000035)
[  1  0  0  0  1  2  1  0  0 ] (0.00000114)
[  1  0  0  0  1  3  0  0  0 ] (0.00000032)
[  1  0  0  0  2  0  0  0  0 ] (0.00000017)
[  1  0  0  0  2  0  0  0  1 ] (0.00000008)
[  1  0  0  0  2  0  0  0  2 ] (0.00002902)
[  1  0  0  0  2  0  0  1  0 ] (0.00041523)
[  1  0  0  0  2  0  0  1  1 ] (0.00316251)
[  1  0  0  0  2  0  0  2  0 ] (0.00000482)
[  1  0  0  0  2  0  1  0  0 ] (0.00000162)
[  1  0  0  0  2  0  1  0  1 ] (0.00006753)
[  1  0  0  0  2  0  1  1  0 ] (0.00193528)
[  1  0  0  0  2  0  2  0  0 ] (0.00001420)
[  1  0  0  0  2  1  0  0  0 ] (0.00000136)
[  1  0  0  0  2  1  0  0  1 ] (0.00000878)
[  1  0  0  0  2  1  0  1  0 ] (0.00000673)
[  1  0  0  0  2  1  1  0  0 ] (0.00000002)
[  1  0  0  0  2  2  0  0  0 ] (0.00000125)
[  1  0  0  0  3  0  0  0  0 ] (0.00001807)
[  1  0  0  0  3  0  0  0  1 ] (0.00004193)
[  1  0  0  0  3  0  0  1  0 ] (0.00000100)
[  1  0  0  0  3  0  1  0  0 ] (0.00005280)
[  1  0  0  0  3  1  0  0  0 ] (0.00000065)
[  1  0  0  0  4  0  0  0  0 ] (0.00002292)
[  1  0  0  1  0  0  0  0  0 ] (0.00000672)
[  1  0  0  1  0  0  0  0  1 ] (0.00015120)
[  1  0  0  1  0  0  0  0  2 ] (0.00049452)
[  1  0  0  1  0  0  0  0  3 ] (0.06212120)
[  1  0  0  1  0  0  0  1  0 ] (0.00007123)
[  1  0  0  1  0  0  0  1  1 ] (0.00019440)
[  1  0  0  1  0  0  0  1  2 ] (0.01000592)
[  1  0  0  1  0  0  0  2  0 ] (0.00123964)
[  1  0  0  1  0  0  0  2  1 ] (0.00005604)
[  1  0  0  1  0  0  0  3  0 ] (0.00015404)
[  1  0  0  1  0  0  1  0  0 ] (0.00001532)
[  1  0  0  1  0  0  1  0  1 ] (0.00006038)
[  1  0  0  1  0  0  1  0  2 ] (0.00225726)
[  1  0  0  1  0  0  1  1  0 ] (0.00032720)
[  1  0  0  1  0  0  1  1  1 ] (0.00002978)
[  1  0  0  1  0  0  1  2  0 ] (0.00875532)
[  1  0  0  1  0  0  2  0  0 ] (0.00137067)
[  1  0  0  1  0  0  2  0  1 ] (0.00989430)
[  1  0  0  1  0  0  2  1  0 ] (0.00018551)
[  1  0  0  1  0  0  3  0  0 ] (0.00012928)
[  1  0  0  1  0  1  0  0  0 ] (0.00000225)
[  1  0  0  1  0  1  0  0  1 ] (0.00006434)
[  1  0  0  1  0  1  0  0  2 ] (0.00044463)
[  1  0  0  1  0  1  0  1  0 ] (0.00256149)
[  1  0  0  1  0  1  0  1  1 ] (0.02781704)
[  1  0  0  1  0  1  0  2  0 ] (0.00000027)
[  1  0  0  1  0  1  1  0  0 ] (0.00003265)
[  1  0  0  1  0  1  1  0  1 ] (0.00006359)
[  1  0  0  1  0  1  1  1  0 ] (0.01426809)
[  1  0  0  1  0  1  2  0  0 ] (0.00014220)
[  1  0  0  1  0  2  0  0  0 ] (0.00000090)
[  1  0  0  1  0  2  0  0  1 ] (0.00003376)
[  1  0  0  1  0  2  0  1  0 ] (0.00001484)
[  1  0  0  1  0  2  1  0  0 ] (0.00000003)
[  1  0  0  1  0  3  0  0  0 ] (0.00000299)
[  1  0  0  1  1  0  0  0  0 ] (0.00000897)
[  1  0  0  1  1  0  0  0  1 ] (0.00003978)
[  1  0  0  1  1  0  0  0  2 ] (0.00026357)
[  1  0  0  1  1  0  0  1  0 ] (0.00012983)
[  1  0  0  1  1  0  0  1  1 ] (0.00364462)
[  1  0  0  1  1  0  0  2  0 ] (0.00015606)
[  1  0  0  1  1  0  1  0  0 ] (0.00038063)
[  1  0  0  1  1  0  1  0  1 ] (0.00522812)
[  1  0  0  1  1  0  1  1  0 ] (0.00001921)
[  1  0  0  1  1  0  2  0  0 ] (0.00000234)
[  1  0  0  1  1  1  0  0  0 ] (0.00002232)
[  1  0  0  1  1  1  0  0  1 ] (0.00001093)
[  1  0  0  1  1  1  0  1  0 ] (0.00026816)
[  1  0  0  1  1  1  1  0  0 ] (0.00001790)
[  1  0  0  1  1  2  0  0  0 ] (0.00000473)
[  1  0  0  1  2  0  0  0  0 ] (0.00001749)
[  1  0  0  1  2  0  0  0  1 ] (0.00015067)
[  1  0  0  1  2  0  0  1  0 ] (0.00010169)
[  1  0  0  1  2  0  1  0  0 ] (0.00004550)
[  1  0  0  1  2  1  0  0  0 ] (0.00001079)
[  1  0  0  1  3  0  0  0  0 ] (0.00000641)
[  1  0  0  2  0  0  0  0  0 ] (0.00000089)
[  1  0  0  2  0  0  0  0  1 ] (0.00000005)
[  1  0  0  2  0  0  0  0  2 ] (0.00000834)
[  1  0  0  2  0  0  0  1  0 ] (0.00000076)
[  1  0  0  2  0  0  0  1  1 ] (0.00029043)
[  1  0  0  2  0  0  0  2  0 ] (0.00000014)
[  1  0  0  2  0  0  1  0  0 ] (0.00001797)
[  1  0  0  2  0  0  1  0  1 ] (0.00000706)
[  1  0  0  2  0  0  1  1  0 ] (0.00000088)
[  1  0  0  2  0  0  2  0  0 ] (0.00000285)
[  1  0  0  2  0  1  0  0  0 ] (0.00001107)
[  1  0  0  2  0  1  0  0  1 ] (0.00000908)
[  1  0  0  2  0  1  0  1  0 ] (0.00000070)
[  1  0  0  2  0  1  1  0  0 ] (0.00002328)
[  1  0  0  2  0  2  0  0  0 ] (0.00000257)
[  1  0  0  2  1  0  0  0  0 ] (0.00000041)
[  1  0  0  2  1  0  0  0  1 ] (0.00000579)
[  1  0  0  2  1  0  0  1  0 ] (0.00000290)
[  1  0  0  2  1  0  1  0  0 ] (0.00000022)
[  1  0  0  2  1  1  0  0  0 ] (0.00000001)
[  1  0  0  2  2  0  0  0  0 ] (0.00000084)
[  1  0  0  3  0  0  0  0  0 ] (0.00000365)
[  1  0  0  3  0  0  0  0  1 ] (0.00000227)
[  1  0  0  3  0  0  0  1  0 ] (0.00000001)
[  1  0  0  3  0  0  1  0  0 ] (0.00003390)
[  1  0  0  3  0  1  0  0  0 ] (0.00003105)
[  1  0  0  3  1  0  0  0  0 ] (0.00000287)
[  1  0  0  4  0  0  0  0  0 ] (0.00000323)
[  1  0  1  0  0  0  0  0  0 ] (0.00000000)
[  1  0  1  0  0  0  0  0  1 ] (0.00001077)
[  1  0  1  0  0  0  0  0  2 ] (0.00004198)
[  1  0  1  0  0  0  0  0  3 ] (0.00027037)
[  1  0  1  0  0  0  0  1  0 ] (0.00002650)
[  1  0  1  0  0  0  0  1  1 ] (0.00006760)
[  1  0  1  0  0  0  0  1  2 ] (0.01210811)
[  1  0  1  0  0  0  0  2  0 ] (0.00030366)
[  1  0  1  0  0  0  0  2  1 ] (0.00167078)
[  1  0  1  0  0  0  0  3  0 ] (0.00017659)
[  1  0  1  0  0  0  1  0  0 ] (0.00003468)
[  1  0  1  0  0  0  1  0  1 ] (0.00041102)
[  1  0  1  0  0  0  1  0  2 ] (0.00145812)
[  1  0  1  0  0  0  1  1  0 ] (0.00006080)
[  1  0  1  0  0  0  1  1  1 ] (0.00012102)
[  1  0  1  0  0  0  1  2  0 ] (0.00153027)
[  1  0  1  0  0  0  2  0  0 ] (0.00000176)
[  1  0  1  0  0  0  2  0  1 ] (0.00000221)
[  1  0  1  0  0  0  2  1  0 ] (0.00018276)
[  1  0  1  0  0  0  3  0  0 ] (0.00003975)
[  1  0  1  0  0  1  0  0  0 ] (0.00000018)
[  1  0  1  0  0  1  0  0  1 ] (0.00000405)
[  1  0  1  0  0  1  0  0  2 ] (0.00000379)
[  1  0  1  0  0  1  0  1  0 ] (0.00012857)
[  1  0  1  0  0  1  0  1  1 ] (0.00095898)
[  1  0  1  0  0  1  0  2  0 ] (0.00003252)
[  1  0  1  0  0  1  1  0  0 ] (0.00000268)
[  1  0  1  0  0  1  1  0  1 ] (0.00000047)
[  1  0  1  0  0  1  1  1  0 ] (0.00017590)
[  1  0  1  0  0  1  2  0  0 ] (0.00000651)
[  1  0  1  0  0  2  0  0  0 ] (0.00000013)
[  1  0  1  0  0  2  0  0  1 ] (0.00000014)
[  1  0  1  0  0  2  0  1  0 ] (0.00000016)
[  1  0  1  0  0  2  1  0  0 ] (0.00000077)
[  1  0  1  0  0  3  0  0  0 ] (0.00000015)
[  1  0  1  0  1  0  0  0  0 ] (0.00000568)
[  1  0  1  0  1  0  0  0  1 ] (0.00017661)
[  1  0  1  0  1  0  0  0  2 ] (0.00016472)
[  1  0  1  0  1  0  0  1  0 ] (0.00262630)
[  1  0  1  0  1  0  0  1  1 ] (0.01990082)
[  1  0  1  0  1  0  0  2  0 ] (0.00006472)
[  1  0  1  0  1  0  1  0  0 ] (0.00004127)
[  1  0  1  0  1  0  1  0  1 ] (0.00012925)
[  1  0  1  0  1  0  1  1  0 ] (0.00858220)
[  1  0  1  0  1  0  2  0  0 ] (0.00000613)
[  1  0  1  0  1  1  0  0  0 ] (0.00001531)
[  1  0  1  0  1  1  0  0  1 ] (0.00011527)
[  1  0  1  0  1  1  0  1  0 ] (0.00004056)
[  1  0  1  0  1  1  1  0  0 ] (0.00006148)
[  1  0  1  0  1  2  0  0  0 ] (0.00000043)
[  1  0  1  0  2  0  0  0  0 ] (0.00003809)
[  1  0  1  0  2  0  0  0  1 ] (0.00003949)
[  1  0  1  0  2  0  0  1  0 ] (0.00000373)
[  1  0  1  0  2  0  1  0  0 ] (0.00009344)
[  1  0  1  0  2  1  0  0  0 ] (0.00000327)
[  1  0  1  0  3  0  0  0  0 ] (0.00008698)
[  1  0  1  1  0  0  0  0  0 ] (0.00000307)
[  1  0  1  1  0  0  0  0  1 ] (0.00000854)
[  1  0  1  1  0  0  0  0  2 ] (0.00001849)
[  1  0  1  1  0  0  0  1  0 ] (0.00074157)
[  1  0  1  1  0  0  0  1  1 ] (0.00563356)
[  1  0  1  1  0  0  0  2  0 ] (0.00000512)
[  1  0  1  1  0  0  1  0  0 ] (0.00001341)
[  1  0  1  1  0  0  1  0  1 ] (0.00036977)
[  1  0  1  1  0  0  1  1  0 ] (0.00173245)
[  1  0  1  1  0  0  2  0  0 ] (0.00008956)
[  1  0  1  1  0  1  0  0  0 ] (0.00000100)
[  1  0  1  1  0  1  0  0  1 ] (0.00000007)
[  1  0  1  1  0  1  0  1  0 ] (0.00002499)
[  1  0  1  1  0  1  1  0  0 ] (0.00001419)
[  1  0  1  1  0  2  0  0  0 ] (0.00000147)
[  1  0  1  1  1  0  0  0  0 ] (0.00002235)
[  1  0  1  1  1  0  0  0  1 ] (0.00003480)
[  1  0  1  1  1  0  0  1  0 ] (0.00002162)
[  1  0  1  1  1  0  1  0  0 ] (0.00009916)
[  1  0  1  1  1  1  0  0  0 ] (0.00000299)
[  1  0  1  1  2  0  0  0  0 ] (0.00000000)
[  1  0  1  2  0  0  0  0  0 ] (0.00000159)
[  1  0  1  2  0  0  0  0  1 ] (0.00000136)
[  1  0  1  2  0  0  0  1  0 ] (0.00000034)
[  1  0  1  2  0  0  1  0  0 ] (0.00000025)
[  1  0  1  2  0  1  0  0  0 ] (0.00000231)
[  1  0  1  2  1  0  0  0  0 ] (0.00000077)
[  1  0  1  3  0  0  0  0  0 ] (0.00000180)
[  1  0  2  0  0  0  0  0  0 ] (0.00000027)
[  1  0  2  0  0  0  0  0  1 ] (0.00000213)
[  1  0  2  0  0  0  0  0  2 ] (0.00000716)
[  1  0  2  0  0  0  0  1  0 ] (0.00001172)
[  1  0  2  0  0  0  0  1  1 ] (0.00003964)
[  1  0  2  0  0  0  0  2  0 ] (0.00000000)
[  1  0  2  0  0  0  1  0  0 ] (0.00000023)
[  1  0  2  0  0  0  1  0  1 ] (0.00000065)
[  1  0  2  0  0  0  1  1  0 ] (0.00002044)
[  1  0  2  0  0  0  2  0  0 ] (0.00000005)
[  1  0  2  0  0  1  0  0  0 ] (0.00000002)
[  1  0  2  0  0  1  0  0  1 ] (0.00000001)
[  1  0  2  0  0  1  0  1  0 ] (0.00000000)
[  1  0  2  0  0  1  1  0  0 ] (0.00000019)
[  1  0  2  0  0  2  0  0  0 ] (0.00000009)
[  1  0  2  0  1  0  0  0  0 ] (0.00000007)
[  1  0  2  0  1  0  0  0  1 ] (0.00000024)
[  1  0  2  0  1  0  0  1  0 ] (0.00002490)
[  1  0  2  0  1  0  1  0  0 ] (0.00000067)
[  1  0  2  0  1  1  0  0  0 ] (0.00000058)
[  1  0  2  0  2  0  0  0  0 ] (0.00000064)
[  1  0  2  1  0  0  0  0  0 ] (0.00000006)
[  1  0  2  1  0  0  0  0  1 ] (0.00001877)
[  1  0  2  1  0  0  0  1  0 ] (0.00000976)
[  1  0  2  1  0  0  1  0  0 ] (0.00000025)
[  1  0  2  1  0  1  0  0  0 ] (0.00000003)
[  1  0  2  1  1  0  0  0  0 ] (0.00000459)
[  1  0  2  2  0  0  0  0  0 ] (0.00000033)
[  1  0  3  0  0  0  0  0  0 ] (0.00000205)
[  1  0  3  0  0  0  0  0  1 ] (0.00000900)
[  1  0  3  0  0  0  0  1  0 ] (0.00000625)
[  1  0  3  0  0  0  1  0  0 ] (0.00000008)
[  1  0  3  0  0  1  0  0  0 ] (0.00000000)
[  1  0  3  0  1  0  0  0  0 ] (0.00000042)
[  1  0  3  1  0  0  0  0  0 ] (0.00000030)
[  1  0  4  0  0  0  0  0  0 ] (0.00000002)
[  1  1  0  0  0  0  0  0  0 ] (0.00000017)
[  1  1  0  0  0  0  0  0  1 ] (0.00000002)
[  1  1  0  0  0  0  0  0  2 ] (0.00002270)
[  1  1  0  0  0  0  0  0  3 ] (0.00077622)
[  1  1  0  0  0  0  0  1  0 ] (0.00001542)
[  1  1  0  0  0  0  0  1  1 ] (0.00004135)
[  1  1  0  0  0  0  0  1  2 ] (0.00055601)
[  1  1  0  0  0  0  0  2  0 ] (0.00024624)
[  1  1  0  0  0  0  0  2  1 ] (0.00227003)
[  1  1  0  0  0  0  0  3  0 ] (0.00013942)
[  1  1  0  0  0  0  1  0  0 ] (0.00001156)
[  1  1  0  0  0  0  1  0  1 ] (0.00012117)
[  1  1  0  0  0  0  1  0  2 ] (0.00053340)
[  1  1  0  0  0  0  1  1  0 ] (0.00003858)
[  1  1  0  0  0  0  1  1  1 ] (0.00000191)
[  1  1  0  0  0  0  1  2  0 ] (0.00016092)
[  1  1  0  0  0  0  2  0  0 ] (0.00003288)
[  1  1  0  0  0  0  2  0  1 ] (0.00007731)
[  1  1  0  0  0  0  2  1  0 ] (0.00003246)
[  1  1  0  0  0  0  3  0  0 ] (0.00000040)
[  1  1  0  0  0  1  0  0  0 ] (0.00000100)
[  1  1  0  0  0  1  0  0  1 ] (0.00000379)
[  1  1  0  0  0  1  0  0  2 ] (0.00001615)
[  1  1  0  0  0  1  0  1  0 ] (0.00000735)
[  1  1  0  0  0  1  0  1  1 ] (0.00006255)
[  1  1  0  0  0  1  0  2  0 ] (0.00000552)
[  1  1  0  0  0  1  1  0  0 ] (0.00000101)
[  1  1  0  0  0  1  1  0  1 ] (0.00018271)
[  1  1  0  0  0  1  1  1  0 ] (0.00000018)
[  1  1  0  0  0  1  2  0  0 ] (0.00003404)
[  1  1  0  0  0  2  0  0  0 ] (0.00000071)
[  1  1  0  0  0  2  0  0  1 ] (0.00000007)
[  1  1  0  0  0  2  0  1  0 ] (0.00000256)
[  1  1  0  0  0  2  1  0  0 ] (0.00000053)
[  1  1  0  0  0  3  0  0  0 ] (0.00000002)
[  1  1  0  0  1  0  0  0  0 ] (0.00000138)
[  1  1  0  0  1  0  0  0  1 ] (0.00000000)
[  1  1  0  0  1  0  0  0  2 ] (0.00005090)
[  1  1  0  0  1  0  0  1  0 ] (0.00043687)
[  1  1  0  0  1  0  0  1  1 ] (0.00386002)
[  1  1  0  0  1  0  0  2  0 ] (0.00000044)
[  1  1  0  0  1  0  1  0  0 ] (0.00004875)
[  1  1  0  0  1  0  1  0  1 ] (0.00013499)
[  1  1  0  0  1  0  1  1  0 ] (0.00059291)
[  1  1  0  0  1  0  2  0  0 ] (0.00000520)
[  1  1  0  0  1  1  0  0  0 ] (0.00000300)
[  1  1  0  0  1  1  0  0  1 ] (0.00003053)
[  1  1  0  0  1  1  0  1  0 ] (0.00003236)
[  1  1  0  0  1  1  1  0  0 ] (0.00000019)
[  1  1  0  0  1  2  0  0  0 ] (0.00000151)
[  1  1  0  0  2  0  0  0  0 ] (0.00000118)
[  1  1  0  0  2  0  0  0  1 ] (0.00000013)
[  1  1  0  0  2  0  0  1  0 ] (0.00000034)
[  1  1  0  0  2  0  1  0  0 ] (0.00000000)
[  1  1  0  0  2  1  0  0  0 ] (0.00000018)
[  1  1  0  0  3  0  0  0  0 ] (0.00000282)
[  1  1  0  1  0  0  0  0  0 ] (0.00000002)
[  1  1  0  1  0  0  0  0  1 ] (0.00001004)
[  1  1  0  1  0  0  0  0  2 ] (0.00000186)
[  1  1  0  1  0  0  0  1  0 ] (0.00000187)
[  1  1  0  1  0  0  0  1  1 ] (0.00018213)
[  1  1  0  1  0  0  0  2  0 ] (0.00000143)
[  1  1  0  1  0  0  1  0  0 ] (0.00054915)
[  1  1  0  1  0  0  1  0  1 ] (0.00513689)
[  1  1  0  1  0  0  1  1  0 ] (0.00000021)
[  1  1  0  1  0  0  2  0  0 ] (0.00000031)
[  1  1  0  1  0  1  0  0  0 ] (0.00001256)
[  1  1  0  1  0  1  0  0  1 ] (0.00002650)
[  1  1  0  1  0  1  0  1  0 ] (0.00005037)
[  1  1  0  1  0  1  1  0  0 ] (0.00006515)
[  1  1  0  1  0  2  0  0  0 ] (0.00000096)
[  1  1  0  1  1  0  0  0  0 ] (0.00000235)
[  1  1  0  1  1  0  0  0  1 ] (0.00000139)
[  1  1  0  1  1  0  0  1  0 ] (0.00000031)
[  1  1  0  1  1  0  1  0  0 ] (0.00000447)
[  1  1  0  1  1  1  0  0  0 ] (0.00000053)
[  1  1  0  1  2  0  0  0  0 ] (0.00000025)
[  1  1  0  2  0  0  0  0  0 ] (0.00000035)
[  1  1  0  2  0  0  0  0  1 ] (0.00000004)
[  1  1  0  2  0  0  0  1  0 ] (0.00000001)
[  1  1  0  2  0  0  1  0  0 ] (0.00000021)
[  1  1  0  2  0  1  0  0  0 ] (0.00000041)
[  1  1  0  2  1  0  0  0  0 ] (0.00000005)
[  1  1  0  3  0  0  0  0  0 ] (0.00000219)
[  1  1  1  0  0  0  0  0  0 ] (0.00000202)
[  1  1  1  0  0  0  0  0  1 ] (0.00000329)
[  1  1  1  0  0  0  0  0  2 ] (0.00002049)
[  1  1  1  0  0  0  0  1  0 ] (0.00000283)
[  1  1  1  0  0  0  0  1  1 ] (0.00000487)
[  1  1  1  0  0  0  0  2  0 ] (0.00002562)
[  1  1  1  0  0  0  1  0  0 ] (0.00000215)
[  1  1  1  0  0  0  1  0  1 ] (0.00000543)
[  1  1  1  0  0  0  1  1  0 ] (0.00010597)
[  1  1  1  0  0  0  2  0  0 ] (0.00000404)
[  1  1  1  0  0  1  0  0  0 ] (0.00000067)
[  1  1  1  0  0  1  0  0  1 ] (0.00000003)
[  1  1  1  0  0  1  0  1  0 ] (0.00000570)
[  1  1  1  0  0  1  1  0  0 ] (0.00000051)
[  1  1  1  0  0  2  0  0  0 ] (0.00000007)
[  1  1  1  0  1  0  0  0  0 ] (0.00000313)
[  1  1  1  0  1  0  0  0  1 ] (0.00001679)
[  1  1  1  0  1  0  0  1  0 ] (0.00000251)
[  1  1  1  0  1  0  1  0  0 ] (0.00000724)
[  1  1  1  0  1  1  0  0  0 ] (0.00000004)
[  1  1  1  0  2  0  0  0  0 ] (0.00000198)
[  1  1  1  1  0  0  0  0  0 ] (0.00000194)
[  1  1  1  1  0  0  0  0  1 ] (0.00000112)
[  1  1  1  1  0  0  0  1  0 ] (0.00000228)
[  1  1  1  1  0  0  1  0  0 ] (0.00000081)
[  1  1  1  1  0  1  0  0  0 ] (0.00000297)
[  1  1  1  1  1  0  0  0  0 ] (0.00000025)
[  1  1  1  2  0  0  0  0  0 ] (0.00000001)
[  1  1  2  0  0  0  0  0  0 ] (0.00000001)
[  1  1  2  0  0  0  0  0  1 ] (0.00000000)
[  1  1  2  0  0  0  0  1  0 ] (0.00000006)
[  1  1  2  0  0  0  1  0  0 ] (0.00000005)
[  1  1  2  0  0  1  0  0  0 ] (0.00000020)
[  1  1  2  0  1  0  0  0  0 ] (0.00000005)
[  1  1  2  1  0  0  0  0  0 ] (0.00000033)
[  1  1  3  0  0  0  0  0  0 ] (0.00000005)
[  1  2  0  0  0  0  0  0  0 ] (0.00000271)
[  1  2  0  0  0  0  0  0  1 ] (0.00002116)
[  1  2  0  0  0  0  0  0  2 ] (0.00006692)
[  1  2  0  0  0  0  0  1  0 ] (0.00000553)
[  1  2  0  0  0  0  0  1  1 ] (0.00003552)
[  1  2  0  0  0  0  0  2  0 ] (0.00000006)
[  1  2  0  0  0  0  1  0  0 ] (0.00000000)
[  1  2  0  0  0  0  1  0  1 ] (0.00001010)
[  1  2  0  0  0  0  1  1  0 ] (0.00001368)
[  1  2  0  0  0  0  2  0  0 ] (0.00000324)
[  1  2  0  0  0  1  0  0  0 ] (0.00000074)
[  1  2  0  0  0  1  0  0  1 ] (0.00001114)
[  1  2  0  0  0  1  0  1  0 ] (0.00000005)
[  1  2  0  0  0  1  1  0  0 ] (0.00000137)
[  1  2  0  0  0  2  0  0  0 ] (0.00000113)
[  1  2  0  0  1  0  0  0  0 ] (0.00000029)
[  1  2  0  0  1  0  0  0  1 ] (0.00000889)
[  1  2  0  0  1  0  0  1  0 ] (0.00004702)
[  1  2  0  0  1  0  1  0  0 ] (0.00000469)
[  1  2  0  0  1  1  0  0  0 ] (0.00000195)
[  1  2  0  0  2  0  0  0  0 ] (0.00000040)
[  1  2  0  1  0  0  0  0  0 ] (0.00000258)
[  1  2  0  1  0  0  0  0  1 ] (0.00001251)
[  1  2  0  1  0  0  0  1  0 ] (0.00000333)
[  1  2  0  1  0  0  1  0  0 ] (0.00000026)
[  1  2  0  1  0  1  0  0  0 ] (0.00000008)
[  1  2  0  1  1  0  0  0  0 ] (0.00000029)
[  1  2  0  2  0  0  0  0  0 ] (0.00000004)
[  1  2  1  0  0  0  0  0  0 ] (0.00000004)
[  1  2  1  0  0  0  0  0  1 ] (0.00000101)
[  1  2  1  0  0  0  0  1  0 ] (0.00000258)
[  1  2  1  0  0  0  1  0  0 ] (0.00000006)
[  1  2  1  0  0  1  0  0  0 ] (0.00000005)
[  1  2  1  0  1  0  0  0  0 ] (0.00000137)
[  1  2  1  1  0  0  0  0  0 ] (0.00000000)
[  1  2  2  0  0  0  0  0  0 ] (0.00000000)
[  1  3  0  0  0  0  0  0  0 ] (0.00000094)
[  1  3  0  0  0  0  0  0  1 ] (0.00000104)
[  1  3  0  0  0  0  0  1  0 ] (0.00000023)
[  1  3  0  0  0  0  1  0  0 ] (0.00000352)
[  1  3  0  0  0  1  0  0  0 ] (0.00000005)
[  1  3  0  0  1  0  0  0  0 ] (0.00000002)
[  1  3  0  1  0  0  0  0  0 ] (0.00000697)
[  1  3  1  0  0  0  0  0  0 ] (0.00000002)
[  1  4  0  0  0  0  0  0  0 ] (0.00000042)
[  2  0  0  0  0  0  0  0  0 ] (0.00000311)
[  2  0  0  0  0  0  0  0  1 ] (0.00001616)
[  2  0  0  0  0  0  0  0  2 ] (0.00001209)
[  2  0  0  0  0  0  0  0  3 ] (0.00002491)
[  2  0  0  0  0  0  0  1  0 ] (0.00012007)
[  2  0  0  0  0  0  0  1  1 ] (0.00153612)
[  2  0  0  0  0  0  0  1  2 ] (0.00485293)
[  2  0  0  0  0  0  0  2  0 ] (0.00000274)
[  2  0  0  0  0  0  0  2  1 ] (0.00010848)
[  2  0  0  0  0  0  0  3  0 ] (0.00007618)
[  2  0  0  0  0  0  1  0  0 ] (0.00001471)
[  2  0  0  0  0  0  1  0  1 ] (0.00013840)
[  2  0  0  0  0  0  1  0  2 ] (0.00028458)
[  2  0  0  0  0  0  1  1  0 ] (0.00017402)
[  2  0  0  0  0  0  1  1  1 ] (0.00190496)
[  2  0  0  0  0  0  1  2  0 ] (0.00018352)
[  2  0  0  0  0  0  2  0  0 ] (0.00001087)
[  2  0  0  0  0  0  2  0  1 ] (0.00001369)
[  2  0  0  0  0  0  2  1  0 ] (0.00034235)
[  2  0  0  0  0  0  3  0  0 ] (0.00001311)
[  2  0  0  0  0  1  0  0  0 ] (0.00000935)
[  2  0  0  0  0  1  0  0  1 ] (0.00010864)
[  2  0  0  0  0  1  0  0  2 ] (0.00000963)
[  2  0  0  0  0  1  0  1  0 ] (0.00001580)
[  2  0  0  0  0  1  0  1  1 ] (0.00014115)
[  2  0  0  0  0  1  0  2  0 ] (0.00001563)
[  2  0  0  0  0  1  1  0  0 ] (0.00000206)
[  2  0  0  0  0  1  1  0  1 ] (0.00000298)
[  2  0  0  0  0  1  1  1  0 ] (0.00004247)
[  2  0  0  0  0  1  2  0  0 ] (0.00001115)
[  2  0  0  0  0  2  0  0  0 ] (0.00000040)
[  2  0  0  0  0  2  0  0  1 ] (0.00000472)
[  2  0  0  0  0  2  0  1  0 ] (0.00000114)
[  2  0  0  0  0  2  1  0  0 ] (0.00000088)
[  2  0  0  0  0  3  0  0  0 ] (0.00000003)
[  2  0  0  0  1  0  0  0  0 ] (0.00000040)
[  2  0  0  0  1  0  0  0  1 ] (0.00003331)
[  2  0  0  0  1  0  0  0  2 ] (0.00005109)
[  2  0  0  0  1  0  0  1  0 ] (0.00068327)
[  2  0  0  0  1  0  0  1  1 ] (0.00429036)
[  2  0  0  0  1  0  0  2  0 ] (0.00004054)
[  2  0  0  0  1  0  1  0  0 ] (0.00005939)
[  2  0  0  0  1  0  1  0  1 ] (0.00017759)
[  2  0  0  0  1  0  1  1  0 ] (0.00099765)
[  2  0  0  0  1  0  2  0  0 ] (0.00001757)
[  2  0  0  0  1  1  0  0  0 ] (0.00001184)
[  2  0  0  0  1  1  0  0  1 ] (0.00002875)
[  2  0  0  0  1  1  0  1  0 ] (0.00002253)
[  2  0  0  0  1  1  1  0  0 ] (0.00000000)
[  2  0  0  0  1  2  0  0  0 ] (0.00000112)
[  2  0  0  0  2  0  0  0  0 ] (0.00002387)
[  2  0  0  0  2  0  0  0  1 ] (0.00003876)
[  2  0  0  0  2  0  0  1  0 ] (0.00001378)
[  2  0  0  0  2  0  1  0  0 ] (0.00000993)
[  2  0  0  0  2  1  0  0  0 ] (0.00000115)
[  2  0  0  0  3  0  0  0  0 ] (0.00002265)
[  2  0  0  1  0  0  0  0  0 ] (0.00000355)
[  2  0  0  1  0  0  0  0  1 ] (0.00000059)
[  2  0  0  1  0  0  0  0  2 ] (0.00000212)
[  2  0  0  1  0  0  0  1  0 ] (0.00039428)
[  2  0  0  1  0  0  0  1  1 ] (0.00148815)
[  2  0  0  1  0  0  0  2  0 ] (0.00006072)
[  2  0  0  1  0  0  1  0  0 ] (0.00002875)
[  2  0  0  1  0  0  1  0  1 ] (0.00001413)
[  2  0  0  1  0  0  1  1  0 ] (0.00035924)
[  2  0  0  1  0  0  2  0  0 ] (0.00000627)
[  2  0  0  1  0  1  0  0  0 ] (0.00002769)
[  2  0  0  1  0  1  0  0  1 ] (0.00002366)
[  2  0  0  1  0  1  0  1  0 ] (0.00000084)
[  2  0  0  1  0  1  1  0  0 ] (0.00000175)
[  2  0  0  1  0  2  0  0  0 ] (0.00000000)
[  2  0  0  1  1  0  0  0  0 ] (0.00000251)
[  2  0  0  1  1  0  0  0  1 ] (0.00002530)
[  2  0  0  1  1  0  0  1  0 ] (0.00000407)
[  2  0  0  1  1  0  1  0  0 ] (0.00000681)
[  2  0  0  1  1  1  0  0  0 ] (0.00000359)
[  2  0  0  1  2  0  0  0  0 ] (0.00000000)
[  2  0  0  2  0  0  0  0  0 ] (0.00000005)
[  2  0  0  2  0  0  0  0  1 ] (0.00000087)
[  2  0  0  2  0  0  0  1  0 ] (0.00000061)
[  2  0  0  2  0  0  1  0  0 ] (0.00000001)
[  2  0  0  2  0  1  0  0  0 ] (0.00000003)
[  2  0  0  2  1  0  0  0  0 ] (0.00000006)
[  2  0  0  3  0  0  0  0  0 ] (0.00000081)
[  2  0  1  0  0  0  0  0  0 ] (0.00001122)
[  2  0  1  0  0  0  0  0  1 ] (0.00004970)
[  2  0  1  0  0  0  0  0  2 ] (0.00002275)
[  2  0  1  0  0  0  0  1  0 ] (0.00012546)
[  2  0  1  0  0  0  0  1  1 ] (0.00013798)
[  2  0  1  0  0  0  0  2  0 ] (0.00000420)
[  2  0  1  0  0  0  1  0  0 ] (0.00000858)
[  2  0  1  0  0  0  1  0  1 ] (0.00000146)
[  2  0  1  0  0  0  1  1  0 ] (0.00027440)
[  2  0  1  0  0  0  2  0  0 ] (0.00000897)
[  2  0  1  0  0  1  0  0  0 ] (0.00000090)
[  2  0  1  0  0  1  0  0  1 ] (0.00000118)
[  2  0  1  0  0  1  0  1  0 ] (0.00000242)
[  2  0  1  0  0  1  1  0  0 ] (0.00000015)
[  2  0  1  0  0  2  0  0  0 ] (0.00000012)
[  2  0  1  0  1  0  0  0  0 ] (0.00003366)
[  2  0  1  0  1  0  0  0  1 ] (0.00003169)
[  2  0  1  0  1  0  0  1  0 ] (0.00007488)
[  2  0  1  0  1  0  1  0  0 ] (0.00000607)
[  2  0  1  0  1  1  0  0  0 ] (0.00000077)
[  2  0  1  0  2  0  0  0  0 ] (0.00000189)
[  2  0  1  1  0  0  0  0  0 ] (0.00000298)
[  2  0  1  1  0  0  0  0  1 ] (0.00000049)
[  2  0  1  1  0  0  0  1  0 ] (0.00000530)
[  2  0  1  1  0  0  1  0  0 ] (0.00000070)
[  2  0  1  1  0  1  0  0  0 ] (0.00000008)
[  2  0  1  1  1  0  0  0  0 ] (0.00001433)
[  2  0  1  2  0  0  0  0  0 ] (0.00000004)
[  2  0  2  0  0  0  0  0  0 ] (0.00000003)
[  2  0  2  0  0  0  0  0  1 ] (0.00000194)
[  2  0  2  0  0  0  0  1  0 ] (0.00000000)
[  2  0  2  0  0  0  1  0  0 ] (0.00000004)
[  2  0  2  0  0  1  0  0  0 ] (0.00000001)
[  2  0  2  0  1  0  0  0  0 ] (0.00000043)
[  2  0  2  1  0  0  0  0  0 ] (0.00000028)
[  2  0  3  0  0  0  0  0  0 ] (0.00000006)
[  2  1  0  0  0  0  0  0  0 ] (0.00000163)
[  2  1  0  0  0  0  0  0  1 ] (0.00002883)
[  2  1  0  0  0  0  0  0  2 ] (0.00002866)
[  2  1  0  0  0  0  0  1  0 ] (0.00007203)
[  2  1  0  0  0  0  0  1  1 ] (0.00097774)
[  2  1  0  0  0  0  0  2  0 ] (0.00001929)
[  2  1  0  0  0  0  1  0  0 ] (0.00004511)
[  2  1  0  0  0  0  1  0  1 ] (0.00013935)
[  2  1  0  0  0  0  1  1  0 ] (0.00008236)
[  2  1  0  0  0  0  2  0  0 ] (0.00000066)
[  2  1  0  0  0  1  0  0  0 ] (0.00000010)
[  2  1  0  0  0  1  0  0  1 ] (0.00000220)
[  2  1  0  0  0  1  0  1  0 ] (0.00003075)
[  2  1  0  0  0  1  1  0  0 ] (0.00001255)
[  2  1  0  0  0  2  0  0  0 ] (0.00000013)
[  2  1  0  0  1  0  0  0  0 ] (0.00000063)
[  2  1  0  0  1  0  0  0  1 ] (0.00000037)
[  2  1  0  0  1  0  0  1  0 ] (0.00002276)
[  2  1  0  0  1  0  1  0  0 ] (0.00000000)
[  2  1  0  0  1  1  0  0  0 ] (0.00000055)
[  2  1  0  0  2  0  0  0  0 ] (0.00000061)
[  2  1  0  1  0  0  0  0  0 ] (0.00000026)
[  2  1  0  1  0  0  0  0  1 ] (0.00000004)
[  2  1  0  1  0  0  0  1  0 ] (0.00000016)
[  2  1  0  1  0  0  1  0  0 ] (0.00000159)
[  2  1  0  1  0  1  0  0  0 ] (0.00000607)
[  2  1  0  1  1  0  0  0  0 ] (0.00000000)
[  2  1  0  2  0  0  0  0  0 ] (0.00000007)
[  2  1  1  0  0  0  0  0  0 ] (0.00000112)
[  2  1  1  0  0  0  0  0  1 ] (0.00000000)
[  2  1  1  0  0  0  0  1  0 ] (0.00000477)
[  2  1  1  0  0  0  1  0  0 ] (0.00000155)
[  2  1  1  0  0  1  0  0  0 ] (0.00000008)
[  2  1  1  0  1  0  0  0  0 ] (0.00000481)
[  2  1  1  1  0  0  0  0  0 ] (0.00000347)
[  2  1  2  0  0  0  0  0  0 ] (0.00000000)
[  2  2  0  0  0  0  0  0  0 ] (0.00000075)
[  2  2  0  0  0  0  0  0  1 ] (0.00000044)
[  2  2  0  0  0  0  0  1  0 ] (0.00002809)
[  2  2  0  0  0  0  1  0  0 ] (0.00000028)
[  2  2  0  0  0  1  0  0  0 ] (0.00000037)
[  2  2  0  0  1  0  0  0  0 ] (0.00000150)
[  2  2  0  1  0  0  0  0  0 ] (0.00000038)
[  2  2  1  0  0  0  0  0  0 ] (0.00000012)
[  2  3  0  0  0  0  0  0  0 ] (0.00000012)
[  3  0  0  0  0  0  0  0  0 ] (0.00000036)
[  3  0  0  0  0  0  0  0  1 ] (0.00000234)
[  3  0  0  0  0  0  0  0  2 ] (0.00000174)
[  3  0  0  0  0  0  0  1  0 ] (0.00000002)
[  3  0  0  0  0  0  0  1  1 ] (0.00000047)
[  3  0  0  0  0  0  0  2  0 ] (0.00000396)
[  3  0  0  0  0  0  1  0  0 ] (0.00000573)
[  3  0  0  0  0  0  1  0  1 ] (0.00001858)
[  3  0  0  0  0  0  1  1  0 ] (0.00000011)
[  3  0  0  0  0  0  2  0  0 ] (0.00000026)
[  3  0  0  0  0  1  0  0  0 ] (0.00000069)
[  3  0  0  0  0  1  0  0  1 ] (0.00001075)
[  3  0  0  0  0  1  0  1  0 ] (0.00002548)
[  3  0  0  0  0  1  1  0  0 ] (0.00000453)
[  3  0  0  0  0  2  0  0  0 ] (0.00000000)
[  3  0  0  0  1  0  0  0  0 ] (0.00000063)
[  3  0  0  0  1  0  0  0  1 ] (0.00000822)
[  3  0  0  0  1  0  0  1  0 ] (0.00000019)
[  3  0  0  0  1  0  1  0  0 ] (0.00000187)
[  3  0  0  0  1  1  0  0  0 ] (0.00000067)
[  3  0  0  0  2  0  0  0  0 ] (0.00000074)
[  3  0  0  1  0  0  0  0  0 ] (0.00000028)
[  3  0  0  1  0  0  0  0  1 ] (0.00001041)
[  3  0  0  1  0  0  0  1  0 ] (0.00001195)
[  3  0  0  1  0  0  1  0  0 ] (0.00000173)
[  3  0  0  1  0  1  0  0  0 ] (0.00000231)
[  3  0  0  1  1  0  0  0  0 ] (0.00000000)
[  3  0  0  2  0  0  0  0  0 ] (0.00000000)
[  3  0  1  0  0  0  0  0  0 ] (0.00000094)
[  3  0  1  0  0  0  0  0  1 ] (0.00000531)
[  3  0  1  0  0  0  0  1  0 ] (0.00000965)
[  3  0  1  0  0  0  1  0  0 ] (0.00000214)
[  3  0  1  0  0  1  0  0  0 ] (0.00000020)
[  3  0  1  0  1  0  0  0  0 ] (0.00000368)
[  3  0  1  1  0  0  0  0  0 ] (0.00000023)
[  3  0  2  0  0  0  0  0  0 ] (0.00000002)
[  3  1  0  0  0  0  0  0  0 ] (0.00000063)
[  3  1  0  0  0  0  0  0  1 ] (0.00000675)
[  3  1  0  0  0  0  0  1  0 ] (0.00000647)
[  3  1  0  0  0  0  1  0  0 ] (0.00000000)
[  3  1  0  0  0  1  0  0  0 ] (0.00000037)
[  3  1  0  0  1  0  0  0  0 ] (0.00000003)
[  3  1  0  1  0  0  0  0  0 ] (0.00000002)
[  3  1  1  0  0  0  0  0  0 ] (0.00000004)
[  3  2  0  0  0  0  0  0  0 ] (0.00000001)
[  4  0  0  0  0  0  0  0  0 ] (0.00001168)
[  4  0  0  0  0  0  0  0  1 ] (0.00003520)
[  4  0  0  0  0  0  0  1  0 ] (0.00002704)
[  4  0  0  0  0  0  1  0  0 ] (0.00000667)
[  4  0  0  0  0  1  0  0  0 ] (0.00000011)
[  4  0  0  0  1  0  0  0  0 ] (0.00000920)
[  4  0  0  1  0  0  0  0  0 ] (0.00000060)
[  4  0  1  0  0  0  0  0  0 ] (0.00000002)
[  4  1  0  0  0  0  0  0  0 ] (0.00000033)
[  5  0  0  0  0  0  0  0  0 ] (0.00000053)
