|  -846.963477147699 |   313.927953006378 

[  0  0  0  0  0  0  0  0  0 ] (0.00000187)
[  0  0  0  0  0  0  0  0  1 ] (0.00000278)
[  0  0  0  0  0  0  0  0  2 ] (0.00000024)
[  0  0  0  0  0  0  0  0  3 ] (0.00000932)
[  0  0  0  0  0  0  0  0  4 ] (0.00000040)
[  0  0  0  0  0  0  0  0  5 ] (0.00001622)
[  0  0  0  0  0  0  0  1  0 ] (0.00000690)
[  0  0  0  0  0  0  0  1  1 ] (0.00000073)
[  0  0  0  0  0  0  0  1  2 ] (0.00000125)
[  0  0  0  0  0  0  0  1  3 ] (0.00028938)
[  0  0  0  0  0  0  0  1  4 ] (0.00000354)
[  0  0  0  0  0  0  0  2  0 ] (0.00000906)
[  0  0  0  0  0  0  0  2  1 ] (0.00000005)
[  0  0  0  0  0  0  0  2  2 ] (0.00012552)
[  0  0  0  0  0  0  0  2  3 ] (0.00004783)
[  0  0  0  0  0  0  0  3  0 ] (0.00005710)
[  0  0  0  0  0  0  0  3  1 ] (0.00111596)
[  0  0  0  0  0  0  0  3  2 ] (0.00005629)
[  0  0  0  0  0  0  0  4  0 ] (0.00011456)
[  0  0  0  0  0  0  0  4  1 ] (0.00021098)
[  0  0  0  0  0  0  0  5  0 ] (0.00000007)
[  0  0  0  0  0  0  1  0  0 ] (0.00001497)
[  0  0  0  0  0  0  1  0  1 ] (0.00000480)
[  0  0  0  0  0  0  1  0  2 ] (0.00008436)
[  0  0  0  0  0  0  1  0  3 ] (0.00448403)
[  0  0  0  0  0  0  1  0  4 ] (0.00000205)
[  0  0  0  0  0  0  1  1  0 ] (0.00001373)
[  0  0  0  0  0  0  1  1  1 ] (0.00002997)
[  0  0  0  0  0  0  1  1  2 ] (0.00011912)
[  0  0  0  0  0  0  1  1  3 ] (0.00000003)
[  0  0  0  0  0  0  1  2  0 ] (0.00000206)
[  0  0  0  0  0  0  1  2  1 ] (0.00023829)
[  0  0  0  0  0  0  1  2  2 ] (0.00003048)
[  0  0  0  0  0  0  1  3  0 ] (0.00011394)
[  0  0  0  0  0  0  1  3  1 ] (0.00008588)
[  0  0  0  0  0  0  1  4  0 ] (0.00002374)
[  0  0  0  0  0  0  2  0  0 ] (0.00003072)
[  0  0  0  0  0  0  2  0  1 ] (0.00000181)
[  0  0  0  0  0  0  2  0  2 ] (0.00026050)
[  0  0  0  0  0  0  2  0  3 ] (0.00018641)
[  0  0  0  0  0  0  2  1  0 ] (0.00000967)
[  0  0  0  0  0  0  2  1  1 ] (0.00000078)
[  0  0  0  0  0  0  2  1  2 ] (0.00002321)
[  0  0  0  0  0  0  2  2  0 ] (0.00003218)
[  0  0  0  0  0  0  2  2  1 ] (0.00000140)
[  0  0  0  0  0  0  2  3  0 ] (0.00000811)
[  0  0  0  0  0  0  3  0  0 ] (0.00000306)
[  0  0  0  0  0  0  3  0  1 ] (0.00003650)
[  0  0  0  0  0  0  3  0  2 ] (0.00099478)
[  0  0  0  0  0  0  3  1  0 ] (0.00016325)
[  0  0  0  0  0  0  3  1  1 ] (0.00028219)
[  0  0  0  0  0  0  3  2  0 ] (0.00004341)
[  0  0  0  0  0  0  4  0  0 ] (0.00005090)
[  0  0  0  0  0  0  4  0  1 ] (0.00099356)
[  0  0  0  0  0  0  4  1  0 ] (0.00014356)
[  0  0  0  0  0  0  5  0  0 ] (0.00023868)
[  0  0  0  0  0  1  0  0  0 ] (0.00000127)
[  0  0  0  0  0  1  0  0  1 ] (0.00001570)
[  0  0  0  0  0  1  0  0  2 ] (0.00002583)
[  0  0  0  0  0  1  0  0  3 ] (0.00040915)
[  0  0  0  0  0  1  0  0  4 ] (0.00001493)
[  0  0  0  0  0  1  0  1  0 ] (0.00000002)
[  0  0  0  0  0  1  0  1  1 ] (0.00000197)
[  0  0  0  0  0  1  0  1  2 ] (0.00002843)
[  0  0  0  0  0  1  0  1  3 ] (0.00000713)
[  0  0  0  0  0  1  0  2  0 ] (0.00000009)
[  0  0  0  0  0  1  0  2  1 ] (0.00000168)
[  0  0  0  0  0  1  0  2  2 ] (0.00002372)
[  0  0  0  0  0  1  0  3  0 ] (0.00000068)
[  0  0  0  0  0  1  0  3  1 ] (0.00000929)
[  0  0  0  0  0  1  0  4  0 ] (0.00003643)
[  0  0  0  0  0  1  1  0  0 ] (0.00000012)
[  0  0  0  0  0  1  1  0  1 ] (0.00006988)
[  0  0  0  0  0  1  1  0  2 ] (0.00058812)
[  0  0  0  0  0  1  1  0  3 ] (0.00001894)
[  0  0  0  0  0  1  1  1  0 ] (0.00002802)
[  0  0  0  0  0  1  1  1  1 ] (0.00174184)
[  0  0  0  0  0  1  1  1  2 ] (0.00035045)
[  0  0  0  0  0  1  1  2  0 ] (0.00000006)
[  0  0  0  0  0  1  1  2  1 ] (0.00009962)
[  0  0  0  0  0  1  1  3  0 ] (0.00005905)
[  0  0  0  0  0  1  2  0  0 ] (0.00001466)
[  0  0  0  0  0  1  2  0  1 ] (0.00012332)
[  0  0  0  0  0  1  2  0  2 ] (0.00004321)
[  0  0  0  0  0  1  2  1  0 ] (0.00000437)
[  0  0  0  0  0  1  2  1  1 ] (0.00000036)
[  0  0  0  0  0  1  2  2  0 ] (0.00260269)
[  0  0  0  0  0  1  3  0  0 ] (0.00024063)
[  0  0  0  0  0  1  3  0  1 ] (0.00642533)
[  0  0  0  0  0  1  3  1  0 ] (0.00221057)
[  0  0  0  0  0  1  4  0  0 ] (0.00002439)
[  0  0  0  0  0  2  0  0  0 ] (0.00000031)
[  0  0  0  0  0  2  0  0  1 ] (0.00003774)
[  0  0  0  0  0  2  0  0  2 ] (0.00000192)
[  0  0  0  0  0  2  0  0  3 ] (0.00565630)
[  0  0  0  0  0  2  0  1  0 ] (0.00000066)
[  0  0  0  0  0  2  0  1  1 ] (0.00000055)
[  0  0  0  0  0  2  0  1  2 ] (0.00004371)
[  0  0  0  0  0  2  0  2  0 ] (0.00081397)
[  0  0  0  0  0  2  0  2  1 ] (0.00211218)
[  0  0  0  0  0  2  0  3  0 ] (0.00026798)
[  0  0  0  0  0  2  1  0  0 ] (0.00013773)
[  0  0  0  0  0  2  1  0  1 ] (0.00185472)
[  0  0  0  0  0  2  1  0  2 ] (0.02709064)
[  0  0  0  0  0  2  1  1  0 ] (0.00002278)
[  0  0  0  0  0  2  1  1  1 ] (0.00041778)
[  0  0  0  0  0  2  1  2  0 ] (0.00287008)
[  0  0  0  0  0  2  2  0  0 ] (0.00000008)
[  0  0  0  0  0  2  2  0  1 ] (0.00011927)
[  0  0  0  0  0  2  2  1  0 ] (0.00010883)
[  0  0  0  0  0  2  3  0  0 ] (0.00000888)
[  0  0  0  0  0  3  0  0  0 ] (0.00000023)
[  0  0  0  0  0  3  0  0  1 ] (0.00000070)
[  0  0  0  0  0  3  0  0  2 ] (0.00004111)
[  0  0  0  0  0  3  0  1  0 ] (0.00023547)
[  0  0  0  0  0  3  0  1  1 ] (0.00327843)
[  0  0  0  0  0  3  0  2  0 ] (0.00000156)
[  0  0  0  0  0  3  1  0  0 ] (0.00000076)
[  0  0  0  0  0  3  1  0  1 ] (0.00000338)
[  0  0  0  0  0  3  1  1  0 ] (0.00066132)
[  0  0  0  0  0  3  2  0  0 ] (0.00000064)
[  0  0  0  0  0  4  0  0  0 ] (0.00000452)
[  0  0  0  0  0  4  0  0  1 ] (0.00007518)
[  0  0  0  0  0  4  0  1  0 ] (0.00001850)
[  0  0  0  0  0  4  1  0  0 ] (0.00005049)
[  0  0  0  0  0  5  0  0  0 ] (0.00000202)
[  0  0  0  0  1  0  0  0  0 ] (0.00000665)
[  0  0  0  0  1  0  0  0  1 ] (0.00000582)
[  0  0  0  0  1  0  0  0  2 ] (0.00000005)
[  0  0  0  0  1  0  0  0  3 ] (0.00090302)
[  0  0  0  0  1  0  0  0  4 ] (0.00000535)
[  0  0  0  0  1  0  0  1  0 ] (0.00017968)
[  0  0  0  0  1  0  0  1  1 ] (0.00003339)
[  0  0  0  0  1  0  0  1  2 ] (0.00002807)
[  0  0  0  0  1  0  0  1  3 ] (0.00017645)
[  0  0  0  0  1  0  0  2  0 ] (0.00000072)
[  0  0  0  0  1  0  0  2  1 ] (0.00001233)
[  0  0  0  0  1  0  0  2  2 ] (0.00001880)
[  0  0  0  0  1  0  0  3  0 ] (0.00000966)
[  0  0  0  0  1  0  0  3  1 ] (0.00003556)
[  0  0  0  0  1  0  0  4  0 ] (0.00023576)
[  0  0  0  0  1  0  1  0  0 ] (0.00001371)
[  0  0  0  0  1  0  1  0  1 ] (0.00004697)
[  0  0  0  0  1  0  1  0  2 ] (0.00085869)
[  0  0  0  0  1  0  1  0  3 ] (0.00010355)
[  0  0  0  0  1  0  1  1  0 ] (0.00018770)
[  0  0  0  0  1  0  1  1  1 ] (0.00509496)
[  0  0  0  0  1  0  1  1  2 ] (0.00116063)
[  0  0  0  0  1  0  1  2  0 ] (0.00000083)
[  0  0  0  0  1  0  1  2  1 ] (0.00002999)
[  0  0  0  0  1  0  1  3  0 ] (0.00092682)
[  0  0  0  0  1  0  2  0  0 ] (0.00000853)
[  0  0  0  0  1  0  2  0  1 ] (0.00007286)
[  0  0  0  0  1  0  2  0  2 ] (0.00116835)
[  0  0  0  0  1  0  2  1  0 ] (0.00001059)
[  0  0  0  0  1  0  2  1  1 ] (0.00004462)
[  0  0  0  0  1  0  2  2  0 ] (0.00001009)
[  0  0  0  0  1  0  3  0  0 ] (0.00028452)
[  0  0  0  0  1  0  3  0  1 ] (0.00290560)
[  0  0  0  0  1  0  3  1  0 ] (0.00248399)
[  0  0  0  0  1  0  4  0  0 ] (0.00001313)
[  0  0  0  0  1  1  0  0  0 ] (0.00000702)
[  0  0  0  0  1  1  0  0  1 ] (0.00002826)
[  0  0  0  0  1  1  0  0  2 ] (0.00005540)
[  0  0  0  0  1  1  0  0  3 ] (0.00061312)
[  0  0  0  0  1  1  0  1  0 ] (0.00004806)
[  0  0  0  0  1  1  0  1  1 ] (0.00000334)
[  0  0  0  0  1  1  0  1  2 ] (0.00008185)
[  0  0  0  0  1  1  0  2  0 ] (0.00002616)
[  0  0  0  0  1  1  0  2  1 ] (0.00003786)
[  0  0  0  0  1  1  0  3  0 ] (0.00019628)
[  0  0  0  0  1  1  1  0  0 ] (0.00004810)
[  0  0  0  0  1  1  1  0  1 ] (0.00186460)
[  0  0  0  0  1  1  1  0  2 ] (0.00009264)
[  0  0  0  0  1  1  1  1  0 ] (0.00001457)
[  0  0  0  0  1  1  1  1  1 ] (0.00142545)
[  0  0  0  0  1  1  1  2  0 ] (0.00007787)
[  0  0  0  0  1  1  2  0  0 ] (0.00148401)
[  0  0  0  0  1  1  2  0  1 ] (0.01683010)
[  0  0  0  0  1  1  2  1  0 ] (0.00369399)
[  0  0  0  0  1  1  3  0  0 ] (0.00005369)
[  0  0  0  0  1  2  0  0  0 ] (0.00000236)
[  0  0  0  0  1  2  0  0  1 ] (0.00000125)
[  0  0  0  0  1  2  0  0  2 ] (0.00001764)
[  0  0  0  0  1  2  0  1  0 ] (0.00006151)
[  0  0  0  0  1  2  0  1  1 ] (0.00666699)
[  0  0  0  0  1  2  0  2  0 ] (0.00000099)
[  0  0  0  0  1  2  1  0  0 ] (0.00011024)
[  0  0  0  0  1  2  1  0  1 ] (0.00324146)
[  0  0  0  0  1  2  1  1  0 ] (0.00011890)
[  0  0  0  0  1  2  2  0  0 ] (0.00000451)
[  0  0  0  0  1  3  0  0  0 ] (0.00000911)
[  0  0  0  0  1  3  0  0  1 ] (0.00000394)
[  0  0  0  0  1  3  0  1  0 ] (0.00020416)
[  0  0  0  0  1  3  1  0  0 ] (0.00000189)
[  0  0  0  0  1  4  0  0  0 ] (0.00000045)
[  0  0  0  0  2  0  0  0  0 ] (0.00001833)
[  0  0  0  0  2  0  0  0  1 ] (0.00000203)
[  0  0  0  0  2  0  0  0  2 ] (0.00000468)
[  0  0  0  0  2  0  0  0  3 ] (0.00360989)
[  0  0  0  0  2  0  0  1  0 ] (0.00001956)
[  0  0  0  0  2  0  0  1  1 ] (0.00004288)
[  0  0  0  0  2  0  0  1  2 ] (0.00000266)
[  0  0  0  0  2  0  0  2  0 ] (0.00000860)
[  0  0  0  0  2  0  0  2  1 ] (0.00309299)
[  0  0  0  0  2  0  0  3  0 ] (0.00003310)
[  0  0  0  0  2  0  1  0  0 ] (0.00000193)
[  0  0  0  0  2  0  1  0  1 ] (0.00011688)
[  0  0  0  0  2  0  1  0  2 ] (0.00727589)
[  0  0  0  0  2  0  1  1  0 ] (0.00028341)
[  0  0  0  0  2  0  1  1  1 ] (0.00056751)
[  0  0  0  0  2  0  1  2  0 ] (0.00349066)
[  0  0  0  0  2  0  2  0  0 ] (0.00120454)
[  0  0  0  0  2  0  2  0  1 ] (0.00559780)
[  0  0  0  0  2  0  2  1  0 ] (0.00169055)
[  0  0  0  0  2  0  3  0  0 ] (0.00028775)
[  0  0  0  0  2  1  0  0  0 ] (0.00001242)
[  0  0  0  0  2  1  0  0  1 ] (0.00006685)
[  0  0  0  0  2  1  0  0  2 ] (0.00005553)
[  0  0  0  0  2  1  0  1  0 ] (0.00000529)
[  0  0  0  0  2  1  0  1  1 ] (0.00021993)
[  0  0  0  0  2  1  0  2  0 ] (0.00000000)
[  0  0  0  0  2  1  1  0  0 ] (0.00000951)
[  0  0  0  0  2  1  1  0  1 ] (0.00004641)
[  0  0  0  0  2  1  1  1  0 ] (0.00035146)
[  0  0  0  0  2  1  2  0  0 ] (0.00032211)
[  0  0  0  0  2  2  0  0  0 ] (0.00001087)
[  0  0  0  0  2  2  0  0  1 ] (0.00006350)
[  0  0  0  0  2  2  0  1  0 ] (0.00000165)
[  0  0  0  0  2  2  1  0  0 ] (0.00001186)
[  0  0  0  0  2  3  0  0  0 ] (0.00000364)
[  0  0  0  0  3  0  0  0  0 ] (0.00000023)
[  0  0  0  0  3  0  0  0  1 ] (0.00000022)
[  0  0  0  0  3  0  0  0  2 ] (0.00004119)
[  0  0  0  0  3  0  0  1  0 ] (0.00002073)
[  0  0  0  0  3  0  0  1  1 ] (0.00003650)
[  0  0  0  0  3  0  0  2  0 ] (0.00000563)
[  0  0  0  0  3  0  1  0  0 ] (0.00011673)
[  0  0  0  0  3  0  1  0  1 ] (0.00133628)
[  0  0  0  0  3  0  1  1  0 ] (0.00111307)
[  0  0  0  0  3  0  2  0  0 ] (0.00005285)
[  0  0  0  0  3  1  0  0  0 ] (0.00000481)
[  0  0  0  0  3  1  0  0  1 ] (0.00007017)
[  0  0  0  0  3  1  0  1  0 ] (0.00000106)
[  0  0  0  0  3  1  1  0  0 ] (0.00005040)
[  0  0  0  0  3  2  0  0  0 ] (0.00001288)
[  0  0  0  0  4  0  0  0  0 ] (0.00004990)
[  0  0  0  0  4  0  0  0  1 ] (0.00010125)
[  0  0  0  0  4  0  0  1  0 ] (0.00012571)
[  0  0  0  0  4  0  1  0  0 ] (0.00009156)
[  0  0  0  0  4  1  0  0  0 ] (0.00001345)
[  0  0  0  0  5  0  0  0  0 ] (0.00001868)
[  0  0  0  1  0  0  0  0  0 ] (0.00005975)
[  0  0  0  1  0  0  0  0  1 ] (0.00002276)
[  0  0  0  1  0  0  0  0  2 ] (0.00026467)
[  0  0  0  1  0  0  0  0  3 ] (0.00349630)
[  0  0  0  1  0  0  0  0  4 ] (0.00034024)
[  0  0  0  1  0  0  0  1  0 ] (0.00000223)
[  0  0  0  1  0  0  0  1  1 ] (0.00001305)
[  0  0  0  1  0  0  0  1  2 ] (0.00021513)
[  0  0  0  1  0  0  0  1  3 ] (0.00004753)
[  0  0  0  1  0  0  0  2  0 ] (0.00005545)
[  0  0  0  1  0  0  0  2  1 ] (0.00031015)
[  0  0  0  1  0  0  0  2  2 ] (0.00137709)
[  0  0  0  1  0  0  0  3  0 ] (0.00056189)
[  0  0  0  1  0  0  0  3  1 ] (0.00006228)
[  0  0  0  1  0  0  0  4  0 ] (0.00367810)
[  0  0  0  1  0  0  1  0  0 ] (0.00003841)
[  0  0  0  1  0  0  1  0  1 ] (0.00029034)
[  0  0  0  1  0  0  1  0  2 ] (0.00019254)
[  0  0  0  1  0  0  1  0  3 ] (0.00031853)
[  0  0  0  1  0  0  1  1  0 ] (0.00000013)
[  0  0  0  1  0  0  1  1  1 ] (0.00004439)
[  0  0  0  1  0  0  1  1  2 ] (0.00000180)
[  0  0  0  1  0  0  1  2  0 ] (0.00004077)
[  0  0  0  1  0  0  1  2  1 ] (0.00070453)
[  0  0  0  1  0  0  1  3  0 ] (0.00510523)
[  0  0  0  1  0  0  2  0  0 ] (0.00008930)
[  0  0  0  1  0  0  2  0  1 ] (0.00214125)
[  0  0  0  1  0  0  2  0  2 ] (0.00004868)
[  0  0  0  1  0  0  2  1  0 ] (0.00007699)
[  0  0  0  1  0  0  2  1  1 ] (0.00004866)
[  0  0  0  1  0  0  2  2  0 ] (0.00047744)
[  0  0  0  1  0  0  3  0  0 ] (0.00559479)
[  0  0  0  1  0  0  3  0  1 ] (0.11516430)
[  0  0  0  1  0  0  3  1  0 ] (0.00870798)
[  0  0  0  1  0  0  4  0  0 ] (0.00446299)
[  0  0  0  1  0  1  0  0  0 ] (0.00000158)
[  0  0  0  1  0  1  0  0  1 ] (0.00017270)
[  0  0  0  1  0  1  0  0  2 ] (0.00000127)
[  0  0  0  1  0  1  0  0  3 ] (0.00757674)
[  0  0  0  1  0  1  0  1  0 ] (0.00011029)
[  0  0  0  1  0  1  0  1  1 ] (0.00095742)
[  0  0  0  1  0  1  0  1  2 ] (0.00160141)
[  0  0  0  1  0  1  0  2  0 ] (0.00016184)
[  0  0  0  1  0  1  0  2  1 ] (0.00484661)
[  0  0  0  1  0  1  0  3  0 ] (0.00012107)
[  0  0  0  1  0  1  1  0  0 ] (0.00004532)
[  0  0  0  1  0  1  1  0  1 ] (0.00107110)
[  0  0  0  1  0  1  1  0  2 ] (0.00151242)
[  0  0  0  1  0  1  1  1  0 ] (0.00007186)
[  0  0  0  1  0  1  1  1  1 ] (0.00111087)
[  0  0  0  1  0  1  1  2  0 ] (0.00839803)
[  0  0  0  1  0  1  2  0  0 ] (0.00135964)
[  0  0  0  1  0  1  2  0  1 ] (0.01139395)
[  0  0  0  1  0  1  2  1  0 ] (0.00014116)
[  0  0  0  1  0  1  3  0  0 ] (0.00042542)
[  0  0  0  1  0  2  0  0  0 ] (0.00000108)
[  0  0  0  1  0  2  0  0  1 ] (0.00008759)
[  0  0  0  1  0  2  0  0  2 ] (0.00003147)
[  0  0  0  1  0  2  0  1  0 ] (0.00080333)
[  0  0  0  1  0  2  0  1  1 ] (0.01172970)
[  0  0  0  1  0  2  0  2  0 ] (0.00000298)
[  0  0  0  1  0  2  1  0  0 ] (0.00018541)
[  0  0  0  1  0  2  1  0  1 ] (0.00579146)
[  0  0  0  1  0  2  1  1  0 ] (0.00308647)
[  0  0  0  1  0  2  2  0  0 ] (0.00010739)
[  0  0  0  1  0  3  0  0  0 ] (0.00000711)
[  0  0  0  1  0  3  0  0  1 ] (0.00001220)
[  0  0  0  1  0  3  0  1  0 ] (0.00002102)
[  0  0  0  1  0  3  1  0  0 ] (0.00002409)
[  0  0  0  1  0  4  0  0  0 ] (0.00000023)
[  0  0  0  1  1  0  0  0  0 ] (0.00006947)
[  0  0  0  1  1  0  0  0  1 ] (0.00000041)
[  0  0  0  1  1  0  0  0  2 ] (0.00033858)
[  0  0  0  1  1  0  0  0  3 ] (0.00526387)
[  0  0  0  1  1  0  0  1  0 ] (0.00009188)
[  0  0  0  1  1  0  0  1  1 ] (0.00011659)
[  0  0  0  1  1  0  0  1  2 ] (0.00013598)
[  0  0  0  1  1  0  0  2  0 ] (0.00009877)
[  0  0  0  1  1  0  0  2  1 ] (0.00004247)
[  0  0  0  1  1  0  0  3  0 ] (0.00309867)
[  0  0  0  1  1  0  1  0  0 ] (0.00000079)
[  0  0  0  1  1  0  1  0  1 ] (0.00049333)
[  0  0  0  1  1  0  1  0  2 ] (0.00517410)
[  0  0  0  1  1  0  1  1  0 ] (0.00041904)
[  0  0  0  1  1  0  1  1  1 ] (0.00123614)
[  0  0  0  1  1  0  1  2  0 ] (0.00130985)
[  0  0  0  1  1  0  2  0  0 ] (0.00135051)
[  0  0  0  1  1  0  2  0  1 ] (0.00788615)
[  0  0  0  1  1  0  2  1  0 ] (0.00002681)
[  0  0  0  1  1  0  3  0  0 ] (0.00000852)
[  0  0  0  1  1  1  0  0  0 ] (0.00000186)
[  0  0  0  1  1  1  0  0  1 ] (0.00001583)
[  0  0  0  1  1  1  0  0  2 ] (0.00016071)
[  0  0  0  1  1  1  0  1  0 ] (0.00000072)
[  0  0  0  1  1  1  0  1  1 ] (0.00026051)
[  0  0  0  1  1  1  0  2  0 ] (0.00055099)
[  0  0  0  1  1  1  1  0  0 ] (0.00075358)
[  0  0  0  1  1  1  1  0  1 ] (0.01761326)
[  0  0  0  1  1  1  1  1  0 ] (0.00001956)
[  0  0  0  1  1  1  2  0  0 ] (0.00041984)
[  0  0  0  1  1  2  0  0  0 ] (0.00000000)
[  0  0  0  1  1  2  0  0  1 ] (0.00000994)
[  0  0  0  1  1  2  0  1  0 ] (0.00001444)
[  0  0  0  1  1  2  1  0  0 ] (0.00009078)
[  0  0  0  1  1  3  0  0  0 ] (0.00003851)
[  0  0  0  1  2  0  0  0  0 ] (0.00008983)
[  0  0  0  1  2  0  0  0  1 ] (0.00060038)
[  0  0  0  1  2  0  0  0  2 ] (0.00025585)
[  0  0  0  1  2  0  0  1  0 ] (0.00000156)
[  0  0  0  1  2  0  0  1  1 ] (0.00000470)
[  0  0  0  1  2  0  0  2  0 ] (0.00007211)
[  0  0  0  1  2  0  1  0  0 ] (0.00160663)
[  0  0  0  1  2  0  1  0  1 ] (0.01241693)
[  0  0  0  1  2  0  1  1  0 ] (0.00032276)
[  0  0  0  1  2  0  2  0  0 ] (0.00000219)
[  0  0  0  1  2  1  0  0  0 ] (0.00005621)
[  0  0  0  1  2  1  0  0  1 ] (0.00039512)
[  0  0  0  1  2  1  0  1  0 ] (0.00003624)
[  0  0  0  1  2  1  1  0  0 ] (0.00049920)
[  0  0  0  1  2  2  0  0  0 ] (0.00002502)
[  0  0  0  1  3  0  0  0  0 ] (0.00001146)
[  0  0  0  1  3  0  0  0  1 ] (0.00021204)
[  0  0  0  1  3  0  0  1  0 ] (0.00000188)
[  0  0  0  1  3  0  1  0  0 ] (0.00004224)
[  0  0  0  1  3  1  0  0  0 ] (0.00000873)
[  0  0  0  1  4  0  0  0  0 ] (0.00001003)
[  0  0  0  2  0  0  0  0  0 ] (0.00005422)
[  0  0  0  2  0  0  0  0  1 ] (0.00014890)
[  0  0  0  2  0  0  0  0  2 ] (0.00008091)
[  0  0  0  2  0  0  0  0  3 ] (0.00038253)
[  0  0  0  2  0  0  0  1  0 ] (0.00005121)
[  0  0  0  2  0  0  0  1  1 ] (0.00025936)
[  0  0  0  2  0  0  0  1  2 ] (0.00133045)
[  0  0  0  2  0  0  0  2  0 ] (0.00856799)
[  0  0  0  2  0  0  0  2  1 ] (0.02241190)
[  0  0  0  2  0  0  0  3  0 ] (0.00144961)
[  0  0  0  2  0  0  1  0  0 ] (0.00017494)
[  0  0  0  2  0  0  1  0  1 ] (0.00033049)
[  0  0  0  2  0  0  1  0  2 ] (0.00060607)
[  0  0  0  2  0  0  1  1  0 ] (0.00031836)
[  0  0  0  2  0  0  1  1  1 ] (0.00018167)
[  0  0  0  2  0  0  1  2  0 ] (0.01900082)
[  0  0  0  2  0  0  2  0  0 ] (0.00015423)
[  0  0  0  2  0  0  2  0  1 ] (0.00070865)
[  0  0  0  2  0  0  2  1  0 ] (0.00033832)
[  0  0  0  2  0  0  3  0  0 ] (0.00047793)
[  0  0  0  2  0  1  0  0  0 ] (0.00001994)
[  0  0  0  2  0  1  0  0  1 ] (0.00001402)
[  0  0  0  2  0  1  0  0  2 ] (0.00004559)
[  0  0  0  2  0  1  0  1  0 ] (0.00001478)
[  0  0  0  2  0  1  0  1  1 ] (0.00006931)
[  0  0  0  2  0  1  0  2  0 ] (0.00157123)
[  0  0  0  2  0  1  1  0  0 ] (0.00007850)
[  0  0  0  2  0  1  1  0  1 ] (0.00005190)
[  0  0  0  2  0  1  1  1  0 ] (0.00042059)
[  0  0  0  2  0  1  2  0  0 ] (0.00002908)
[  0  0  0  2  0  2  0  0  0 ] (0.00000079)
[  0  0  0  2  0  2  0  0  1 ] (0.00000114)
[  0  0  0  2  0  2  0  1  0 ] (0.00000091)
[  0  0  0  2  0  2  1  0  0 ] (0.00001238)
[  0  0  0  2  0  3  0  0  0 ] (0.00000978)
[  0  0  0  2  1  0  0  0  0 ] (0.00000005)
[  0  0  0  2  1  0  0  0  1 ] (0.00004169)
[  0  0  0  2  1  0  0  0  2 ] (0.00000028)
[  0  0  0  2  1  0  0  1  0 ] (0.02364301)
[  0  0  0  2  1  0  0  1  1 ] (0.09589775)
[  0  0  0  2  1  0  0  2  0 ] (0.00000386)
[  0  0  0  2  1  0  1  0  0 ] (0.00002972)
[  0  0  0  2  1  0  1  0  1 ] (0.00007035)
[  0  0  0  2  1  0  1  1  0 ] (0.05990932)
[  0  0  0  2  1  0  2  0  0 ] (0.00001094)
[  0  0  0  2  1  1  0  0  0 ] (0.00000286)
[  0  0  0  2  1  1  0  0  1 ] (0.00011627)
[  0  0  0  2  1  1  0  1  0 ] (0.00912424)
[  0  0  0  2  1  1  1  0  0 ] (0.00000040)
[  0  0  0  2  1  2  0  0  0 ] (0.00000115)
[  0  0  0  2  2  0  0  0  0 ] (0.00011367)
[  0  0  0  2  2  0  0  0  1 ] (0.00012967)
[  0  0  0  2  2  0  0  1  0 ] (0.00003007)
[  0  0  0  2  2  0  1  0  0 ] (0.00025141)
[  0  0  0  2  2  1  0  0  0 ] (0.00002842)
[  0  0  0  2  3  0  0  0  0 ] (0.00040656)
[  0  0  0  3  0  0  0  0  0 ] (0.00000346)
[  0  0  0  3  0  0  0  0  1 ] (0.00000707)
[  0  0  0  3  0  0  0  0  2 ] (0.00000487)
[  0  0  0  3  0  0  0  1  0 ] (0.00000755)
[  0  0  0  3  0  0  0  1  1 ] (0.00035615)
[  0  0  0  3  0  0  0  2  0 ] (0.00000473)
[  0  0  0  3  0  0  1  0  0 ] (0.00006573)
[  0  0  0  3  0  0  1  0  1 ] (0.00045990)
[  0  0  0  3  0  0  1  1  0 ] (0.00009172)
[  0  0  0  3  0  0  2  0  0 ] (0.00000636)
[  0  0  0  3  0  1  0  0  0 ] (0.00000116)
[  0  0  0  3  0  1  0  0  1 ] (0.00000016)
[  0  0  0  3  0  1  0  1  0 ] (0.00002342)
[  0  0  0  3  0  1  1  0  0 ] (0.00000881)
[  0  0  0  3  0  2  0  0  0 ] (0.00000799)
[  0  0  0  3  1  0  0  0  0 ] (0.00000992)
[  0  0  0  3  1  0  0  0  1 ] (0.00000007)
[  0  0  0  3  1  0  0  1  0 ] (0.00052732)
[  0  0  0  3  1  0  1  0  0 ] (0.00007074)
[  0  0  0  3  1  1  0  0  0 ] (0.00000201)
[  0  0  0  3  2  0  0  0  0 ] (0.00000277)
[  0  0  0  4  0  0  0  0  0 ] (0.00000176)
[  0  0  0  4  0  0  0  0  1 ] (0.00011872)
[  0  0  0  4  0  0  0  1  0 ] (0.00000793)
[  0  0  0  4  0  0  1  0  0 ] (0.00003435)
[  0  0  0  4  0  1  0  0  0 ] (0.00000241)
[  0  0  0  4  1  0  0  0  0 ] (0.00035285)
[  0  0  0  5  0  0  0  0  0 ] (0.00002935)
[  0  0  1  0  0  0  0  0  0 ] (0.00000067)
[  0  0  1  0  0  0  0  0  1 ] (0.00000218)
[  0  0  1  0  0  0  0  0  2 ] (0.00000294)
[  0  0  1  0  0  0  0  0  3 ] (0.00009842)
[  0  0  1  0  0  0  0  0  4 ] (0.00005019)
[  0  0  1  0  0  0  0  1  0 ] (0.00000120)
[  0  0  1  0  0  0  0  1  1 ] (0.00004799)
[  0  0  1  0  0  0  0  1  2 ] (0.00001272)
[  0  0  1  0  0  0  0  1  3 ] (0.00002914)
[  0  0  1  0  0  0  0  2  0 ] (0.00000995)
[  0  0  1  0  0  0  0  2  1 ] (0.00000001)
[  0  0  1  0  0  0  0  2  2 ] (0.00005634)
[  0  0  1  0  0  0  0  3  0 ] (0.00001284)
[  0  0  1  0  0  0  0  3  1 ] (0.00007911)
[  0  0  1  0  0  0  0  4  0 ] (0.00034924)
[  0  0  1  0  0  0  1  0  0 ] (0.00001433)
[  0  0  1  0  0  0  1  0  1 ] (0.00000249)
[  0  0  1  0  0  0  1  0  2 ] (0.00069326)
[  0  0  1  0  0  0  1  0  3 ] (0.00028326)
[  0  0  1  0  0  0  1  1  0 ] (0.00001567)
[  0  0  1  0  0  0  1  1  1 ] (0.00000016)
[  0  0  1  0  0  0  1  1  2 ] (0.00000688)
[  0  0  1  0  0  0  1  2  0 ] (0.00004663)
[  0  0  1  0  0  0  1  2  1 ] (0.00034095)
[  0  0  1  0  0  0  1  3  0 ] (0.00001611)
[  0  0  1  0  0  0  2  0  0 ] (0.00000282)
[  0  0  1  0  0  0  2  0  1 ] (0.00002647)
[  0  0  1  0  0  0  2  0  2 ] (0.00012856)
[  0  0  1  0  0  0  2  1  0 ] (0.00000957)
[  0  0  1  0  0  0  2  1  1 ] (0.00022217)
[  0  0  1  0  0  0  2  2  0 ] (0.00071021)
[  0  0  1  0  0  0  3  0  0 ] (0.00000476)
[  0  0  1  0  0  0  3  0  1 ] (0.00010152)
[  0  0  1  0  0  0  3  1  0 ] (0.00347152)
[  0  0  1  0  0  0  4  0  0 ] (0.00058088)
[  0  0  1  0  0  1  0  0  0 ] (0.00000070)
[  0  0  1  0  0  1  0  0  1 ] (0.00000254)
[  0  0  1  0  0  1  0  0  2 ] (0.00000017)
[  0  0  1  0  0  1  0  0  3 ] (0.00054147)
[  0  0  1  0  0  1  0  1  0 ] (0.00000130)
[  0  0  1  0  0  1  0  1  1 ] (0.00004752)
[  0  0  1  0  0  1  0  1  2 ] (0.00001975)
[  0  0  1  0  0  1  0  2  0 ] (0.00001058)
[  0  0  1  0  0  1  0  2  1 ] (0.00012957)
[  0  0  1  0  0  1  0  3  0 ] (0.00014344)
[  0  0  1  0  0  1  1  0  0 ] (0.00002366)
[  0  0  1  0  0  1  1  0  1 ] (0.00002819)
[  0  0  1  0  0  1  1  0  2 ] (0.00381793)
[  0  0  1  0  0  1  1  1  0 ] (0.00003762)
[  0  0  1  0  0  1  1  1  1 ] (0.00024792)
[  0  0  1  0  0  1  1  2  0 ] (0.00031231)
[  0  0  1  0  0  1  2  0  0 ] (0.00007453)
[  0  0  1  0  0  1  2  0  1 ] (0.00051116)
[  0  0  1  0  0  1  2  1  0 ] (0.00024197)
[  0  0  1  0  0  1  3  0  0 ] (0.00000802)
[  0  0  1  0  0  2  0  0  0 ] (0.00000646)
[  0  0  1  0  0  2  0  0  1 ] (0.00001196)
[  0  0  1  0  0  2  0  0  2 ] (0.00002680)
[  0  0  1  0  0  2  0  1  0 ] (0.00000942)
[  0  0  1  0  0  2  0  1  1 ] (0.00029842)
[  0  0  1  0  0  2  0  2  0 ] (0.00000250)
[  0  0  1  0  0  2  1  0  0 ] (0.00000954)
[  0  0  1  0  0  2  1  0  1 ] (0.00000015)
[  0  0  1  0  0  2  1  1  0 ] (0.00005451)
[  0  0  1  0  0  2  2  0  0 ] (0.00000455)
[  0  0  1  0  0  3  0  0  0 ] (0.00000176)
[  0  0  1  0  0  3  0  0  1 ] (0.00000073)
[  0  0  1  0  0  3  0  1  0 ] (0.00000262)
[  0  0  1  0  0  3  1  0  0 ] (0.00004027)
[  0  0  1  0  0  4  0  0  0 ] (0.00000040)
[  0  0  1  0  1  0  0  0  0 ] (0.00000581)
[  0  0  1  0  1  0  0  0  1 ] (0.00002668)
[  0  0  1  0  1  0  0  0  2 ] (0.00003258)
[  0  0  1  0  1  0  0  0  3 ] (0.00306937)
[  0  0  1  0  1  0  0  1  0 ] (0.00000837)
[  0  0  1  0  1  0  0  1  1 ] (0.00000128)
[  0  0  1  0  1  0  0  1  2 ] (0.00005494)
[  0  0  1  0  1  0  0  2  0 ] (0.00000010)
[  0  0  1  0  1  0  0  2  1 ] (0.00014119)
[  0  0  1  0  1  0  0  3  0 ] (0.00013615)
[  0  0  1  0  1  0  1  0  0 ] (0.00001967)
[  0  0  1  0  1  0  1  0  1 ] (0.00000002)
[  0  0  1  0  1  0  1  0  2 ] (0.01595807)
[  0  0  1  0  1  0  1  1  0 ] (0.00000225)
[  0  0  1  0  1  0  1  1  1 ] (0.00020662)
[  0  0  1  0  1  0  1  2  0 ] (0.00044203)
[  0  0  1  0  1  0  2  0  0 ] (0.00622124)
[  0  0  1  0  1  0  2  0  1 ] (0.03939693)
[  0  0  1  0  1  0  2  1  0 ] (0.00000300)
[  0  0  1  0  1  0  3  0  0 ] (0.00007121)
[  0  0  1  0  1  1  0  0  0 ] (0.00000002)
[  0  0  1  0  1  1  0  0  1 ] (0.00003300)
[  0  0  1  0  1  1  0  0  2 ] (0.00000187)
[  0  0  1  0  1  1  0  1  0 ] (0.00003413)
[  0  0  1  0  1  1  0  1  1 ] (0.00067695)
[  0  0  1  0  1  1  0  2  0 ] (0.00001235)
[  0  0  1  0  1  1  1  0  0 ] (0.00006035)
[  0  0  1  0  1  1  1  0  1 ] (0.00234843)
[  0  0  1  0  1  1  1  1  0 ] (0.00001328)
[  0  0  1  0  1  1  2  0  0 ] (0.00135717)
[  0  0  1  0  1  2  0  0  0 ] (0.00000148)
[  0  0  1  0  1  2  0  0  1 ] (0.00002262)
[  0  0  1  0  1  2  0  1  0 ] (0.00000735)
[  0  0  1  0  1  2  1  0  0 ] (0.00002433)
[  0  0  1  0  1  3  0  0  0 ] (0.00000004)
[  0  0  1  0  2  0  0  0  0 ] (0.00002240)
[  0  0  1  0  2  0  0  0  1 ] (0.00002997)
[  0  0  1  0  2  0  0  0  2 ] (0.00002017)
[  0  0  1  0  2  0  0  1  0 ] (0.00000590)
[  0  0  1  0  2  0  0  1  1 ] (0.00000972)
[  0  0  1  0  2  0  0  2  0 ] (0.00001726)
[  0  0  1  0  2  0  1  0  0 ] (0.00047277)
[  0  0  1  0  2  0  1  0  1 ] (0.00206390)
[  0  0  1  0  2  0  1  1  0 ] (0.00019333)
[  0  0  1  0  2  0  2  0  0 ] (0.00000827)
[  0  0  1  0  2  1  0  0  0 ] (0.00001976)
[  0  0  1  0  2  1  0  0  1 ] (0.00005385)
[  0  0  1  0  2  1  0  1  0 ] (0.00000112)
[  0  0  1  0  2  1  1  0  0 ] (0.00014422)
[  0  0  1  0  2  2  0  0  0 ] (0.00000807)
[  0  0  1  0  3  0  0  0  0 ] (0.00002261)
[  0  0  1  0  3  0  0  0  1 ] (0.00003058)
[  0  0  1  0  3  0  0  1  0 ] (0.00001115)
[  0  0  1  0  3  0  1  0  0 ] (0.00006441)
[  0  0  1  0  3  1  0  0  0 ] (0.00000878)
[  0  0  1  0  4  0  0  0  0 ] (0.00001611)
[  0  0  1  1  0  0  0  0  0 ] (0.00000406)
[  0  0  1  1  0  0  0  0  1 ] (0.00007139)
[  0  0  1  1  0  0  0  0  2 ] (0.00000081)
[  0  0  1  1  0  0  0  0  3 ] (0.00001074)
[  0  0  1  1  0  0  0  1  0 ] (0.00009411)
[  0  0  1  1  0  0  0  1  1 ] (0.00016239)
[  0  0  1  1  0  0  0  1  2 ] (0.00504545)
[  0  0  1  1  0  0  0  2  0 ] (0.00000291)
[  0  0  1  1  0  0  0  2  1 ] (0.00004234)
[  0  0  1  1  0  0  0  3  0 ] (0.00002593)
[  0  0  1  1  0  0  1  0  0 ] (0.00000168)
[  0  0  1  1  0  0  1  0  1 ] (0.00092727)
[  0  0  1  1  0  0  1  0  2 ] (0.00193213)
[  0  0  1  1  0  0  1  1  0 ] (0.00000039)
[  0  0  1  1  0  0  1  1  1 ] (0.00125747)
[  0  0  1  1  0  0  1  2  0 ] (0.00000087)
[  0  0  1  1  0  0  2  0  0 ] (0.00029473)
[  0  0  1  1  0  0  2  0  1 ] (0.00159916)
[  0  0  1  1  0  0  2  1  0 ] (0.00005006)
[  0  0  1  1  0  0  3  0  0 ] (0.00000701)
[  0  0  1  1  0  1  0  0  0 ] (0.00000305)
[  0  0  1  1  0  1  0  0  1 ] (0.00013006)
[  0  0  1  1  0  1  0  0  2 ] (0.00000054)
[  0  0  1  1  0  1  0  1  0 ] (0.00054354)
[  0  0  1  1  0  1  0  1  1 ] (0.00401943)
[  0  0  1  1  0  1  0  2  0 ] (0.00005051)
[  0  0  1  1  0  1  1  0  0 ] (0.00052082)
[  0  0  1  1  0  1  1  0  1 ] (0.00921613)
[  0  0  1  1  0  1  1  1  0 ] (0.00083974)
[  0  0  1  1  0  1  2  0  0 ] (0.00011349)
[  0  0  1  1  0  2  0  0  0 ] (0.00000432)
[  0  0  1  1  0  2  0  0  1 ] (0.00005325)
[  0  0  1  1  0  2  0  1  0 ] (0.00005163)
[  0  0  1  1  0  2  1  0  0 ] (0.00006212)
[  0  0  1  1  0  3  0  0  0 ] (0.00000136)
[  0  0  1  1  1  0  0  0  0 ] (0.00000577)
[  0  0  1  1  1  0  0  0  1 ] (0.00000713)
[  0  0  1  1  1  0  0  0  2 ] (0.00000402)
[  0  0  1  1  1  0  0  1  0 ] (0.00003175)
[  0  0  1  1  1  0  0  1  1 ] (0.00419878)
[  0  0  1  1  1  0  0  2  0 ] (0.00019063)
[  0  0  1  1  1  0  1  0  0 ] (0.00052669)
[  0  0  1  1  1  0  1  0  1 ] (0.00710955)
[  0  0  1  1  1  0  1  1  0 ] (0.00913857)
[  0  0  1  1  1  0  2  0  0 ] (0.00000363)
[  0  0  1  1  1  1  0  0  0 ] (0.00002100)
[  0  0  1  1  1  1  0  0  1 ] (0.00002786)
[  0  0  1  1  1  1  0  1  0 ] (0.00001389)
[  0  0  1  1  1  1  1  0  0 ] (0.00007643)
[  0  0  1  1  1  2  0  0  0 ] (0.00000062)
[  0  0  1  1  2  0  0  0  0 ] (0.00011469)
[  0  0  1  1  2  0  0  0  1 ] (0.00019519)
[  0  0  1  1  2  0  0  1  0 ] (0.00023057)
[  0  0  1  1  2  0  1  0  0 ] (0.00012182)
[  0  0  1  1  2  1  0  0  0 ] (0.00003405)
[  0  0  1  1  3  0  0  0  0 ] (0.00003766)
[  0  0  1  2  0  0  0  0  0 ] (0.00002737)
[  0  0  1  2  0  0  0  0  1 ] (0.00003690)
[  0  0  1  2  0  0  0  0  2 ] (0.00001476)
[  0  0  1  2  0  0  0  1  0 ] (0.00000007)
[  0  0  1  2  0  0  0  1  1 ] (0.00024949)
[  0  0  1  2  0  0  0  2  0 ] (0.00018319)
[  0  0  1  2  0  0  1  0  0 ] (0.00004579)
[  0  0  1  2  0  0  1  0  1 ] (0.00000053)
[  0  0  1  2  0  0  1  1  0 ] (0.00003300)
[  0  0  1  2  0  0  2  0  0 ] (0.00002164)
[  0  0  1  2  0  1  0  0  0 ] (0.00002032)
[  0  0  1  2  0  1  0  0  1 ] (0.00001634)
[  0  0  1  2  0  1  0  1  0 ] (0.00000564)
[  0  0  1  2  0  1  1  0  0 ] (0.00003139)
[  0  0  1  2  0  2  0  0  0 ] (0.00000870)
[  0  0  1  2  1  0  0  0  0 ] (0.00000964)
[  0  0  1  2  1  0  0  0  1 ] (0.00012046)
[  0  0  1  2  1  0  0  1  0 ] (0.00014579)
[  0  0  1  2  1  0  1  0  0 ] (0.00000021)
[  0  0  1  2  1  1  0  0  0 ] (0.00000020)
[  0  0  1  2  2  0  0  0  0 ] (0.00001009)
[  0  0  1  3  0  0  0  0  0 ] (0.00001183)
[  0  0  1  3  0  0  0  0  1 ] (0.00000087)
[  0  0  1  3  0  0  0  1  0 ] (0.00000844)
[  0  0  1  3  0  0  1  0  0 ] (0.00000930)
[  0  0  1  3  0  1  0  0  0 ] (0.00000282)
[  0  0  1  3  1  0  0  0  0 ] (0.00000643)
[  0  0  1  4  0  0  0  0  0 ] (0.00000002)
[  0  0  2  0  0  0  0  0  0 ] (0.00000050)
[  0  0  2  0  0  0  0  0  1 ] (0.00000246)
[  0  0  2  0  0  0  0  0  2 ] (0.00000239)
[  0  0  2  0  0  0  0  0  3 ] (0.00002432)
[  0  0  2  0  0  0  0  1  0 ] (0.00000986)
[  0  0  2  0  0  0  0  1  1 ] (0.00016356)
[  0  0  2  0  0  0  0  1  2 ] (0.00024453)
[  0  0  2  0  0  0  0  2  0 ] (0.00000087)
[  0  0  2  0  0  0  0  2  1 ] (0.00000009)
[  0  0  2  0  0  0  0  3  0 ] (0.00000107)
[  0  0  2  0  0  0  1  0  0 ] (0.00000003)
[  0  0  2  0  0  0  1  0  1 ] (0.00001624)
[  0  0  2  0  0  0  1  0  2 ] (0.00002344)
[  0  0  2  0  0  0  1  1  0 ] (0.00002091)
[  0  0  2  0  0  0  1  1  1 ] (0.00000194)
[  0  0  2  0  0  0  1  2  0 ] (0.00000064)
[  0  0  2  0  0  0  2  0  0 ] (0.00012312)
[  0  0  2  0  0  0  2  0  1 ] (0.00046690)
[  0  0  2  0  0  0  2  1  0 ] (0.00000053)
[  0  0  2  0  0  0  3  0  0 ] (0.00000984)
[  0  0  2  0  0  1  0  0  0 ] (0.00000036)
[  0  0  2  0  0  1  0  0  1 ] (0.00000680)
[  0  0  2  0  0  1  0  0  2 ] (0.00000983)
[  0  0  2  0  0  1  0  1  0 ] (0.00000460)
[  0  0  2  0  0  1  0  1  1 ] (0.00007727)
[  0  0  2  0  0  1  0  2  0 ] (0.00000001)
[  0  0  2  0  0  1  1  0  0 ] (0.00000032)
[  0  0  2  0  0  1  1  0  1 ] (0.00000087)
[  0  0  2  0  0  1  1  1  0 ] (0.00001136)
[  0  0  2  0  0  1  2  0  0 ] (0.00003959)
[  0  0  2  0  0  2  0  0  0 ] (0.00000008)
[  0  0  2  0  0  2  0  0  1 ] (0.00000504)
[  0  0  2  0  0  2  0  1  0 ] (0.00000014)
[  0  0  2  0  0  2  1  0  0 ] (0.00000015)
[  0  0  2  0  0  3  0  0  0 ] (0.00000013)
[  0  0  2  0  1  0  0  0  0 ] (0.00000002)
[  0  0  2  0  1  0  0  0  1 ] (0.00000241)
[  0  0  2  0  1  0  0  0  2 ] (0.00001408)
[  0  0  2  0  1  0  0  1  0 ] (0.00003582)
[  0  0  2  0  1  0  0  1  1 ] (0.00007228)
[  0  0  2  0  1  0  0  2  0 ] (0.00000898)
[  0  0  2  0  1  0  1  0  0 ] (0.00023358)
[  0  0  2  0  1  0  1  0  1 ] (0.00152288)
[  0  0  2  0  1  0  1  1  0 ] (0.00002841)
[  0  0  2  0  1  0  2  0  0 ] (0.00003932)
[  0  0  2  0  1  1  0  0  0 ] (0.00000210)
[  0  0  2  0  1  1  0  0  1 ] (0.00000001)
[  0  0  2  0  1  1  0  1  0 ] (0.00003674)
[  0  0  2  0  1  1  1  0  0 ] (0.00006880)
[  0  0  2  0  1  2  0  0  0 ] (0.00000061)
[  0  0  2  0  2  0  0  0  0 ] (0.00000699)
[  0  0  2  0  2  0  0  0  1 ] (0.00001592)
[  0  0  2  0  2  0  0  1  0 ] (0.00000030)
[  0  0  2  0  2  0  1  0  0 ] (0.00001077)
[  0  0  2  0  2  1  0  0  0 ] (0.00000377)
[  0  0  2  0  3  0  0  0  0 ] (0.00000132)
[  0  0  2  1  0  0  0  0  0 ] (0.00000002)
[  0  0  2  1  0  0  0  0  1 ] (0.00000669)
[  0  0  2  1  0  0  0  0  2 ] (0.00000081)
[  0  0  2  1  0  0  0  1  0 ] (0.00000000)
[  0  0  2  1  0  0  0  1  1 ] (0.00000460)
[  0  0  2  1  0  0  0  2  0 ] (0.00000267)
[  0  0  2  1  0  0  1  0  0 ] (0.00000312)
[  0  0  2  1  0  0  1  0  1 ] (0.00011290)
[  0  0  2  1  0  0  1  1  0 ] (0.00002454)
[  0  0  2  1  0  0  2  0  0 ] (0.00011437)
[  0  0  2  1  0  1  0  0  0 ] (0.00000025)
[  0  0  2  1  0  1  0  0  1 ] (0.00000930)
[  0  0  2  1  0  1  0  1  0 ] (0.00000017)
[  0  0  2  1  0  1  1  0  0 ] (0.00001198)
[  0  0  2  1  0  2  0  0  0 ] (0.00000006)
[  0  0  2  1  1  0  0  0  0 ] (0.00001340)
[  0  0  2  1  1  0  0  0  1 ] (0.00000832)
[  0  0  2  1  1  0  0  1  0 ] (0.00000090)
[  0  0  2  1  1  0  1  0  0 ] (0.00000734)
[  0  0  2  1  1  1  0  0  0 ] (0.00000865)
[  0  0  2  1  2  0  0  0  0 ] (0.00000626)
[  0  0  2  2  0  0  0  0  0 ] (0.00000157)
[  0  0  2  2  0  0  0  0  1 ] (0.00000078)
[  0  0  2  2  0  0  0  1  0 ] (0.00000001)
[  0  0  2  2  0  0  1  0  0 ] (0.00000065)
[  0  0  2  2  0  1  0  0  0 ] (0.00000172)
[  0  0  2  2  1  0  0  0  0 ] (0.00000138)
[  0  0  2  3  0  0  0  0  0 ] (0.00000002)
[  0  0  3  0  0  0  0  0  0 ] (0.00000006)
[  0  0  3  0  0  0  0  0  1 ] (0.00000145)
[  0  0  3  0  0  0  0  0  2 ] (0.00000086)
[  0  0  3  0  0  0  0  1  0 ] (0.00000221)
[  0  0  3  0  0  0  0  1  1 ] (0.00010386)
[  0  0  3  0  0  0  0  2  0 ] (0.00000396)
[  0  0  3  0  0  0  1  0  0 ] (0.00000603)
[  0  0  3  0  0  0  1  0  1 ] (0.00011216)
[  0  0  3  0  0  0  1  1  0 ] (0.00007915)
[  0  0  3  0  0  0  2  0  0 ] (0.00003523)
[  0  0  3  0  0  1  0  0  0 ] (0.00000023)
[  0  0  3  0  0  1  0  0  1 ] (0.00001147)
[  0  0  3  0  0  1  0  1  0 ] (0.00000000)
[  0  0  3  0  0  1  1  0  0 ] (0.00000006)
[  0  0  3  0  0  2  0  0  0 ] (0.00000003)
[  0  0  3  0  1  0  0  0  0 ] (0.00000031)
[  0  0  3  0  1  0  0  0  1 ] (0.00000329)
[  0  0  3  0  1  0  0  1  0 ] (0.00001155)
[  0  0  3  0  1  0  1  0  0 ] (0.00007180)
[  0  0  3  0  1  1  0  0  0 ] (0.00000821)
[  0  0  3  0  2  0  0  0  0 ] (0.00000851)
[  0  0  3  1  0  0  0  0  0 ] (0.00000000)
[  0  0  3  1  0  0  0  0  1 ] (0.00002462)
[  0  0  3  1  0  0  0  1  0 ] (0.00000278)
[  0  0  3  1  0  0  1  0  0 ] (0.00000165)
[  0  0  3  1  0  1  0  0  0 ] (0.00000153)
[  0  0  3  1  1  0  0  0  0 ] (0.00002643)
[  0  0  3  2  0  0  0  0  0 ] (0.00000271)
[  0  0  4  0  0  0  0  0  0 ] (0.00000098)
[  0  0  4  0  0  0  0  0  1 ] (0.00000054)
[  0  0  4  0  0  0  0  1  0 ] (0.00000028)
[  0  0  4  0  0  0  1  0  0 ] (0.00002345)
[  0  0  4  0  0  1  0  0  0 ] (0.00000038)
[  0  0  4  0  1  0  0  0  0 ] (0.00000244)
[  0  0  4  1  0  0  0  0  0 ] (0.00000000)
[  0  0  5  0  0  0  0  0  0 ] (0.00000015)
[  0  1  0  0  0  0  0  0  0 ] (0.00000004)
[  0  1  0  0  0  0  0  0  1 ] (0.00000009)
[  0  1  0  0  0  0  0  0  2 ] (0.00001145)
[  0  1  0  0  0  0  0  0  3 ] (0.00000335)
[  0  1  0  0  0  0  0  0  4 ] (0.00002758)
[  0  1  0  0  0  0  0  1  0 ] (0.00000097)
[  0  1  0  0  0  0  0  1  1 ] (0.00003584)
[  0  1  0  0  0  0  0  1  2 ] (0.00005782)
[  0  1  0  0  0  0  0  1  3 ] (0.00012027)
[  0  1  0  0  0  0  0  2  0 ] (0.00002403)
[  0  1  0  0  0  0  0  2  1 ] (0.00000453)
[  0  1  0  0  0  0  0  2  2 ] (0.00014329)
[  0  1  0  0  0  0  0  3  0 ] (0.00000939)
[  0  1  0  0  0  0  0  3  1 ] (0.00000046)
[  0  1  0  0  0  0  0  4  0 ] (0.00990903)
[  0  1  0  0  0  0  1  0  0 ] (0.00000451)
[  0  1  0  0  0  0  1  0  1 ] (0.00003971)
[  0  1  0  0  0  0  1  0  2 ] (0.00001242)
[  0  1  0  0  0  0  1  0  3 ] (0.00006402)
[  0  1  0  0  0  0  1  1  0 ] (0.00016245)
[  0  1  0  0  0  0  1  1  1 ] (0.00076861)
[  0  1  0  0  0  0  1  1  2 ] (0.00066721)
[  0  1  0  0  0  0  1  2  0 ] (0.00023740)
[  0  1  0  0  0  0  1  2  1 ] (0.00034811)
[  0  1  0  0  0  0  1  3  0 ] (0.00010643)
[  0  1  0  0  0  0  2  0  0 ] (0.00011788)
[  0  1  0  0  0  0  2  0  1 ] (0.00068679)
[  0  1  0  0  0  0  2  0  2 ] (0.00339744)
[  0  1  0  0  0  0  2  1  0 ] (0.00012330)
[  0  1  0  0  0  0  2  1  1 ] (0.00043016)
[  0  1  0  0  0  0  2  2  0 ] (0.00478476)
[  0  1  0  0  0  0  3  0  0 ] (0.00000121)
[  0  1  0  0  0  0  3  0  1 ] (0.00003493)
[  0  1  0  0  0  0  3  1  0 ] (0.01290909)
[  0  1  0  0  0  0  4  0  0 ] (0.00054430)
[  0  1  0  0  0  1  0  0  0 ] (0.00000000)
[  0  1  0  0  0  1  0  0  1 ] (0.00001314)
[  0  1  0  0  0  1  0  0  2 ] (0.00000329)
[  0  1  0  0  0  1  0  0  3 ] (0.00320345)
[  0  1  0  0  0  1  0  1  0 ] (0.00000433)
[  0  1  0  0  0  1  0  1  1 ] (0.00000055)
[  0  1  0  0  0  1  0  1  2 ] (0.00010647)
[  0  1  0  0  0  1  0  2  0 ] (0.00001811)
[  0  1  0  0  0  1  0  2  1 ] (0.00010651)
[  0  1  0  0  0  1  0  3  0 ] (0.00002379)
[  0  1  0  0  0  1  1  0  0 ] (0.00000240)
[  0  1  0  0  0  1  1  0  1 ] (0.00003779)
[  0  1  0  0  0  1  1  0  2 ] (0.00003407)
[  0  1  0  0  0  1  1  1  0 ] (0.00000396)
[  0  1  0  0  0  1  1  1  1 ] (0.00000014)
[  0  1  0  0  0  1  1  2  0 ] (0.00064817)
[  0  1  0  0  0  1  2  0  0 ] (0.00010856)
[  0  1  0  0  0  1  2  0  1 ] (0.00031285)
[  0  1  0  0  0  1  2  1  0 ] (0.00000225)
[  0  1  0  0  0  1  3  0  0 ] (0.00002113)
[  0  1  0  0  0  2  0  0  0 ] (0.00000580)
[  0  1  0  0  0  2  0  0  1 ] (0.00004098)
[  0  1  0  0  0  2  0  0  2 ] (0.00006422)
[  0  1  0  0  0  2  0  1  0 ] (0.00001946)
[  0  1  0  0  0  2  0  1  1 ] (0.00008138)
[  0  1  0  0  0  2  0  2  0 ] (0.00000333)
[  0  1  0  0  0  2  1  0  0 ] (0.00001707)
[  0  1  0  0  0  2  1  0  1 ] (0.00022712)
[  0  1  0  0  0  2  1  1  0 ] (0.00011489)
[  0  1  0  0  0  2  2  0  0 ] (0.00000026)
[  0  1  0  0  0  3  0  0  0 ] (0.00000112)
[  0  1  0  0  0  3  0  0  1 ] (0.00000579)
[  0  1  0  0  0  3  0  1  0 ] (0.00000647)
[  0  1  0  0  0  3  1  0  0 ] (0.00000055)
[  0  1  0  0  0  4  0  0  0 ] (0.00000005)
[  0  1  0  0  1  0  0  0  0 ] (0.00000069)
[  0  1  0  0  1  0  0  0  1 ] (0.00001636)
[  0  1  0  0  1  0  0  0  2 ] (0.00000133)
[  0  1  0  0  1  0  0  0  3 ] (0.00061434)
[  0  1  0  0  1  0  0  1  0 ] (0.00003453)
[  0  1  0  0  1  0  0  1  1 ] (0.00000141)
[  0  1  0  0  1  0  0  1  2 ] (0.00116365)
[  0  1  0  0  1  0  0  2  0 ] (0.00000051)
[  0  1  0  0  1  0  0  2  1 ] (0.00309160)
[  0  1  0  0  1  0  0  3  0 ] (0.00000294)
[  0  1  0  0  1  0  1  0  0 ] (0.00009281)
[  0  1  0  0  1  0  1  0  1 ] (0.00065090)
[  0  1  0  0  1  0  1  0  2 ] (0.00605155)
[  0  1  0  0  1  0  1  1  0 ] (0.00005141)
[  0  1  0  0  1  0  1  1  1 ] (0.00022320)
[  0  1  0  0  1  0  1  2  0 ] (0.00722580)
[  0  1  0  0  1  0  2  0  0 ] (0.00014076)
[  0  1  0  0  1  0  2  0  1 ] (0.00056019)
[  0  1  0  0  1  0  2  1  0 ] (0.00000424)
[  0  1  0  0  1  0  3  0  0 ] (0.00058646)
[  0  1  0  0  1  1  0  0  0 ] (0.00000433)
[  0  1  0  0  1  1  0  0  1 ] (0.00003569)
[  0  1  0  0  1  1  0  0  2 ] (0.00002264)
[  0  1  0  0  1  1  0  1  0 ] (0.00003810)
[  0  1  0  0  1  1  0  1  1 ] (0.00003882)
[  0  1  0  0  1  1  0  2  0 ] (0.00000028)
[  0  1  0  0  1  1  1  0  0 ] (0.00015433)
[  0  1  0  0  1  1  1  0  1 ] (0.00114685)
[  0  1  0  0  1  1  1  1  0 ] (0.00072422)
[  0  1  0  0  1  1  2  0  0 ] (0.00000224)
[  0  1  0  0  1  2  0  0  0 ] (0.00000405)
[  0  1  0  0  1  2  0  0  1 ] (0.00002978)
[  0  1  0  0  1  2  0  1  0 ] (0.00000956)
[  0  1  0  0  1  2  1  0  0 ] (0.00003767)
[  0  1  0  0  1  3  0  0  0 ] (0.00000003)
[  0  1  0  0  2  0  0  0  0 ] (0.00000377)
[  0  1  0  0  2  0  0  0  1 ] (0.00000525)
[  0  1  0  0  2  0  0  0  2 ] (0.00000012)
[  0  1  0  0  2  0  0  1  0 ] (0.00043845)
[  0  1  0  0  2  0  0  1  1 ] (0.00216990)
[  0  1  0  0  2  0  0  2  0 ] (0.00000355)
[  0  1  0  0  2  0  1  0  0 ] (0.00007496)
[  0  1  0  0  2  0  1  0  1 ] (0.00028060)
[  0  1  0  0  2  0  1  1  0 ] (0.00106351)
[  0  1  0  0  2  0  2  0  0 ] (0.00000211)
[  0  1  0  0  2  1  0  0  0 ] (0.00000186)
[  0  1  0  0  2  1  0  0  1 ] (0.00002227)
[  0  1  0  0  2  1  0  1  0 ] (0.00006226)
[  0  1  0  0  2  1  1  0  0 ] (0.00002695)
[  0  1  0  0  2  2  0  0  0 ] (0.00000221)
[  0  1  0  0  3  0  0  0  0 ] (0.00000107)
[  0  1  0  0  3  0  0  0  1 ] (0.00001889)
[  0  1  0  0  3  0  0  1  0 ] (0.00000612)
[  0  1  0  0  3  0  1  0  0 ] (0.00000212)
[  0  1  0  0  3  1  0  0  0 ] (0.00000017)
[  0  1  0  0  4  0  0  0  0 ] (0.00001224)
[  0  1  0  1  0  0  0  0  0 ] (0.00000211)
[  0  1  0  1  0  0  0  0  1 ] (0.00000494)
[  0  1  0  1  0  0  0  0  2 ] (0.00000375)
[  0  1  0  1  0  0  0  0  3 ] (0.00025999)
[  0  1  0  1  0  0  0  1  0 ] (0.00000407)
[  0  1  0  1  0  0  0  1  1 ] (0.00006144)
[  0  1  0  1  0  0  0  1  2 ] (0.00031392)
[  0  1  0  1  0  0  0  2  0 ] (0.00000321)
[  0  1  0  1  0  0  0  2  1 ] (0.00049757)
[  0  1  0  1  0  0  0  3  0 ] (0.00003171)
[  0  1  0  1  0  0  1  0  0 ] (0.00025279)
[  0  1  0  1  0  0  1  0  1 ] (0.00206504)
[  0  1  0  1  0  0  1  0  2 ] (0.01637598)
[  0  1  0  1  0  0  1  1  0 ] (0.00005464)
[  0  1  0  1  0  0  1  1  1 ] (0.00041829)
[  0  1  0  1  0  0  1  2  0 ] (0.00046964)
[  0  1  0  1  0  0  2  0  0 ] (0.00000033)
[  0  1  0  1  0  0  2  0  1 ] (0.00000172)
[  0  1  0  1  0  0  2  1  0 ] (0.00027797)
[  0  1  0  1  0  0  3  0  0 ] (0.00010057)
[  0  1  0  1  0  1  0  0  0 ] (0.00000002)
[  0  1  0  1  0  1  0  0  1 ] (0.00000418)
[  0  1  0  1  0  1  0  0  2 ] (0.00001092)
[  0  1  0  1  0  1  0  1  0 ] (0.00019042)
[  0  1  0  1  0  1  0  1  1 ] (0.00252416)
[  0  1  0  1  0  1  0  2  0 ] (0.00000104)
[  0  1  0  1  0  1  1  0  0 ] (0.00005871)
[  0  1  0  1  0  1  1  0  1 ] (0.00054973)
[  0  1  0  1  0  1  1  1  0 ] (0.00032962)
[  0  1  0  1  0  1  2  0  0 ] (0.00001505)
[  0  1  0  1  0  2  0  0  0 ] (0.00000048)
[  0  1  0  1  0  2  0  0  1 ] (0.00000287)
[  0  1  0  1  0  2  0  1  0 ] (0.00004368)
[  0  1  0  1  0  2  1  0  0 ] (0.00002425)
[  0  1  0  1  0  3  0  0  0 ] (0.00000012)
[  0  1  0  1  1  0  0  0  0 ] (0.00000765)
[  0  1  0  1  1  0  0  0  1 ] (0.00000001)
[  0  1  0  1  1  0  0  0  2 ] (0.00000007)
[  0  1  0  1  1  0  0  1  0 ] (0.00003881)
[  0  1  0  1  1  0  0  1  1 ] (0.00014463)
[  0  1  0  1  1  0  0  2  0 ] (0.00000106)
[  0  1  0  1  1  0  1  0  0 ] (0.00001991)
[  0  1  0  1  1  0  1  0  1 ] (0.00000925)
[  0  1  0  1  1  0  1  1  0 ] (0.00000150)
[  0  1  0  1  1  0  2  0  0 ] (0.00000000)
[  0  1  0  1  1  1  0  0  0 ] (0.00000991)
[  0  1  0  1  1  1  0  0  1 ] (0.00004019)
[  0  1  0  1  1  1  0  1  0 ] (0.00000568)
[  0  1  0  1  1  1  1  0  0 ] (0.00000003)
[  0  1  0  1  1  2  0  0  0 ] (0.00000249)
[  0  1  0  1  2  0  0  0  0 ] (0.00001350)
[  0  1  0  1  2  0  0  0  1 ] (0.00008183)
[  0  1  0  1  2  0  0  1  0 ] (0.00001641)
[  0  1  0  1  2  0  1  0  0 ] (0.00002977)
[  0  1  0  1  2  1  0  0  0 ] (0.00000690)
[  0  1  0  1  3  0  0  0  0 ] (0.00000004)
[  0  1  0  2  0  0  0  0  0 ] (0.00000954)
[  0  1  0  2  0  0  0  0  1 ] (0.00000804)
[  0  1  0  2  0  0  0  0  2 ] (0.00001163)
[  0  1  0  2  0  0  0  1  0 ] (0.00015107)
[  0  1  0  2  0  0  0  1  1 ] (0.00035198)
[  0  1  0  2  0  0  0  2  0 ] (0.00014939)
[  0  1  0  2  0  0  1  0  0 ] (0.00007449)
[  0  1  0  2  0  0  1  0  1 ] (0.00016904)
[  0  1  0  2  0  0  1  1  0 ] (0.00021125)
[  0  1  0  2  0  0  2  0  0 ] (0.00000425)
[  0  1  0  2  0  1  0  0  0 ] (0.00000149)
[  0  1  0  2  0  1  0  0  1 ] (0.00000000)
[  0  1  0  2  0  1  0  1  0 ] (0.00004163)
[  0  1  0  2  0  1  1  0  0 ] (0.00001079)
[  0  1  0  2  0  2  0  0  0 ] (0.00000016)
[  0  1  0  2  1  0  0  0  0 ] (0.00000024)
[  0  1  0  2  1  0  0  0  1 ] (0.00000067)
[  0  1  0  2  1  0  0  1  0 ] (0.00128248)
[  0  1  0  2  1  0  1  0  0 ] (0.00000086)
[  0  1  0  2  1  1  0  0  0 ] (0.00000021)
[  0  1  0  2  2  0  0  0  0 ] (0.00001599)
[  0  1  0  3  0  0  0  0  0 ] (0.00000141)
[  0  1  0  3  0  0  0  0  1 ] (0.00002513)
[  0  1  0  3  0  0  0  1  0 ] (0.00001084)
[  0  1  0  3  0  0  1  0  0 ] (0.00000494)
[  0  1  0  3  0  1  0  0  0 ] (0.00000111)
[  0  1  0  3  1  0  0  0  0 ] (0.00000067)
[  0  1  0  4  0  0  0  0  0 ] (0.00000159)
[  0  1  1  0  0  0  0  0  0 ] (0.00000240)
[  0  1  1  0  0  0  0  0  1 ] (0.00000132)
[  0  1  1  0  0  0  0  0  2 ] (0.00001767)
[  0  1  1  0  0  0  0  0  3 ] (0.00001997)
[  0  1  1  0  0  0  0  1  0 ] (0.00000117)
[  0  1  1  0  0  0  0  1  1 ] (0.00000042)
[  0  1  1  0  0  0  0  1  2 ] (0.00008627)
[  0  1  1  0  0  0  0  2  0 ] (0.00003552)
[  0  1  1  0  0  0  0  2  1 ] (0.00023327)
[  0  1  1  0  0  0  0  3  0 ] (0.00000016)
[  0  1  1  0  0  0  1  0  0 ] (0.00001899)
[  0  1  1  0  0  0  1  0  1 ] (0.00008478)
[  0  1  1  0  0  0  1  0  2 ] (0.00024872)
[  0  1  1  0  0  0  1  1  0 ] (0.00000145)
[  0  1  1  0  0  0  1  1  1 ] (0.00006897)
[  0  1  1  0  0  0  1  2  0 ] (0.00003335)
[  0  1  1  0  0  0  2  0  0 ] (0.00018665)
[  0  1  1  0  0  0  2  0  1 ] (0.00100941)
[  0  1  1  0  0  0  2  1  0 ] (0.00012028)
[  0  1  1  0  0  0  3  0  0 ] (0.00001705)
[  0  1  1  0  0  1  0  0  0 ] (0.00000194)
[  0  1  1  0  0  1  0  0  1 ] (0.00000630)
[  0  1  1  0  0  1  0  0  2 ] (0.00001460)
[  0  1  1  0  0  1  0  1  0 ] (0.00000564)
[  0  1  1  0  0  1  0  1  1 ] (0.00011188)
[  0  1  1  0  0  1  0  2  0 ] (0.00000205)
[  0  1  1  0  0  1  1  0  0 ] (0.00002390)
[  0  1  1  0  0  1  1  0  1 ] (0.00009679)
[  0  1  1  0  0  1  1  1  0 ] (0.00011073)
[  0  1  1  0  0  1  2  0  0 ] (0.00005989)
[  0  1  1  0  0  2  0  0  0 ] (0.00000070)
[  0  1  1  0  0  2  0  0  1 ] (0.00000000)
[  0  1  1  0  0  2  0  1  0 ] (0.00000008)
[  0  1  1  0  0  2  1  0  0 ] (0.00000260)
[  0  1  1  0  0  3  0  0  0 ] (0.00000151)
[  0  1  1  0  1  0  0  0  0 ] (0.00000727)
[  0  1  1  0  1  0  0  0  1 ] (0.00000359)
[  0  1  1  0  1  0  0  0  2 ] (0.00003486)
[  0  1  1  0  1  0  0  1  0 ] (0.00006550)
[  0  1  1  0  1  0  0  1  1 ] (0.00054741)
[  0  1  1  0  1  0  0  2  0 ] (0.00001027)
[  0  1  1  0  1  0  1  0  0 ] (0.00010589)
[  0  1  1  0  1  0  1  0  1 ] (0.00029849)
[  0  1  1  0  1  0  1  1  0 ] (0.00005098)
[  0  1  1  0  1  0  2  0  0 ] (0.00000503)
[  0  1  1  0  1  1  0  0  0 ] (0.00000052)
[  0  1  1  0  1  1  0  0  1 ] (0.00000816)
[  0  1  1  0  1  1  0  1  0 ] (0.00003493)
[  0  1  1  0  1  1  1  0  0 ] (0.00000285)
[  0  1  1  0  1  2  0  0  0 ] (0.00000071)
[  0  1  1  0  2  0  0  0  0 ] (0.00001452)
[  0  1  1  0  2  0  0  0  1 ] (0.00003699)
[  0  1  1  0  2  0  0  1  0 ] (0.00001640)
[  0  1  1  0  2  0  1  0  0 ] (0.00001672)
[  0  1  1  0  2  1  0  0  0 ] (0.00000460)
[  0  1  1  0  3  0  0  0  0 ] (0.00000114)
[  0  1  1  1  0  0  0  0  0 ] (0.00000001)
[  0  1  1  1  0  0  0  0  1 ] (0.00000658)
[  0  1  1  1  0  0  0  0  2 ] (0.00000424)
[  0  1  1  1  0  0  0  1  0 ] (0.00004807)
[  0  1  1  1  0  0  0  1  1 ] (0.00000316)
[  0  1  1  1  0  0  0  2  0 ] (0.00001031)
[  0  1  1  1  0  0  1  0  0 ] (0.00005043)
[  0  1  1  1  0  0  1  0  1 ] (0.00057745)
[  0  1  1  1  0  0  1  1  0 ] (0.00005943)
[  0  1  1  1  0  0  2  0  0 ] (0.00000606)
[  0  1  1  1  0  1  0  0  0 ] (0.00000643)
[  0  1  1  1  0  1  0  0  1 ] (0.00004257)
[  0  1  1  1  0  1  0  1  0 ] (0.00003958)
[  0  1  1  1  0  1  1  0  0 ] (0.00002627)
[  0  1  1  1  0  2  0  0  0 ] (0.00000432)
[  0  1  1  1  1  0  0  0  0 ] (0.00000051)
[  0  1  1  1  1  0  0  0  1 ] (0.00004687)
[  0  1  1  1  1  0  0  1  0 ] (0.00007837)
[  0  1  1  1  1  0  1  0  0 ] (0.00000026)
[  0  1  1  1  1  1  0  0  0 ] (0.00000014)
[  0  1  1  1  2  0  0  0  0 ] (0.00000538)
[  0  1  1  2  0  0  0  0  0 ] (0.00000352)
[  0  1  1  2  0  0  0  0  1 ] (0.00000112)
[  0  1  1  2  0  0  0  1  0 ] (0.00001581)
[  0  1  1  2  0  0  1  0  0 ] (0.00001423)
[  0  1  1  2  0  1  0  0  0 ] (0.00000250)
[  0  1  1  2  1  0  0  0  0 ] (0.00001855)
[  0  1  1  3  0  0  0  0  0 ] (0.00000044)
[  0  1  2  0  0  0  0  0  0 ] (0.00000014)
[  0  1  2  0  0  0  0  0  1 ] (0.00000001)
[  0  1  2  0  0  0  0  0  2 ] (0.00000002)
[  0  1  2  0  0  0  0  1  0 ] (0.00000002)
[  0  1  2  0  0  0  0  1  1 ] (0.00000766)
[  0  1  2  0  0  0  0  2  0 ] (0.00000244)
[  0  1  2  0  0  0  1  0  0 ] (0.00000975)
[  0  1  2  0  0  0  1  0  1 ] (0.00005385)
[  0  1  2  0  0  0  1  1  0 ] (0.00000710)
[  0  1  2  0  0  0  2  0  0 ] (0.00001208)
[  0  1  2  0  0  1  0  0  0 ] (0.00000021)
[  0  1  2  0  0  1  0  0  1 ] (0.00000017)
[  0  1  2  0  0  1  0  1  0 ] (0.00000031)
[  0  1  2  0  0  1  1  0  0 ] (0.00000300)
[  0  1  2  0  0  2  0  0  0 ] (0.00000000)
[  0  1  2  0  1  0  0  0  0 ] (0.00000290)
[  0  1  2  0  1  0  0  0  1 ] (0.00001224)
[  0  1  2  0  1  0  0  1  0 ] (0.00000513)
[  0  1  2  0  1  0  1  0  0 ] (0.00000125)
[  0  1  2  0  1  1  0  0  0 ] (0.00000090)
[  0  1  2  0  2  0  0  0  0 ] (0.00000097)
[  0  1  2  1  0  0  0  0  0 ] (0.00000001)
[  0  1  2  1  0  0  0  0  1 ] (0.00000110)
[  0  1  2  1  0  0  0  1  0 ] (0.00000101)
[  0  1  2  1  0  0  1  0  0 ] (0.00000037)
[  0  1  2  1  0  1  0  0  0 ] (0.00000001)
[  0  1  2  1  1  0  0  0  0 ] (0.00000044)
[  0  1  2  2  0  0  0  0  0 ] (0.00000006)
[  0  1  3  0  0  0  0  0  0 ] (0.00000022)
[  0  1  3  0  0  0  0  0  1 ] (0.00000006)
[  0  1  3  0  0  0  0  1  0 ] (0.00000037)
[  0  1  3  0  0  0  1  0  0 ] (0.00000378)
[  0  1  3  0  0  1  0  0  0 ] (0.00000031)
[  0  1  3  0  1  0  0  0  0 ] (0.00000016)
[  0  1  3  1  0  0  0  0  0 ] (0.00000077)
[  0  1  4  0  0  0  0  0  0 ] (0.00000045)
[  0  2  0  0  0  0  0  0  0 ] (0.00000019)
[  0  2  0  0  0  0  0  0  1 ] (0.00000030)
[  0  2  0  0  0  0  0  0  2 ] (0.00000164)
[  0  2  0  0  0  0  0  0  3 ] (0.00000511)
[  0  2  0  0  0  0  0  1  0 ] (0.00002769)
[  0  2  0  0  0  0  0  1  1 ] (0.00011487)
[  0  2  0  0  0  0  0  1  2 ] (0.00019620)
[  0  2  0  0  0  0  0  2  0 ] (0.00014232)
[  0  2  0  0  0  0  0  2  1 ] (0.00045151)
[  0  2  0  0  0  0  0  3  0 ] (0.00000817)
[  0  2  0  0  0  0  1  0  0 ] (0.00000482)
[  0  2  0  0  0  0  1  0  1 ] (0.00001587)
[  0  2  0  0  0  0  1  0  2 ] (0.00000269)
[  0  2  0  0  0  0  1  1  0 ] (0.00012864)
[  0  2  0  0  0  0  1  1  1 ] (0.00079196)
[  0  2  0  0  0  0  1  2  0 ] (0.00034635)
[  0  2  0  0  0  0  2  0  0 ] (0.00000677)
[  0  2  0  0  0  0  2  0  1 ] (0.00004606)
[  0  2  0  0  0  0  2  1  0 ] (0.00004363)
[  0  2  0  0  0  0  3  0  0 ] (0.00001868)
[  0  2  0  0  0  1  0  0  0 ] (0.00000015)
[  0  2  0  0  0  1  0  0  1 ] (0.00000463)
[  0  2  0  0  0  1  0  0  2 ] (0.00000091)
[  0  2  0  0  0  1  0  1  0 ] (0.00000002)
[  0  2  0  0  0  1  0  1  1 ] (0.00000360)
[  0  2  0  0  0  1  0  2  0 ] (0.00000072)
[  0  2  0  0  0  1  1  0  0 ] (0.00000069)
[  0  2  0  0  0  1  1  0  1 ] (0.00000981)
[  0  2  0  0  0  1  1  1  0 ] (0.00000029)
[  0  2  0  0  0  1  2  0  0 ] (0.00000539)
[  0  2  0  0  0  2  0  0  0 ] (0.00000003)
[  0  2  0  0  0  2  0  0  1 ] (0.00000015)
[  0  2  0  0  0  2  0  1  0 ] (0.00000000)
[  0  2  0  0  0  2  1  0  0 ] (0.00000045)
[  0  2  0  0  0  3  0  0  0 ] (0.00000003)
[  0  2  0  0  1  0  0  0  0 ] (0.00000001)
[  0  2  0  0  1  0  0  0  1 ] (0.00000276)
[  0  2  0  0  1  0  0  0  2 ] (0.00000187)
[  0  2  0  0  1  0  0  1  0 ] (0.00002965)
[  0  2  0  0  1  0  0  1  1 ] (0.00008662)
[  0  2  0  0  1  0  0  2  0 ] (0.00006639)
[  0  2  0  0  1  0  1  0  0 ] (0.00000122)
[  0  2  0  0  1  0  1  0  1 ] (0.00001151)
[  0  2  0  0  1  0  1  1  0 ] (0.00011591)
[  0  2  0  0  1  0  2  0  0 ] (0.00000000)
[  0  2  0  0  1  1  0  0  0 ] (0.00000042)
[  0  2  0  0  1  1  0  0  1 ] (0.00000035)
[  0  2  0  0  1  1  0  1  0 ] (0.00000069)
[  0  2  0  0  1  1  1  0  0 ] (0.00000189)
[  0  2  0  0  1  2  0  0  0 ] (0.00000003)
[  0  2  0  0  2  0  0  0  0 ] (0.00000009)
[  0  2  0  0  2  0  0  0  1 ] (0.00000071)
[  0  2  0  0  2  0  0  1  0 ] (0.00002423)
[  0  2  0  0  2  0  1  0  0 ] (0.00000081)
[  0  2  0  0  2  1  0  0  0 ] (0.00000017)
[  0  2  0  0  3  0  0  0  0 ] (0.00000041)
[  0  2  0  1  0  0  0  0  0 ] (0.00000069)
[  0  2  0  1  0  0  0  0  1 ] (0.00000199)
[  0  2  0  1  0  0  0  0  2 ] (0.00001276)
[  0  2  0  1  0  0  0  1  0 ] (0.00000005)
[  0  2  0  1  0  0  0  1  1 ] (0.00000266)
[  0  2  0  1  0  0  0  2  0 ] (0.00002858)
[  0  2  0  1  0  0  1  0  0 ] (0.00000499)
[  0  2  0  1  0  0  1  0  1 ] (0.00002814)
[  0  2  0  1  0  0  1  1  0 ] (0.00000519)
[  0  2  0  1  0  0  2  0  0 ] (0.00000286)
[  0  2  0  1  0  1  0  0  0 ] (0.00000003)
[  0  2  0  1  0  1  0  0  1 ] (0.00000013)
[  0  2  0  1  0  1  0  1  0 ] (0.00000569)
[  0  2  0  1  0  1  1  0  0 ] (0.00000016)
[  0  2  0  1  0  2  0  0  0 ] (0.00000000)
[  0  2  0  1  1  0  0  0  0 ] (0.00000001)
[  0  2  0  1  1  0  0  0  1 ] (0.00000016)
[  0  2  0  1  1  0  0  1  0 ] (0.00000005)
[  0  2  0  1  1  0  1  0  0 ] (0.00000144)
[  0  2  0  1  1  1  0  0  0 ] (0.00000000)
[  0  2  0  1  2  0  0  0  0 ] (0.00000013)
[  0  2  0  2  0  0  0  0  0 ] (0.00000004)
[  0  2  0  2  0  0  0  0  1 ] (0.00000009)
[  0  2  0  2  0  0  0  1  0 ] (0.00000125)
[  0  2  0  2  0  0  1  0  0 ] (0.00000003)
[  0  2  0  2  0  1  0  0  0 ] (0.00000004)
[  0  2  0  2  1  0  0  0  0 ] (0.00000000)
[  0  2  0  3  0  0  0  0  0 ] (0.00000007)
[  0  2  1  0  0  0  0  0  0 ] (0.00000012)
[  0  2  1  0  0  0  0  0  1 ] (0.00000058)
[  0  2  1  0  0  0  0  0  2 ] (0.00000113)
[  0  2  1  0  0  0  0  1  0 ] (0.00000005)
[  0  2  1  0  0  0  0  1  1 ] (0.00000000)
[  0  2  1  0  0  0  0  2  0 ] (0.00000652)
[  0  2  1  0  0  0  1  0  0 ] (0.00000134)
[  0  2  1  0  0  0  1  0  1 ] (0.00001379)
[  0  2  1  0  0  0  1  1  0 ] (0.00000021)
[  0  2  1  0  0  0  2  0  0 ] (0.00000494)
[  0  2  1  0  0  1  0  0  0 ] (0.00000006)
[  0  2  1  0  0  1  0  0  1 ] (0.00000029)
[  0  2  1  0  0  1  0  1  0 ] (0.00000039)
[  0  2  1  0  0  1  1  0  0 ] (0.00000197)
[  0  2  1  0  0  2  0  0  0 ] (0.00000004)
[  0  2  1  0  1  0  0  0  0 ] (0.00000009)
[  0  2  1  0  1  0  0  0  1 ] (0.00000014)
[  0  2  1  0  1  0  0  1  0 ] (0.00000051)
[  0  2  1  0  1  0  1  0  0 ] (0.00000014)
[  0  2  1  0  1  1  0  0  0 ] (0.00000006)
[  0  2  1  0  2  0  0  0  0 ] (0.00000007)
[  0  2  1  1  0  0  0  0  0 ] (0.00000013)
[  0  2  1  1  0  0  0  0  1 ] (0.00000003)
[  0  2  1  1  0  0  0  1  0 ] (0.00000138)
[  0  2  1  1  0  0  1  0  0 ] (0.00000012)
[  0  2  1  1  0  1  0  0  0 ] (0.00000011)
[  0  2  1  1  1  0  0  0  0 ] (0.00000019)
[  0  2  1  2  0  0  0  0  0 ] (0.00000018)
[  0  2  2  0  0  0  0  0  0 ] (0.00000008)
[  0  2  2  0  0  0  0  0  1 ] (0.00000029)
[  0  2  2  0  0  0  0  1  0 ] (0.00000001)
[  0  2  2  0  0  0  1  0  0 ] (0.00000016)
[  0  2  2  0  0  1  0  0  0 ] (0.00000004)
[  0  2  2  0  1  0  0  0  0 ] (0.00000000)
[  0  2  2  1  0  0  0  0  0 ] (0.00000000)
[  0  2  3  0  0  0  0  0  0 ] (0.00000005)
[  0  3  0  0  0  0  0  0  0 ] (0.00000028)
[  0  3  0  0  0  0  0  0  1 ] (0.00000288)
[  0  3  0  0  0  0  0  0  2 ] (0.00000872)
[  0  3  0  0  0  0  0  1  0 ] (0.00000465)
[  0  3  0  0  0  0  0  1  1 ] (0.00001051)
[  0  3  0  0  0  0  0  2  0 ] (0.00000650)
[  0  3  0  0  0  0  1  0  0 ] (0.00000261)
[  0  3  0  0  0  0  1  0  1 ] (0.00000569)
[  0  3  0  0  0  0  1  1  0 ] (0.00001354)
[  0  3  0  0  0  0  2  0  0 ] (0.00001595)
[  0  3  0  0  0  1  0  0  0 ] (0.00000017)
[  0  3  0  0  0  1  0  0  1 ] (0.00000521)
[  0  3  0  0  0  1  0  1  0 ] (0.00000001)
[  0  3  0  0  0  1  1  0  0 ] (0.00000018)
[  0  3  0  0  0  2  0  0  0 ] (0.00000032)
[  0  3  0  0  1  0  0  0  0 ] (0.00000090)
[  0  3  0  0  1  0  0  0  1 ] (0.00000220)
[  0  3  0  0  1  0  0  1  0 ] (0.00000169)
[  0  3  0  0  1  0  1  0  0 ] (0.00000456)
[  0  3  0  0  1  1  0  0  0 ] (0.00000086)
[  0  3  0  0  2  0  0  0  0 ] (0.00000090)
[  0  3  0  1  0  0  0  0  0 ] (0.00000300)
[  0  3  0  1  0  0  0  0  1 ] (0.00002290)
[  0  3  0  1  0  0  0  1  0 ] (0.00000018)
[  0  3  0  1  0  0  1  0  0 ] (0.00000284)
[  0  3  0  1  0  1  0  0  0 ] (0.00000016)
[  0  3  0  1  1  0  0  0  0 ] (0.00000008)
[  0  3  0  2  0  0  0  0  0 ] (0.00000066)
[  0  3  1  0  0  0  0  0  0 ] (0.00000061)
[  0  3  1  0  0  0  0  0  1 ] (0.00000245)
[  0  3  1  0  0  0  0  1  0 ] (0.00000025)
[  0  3  1  0  0  0  1  0  0 ] (0.00000124)
[  0  3  1  0  0  1  0  0  0 ] (0.00000019)
[  0  3  1  0  1  0  0  0  0 ] (0.00000018)
[  0  3  1  1  0  0  0  0  0 ] (0.00000042)
[  0  3  2  0  0  0  0  0  0 ] (0.00000009)
[  0  4  0  0  0  0  0  0  0 ] (0.00000001)
[  0  4  0  0  0  0  0  0  1 ] (0.00000001)
[  0  4  0  0  0  0  0  1  0 ] (0.00000363)
[  0  4  0  0  0  0  1  0  0 ] (0.00000020)
[  0  4  0  0  0  1  0  0  0 ] (0.00000020)
[  0  4  0  0  1  0  0  0  0 ] (0.00000000)
[  0  4  0  1  0  0  0  0  0 ] (0.00000008)
[  0  4  1  0  0  0  0  0  0 ] (0.00000020)
[  0  5  0  0  0  0  0  0  0 ] (0.00000003)
[  1  0  0  0  0  0  0  0  0 ] (0.00000394)
[  1  0  0  0  0  0  0  0  1 ] (0.00000002)
[  1  0  0  0  0  0  0  0  2 ] (0.00000251)
[  1  0  0  0  0  0  0  0  3 ] (0.00000003)
[  1  0  0  0  0  0  0  0  4 ] (0.00033743)
[  1  0  0  0  0  0  0  1  0 ] (0.00000022)
[  1  0  0  0  0  0  0  1  1 ] (0.00004964)
[  1  0  0  0  0  0  0  1  2 ] (0.00024252)
[  1  0  0  0  0  0  0  1  3 ] (0.00000015)
[  1  0  0  0  0  0  0  2  0 ] (0.00000013)
[  1  0  0  0  0  0  0  2  1 ] (0.00002397)
[  1  0  0  0  0  0  0  2  2 ] (0.00029584)
[  1  0  0  0  0  0  0  3  0 ] (0.00003053)
[  1  0  0  0  0  0  0  3  1 ] (0.00023495)
[  1  0  0  0  0  0  0  4  0 ] (0.00121424)
[  1  0  0  0  0  0  1  0  0 ] (0.00011912)
[  1  0  0  0  0  0  1  0  1 ] (0.00050549)
[  1  0  0  0  0  0  1  0  2 ] (0.00050396)
[  1  0  0  0  0  0  1  0  3 ] (0.00264893)
[  1  0  0  0  0  0  1  1  0 ] (0.00000452)
[  1  0  0  0  0  0  1  1  1 ] (0.00012235)
[  1  0  0  0  0  0  1  1  2 ] (0.00000017)
[  1  0  0  0  0  0  1  2  0 ] (0.00004880)
[  1  0  0  0  0  0  1  2  1 ] (0.00023599)
[  1  0  0  0  0  0  1  3  0 ] (0.00621300)
[  1  0  0  0  0  0  2  0  0 ] (0.00004995)
[  1  0  0  0  0  0  2  0  1 ] (0.00029982)
[  1  0  0  0  0  0  2  0  2 ] (0.00150874)
[  1  0  0  0  0  0  2  1  0 ] (0.00000091)
[  1  0  0  0  0  0  2  1  1 ] (0.00000048)
[  1  0  0  0  0  0  2  2  0 ] (0.00200762)
[  1  0  0  0  0  0  3  0  0 ] (0.00019931)
[  1  0  0  0  0  0  3  0  1 ] (0.00000408)
[  1  0  0  0  0  0  3  1  0 ] (0.00027898)
[  1  0  0  0  0  0  4  0  0 ] (0.00147756)
[  1  0  0  0  0  1  0  0  0 ] (0.00000048)
[  1  0  0  0  0  1  0  0  1 ] (0.00000584)
[  1  0  0  0  0  1  0  0  2 ] (0.00002291)
[  1  0  0  0  0  1  0  0  3 ] (0.00046928)
[  1  0  0  0  0  1  0  1  0 ] (0.00001479)
[  1  0  0  0  0  1  0  1  1 ] (0.00026703)
[  1  0  0  0  0  1  0  1  2 ] (0.00109074)
[  1  0  0  0  0  1  0  2  0 ] (0.00002501)
[  1  0  0  0  0  1  0  2  1 ] (0.00002507)
[  1  0  0  0  0  1  0  3  0 ] (0.00000552)
[  1  0  0  0  0  1  1  0  0 ] (0.00006209)
[  1  0  0  0  0  1  1  0  1 ] (0.00023569)
[  1  0  0  0  0  1  1  0  2 ] (0.00189569)
[  1  0  0  0  0  1  1  1  0 ] (0.00002290)
[  1  0  0  0  0  1  1  1  1 ] (0.00067183)
[  1  0  0  0  0  1  1  2  0 ] (0.00017768)
[  1  0  0  0  0  1  2  0  0 ] (0.00028395)
[  1  0  0  0  0  1  2  0  1 ] (0.00128917)
[  1  0  0  0  0  1  2  1  0 ] (0.00032256)
[  1  0  0  0  0  1  3  0  0 ] (0.00001543)
[  1  0  0  0  0  2  0  0  0 ] (0.00000145)
[  1  0  0  0  0  2  0  0  1 ] (0.00000557)
[  1  0  0  0  0  2  0  0  2 ] (0.00005121)
[  1  0  0  0  0  2  0  1  0 ] (0.00000380)
[  1  0  0  0  0  2  0  1  1 ] (0.00000106)
[  1  0  0  0  0  2  0  2  0 ] (0.00001052)
[  1  0  0  0  0  2  1  0  0 ] (0.00002982)
[  1  0  0  0  0  2  1  0  1 ] (0.00008913)
[  1  0  0  0  0  2  1  1  0 ] (0.00002517)
[  1  0  0  0  0  2  2  0  0 ] (0.00002281)
[  1  0  0  0  0  3  0  0  0 ] (0.00000000)
[  1  0  0  0  0  3  0  0  1 ] (0.00001531)
[  1  0  0  0  0  3  0  1  0 ] (0.00000137)
[  1  0  0  0  0  3  1  0  0 ] (0.00000951)
[  1  0  0  0  0  4  0  0  0 ] (0.00000042)
[  1  0  0  0  1  0  0  0  0 ] (0.00001041)
[  1  0  0  0  1  0  0  0  1 ] (0.00006322)
[  1  0  0  0  1  0  0  0  2 ] (0.00005965)
[  1  0  0  0  1  0  0  0  3 ] (0.00350132)
[  1  0  0  0  1  0  0  1  0 ] (0.00002968)
[  1  0  0  0  1  0  0  1  1 ] (0.00001578)
[  1  0  0  0  1  0  0  1  2 ] (0.00095935)
[  1  0  0  0  1  0  0  2  0 ] (0.00000402)
[  1  0  0  0  1  0  0  2  1 ] (0.00010746)
[  1  0  0  0  1  0  0  3  0 ] (0.00000051)
[  1  0  0  0  1  0  1  0  0 ] (0.00012074)
[  1  0  0  0  1  0  1  0  1 ] (0.00149721)
[  1  0  0  0  1  0  1  0  2 ] (0.00571488)
[  1  0  0  0  1  0  1  1  0 ] (0.00011511)
[  1  0  0  0  1  0  1  1  1 ] (0.00112190)
[  1  0  0  0  1  0  1  2  0 ] (0.00000016)
[  1  0  0  0  1  0  2  0  0 ] (0.00033267)
[  1  0  0  0  1  0  2  0  1 ] (0.00173307)
[  1  0  0  0  1  0  2  1  0 ] (0.00313559)
[  1  0  0  0  1  0  3  0  0 ] (0.00017744)
[  1  0  0  0  1  1  0  0  0 ] (0.00000169)
[  1  0  0  0  1  1  0  0  1 ] (0.00002254)
[  1  0  0  0  1  1  0  0  2 ] (0.00005949)
[  1  0  0  0  1  1  0  1  0 ] (0.00002639)
[  1  0  0  0  1  1  0  1  1 ] (0.00000449)
[  1  0  0  0  1  1  0  2  0 ] (0.00000178)
[  1  0  0  0  1  1  1  0  0 ] (0.00013753)
[  1  0  0  0  1  1  1  0  1 ] (0.00143580)
[  1  0  0  0  1  1  1  1  0 ] (0.00000830)
[  1  0  0  0  1  1  2  0  0 ] (0.00001128)
[  1  0  0  0  1  2  0  0  0 ] (0.00000031)
[  1  0  0  0  1  2  0  0  1 ] (0.00000010)
[  1  0  0  0  1  2  0  1  0 ] (0.00000203)
[  1  0  0  0  1  2  1  0  0 ] (0.00001901)
[  1  0  0  0  1  3  0  0  0 ] (0.00000339)
[  1  0  0  0  2  0  0  0  0 ] (0.00000344)
[  1  0  0  0  2  0  0  0  1 ] (0.00000332)
[  1  0  0  0  2  0  0  0  2 ] (0.00001451)
[  1  0  0  0  2  0  0  1  0 ] (0.00002659)
[  1  0  0  0  2  0  0  1  1 ] (0.00005828)
[  1  0  0  0  2  0  0  2  0 ] (0.00000123)
[  1  0  0  0  2  0  1  0  0 ] (0.00000900)
[  1  0  0  0  2  0  1  0  1 ] (0.00000451)
[  1  0  0  0  2  0  1  1  0 ] (0.00016126)
[  1  0  0  0  2  0  2  0  0 ] (0.00000132)
[  1  0  0  0  2  1  0  0  0 ] (0.00000016)
[  1  0  0  0  2  1  0  0  1 ] (0.00000087)
[  1  0  0  0  2  1  0  1  0 ] (0.00000034)
[  1  0  0  0  2  1  1  0  0 ] (0.00000037)
[  1  0  0  0  2  2  0  0  0 ] (0.00000017)
[  1  0  0  0  3  0  0  0  0 ] (0.00000585)
[  1  0  0  0  3  0  0  0  1 ] (0.00000000)
[  1  0  0  0  3  0  0  1  0 ] (0.00001107)
[  1  0  0  0  3  0  1  0  0 ] (0.00003256)
[  1  0  0  0  3  1  0  0  0 ] (0.00000002)
[  1  0  0  0  4  0  0  0  0 ] (0.00000604)
[  1  0  0  1  0  0  0  0  0 ] (0.00000008)
[  1  0  0  1  0  0  0  0  1 ] (0.00000187)
[  1  0  0  1  0  0  0  0  2 ] (0.00000161)
[  1  0  0  1  0  0  0  0  3 ] (0.00000874)
[  1  0  0  1  0  0  0  1  0 ] (0.00004903)
[  1  0  0  1  0  0  0  1  1 ] (0.00001991)
[  1  0  0  1  0  0  0  1  2 ] (0.00037343)
[  1  0  0  1  0  0  0  2  0 ] (0.00000402)
[  1  0  0  1  0  0  0  2  1 ] (0.00001100)
[  1  0  0  1  0  0  0  3  0 ] (0.00000000)
[  1  0  0  1  0  0  1  0  0 ] (0.00001126)
[  1  0  0  1  0  0  1  0  1 ] (0.00016831)
[  1  0  0  1  0  0  1  0  2 ] (0.00002619)
[  1  0  0  1  0  0  1  1  0 ] (0.00000713)
[  1  0  0  1  0  0  1  1  1 ] (0.00000488)
[  1  0  0  1  0  0  1  2  0 ] (0.00004389)
[  1  0  0  1  0  0  2  0  0 ] (0.00000149)
[  1  0  0  1  0  0  2  0  1 ] (0.00001327)
[  1  0  0  1  0  0  2  1  0 ] (0.00000000)
[  1  0  0  1  0  0  3  0  0 ] (0.00000255)
[  1  0  0  1  0  1  0  0  0 ] (0.00000212)
[  1  0  0  1  0  1  0  0  1 ] (0.00002331)
[  1  0  0  1  0  1  0  0  2 ] (0.00002521)
[  1  0  0  1  0  1  0  1  0 ] (0.00000230)
[  1  0  0  1  0  1  0  1  1 ] (0.00000357)
[  1  0  0  1  0  1  0  2  0 ] (0.00000579)
[  1  0  0  1  0  1  1  0  0 ] (0.00000190)
[  1  0  0  1  0  1  1  0  1 ] (0.00001601)
[  1  0  0  1  0  1  1  1  0 ] (0.00000784)
[  1  0  0  1  0  1  2  0  0 ] (0.00000162)
[  1  0  0  1  0  2  0  0  0 ] (0.00000153)
[  1  0  0  1  0  2  0  0  1 ] (0.00000268)
[  1  0  0  1  0  2  0  1  0 ] (0.00000057)
[  1  0  0  1  0  2  1  0  0 ] (0.00000021)
[  1  0  0  1  0  3  0  0  0 ] (0.00000009)
[  1  0  0  1  1  0  0  0  0 ] (0.00001095)
[  1  0  0  1  1  0  0  0  1 ] (0.00008516)
[  1  0  0  1  1  0  0  0  2 ] (0.00000354)
[  1  0  0  1  1  0  0  1  0 ] (0.00014475)
[  1  0  0  1  1  0  0  1  1 ] (0.00028767)
[  1  0  0  1  1  0  0  2  0 ] (0.00000222)
[  1  0  0  1  1  0  1  0  0 ] (0.00003396)
[  1  0  0  1  1  0  1  0  1 ] (0.00048803)
[  1  0  0  1  1  0  1  1  0 ] (0.00047033)
[  1  0  0  1  1  0  2  0  0 ] (0.00001817)
[  1  0  0  1  1  1  0  0  0 ] (0.00000743)
[  1  0  0  1  1  1  0  0  1 ] (0.00003746)
[  1  0  0  1  1  1  0  1  0 ] (0.00000499)
[  1  0  0  1  1  1  1  0  0 ] (0.00000108)
[  1  0  0  1  1  2  0  0  0 ] (0.00000141)
[  1  0  0  1  2  0  0  0  0 ] (0.00000467)
[  1  0  0  1  2  0  0  0  1 ] (0.00001897)
[  1  0  0  1  2  0  0  1  0 ] (0.00000263)
[  1  0  0  1  2  0  1  0  0 ] (0.00000646)
[  1  0  0  1  2  1  0  0  0 ] (0.00000228)
[  1  0  0  1  3  0  0  0  0 ] (0.00000242)
[  1  0  0  2  0  0  0  0  0 ] (0.00001522)
[  1  0  0  2  0  0  0  0  1 ] (0.00003046)
[  1  0  0  2  0  0  0  0  2 ] (0.00000984)
[  1  0  0  2  0  0  0  1  0 ] (0.00004370)
[  1  0  0  2  0  0  0  1  1 ] (0.00003634)
[  1  0  0  2  0  0  0  2  0 ] (0.00004228)
[  1  0  0  2  0  0  1  0  0 ] (0.00004966)
[  1  0  0  2  0  0  1  0  1 ] (0.00005696)
[  1  0  0  2  0  0  1  1  0 ] (0.00017002)
[  1  0  0  2  0  0  2  0  0 ] (0.00000438)
[  1  0  0  2  0  1  0  0  0 ] (0.00000480)
[  1  0  0  2  0  1  0  0  1 ] (0.00000126)
[  1  0  0  2  0  1  0  1  0 ] (0.00000413)
[  1  0  0  2  0  1  1  0  0 ] (0.00001112)
[  1  0  0  2  0  2  0  0  0 ] (0.00000075)
[  1  0  0  2  1  0  0  0  0 ] (0.00002713)
[  1  0  0  2  1  0  0  0  1 ] (0.00000107)
[  1  0  0  2  1  0  0  1  0 ] (0.00013828)
[  1  0  0  2  1  0  1  0  0 ] (0.00001001)
[  1  0  0  2  1  1  0  0  0 ] (0.00000054)
[  1  0  0  2  2  0  0  0  0 ] (0.00000401)
[  1  0  0  3  0  0  0  0  0 ] (0.00000152)
[  1  0  0  3  0  0  0  0  1 ] (0.00000199)
[  1  0  0  3  0  0  0  1  0 ] (0.00000022)
[  1  0  0  3  0  0  1  0  0 ] (0.00001376)
[  1  0  0  3  0  1  0  0  0 ] (0.00000065)
[  1  0  0  3  1  0  0  0  0 ] (0.00000027)
[  1  0  0  4  0  0  0  0  0 ] (0.00000028)
[  1  0  1  0  0  0  0  0  0 ] (0.00000581)
[  1  0  1  0  0  0  0  0  1 ] (0.00000716)
[  1  0  1  0  0  0  0  0  2 ] (0.00000832)
[  1  0  1  0  0  0  0  0  3 ] (0.00015786)
[  1  0  1  0  0  0  0  1  0 ] (0.00000001)
[  1  0  1  0  0  0  0  1  1 ] (0.00000000)
[  1  0  1  0  0  0  0  1  2 ] (0.00002701)
[  1  0  1  0  0  0  0  2  0 ] (0.00019977)
[  1  0  1  0  0  0  0  2  1 ] (0.00068739)
[  1  0  1  0  0  0  0  3  0 ] (0.00002653)
[  1  0  1  0  0  0  1  0  0 ] (0.00005203)
[  1  0  1  0  0  0  1  0  1 ] (0.00020017)
[  1  0  1  0  0  0  1  0  2 ] (0.00087589)
[  1  0  1  0  0  0  1  1  0 ] (0.00008331)
[  1  0  1  0  0  0  1  1  1 ] (0.00067653)
[  1  0  1  0  0  0  1  2  0 ] (0.00056705)
[  1  0  1  0  0  0  2  0  0 ] (0.00013878)
[  1  0  1  0  0  0  2  0  1 ] (0.00053790)
[  1  0  1  0  0  0  2  1  0 ] (0.00001409)
[  1  0  1  0  0  0  3  0  0 ] (0.00005343)
[  1  0  1  0  0  1  0  0  0 ] (0.00000046)
[  1  0  1  0  0  1  0  0  1 ] (0.00000656)
[  1  0  1  0  0  1  0  0  2 ] (0.00000496)
[  1  0  1  0  0  1  0  1  0 ] (0.00000195)
[  1  0  1  0  0  1  0  1  1 ] (0.00000825)
[  1  0  1  0  0  1  0  2  0 ] (0.00000104)
[  1  0  1  0  0  1  1  0  0 ] (0.00006686)
[  1  0  1  0  0  1  1  0  1 ] (0.00017652)
[  1  0  1  0  0  1  1  1  0 ] (0.00000378)
[  1  0  1  0  0  1  2  0  0 ] (0.00004103)
[  1  0  1  0  0  2  0  0  0 ] (0.00000080)
[  1  0  1  0  0  2  0  0  1 ] (0.00000300)
[  1  0  1  0  0  2  0  1  0 ] (0.00000011)
[  1  0  1  0  0  2  1  0  0 ] (0.00001203)
[  1  0  1  0  0  3  0  0  0 ] (0.00000001)
[  1  0  1  0  1  0  0  0  0 ] (0.00001042)
[  1  0  1  0  1  0  0  0  1 ] (0.00006008)
[  1  0  1  0  1  0  0  0  2 ] (0.00008211)
[  1  0  1  0  1  0  0  1  0 ] (0.00000384)
[  1  0  1  0  1  0  0  1  1 ] (0.00000013)
[  1  0  1  0  1  0  0  2  0 ] (0.00000280)
[  1  0  1  0  1  0  1  0  0 ] (0.00000824)
[  1  0  1  0  1  0  1  0  1 ] (0.00013061)
[  1  0  1  0  1  0  1  1  0 ] (0.00044380)
[  1  0  1  0  1  0  2  0  0 ] (0.00002467)
[  1  0  1  0  1  1  0  0  0 ] (0.00000357)
[  1  0  1  0  1  1  0  0  1 ] (0.00000293)
[  1  0  1  0  1  1  0  1  0 ] (0.00000735)
[  1  0  1  0  1  1  1  0  0 ] (0.00000156)
[  1  0  1  0  1  2  0  0  0 ] (0.00000020)
[  1  0  1  0  2  0  0  0  0 ] (0.00000035)
[  1  0  1  0  2  0  0  0  1 ] (0.00000002)
[  1  0  1  0  2  0  0  1  0 ] (0.00000879)
[  1  0  1  0  2  0  1  0  0 ] (0.00000056)
[  1  0  1  0  2  1  0  0  0 ] (0.00000000)
[  1  0  1  0  3  0  0  0  0 ] (0.00000047)
[  1  0  1  1  0  0  0  0  0 ] (0.00000014)
[  1  0  1  1  0  0  0  0  1 ] (0.00001610)
[  1  0  1  1  0  0  0  0  2 ] (0.00000186)
[  1  0  1  1  0  0  0  1  0 ] (0.00002328)
[  1  0  1  1  0  0  0  1  1 ] (0.00002579)
[  1  0  1  1  0  0  0  2  0 ] (0.00000028)
[  1  0  1  1  0  0  1  0  0 ] (0.00000006)
[  1  0  1  1  0  0  1  0  1 ] (0.00005295)
[  1  0  1  1  0  0  1  1  0 ] (0.00029951)
[  1  0  1  1  0  0  2  0  0 ] (0.00001053)
[  1  0  1  1  0  1  0  0  0 ] (0.00000000)
[  1  0  1  1  0  1  0  0  1 ] (0.00000914)
[  1  0  1  1  0  1  0  1  0 ] (0.00000845)
[  1  0  1  1  0  1  1  0  0 ] (0.00000193)
[  1  0  1  1  0  2  0  0  0 ] (0.00000022)
[  1  0  1  1  1  0  0  0  0 ] (0.00000472)
[  1  0  1  1  1  0  0  0  1 ] (0.00000101)
[  1  0  1  1  1  0  0  1  0 ] (0.00000888)
[  1  0  1  1  1  0  1  0  0 ] (0.00001590)
[  1  0  1  1  1  1  0  0  0 ] (0.00000053)
[  1  0  1  1  2  0  0  0  0 ] (0.00000134)
[  1  0  1  2  0  0  0  0  0 ] (0.00000006)
[  1  0  1  2  0  0  0  0  1 ] (0.00000103)
[  1  0  1  2  0  0  0  1  0 ] (0.00000001)
[  1  0  1  2  0  0  1  0  0 ] (0.00000089)
[  1  0  1  2  0  1  0  0  0 ] (0.00000044)
[  1  0  1  2  1  0  0  0  0 ] (0.00000467)
[  1  0  1  3  0  0  0  0  0 ] (0.00000015)
[  1  0  2  0  0  0  0  0  0 ] (0.00000050)
[  1  0  2  0  0  0  0  0  1 ] (0.00000233)
[  1  0  2  0  0  0  0  0  2 ] (0.00000080)
[  1  0  2  0  0  0  0  1  0 ] (0.00000011)
[  1  0  2  0  0  0  0  1  1 ] (0.00000004)
[  1  0  2  0  0  0  0  2  0 ] (0.00000053)
[  1  0  2  0  0  0  1  0  0 ] (0.00000579)
[  1  0  2  0  0  0  1  0  1 ] (0.00001543)
[  1  0  2  0  0  0  1  1  0 ] (0.00000005)
[  1  0  2  0  0  0  2  0  0 ] (0.00001188)
[  1  0  2  0  0  1  0  0  0 ] (0.00000007)
[  1  0  2  0  0  1  0  0  1 ] (0.00000093)
[  1  0  2  0  0  1  0  1  0 ] (0.00000010)
[  1  0  2  0  0  1  1  0  0 ] (0.00000397)
[  1  0  2  0  0  2  0  0  0 ] (0.00000002)
[  1  0  2  0  1  0  0  0  0 ] (0.00000000)
[  1  0  2  0  1  0  0  0  1 ] (0.00000014)
[  1  0  2  0  1  0  0  1  0 ] (0.00000158)
[  1  0  2  0  1  0  1  0  0 ] (0.00000541)
[  1  0  2  0  1  1  0  0  0 ] (0.00000000)
[  1  0  2  0  2  0  0  0  0 ] (0.00000005)
[  1  0  2  1  0  0  0  0  0 ] (0.00000004)
[  1  0  2  1  0  0  0  0  1 ] (0.00000005)
[  1  0  2  1  0  0  0  1  0 ] (0.00000000)
[  1  0  2  1  0  0  1  0  0 ] (0.00000041)
[  1  0  2  1  0  1  0  0  0 ] (0.00000024)
[  1  0  2  1  1  0  0  0  0 ] (0.00000000)
[  1  0  2  2  0  0  0  0  0 ] (0.00000006)
[  1  0  3  0  0  0  0  0  0 ] (0.00000070)
[  1  0  3  0  0  0  0  0  1 ] (0.00000289)
[  1  0  3  0  0  0  0  1  0 ] (0.00000040)
[  1  0  3  0  0  0  1  0  0 ] (0.00000637)
[  1  0  3  0  0  1  0  0  0 ] (0.00000019)
[  1  0  3  0  1  0  0  0  0 ] (0.00000009)
[  1  0  3  1  0  0  0  0  0 ] (0.00000010)
[  1  0  4  0  0  0  0  0  0 ] (0.00000021)
[  1  1  0  0  0  0  0  0  0 ] (0.00000478)
[  1  1  0  0  0  0  0  0  1 ] (0.00000285)
[  1  1  0  0  0  0  0  0  2 ] (0.00002870)
[  1  1  0  0  0  0  0  0  3 ] (0.00010780)
[  1  1  0  0  0  0  0  1  0 ] (0.00002995)
[  1  1  0  0  0  0  0  1  1 ] (0.00015675)
[  1  1  0  0  0  0  0  1  2 ] (0.00104716)
[  1  1  0  0  0  0  0  2  0 ] (0.00002154)
[  1  1  0  0  0  0  0  2  1 ] (0.00027742)
[  1  1  0  0  0  0  0  3  0 ] (0.00000139)
[  1  1  0  0  0  0  1  0  0 ] (0.00000561)
[  1  1  0  0  0  0  1  0  1 ] (0.00001918)
[  1  1  0  0  0  0  1  0  2 ] (0.00013538)
[  1  1  0  0  0  0  1  1  0 ] (0.00000523)
[  1  1  0  0  0  0  1  1  1 ] (0.00058136)
[  1  1  0  0  0  0  1  2  0 ] (0.00023746)
[  1  1  0  0  0  0  2  0  0 ] (0.00004473)
[  1  1  0  0  0  0  2  0  1 ] (0.00020744)
[  1  1  0  0  0  0  2  1  0 ] (0.00000552)
[  1  1  0  0  0  0  3  0  0 ] (0.00010930)
[  1  1  0  0  0  1  0  0  0 ] (0.00000282)
[  1  1  0  0  0  1  0  0  1 ] (0.00001167)
[  1  1  0  0  0  1  0  0  2 ] (0.00001767)
[  1  1  0  0  0  1  0  1  0 ] (0.00003317)
[  1  1  0  0  0  1  0  1  1 ] (0.00013109)
[  1  1  0  0  0  1  0  2  0 ] (0.00000471)
[  1  1  0  0  0  1  1  0  0 ] (0.00000597)
[  1  1  0  0  0  1  1  0  1 ] (0.00016964)
[  1  1  0  0  0  1  1  1  0 ] (0.00000005)
[  1  1  0  0  0  1  2  0  0 ] (0.00003495)
[  1  1  0  0  0  2  0  0  0 ] (0.00000025)
[  1  1  0  0  0  2  0  0  1 ] (0.00000289)
[  1  1  0  0  0  2  0  1  0 ] (0.00000279)
[  1  1  0  0  0  2  1  0  0 ] (0.00000219)
[  1  1  0  0  0  3  0  0  0 ] (0.00000000)
[  1  1  0  0  1  0  0  0  0 ] (0.00000349)
[  1  1  0  0  1  0  0  0  1 ] (0.00000941)
[  1  1  0  0  1  0  0  0  2 ] (0.00003229)
[  1  1  0  0  1  0  0  1  0 ] (0.00002432)
[  1  1  0  0  1  0  0  1  1 ] (0.00003745)
[  1  1  0  0  1  0  0  2  0 ] (0.00001982)
[  1  1  0  0  1  0  1  0  0 ] (0.00002788)
[  1  1  0  0  1  0  1  0  1 ] (0.00033907)
[  1  1  0  0  1  0  1  1  0 ] (0.00046819)
[  1  1  0  0  1  0  2  0  0 ] (0.00004976)
[  1  1  0  0  1  1  0  0  0 ] (0.00000118)
[  1  1  0  0  1  1  0  0  1 ] (0.00000771)
[  1  1  0  0  1  1  0  1  0 ] (0.00000905)
[  1  1  0  0  1  1  1  0  0 ] (0.00002177)
[  1  1  0  0  1  2  0  0  0 ] (0.00000054)
[  1  1  0  0  2  0  0  0  0 ] (0.00000132)
[  1  1  0  0  2  0  0  0  1 ] (0.00000052)
[  1  1  0  0  2  0  0  1  0 ] (0.00001555)
[  1  1  0  0  2  0  1  0  0 ] (0.00000002)
[  1  1  0  0  2  1  0  0  0 ] (0.00000000)
[  1  1  0  0  3  0  0  0  0 ] (0.00000096)
[  1  1  0  1  0  0  0  0  0 ] (0.00000005)
[  1  1  0  1  0  0  0  0  1 ] (0.00000035)
[  1  1  0  1  0  0  0  0  2 ] (0.00000965)
[  1  1  0  1  0  0  0  1  0 ] (0.00000217)
[  1  1  0  1  0  0  0  1  1 ] (0.00000680)
[  1  1  0  1  0  0  0  2  0 ] (0.00002792)
[  1  1  0  1  0  0  1  0  0 ] (0.00000521)
[  1  1  0  1  0  0  1  0  1 ] (0.00000682)
[  1  1  0  1  0  0  1  1  0 ] (0.00004548)
[  1  1  0  1  0  0  2  0  0 ] (0.00000479)
[  1  1  0  1  0  1  0  0  0 ] (0.00000006)
[  1  1  0  1  0  1  0  0  1 ] (0.00000276)
[  1  1  0  1  0  1  0  1  0 ] (0.00000002)
[  1  1  0  1  0  1  1  0  0 ] (0.00000371)
[  1  1  0  1  0  2  0  0  0 ] (0.00000194)
[  1  1  0  1  1  0  0  0  0 ] (0.00000033)
[  1  1  0  1  1  0  0  0  1 ] (0.00000822)
[  1  1  0  1  1  0  0  1  0 ] (0.00002816)
[  1  1  0  1  1  0  1  0  0 ] (0.00000006)
[  1  1  0  1  1  1  0  0  0 ] (0.00000037)
[  1  1  0  1  2  0  0  0  0 ] (0.00000035)
[  1  1  0  2  0  0  0  0  0 ] (0.00000097)
[  1  1  0  2  0  0  0  0  1 ] (0.00000061)
[  1  1  0  2  0  0  0  1  0 ] (0.00001170)
[  1  1  0  2  0  0  1  0  0 ] (0.00000015)
[  1  1  0  2  0  1  0  0  0 ] (0.00000005)
[  1  1  0  2  1  0  0  0  0 ] (0.00001540)
[  1  1  0  3  0  0  0  0  0 ] (0.00000027)
[  1  1  1  0  0  0  0  0  0 ] (0.00000187)
[  1  1  1  0  0  0  0  0  1 ] (0.00000941)
[  1  1  1  0  0  0  0  0  2 ] (0.00001078)
[  1  1  1  0  0  0  0  1  0 ] (0.00000014)
[  1  1  1  0  0  0  0  1  1 ] (0.00000159)
[  1  1  1  0  0  0  0  2  0 ] (0.00000004)
[  1  1  1  0  0  0  1  0  0 ] (0.00001155)
[  1  1  1  0  0  0  1  0  1 ] (0.00010110)
[  1  1  1  0  0  0  1  1  0 ] (0.00002605)
[  1  1  1  0  0  0  2  0  0 ] (0.00004071)
[  1  1  1  0  0  1  0  0  0 ] (0.00000103)
[  1  1  1  0  0  1  0  0  1 ] (0.00000482)
[  1  1  1  0  0  1  0  1  0 ] (0.00000027)
[  1  1  1  0  0  1  1  0  0 ] (0.00000532)
[  1  1  1  0  0  2  0  0  0 ] (0.00000049)
[  1  1  1  0  1  0  0  0  0 ] (0.00000000)
[  1  1  1  0  1  0  0  0  1 ] (0.00000040)
[  1  1  1  0  1  0  0  1  0 ] (0.00000172)
[  1  1  1  0  1  0  1  0  0 ] (0.00002665)
[  1  1  1  0  1  1  0  0  0 ] (0.00000001)
[  1  1  1  0  2  0  0  0  0 ] (0.00000016)
[  1  1  1  1  0  0  0  0  0 ] (0.00000018)
[  1  1  1  1  0  0  0  0  1 ] (0.00000029)
[  1  1  1  1  0  0  0  1  0 ] (0.00000245)
[  1  1  1  1  0  0  1  0  0 ] (0.00000164)
[  1  1  1  1  0  1  0  0  0 ] (0.00000090)
[  1  1  1  1  1  0  0  0  0 ] (0.00000003)
[  1  1  1  2  0  0  0  0  0 ] (0.00000027)
[  1  1  2  0  0  0  0  0  0 ] (0.00000031)
[  1  1  2  0  0  0  0  0  1 ] (0.00000082)
[  1  1  2  0  0  0  0  1  0 ] (0.00000000)
[  1  1  2  0  0  0  1  0  0 ] (0.00000162)
[  1  1  2  0  0  1  0  0  0 ] (0.00000015)
[  1  1  2  0  1  0  0  0  0 ] (0.00000077)
[  1  1  2  1  0  0  0  0  0 ] (0.00000008)
[  1  1  3  0  0  0  0  0  0 ] (0.00000035)
[  1  2  0  0  0  0  0  0  0 ] (0.00000000)
[  1  2  0  0  0  0  0  0  1 ] (0.00000001)
[  1  2  0  0  0  0  0  0  2 ] (0.00000261)
[  1  2  0  0  0  0  0  1  0 ] (0.00000247)
[  1  2  0  0  0  0  0  1  1 ] (0.00000201)
[  1  2  0  0  0  0  0  2  0 ] (0.00000839)
[  1  2  0  0  0  0  1  0  0 ] (0.00000893)
[  1  2  0  0  0  0  1  0  1 ] (0.00001947)
[  1  2  0  0  0  0  1  1  0 ] (0.00000579)
[  1  2  0  0  0  0  2  0  0 ] (0.00001012)
[  1  2  0  0  0  1  0  0  0 ] (0.00000043)
[  1  2  0  0  0  1  0  0  1 ] (0.00000153)
[  1  2  0  0  0  1  0  1  0 ] (0.00000007)
[  1  2  0  0  0  1  1  0  0 ] (0.00000365)
[  1  2  0  0  0  2  0  0  0 ] (0.00000006)
[  1  2  0  0  1  0  0  0  0 ] (0.00000195)
[  1  2  0  0  1  0  0  0  1 ] (0.00000788)
[  1  2  0  0  1  0  0  1  0 ] (0.00000435)
[  1  2  0  0  1  0  1  0  0 ] (0.00000317)
[  1  2  0  0  1  1  0  0  0 ] (0.00000014)
[  1  2  0  0  2  0  0  0  0 ] (0.00000013)
[  1  2  0  1  0  0  0  0  0 ] (0.00000004)
[  1  2  0  1  0  0  0  0  1 ] (0.00000026)
[  1  2  0  1  0  0  0  1  0 ] (0.00000001)
[  1  2  0  1  0  0  1  0  0 ] (0.00000025)
[  1  2  0  1  0  1  0  0  0 ] (0.00000012)
[  1  2  0  1  1  0  0  0  0 ] (0.00000000)
[  1  2  0  2  0  0  0  0  0 ] (0.00000008)
[  1  2  1  0  0  0  0  0  0 ] (0.00000012)
[  1  2  1  0  0  0  0  0  1 ] (0.00000012)
[  1  2  1  0  0  0  0  1  0 ] (0.00000019)
[  1  2  1  0  0  0  1  0  0 ] (0.00000437)
[  1  2  1  0  0  1  0  0  0 ] (0.00000002)
[  1  2  1  0  1  0  0  0  0 ] (0.00000066)
[  1  2  1  1  0  0  0  0  0 ] (0.00000000)
[  1  2  2  0  0  0  0  0  0 ] (0.00000002)
[  1  3  0  0  0  0  0  0  0 ] (0.00000041)
[  1  3  0  0  0  0  0  0  1 ] (0.00000140)
[  1  3  0  0  0  0  0  1  0 ] (0.00000000)
[  1  3  0  0  0  0  1  0  0 ] (0.00001595)
[  1  3  0  0  0  1  0  0  0 ] (0.00000055)
[  1  3  0  0  1  0  0  0  0 ] (0.00000093)
[  1  3  0  1  0  0  0  0  0 ] (0.00000003)
[  1  3  1  0  0  0  0  0  0 ] (0.00000027)
[  1  4  0  0  0  0  0  0  0 ] (0.00000019)
[  2  0  0  0  0  0  0  0  0 ] (0.00000018)
[  2  0  0  0  0  0  0  0  1 ] (0.00000000)
[  2  0  0  0  0  0  0  0  2 ] (0.00000253)
[  2  0  0  0  0  0  0  0  3 ] (0.00000635)
[  2  0  0  0  0  0  0  1  0 ] (0.00000649)
[  2  0  0  0  0  0  0  1  1 ] (0.00006399)
[  2  0  0  0  0  0  0  1  2 ] (0.00018255)
[  2  0  0  0  0  0  0  2  0 ] (0.00005198)
[  2  0  0  0  0  0  0  2  1 ] (0.00006883)
[  2  0  0  0  0  0  0  3  0 ] (0.00005231)
[  2  0  0  0  0  0  1  0  0 ] (0.00001225)
[  2  0  0  0  0  0  1  0  1 ] (0.00000246)
[  2  0  0  0  0  0  1  0  2 ] (0.00000547)
[  2  0  0  0  0  0  1  1  0 ] (0.00015853)
[  2  0  0  0  0  0  1  1  1 ] (0.00140993)
[  2  0  0  0  0  0  1  2  0 ] (0.00018132)
[  2  0  0  0  0  0  2  0  0 ] (0.00000001)
[  2  0  0  0  0  0  2  0  1 ] (0.00001847)
[  2  0  0  0  0  0  2  1  0 ] (0.00000012)
[  2  0  0  0  0  0  3  0  0 ] (0.00000052)
[  2  0  0  0  0  1  0  0  0 ] (0.00000045)
[  2  0  0  0  0  1  0  0  1 ] (0.00000002)
[  2  0  0  0  0  1  0  0  2 ] (0.00000318)
[  2  0  0  0  0  1  0  1  0 ] (0.00000002)
[  2  0  0  0  0  1  0  1  1 ] (0.00002483)
[  2  0  0  0  0  1  0  2  0 ] (0.00001805)
[  2  0  0  0  0  1  1  0  0 ] (0.00000018)
[  2  0  0  0  0  1  1  0  1 ] (0.00000273)
[  2  0  0  0  0  1  1  1  0 ] (0.00002505)
[  2  0  0  0  0  1  2  0  0 ] (0.00000943)
[  2  0  0  0  0  2  0  0  0 ] (0.00000007)
[  2  0  0  0  0  2  0  0  1 ] (0.00000402)
[  2  0  0  0  0  2  0  1  0 ] (0.00000019)
[  2  0  0  0  0  2  1  0  0 ] (0.00000110)
[  2  0  0  0  0  3  0  0  0 ] (0.00000007)
[  2  0  0  0  1  0  0  0  0 ] (0.00000000)
[  2  0  0  0  1  0  0  0  1 ] (0.00000504)
[  2  0  0  0  1  0  0  0  2 ] (0.00000694)
[  2  0  0  0  1  0  0  1  0 ] (0.00001425)
[  2  0  0  0  1  0  0  1  1 ] (0.00000005)
[  2  0  0  0  1  0  0  2  0 ] (0.00000557)
[  2  0  0  0  1  0  1  0  0 ] (0.00000061)
[  2  0  0  0  1  0  1  0  1 ] (0.00000092)
[  2  0  0  0  1  0  1  1  0 ] (0.00010663)
[  2  0  0  0  1  0  2  0  0 ] (0.00000739)
[  2  0  0  0  1  1  0  0  0 ] (0.00000010)
[  2  0  0  0  1  1  0  0  1 ] (0.00000081)
[  2  0  0  0  1  1  0  1  0 ] (0.00000049)
[  2  0  0  0  1  1  1  0  0 ] (0.00000769)
[  2  0  0  0  1  2  0  0  0 ] (0.00000029)
[  2  0  0  0  2  0  0  0  0 ] (0.00000018)
[  2  0  0  0  2  0  0  0  1 ] (0.00000021)
[  2  0  0  0  2  0  0  1  0 ] (0.00000007)
[  2  0  0  0  2  0  1  0  0 ] (0.00000370)
[  2  0  0  0  2  1  0  0  0 ] (0.00000023)
[  2  0  0  0  3  0  0  0  0 ] (0.00000024)
[  2  0  0  1  0  0  0  0  0 ] (0.00000135)
[  2  0  0  1  0  0  0  0  1 ] (0.00001120)
[  2  0  0  1  0  0  0  0  2 ] (0.00000480)
[  2  0  0  1  0  0  0  1  0 ] (0.00001305)
[  2  0  0  1  0  0  0  1  1 ] (0.00002181)
[  2  0  0  1  0  0  0  2  0 ] (0.00000001)
[  2  0  0  1  0  0  1  0  0 ] (0.00000248)
[  2  0  0  1  0  0  1  0  1 ] (0.00000001)
[  2  0  0  1  0  0  1  1  0 ] (0.00001500)
[  2  0  0  1  0  0  2  0  0 ] (0.00000204)
[  2  0  0  1  0  1  0  0  0 ] (0.00000019)
[  2  0  0  1  0  1  0  0  1 ] (0.00000100)
[  2  0  0  1  0  1  0  1  0 ] (0.00000199)
[  2  0  0  1  0  1  1  0  0 ] (0.00000027)
[  2  0  0  1  0  2  0  0  0 ] (0.00000018)
[  2  0  0  1  1  0  0  0  0 ] (0.00000036)
[  2  0  0  1  1  0  0  0  1 ] (0.00000133)
[  2  0  0  1  1  0  0  1  0 ] (0.00000013)
[  2  0  0  1  1  0  1  0  0 ] (0.00000594)
[  2  0  0  1  1  1  0  0  0 ] (0.00000026)
[  2  0  0  1  2  0  0  0  0 ] (0.00000024)
[  2  0  0  2  0  0  0  0  0 ] (0.00000103)
[  2  0  0  2  0  0  0  0  1 ] (0.00000227)
[  2  0  0  2  0  0  0  1  0 ] (0.00000019)
[  2  0  0  2  0  0  1  0  0 ] (0.00000065)
[  2  0  0  2  0  1  0  0  0 ] (0.00000015)
[  2  0  0  2  1  0  0  0  0 ] (0.00000429)
[  2  0  0  3  0  0  0  0  0 ] (0.00000006)
[  2  0  1  0  0  0  0  0  0 ] (0.00000117)
[  2  0  1  0  0  0  0  0  1 ] (0.00000546)
[  2  0  1  0  0  0  0  0  2 ] (0.00000254)
[  2  0  1  0  0  0  0  1  0 ] (0.00000144)
[  2  0  1  0  0  0  0  1  1 ] (0.00000764)
[  2  0  1  0  0  0  0  2  0 ] (0.00000398)
[  2  0  1  0  0  0  1  0  0 ] (0.00000018)
[  2  0  1  0  0  0  1  0  1 ] (0.00000762)
[  2  0  1  0  0  0  1  1  0 ] (0.00000257)
[  2  0  1  0  0  0  2  0  0 ] (0.00000974)
[  2  0  1  0  0  1  0  0  0 ] (0.00000032)
[  2  0  1  0  0  1  0  0  1 ] (0.00000148)
[  2  0  1  0  0  1  0  1  0 ] (0.00000027)
[  2  0  1  0  0  1  1  0  0 ] (0.00000265)
[  2  0  1  0  0  2  0  0  0 ] (0.00000003)
[  2  0  1  0  1  0  0  0  0 ] (0.00000021)
[  2  0  1  0  1  0  0  0  1 ] (0.00000379)
[  2  0  1  0  1  0  0  1  0 ] (0.00000285)
[  2  0  1  0  1  0  1  0  0 ] (0.00000395)
[  2  0  1  0  1  1  0  0  0 ] (0.00000056)
[  2  0  1  0  2  0  0  0  0 ] (0.00000003)
[  2  0  1  1  0  0  0  0  0 ] (0.00000013)
[  2  0  1  1  0  0  0  0  1 ] (0.00000003)
[  2  0  1  1  0  0  0  1  0 ] (0.00000041)
[  2  0  1  1  0  0  1  0  0 ] (0.00000065)
[  2  0  1  1  0  1  0  0  0 ] (0.00000046)
[  2  0  1  1  1  0  0  0  0 ] (0.00000030)
[  2  0  1  2  0  0  0  0  0 ] (0.00000005)
[  2  0  2  0  0  0  0  0  0 ] (0.00000000)
[  2  0  2  0  0  0  0  0  1 ] (0.00000000)
[  2  0  2  0  0  0  0  1  0 ] (0.00000063)
[  2  0  2  0  0  0  1  0  0 ] (0.00000028)
[  2  0  2  0  0  1  0  0  0 ] (0.00000002)
[  2  0  2  0  1  0  0  0  0 ] (0.00000001)
[  2  0  2  1  0  0  0  0  0 ] (0.00000000)
[  2  0  3  0  0  0  0  0  0 ] (0.00000000)
[  2  1  0  0  0  0  0  0  0 ] (0.00000041)
[  2  1  0  0  0  0  0  0  1 ] (0.00000262)
[  2  1  0  0  0  0  0  0  2 ] (0.00000063)
[  2  1  0  0  0  0  0  1  0 ] (0.00000230)
[  2  1  0  0  0  0  0  1  1 ] (0.00000185)
[  2  1  0  0  0  0  0  2  0 ] (0.00000495)
[  2  1  0  0  0  0  1  0  0 ] (0.00000010)
[  2  1  0  0  0  0  1  0  1 ] (0.00001201)
[  2  1  0  0  0  0  1  1  0 ] (0.00002306)
[  2  1  0  0  0  0  2  0  0 ] (0.00001308)
[  2  1  0  0  0  1  0  0  0 ] (0.00000000)
[  2  1  0  0  0  1  0  0  1 ] (0.00000082)
[  2  1  0  0  0  1  0  1  0 ] (0.00000312)
[  2  1  0  0  0  1  1  0  0 ] (0.00000345)
[  2  1  0  0  0  2  0  0  0 ] (0.00000001)
[  2  1  0  0  1  0  0  0  0 ] (0.00000000)
[  2  1  0  0  1  0  0  0  1 ] (0.00000042)
[  2  1  0  0  1  0  0  1  0 ] (0.00000035)
[  2  1  0  0  1  0  1  0  0 ] (0.00000004)
[  2  1  0  0  1  1  0  0  0 ] (0.00000077)
[  2  1  0  0  2  0  0  0  0 ] (0.00000002)
[  2  1  0  1  0  0  0  0  0 ] (0.00000003)
[  2  1  0  1  0  0  0  0  1 ] (0.00000017)
[  2  1  0  1  0  0  0  1  0 ] (0.00000045)
[  2  1  0  1  0  0  1  0  0 ] (0.00001118)
[  2  1  0  1  0  1  0  0  0 ] (0.00000026)
[  2  1  0  1  1  0  0  0  0 ] (0.00000004)
[  2  1  0  2  0  0  0  0  0 ] (0.00000019)
[  2  1  1  0  0  0  0  0  0 ] (0.00000026)
[  2  1  1  0  0  0  0  0  1 ] (0.00000097)
[  2  1  1  0  0  0  0  1  0 ] (0.00000043)
[  2  1  1  0  0  0  1  0  0 ] (0.00000638)
[  2  1  1  0  0  1  0  0  0 ] (0.00000047)
[  2  1  1  0  1  0  0  0  0 ] (0.00000000)
[  2  1  1  1  0  0  0  0  0 ] (0.00000006)
[  2  1  2  0  0  0  0  0  0 ] (0.00000005)
[  2  2  0  0  0  0  0  0  0 ] (0.00000026)
[  2  2  0  0  0  0  0  0  1 ] (0.00000189)
[  2  2  0  0  0  0  0  1  0 ] (0.00000000)
[  2  2  0  0  0  0  1  0  0 ] (0.00000021)
[  2  2  0  0  0  1  0  0  0 ] (0.00000013)
[  2  2  0  0  1  0  0  0  0 ] (0.00000001)
[  2  2  0  1  0  0  0  0  0 ] (0.00000015)
[  2  2  1  0  0  0  0  0  0 ] (0.00000012)
[  2  3  0  0  0  0  0  0  0 ] (0.00000033)
[  3  0  0  0  0  0  0  0  0 ] (0.00000000)
[  3  0  0  0  0  0  0  0  1 ] (0.00000001)
[  3  0  0  0  0  0  0  0  2 ] (0.00000172)
[  3  0  0  0  0  0  0  1  0 ] (0.00000090)
[  3  0  0  0  0  0  0  1  1 ] (0.00000079)
[  3  0  0  0  0  0  0  2  0 ] (0.00000011)
[  3  0  0  0  0  0  1  0  0 ] (0.00000004)
[  3  0  0  0  0  0  1  0  1 ] (0.00000214)
[  3  0  0  0  0  0  1  1  0 ] (0.00000325)
[  3  0  0  0  0  0  2  0  0 ] (0.00000226)
[  3  0  0  0  0  1  0  0  0 ] (0.00000001)
[  3  0  0  0  0  1  0  0  1 ] (0.00000015)
[  3  0  0  0  0  1  0  1  0 ] (0.00000002)
[  3  0  0  0  0  1  1  0  0 ] (0.00000092)
[  3  0  0  0  0  2  0  0  0 ] (0.00000001)
[  3  0  0  0  1  0  0  0  0 ] (0.00000019)
[  3  0  0  0  1  0  0  0  1 ] (0.00000003)
[  3  0  0  0  1  0  0  1  0 ] (0.00000066)
[  3  0  0  0  1  0  1  0  0 ] (0.00000323)
[  3  0  0  0  1  1  0  0  0 ] (0.00000002)
[  3  0  0  0  2  0  0  0  0 ] (0.00000001)
[  3  0  0  1  0  0  0  0  0 ] (0.00000011)
[  3  0  0  1  0  0  0  0  1 ] (0.00000102)
[  3  0  0  1  0  0  0  1  0 ] (0.00000048)
[  3  0  0  1  0  0  1  0  0 ] (0.00000049)
[  3  0  0  1  0  1  0  0  0 ] (0.00000001)
[  3  0  0  1  1  0  0  0  0 ] (0.00000005)
[  3  0  0  2  0  0  0  0  0 ] (0.00000010)
[  3  0  1  0  0  0  0  0  0 ] (0.00000003)
[  3  0  1  0  0  0  0  0  1 ] (0.00000016)
[  3  0  1  0  0  0  0  1  0 ] (0.00000062)
[  3  0  1  0  0  0  1  0  0 ] (0.00000054)
[  3  0  1  0  0  1  0  0  0 ] (0.00000000)
[  3  0  1  0  1  0  0  0  0 ] (0.00000008)
[  3  0  1  1  0  0  0  0  0 ] (0.00000008)
[  3  0  2  0  0  0  0  0  0 ] (0.00000000)
[  3  1  0  0  0  0  0  0  0 ] (0.00000001)
[  3  1  0  0  0  0  0  0  1 ] (0.00000000)
[  3  1  0  0  0  0  0  1  0 ] (0.00000004)
[  3  1  0  0  0  0  1  0  0 ] (0.00000031)
[  3  1  0  0  0  1  0  0  0 ] (0.00000005)
[  3  1  0  0  1  0  0  0  0 ] (0.00000013)
[  3  1  0  1  0  0  0  0  0 ] (0.00000003)
[  3  1  1  0  0  0  0  0  0 ] (0.00000000)
[  3  2  0  0  0  0  0  0  0 ] (0.00000000)
[  4  0  0  0  0  0  0  0  0 ] (0.00000001)
[  4  0  0  0  0  0  0  0  1 ] (0.00000223)
[  4  0  0  0  0  0  0  1  0 ] (0.00000129)
[  4  0  0  0  0  0  1  0  0 ] (0.00000480)
[  4  0  0  0  0  1  0  0  0 ] (0.00000000)
[  4  0  0  0  1  0  0  0  0 ] (0.00000044)
[  4  0  0  1  0  0  0  0  0 ] (0.00000000)
[  4  0  1  0  0  0  0  0  0 ] (0.00000015)
[  4  1  0  0  0  0  0  0  0 ] (0.00000032)
[  5  0  0  0  0  0  0  0  0 ] (0.00000000)
