|  -880.894937170199 |   279.996492983877 

[  0  0  0  0  0  0  0  0  0 ] (0.00000470)
[  0  0  0  0  0  0  0  0  1 ] (0.00003202)
[  0  0  0  0  0  0  0  0  2 ] (0.00000154)
[  0  0  0  0  0  0  0  0  3 ] (0.00000455)
[  0  0  0  0  0  0  0  0  4 ] (0.00008956)
[  0  0  0  0  0  0  0  0  5 ] (0.00000069)
[  0  0  0  0  0  0  0  1  0 ] (0.00000197)
[  0  0  0  0  0  0  0  1  1 ] (0.00006085)
[  0  0  0  0  0  0  0  1  2 ] (0.00004891)
[  0  0  0  0  0  0  0  1  3 ] (0.00014456)
[  0  0  0  0  0  0  0  1  4 ] (0.00000162)
[  0  0  0  0  0  0  0  2  0 ] (0.00002142)
[  0  0  0  0  0  0  0  2  1 ] (0.00000955)
[  0  0  0  0  0  0  0  2  2 ] (0.00000488)
[  0  0  0  0  0  0  0  2  3 ] (0.00001096)
[  0  0  0  0  0  0  0  3  0 ] (0.00012205)
[  0  0  0  0  0  0  0  3  1 ] (0.00215944)
[  0  0  0  0  0  0  0  3  2 ] (0.00006143)
[  0  0  0  0  0  0  0  4  0 ] (0.00013577)
[  0  0  0  0  0  0  0  4  1 ] (0.00001571)
[  0  0  0  0  0  0  0  5  0 ] (0.00000679)
[  0  0  0  0  0  0  1  0  0 ] (0.00000012)
[  0  0  0  0  0  0  1  0  1 ] (0.00001075)
[  0  0  0  0  0  0  1  0  2 ] (0.00020837)
[  0  0  0  0  0  0  1  0  3 ] (0.00001134)
[  0  0  0  0  0  0  1  0  4 ] (0.00006811)
[  0  0  0  0  0  0  1  1  0 ] (0.00000130)
[  0  0  0  0  0  0  1  1  1 ] (0.00009281)
[  0  0  0  0  0  0  1  1  2 ] (0.00064207)
[  0  0  0  0  0  0  1  1  3 ] (0.00003319)
[  0  0  0  0  0  0  1  2  0 ] (0.00000217)
[  0  0  0  0  0  0  1  2  1 ] (0.00003742)
[  0  0  0  0  0  0  1  2  2 ] (0.00000318)
[  0  0  0  0  0  0  1  3  0 ] (0.00837134)
[  0  0  0  0  0  0  1  3  1 ] (0.00045543)
[  0  0  0  0  0  0  1  4  0 ] (0.00001327)
[  0  0  0  0  0  0  2  0  0 ] (0.00009685)
[  0  0  0  0  0  0  2  0  1 ] (0.00043209)
[  0  0  0  0  0  0  2  0  2 ] (0.00875618)
[  0  0  0  0  0  0  2  0  3 ] (0.00033884)
[  0  0  0  0  0  0  2  1  0 ] (0.00002241)
[  0  0  0  0  0  0  2  1  1 ] (0.00020540)
[  0  0  0  0  0  0  2  1  2 ] (0.00001901)
[  0  0  0  0  0  0  2  2  0 ] (0.00009315)
[  0  0  0  0  0  0  2  2  1 ] (0.00000011)
[  0  0  0  0  0  0  2  3  0 ] (0.00000854)
[  0  0  0  0  0  0  3  0  0 ] (0.00000000)
[  0  0  0  0  0  0  3  0  1 ] (0.00127954)
[  0  0  0  0  0  0  3  0  2 ] (0.00021414)
[  0  0  0  0  0  0  3  1  0 ] (0.00056633)
[  0  0  0  0  0  0  3  1  1 ] (0.00010026)
[  0  0  0  0  0  0  3  2  0 ] (0.00003016)
[  0  0  0  0  0  0  4  0  0 ] (0.00007896)
[  0  0  0  0  0  0  4  0  1 ] (0.00000027)
[  0  0  0  0  0  0  4  1  0 ] (0.00000222)
[  0  0  0  0  0  0  5  0  0 ] (0.00008419)
[  0  0  0  0  0  1  0  0  0 ] (0.00002434)
[  0  0  0  0  0  1  0  0  1 ] (0.00000376)
[  0  0  0  0  0  1  0  0  2 ] (0.00028092)
[  0  0  0  0  0  1  0  0  3 ] (0.02252292)
[  0  0  0  0  0  1  0  0  4 ] (0.00005937)
[  0  0  0  0  0  1  0  1  0 ] (0.00000000)
[  0  0  0  0  0  1  0  1  1 ] (0.00006308)
[  0  0  0  0  0  1  0  1  2 ] (0.00023590)
[  0  0  0  0  0  1  0  1  3 ] (0.00000576)
[  0  0  0  0  0  1  0  2  0 ] (0.00032107)
[  0  0  0  0  0  1  0  2  1 ] (0.00000212)
[  0  0  0  0  0  1  0  2  2 ] (0.00000292)
[  0  0  0  0  0  1  0  3  0 ] (0.00044531)
[  0  0  0  0  0  1  0  3  1 ] (0.00001328)
[  0  0  0  0  0  1  0  4  0 ] (0.00000991)
[  0  0  0  0  0  1  1  0  0 ] (0.00003242)
[  0  0  0  0  0  1  1  0  1 ] (0.00003279)
[  0  0  0  0  0  1  1  0  2 ] (0.00022624)
[  0  0  0  0  0  1  1  0  3 ] (0.00000450)
[  0  0  0  0  0  1  1  1  0 ] (0.00001318)
[  0  0  0  0  0  1  1  1  1 ] (0.00000714)
[  0  0  0  0  0  1  1  1  2 ] (0.00009924)
[  0  0  0  0  0  1  1  2  0 ] (0.00086167)
[  0  0  0  0  0  1  1  2  1 ] (0.00029704)
[  0  0  0  0  0  1  1  3  0 ] (0.00009264)
[  0  0  0  0  0  1  2  0  0 ] (0.00000342)
[  0  0  0  0  0  1  2  0  1 ] (0.00113411)
[  0  0  0  0  0  1  2  0  2 ] (0.00003094)
[  0  0  0  0  0  1  2  1  0 ] (0.00004078)
[  0  0  0  0  0  1  2  1  1 ] (0.00003283)
[  0  0  0  0  0  1  2  2  0 ] (0.00034510)
[  0  0  0  0  0  1  3  0  0 ] (0.00008266)
[  0  0  0  0  0  1  3  0  1 ] (0.00057276)
[  0  0  0  0  0  1  3  1  0 ] (0.00002419)
[  0  0  0  0  0  1  4  0  0 ] (0.00095478)
[  0  0  0  0  0  2  0  0  0 ] (0.00000030)
[  0  0  0  0  0  2  0  0  1 ] (0.00001120)
[  0  0  0  0  0  2  0  0  2 ] (0.00006375)
[  0  0  0  0  0  2  0  0  3 ] (0.00012954)
[  0  0  0  0  0  2  0  1  0 ] (0.00002054)
[  0  0  0  0  0  2  0  1  1 ] (0.00002073)
[  0  0  0  0  0  2  0  1  2 ] (0.00001323)
[  0  0  0  0  0  2  0  2  0 ] (0.00002285)
[  0  0  0  0  0  2  0  2  1 ] (0.00015210)
[  0  0  0  0  0  2  0  3  0 ] (0.00556930)
[  0  0  0  0  0  2  1  0  0 ] (0.00001475)
[  0  0  0  0  0  2  1  0  1 ] (0.00008684)
[  0  0  0  0  0  2  1  0  2 ] (0.00054404)
[  0  0  0  0  0  2  1  1  0 ] (0.00025914)
[  0  0  0  0  0  2  1  1  1 ] (0.00018873)
[  0  0  0  0  0  2  1  2  0 ] (0.00021726)
[  0  0  0  0  0  2  2  0  0 ] (0.00004228)
[  0  0  0  0  0  2  2  0  1 ] (0.00019480)
[  0  0  0  0  0  2  2  1  0 ] (0.00021020)
[  0  0  0  0  0  2  3  0  0 ] (0.00006954)
[  0  0  0  0  0  3  0  0  0 ] (0.00000220)
[  0  0  0  0  0  3  0  0  1 ] (0.00010085)
[  0  0  0  0  0  3  0  0  2 ] (0.02241555)
[  0  0  0  0  0  3  0  1  0 ] (0.00000240)
[  0  0  0  0  0  3  0  1  1 ] (0.00008420)
[  0  0  0  0  0  3  0  2  0 ] (0.00290476)
[  0  0  0  0  0  3  1  0  0 ] (0.00003333)
[  0  0  0  0  0  3  1  0  1 ] (0.00155980)
[  0  0  0  0  0  3  1  1  0 ] (0.00013004)
[  0  0  0  0  0  3  2  0  0 ] (0.00011940)
[  0  0  0  0  0  4  0  0  0 ] (0.00001876)
[  0  0  0  0  0  4  0  0  1 ] (0.00000735)
[  0  0  0  0  0  4  0  1  0 ] (0.00051216)
[  0  0  0  0  0  4  1  0  0 ] (0.00000960)
[  0  0  0  0  0  5  0  0  0 ] (0.00000711)
[  0  0  0  0  1  0  0  0  0 ] (0.00000657)
[  0  0  0  0  1  0  0  0  1 ] (0.00001563)
[  0  0  0  0  1  0  0  0  2 ] (0.00002486)
[  0  0  0  0  1  0  0  0  3 ] (0.00033052)
[  0  0  0  0  1  0  0  0  4 ] (0.00000156)
[  0  0  0  0  1  0  0  1  0 ] (0.00003621)
[  0  0  0  0  1  0  0  1  1 ] (0.00108984)
[  0  0  0  0  1  0  0  1  2 ] (0.00001137)
[  0  0  0  0  1  0  0  1  3 ] (0.00019334)
[  0  0  0  0  1  0  0  2  0 ] (0.00001061)
[  0  0  0  0  1  0  0  2  1 ] (0.00057658)
[  0  0  0  0  1  0  0  2  2 ] (0.00003769)
[  0  0  0  0  1  0  0  3  0 ] (0.00001097)
[  0  0  0  0  1  0  0  3  1 ] (0.00000197)
[  0  0  0  0  1  0  0  4  0 ] (0.00015547)
[  0  0  0  0  1  0  1  0  0 ] (0.00001336)
[  0  0  0  0  1  0  1  0  1 ] (0.00014746)
[  0  0  0  0  1  0  1  0  2 ] (0.00049627)
[  0  0  0  0  1  0  1  0  3 ] (0.00002773)
[  0  0  0  0  1  0  1  1  0 ] (0.00000571)
[  0  0  0  0  1  0  1  1  1 ] (0.00000042)
[  0  0  0  0  1  0  1  1  2 ] (0.00000405)
[  0  0  0  0  1  0  1  2  0 ] (0.00003661)
[  0  0  0  0  1  0  1  2  1 ] (0.00007310)
[  0  0  0  0  1  0  1  3  0 ] (0.00000008)
[  0  0  0  0  1  0  2  0  0 ] (0.00001146)
[  0  0  0  0  1  0  2  0  1 ] (0.00012920)
[  0  0  0  0  1  0  2  0  2 ] (0.00002630)
[  0  0  0  0  1  0  2  1  0 ] (0.00016923)
[  0  0  0  0  1  0  2  1  1 ] (0.00000349)
[  0  0  0  0  1  0  2  2  0 ] (0.00000686)
[  0  0  0  0  1  0  3  0  0 ] (0.00000088)
[  0  0  0  0  1  0  3  0  1 ] (0.00018953)
[  0  0  0  0  1  0  3  1  0 ] (0.00006941)
[  0  0  0  0  1  0  4  0  0 ] (0.00006709)
[  0  0  0  0  1  1  0  0  0 ] (0.00000358)
[  0  0  0  0  1  1  0  0  1 ] (0.00021133)
[  0  0  0  0  1  1  0  0  2 ] (0.00000198)
[  0  0  0  0  1  1  0  0  3 ] (0.00000163)
[  0  0  0  0  1  1  0  1  0 ] (0.00145942)
[  0  0  0  0  1  1  0  1  1 ] (0.01101503)
[  0  0  0  0  1  1  0  1  2 ] (0.00076515)
[  0  0  0  0  1  1  0  2  0 ] (0.00111634)
[  0  0  0  0  1  1  0  2  1 ] (0.00045910)
[  0  0  0  0  1  1  0  3  0 ] (0.00002107)
[  0  0  0  0  1  1  1  0  0 ] (0.00002725)
[  0  0  0  0  1  1  1  0  1 ] (0.00042714)
[  0  0  0  0  1  1  1  0  2 ] (0.00029155)
[  0  0  0  0  1  1  1  1  0 ] (0.00067663)
[  0  0  0  0  1  1  1  1  1 ] (0.00082991)
[  0  0  0  0  1  1  1  2  0 ] (0.00051403)
[  0  0  0  0  1  1  2  0  0 ] (0.00000511)
[  0  0  0  0  1  1  2  0  1 ] (0.00001124)
[  0  0  0  0  1  1  2  1  0 ] (0.00066918)
[  0  0  0  0  1  1  3  0  0 ] (0.00018858)
[  0  0  0  0  1  2  0  0  0 ] (0.00001247)
[  0  0  0  0  1  2  0  0  1 ] (0.00111261)
[  0  0  0  0  1  2  0  0  2 ] (0.00000621)
[  0  0  0  0  1  2  0  1  0 ] (0.00000005)
[  0  0  0  0  1  2  0  1  1 ] (0.00119744)
[  0  0  0  0  1  2  0  2  0 ] (0.04405878)
[  0  0  0  0  1  2  1  0  0 ] (0.00006687)
[  0  0  0  0  1  2  1  0  1 ] (0.00005351)
[  0  0  0  0  1  2  1  1  0 ] (0.00017659)
[  0  0  0  0  1  2  2  0  0 ] (0.00016120)
[  0  0  0  0  1  3  0  0  0 ] (0.00004238)
[  0  0  0  0  1  3  0  0  1 ] (0.01049134)
[  0  0  0  0  1  3  0  1  0 ] (0.00718196)
[  0  0  0  0  1  3  1  0  0 ] (0.00000378)
[  0  0  0  0  1  4  0  0  0 ] (0.00000172)
[  0  0  0  0  2  0  0  0  0 ] (0.00000004)
[  0  0  0  0  2  0  0  0  1 ] (0.00000229)
[  0  0  0  0  2  0  0  0  2 ] (0.00003563)
[  0  0  0  0  2  0  0  0  3 ] (0.00006927)
[  0  0  0  0  2  0  0  1  0 ] (0.00005477)
[  0  0  0  0  2  0  0  1  1 ] (0.00011414)
[  0  0  0  0  2  0  0  1  2 ] (0.00005074)
[  0  0  0  0  2  0  0  2  0 ] (0.00000936)
[  0  0  0  0  2  0  0  2  1 ] (0.00008479)
[  0  0  0  0  2  0  0  3  0 ] (0.00016303)
[  0  0  0  0  2  0  1  0  0 ] (0.00000063)
[  0  0  0  0  2  0  1  0  1 ] (0.00001589)
[  0  0  0  0  2  0  1  0  2 ] (0.00000061)
[  0  0  0  0  2  0  1  1  0 ] (0.00000072)
[  0  0  0  0  2  0  1  1  1 ] (0.00001206)
[  0  0  0  0  2  0  1  2  0 ] (0.00000997)
[  0  0  0  0  2  0  2  0  0 ] (0.00000105)
[  0  0  0  0  2  0  2  0  1 ] (0.00000667)
[  0  0  0  0  2  0  2  1  0 ] (0.00007673)
[  0  0  0  0  2  0  3  0  0 ] (0.00003236)
[  0  0  0  0  2  1  0  0  0 ] (0.00000125)
[  0  0  0  0  2  1  0  0  1 ] (0.00001022)
[  0  0  0  0  2  1  0  0  2 ] (0.00000354)
[  0  0  0  0  2  1  0  1  0 ] (0.00000843)
[  0  0  0  0  2  1  0  1  1 ] (0.00013473)
[  0  0  0  0  2  1  0  2  0 ] (0.00003623)
[  0  0  0  0  2  1  1  0  0 ] (0.00000117)
[  0  0  0  0  2  1  1  0  1 ] (0.00010614)
[  0  0  0  0  2  1  1  1  0 ] (0.00000003)
[  0  0  0  0  2  1  2  0  0 ] (0.00001205)
[  0  0  0  0  2  2  0  0  0 ] (0.00000003)
[  0  0  0  0  2  2  0  0  1 ] (0.00000200)
[  0  0  0  0  2  2  0  1  0 ] (0.00000125)
[  0  0  0  0  2  2  1  0  0 ] (0.00000043)
[  0  0  0  0  2  3  0  0  0 ] (0.00000236)
[  0  0  0  0  3  0  0  0  0 ] (0.00000055)
[  0  0  0  0  3  0  0  0  1 ] (0.00000154)
[  0  0  0  0  3  0  0  0  2 ] (0.00062132)
[  0  0  0  0  3  0  0  1  0 ] (0.00001269)
[  0  0  0  0  3  0  0  1  1 ] (0.00145510)
[  0  0  0  0  3  0  0  2  0 ] (0.00031014)
[  0  0  0  0  3  0  1  0  0 ] (0.00002655)
[  0  0  0  0  3  0  1  0  1 ] (0.00101983)
[  0  0  0  0  3  0  1  1  0 ] (0.00084703)
[  0  0  0  0  3  0  2  0  0 ] (0.00005815)
[  0  0  0  0  3  1  0  0  0 ] (0.00001304)
[  0  0  0  0  3  1  0  0  1 ] (0.00002582)
[  0  0  0  0  3  1  0  1  0 ] (0.00005507)
[  0  0  0  0  3  1  1  0  0 ] (0.00004143)
[  0  0  0  0  3  2  0  0  0 ] (0.00000003)
[  0  0  0  0  4  0  0  0  0 ] (0.00010434)
[  0  0  0  0  4  0  0  0  1 ] (0.00060413)
[  0  0  0  0  4  0  0  1  0 ] (0.00039259)
[  0  0  0  0  4  0  1  0  0 ] (0.00021825)
[  0  0  0  0  4  1  0  0  0 ] (0.00001379)
[  0  0  0  0  5  0  0  0  0 ] (0.00000246)
[  0  0  0  1  0  0  0  0  0 ] (0.00000013)
[  0  0  0  1  0  0  0  0  1 ] (0.00001602)
[  0  0  0  1  0  0  0  0  2 ] (0.00009091)
[  0  0  0  1  0  0  0  0  3 ] (0.00017472)
[  0  0  0  1  0  0  0  0  4 ] (0.00000188)
[  0  0  0  1  0  0  0  1  0 ] (0.00011646)
[  0  0  0  1  0  0  0  1  1 ] (0.00136992)
[  0  0  0  1  0  0  0  1  2 ] (0.03638382)
[  0  0  0  1  0  0  0  1  3 ] (0.00023663)
[  0  0  0  1  0  0  0  2  0 ] (0.00003554)
[  0  0  0  1  0  0  0  2  1 ] (0.00021904)
[  0  0  0  1  0  0  0  2  2 ] (0.00005088)
[  0  0  0  1  0  0  0  3  0 ] (0.00003067)
[  0  0  0  1  0  0  0  3  1 ] (0.00002187)
[  0  0  0  1  0  0  0  4  0 ] (0.00108406)
[  0  0  0  1  0  0  1  0  0 ] (0.00000027)
[  0  0  0  1  0  0  1  0  1 ] (0.00002038)
[  0  0  0  1  0  0  1  0  2 ] (0.00051165)
[  0  0  0  1  0  0  1  0  3 ] (0.00000000)
[  0  0  0  1  0  0  1  1  0 ] (0.00000917)
[  0  0  0  1  0  0  1  1  1 ] (0.00000431)
[  0  0  0  1  0  0  1  1  2 ] (0.00063177)
[  0  0  0  1  0  0  1  2  0 ] (0.00000731)
[  0  0  0  1  0  0  1  2  1 ] (0.00003189)
[  0  0  0  1  0  0  1  3  0 ] (0.00000131)
[  0  0  0  1  0  0  2  0  0 ] (0.00000126)
[  0  0  0  1  0  0  2  0  1 ] (0.00000032)
[  0  0  0  1  0  0  2  0  2 ] (0.00003547)
[  0  0  0  1  0  0  2  1  0 ] (0.00000317)
[  0  0  0  1  0  0  2  1  1 ] (0.00019978)
[  0  0  0  1  0  0  2  2  0 ] (0.00001688)
[  0  0  0  1  0  0  3  0  0 ] (0.00000477)
[  0  0  0  1  0  0  3  0  1 ] (0.00001708)
[  0  0  0  1  0  0  3  1  0 ] (0.00010486)
[  0  0  0  1  0  0  4  0  0 ] (0.00011190)
[  0  0  0  1  0  1  0  0  0 ] (0.00000030)
[  0  0  0  1  0  1  0  0  1 ] (0.00013944)
[  0  0  0  1  0  1  0  0  2 ] (0.00051499)
[  0  0  0  1  0  1  0  0  3 ] (0.00003293)
[  0  0  0  1  0  1  0  1  0 ] (0.00000038)
[  0  0  0  1  0  1  0  1  1 ] (0.00002857)
[  0  0  0  1  0  1  0  1  2 ] (0.00348954)
[  0  0  0  1  0  1  0  2  0 ] (0.00000361)
[  0  0  0  1  0  1  0  2  1 ] (0.00017467)
[  0  0  0  1  0  1  0  3  0 ] (0.00030711)
[  0  0  0  1  0  1  1  0  0 ] (0.00000113)
[  0  0  0  1  0  1  1  0  1 ] (0.00004531)
[  0  0  0  1  0  1  1  0  2 ] (0.00012931)
[  0  0  0  1  0  1  1  1  0 ] (0.00000031)
[  0  0  0  1  0  1  1  1  1 ] (0.00002831)
[  0  0  0  1  0  1  1  2  0 ] (0.00000881)
[  0  0  0  1  0  1  2  0  0 ] (0.00000278)
[  0  0  0  1  0  1  2  0  1 ] (0.00000152)
[  0  0  0  1  0  1  2  1  0 ] (0.00017921)
[  0  0  0  1  0  1  3  0  0 ] (0.00000370)
[  0  0  0  1  0  2  0  0  0 ] (0.00000030)
[  0  0  0  1  0  2  0  0  1 ] (0.00004970)
[  0  0  0  1  0  2  0  0  2 ] (0.00249975)
[  0  0  0  1  0  2  0  1  0 ] (0.00000874)
[  0  0  0  1  0  2  0  1  1 ] (0.00012803)
[  0  0  0  1  0  2  0  2  0 ] (0.00002772)
[  0  0  0  1  0  2  1  0  0 ] (0.00000793)
[  0  0  0  1  0  2  1  0  1 ] (0.00052414)
[  0  0  0  1  0  2  1  1  0 ] (0.00019690)
[  0  0  0  1  0  2  2  0  0 ] (0.00003231)
[  0  0  0  1  0  3  0  0  0 ] (0.00001087)
[  0  0  0  1  0  3  0  0  1 ] (0.00058787)
[  0  0  0  1  0  3  0  1  0 ] (0.00056124)
[  0  0  0  1  0  3  1  0  0 ] (0.00002339)
[  0  0  0  1  0  4  0  0  0 ] (0.00002211)
[  0  0  0  1  1  0  0  0  0 ] (0.00000300)
[  0  0  0  1  1  0  0  0  1 ] (0.00015934)
[  0  0  0  1  1  0  0  0  2 ] (0.00014476)
[  0  0  0  1  1  0  0  0  3 ] (0.00002694)
[  0  0  0  1  1  0  0  1  0 ] (0.00002349)
[  0  0  0  1  1  0  0  1  1 ] (0.00000263)
[  0  0  0  1  1  0  0  1  2 ] (0.00002140)
[  0  0  0  1  1  0  0  2  0 ] (0.00008094)
[  0  0  0  1  1  0  0  2  1 ] (0.00034401)
[  0  0  0  1  1  0  0  3  0 ] (0.00001528)
[  0  0  0  1  1  0  1  0  0 ] (0.00000013)
[  0  0  0  1  1  0  1  0  1 ] (0.00000690)
[  0  0  0  1  1  0  1  0  2 ] (0.00046737)
[  0  0  0  1  1  0  1  1  0 ] (0.00000649)
[  0  0  0  1  1  0  1  1  1 ] (0.00000074)
[  0  0  0  1  1  0  1  2  0 ] (0.00000103)
[  0  0  0  1  1  0  2  0  0 ] (0.00001514)
[  0  0  0  1  1  0  2  0  1 ] (0.00001087)
[  0  0  0  1  1  0  2  1  0 ] (0.00016790)
[  0  0  0  1  1  0  3  0  0 ] (0.00134707)
[  0  0  0  1  1  1  0  0  0 ] (0.00004034)
[  0  0  0  1  1  1  0  0  1 ] (0.00109883)
[  0  0  0  1  1  1  0  0  2 ] (0.00075692)
[  0  0  0  1  1  1  0  1  0 ] (0.00012167)
[  0  0  0  1  1  1  0  1  1 ] (0.00014004)
[  0  0  0  1  1  1  0  2  0 ] (0.00001088)
[  0  0  0  1  1  1  1  0  0 ] (0.00000091)
[  0  0  0  1  1  1  1  0  1 ] (0.00011521)
[  0  0  0  1  1  1  1  1  0 ] (0.00010486)
[  0  0  0  1  1  1  2  0  0 ] (0.00006105)
[  0  0  0  1  1  2  0  0  0 ] (0.00005573)
[  0  0  0  1  1  2  0  0  1 ] (0.00321002)
[  0  0  0  1  1  2  0  1  0 ] (0.00100731)
[  0  0  0  1  1  2  1  0  0 ] (0.00005375)
[  0  0  0  1  1  3  0  0  0 ] (0.00008057)
[  0  0  0  1  2  0  0  0  0 ] (0.00002351)
[  0  0  0  1  2  0  0  0  1 ] (0.00025896)
[  0  0  0  1  2  0  0  0  2 ] (0.00060426)
[  0  0  0  1  2  0  0  1  0 ] (0.00003136)
[  0  0  0  1  2  0  0  1  1 ] (0.00044187)
[  0  0  0  1  2  0  0  2  0 ] (0.00515400)
[  0  0  0  1  2  0  1  0  0 ] (0.00004099)
[  0  0  0  1  2  0  1  0  1 ] (0.00055224)
[  0  0  0  1  2  0  1  1  0 ] (0.00003830)
[  0  0  0  1  2  0  2  0  0 ] (0.00002139)
[  0  0  0  1  2  1  0  0  0 ] (0.00003720)
[  0  0  0  1  2  1  0  0  1 ] (0.00073027)
[  0  0  0  1  2  1  0  1  0 ] (0.00015259)
[  0  0  0  1  2  1  1  0  0 ] (0.00000037)
[  0  0  0  1  2  2  0  0  0 ] (0.00000729)
[  0  0  0  1  3  0  0  0  0 ] (0.00000691)
[  0  0  0  1  3  0  0  0  1 ] (0.00019438)
[  0  0  0  1  3  0  0  1  0 ] (0.00031831)
[  0  0  0  1  3  0  1  0  0 ] (0.00002424)
[  0  0  0  1  3  1  0  0  0 ] (0.00000001)
[  0  0  0  1  4  0  0  0  0 ] (0.00000644)
[  0  0  0  2  0  0  0  0  0 ] (0.00000410)
[  0  0  0  2  0  0  0  0  1 ] (0.00003304)
[  0  0  0  2  0  0  0  0  2 ] (0.00011067)
[  0  0  0  2  0  0  0  0  3 ] (0.00796276)
[  0  0  0  2  0  0  0  1  0 ] (0.00000028)
[  0  0  0  2  0  0  0  1  1 ] (0.00008740)
[  0  0  0  2  0  0  0  1  2 ] (0.00023290)
[  0  0  0  2  0  0  0  2  0 ] (0.00002273)
[  0  0  0  2  0  0  0  2  1 ] (0.00038070)
[  0  0  0  2  0  0  0  3  0 ] (0.00026858)
[  0  0  0  2  0  0  1  0  0 ] (0.00000095)
[  0  0  0  2  0  0  1  0  1 ] (0.00039934)
[  0  0  0  2  0  0  1  0  2 ] (0.00002364)
[  0  0  0  2  0  0  1  1  0 ] (0.00000079)
[  0  0  0  2  0  0  1  1  1 ] (0.00001199)
[  0  0  0  2  0  0  1  2  0 ] (0.00036619)
[  0  0  0  2  0  0  2  0  0 ] (0.00238916)
[  0  0  0  2  0  0  2  0  1 ] (0.02013482)
[  0  0  0  2  0  0  2  1  0 ] (0.00328272)
[  0  0  0  2  0  0  3  0  0 ] (0.00006389)
[  0  0  0  2  0  1  0  0  0 ] (0.00001548)
[  0  0  0  2  0  1  0  0  1 ] (0.00013250)
[  0  0  0  2  0  1  0  0  2 ] (0.00003877)
[  0  0  0  2  0  1  0  1  0 ] (0.00004894)
[  0  0  0  2  0  1  0  1  1 ] (0.00000122)
[  0  0  0  2  0  1  0  2  0 ] (0.00024162)
[  0  0  0  2  0  1  1  0  0 ] (0.00000083)
[  0  0  0  2  0  1  1  0  1 ] (0.00090719)
[  0  0  0  2  0  1  1  1  0 ] (0.00106995)
[  0  0  0  2  0  1  2  0  0 ] (0.00042569)
[  0  0  0  2  0  2  0  0  0 ] (0.00000901)
[  0  0  0  2  0  2  0  0  1 ] (0.00018613)
[  0  0  0  2  0  2  0  1  0 ] (0.00000016)
[  0  0  0  2  0  2  1  0  0 ] (0.00000549)
[  0  0  0  2  0  3  0  0  0 ] (0.00002527)
[  0  0  0  2  1  0  0  0  0 ] (0.00000005)
[  0  0  0  2  1  0  0  0  1 ] (0.00015410)
[  0  0  0  2  1  0  0  0  2 ] (0.00043739)
[  0  0  0  2  1  0  0  1  0 ] (0.00012737)
[  0  0  0  2  1  0  0  1  1 ] (0.00072432)
[  0  0  0  2  1  0  0  2  0 ] (0.00021365)
[  0  0  0  2  1  0  1  0  0 ] (0.00000930)
[  0  0  0  2  1  0  1  0  1 ] (0.00000184)
[  0  0  0  2  1  0  1  1  0 ] (0.00016210)
[  0  0  0  2  1  0  2  0  0 ] (0.00002056)
[  0  0  0  2  1  1  0  0  0 ] (0.00001282)
[  0  0  0  2  1  1  0  0  1 ] (0.00090420)
[  0  0  0  2  1  1  0  1  0 ] (0.00101767)
[  0  0  0  2  1  1  1  0  0 ] (0.00001026)
[  0  0  0  2  1  2  0  0  0 ] (0.00000491)
[  0  0  0  2  2  0  0  0  0 ] (0.00000316)
[  0  0  0  2  2  0  0  0  1 ] (0.00005518)
[  0  0  0  2  2  0  0  1  0 ] (0.00003157)
[  0  0  0  2  2  0  1  0  0 ] (0.00000001)
[  0  0  0  2  2  1  0  0  0 ] (0.00000507)
[  0  0  0  2  3  0  0  0  0 ] (0.00000079)
[  0  0  0  3  0  0  0  0  0 ] (0.00000022)
[  0  0  0  3  0  0  0  0  1 ] (0.00003287)
[  0  0  0  3  0  0  0  0  2 ] (0.00009186)
[  0  0  0  3  0  0  0  1  0 ] (0.00003369)
[  0  0  0  3  0  0  0  1  1 ] (0.00083259)
[  0  0  0  3  0  0  0  2  0 ] (0.00000023)
[  0  0  0  3  0  0  1  0  0 ] (0.00000046)
[  0  0  0  3  0  0  1  0  1 ] (0.00006026)
[  0  0  0  3  0  0  1  1  0 ] (0.00005110)
[  0  0  0  3  0  0  2  0  0 ] (0.00002360)
[  0  0  0  3  0  1  0  0  0 ] (0.00001026)
[  0  0  0  3  0  1  0  0  1 ] (0.00023239)
[  0  0  0  3  0  1  0  1  0 ] (0.00001915)
[  0  0  0  3  0  1  1  0  0 ] (0.00000076)
[  0  0  0  3  0  2  0  0  0 ] (0.00000144)
[  0  0  0  3  1  0  0  0  0 ] (0.00000301)
[  0  0  0  3  1  0  0  0  1 ] (0.00003309)
[  0  0  0  3  1  0  0  1  0 ] (0.00033439)
[  0  0  0  3  1  0  1  0  0 ] (0.00000088)
[  0  0  0  3  1  1  0  0  0 ] (0.00000023)
[  0  0  0  3  2  0  0  0  0 ] (0.00000074)
[  0  0  0  4  0  0  0  0  0 ] (0.00000035)
[  0  0  0  4  0  0  0  0  1 ] (0.00009111)
[  0  0  0  4  0  0  0  1  0 ] (0.00000137)
[  0  0  0  4  0  0  1  0  0 ] (0.00002001)
[  0  0  0  4  0  1  0  0  0 ] (0.00000000)
[  0  0  0  4  1  0  0  0  0 ] (0.00000905)
[  0  0  0  5  0  0  0  0  0 ] (0.00000241)
[  0  0  1  0  0  0  0  0  0 ] (0.00000014)
[  0  0  1  0  0  0  0  0  1 ] (0.00003110)
[  0  0  1  0  0  0  0  0  2 ] (0.00000013)
[  0  0  1  0  0  0  0  0  3 ] (0.00014340)
[  0  0  1  0  0  0  0  0  4 ] (0.00000729)
[  0  0  1  0  0  0  0  1  0 ] (0.00000563)
[  0  0  1  0  0  0  0  1  1 ] (0.00001986)
[  0  0  1  0  0  0  0  1  2 ] (0.00000021)
[  0  0  1  0  0  0  0  1  3 ] (0.00000428)
[  0  0  1  0  0  0  0  2  0 ] (0.00000060)
[  0  0  1  0  0  0  0  2  1 ] (0.00000947)
[  0  0  1  0  0  0  0  2  2 ] (0.00000060)
[  0  0  1  0  0  0  0  3  0 ] (0.00000309)
[  0  0  1  0  0  0  0  3  1 ] (0.00001508)
[  0  0  1  0  0  0  0  4  0 ] (0.00002431)
[  0  0  1  0  0  0  1  0  0 ] (0.00000522)
[  0  0  1  0  0  0  1  0  1 ] (0.00037277)
[  0  0  1  0  0  0  1  0  2 ] (0.00114026)
[  0  0  1  0  0  0  1  0  3 ] (0.00015057)
[  0  0  1  0  0  0  1  1  0 ] (0.00000579)
[  0  0  1  0  0  0  1  1  1 ] (0.00035106)
[  0  0  1  0  0  0  1  1  2 ] (0.00007688)
[  0  0  1  0  0  0  1  2  0 ] (0.00008664)
[  0  0  1  0  0  0  1  2  1 ] (0.00007923)
[  0  0  1  0  0  0  1  3  0 ] (0.00003583)
[  0  0  1  0  0  0  2  0  0 ] (0.00000375)
[  0  0  1  0  0  0  2  0  1 ] (0.00000268)
[  0  0  1  0  0  0  2  0  2 ] (0.00011799)
[  0  0  1  0  0  0  2  1  0 ] (0.00000653)
[  0  0  1  0  0  0  2  1  1 ] (0.00020166)
[  0  0  1  0  0  0  2  2  0 ] (0.00000803)
[  0  0  1  0  0  0  3  0  0 ] (0.00000055)
[  0  0  1  0  0  0  3  0  1 ] (0.00034790)
[  0  0  1  0  0  0  3  1  0 ] (0.00006624)
[  0  0  1  0  0  0  4  0  0 ] (0.00263776)
[  0  0  1  0  0  1  0  0  0 ] (0.00000136)
[  0  0  1  0  0  1  0  0  1 ] (0.00014159)
[  0  0  1  0  0  1  0  0  2 ] (0.00000281)
[  0  0  1  0  0  1  0  0  3 ] (0.00004701)
[  0  0  1  0  0  1  0  1  0 ] (0.00001438)
[  0  0  1  0  0  1  0  1  1 ] (0.00001056)
[  0  0  1  0  0  1  0  1  2 ] (0.00000382)
[  0  0  1  0  0  1  0  2  0 ] (0.00004815)
[  0  0  1  0  0  1  0  2  1 ] (0.00001516)
[  0  0  1  0  0  1  0  3  0 ] (0.00071634)
[  0  0  1  0  0  1  1  0  0 ] (0.00002195)
[  0  0  1  0  0  1  1  0  1 ] (0.00009377)
[  0  0  1  0  0  1  1  0  2 ] (0.00011421)
[  0  0  1  0  0  1  1  1  0 ] (0.00007395)
[  0  0  1  0  0  1  1  1  1 ] (0.00007366)
[  0  0  1  0  0  1  1  2  0 ] (0.00012776)
[  0  0  1  0  0  1  2  0  0 ] (0.00000057)
[  0  0  1  0  0  1  2  0  1 ] (0.00001522)
[  0  0  1  0  0  1  2  1  0 ] (0.00024499)
[  0  0  1  0  0  1  3  0  0 ] (0.00006778)
[  0  0  1  0  0  2  0  0  0 ] (0.00000269)
[  0  0  1  0  0  2  0  0  1 ] (0.00010796)
[  0  0  1  0  0  2  0  0  2 ] (0.00013814)
[  0  0  1  0  0  2  0  1  0 ] (0.00001097)
[  0  0  1  0  0  2  0  1  1 ] (0.00001028)
[  0  0  1  0  0  2  0  2  0 ] (0.00001415)
[  0  0  1  0  0  2  1  0  0 ] (0.00000562)
[  0  0  1  0  0  2  1  0  1 ] (0.00024564)
[  0  0  1  0  0  2  1  1  0 ] (0.00111458)
[  0  0  1  0  0  2  2  0  0 ] (0.00001636)
[  0  0  1  0  0  3  0  0  0 ] (0.00000788)
[  0  0  1  0  0  3  0  0  1 ] (0.00031692)
[  0  0  1  0  0  3  0  1  0 ] (0.00009501)
[  0  0  1  0  0  3  1  0  0 ] (0.00000835)
[  0  0  1  0  0  4  0  0  0 ] (0.00001257)
[  0  0  1  0  1  0  0  0  0 ] (0.00001003)
[  0  0  1  0  1  0  0  0  1 ] (0.00007934)
[  0  0  1  0  1  0  0  0  2 ] (0.00009160)
[  0  0  1  0  1  0  0  0  3 ] (0.00009881)
[  0  0  1  0  1  0  0  1  0 ] (0.00001341)
[  0  0  1  0  1  0  0  1  1 ] (0.00050563)
[  0  0  1  0  1  0  0  1  2 ] (0.00074176)
[  0  0  1  0  1  0  0  2  0 ] (0.00017954)
[  0  0  1  0  1  0  0  2  1 ] (0.00043233)
[  0  0  1  0  1  0  0  3  0 ] (0.00081274)
[  0  0  1  0  1  0  1  0  0 ] (0.00003218)
[  0  0  1  0  1  0  1  0  1 ] (0.00035456)
[  0  0  1  0  1  0  1  0  2 ] (0.00010935)
[  0  0  1  0  1  0  1  1  0 ] (0.00011399)
[  0  0  1  0  1  0  1  1  1 ] (0.00006826)
[  0  0  1  0  1  0  1  2  0 ] (0.00010631)
[  0  0  1  0  1  0  2  0  0 ] (0.00000284)
[  0  0  1  0  1  0  2  0  1 ] (0.00000013)
[  0  0  1  0  1  0  2  1  0 ] (0.00089478)
[  0  0  1  0  1  0  3  0  0 ] (0.00015233)
[  0  0  1  0  1  1  0  0  0 ] (0.00000399)
[  0  0  1  0  1  1  0  0  1 ] (0.00002768)
[  0  0  1  0  1  1  0  0  2 ] (0.00034999)
[  0  0  1  0  1  1  0  1  0 ] (0.00004997)
[  0  0  1  0  1  1  0  1  1 ] (0.00000448)
[  0  0  1  0  1  1  0  2  0 ] (0.01319919)
[  0  0  1  0  1  1  1  0  0 ] (0.00009756)
[  0  0  1  0  1  1  1  0  1 ] (0.00018172)
[  0  0  1  0  1  1  1  1  0 ] (0.00015809)
[  0  0  1  0  1  1  2  0  0 ] (0.00000225)
[  0  0  1  0  1  2  0  0  0 ] (0.00000808)
[  0  0  1  0  1  2  0  0  1 ] (0.00006509)
[  0  0  1  0  1  2  0  1  0 ] (0.00000004)
[  0  0  1  0  1  2  1  0  0 ] (0.00002503)
[  0  0  1  0  1  3  0  0  0 ] (0.00000037)
[  0  0  1  0  2  0  0  0  0 ] (0.00000133)
[  0  0  1  0  2  0  0  0  1 ] (0.00007995)
[  0  0  1  0  2  0  0  0  2 ] (0.00007654)
[  0  0  1  0  2  0  0  1  0 ] (0.00000138)
[  0  0  1  0  2  0  0  1  1 ] (0.00001195)
[  0  0  1  0  2  0  0  2  0 ] (0.00017165)
[  0  0  1  0  2  0  1  0  0 ] (0.00003898)
[  0  0  1  0  2  0  1  0  1 ] (0.00037937)
[  0  0  1  0  2  0  1  1  0 ] (0.00002054)
[  0  0  1  0  2  0  2  0  0 ] (0.00000032)
[  0  0  1  0  2  1  0  0  0 ] (0.00000401)
[  0  0  1  0  2  1  0  0  1 ] (0.00018551)
[  0  0  1  0  2  1  0  1  0 ] (0.00000571)
[  0  0  1  0  2  1  1  0  0 ] (0.00001148)
[  0  0  1  0  2  2  0  0  0 ] (0.00000240)
[  0  0  1  0  3  0  0  0  0 ] (0.00000408)
[  0  0  1  0  3  0  0  0  1 ] (0.00022673)
[  0  0  1  0  3  0  0  1  0 ] (0.00000093)
[  0  0  1  0  3  0  1  0  0 ] (0.00000391)
[  0  0  1  0  3  1  0  0  0 ] (0.00000096)
[  0  0  1  0  4  0  0  0  0 ] (0.00005904)
[  0  0  1  1  0  0  0  0  0 ] (0.00000091)
[  0  0  1  1  0  0  0  0  1 ] (0.00014860)
[  0  0  1  1  0  0  0  0  2 ] (0.00039047)
[  0  0  1  1  0  0  0  0  3 ] (0.00004195)
[  0  0  1  1  0  0  0  1  0 ] (0.00000505)
[  0  0  1  1  0  0  0  1  1 ] (0.00030277)
[  0  0  1  1  0  0  0  1  2 ] (0.00037355)
[  0  0  1  1  0  0  0  2  0 ] (0.00003498)
[  0  0  1  1  0  0  0  2  1 ] (0.00001729)
[  0  0  1  1  0  0  0  3  0 ] (0.00000125)
[  0  0  1  1  0  0  1  0  0 ] (0.00000121)
[  0  0  1  1  0  0  1  0  1 ] (0.00000000)
[  0  0  1  1  0  0  1  0  2 ] (0.00014676)
[  0  0  1  1  0  0  1  1  0 ] (0.00004727)
[  0  0  1  1  0  0  1  1  1 ] (0.00000469)
[  0  0  1  1  0  0  1  2  0 ] (0.00013868)
[  0  0  1  1  0  0  2  0  0 ] (0.00005578)
[  0  0  1  1  0  0  2  0  1 ] (0.00035251)
[  0  0  1  1  0  0  2  1  0 ] (0.00001595)
[  0  0  1  1  0  0  3  0  0 ] (0.00022912)
[  0  0  1  1  0  1  0  0  0 ] (0.00000086)
[  0  0  1  1  0  1  0  0  1 ] (0.00005110)
[  0  0  1  1  0  1  0  0  2 ] (0.00453083)
[  0  0  1  1  0  1  0  1  0 ] (0.00005955)
[  0  0  1  1  0  1  0  1  1 ] (0.00198611)
[  0  0  1  1  0  1  0  2  0 ] (0.00064913)
[  0  0  1  1  0  1  1  0  0 ] (0.00000009)
[  0  0  1  1  0  1  1  0  1 ] (0.00000122)
[  0  0  1  1  0  1  1  1  0 ] (0.00000029)
[  0  0  1  1  0  1  2  0  0 ] (0.00011182)
[  0  0  1  1  0  2  0  0  0 ] (0.00000243)
[  0  0  1  1  0  2  0  0  1 ] (0.00025220)
[  0  0  1  1  0  2  0  1  0 ] (0.00008251)
[  0  0  1  1  0  2  1  0  0 ] (0.00001107)
[  0  0  1  1  0  3  0  0  0 ] (0.00000527)
[  0  0  1  1  1  0  0  0  0 ] (0.00003687)
[  0  0  1  1  1  0  0  0  1 ] (0.00112261)
[  0  0  1  1  1  0  0  0  2 ] (0.00352224)
[  0  0  1  1  1  0  0  1  0 ] (0.00012291)
[  0  0  1  1  1  0  0  1  1 ] (0.00003942)
[  0  0  1  1  1  0  0  2  0 ] (0.00041943)
[  0  0  1  1  1  0  1  0  0 ] (0.00001507)
[  0  0  1  1  1  0  1  0  1 ] (0.00002424)
[  0  0  1  1  1  0  1  1  0 ] (0.00051878)
[  0  0  1  1  1  0  2  0  0 ] (0.00029078)
[  0  0  1  1  1  1  0  0  0 ] (0.00020056)
[  0  0  1  1  1  1  0  0  1 ] (0.00595954)
[  0  0  1  1  1  1  0  1  0 ] (0.00080228)
[  0  0  1  1  1  1  1  0  0 ] (0.00012882)
[  0  0  1  1  1  2  0  0  0 ] (0.00005276)
[  0  0  1  1  2  0  0  0  0 ] (0.00010833)
[  0  0  1  1  2  0  0  0  1 ] (0.00053199)
[  0  0  1  1  2  0  0  1  0 ] (0.00059813)
[  0  0  1  1  2  0  1  0  0 ] (0.00018139)
[  0  0  1  1  2  1  0  0  0 ] (0.00007022)
[  0  0  1  1  3  0  0  0  0 ] (0.00001069)
[  0  0  1  2  0  0  0  0  0 ] (0.00001007)
[  0  0  1  2  0  0  0  0  1 ] (0.00011640)
[  0  0  1  2  0  0  0  0  2 ] (0.00001816)
[  0  0  1  2  0  0  0  1  0 ] (0.00000029)
[  0  0  1  2  0  0  0  1  1 ] (0.00005469)
[  0  0  1  2  0  0  0  2  0 ] (0.00001700)
[  0  0  1  2  0  0  1  0  0 ] (0.00012179)
[  0  0  1  2  0  0  1  0  1 ] (0.00064889)
[  0  0  1  2  0  0  1  1  0 ] (0.00004475)
[  0  0  1  2  0  0  2  0  0 ] (0.00011575)
[  0  0  1  2  0  1  0  0  0 ] (0.00001782)
[  0  0  1  2  0  1  0  0  1 ] (0.00035312)
[  0  0  1  2  0  1  0  1  0 ] (0.00000829)
[  0  0  1  2  0  1  1  0  0 ] (0.00006067)
[  0  0  1  2  0  2  0  0  0 ] (0.00001406)
[  0  0  1  2  1  0  0  0  0 ] (0.00001014)
[  0  0  1  2  1  0  0  0  1 ] (0.00029547)
[  0  0  1  2  1  0  0  1  0 ] (0.00006388)
[  0  0  1  2  1  0  1  0  0 ] (0.00000432)
[  0  0  1  2  1  1  0  0  0 ] (0.00000121)
[  0  0  1  2  2  0  0  0  0 ] (0.00000155)
[  0  0  1  3  0  0  0  0  0 ] (0.00000729)
[  0  0  1  3  0  0  0  0  1 ] (0.00020739)
[  0  0  1  3  0  0  0  1  0 ] (0.00000031)
[  0  0  1  3  0  0  1  0  0 ] (0.00000089)
[  0  0  1  3  0  1  0  0  0 ] (0.00000540)
[  0  0  1  3  1  0  0  0  0 ] (0.00000301)
[  0  0  1  4  0  0  0  0  0 ] (0.00000006)
[  0  0  2  0  0  0  0  0  0 ] (0.00000089)
[  0  0  2  0  0  0  0  0  1 ] (0.00000018)
[  0  0  2  0  0  0  0  0  2 ] (0.00004123)
[  0  0  2  0  0  0  0  0  3 ] (0.00139752)
[  0  0  2  0  0  0  0  1  0 ] (0.00002350)
[  0  0  2  0  0  0  0  1  1 ] (0.00005384)
[  0  0  2  0  0  0  0  1  2 ] (0.00013607)
[  0  0  2  0  0  0  0  2  0 ] (0.00001262)
[  0  0  2  0  0  0  0  2  1 ] (0.01111305)
[  0  0  2  0  0  0  0  3  0 ] (0.00027261)
[  0  0  2  0  0  0  1  0  0 ] (0.00001292)
[  0  0  2  0  0  0  1  0  1 ] (0.00003461)
[  0  0  2  0  0  0  1  0  2 ] (0.00687968)
[  0  0  2  0  0  0  1  1  0 ] (0.00052908)
[  0  0  2  0  0  0  1  1  1 ] (0.00015309)
[  0  0  2  0  0  0  1  2  0 ] (0.01834990)
[  0  0  2  0  0  0  2  0  0 ] (0.00443114)
[  0  0  2  0  0  0  2  0  1 ] (0.02871835)
[  0  0  2  0  0  0  2  1  0 ] (0.01198432)
[  0  0  2  0  0  0  3  0  0 ] (0.00007443)
[  0  0  2  0  0  1  0  0  0 ] (0.00000101)
[  0  0  2  0  0  1  0  0  1 ] (0.00003041)
[  0  0  2  0  0  1  0  0  2 ] (0.00000403)
[  0  0  2  0  0  1  0  1  0 ] (0.00000124)
[  0  0  2  0  0  1  0  1  1 ] (0.00182561)
[  0  0  2  0  0  1  0  2  0 ] (0.00000815)
[  0  0  2  0  0  1  1  0  0 ] (0.00003782)
[  0  0  2  0  0  1  1  0  1 ] (0.00124403)
[  0  0  2  0  0  1  1  1  0 ] (0.00032853)
[  0  0  2  0  0  1  2  0  0 ] (0.00094675)
[  0  0  2  0  0  2  0  0  0 ] (0.00000396)
[  0  0  2  0  0  2  0  0  1 ] (0.00003980)
[  0  0  2  0  0  2  0  1  0 ] (0.00000330)
[  0  0  2  0  0  2  1  0  0 ] (0.00000172)
[  0  0  2  0  0  3  0  0  0 ] (0.00000794)
[  0  0  2  0  1  0  0  0  0 ] (0.00000915)
[  0  0  2  0  1  0  0  0  1 ] (0.00000535)
[  0  0  2  0  1  0  0  0  2 ] (0.00016980)
[  0  0  2  0  1  0  0  1  0 ] (0.00012432)
[  0  0  2  0  1  0  0  1  1 ] (0.00301163)
[  0  0  2  0  1  0  0  2  0 ] (0.00010922)
[  0  0  2  0  1  0  1  0  0 ] (0.00003577)
[  0  0  2  0  1  0  1  0  1 ] (0.00053235)
[  0  0  2  0  1  0  1  1  0 ] (0.03216000)
[  0  0  2  0  1  0  2  0  0 ] (0.00006199)
[  0  0  2  0  1  1  0  0  0 ] (0.00000567)
[  0  0  2  0  1  1  0  0  1 ] (0.00001305)
[  0  0  2  0  1  1  0  1  0 ] (0.00003163)
[  0  0  2  0  1  1  1  0  0 ] (0.00002445)
[  0  0  2  0  1  2  0  0  0 ] (0.00000280)
[  0  0  2  0  2  0  0  0  0 ] (0.00000604)
[  0  0  2  0  2  0  0  0  1 ] (0.00000254)
[  0  0  2  0  2  0  0  1  0 ] (0.00003242)
[  0  0  2  0  2  0  1  0  0 ] (0.00000042)
[  0  0  2  0  2  1  0  0  0 ] (0.00000016)
[  0  0  2  0  3  0  0  0  0 ] (0.00006543)
[  0  0  2  1  0  0  0  0  0 ] (0.00000002)
[  0  0  2  1  0  0  0  0  1 ] (0.00001101)
[  0  0  2  1  0  0  0  0  2 ] (0.00000110)
[  0  0  2  1  0  0  0  1  0 ] (0.00009298)
[  0  0  2  1  0  0  0  1  1 ] (0.00063953)
[  0  0  2  1  0  0  0  2  0 ] (0.00001481)
[  0  0  2  1  0  0  1  0  0 ] (0.00004771)
[  0  0  2  1  0  0  1  0  1 ] (0.00041562)
[  0  0  2  1  0  0  1  1  0 ] (0.00023470)
[  0  0  2  1  0  0  2  0  0 ] (0.00013639)
[  0  0  2  1  0  1  0  0  0 ] (0.00000122)
[  0  0  2  1  0  1  0  0  1 ] (0.00002195)
[  0  0  2  1  0  1  0  1  0 ] (0.00005243)
[  0  0  2  1  0  1  1  0  0 ] (0.00001635)
[  0  0  2  1  0  2  0  0  0 ] (0.00000083)
[  0  0  2  1  1  0  0  0  0 ] (0.00000919)
[  0  0  2  1  1  0  0  0  1 ] (0.00028874)
[  0  0  2  1  1  0  0  1  0 ] (0.00001715)
[  0  0  2  1  1  0  1  0  0 ] (0.00007722)
[  0  0  2  1  1  1  0  0  0 ] (0.00001307)
[  0  0  2  1  2  0  0  0  0 ] (0.00000881)
[  0  0  2  2  0  0  0  0  0 ] (0.00000410)
[  0  0  2  2  0  0  0  0  1 ] (0.00006526)
[  0  0  2  2  0  0  0  1  0 ] (0.00000365)
[  0  0  2  2  0  0  1  0  0 ] (0.00000636)
[  0  0  2  2  0  1  0  0  0 ] (0.00000545)
[  0  0  2  2  1  0  0  0  0 ] (0.00000181)
[  0  0  2  3  0  0  0  0  0 ] (0.00000386)
[  0  0  3  0  0  0  0  0  0 ] (0.00000009)
[  0  0  3  0  0  0  0  0  1 ] (0.00000001)
[  0  0  3  0  0  0  0  0  2 ] (0.00009412)
[  0  0  3  0  0  0  0  1  0 ] (0.00000067)
[  0  0  3  0  0  0  0  1  1 ] (0.00000106)
[  0  0  3  0  0  0  0  2  0 ] (0.00001663)
[  0  0  3  0  0  0  1  0  0 ] (0.00003174)
[  0  0  3  0  0  0  1  0  1 ] (0.00010615)
[  0  0  3  0  0  0  1  1  0 ] (0.00006190)
[  0  0  3  0  0  0  2  0  0 ] (0.00000187)
[  0  0  3  0  0  1  0  0  0 ] (0.00000219)
[  0  0  3  0  0  1  0  0  1 ] (0.00004900)
[  0  0  3  0  0  1  0  1  0 ] (0.00002770)
[  0  0  3  0  0  1  1  0  0 ] (0.00000427)
[  0  0  3  0  0  2  0  0  0 ] (0.00000222)
[  0  0  3  0  1  0  0  0  0 ] (0.00000520)
[  0  0  3  0  1  0  0  0  1 ] (0.00000055)
[  0  0  3  0  1  0  0  1  0 ] (0.00005923)
[  0  0  3  0  1  0  1  0  0 ] (0.00001447)
[  0  0  3  0  1  1  0  0  0 ] (0.00000198)
[  0  0  3  0  2  0  0  0  0 ] (0.00000190)
[  0  0  3  1  0  0  0  0  0 ] (0.00000155)
[  0  0  3  1  0  0  0  0  1 ] (0.00002483)
[  0  0  3  1  0  0  0  1  0 ] (0.00000000)
[  0  0  3  1  0  0  1  0  0 ] (0.00000239)
[  0  0  3  1  0  1  0  0  0 ] (0.00000012)
[  0  0  3  1  1  0  0  0  0 ] (0.00000536)
[  0  0  3  2  0  0  0  0  0 ] (0.00000062)
[  0  0  4  0  0  0  0  0  0 ] (0.00000222)
[  0  0  4  0  0  0  0  0  1 ] (0.00002645)
[  0  0  4  0  0  0  0  1  0 ] (0.00001229)
[  0  0  4  0  0  0  1  0  0 ] (0.00011997)
[  0  0  4  0  0  1  0  0  0 ] (0.00000761)
[  0  0  4  0  1  0  0  0  0 ] (0.00000285)
[  0  0  4  1  0  0  0  0  0 ] (0.00000796)
[  0  0  5  0  0  0  0  0  0 ] (0.00000016)
[  0  1  0  0  0  0  0  0  0 ] (0.00000000)
[  0  1  0  0  0  0  0  0  1 ] (0.00003139)
[  0  1  0  0  0  0  0  0  2 ] (0.00006333)
[  0  1  0  0  0  0  0  0  3 ] (0.00027705)
[  0  1  0  0  0  0  0  0  4 ] (0.00001658)
[  0  1  0  0  0  0  0  1  0 ] (0.00000126)
[  0  1  0  0  0  0  0  1  1 ] (0.00000047)
[  0  1  0  0  0  0  0  1  2 ] (0.00011060)
[  0  1  0  0  0  0  0  1  3 ] (0.00002446)
[  0  1  0  0  0  0  0  2  0 ] (0.00004791)
[  0  1  0  0  0  0  0  2  1 ] (0.00010631)
[  0  1  0  0  0  0  0  2  2 ] (0.00000202)
[  0  1  0  0  0  0  0  3  0 ] (0.00000348)
[  0  1  0  0  0  0  0  3  1 ] (0.00001007)
[  0  1  0  0  0  0  0  4  0 ] (0.00007351)
[  0  1  0  0  0  0  1  0  0 ] (0.00000185)
[  0  1  0  0  0  0  1  0  1 ] (0.00007160)
[  0  1  0  0  0  0  1  0  2 ] (0.00328187)
[  0  1  0  0  0  0  1  0  3 ] (0.00019530)
[  0  1  0  0  0  0  1  1  0 ] (0.00009789)
[  0  1  0  0  0  0  1  1  1 ] (0.00653430)
[  0  1  0  0  0  0  1  1  2 ] (0.00051091)
[  0  1  0  0  0  0  1  2  0 ] (0.00004522)
[  0  1  0  0  0  0  1  2  1 ] (0.00012497)
[  0  1  0  0  0  0  1  3  0 ] (0.00000437)
[  0  1  0  0  0  0  2  0  0 ] (0.00004411)
[  0  1  0  0  0  0  2  0  1 ] (0.00054297)
[  0  1  0  0  0  0  2  0  2 ] (0.00016146)
[  0  1  0  0  0  0  2  1  0 ] (0.00000030)
[  0  1  0  0  0  0  2  1  1 ] (0.00018809)
[  0  1  0  0  0  0  2  2  0 ] (0.00014654)
[  0  1  0  0  0  0  3  0  0 ] (0.00000798)
[  0  1  0  0  0  0  3  0  1 ] (0.00086869)
[  0  1  0  0  0  0  3  1  0 ] (0.00283792)
[  0  1  0  0  0  0  4  0  0 ] (0.00750963)
[  0  1  0  0  0  1  0  0  0 ] (0.00000240)
[  0  1  0  0  0  1  0  0  1 ] (0.00005671)
[  0  1  0  0  0  1  0  0  2 ] (0.00001130)
[  0  1  0  0  0  1  0  0  3 ] (0.00084687)
[  0  1  0  0  0  1  0  1  0 ] (0.00002338)
[  0  1  0  0  0  1  0  1  1 ] (0.00028498)
[  0  1  0  0  0  1  0  1  2 ] (0.00020805)
[  0  1  0  0  0  1  0  2  0 ] (0.00000324)
[  0  1  0  0  0  1  0  2  1 ] (0.00000187)
[  0  1  0  0  0  1  0  3  0 ] (0.00189903)
[  0  1  0  0  0  1  1  0  0 ] (0.00000049)
[  0  1  0  0  0  1  1  0  1 ] (0.00036594)
[  0  1  0  0  0  1  1  0  2 ] (0.00001965)
[  0  1  0  0  0  1  1  1  0 ] (0.00016839)
[  0  1  0  0  0  1  1  1  1 ] (0.00001655)
[  0  1  0  0  0  1  1  2  0 ] (0.00001517)
[  0  1  0  0  0  1  2  0  0 ] (0.00008418)
[  0  1  0  0  0  1  2  0  1 ] (0.00123980)
[  0  1  0  0  0  1  2  1  0 ] (0.00034778)
[  0  1  0  0  0  1  3  0  0 ] (0.00028209)
[  0  1  0  0  0  2  0  0  0 ] (0.00000286)
[  0  1  0  0  0  2  0  0  1 ] (0.00006292)
[  0  1  0  0  0  2  0  0  2 ] (0.00000316)
[  0  1  0  0  0  2  0  1  0 ] (0.00000087)
[  0  1  0  0  0  2  0  1  1 ] (0.00100975)
[  0  1  0  0  0  2  0  2  0 ] (0.00001861)
[  0  1  0  0  0  2  1  0  0 ] (0.00013321)
[  0  1  0  0  0  2  1  0  1 ] (0.00289454)
[  0  1  0  0  0  2  1  1  0 ] (0.00124334)
[  0  1  0  0  0  2  2  0  0 ] (0.00000055)
[  0  1  0  0  0  3  0  0  0 ] (0.00000247)
[  0  1  0  0  0  3  0  0  1 ] (0.00021653)
[  0  1  0  0  0  3  0  1  0 ] (0.00000190)
[  0  1  0  0  0  3  1  0  0 ] (0.00007876)
[  0  1  0  0  0  4  0  0  0 ] (0.00000037)
[  0  1  0  0  1  0  0  0  0 ] (0.00000142)
[  0  1  0  0  1  0  0  0  1 ] (0.00000110)
[  0  1  0  0  1  0  0  0  2 ] (0.00090957)
[  0  1  0  0  1  0  0  0  3 ] (0.00002145)
[  0  1  0  0  1  0  0  1  0 ] (0.00005233)
[  0  1  0  0  1  0  0  1  1 ] (0.00001729)
[  0  1  0  0  1  0  0  1  2 ] (0.00004882)
[  0  1  0  0  1  0  0  2  0 ] (0.00012875)
[  0  1  0  0  1  0  0  2  1 ] (0.00017276)
[  0  1  0  0  1  0  0  3  0 ] (0.00000143)
[  0  1  0  0  1  0  1  0  0 ] (0.00000262)
[  0  1  0  0  1  0  1  0  1 ] (0.00004030)
[  0  1  0  0  1  0  1  0  2 ] (0.00034424)
[  0  1  0  0  1  0  1  1  0 ] (0.00012281)
[  0  1  0  0  1  0  1  1  1 ] (0.00001417)
[  0  1  0  0  1  0  1  2  0 ] (0.00002048)
[  0  1  0  0  1  0  2  0  0 ] (0.00003517)
[  0  1  0  0  1  0  2  0  1 ] (0.00015244)
[  0  1  0  0  1  0  2  1  0 ] (0.00070038)
[  0  1  0  0  1  0  3  0  0 ] (0.00000475)
[  0  1  0  0  1  1  0  0  0 ] (0.00001012)
[  0  1  0  0  1  1  0  0  1 ] (0.00014541)
[  0  1  0  0  1  1  0  0  2 ] (0.00933504)
[  0  1  0  0  1  1  0  1  0 ] (0.00003346)
[  0  1  0  0  1  1  0  1  1 ] (0.00007984)
[  0  1  0  0  1  1  0  2  0 ] (0.00919833)
[  0  1  0  0  1  1  1  0  0 ] (0.00000630)
[  0  1  0  0  1  1  1  0  1 ] (0.00002730)
[  0  1  0  0  1  1  1  1  0 ] (0.00024622)
[  0  1  0  0  1  1  2  0  0 ] (0.00010233)
[  0  1  0  0  1  2  0  0  0 ] (0.00000071)
[  0  1  0  0  1  2  0  0  1 ] (0.00002219)
[  0  1  0  0  1  2  0  1  0 ] (0.00011543)
[  0  1  0  0  1  2  1  0  0 ] (0.00002270)
[  0  1  0  0  1  3  0  0  0 ] (0.00000377)
[  0  1  0  0  2  0  0  0  0 ] (0.00000403)
[  0  1  0  0  2  0  0  0  1 ] (0.00007761)
[  0  1  0  0  2  0  0  0  2 ] (0.00033531)
[  0  1  0  0  2  0  0  1  0 ] (0.00000127)
[  0  1  0  0  2  0  0  1  1 ] (0.00023039)
[  0  1  0  0  2  0  0  2  0 ] (0.00019471)
[  0  1  0  0  2  0  1  0  0 ] (0.00003960)
[  0  1  0  0  2  0  1  0  1 ] (0.00037437)
[  0  1  0  0  2  0  1  1  0 ] (0.00035983)
[  0  1  0  0  2  0  2  0  0 ] (0.00001128)
[  0  1  0  0  2  1  0  0  0 ] (0.00001122)
[  0  1  0  0  2  1  0  0  1 ] (0.00011769)
[  0  1  0  0  2  1  0  1  0 ] (0.00000107)
[  0  1  0  0  2  1  1  0  0 ] (0.00000566)
[  0  1  0  0  2  2  0  0  0 ] (0.00000559)
[  0  1  0  0  3  0  0  0  0 ] (0.00000373)
[  0  1  0  0  3  0  0  0  1 ] (0.00010597)
[  0  1  0  0  3  0  0  1  0 ] (0.00000030)
[  0  1  0  0  3  0  1  0  0 ] (0.00000041)
[  0  1  0  0  3  1  0  0  0 ] (0.00000738)
[  0  1  0  0  4  0  0  0  0 ] (0.00001245)
[  0  1  0  1  0  0  0  0  0 ] (0.00000020)
[  0  1  0  1  0  0  0  0  1 ] (0.00003619)
[  0  1  0  1  0  0  0  0  2 ] (0.00005697)
[  0  1  0  1  0  0  0  0  3 ] (0.00000189)
[  0  1  0  1  0  0  0  1  0 ] (0.00001472)
[  0  1  0  1  0  0  0  1  1 ] (0.00003364)
[  0  1  0  1  0  0  0  1  2 ] (0.00002203)
[  0  1  0  1  0  0  0  2  0 ] (0.00003838)
[  0  1  0  1  0  0  0  2  1 ] (0.00016350)
[  0  1  0  1  0  0  0  3  0 ] (0.00008456)
[  0  1  0  1  0  0  1  0  0 ] (0.00001042)
[  0  1  0  1  0  0  1  0  1 ] (0.00021154)
[  0  1  0  1  0  0  1  0  2 ] (0.00010178)
[  0  1  0  1  0  0  1  1  0 ] (0.00028051)
[  0  1  0  1  0  0  1  1  1 ] (0.00049135)
[  0  1  0  1  0  0  1  2  0 ] (0.00071642)
[  0  1  0  1  0  0  2  0  0 ] (0.00000138)
[  0  1  0  1  0  0  2  0  1 ] (0.00004347)
[  0  1  0  1  0  0  2  1  0 ] (0.00040574)
[  0  1  0  1  0  0  3  0  0 ] (0.00000002)
[  0  1  0  1  0  1  0  0  0 ] (0.00000204)
[  0  1  0  1  0  1  0  0  1 ] (0.00001834)
[  0  1  0  1  0  1  0  0  2 ] (0.00000553)
[  0  1  0  1  0  1  0  1  0 ] (0.00000043)
[  0  1  0  1  0  1  0  1  1 ] (0.00082068)
[  0  1  0  1  0  1  0  2  0 ] (0.00039014)
[  0  1  0  1  0  1  1  0  0 ] (0.00006688)
[  0  1  0  1  0  1  1  0  1 ] (0.00260305)
[  0  1  0  1  0  1  1  1  0 ] (0.00073726)
[  0  1  0  1  0  1  2  0  0 ] (0.00000655)
[  0  1  0  1  0  2  0  0  0 ] (0.00000991)
[  0  1  0  1  0  2  0  0  1 ] (0.00003850)
[  0  1  0  1  0  2  0  1  0 ] (0.00000008)
[  0  1  0  1  0  2  1  0  0 ] (0.00001446)
[  0  1  0  1  0  3  0  0  0 ] (0.00000787)
[  0  1  0  1  1  0  0  0  0 ] (0.00003835)
[  0  1  0  1  1  0  0  0  1 ] (0.00110729)
[  0  1  0  1  1  0  0  0  2 ] (0.00874760)
[  0  1  0  1  1  0  0  1  0 ] (0.00005274)
[  0  1  0  1  1  0  0  1  1 ] (0.00008304)
[  0  1  0  1  1  0  0  2  0 ] (0.02990168)
[  0  1  0  1  1  0  1  0  0 ] (0.00000316)
[  0  1  0  1  1  0  1  0  1 ] (0.00189167)
[  0  1  0  1  1  0  1  1  0 ] (0.00002018)
[  0  1  0  1  1  0  2  0  0 ] (0.00014054)
[  0  1  0  1  1  1  0  0  0 ] (0.00001910)
[  0  1  0  1  1  1  0  0  1 ] (0.00070321)
[  0  1  0  1  1  1  0  1  0 ] (0.00044405)
[  0  1  0  1  1  1  1  0  0 ] (0.00001407)
[  0  1  0  1  1  2  0  0  0 ] (0.00001064)
[  0  1  0  1  2  0  0  0  0 ] (0.00001317)
[  0  1  0  1  2  0  0  0  1 ] (0.00016138)
[  0  1  0  1  2  0  0  1  0 ] (0.00024904)
[  0  1  0  1  2  0  1  0  0 ] (0.00000525)
[  0  1  0  1  2  1  0  0  0 ] (0.00002349)
[  0  1  0  1  3  0  0  0  0 ] (0.00000364)
[  0  1  0  2  0  0  0  0  0 ] (0.00000122)
[  0  1  0  2  0  0  0  0  1 ] (0.00004025)
[  0  1  0  2  0  0  0  0  2 ] (0.00001121)
[  0  1  0  2  0  0  0  1  0 ] (0.00007882)
[  0  1  0  2  0  0  0  1  1 ] (0.00044525)
[  0  1  0  2  0  0  0  2  0 ] (0.00003559)
[  0  1  0  2  0  0  1  0  0 ] (0.00000639)
[  0  1  0  2  0  0  1  0  1 ] (0.00020734)
[  0  1  0  2  0  0  1  1  0 ] (0.00073526)
[  0  1  0  2  0  0  2  0  0 ] (0.00004548)
[  0  1  0  2  0  1  0  0  0 ] (0.00000401)
[  0  1  0  2  0  1  0  0  1 ] (0.00005920)
[  0  1  0  2  0  1  0  1  0 ] (0.00000236)
[  0  1  0  2  0  1  1  0  0 ] (0.00001673)
[  0  1  0  2  0  2  0  0  0 ] (0.00000297)
[  0  1  0  2  1  0  0  0  0 ] (0.00000000)
[  0  1  0  2  1  0  0  0  1 ] (0.00000000)
[  0  1  0  2  1  0  0  1  0 ] (0.00005454)
[  0  1  0  2  1  0  1  0  0 ] (0.00000025)
[  0  1  0  2  1  1  0  0  0 ] (0.00000113)
[  0  1  0  2  2  0  0  0  0 ] (0.00000143)
[  0  1  0  3  0  0  0  0  0 ] (0.00000363)
[  0  1  0  3  0  0  0  0  1 ] (0.00008247)
[  0  1  0  3  0  0  0  1  0 ] (0.00000004)
[  0  1  0  3  0  0  1  0  0 ] (0.00000810)
[  0  1  0  3  0  1  0  0  0 ] (0.00000247)
[  0  1  0  3  1  0  0  0  0 ] (0.00000065)
[  0  1  0  4  0  0  0  0  0 ] (0.00000009)
[  0  1  1  0  0  0  0  0  0 ] (0.00000416)
[  0  1  1  0  0  0  0  0  1 ] (0.00001042)
[  0  1  1  0  0  0  0  0  2 ] (0.00009151)
[  0  1  1  0  0  0  0  0  3 ] (0.00318809)
[  0  1  1  0  0  0  0  1  0 ] (0.00000250)
[  0  1  1  0  0  0  0  1  1 ] (0.00000000)
[  0  1  1  0  0  0  0  1  2 ] (0.00002067)
[  0  1  1  0  0  0  0  2  0 ] (0.00008461)
[  0  1  1  0  0  0  0  2  1 ] (0.00060036)
[  0  1  1  0  0  0  0  3  0 ] (0.00005022)
[  0  1  1  0  0  0  1  0  0 ] (0.00000076)
[  0  1  1  0  0  0  1  0  1 ] (0.00019717)
[  0  1  1  0  0  0  1  0  2 ] (0.00076389)
[  0  1  1  0  0  0  1  1  0 ] (0.00000074)
[  0  1  1  0  0  0  1  1  1 ] (0.00007525)
[  0  1  1  0  0  0  1  2  0 ] (0.00003085)
[  0  1  1  0  0  0  2  0  0 ] (0.00095607)
[  0  1  1  0  0  0  2  0  1 ] (0.00944004)
[  0  1  1  0  0  0  2  1  0 ] (0.00285508)
[  0  1  1  0  0  0  3  0  0 ] (0.00003480)
[  0  1  1  0  0  1  0  0  0 ] (0.00000051)
[  0  1  1  0  0  1  0  0  1 ] (0.00003096)
[  0  1  1  0  0  1  0  0  2 ] (0.00022721)
[  0  1  1  0  0  1  0  1  0 ] (0.00001215)
[  0  1  1  0  0  1  0  1  1 ] (0.00004071)
[  0  1  1  0  0  1  0  2  0 ] (0.00066665)
[  0  1  1  0  0  1  1  0  0 ] (0.00000039)
[  0  1  1  0  0  1  1  0  1 ] (0.00013580)
[  0  1  1  0  0  1  1  1  0 ] (0.00001858)
[  0  1  1  0  0  1  2  0  0 ] (0.00005676)
[  0  1  1  0  0  2  0  0  0 ] (0.00000522)
[  0  1  1  0  0  2  0  0  1 ] (0.00000485)
[  0  1  1  0  0  2  0  1  0 ] (0.00000264)
[  0  1  1  0  0  2  1  0  0 ] (0.00000434)
[  0  1  1  0  0  3  0  0  0 ] (0.00000014)
[  0  1  1  0  1  0  0  0  0 ] (0.00000287)
[  0  1  1  0  1  0  0  0  1 ] (0.00005339)
[  0  1  1  0  1  0  0  0  2 ] (0.00059375)
[  0  1  1  0  1  0  0  1  0 ] (0.00003326)
[  0  1  1  0  1  0  0  1  1 ] (0.00016800)
[  0  1  1  0  1  0  0  2  0 ] (0.00028406)
[  0  1  1  0  1  0  1  0  0 ] (0.00004470)
[  0  1  1  0  1  0  1  0  1 ] (0.00067376)
[  0  1  1  0  1  0  1  1  0 ] (0.00112546)
[  0  1  1  0  1  0  2  0  0 ] (0.00009033)
[  0  1  1  0  1  1  0  0  0 ] (0.00001717)
[  0  1  1  0  1  1  0  0  1 ] (0.00022627)
[  0  1  1  0  1  1  0  1  0 ] (0.00000636)
[  0  1  1  0  1  1  1  0  0 ] (0.00000578)
[  0  1  1  0  1  2  0  0  0 ] (0.00000684)
[  0  1  1  0  2  0  0  0  0 ] (0.00001212)
[  0  1  1  0  2  0  0  0  1 ] (0.00010477)
[  0  1  1  0  2  0  0  1  0 ] (0.00000491)
[  0  1  1  0  2  0  1  0  0 ] (0.00000093)
[  0  1  1  0  2  1  0  0  0 ] (0.00000789)
[  0  1  1  0  3  0  0  0  0 ] (0.00001339)
[  0  1  1  1  0  0  0  0  0 ] (0.00001032)
[  0  1  1  1  0  0  0  0  1 ] (0.00001447)
[  0  1  1  1  0  0  0  0  2 ] (0.00002089)
[  0  1  1  1  0  0  0  1  0 ] (0.00001221)
[  0  1  1  1  0  0  0  1  1 ] (0.00091483)
[  0  1  1  1  0  0  0  2  0 ] (0.00065294)
[  0  1  1  1  0  0  1  0  0 ] (0.00090314)
[  0  1  1  1  0  0  1  0  1 ] (0.01164065)
[  0  1  1  1  0  0  1  1  0 ] (0.00122943)
[  0  1  1  1  0  0  2  0  0 ] (0.00000019)
[  0  1  1  1  0  1  0  0  0 ] (0.00000319)
[  0  1  1  1  0  1  0  0  1 ] (0.00000705)
[  0  1  1  1  0  1  0  1  0 ] (0.00000010)
[  0  1  1  1  0  1  1  0  0 ] (0.00009367)
[  0  1  1  1  0  2  0  0  0 ] (0.00000002)
[  0  1  1  1  1  0  0  0  0 ] (0.00003435)
[  0  1  1  1  1  0  0  0  1 ] (0.00084698)
[  0  1  1  1  1  0  0  1  0 ] (0.00000433)
[  0  1  1  1  1  0  1  0  0 ] (0.00007527)
[  0  1  1  1  1  1  0  0  0 ] (0.00004140)
[  0  1  1  1  2  0  0  0  0 ] (0.00000900)
[  0  1  1  2  0  0  0  0  0 ] (0.00000223)
[  0  1  1  2  0  0  0  0  1 ] (0.00001465)
[  0  1  1  2  0  0  0  1  0 ] (0.00000042)
[  0  1  1  2  0  0  1  0  0 ] (0.00000000)
[  0  1  1  2  0  1  0  0  0 ] (0.00000126)
[  0  1  1  2  1  0  0  0  0 ] (0.00000032)
[  0  1  1  3  0  0  0  0  0 ] (0.00000101)
[  0  1  2  0  0  0  0  0  0 ] (0.00000274)
[  0  1  2  0  0  0  0  0  1 ] (0.00003265)
[  0  1  2  0  0  0  0  0  2 ] (0.00005205)
[  0  1  2  0  0  0  0  1  0 ] (0.00011023)
[  0  1  2  0  0  0  0  1  1 ] (0.00052844)
[  0  1  2  0  0  0  0  2  0 ] (0.00001042)
[  0  1  2  0  0  0  1  0  0 ] (0.00003010)
[  0  1  2  0  0  0  1  0  1 ] (0.00019480)
[  0  1  2  0  0  0  1  1  0 ] (0.00135471)
[  0  1  2  0  0  0  2  0  0 ] (0.00000704)
[  0  1  2  0  0  1  0  0  0 ] (0.00000009)
[  0  1  2  0  0  1  0  0  1 ] (0.00001415)
[  0  1  2  0  0  1  0  1  0 ] (0.00001091)
[  0  1  2  0  0  1  1  0  0 ] (0.00002289)
[  0  1  2  0  0  2  0  0  0 ] (0.00000009)
[  0  1  2  0  1  0  0  0  0 ] (0.00000586)
[  0  1  2  0  1  0  0  0  1 ] (0.00000424)
[  0  1  2  0  1  0  0  1  0 ] (0.00005982)
[  0  1  2  0  1  0  1  0  0 ] (0.00000044)
[  0  1  2  0  1  1  0  0  0 ] (0.00000316)
[  0  1  2  0  2  0  0  0  0 ] (0.00000035)
[  0  1  2  1  0  0  0  0  0 ] (0.00000380)
[  0  1  2  1  0  0  0  0  1 ] (0.00000028)
[  0  1  2  1  0  0  0  1  0 ] (0.00000135)
[  0  1  2  1  0  0  1  0  0 ] (0.00000133)
[  0  1  2  1  0  1  0  0  0 ] (0.00000001)
[  0  1  2  1  1  0  0  0  0 ] (0.00000315)
[  0  1  2  2  0  0  0  0  0 ] (0.00000119)
[  0  1  3  0  0  0  0  0  0 ] (0.00000164)
[  0  1  3  0  0  0  0  0  1 ] (0.00003558)
[  0  1  3  0  0  0  0  1  0 ] (0.00000028)
[  0  1  3  0  0  0  1  0  0 ] (0.00000021)
[  0  1  3  0  0  1  0  0  0 ] (0.00000154)
[  0  1  3  0  1  0  0  0  0 ] (0.00000004)
[  0  1  3  1  0  0  0  0  0 ] (0.00000521)
[  0  1  4  0  0  0  0  0  0 ] (0.00000209)
[  0  2  0  0  0  0  0  0  0 ] (0.00000065)
[  0  2  0  0  0  0  0  0  1 ] (0.00000004)
[  0  2  0  0  0  0  0  0  2 ] (0.00012746)
[  0  2  0  0  0  0  0  0  3 ] (0.00016606)
[  0  2  0  0  0  0  0  1  0 ] (0.00000739)
[  0  2  0  0  0  0  0  1  1 ] (0.00000001)
[  0  2  0  0  0  0  0  1  2 ] (0.00053970)
[  0  2  0  0  0  0  0  2  0 ] (0.00000056)
[  0  2  0  0  0  0  0  2  1 ] (0.00239719)
[  0  2  0  0  0  0  0  3  0 ] (0.00006430)
[  0  2  0  0  0  0  1  0  0 ] (0.00003720)
[  0  2  0  0  0  0  1  0  1 ] (0.00034168)
[  0  2  0  0  0  0  1  0  2 ] (0.01218917)
[  0  2  0  0  0  0  1  1  0 ] (0.00006740)
[  0  2  0  0  0  0  1  1  1 ] (0.00013736)
[  0  2  0  0  0  0  1  2  0 ] (0.00353902)
[  0  2  0  0  0  0  2  0  0 ] (0.00000009)
[  0  2  0  0  0  0  2  0  1 ] (0.00000861)
[  0  2  0  0  0  0  2  1  0 ] (0.00016404)
[  0  2  0  0  0  0  3  0  0 ] (0.00015821)
[  0  2  0  0  0  1  0  0  0 ] (0.00000159)
[  0  2  0  0  0  1  0  0  1 ] (0.00000048)
[  0  2  0  0  0  1  0  0  2 ] (0.00009690)
[  0  2  0  0  0  1  0  1  0 ] (0.00004019)
[  0  2  0  0  0  1  0  1  1 ] (0.00033654)
[  0  2  0  0  0  1  0  2  0 ] (0.00009294)
[  0  2  0  0  0  1  1  0  0 ] (0.00000138)
[  0  2  0  0  0  1  1  0  1 ] (0.00003624)
[  0  2  0  0  0  1  1  1  0 ] (0.00001610)
[  0  2  0  0  0  1  2  0  0 ] (0.00000015)
[  0  2  0  0  0  2  0  0  0 ] (0.00000110)
[  0  2  0  0  0  2  0  0  1 ] (0.00000036)
[  0  2  0  0  0  2  0  1  0 ] (0.00000520)
[  0  2  0  0  0  2  1  0  0 ] (0.00000033)
[  0  2  0  0  0  3  0  0  0 ] (0.00000085)
[  0  2  0  0  1  0  0  0  0 ] (0.00000023)
[  0  2  0  0  1  0  0  0  1 ] (0.00000465)
[  0  2  0  0  1  0  0  0  2 ] (0.00001239)
[  0  2  0  0  1  0  0  1  0 ] (0.00003053)
[  0  2  0  0  1  0  0  1  1 ] (0.00295054)
[  0  2  0  0  1  0  0  2  0 ] (0.00002617)
[  0  2  0  0  1  0  1  0  0 ] (0.00000017)
[  0  2  0  0  1  0  1  0  1 ] (0.00001129)
[  0  2  0  0  1  0  1  1  0 ] (0.00069910)
[  0  2  0  0  1  0  2  0  0 ] (0.00001594)
[  0  2  0  0  1  1  0  0  0 ] (0.00000005)
[  0  2  0  0  1  1  0  0  1 ] (0.00000202)
[  0  2  0  0  1  1  0  1  0 ] (0.00004905)
[  0  2  0  0  1  1  1  0  0 ] (0.00001297)
[  0  2  0  0  1  2  0  0  0 ] (0.00000007)
[  0  2  0  0  2  0  0  0  0 ] (0.00000009)
[  0  2  0  0  2  0  0  0  1 ] (0.00000199)
[  0  2  0  0  2  0  0  1  0 ] (0.00000339)
[  0  2  0  0  2  0  1  0  0 ] (0.00000127)
[  0  2  0  0  2  1  0  0  0 ] (0.00000015)
[  0  2  0  0  3  0  0  0  0 ] (0.00000002)
[  0  2  0  1  0  0  0  0  0 ] (0.00000011)
[  0  2  0  1  0  0  0  0  1 ] (0.00000039)
[  0  2  0  1  0  0  0  0  2 ] (0.00000400)
[  0  2  0  1  0  0  0  1  0 ] (0.00023346)
[  0  2  0  1  0  0  0  1  1 ] (0.00257293)
[  0  2  0  1  0  0  0  2  0 ] (0.00000003)
[  0  2  0  1  0  0  1  0  0 ] (0.00000262)
[  0  2  0  1  0  0  1  0  1 ] (0.00000854)
[  0  2  0  1  0  0  1  1  0 ] (0.00083267)
[  0  2  0  1  0  0  2  0  0 ] (0.00000297)
[  0  2  0  1  0  1  0  0  0 ] (0.00000008)
[  0  2  0  1  0  1  0  0  1 ] (0.00000004)
[  0  2  0  1  0  1  0  1  0 ] (0.00002799)
[  0  2  0  1  0  1  1  0  0 ] (0.00000034)
[  0  2  0  1  0  2  0  0  0 ] (0.00000009)
[  0  2  0  1  1  0  0  0  0 ] (0.00000757)
[  0  2  0  1  1  0  0  0  1 ] (0.00001244)
[  0  2  0  1  1  0  0  1  0 ] (0.00012951)
[  0  2  0  1  1  0  1  0  0 ] (0.00000022)
[  0  2  0  1  1  1  0  0  0 ] (0.00000000)
[  0  2  0  1  2  0  0  0  0 ] (0.00000133)
[  0  2  0  2  0  0  0  0  0 ] (0.00000230)
[  0  2  0  2  0  0  0  0  1 ] (0.00000588)
[  0  2  0  2  0  0  0  1  0 ] (0.00000205)
[  0  2  0  2  0  0  1  0  0 ] (0.00000199)
[  0  2  0  2  0  1  0  0  0 ] (0.00000073)
[  0  2  0  2  1  0  0  0  0 ] (0.00000003)
[  0  2  0  3  0  0  0  0  0 ] (0.00000226)
[  0  2  1  0  0  0  0  0  0 ] (0.00000042)
[  0  2  1  0  0  0  0  0  1 ] (0.00000385)
[  0  2  1  0  0  0  0  0  2 ] (0.00000432)
[  0  2  1  0  0  0  0  1  0 ] (0.00015669)
[  0  2  1  0  0  0  0  1  1 ] (0.00190254)
[  0  2  1  0  0  0  0  2  0 ] (0.00000511)
[  0  2  1  0  0  0  1  0  0 ] (0.00001013)
[  0  2  1  0  0  0  1  0  1 ] (0.00004060)
[  0  2  1  0  0  0  1  1  0 ] (0.00041317)
[  0  2  1  0  0  0  2  0  0 ] (0.00000030)
[  0  2  1  0  0  1  0  0  0 ] (0.00000005)
[  0  2  1  0  0  1  0  0  1 ] (0.00000017)
[  0  2  1  0  0  1  0  1  0 ] (0.00002686)
[  0  2  1  0  0  1  1  0  0 ] (0.00000014)
[  0  2  1  0  0  2  0  0  0 ] (0.00000001)
[  0  2  1  0  1  0  0  0  0 ] (0.00000344)
[  0  2  1  0  1  0  0  0  1 ] (0.00002713)
[  0  2  1  0  1  0  0  1  0 ] (0.00001235)
[  0  2  1  0  1  0  1  0  0 ] (0.00001721)
[  0  2  1  0  1  1  0  0  0 ] (0.00000138)
[  0  2  1  0  2  0  0  0  0 ] (0.00000004)
[  0  2  1  1  0  0  0  0  0 ] (0.00001010)
[  0  2  1  1  0  0  0  0  1 ] (0.00004852)
[  0  2  1  1  0  0  0  1  0 ] (0.00000308)
[  0  2  1  1  0  0  1  0  0 ] (0.00001101)
[  0  2  1  1  0  1  0  0  0 ] (0.00000064)
[  0  2  1  1  1  0  0  0  0 ] (0.00000455)
[  0  2  1  2  0  0  0  0  0 ] (0.00000011)
[  0  2  2  0  0  0  0  0  0 ] (0.00000017)
[  0  2  2  0  0  0  0  0  1 ] (0.00000122)
[  0  2  2  0  0  0  0  1  0 ] (0.00000358)
[  0  2  2  0  0  0  1  0  0 ] (0.00000000)
[  0  2  2  0  0  1  0  0  0 ] (0.00000059)
[  0  2  2  0  1  0  0  0  0 ] (0.00000008)
[  0  2  2  1  0  0  0  0  0 ] (0.00000007)
[  0  2  3  0  0  0  0  0  0 ] (0.00000010)
[  0  3  0  0  0  0  0  0  0 ] (0.00000004)
[  0  3  0  0  0  0  0  0  1 ] (0.00000557)
[  0  3  0  0  0  0  0  0  2 ] (0.00000538)
[  0  3  0  0  0  0  0  1  0 ] (0.00001727)
[  0  3  0  0  0  0  0  1  1 ] (0.00026969)
[  0  3  0  0  0  0  0  2  0 ] (0.00000026)
[  0  3  0  0  0  0  1  0  0 ] (0.00000376)
[  0  3  0  0  0  0  1  0  1 ] (0.00003620)
[  0  3  0  0  0  0  1  1  0 ] (0.00000024)
[  0  3  0  0  0  0  2  0  0 ] (0.00000057)
[  0  3  0  0  0  1  0  0  0 ] (0.00000007)
[  0  3  0  0  0  1  0  0  1 ] (0.00002678)
[  0  3  0  0  0  1  0  1  0 ] (0.00000000)
[  0  3  0  0  0  1  1  0  0 ] (0.00000130)
[  0  3  0  0  0  2  0  0  0 ] (0.00000030)
[  0  3  0  0  1  0  0  0  0 ] (0.00000135)
[  0  3  0  0  1  0  0  0  1 ] (0.00001020)
[  0  3  0  0  1  0  0  1  0 ] (0.00000595)
[  0  3  0  0  1  0  1  0  0 ] (0.00000018)
[  0  3  0  0  1  1  0  0  0 ] (0.00000528)
[  0  3  0  0  2  0  0  0  0 ] (0.00000060)
[  0  3  0  1  0  0  0  0  0 ] (0.00000019)
[  0  3  0  1  0  0  0  0  1 ] (0.00000409)
[  0  3  0  1  0  0  0  1  0 ] (0.00001165)
[  0  3  0  1  0  0  1  0  0 ] (0.00000098)
[  0  3  0  1  0  1  0  0  0 ] (0.00000001)
[  0  3  0  1  1  0  0  0  0 ] (0.00000006)
[  0  3  0  2  0  0  0  0  0 ] (0.00000044)
[  0  3  1  0  0  0  0  0  0 ] (0.00000008)
[  0  3  1  0  0  0  0  0  1 ] (0.00000089)
[  0  3  1  0  0  0  0  1  0 ] (0.00000012)
[  0  3  1  0  0  0  1  0  0 ] (0.00000943)
[  0  3  1  0  0  1  0  0  0 ] (0.00000000)
[  0  3  1  0  1  0  0  0  0 ] (0.00000033)
[  0  3  1  1  0  0  0  0  0 ] (0.00000700)
[  0  3  2  0  0  0  0  0  0 ] (0.00000012)
[  0  4  0  0  0  0  0  0  0 ] (0.00000004)
[  0  4  0  0  0  0  0  0  1 ] (0.00000450)
[  0  4  0  0  0  0  0  1  0 ] (0.00000281)
[  0  4  0  0  0  0  1  0  0 ] (0.00000003)
[  0  4  0  0  0  1  0  0  0 ] (0.00000152)
[  0  4  0  0  1  0  0  0  0 ] (0.00000009)
[  0  4  0  1  0  0  0  0  0 ] (0.00000005)
[  0  4  1  0  0  0  0  0  0 ] (0.00000005)
[  0  5  0  0  0  0  0  0  0 ] (0.00000000)
[  1  0  0  0  0  0  0  0  0 ] (0.00000528)
[  1  0  0  0  0  0  0  0  1 ] (0.00002368)
[  1  0  0  0  0  0  0  0  2 ] (0.00006220)
[  1  0  0  0  0  0  0  0  3 ] (0.00048701)
[  1  0  0  0  0  0  0  0  4 ] (0.00010998)
[  1  0  0  0  0  0  0  1  0 ] (0.00000164)
[  1  0  0  0  0  0  0  1  1 ] (0.00003862)
[  1  0  0  0  0  0  0  1  2 ] (0.00039200)
[  1  0  0  0  0  0  0  1  3 ] (0.00000116)
[  1  0  0  0  0  0  0  2  0 ] (0.00008622)
[  1  0  0  0  0  0  0  2  1 ] (0.00044548)
[  1  0  0  0  0  0  0  2  2 ] (0.00004381)
[  1  0  0  0  0  0  0  3  0 ] (0.00000260)
[  1  0  0  0  0  0  0  3  1 ] (0.00001621)
[  1  0  0  0  0  0  0  4  0 ] (0.00020728)
[  1  0  0  0  0  0  1  0  0 ] (0.00009506)
[  1  0  0  0  0  0  1  0  1 ] (0.00041474)
[  1  0  0  0  0  0  1  0  2 ] (0.01076897)
[  1  0  0  0  0  0  1  0  3 ] (0.00167313)
[  1  0  0  0  0  0  1  1  0 ] (0.00010050)
[  1  0  0  0  0  0  1  1  1 ] (0.00280997)
[  1  0  0  0  0  0  1  1  2 ] (0.00016170)
[  1  0  0  0  0  0  1  2  0 ] (0.00007521)
[  1  0  0  0  0  0  1  2  1 ] (0.00001759)
[  1  0  0  0  0  0  1  3  0 ] (0.00001015)
[  1  0  0  0  0  0  2  0  0 ] (0.00000507)
[  1  0  0  0  0  0  2  0  1 ] (0.00008116)
[  1  0  0  0  0  0  2  0  2 ] (0.00004688)
[  1  0  0  0  0  0  2  1  0 ] (0.00000790)
[  1  0  0  0  0  0  2  1  1 ] (0.00000111)
[  1  0  0  0  0  0  2  2  0 ] (0.00013830)
[  1  0  0  0  0  0  3  0  0 ] (0.00042204)
[  1  0  0  0  0  0  3  0  1 ] (0.01540985)
[  1  0  0  0  0  0  3  1  0 ] (0.00017670)
[  1  0  0  0  0  0  4  0  0 ] (0.00696107)
[  1  0  0  0  0  1  0  0  0 ] (0.00000230)
[  1  0  0  0  0  1  0  0  1 ] (0.00000115)
[  1  0  0  0  0  1  0  0  2 ] (0.00017623)
[  1  0  0  0  0  1  0  0  3 ] (0.00025702)
[  1  0  0  0  0  1  0  1  0 ] (0.00000009)
[  1  0  0  0  0  1  0  1  1 ] (0.00009785)
[  1  0  0  0  0  1  0  1  2 ] (0.00000409)
[  1  0  0  0  0  1  0  2  0 ] (0.00000557)
[  1  0  0  0  0  1  0  2  1 ] (0.00029487)
[  1  0  0  0  0  1  0  3  0 ] (0.00004384)
[  1  0  0  0  0  1  1  0  0 ] (0.00004811)
[  1  0  0  0  0  1  1  0  1 ] (0.00063292)
[  1  0  0  0  0  1  1  0  2 ] (0.00594698)
[  1  0  0  0  0  1  1  1  0 ] (0.00000036)
[  1  0  0  0  0  1  1  1  1 ] (0.00030810)
[  1  0  0  0  0  1  1  2  0 ] (0.00005382)
[  1  0  0  0  0  1  2  0  0 ] (0.00125378)
[  1  0  0  0  0  1  2  0  1 ] (0.00960868)
[  1  0  0  0  0  1  2  1  0 ] (0.00144143)
[  1  0  0  0  0  1  3  0  0 ] (0.00008352)
[  1  0  0  0  0  2  0  0  0 ] (0.00000287)
[  1  0  0  0  0  2  0  0  1 ] (0.00004437)
[  1  0  0  0  0  2  0  0  2 ] (0.00007166)
[  1  0  0  0  0  2  0  1  0 ] (0.00009958)
[  1  0  0  0  0  2  0  1  1 ] (0.00159238)
[  1  0  0  0  0  2  0  2  0 ] (0.00008383)
[  1  0  0  0  0  2  1  0  0 ] (0.00013048)
[  1  0  0  0  0  2  1  0  1 ] (0.00097668)
[  1  0  0  0  0  2  1  1  0 ] (0.00126452)
[  1  0  0  0  0  2  2  0  0 ] (0.00011702)
[  1  0  0  0  0  3  0  0  0 ] (0.00000120)
[  1  0  0  0  0  3  0  0  1 ] (0.00005270)
[  1  0  0  0  0  3  0  1  0 ] (0.00000856)
[  1  0  0  0  0  3  1  0  0 ] (0.00008521)
[  1  0  0  0  0  4  0  0  0 ] (0.00000014)
[  1  0  0  0  1  0  0  0  0 ] (0.00000146)
[  1  0  0  0  1  0  0  0  1 ] (0.00003471)
[  1  0  0  0  1  0  0  0  2 ] (0.00001019)
[  1  0  0  0  1  0  0  0  3 ] (0.00000124)
[  1  0  0  0  1  0  0  1  0 ] (0.00000690)
[  1  0  0  0  1  0  0  1  1 ] (0.00025826)
[  1  0  0  0  1  0  0  1  2 ] (0.00000790)
[  1  0  0  0  1  0  0  2  0 ] (0.00000010)
[  1  0  0  0  1  0  0  2  1 ] (0.00025837)
[  1  0  0  0  1  0  0  3  0 ] (0.00017387)
[  1  0  0  0  1  0  1  0  0 ] (0.00001623)
[  1  0  0  0  1  0  1  0  1 ] (0.00001699)
[  1  0  0  0  1  0  1  0  2 ] (0.00008442)
[  1  0  0  0  1  0  1  1  0 ] (0.00021344)
[  1  0  0  0  1  0  1  1  1 ] (0.00000127)
[  1  0  0  0  1  0  1  2  0 ] (0.00002449)
[  1  0  0  0  1  0  2  0  0 ] (0.00010134)
[  1  0  0  0  1  0  2  0  1 ] (0.00090441)
[  1  0  0  0  1  0  2  1  0 ] (0.01049900)
[  1  0  0  0  1  0  3  0  0 ] (0.00000537)
[  1  0  0  0  1  1  0  0  0 ] (0.00000427)
[  1  0  0  0  1  1  0  0  1 ] (0.00012246)
[  1  0  0  0  1  1  0  0  2 ] (0.00001066)
[  1  0  0  0  1  1  0  1  0 ] (0.00000943)
[  1  0  0  0  1  1  0  1  1 ] (0.00060244)
[  1  0  0  0  1  1  0  2  0 ] (0.00007719)
[  1  0  0  0  1  1  1  0  0 ] (0.00000228)
[  1  0  0  0  1  1  1  0  1 ] (0.00000050)
[  1  0  0  0  1  1  1  1  0 ] (0.00005375)
[  1  0  0  0  1  1  2  0  0 ] (0.00000001)
[  1  0  0  0  1  2  0  0  0 ] (0.00000373)
[  1  0  0  0  1  2  0  0  1 ] (0.00004245)
[  1  0  0  0  1  2  0  1  0 ] (0.00002521)
[  1  0  0  0  1  2  1  0  0 ] (0.00000620)
[  1  0  0  0  1  3  0  0  0 ] (0.00000037)
[  1  0  0  0  2  0  0  0  0 ] (0.00001192)
[  1  0  0  0  2  0  0  0  1 ] (0.00006312)
[  1  0  0  0  2  0  0  0  2 ] (0.00020744)
[  1  0  0  0  2  0  0  1  0 ] (0.00000090)
[  1  0  0  0  2  0  0  1  1 ] (0.00009130)
[  1  0  0  0  2  0  0  2  0 ] (0.00000004)
[  1  0  0  0  2  0  1  0  0 ] (0.00017747)
[  1  0  0  0  2  0  1  0  1 ] (0.00189879)
[  1  0  0  0  2  0  1  1  0 ] (0.00011782)
[  1  0  0  0  2  0  2  0  0 ] (0.00001445)
[  1  0  0  0  2  1  0  0  0 ] (0.00000348)
[  1  0  0  0  2  1  0  0  1 ] (0.00001539)
[  1  0  0  0  2  1  0  1  0 ] (0.00000108)
[  1  0  0  0  2  1  1  0  0 ] (0.00002542)
[  1  0  0  0  2  2  0  0  0 ] (0.00000061)
[  1  0  0  0  3  0  0  0  0 ] (0.00000445)
[  1  0  0  0  3  0  0  0  1 ] (0.00002388)
[  1  0  0  0  3  0  0  1  0 ] (0.00000833)
[  1  0  0  0  3  0  1  0  0 ] (0.00000192)
[  1  0  0  0  3  1  0  0  0 ] (0.00000014)
[  1  0  0  0  4  0  0  0  0 ] (0.00000601)
[  1  0  0  1  0  0  0  0  0 ] (0.00002092)
[  1  0  0  1  0  0  0  0  1 ] (0.00000706)
[  1  0  0  1  0  0  0  0  2 ] (0.00009088)
[  1  0  0  1  0  0  0  0  3 ] (0.00161326)
[  1  0  0  1  0  0  0  1  0 ] (0.00000084)
[  1  0  0  1  0  0  0  1  1 ] (0.00035243)
[  1  0  0  1  0  0  0  1  2 ] (0.00038829)
[  1  0  0  1  0  0  0  2  0 ] (0.00002879)
[  1  0  0  1  0  0  0  2  1 ] (0.00287742)
[  1  0  0  1  0  0  0  3  0 ] (0.00007562)
[  1  0  0  1  0  0  1  0  0 ] (0.00000006)
[  1  0  0  1  0  0  1  0  1 ] (0.00012865)
[  1  0  0  1  0  0  1  0  2 ] (0.01391244)
[  1  0  0  1  0  0  1  1  0 ] (0.00027064)
[  1  0  0  1  0  0  1  1  1 ] (0.00039163)
[  1  0  0  1  0  0  1  2  0 ] (0.00385825)
[  1  0  0  1  0  0  2  0  0 ] (0.00150229)
[  1  0  0  1  0  0  2  0  1 ] (0.01361258)
[  1  0  0  1  0  0  2  1  0 ] (0.00029462)
[  1  0  0  1  0  0  3  0  0 ] (0.00019329)
[  1  0  0  1  0  1  0  0  0 ] (0.00000146)
[  1  0  0  1  0  1  0  0  1 ] (0.00008566)
[  1  0  0  1  0  1  0  0  2 ] (0.00005131)
[  1  0  0  1  0  1  0  1  0 ] (0.00014661)
[  1  0  0  1  0  1  0  1  1 ] (0.00027675)
[  1  0  0  1  0  1  0  2  0 ] (0.00000029)
[  1  0  0  1  0  1  1  0  0 ] (0.00007478)
[  1  0  0  1  0  1  1  0  1 ] (0.00165813)
[  1  0  0  1  0  1  1  1  0 ] (0.00413074)
[  1  0  0  1  0  1  2  0  0 ] (0.00022464)
[  1  0  0  1  0  2  0  0  0 ] (0.00000244)
[  1  0  0  1  0  2  0  0  1 ] (0.00000012)
[  1  0  0  1  0  2  0  1  0 ] (0.00002451)
[  1  0  0  1  0  2  1  0  0 ] (0.00000968)
[  1  0  0  1  0  3  0  0  0 ] (0.00000515)
[  1  0  0  1  1  0  0  0  0 ] (0.00000043)
[  1  0  0  1  1  0  0  0  1 ] (0.00011264)
[  1  0  0  1  1  0  0  0  2 ] (0.00005725)
[  1  0  0  1  1  0  0  1  0 ] (0.00002714)
[  1  0  0  1  1  0  0  1  1 ] (0.00000732)
[  1  0  0  1  1  0  0  2  0 ] (0.00007482)
[  1  0  0  1  1  0  1  0  0 ] (0.00002119)
[  1  0  0  1  1  0  1  0  1 ] (0.00030230)
[  1  0  0  1  1  0  1  1  0 ] (0.00016487)
[  1  0  0  1  1  0  2  0  0 ] (0.00002473)
[  1  0  0  1  1  1  0  0  0 ] (0.00003339)
[  1  0  0  1  1  1  0  0  1 ] (0.00007303)
[  1  0  0  1  1  1  0  1  0 ] (0.00010016)
[  1  0  0  1  1  1  1  0  0 ] (0.00007412)
[  1  0  0  1  1  2  0  0  0 ] (0.00000131)
[  1  0  0  1  2  0  0  0  0 ] (0.00000126)
[  1  0  0  1  2  0  0  0  1 ] (0.00000088)
[  1  0  0  1  2  0  0  1  0 ] (0.00003916)
[  1  0  0  1  2  0  1  0  0 ] (0.00000112)
[  1  0  0  1  2  1  0  0  0 ] (0.00000023)
[  1  0  0  1  3  0  0  0  0 ] (0.00000099)
[  1  0  0  2  0  0  0  0  0 ] (0.00000081)
[  1  0  0  2  0  0  0  0  1 ] (0.00000065)
[  1  0  0  2  0  0  0  0  2 ] (0.00001536)
[  1  0  0  2  0  0  0  1  0 ] (0.00000135)
[  1  0  0  2  0  0  0  1  1 ] (0.00010802)
[  1  0  0  2  0  0  0  2  0 ] (0.00000241)
[  1  0  0  2  0  0  1  0  0 ] (0.00001677)
[  1  0  0  2  0  0  1  0  1 ] (0.00005206)
[  1  0  0  2  0  0  1  1  0 ] (0.00000002)
[  1  0  0  2  0  0  2  0  0 ] (0.00000614)
[  1  0  0  2  0  1  0  0  0 ] (0.00000052)
[  1  0  0  2  0  1  0  0  1 ] (0.00000355)
[  1  0  0  2  0  1  0  1  0 ] (0.00000014)
[  1  0  0  2  0  1  1  0  0 ] (0.00000532)
[  1  0  0  2  0  2  0  0  0 ] (0.00000001)
[  1  0  0  2  1  0  0  0  0 ] (0.00000138)
[  1  0  0  2  1  0  0  0  1 ] (0.00000089)
[  1  0  0  2  1  0  0  1  0 ] (0.00000024)
[  1  0  0  2  1  0  1  0  0 ] (0.00000008)
[  1  0  0  2  1  1  0  0  0 ] (0.00000005)
[  1  0  0  2  2  0  0  0  0 ] (0.00000063)
[  1  0  0  3  0  0  0  0  0 ] (0.00000414)
[  1  0  0  3  0  0  0  0  1 ] (0.00000182)
[  1  0  0  3  0  0  0  1  0 ] (0.00000569)
[  1  0  0  3  0  0  1  0  0 ] (0.00000939)
[  1  0  0  3  0  1  0  0  0 ] (0.00000018)
[  1  0  0  3  1  0  0  0  0 ] (0.00000010)
[  1  0  0  4  0  0  0  0  0 ] (0.00000080)
[  1  0  1  0  0  0  0  0  0 ] (0.00000051)
[  1  0  1  0  0  0  0  0  1 ] (0.00000455)
[  1  0  1  0  0  0  0  0  2 ] (0.00003193)
[  1  0  1  0  0  0  0  0  3 ] (0.00035431)
[  1  0  1  0  0  0  0  1  0 ] (0.00000674)
[  1  0  1  0  0  0  0  1  1 ] (0.00000401)
[  1  0  1  0  0  0  0  1  2 ] (0.00064158)
[  1  0  1  0  0  0  0  2  0 ] (0.00000025)
[  1  0  1  0  0  0  0  2  1 ] (0.00264686)
[  1  0  1  0  0  0  0  3  0 ] (0.00003026)
[  1  0  1  0  0  0  1  0  0 ] (0.00000767)
[  1  0  1  0  0  0  1  0  1 ] (0.00011569)
[  1  0  1  0  0  0  1  0  2 ] (0.00159993)
[  1  0  1  0  0  0  1  1  0 ] (0.00008059)
[  1  0  1  0  0  0  1  1  1 ] (0.00000295)
[  1  0  1  0  0  0  1  2  0 ] (0.00266263)
[  1  0  1  0  0  0  2  0  0 ] (0.00000116)
[  1  0  1  0  0  0  2  0  1 ] (0.00005973)
[  1  0  1  0  0  0  2  1  0 ] (0.00054804)
[  1  0  1  0  0  0  3  0  0 ] (0.00004572)
[  1  0  1  0  0  1  0  0  0 ] (0.00001175)
[  1  0  1  0  0  1  0  0  1 ] (0.00002204)
[  1  0  1  0  0  1  0  0  2 ] (0.00007016)
[  1  0  1  0  0  1  0  1  0 ] (0.00008077)
[  1  0  1  0  0  1  0  1  1 ] (0.00202279)
[  1  0  1  0  0  1  0  2  0 ] (0.00011332)
[  1  0  1  0  0  1  1  0  0 ] (0.00018586)
[  1  0  1  0  0  1  1  0  1 ] (0.00185113)
[  1  0  1  0  0  1  1  1  0 ] (0.00002926)
[  1  0  1  0  0  1  2  0  0 ] (0.00021826)
[  1  0  1  0  0  2  0  0  0 ] (0.00001010)
[  1  0  1  0  0  2  0  0  1 ] (0.00001081)
[  1  0  1  0  0  2  0  1  0 ] (0.00000856)
[  1  0  1  0  0  2  1  0  0 ] (0.00003240)
[  1  0  1  0  0  3  0  0  0 ] (0.00000468)
[  1  0  1  0  1  0  0  0  0 ] (0.00000008)
[  1  0  1  0  1  0  0  0  1 ] (0.00002334)
[  1  0  1  0  1  0  0  0  2 ] (0.00001295)
[  1  0  1  0  1  0  0  1  0 ] (0.00001634)
[  1  0  1  0  1  0  0  1  1 ] (0.00009283)
[  1  0  1  0  1  0  0  2  0 ] (0.00004144)
[  1  0  1  0  1  0  1  0  0 ] (0.00000157)
[  1  0  1  0  1  0  1  0  1 ] (0.00000744)
[  1  0  1  0  1  0  1  1  0 ] (0.00068707)
[  1  0  1  0  1  0  2  0  0 ] (0.00001514)
[  1  0  1  0  1  1  0  0  0 ] (0.00000056)
[  1  0  1  0  1  1  0  0  1 ] (0.00008748)
[  1  0  1  0  1  1  0  1  0 ] (0.00004354)
[  1  0  1  0  1  1  1  0  0 ] (0.00000054)
[  1  0  1  0  1  2  0  0  0 ] (0.00000026)
[  1  0  1  0  2  0  0  0  0 ] (0.00000427)
[  1  0  1  0  2  0  0  0  1 ] (0.00002923)
[  1  0  1  0  2  0  0  1  0 ] (0.00000007)
[  1  0  1  0  2  0  1  0  0 ] (0.00002209)
[  1  0  1  0  2  1  0  0  0 ] (0.00000044)
[  1  0  1  0  3  0  0  0  0 ] (0.00000014)
[  1  0  1  1  0  0  0  0  0 ] (0.00000328)
[  1  0  1  1  0  0  0  0  1 ] (0.00000294)
[  1  0  1  1  0  0  0  0  2 ] (0.00014712)
[  1  0  1  1  0  0  0  1  0 ] (0.00000310)
[  1  0  1  1  0  0  0  1  1 ] (0.00055214)
[  1  0  1  1  0  0  0  2  0 ] (0.00001892)
[  1  0  1  1  0  0  1  0  0 ] (0.00007830)
[  1  0  1  1  0  0  1  0  1 ] (0.00084791)
[  1  0  1  1  0  0  1  1  0 ] (0.00003406)
[  1  0  1  1  0  0  2  0  0 ] (0.00022894)
[  1  0  1  1  0  1  0  0  0 ] (0.00000673)
[  1  0  1  1  0  1  0  0  1 ] (0.00000001)
[  1  0  1  1  0  1  0  1  0 ] (0.00000036)
[  1  0  1  1  0  1  1  0  0 ] (0.00004666)
[  1  0  1  1  0  2  0  0  0 ] (0.00000177)
[  1  0  1  1  1  0  0  0  0 ] (0.00000203)
[  1  0  1  1  1  0  0  0  1 ] (0.00000870)
[  1  0  1  1  1  0  0  1  0 ] (0.00000000)
[  1  0  1  1  1  0  1  0  0 ] (0.00002862)
[  1  0  1  1  1  1  0  0  0 ] (0.00000123)
[  1  0  1  1  2  0  0  0  0 ] (0.00000032)
[  1  0  1  2  0  0  0  0  0 ] (0.00000063)
[  1  0  1  2  0  0  0  0  1 ] (0.00000874)
[  1  0  1  2  0  0  0  1  0 ] (0.00000027)
[  1  0  1  2  0  0  1  0  0 ] (0.00000121)
[  1  0  1  2  0  1  0  0  0 ] (0.00000001)
[  1  0  1  2  1  0  0  0  0 ] (0.00000003)
[  1  0  1  3  0  0  0  0  0 ] (0.00000006)
[  1  0  2  0  0  0  0  0  0 ] (0.00000374)
[  1  0  2  0  0  0  0  0  1 ] (0.00000179)
[  1  0  2  0  0  0  0  0  2 ] (0.00000108)
[  1  0  2  0  0  0  0  1  0 ] (0.00000185)
[  1  0  2  0  0  0  0  1  1 ] (0.00001212)
[  1  0  2  0  0  0  0  2  0 ] (0.00000219)
[  1  0  2  0  0  0  1  0  0 ] (0.00000950)
[  1  0  2  0  0  0  1  0  1 ] (0.00001936)
[  1  0  2  0  0  0  1  1  0 ] (0.00004597)
[  1  0  2  0  0  0  2  0  0 ] (0.00000053)
[  1  0  2  0  0  1  0  0  0 ] (0.00000409)
[  1  0  2  0  0  1  0  0  1 ] (0.00000296)
[  1  0  2  0  0  1  0  1  0 ] (0.00000029)
[  1  0  2  0  0  1  1  0  0 ] (0.00000031)
[  1  0  2  0  0  2  0  0  0 ] (0.00000005)
[  1  0  2  0  1  0  0  0  0 ] (0.00001226)
[  1  0  2  0  1  0  0  0  1 ] (0.00000119)
[  1  0  2  0  1  0  0  1  0 ] (0.00000942)
[  1  0  2  0  1  0  1  0  0 ] (0.00000132)
[  1  0  2  0  1  1  0  0  0 ] (0.00000010)
[  1  0  2  0  2  0  0  0  0 ] (0.00000164)
[  1  0  2  1  0  0  0  0  0 ] (0.00000037)
[  1  0  2  1  0  0  0  0  1 ] (0.00000008)
[  1  0  2  1  0  0  0  1  0 ] (0.00000002)
[  1  0  2  1  0  0  1  0  0 ] (0.00000079)
[  1  0  2  1  0  1  0  0  0 ] (0.00000000)
[  1  0  2  1  1  0  0  0  0 ] (0.00000089)
[  1  0  2  2  0  0  0  0  0 ] (0.00000000)
[  1  0  3  0  0  0  0  0  0 ] (0.00000034)
[  1  0  3  0  0  0  0  0  1 ] (0.00000057)
[  1  0  3  0  0  0  0  1  0 ] (0.00000144)
[  1  0  3  0  0  0  1  0  0 ] (0.00000002)
[  1  0  3  0  0  1  0  0  0 ] (0.00000691)
[  1  0  3  0  1  0  0  0  0 ] (0.00000002)
[  1  0  3  1  0  0  0  0  0 ] (0.00000195)
[  1  0  4  0  0  0  0  0  0 ] (0.00000005)
[  1  1  0  0  0  0  0  0  0 ] (0.00000588)
[  1  1  0  0  0  0  0  0  1 ] (0.00003682)
[  1  1  0  0  0  0  0  0  2 ] (0.00013505)
[  1  1  0  0  0  0  0  0  3 ] (0.00285868)
[  1  1  0  0  0  0  0  1  0 ] (0.00001022)
[  1  1  0  0  0  0  0  1  1 ] (0.00000975)
[  1  1  0  0  0  0  0  1  2 ] (0.00120156)
[  1  1  0  0  0  0  0  2  0 ] (0.00000713)
[  1  1  0  0  0  0  0  2  1 ] (0.00390231)
[  1  1  0  0  0  0  0  3  0 ] (0.00011700)
[  1  1  0  0  0  0  1  0  0 ] (0.00031221)
[  1  1  0  0  0  0  1  0  1 ] (0.00297196)
[  1  1  0  0  0  0  1  0  2 ] (0.07445032)
[  1  1  0  0  0  0  1  1  0 ] (0.00033127)
[  1  1  0  0  0  0  1  1  1 ] (0.00000109)
[  1  1  0  0  0  0  1  2  0 ] (0.00308269)
[  1  1  0  0  0  0  2  0  0 ] (0.00055219)
[  1  1  0  0  0  0  2  0  1 ] (0.00413083)
[  1  1  0  0  0  0  2  1  0 ] (0.00179035)
[  1  1  0  0  0  0  3  0  0 ] (0.00008307)
[  1  1  0  0  0  1  0  0  0 ] (0.00000473)
[  1  1  0  0  0  1  0  0  1 ] (0.00000225)
[  1  1  0  0  0  1  0  0  2 ] (0.00037250)
[  1  1  0  0  0  1  0  1  0 ] (0.00000048)
[  1  1  0  0  0  1  0  1  1 ] (0.00043934)
[  1  1  0  0  0  1  0  2  0 ] (0.00000268)
[  1  1  0  0  0  1  1  0  0 ] (0.00003389)
[  1  1  0  0  0  1  1  0  1 ] (0.00026813)
[  1  1  0  0  0  1  1  1  0 ] (0.00013424)
[  1  1  0  0  0  1  2  0  0 ] (0.00000066)
[  1  1  0  0  0  2  0  0  0 ] (0.00000003)
[  1  1  0  0  0  2  0  0  1 ] (0.00000842)
[  1  1  0  0  0  2  0  1  0 ] (0.00000641)
[  1  1  0  0  0  2  1  0  0 ] (0.00000327)
[  1  1  0  0  0  3  0  0  0 ] (0.00000090)
[  1  1  0  0  1  0  0  0  0 ] (0.00001138)
[  1  1  0  0  1  0  0  0  1 ] (0.00000774)
[  1  1  0  0  1  0  0  0  2 ] (0.00003999)
[  1  1  0  0  1  0  0  1  0 ] (0.00020412)
[  1  1  0  0  1  0  0  1  1 ] (0.00451789)
[  1  1  0  0  1  0  0  2  0 ] (0.00024098)
[  1  1  0  0  1  0  1  0  0 ] (0.00023278)
[  1  1  0  0  1  0  1  0  1 ] (0.00216958)
[  1  1  0  0  1  0  1  1  0 ] (0.00000932)
[  1  1  0  0  1  0  2  0  0 ] (0.00005663)
[  1  1  0  0  1  1  0  0  0 ] (0.00000428)
[  1  1  0  0  1  1  0  0  1 ] (0.00003756)
[  1  1  0  0  1  1  0  1  0 ] (0.00018168)
[  1  1  0  0  1  1  1  0  0 ] (0.00000097)
[  1  1  0  0  1  2  0  0  0 ] (0.00000040)
[  1  1  0  0  2  0  0  0  0 ] (0.00000212)
[  1  1  0  0  2  0  0  0  1 ] (0.00001649)
[  1  1  0  0  2  0  0  1  0 ] (0.00002666)
[  1  1  0  0  2  0  1  0  0 ] (0.00000094)
[  1  1  0  0  2  1  0  0  0 ] (0.00000085)
[  1  1  0  0  3  0  0  0  0 ] (0.00000025)
[  1  1  0  1  0  0  0  0  0 ] (0.00000140)
[  1  1  0  1  0  0  0  0  1 ] (0.00004717)
[  1  1  0  1  0  0  0  0  2 ] (0.00003168)
[  1  1  0  1  0  0  0  1  0 ] (0.00000126)
[  1  1  0  1  0  0  0  1  1 ] (0.00045428)
[  1  1  0  1  0  0  0  2  0 ] (0.00003342)
[  1  1  0  1  0  0  1  0  0 ] (0.00006328)
[  1  1  0  1  0  0  1  0  1 ] (0.00025806)
[  1  1  0  1  0  0  1  1  0 ] (0.00106424)
[  1  1  0  1  0  0  2  0  0 ] (0.00012098)
[  1  1  0  1  0  1  0  0  0 ] (0.00000221)
[  1  1  0  1  0  1  0  0  1 ] (0.00002474)
[  1  1  0  1  0  1  0  1  0 ] (0.00002377)
[  1  1  0  1  0  1  1  0  0 ] (0.00001447)
[  1  1  0  1  0  2  0  0  0 ] (0.00000079)
[  1  1  0  1  1  0  0  0  0 ] (0.00001865)
[  1  1  0  1  1  0  0  0  1 ] (0.00001120)
[  1  1  0  1  1  0  0  1  0 ] (0.00004750)
[  1  1  0  1  1  0  1  0  0 ] (0.00000079)
[  1  1  0  1  1  1  0  0  0 ] (0.00001340)
[  1  1  0  1  2  0  0  0  0 ] (0.00000000)
[  1  1  0  2  0  0  0  0  0 ] (0.00000025)
[  1  1  0  2  0  0  0  0  1 ] (0.00000220)
[  1  1  0  2  0  0  0  1  0 ] (0.00000159)
[  1  1  0  2  0  0  1  0  0 ] (0.00000129)
[  1  1  0  2  0  1  0  0  0 ] (0.00000030)
[  1  1  0  2  1  0  0  0  0 ] (0.00000003)
[  1  1  0  3  0  0  0  0  0 ] (0.00000004)
[  1  1  1  0  0  0  0  0  0 ] (0.00001143)
[  1  1  1  0  0  0  0  0  1 ] (0.00009009)
[  1  1  1  0  0  0  0  0  2 ] (0.00001837)
[  1  1  1  0  0  0  0  1  0 ] (0.00001680)
[  1  1  1  0  0  0  0  1  1 ] (0.00003912)
[  1  1  1  0  0  0  0  2  0 ] (0.00001678)
[  1  1  1  0  0  0  1  0  0 ] (0.00000066)
[  1  1  1  0  0  0  1  0  1 ] (0.00009504)
[  1  1  1  0  0  0  1  1  0 ] (0.00005999)
[  1  1  1  0  0  0  2  0  0 ] (0.00009552)
[  1  1  1  0  0  1  0  0  0 ] (0.00000003)
[  1  1  1  0  0  1  0  0  1 ] (0.00000174)
[  1  1  1  0  0  1  0  1  0 ] (0.00001122)
[  1  1  1  0  0  1  1  0  0 ] (0.00000784)
[  1  1  1  0  0  2  0  0  0 ] (0.00000013)
[  1  1  1  0  1  0  0  0  0 ] (0.00000451)
[  1  1  1  0  1  0  0  0  1 ] (0.00000082)
[  1  1  1  0  1  0  0  1  0 ] (0.00000079)
[  1  1  1  0  1  0  1  0  0 ] (0.00000067)
[  1  1  1  0  1  1  0  0  0 ] (0.00000023)
[  1  1  1  0  2  0  0  0  0 ] (0.00000003)
[  1  1  1  1  0  0  0  0  0 ] (0.00000579)
[  1  1  1  1  0  0  0  0  1 ] (0.00002049)
[  1  1  1  1  0  0  0  1  0 ] (0.00003156)
[  1  1  1  1  0  0  1  0  0 ] (0.00000476)
[  1  1  1  1  0  1  0  0  0 ] (0.00000063)
[  1  1  1  1  1  0  0  0  0 ] (0.00000000)
[  1  1  1  2  0  0  0  0  0 ] (0.00000037)
[  1  1  2  0  0  0  0  0  0 ] (0.00000059)
[  1  1  2  0  0  0  0  0  1 ] (0.00000007)
[  1  1  2  0  0  0  0  1  0 ] (0.00000082)
[  1  1  2  0  0  0  1  0  0 ] (0.00000638)
[  1  1  2  0  0  1  0  0  0 ] (0.00000004)
[  1  1  2  0  1  0  0  0  0 ] (0.00000008)
[  1  1  2  1  0  0  0  0  0 ] (0.00000005)
[  1  1  3  0  0  0  0  0  0 ] (0.00000037)
[  1  2  0  0  0  0  0  0  0 ] (0.00000526)
[  1  2  0  0  0  0  0  0  1 ] (0.00002075)
[  1  2  0  0  0  0  0  0  2 ] (0.00009825)
[  1  2  0  0  0  0  0  1  0 ] (0.00001665)
[  1  2  0  0  0  0  0  1  1 ] (0.00004126)
[  1  2  0  0  0  0  0  2  0 ] (0.00000331)
[  1  2  0  0  0  0  1  0  0 ] (0.00001617)
[  1  2  0  0  0  0  1  0  1 ] (0.00002762)
[  1  2  0  0  0  0  1  1  0 ] (0.00003451)
[  1  2  0  0  0  0  2  0  0 ] (0.00003344)
[  1  2  0  0  0  1  0  0  0 ] (0.00000008)
[  1  2  0  0  0  1  0  0  1 ] (0.00000031)
[  1  2  0  0  0  1  0  1  0 ] (0.00001126)
[  1  2  0  0  0  1  1  0  0 ] (0.00000453)
[  1  2  0  0  0  2  0  0  0 ] (0.00000000)
[  1  2  0  0  1  0  0  0  0 ] (0.00000255)
[  1  2  0  0  1  0  0  0  1 ] (0.00000344)
[  1  2  0  0  1  0  0  1  0 ] (0.00000202)
[  1  2  0  0  1  0  1  0  0 ] (0.00000491)
[  1  2  0  0  1  1  0  0  0 ] (0.00000040)
[  1  2  0  0  2  0  0  0  0 ] (0.00000000)
[  1  2  0  1  0  0  0  0  0 ] (0.00000039)
[  1  2  0  1  0  0  0  0  1 ] (0.00001871)
[  1  2  0  1  0  0  0  1  0 ] (0.00000270)
[  1  2  0  1  0  0  1  0  0 ] (0.00000115)
[  1  2  0  1  0  1  0  0  0 ] (0.00000106)
[  1  2  0  1  1  0  0  0  0 ] (0.00000001)
[  1  2  0  2  0  0  0  0  0 ] (0.00000009)
[  1  2  1  0  0  0  0  0  0 ] (0.00000001)
[  1  2  1  0  0  0  0  0  1 ] (0.00000397)
[  1  2  1  0  0  0  0  1  0 ] (0.00000103)
[  1  2  1  0  0  0  1  0  0 ] (0.00000189)
[  1  2  1  0  0  1  0  0  0 ] (0.00000118)
[  1  2  1  0  1  0  0  0  0 ] (0.00000001)
[  1  2  1  1  0  0  0  0  0 ] (0.00000000)
[  1  2  2  0  0  0  0  0  0 ] (0.00000031)
[  1  3  0  0  0  0  0  0  0 ] (0.00001793)
[  1  3  0  0  0  0  0  0  1 ] (0.00007896)
[  1  3  0  0  0  0  0  1  0 ] (0.00000097)
[  1  3  0  0  0  0  1  0  0 ] (0.00002585)
[  1  3  0  0  0  1  0  0  0 ] (0.00000001)
[  1  3  0  0  1  0  0  0  0 ] (0.00001589)
[  1  3  0  1  0  0  0  0  0 ] (0.00000083)
[  1  3  1  0  0  0  0  0  0 ] (0.00000043)
[  1  4  0  0  0  0  0  0  0 ] (0.00000057)
[  2  0  0  0  0  0  0  0  0 ] (0.00004144)
[  2  0  0  0  0  0  0  0  1 ] (0.00021721)
[  2  0  0  0  0  0  0  0  2 ] (0.00008660)
[  2  0  0  0  0  0  0  0  3 ] (0.01833318)
[  2  0  0  0  0  0  0  1  0 ] (0.00000249)
[  2  0  0  0  0  0  0  1  1 ] (0.00020186)
[  2  0  0  0  0  0  0  1  2 ] (0.00235686)
[  2  0  0  0  0  0  0  2  0 ] (0.00046778)
[  2  0  0  0  0  0  0  2  1 ] (0.00245477)
[  2  0  0  0  0  0  0  3  0 ] (0.00015496)
[  2  0  0  0  0  0  1  0  0 ] (0.00017450)
[  2  0  0  0  0  0  1  0  1 ] (0.00137040)
[  2  0  0  0  0  0  1  0  2 ] (0.00069426)
[  2  0  0  0  0  0  1  1  0 ] (0.00016892)
[  2  0  0  0  0  0  1  1  1 ] (0.00029576)
[  2  0  0  0  0  0  1  2  0 ] (0.00001199)
[  2  0  0  0  0  0  2  0  0 ] (0.00115405)
[  2  0  0  0  0  0  2  0  1 ] (0.00818408)
[  2  0  0  0  0  0  2  1  0 ] (0.00019009)
[  2  0  0  0  0  0  3  0  0 ] (0.00087482)
[  2  0  0  0  0  1  0  0  0 ] (0.00002231)
[  2  0  0  0  0  1  0  0  1 ] (0.00023183)
[  2  0  0  0  0  1  0  0  2 ] (0.00000416)
[  2  0  0  0  0  1  0  1  0 ] (0.00036108)
[  2  0  0  0  0  1  0  1  1 ] (0.00344209)
[  2  0  0  0  0  1  0  2  0 ] (0.00033574)
[  2  0  0  0  0  1  1  0  0 ] (0.00056812)
[  2  0  0  0  0  1  1  0  1 ] (0.00393364)
[  2  0  0  0  0  1  1  1  0 ] (0.00310946)
[  2  0  0  0  0  1  2  0  0 ] (0.00009017)
[  2  0  0  0  0  2  0  0  0 ] (0.00001776)
[  2  0  0  0  0  2  0  0  1 ] (0.00011239)
[  2  0  0  0  0  2  0  1  0 ] (0.00000146)
[  2  0  0  0  0  2  1  0  0 ] (0.00004172)
[  2  0  0  0  0  3  0  0  0 ] (0.00000346)
[  2  0  0  0  1  0  0  0  0 ] (0.00000769)
[  2  0  0  0  1  0  0  0  1 ] (0.00004490)
[  2  0  0  0  1  0  0  0  2 ] (0.00000568)
[  2  0  0  0  1  0  0  1  0 ] (0.00016495)
[  2  0  0  0  1  0  0  1  1 ] (0.00132893)
[  2  0  0  0  1  0  0  2  0 ] (0.00000518)
[  2  0  0  0  1  0  1  0  0 ] (0.00004975)
[  2  0  0  0  1  0  1  0  1 ] (0.00056521)
[  2  0  0  0  1  0  1  1  0 ] (0.00375707)
[  2  0  0  0  1  0  2  0  0 ] (0.00003265)
[  2  0  0  0  1  1  0  0  0 ] (0.00003981)
[  2  0  0  0  1  1  0  0  1 ] (0.00022045)
[  2  0  0  0  1  1  0  1  0 ] (0.00015255)
[  2  0  0  0  1  1  1  0  0 ] (0.00000921)
[  2  0  0  0  1  2  0  0  0 ] (0.00001094)
[  2  0  0  0  2  0  0  0  0 ] (0.00001047)
[  2  0  0  0  2  0  0  0  1 ] (0.00004289)
[  2  0  0  0  2  0  0  1  0 ] (0.00000052)
[  2  0  0  0  2  0  1  0  0 ] (0.00002065)
[  2  0  0  0  2  1  0  0  0 ] (0.00000011)
[  2  0  0  0  3  0  0  0  0 ] (0.00002121)
[  2  0  0  1  0  0  0  0  0 ] (0.00000427)
[  2  0  0  1  0  0  0  0  1 ] (0.00000973)
[  2  0  0  1  0  0  0  0  2 ] (0.00000005)
[  2  0  0  1  0  0  0  1  0 ] (0.00018035)
[  2  0  0  1  0  0  0  1  1 ] (0.00242583)
[  2  0  0  1  0  0  0  2  0 ] (0.00000002)
[  2  0  0  1  0  0  1  0  0 ] (0.00002139)
[  2  0  0  1  0  0  1  0  1 ] (0.00004116)
[  2  0  0  1  0  0  1  1  0 ] (0.00017773)
[  2  0  0  1  0  0  2  0  0 ] (0.00000707)
[  2  0  0  1  0  1  0  0  0 ] (0.00000449)
[  2  0  0  1  0  1  0  0  1 ] (0.00001642)
[  2  0  0  1  0  1  0  1  0 ] (0.00002520)
[  2  0  0  1  0  1  1  0  0 ] (0.00000079)
[  2  0  0  1  0  2  0  0  0 ] (0.00000084)
[  2  0  0  1  1  0  0  0  0 ] (0.00000873)
[  2  0  0  1  1  0  0  0  1 ] (0.00000238)
[  2  0  0  1  1  0  0  1  0 ] (0.00000591)
[  2  0  0  1  1  0  1  0  0 ] (0.00002003)
[  2  0  0  1  1  1  0  0  0 ] (0.00000215)
[  2  0  0  1  2  0  0  0  0 ] (0.00000011)
[  2  0  0  2  0  0  0  0  0 ] (0.00000015)
[  2  0  0  2  0  0  0  0  1 ] (0.00000049)
[  2  0  0  2  0  0  0  1  0 ] (0.00000324)
[  2  0  0  2  0  0  1  0  0 ] (0.00000003)
[  2  0  0  2  0  1  0  0  0 ] (0.00000000)
[  2  0  0  2  1  0  0  0  0 ] (0.00000052)
[  2  0  0  3  0  0  0  0  0 ] (0.00000033)
[  2  0  1  0  0  0  0  0  0 ] (0.00001426)
[  2  0  1  0  0  0  0  0  1 ] (0.00007239)
[  2  0  1  0  0  0  0  0  2 ] (0.00000098)
[  2  0  1  0  0  0  0  1  0 ] (0.00000595)
[  2  0  1  0  0  0  0  1  1 ] (0.00016082)
[  2  0  1  0  0  0  0  2  0 ] (0.00000749)
[  2  0  1  0  0  0  1  0  0 ] (0.00019964)
[  2  0  1  0  0  0  1  0  1 ] (0.00150976)
[  2  0  1  0  0  0  1  1  0 ] (0.00007489)
[  2  0  1  0  0  0  2  0  0 ] (0.00003869)
[  2  0  1  0  0  1  0  0  0 ] (0.00000999)
[  2  0  1  0  0  1  0  0  1 ] (0.00002848)
[  2  0  1  0  0  1  0  1  0 ] (0.00000000)
[  2  0  1  0  0  1  1  0  0 ] (0.00003282)
[  2  0  1  0  0  2  0  0  0 ] (0.00000052)
[  2  0  1  0  1  0  0  0  0 ] (0.00000185)
[  2  0  1  0  1  0  0  0  1 ] (0.00000657)
[  2  0  1  0  1  0  0  1  0 ] (0.00000496)
[  2  0  1  0  1  0  1  0  0 ] (0.00000000)
[  2  0  1  0  1  1  0  0  0 ] (0.00000038)
[  2  0  1  0  2  0  0  0  0 ] (0.00000145)
[  2  0  1  1  0  0  0  0  0 ] (0.00000674)
[  2  0  1  1  0  0  0  0  1 ] (0.00001590)
[  2  0  1  1  0  0  0  1  0 ] (0.00000807)
[  2  0  1  1  0  0  1  0  0 ] (0.00000554)
[  2  0  1  1  0  1  0  0  0 ] (0.00000123)
[  2  0  1  1  1  0  0  0  0 ] (0.00000001)
[  2  0  1  2  0  0  0  0  0 ] (0.00000005)
[  2  0  2  0  0  0  0  0  0 ] (0.00000122)
[  2  0  2  0  0  0  0  0  1 ] (0.00000701)
[  2  0  2  0  0  0  0  1  0 ] (0.00000032)
[  2  0  2  0  0  0  1  0  0 ] (0.00000084)
[  2  0  2  0  0  1  0  0  0 ] (0.00000019)
[  2  0  2  0  1  0  0  0  0 ] (0.00000062)
[  2  0  2  1  0  0  0  0  0 ] (0.00000007)
[  2  0  3  0  0  0  0  0  0 ] (0.00000250)
[  2  1  0  0  0  0  0  0  0 ] (0.00003098)
[  2  1  0  0  0  0  0  0  1 ] (0.00014170)
[  2  1  0  0  0  0  0  0  2 ] (0.00011140)
[  2  1  0  0  0  0  0  1  0 ] (0.00029373)
[  2  1  0  0  0  0  0  1  1 ] (0.00272587)
[  2  1  0  0  0  0  0  2  0 ] (0.00007994)
[  2  1  0  0  0  0  1  0  0 ] (0.00051552)
[  2  1  0  0  0  0  1  0  1 ] (0.00583035)
[  2  1  0  0  0  0  1  1  0 ] (0.00231919)
[  2  1  0  0  0  0  2  0  0 ] (0.00029272)
[  2  1  0  0  0  1  0  0  0 ] (0.00001948)
[  2  1  0  0  0  1  0  0  1 ] (0.00018925)
[  2  1  0  0  0  1  0  1  0 ] (0.00000912)
[  2  1  0  0  0  1  1  0  0 ] (0.00020559)
[  2  1  0  0  0  2  0  0  0 ] (0.00001325)
[  2  1  0  0  1  0  0  0  0 ] (0.00001494)
[  2  1  0  0  1  0  0  0  1 ] (0.00006625)
[  2  1  0  0  1  0  0  1  0 ] (0.00018638)
[  2  1  0  0  1  0  1  0  0 ] (0.00000502)
[  2  1  0  0  1  1  0  0  0 ] (0.00000398)
[  2  1  0  0  2  0  0  0  0 ] (0.00000055)
[  2  1  0  1  0  0  0  0  0 ] (0.00000228)
[  2  1  0  1  0  0  0  0  1 ] (0.00000290)
[  2  1  0  1  0  0  0  1  0 ] (0.00000138)
[  2  1  0  1  0  0  1  0  0 ] (0.00000051)
[  2  1  0  1  0  1  0  0  0 ] (0.00000009)
[  2  1  0  1  1  0  0  0  0 ] (0.00000425)
[  2  1  0  2  0  0  0  0  0 ] (0.00000001)
[  2  1  1  0  0  0  0  0  0 ] (0.00001099)
[  2  1  1  0  0  0  0  0  1 ] (0.00002188)
[  2  1  1  0  0  0  0  1  0 ] (0.00000063)
[  2  1  1  0  0  0  1  0  0 ] (0.00005976)
[  2  1  1  0  0  1  0  0  0 ] (0.00000376)
[  2  1  1  0  1  0  0  0  0 ] (0.00000127)
[  2  1  1  1  0  0  0  0  0 ] (0.00000250)
[  2  1  2  0  0  0  0  0  0 ] (0.00000120)
[  2  2  0  0  0  0  0  0  0 ] (0.00000636)
[  2  2  0  0  0  0  0  0  1 ] (0.00003908)
[  2  2  0  0  0  0  0  1  0 ] (0.00000048)
[  2  2  0  0  0  0  1  0  0 ] (0.00004478)
[  2  2  0  0  0  1  0  0  0 ] (0.00000338)
[  2  2  0  0  1  0  0  0  0 ] (0.00000066)
[  2  2  0  1  0  0  0  0  0 ] (0.00000006)
[  2  2  1  0  0  0  0  0  0 ] (0.00000457)
[  2  3  0  0  0  0  0  0  0 ] (0.00001992)
[  3  0  0  0  0  0  0  0  0 ] (0.00000278)
[  3  0  0  0  0  0  0  0  1 ] (0.00003587)
[  3  0  0  0  0  0  0  0  2 ] (0.00000512)
[  3  0  0  0  0  0  0  1  0 ] (0.00000673)
[  3  0  0  0  0  0  0  1  1 ] (0.00007340)
[  3  0  0  0  0  0  0  2  0 ] (0.00000993)
[  3  0  0  0  0  0  1  0  0 ] (0.00003073)
[  3  0  0  0  0  0  1  0  1 ] (0.00019808)
[  3  0  0  0  0  0  1  1  0 ] (0.00017288)
[  3  0  0  0  0  0  2  0  0 ] (0.00003349)
[  3  0  0  0  0  1  0  0  0 ] (0.00000283)
[  3  0  0  0  0  1  0  0  1 ] (0.00000597)
[  3  0  0  0  0  1  0  1  0 ] (0.00000442)
[  3  0  0  0  0  1  1  0  0 ] (0.00001231)
[  3  0  0  0  0  2  0  0  0 ] (0.00000119)
[  3  0  0  0  1  0  0  0  0 ] (0.00000100)
[  3  0  0  0  1  0  0  0  1 ] (0.00000176)
[  3  0  0  0  1  0  0  1  0 ] (0.00000030)
[  3  0  0  0  1  0  1  0  0 ] (0.00000002)
[  3  0  0  0  1  1  0  0  0 ] (0.00000145)
[  3  0  0  0  2  0  0  0  0 ] (0.00000000)
[  3  0  0  1  0  0  0  0  0 ] (0.00000101)
[  3  0  0  1  0  0  0  0  1 ] (0.00000416)
[  3  0  0  1  0  0  0  1  0 ] (0.00000054)
[  3  0  0  1  0  0  1  0  0 ] (0.00000010)
[  3  0  0  1  0  1  0  0  0 ] (0.00000039)
[  3  0  0  1  1  0  0  0  0 ] (0.00000002)
[  3  0  0  2  0  0  0  0  0 ] (0.00000000)
[  3  0  1  0  0  0  0  0  0 ] (0.00000032)
[  3  0  1  0  0  0  0  0  1 ] (0.00000000)
[  3  0  1  0  0  0  0  1  0 ] (0.00000081)
[  3  0  1  0  0  0  1  0  0 ] (0.00000411)
[  3  0  1  0  0  1  0  0  0 ] (0.00000068)
[  3  0  1  0  1  0  0  0  0 ] (0.00000036)
[  3  0  1  1  0  0  0  0  0 ] (0.00000003)
[  3  0  2  0  0  0  0  0  0 ] (0.00000002)
[  3  1  0  0  0  0  0  0  0 ] (0.00000366)
[  3  1  0  0  0  0  0  0  1 ] (0.00002795)
[  3  1  0  0  0  0  0  1  0 ] (0.00000295)
[  3  1  0  0  0  0  1  0  0 ] (0.00003967)
[  3  1  0  0  0  1  0  0  0 ] (0.00000424)
[  3  1  0  0  1  0  0  0  0 ] (0.00000111)
[  3  1  0  1  0  0  0  0  0 ] (0.00000012)
[  3  1  1  0  0  0  0  0  0 ] (0.00000104)
[  3  2  0  0  0  0  0  0  0 ] (0.00000108)
[  4  0  0  0  0  0  0  0  0 ] (0.00000024)
[  4  0  0  0  0  0  0  0  1 ] (0.00000505)
[  4  0  0  0  0  0  0  1  0 ] (0.00000840)
[  4  0  0  0  0  0  1  0  0 ] (0.00003289)
[  4  0  0  0  0  1  0  0  0 ] (0.00001611)
[  4  0  0  0  1  0  0  0  0 ] (0.00000397)
[  4  0  0  1  0  0  0  0  0 ] (0.00000163)
[  4  0  1  0  0  0  0  0  0 ] (0.00000067)
[  4  1  0  0  0  0  0  0  0 ] (0.00000979)
[  5  0  0  0  0  0  0  0  0 ] (0.00000299)
