|  -913.251187536462 |   247.640242617615 

[  0  0  0  0  0  0  0  0  0 ] (0.00000155)
[  0  0  0  0  0  0  0  0  1 ] (0.00000327)
[  0  0  0  0  0  0  0  0  2 ] (0.00000417)
[  0  0  0  0  0  0  0  0  3 ] (0.00024260)
[  0  0  0  0  0  0  0  0  4 ] (0.00001492)
[  0  0  0  0  0  0  0  0  5 ] (0.00000060)
[  0  0  0  0  0  0  0  1  0 ] (0.00000342)
[  0  0  0  0  0  0  0  1  1 ] (0.00000007)
[  0  0  0  0  0  0  0  1  2 ] (0.00179976)
[  0  0  0  0  0  0  0  1  3 ] (0.00000290)
[  0  0  0  0  0  0  0  1  4 ] (0.00000833)
[  0  0  0  0  0  0  0  2  0 ] (0.00002047)
[  0  0  0  0  0  0  0  2  1 ] (0.00008679)
[  0  0  0  0  0  0  0  2  2 ] (0.00003906)
[  0  0  0  0  0  0  0  2  3 ] (0.00000184)
[  0  0  0  0  0  0  0  3  0 ] (0.00000047)
[  0  0  0  0  0  0  0  3  1 ] (0.00000321)
[  0  0  0  0  0  0  0  3  2 ] (0.00000024)
[  0  0  0  0  0  0  0  4  0 ] (0.00024408)
[  0  0  0  0  0  0  0  4  1 ] (0.00000114)
[  0  0  0  0  0  0  0  5  0 ] (0.00000191)
[  0  0  0  0  0  0  1  0  0 ] (0.00000315)
[  0  0  0  0  0  0  1  0  1 ] (0.00003960)
[  0  0  0  0  0  0  1  0  2 ] (0.00011198)
[  0  0  0  0  0  0  1  0  3 ] (0.00000192)
[  0  0  0  0  0  0  1  0  4 ] (0.00000290)
[  0  0  0  0  0  0  1  1  0 ] (0.00000909)
[  0  0  0  0  0  0  1  1  1 ] (0.00000392)
[  0  0  0  0  0  0  1  1  2 ] (0.00000493)
[  0  0  0  0  0  0  1  1  3 ] (0.00000027)
[  0  0  0  0  0  0  1  2  0 ] (0.00000526)
[  0  0  0  0  0  0  1  2  1 ] (0.00005567)
[  0  0  0  0  0  0  1  2  2 ] (0.00001083)
[  0  0  0  0  0  0  1  3  0 ] (0.00003559)
[  0  0  0  0  0  0  1  3  1 ] (0.00001433)
[  0  0  0  0  0  0  1  4  0 ] (0.00001308)
[  0  0  0  0  0  0  2  0  0 ] (0.00000490)
[  0  0  0  0  0  0  2  0  1 ] (0.00000894)
[  0  0  0  0  0  0  2  0  2 ] (0.00002785)
[  0  0  0  0  0  0  2  0  3 ] (0.00000059)
[  0  0  0  0  0  0  2  1  0 ] (0.00001582)
[  0  0  0  0  0  0  2  1  1 ] (0.00001044)
[  0  0  0  0  0  0  2  1  2 ] (0.00000054)
[  0  0  0  0  0  0  2  2  0 ] (0.00025658)
[  0  0  0  0  0  0  2  2  1 ] (0.00008865)
[  0  0  0  0  0  0  2  3  0 ] (0.00001282)
[  0  0  0  0  0  0  3  0  0 ] (0.00000330)
[  0  0  0  0  0  0  3  0  1 ] (0.00006389)
[  0  0  0  0  0  0  3  0  2 ] (0.00001750)
[  0  0  0  0  0  0  3  1  0 ] (0.00000025)
[  0  0  0  0  0  0  3  1  1 ] (0.00000870)
[  0  0  0  0  0  0  3  2  0 ] (0.00000012)
[  0  0  0  0  0  0  4  0  0 ] (0.00004774)
[  0  0  0  0  0  0  4  0  1 ] (0.00000927)
[  0  0  0  0  0  0  4  1  0 ] (0.00000169)
[  0  0  0  0  0  0  5  0  0 ] (0.00000010)
[  0  0  0  0  0  1  0  0  0 ] (0.00001179)
[  0  0  0  0  0  1  0  0  1 ] (0.00004424)
[  0  0  0  0  0  1  0  0  2 ] (0.00002982)
[  0  0  0  0  0  1  0  0  3 ] (0.00010296)
[  0  0  0  0  0  1  0  0  4 ] (0.00000075)
[  0  0  0  0  0  1  0  1  0 ] (0.00000287)
[  0  0  0  0  0  1  0  1  1 ] (0.00001524)
[  0  0  0  0  0  1  0  1  2 ] (0.00001884)
[  0  0  0  0  0  1  0  1  3 ] (0.00000021)
[  0  0  0  0  0  1  0  2  0 ] (0.00005867)
[  0  0  0  0  0  1  0  2  1 ] (0.00002942)
[  0  0  0  0  0  1  0  2  2 ] (0.00000070)
[  0  0  0  0  0  1  0  3  0 ] (0.00444571)
[  0  0  0  0  0  1  0  3  1 ] (0.00017767)
[  0  0  0  0  0  1  0  4  0 ] (0.00000004)
[  0  0  0  0  0  1  1  0  0 ] (0.00000027)
[  0  0  0  0  0  1  1  0  1 ] (0.00000004)
[  0  0  0  0  0  1  1  0  2 ] (0.00049509)
[  0  0  0  0  0  1  1  0  3 ] (0.00000426)
[  0  0  0  0  0  1  1  1  0 ] (0.00006354)
[  0  0  0  0  0  1  1  1  1 ] (0.00001282)
[  0  0  0  0  0  1  1  1  2 ] (0.00002730)
[  0  0  0  0  0  1  1  2  0 ] (0.00019417)
[  0  0  0  0  0  1  1  2  1 ] (0.00004734)
[  0  0  0  0  0  1  1  3  0 ] (0.00010376)
[  0  0  0  0  0  1  2  0  0 ] (0.00000152)
[  0  0  0  0  0  1  2  0  1 ] (0.00034529)
[  0  0  0  0  0  1  2  0  2 ] (0.00000543)
[  0  0  0  0  0  1  2  1  0 ] (0.00008285)
[  0  0  0  0  0  1  2  1  1 ] (0.00000480)
[  0  0  0  0  0  1  2  2  0 ] (0.00006073)
[  0  0  0  0  0  1  3  0  0 ] (0.00002745)
[  0  0  0  0  0  1  3  0  1 ] (0.00000004)
[  0  0  0  0  0  1  3  1  0 ] (0.00000083)
[  0  0  0  0  0  1  4  0  0 ] (0.00000003)
[  0  0  0  0  0  2  0  0  0 ] (0.00000000)
[  0  0  0  0  0  2  0  0  1 ] (0.00020370)
[  0  0  0  0  0  2  0  0  2 ] (0.00002007)
[  0  0  0  0  0  2  0  0  3 ] (0.00000039)
[  0  0  0  0  0  2  0  1  0 ] (0.00004342)
[  0  0  0  0  0  2  0  1  1 ] (0.00040465)
[  0  0  0  0  0  2  0  1  2 ] (0.00000010)
[  0  0  0  0  0  2  0  2  0 ] (0.00010633)
[  0  0  0  0  0  2  0  2  1 ] (0.00000317)
[  0  0  0  0  0  2  0  3  0 ] (0.00022691)
[  0  0  0  0  0  2  1  0  0 ] (0.00036821)
[  0  0  0  0  0  2  1  0  1 ] (0.01572631)
[  0  0  0  0  0  2  1  0  2 ] (0.00122827)
[  0  0  0  0  0  2  1  1  0 ] (0.00163325)
[  0  0  0  0  0  2  1  1  1 ] (0.00012268)
[  0  0  0  0  0  2  1  2  0 ] (0.00003366)
[  0  0  0  0  0  2  2  0  0 ] (0.00002729)
[  0  0  0  0  0  2  2  0  1 ] (0.00001109)
[  0  0  0  0  0  2  2  1  0 ] (0.00000410)
[  0  0  0  0  0  2  3  0  0 ] (0.00078523)
[  0  0  0  0  0  3  0  0  0 ] (0.00000107)
[  0  0  0  0  0  3  0  0  1 ] (0.00001195)
[  0  0  0  0  0  3  0  0  2 ] (0.00000737)
[  0  0  0  0  0  3  0  1  0 ] (0.00003037)
[  0  0  0  0  0  3  0  1  1 ] (0.00003103)
[  0  0  0  0  0  3  0  2  0 ] (0.00000000)
[  0  0  0  0  0  3  1  0  0 ] (0.00000754)
[  0  0  0  0  0  3  1  0  1 ] (0.00012489)
[  0  0  0  0  0  3  1  1  0 ] (0.00000024)
[  0  0  0  0  0  3  2  0  0 ] (0.03431577)
[  0  0  0  0  0  4  0  0  0 ] (0.00000802)
[  0  0  0  0  0  4  0  0  1 ] (0.00001190)
[  0  0  0  0  0  4  0  1  0 ] (0.00001228)
[  0  0  0  0  0  4  1  0  0 ] (0.00052289)
[  0  0  0  0  0  5  0  0  0 ] (0.00108923)
[  0  0  0  0  1  0  0  0  0 ] (0.00010730)
[  0  0  0  0  1  0  0  0  1 ] (0.00005616)
[  0  0  0  0  1  0  0  0  2 ] (0.00095477)
[  0  0  0  0  1  0  0  0  3 ] (0.00000059)
[  0  0  0  0  1  0  0  0  4 ] (0.00000445)
[  0  0  0  0  1  0  0  1  0 ] (0.00000000)
[  0  0  0  0  1  0  0  1  1 ] (0.00007782)
[  0  0  0  0  1  0  0  1  2 ] (0.00005879)
[  0  0  0  0  1  0  0  1  3 ] (0.00000223)
[  0  0  0  0  1  0  0  2  0 ] (0.00000006)
[  0  0  0  0  1  0  0  2  1 ] (0.00000134)
[  0  0  0  0  1  0  0  2  2 ] (0.00000066)
[  0  0  0  0  1  0  0  3  0 ] (0.00371720)
[  0  0  0  0  1  0  0  3  1 ] (0.00007457)
[  0  0  0  0  1  0  0  4  0 ] (0.00000645)
[  0  0  0  0  1  0  1  0  0 ] (0.00000911)
[  0  0  0  0  1  0  1  0  1 ] (0.00062749)
[  0  0  0  0  1  0  1  0  2 ] (0.00036968)
[  0  0  0  0  1  0  1  0  3 ] (0.00002245)
[  0  0  0  0  1  0  1  1  0 ] (0.00005211)
[  0  0  0  0  1  0  1  1  1 ] (0.00001025)
[  0  0  0  0  1  0  1  1  2 ] (0.00001237)
[  0  0  0  0  1  0  1  2  0 ] (0.00001364)
[  0  0  0  0  1  0  1  2  1 ] (0.00001509)
[  0  0  0  0  1  0  1  3  0 ] (0.00007116)
[  0  0  0  0  1  0  2  0  0 ] (0.00003640)
[  0  0  0  0  1  0  2  0  1 ] (0.00046564)
[  0  0  0  0  1  0  2  0  2 ] (0.00012593)
[  0  0  0  0  1  0  2  1  0 ] (0.00027514)
[  0  0  0  0  1  0  2  1  1 ] (0.00003771)
[  0  0  0  0  1  0  2  2  0 ] (0.00000251)
[  0  0  0  0  1  0  3  0  0 ] (0.00001125)
[  0  0  0  0  1  0  3  0  1 ] (0.00000245)
[  0  0  0  0  1  0  3  1  0 ] (0.00000011)
[  0  0  0  0  1  0  4  0  0 ] (0.00000628)
[  0  0  0  0  1  1  0  0  0 ] (0.00002199)
[  0  0  0  0  1  1  0  0  1 ] (0.00152653)
[  0  0  0  0  1  1  0  0  2 ] (0.01474265)
[  0  0  0  0  1  1  0  0  3 ] (0.00003263)
[  0  0  0  0  1  1  0  1  0 ] (0.00003947)
[  0  0  0  0  1  1  0  1  1 ] (0.00000293)
[  0  0  0  0  1  1  0  1  2 ] (0.00006104)
[  0  0  0  0  1  1  0  2  0 ] (0.00009539)
[  0  0  0  0  1  1  0  2  1 ] (0.00001293)
[  0  0  0  0  1  1  0  3  0 ] (0.00000960)
[  0  0  0  0  1  1  1  0  0 ] (0.00002126)
[  0  0  0  0  1  1  1  0  1 ] (0.00505700)
[  0  0  0  0  1  1  1  0  2 ] (0.00019950)
[  0  0  0  0  1  1  1  1  0 ] (0.00000018)
[  0  0  0  0  1  1  1  1  1 ] (0.00005153)
[  0  0  0  0  1  1  1  2  0 ] (0.00002778)
[  0  0  0  0  1  1  2  0  0 ] (0.00008847)
[  0  0  0  0  1  1  2  0  1 ] (0.00001482)
[  0  0  0  0  1  1  2  1  0 ] (0.00000466)
[  0  0  0  0  1  1  3  0  0 ] (0.00036020)
[  0  0  0  0  1  2  0  0  0 ] (0.00012892)
[  0  0  0  0  1  2  0  0  1 ] (0.00064145)
[  0  0  0  0  1  2  0  0  2 ] (0.00312044)
[  0  0  0  0  1  2  0  1  0 ] (0.00003605)
[  0  0  0  0  1  2  0  1  1 ] (0.00017192)
[  0  0  0  0  1  2  0  2  0 ] (0.00000569)
[  0  0  0  0  1  2  1  0  0 ] (0.00024799)
[  0  0  0  0  1  2  1  0  1 ] (0.00000602)
[  0  0  0  0  1  2  1  1  0 ] (0.00000084)
[  0  0  0  0  1  2  2  0  0 ] (0.00008078)
[  0  0  0  0  1  3  0  0  0 ] (0.00011766)
[  0  0  0  0  1  3  0  0  1 ] (0.00012283)
[  0  0  0  0  1  3  0  1  0 ] (0.00046077)
[  0  0  0  0  1  3  1  0  0 ] (0.00053304)
[  0  0  0  0  1  4  0  0  0 ] (0.00021645)
[  0  0  0  0  2  0  0  0  0 ] (0.00000373)
[  0  0  0  0  2  0  0  0  1 ] (0.00010051)
[  0  0  0  0  2  0  0  0  2 ] (0.00010864)
[  0  0  0  0  2  0  0  0  3 ] (0.00000076)
[  0  0  0  0  2  0  0  1  0 ] (0.00031718)
[  0  0  0  0  2  0  0  1  1 ] (0.00038417)
[  0  0  0  0  2  0  0  1  2 ] (0.00000169)
[  0  0  0  0  2  0  0  2  0 ] (0.00003033)
[  0  0  0  0  2  0  0  2  1 ] (0.00000344)
[  0  0  0  0  2  0  0  3  0 ] (0.00000771)
[  0  0  0  0  2  0  1  0  0 ] (0.00001969)
[  0  0  0  0  2  0  1  0  1 ] (0.00599519)
[  0  0  0  0  2  0  1  0  2 ] (0.00065330)
[  0  0  0  0  2  0  1  1  0 ] (0.00200560)
[  0  0  0  0  2  0  1  1  1 ] (0.00094246)
[  0  0  0  0  2  0  1  2  0 ] (0.00003437)
[  0  0  0  0  2  0  2  0  0 ] (0.00000074)
[  0  0  0  0  2  0  2  0  1 ] (0.00007823)
[  0  0  0  0  2  0  2  1  0 ] (0.00048971)
[  0  0  0  0  2  0  3  0  0 ] (0.00031317)
[  0  0  0  0  2  1  0  0  0 ] (0.00017210)
[  0  0  0  0  2  1  0  0  1 ] (0.00082018)
[  0  0  0  0  2  1  0  0  2 ] (0.00071570)
[  0  0  0  0  2  1  0  1  0 ] (0.00040519)
[  0  0  0  0  2  1  0  1  1 ] (0.00035601)
[  0  0  0  0  2  1  0  2  0 ] (0.00000082)
[  0  0  0  0  2  1  1  0  0 ] (0.00099022)
[  0  0  0  0  2  1  1  0  1 ] (0.00000566)
[  0  0  0  0  2  1  1  1  0 ] (0.00006692)
[  0  0  0  0  2  1  2  0  0 ] (0.00081584)
[  0  0  0  0  2  2  0  0  0 ] (0.00000624)
[  0  0  0  0  2  2  0  0  1 ] (0.00715502)
[  0  0  0  0  2  2  0  1  0 ] (0.00031959)
[  0  0  0  0  2  2  1  0  0 ] (0.00131827)
[  0  0  0  0  2  3  0  0  0 ] (0.00018478)
[  0  0  0  0  3  0  0  0  0 ] (0.00000142)
[  0  0  0  0  3  0  0  0  1 ] (0.00138277)
[  0  0  0  0  3  0  0  0  2 ] (0.00134858)
[  0  0  0  0  3  0  0  1  0 ] (0.00094271)
[  0  0  0  0  3  0  0  1  1 ] (0.00048581)
[  0  0  0  0  3  0  0  2  0 ] (0.00151602)
[  0  0  0  0  3  0  1  0  0 ] (0.00003190)
[  0  0  0  0  3  0  1  0  1 ] (0.00000339)
[  0  0  0  0  3  0  1  1  0 ] (0.00026083)
[  0  0  0  0  3  0  2  0  0 ] (0.00013033)
[  0  0  0  0  3  1  0  0  0 ] (0.00029987)
[  0  0  0  0  3  1  0  0  1 ] (0.01898906)
[  0  0  0  0  3  1  0  1  0 ] (0.01697664)
[  0  0  0  0  3  1  1  0  0 ] (0.00005440)
[  0  0  0  0  3  2  0  0  0 ] (0.00003882)
[  0  0  0  0  4  0  0  0  0 ] (0.00302024)
[  0  0  0  0  4  0  0  0  1 ] (0.04108260)
[  0  0  0  0  4  0  0  1  0 ] (0.00105788)
[  0  0  0  0  4  0  1  0  0 ] (0.01143866)
[  0  0  0  0  4  1  0  0  0 ] (0.00123002)
[  0  0  0  0  5  0  0  0  0 ] (0.00034559)
[  0  0  0  1  0  0  0  0  0 ] (0.00000057)
[  0  0  0  1  0  0  0  0  1 ] (0.00000305)
[  0  0  0  1  0  0  0  0  2 ] (0.00006676)
[  0  0  0  1  0  0  0  0  3 ] (0.00004378)
[  0  0  0  1  0  0  0  0  4 ] (0.00002466)
[  0  0  0  1  0  0  0  1  0 ] (0.00002000)
[  0  0  0  1  0  0  0  1  1 ] (0.00001293)
[  0  0  0  1  0  0  0  1  2 ] (0.00000343)
[  0  0  0  1  0  0  0  1  3 ] (0.00000178)
[  0  0  0  1  0  0  0  2  0 ] (0.00001191)
[  0  0  0  1  0  0  0  2  1 ] (0.00001520)
[  0  0  0  1  0  0  0  2  2 ] (0.00000007)
[  0  0  0  1  0  0  0  3  0 ] (0.00035851)
[  0  0  0  1  0  0  0  3  1 ] (0.00000803)
[  0  0  0  1  0  0  0  4  0 ] (0.00000211)
[  0  0  0  1  0  0  1  0  0 ] (0.00000139)
[  0  0  0  1  0  0  1  0  1 ] (0.00002895)
[  0  0  0  1  0  0  1  0  2 ] (0.00002358)
[  0  0  0  1  0  0  1  0  3 ] (0.00000000)
[  0  0  0  1  0  0  1  1  0 ] (0.00022135)
[  0  0  0  1  0  0  1  1  1 ] (0.00000447)
[  0  0  0  1  0  0  1  1  2 ] (0.00001202)
[  0  0  0  1  0  0  1  2  0 ] (0.00029453)
[  0  0  0  1  0  0  1  2  1 ] (0.00004955)
[  0  0  0  1  0  0  1  3  0 ] (0.00002571)
[  0  0  0  1  0  0  2  0  0 ] (0.00006316)
[  0  0  0  1  0  0  2  0  1 ] (0.00096665)
[  0  0  0  1  0  0  2  0  2 ] (0.00025370)
[  0  0  0  1  0  0  2  1  0 ] (0.00000686)
[  0  0  0  1  0  0  2  1  1 ] (0.00000514)
[  0  0  0  1  0  0  2  2  0 ] (0.00002822)
[  0  0  0  1  0  0  3  0  0 ] (0.00000768)
[  0  0  0  1  0  0  3  0  1 ] (0.00000524)
[  0  0  0  1  0  0  3  1  0 ] (0.00002760)
[  0  0  0  1  0  0  4  0  0 ] (0.00012056)
[  0  0  0  1  0  1  0  0  0 ] (0.00000000)
[  0  0  0  1  0  1  0  0  1 ] (0.00000682)
[  0  0  0  1  0  1  0  0  2 ] (0.00036924)
[  0  0  0  1  0  1  0  0  3 ] (0.00001475)
[  0  0  0  1  0  1  0  1  0 ] (0.00004550)
[  0  0  0  1  0  1  0  1  1 ] (0.00092290)
[  0  0  0  1  0  1  0  1  2 ] (0.00001452)
[  0  0  0  1  0  1  0  2  0 ] (0.00002258)
[  0  0  0  1  0  1  0  2  1 ] (0.00002214)
[  0  0  0  1  0  1  0  3  0 ] (0.00002228)
[  0  0  0  1  0  1  1  0  0 ] (0.00000067)
[  0  0  0  1  0  1  1  0  1 ] (0.00001882)
[  0  0  0  1  0  1  1  0  2 ] (0.00001547)
[  0  0  0  1  0  1  1  1  0 ] (0.00010125)
[  0  0  0  1  0  1  1  1  1 ] (0.00000645)
[  0  0  0  1  0  1  1  2  0 ] (0.00000010)
[  0  0  0  1  0  1  2  0  0 ] (0.00000029)
[  0  0  0  1  0  1  2  0  1 ] (0.00012324)
[  0  0  0  1  0  1  2  1  0 ] (0.00004036)
[  0  0  0  1  0  1  3  0  0 ] (0.00000037)
[  0  0  0  1  0  2  0  0  0 ] (0.00000849)
[  0  0  0  1  0  2  0  0  1 ] (0.00060190)
[  0  0  0  1  0  2  0  0  2 ] (0.00021548)
[  0  0  0  1  0  2  0  1  0 ] (0.00001652)
[  0  0  0  1  0  2  0  1  1 ] (0.00001277)
[  0  0  0  1  0  2  0  2  0 ] (0.00001683)
[  0  0  0  1  0  2  1  0  0 ] (0.00003108)
[  0  0  0  1  0  2  1  0  1 ] (0.00001637)
[  0  0  0  1  0  2  1  1  0 ] (0.00000322)
[  0  0  0  1  0  2  2  0  0 ] (0.00052447)
[  0  0  0  1  0  3  0  0  0 ] (0.00000111)
[  0  0  0  1  0  3  0  0  1 ] (0.00034101)
[  0  0  0  1  0  3  0  1  0 ] (0.00006955)
[  0  0  0  1  0  3  1  0  0 ] (0.00039696)
[  0  0  0  1  0  4  0  0  0 ] (0.00007842)
[  0  0  0  1  1  0  0  0  0 ] (0.00000586)
[  0  0  0  1  1  0  0  0  1 ] (0.00000629)
[  0  0  0  1  1  0  0  0  2 ] (0.00354217)
[  0  0  0  1  1  0  0  0  3 ] (0.00004303)
[  0  0  0  1  1  0  0  1  0 ] (0.00002838)
[  0  0  0  1  1  0  0  1  1 ] (0.00001992)
[  0  0  0  1  1  0  0  1  2 ] (0.00000471)
[  0  0  0  1  1  0  0  2  0 ] (0.00001354)
[  0  0  0  1  1  0  0  2  1 ] (0.00000023)
[  0  0  0  1  1  0  0  3  0 ] (0.00004362)
[  0  0  0  1  1  0  1  0  0 ] (0.00000553)
[  0  0  0  1  1  0  1  0  1 ] (0.00063530)
[  0  0  0  1  1  0  1  0  2 ] (0.00004676)
[  0  0  0  1  1  0  1  1  0 ] (0.00187873)
[  0  0  0  1  1  0  1  1  1 ] (0.00023671)
[  0  0  0  1  1  0  1  2  0 ] (0.00000089)
[  0  0  0  1  1  0  2  0  0 ] (0.00000162)
[  0  0  0  1  1  0  2  0  1 ] (0.00003919)
[  0  0  0  1  1  0  2  1  0 ] (0.00005253)
[  0  0  0  1  1  0  3  0  0 ] (0.00001882)
[  0  0  0  1  1  1  0  0  0 ] (0.00010716)
[  0  0  0  1  1  1  0  0  1 ] (0.00003319)
[  0  0  0  1  1  1  0  0  2 ] (0.00285102)
[  0  0  0  1  1  1  0  1  0 ] (0.00004868)
[  0  0  0  1  1  1  0  1  1 ] (0.00003355)
[  0  0  0  1  1  1  0  2  0 ] (0.00000113)
[  0  0  0  1  1  1  1  0  0 ] (0.00000361)
[  0  0  0  1  1  1  1  0  1 ] (0.00008023)
[  0  0  0  1  1  1  1  1  0 ] (0.00012781)
[  0  0  0  1  1  1  2  0  0 ] (0.00036202)
[  0  0  0  1  1  2  0  0  0 ] (0.00001941)
[  0  0  0  1  1  2  0  0  1 ] (0.00000022)
[  0  0  0  1  1  2  0  1  0 ] (0.00000106)
[  0  0  0  1  1  2  1  0  0 ] (0.00042727)
[  0  0  0  1  1  3  0  0  0 ] (0.00023106)
[  0  0  0  1  2  0  0  0  0 ] (0.00003280)
[  0  0  0  1  2  0  0  0  1 ] (0.00065381)
[  0  0  0  1  2  0  0  0  2 ] (0.00000012)
[  0  0  0  1  2  0  0  1  0 ] (0.00009255)
[  0  0  0  1  2  0  0  1  1 ] (0.00008893)
[  0  0  0  1  2  0  0  2  0 ] (0.00001440)
[  0  0  0  1  2  0  1  0  0 ] (0.00002978)
[  0  0  0  1  2  0  1  0  1 ] (0.00001527)
[  0  0  0  1  2  0  1  1  0 ] (0.00000624)
[  0  0  0  1  2  0  2  0  0 ] (0.01813495)
[  0  0  0  1  2  1  0  0  0 ] (0.00018253)
[  0  0  0  1  2  1  0  0  1 ] (0.00005875)
[  0  0  0  1  2  1  0  1  0 ] (0.00008855)
[  0  0  0  1  2  1  1  0  0 ] (0.00142459)
[  0  0  0  1  2  2  0  0  0 ] (0.00009394)
[  0  0  0  1  3  0  0  0  0 ] (0.00004380)
[  0  0  0  1  3  0  0  0  1 ] (0.00000255)
[  0  0  0  1  3  0  0  1  0 ] (0.00856719)
[  0  0  0  1  3  0  1  0  0 ] (0.00000642)
[  0  0  0  1  3  1  0  0  0 ] (0.00001351)
[  0  0  0  1  4  0  0  0  0 ] (0.00039885)
[  0  0  0  2  0  0  0  0  0 ] (0.00003589)
[  0  0  0  2  0  0  0  0  1 ] (0.00026407)
[  0  0  0  2  0  0  0  0  2 ] (0.00029447)
[  0  0  0  2  0  0  0  0  3 ] (0.00025140)
[  0  0  0  2  0  0  0  1  0 ] (0.00003109)
[  0  0  0  2  0  0  0  1  1 ] (0.00001479)
[  0  0  0  2  0  0  0  1  2 ] (0.00000160)
[  0  0  0  2  0  0  0  2  0 ] (0.00000416)
[  0  0  0  2  0  0  0  2  1 ] (0.00001272)
[  0  0  0  2  0  0  0  3  0 ] (0.00063613)
[  0  0  0  2  0  0  1  0  0 ] (0.00001563)
[  0  0  0  2  0  0  1  0  1 ] (0.00016625)
[  0  0  0  2  0  0  1  0  2 ] (0.00007779)
[  0  0  0  2  0  0  1  1  0 ] (0.00000404)
[  0  0  0  2  0  0  1  1  1 ] (0.00000055)
[  0  0  0  2  0  0  1  2  0 ] (0.00000470)
[  0  0  0  2  0  0  2  0  0 ] (0.00010234)
[  0  0  0  2  0  0  2  0  1 ] (0.00004663)
[  0  0  0  2  0  0  2  1  0 ] (0.00000049)
[  0  0  0  2  0  0  3  0  0 ] (0.00038442)
[  0  0  0  2  0  1  0  0  0 ] (0.00001999)
[  0  0  0  2  0  1  0  0  1 ] (0.00121646)
[  0  0  0  2  0  1  0  0  2 ] (0.00623948)
[  0  0  0  2  0  1  0  1  0 ] (0.00005369)
[  0  0  0  2  0  1  0  1  1 ] (0.00001917)
[  0  0  0  2  0  1  0  2  0 ] (0.00015401)
[  0  0  0  2  0  1  1  0  0 ] (0.00007518)
[  0  0  0  2  0  1  1  0  1 ] (0.00043387)
[  0  0  0  2  0  1  1  1  0 ] (0.00007446)
[  0  0  0  2  0  1  2  0  0 ] (0.00090504)
[  0  0  0  2  0  2  0  0  0 ] (0.00004573)
[  0  0  0  2  0  2  0  0  1 ] (0.00277973)
[  0  0  0  2  0  2  0  1  0 ] (0.00012304)
[  0  0  0  2  0  2  1  0  0 ] (0.00000807)
[  0  0  0  2  0  3  0  0  0 ] (0.00003299)
[  0  0  0  2  1  0  0  0  0 ] (0.00000065)
[  0  0  0  2  1  0  0  0  1 ] (0.00015372)
[  0  0  0  2  1  0  0  0  2 ] (0.00018163)
[  0  0  0  2  1  0  0  1  0 ] (0.00005952)
[  0  0  0  2  1  0  0  1  1 ] (0.00003073)
[  0  0  0  2  1  0  0  2  0 ] (0.00005558)
[  0  0  0  2  1  0  1  0  0 ] (0.00000145)
[  0  0  0  2  1  0  1  0  1 ] (0.00023401)
[  0  0  0  2  1  0  1  1  0 ] (0.00005821)
[  0  0  0  2  1  0  2  0  0 ] (0.00032549)
[  0  0  0  2  1  1  0  0  0 ] (0.00000849)
[  0  0  0  2  1  1  0  0  1 ] (0.00035310)
[  0  0  0  2  1  1  0  1  0 ] (0.00223651)
[  0  0  0  2  1  1  1  0  0 ] (0.00000001)
[  0  0  0  2  1  2  0  0  0 ] (0.00003098)
[  0  0  0  2  2  0  0  0  0 ] (0.00344719)
[  0  0  0  2  2  0  0  0  1 ] (0.01461318)
[  0  0  0  2  2  0  0  1  0 ] (0.00070359)
[  0  0  0  2  2  0  1  0  0 ] (0.00800113)
[  0  0  0  2  2  1  0  0  0 ] (0.00245399)
[  0  0  0  2  3  0  0  0  0 ] (0.00040015)
[  0  0  0  3  0  0  0  0  0 ] (0.00000229)
[  0  0  0  3  0  0  0  0  1 ] (0.00010497)
[  0  0  0  3  0  0  0  0  2 ] (0.00012306)
[  0  0  0  3  0  0  0  1  0 ] (0.00001301)
[  0  0  0  3  0  0  0  1  1 ] (0.00006731)
[  0  0  0  3  0  0  0  2  0 ] (0.00020460)
[  0  0  0  3  0  0  1  0  0 ] (0.00001557)
[  0  0  0  3  0  0  1  0  1 ] (0.00049334)
[  0  0  0  3  0  0  1  1  0 ] (0.00000043)
[  0  0  0  3  0  0  2  0  0 ] (0.00000190)
[  0  0  0  3  0  1  0  0  0 ] (0.00000062)
[  0  0  0  3  0  1  0  0  1 ] (0.00013803)
[  0  0  0  3  0  1  0  1  0 ] (0.00005751)
[  0  0  0  3  0  1  1  0  0 ] (0.00001537)
[  0  0  0  3  0  2  0  0  0 ] (0.00000021)
[  0  0  0  3  1  0  0  0  0 ] (0.00000006)
[  0  0  0  3  1  0  0  0  1 ] (0.00010502)
[  0  0  0  3  1  0  0  1  0 ] (0.00000001)
[  0  0  0  3  1  0  1  0  0 ] (0.00005322)
[  0  0  0  3  1  1  0  0  0 ] (0.00003842)
[  0  0  0  3  2  0  0  0  0 ] (0.00014743)
[  0  0  0  4  0  0  0  0  0 ] (0.00000546)
[  0  0  0  4  0  0  0  0  1 ] (0.00007198)
[  0  0  0  4  0  0  0  1  0 ] (0.00076444)
[  0  0  0  4  0  0  1  0  0 ] (0.00001838)
[  0  0  0  4  0  1  0  0  0 ] (0.00001098)
[  0  0  0  4  1  0  0  0  0 ] (0.00006281)
[  0  0  0  5  0  0  0  0  0 ] (0.00005765)
[  0  0  1  0  0  0  0  0  0 ] (0.00000045)
[  0  0  1  0  0  0  0  0  1 ] (0.00000033)
[  0  0  1  0  0  0  0  0  2 ] (0.00002438)
[  0  0  1  0  0  0  0  0  3 ] (0.00014715)
[  0  0  1  0  0  0  0  0  4 ] (0.00001207)
[  0  0  1  0  0  0  0  1  0 ] (0.00000034)
[  0  0  1  0  0  0  0  1  1 ] (0.00007704)
[  0  0  1  0  0  0  0  1  2 ] (0.00000163)
[  0  0  1  0  0  0  0  1  3 ] (0.00000001)
[  0  0  1  0  0  0  0  2  0 ] (0.00018560)
[  0  0  1  0  0  0  0  2  1 ] (0.00049376)
[  0  0  1  0  0  0  0  2  2 ] (0.00005198)
[  0  0  1  0  0  0  0  3  0 ] (0.00002307)
[  0  0  1  0  0  0  0  3  1 ] (0.00001490)
[  0  0  1  0  0  0  0  4  0 ] (0.00000003)
[  0  0  1  0  0  0  1  0  0 ] (0.00000777)
[  0  0  1  0  0  0  1  0  1 ] (0.00002992)
[  0  0  1  0  0  0  1  0  2 ] (0.00020094)
[  0  0  1  0  0  0  1  0  3 ] (0.00000548)
[  0  0  1  0  0  0  1  1  0 ] (0.00003333)
[  0  0  1  0  0  0  1  1  1 ] (0.00004414)
[  0  0  1  0  0  0  1  1  2 ] (0.00000350)
[  0  0  1  0  0  0  1  2  0 ] (0.00396554)
[  0  0  1  0  0  0  1  2  1 ] (0.00066910)
[  0  0  1  0  0  0  1  3  0 ] (0.00000269)
[  0  0  1  0  0  0  2  0  0 ] (0.00002762)
[  0  0  1  0  0  0  2  0  1 ] (0.00000025)
[  0  0  1  0  0  0  2  0  2 ] (0.00002700)
[  0  0  1  0  0  0  2  1  0 ] (0.00003616)
[  0  0  1  0  0  0  2  1  1 ] (0.00000603)
[  0  0  1  0  0  0  2  2  0 ] (0.00029292)
[  0  0  1  0  0  0  3  0  0 ] (0.00002431)
[  0  0  1  0  0  0  3  0  1 ] (0.00001255)
[  0  0  1  0  0  0  3  1  0 ] (0.00002259)
[  0  0  1  0  0  0  4  0  0 ] (0.00006828)
[  0  0  1  0  0  1  0  0  0 ] (0.00000000)
[  0  0  1  0  0  1  0  0  1 ] (0.00000614)
[  0  0  1  0  0  1  0  0  2 ] (0.00020217)
[  0  0  1  0  0  1  0  0  3 ] (0.00000096)
[  0  0  1  0  0  1  0  1  0 ] (0.00004306)
[  0  0  1  0  0  1  0  1  1 ] (0.00001050)
[  0  0  1  0  0  1  0  1  2 ] (0.00000050)
[  0  0  1  0  0  1  0  2  0 ] (0.00000143)
[  0  0  1  0  0  1  0  2  1 ] (0.00003138)
[  0  0  1  0  0  1  0  3  0 ] (0.00000579)
[  0  0  1  0  0  1  1  0  0 ] (0.00002099)
[  0  0  1  0  0  1  1  0  1 ] (0.00099537)
[  0  0  1  0  0  1  1  0  2 ] (0.00006954)
[  0  0  1  0  0  1  1  1  0 ] (0.00014291)
[  0  0  1  0  0  1  1  1  1 ] (0.00000069)
[  0  0  1  0  0  1  1  2  0 ] (0.00002775)
[  0  0  1  0  0  1  2  0  0 ] (0.00018723)
[  0  0  1  0  0  1  2  0  1 ] (0.00016961)
[  0  0  1  0  0  1  2  1  0 ] (0.00000464)
[  0  0  1  0  0  1  3  0  0 ] (0.00000094)
[  0  0  1  0  0  2  0  0  0 ] (0.00000078)
[  0  0  1  0  0  2  0  0  1 ] (0.00002882)
[  0  0  1  0  0  2  0  0  2 ] (0.00080926)
[  0  0  1  0  0  2  0  1  0 ] (0.00000587)
[  0  0  1  0  0  2  0  1  1 ] (0.00007648)
[  0  0  1  0  0  2  0  2  0 ] (0.00073345)
[  0  0  1  0  0  2  1  0  0 ] (0.00000246)
[  0  0  1  0  0  2  1  0  1 ] (0.00001384)
[  0  0  1  0  0  2  1  1  0 ] (0.00003628)
[  0  0  1  0  0  2  2  0  0 ] (0.00076736)
[  0  0  1  0  0  3  0  0  0 ] (0.00002009)
[  0  0  1  0  0  3  0  0  1 ] (0.00040918)
[  0  0  1  0  0  3  0  1  0 ] (0.00000296)
[  0  0  1  0  0  3  1  0  0 ] (0.00193950)
[  0  0  1  0  0  4  0  0  0 ] (0.00003065)
[  0  0  1  0  1  0  0  0  0 ] (0.00000446)
[  0  0  1  0  1  0  0  0  1 ] (0.00012952)
[  0  0  1  0  1  0  0  0  2 ] (0.00152463)
[  0  0  1  0  1  0  0  0  3 ] (0.00000099)
[  0  0  1  0  1  0  0  1  0 ] (0.00005169)
[  0  0  1  0  1  0  0  1  1 ] (0.00040415)
[  0  0  1  0  1  0  0  1  2 ] (0.00006056)
[  0  0  1  0  1  0  0  2  0 ] (0.00000002)
[  0  0  1  0  1  0  0  2  1 ] (0.00000563)
[  0  0  1  0  1  0  0  3  0 ] (0.00000633)
[  0  0  1  0  1  0  1  0  0 ] (0.00006704)
[  0  0  1  0  1  0  1  0  1 ] (0.00010364)
[  0  0  1  0  1  0  1  0  2 ] (0.00000036)
[  0  0  1  0  1  0  1  1  0 ] (0.00064954)
[  0  0  1  0  1  0  1  1  1 ] (0.00014777)
[  0  0  1  0  1  0  1  2  0 ] (0.00002385)
[  0  0  1  0  1  0  2  0  0 ] (0.00004794)
[  0  0  1  0  1  0  2  0  1 ] (0.00001075)
[  0  0  1  0  1  0  2  1  0 ] (0.00001441)
[  0  0  1  0  1  0  3  0  0 ] (0.00071190)
[  0  0  1  0  1  1  0  0  0 ] (0.00000777)
[  0  0  1  0  1  1  0  0  1 ] (0.00002352)
[  0  0  1  0  1  1  0  0  2 ] (0.00096999)
[  0  0  1  0  1  1  0  1  0 ] (0.00001321)
[  0  0  1  0  1  1  0  1  1 ] (0.00001717)
[  0  0  1  0  1  1  0  2  0 ] (0.00002379)
[  0  0  1  0  1  1  1  0  0 ] (0.00007884)
[  0  0  1  0  1  1  1  0  1 ] (0.00000061)
[  0  0  1  0  1  1  1  1  0 ] (0.00007806)
[  0  0  1  0  1  1  2  0  0 ] (0.00216312)
[  0  0  1  0  1  2  0  0  0 ] (0.00003186)
[  0  0  1  0  1  2  0  0  1 ] (0.00101113)
[  0  0  1  0  1  2  0  1  0 ] (0.00045062)
[  0  0  1  0  1  2  1  0  0 ] (0.00033177)
[  0  0  1  0  1  3  0  0  0 ] (0.00005252)
[  0  0  1  0  2  0  0  0  0 ] (0.00000086)
[  0  0  1  0  2  0  0  0  1 ] (0.00003833)
[  0  0  1  0  2  0  0  0  2 ] (0.00077895)
[  0  0  1  0  2  0  0  1  0 ] (0.00002311)
[  0  0  1  0  2  0  0  1  1 ] (0.00000833)
[  0  0  1  0  2  0  0  2  0 ] (0.00000499)
[  0  0  1  0  2  0  1  0  0 ] (0.00010067)
[  0  0  1  0  2  0  1  0  1 ] (0.00014903)
[  0  0  1  0  2  0  1  1  0 ] (0.00011454)
[  0  0  1  0  2  0  2  0  0 ] (0.00192576)
[  0  0  1  0  2  1  0  0  0 ] (0.00029097)
[  0  0  1  0  2  1  0  0  1 ] (0.00345018)
[  0  0  1  0  2  1  0  1  0 ] (0.00112126)
[  0  0  1  0  2  1  1  0  0 ] (0.00243771)
[  0  0  1  0  2  2  0  0  0 ] (0.00007806)
[  0  0  1  0  3  0  0  0  0 ] (0.00002669)
[  0  0  1  0  3  0  0  0  1 ] (0.00107661)
[  0  0  1  0  3  0  0  1  0 ] (0.00001097)
[  0  0  1  0  3  0  1  0  0 ] (0.00000849)
[  0  0  1  0  3  1  0  0  0 ] (0.00001718)
[  0  0  1  0  4  0  0  0  0 ] (0.00066606)
[  0  0  1  1  0  0  0  0  0 ] (0.00000095)
[  0  0  1  1  0  0  0  0  1 ] (0.00001105)
[  0  0  1  1  0  0  0  0  2 ] (0.00021520)
[  0  0  1  1  0  0  0  0  3 ] (0.00000146)
[  0  0  1  1  0  0  0  1  0 ] (0.00004430)
[  0  0  1  1  0  0  0  1  1 ] (0.00027494)
[  0  0  1  1  0  0  0  1  2 ] (0.00000465)
[  0  0  1  1  0  0  0  2  0 ] (0.00000026)
[  0  0  1  1  0  0  0  2  1 ] (0.00001376)
[  0  0  1  1  0  0  0  3  0 ] (0.00029354)
[  0  0  1  1  0  0  1  0  0 ] (0.00012832)
[  0  0  1  1  0  0  1  0  1 ] (0.00078590)
[  0  0  1  1  0  0  1  0  2 ] (0.00015788)
[  0  0  1  1  0  0  1  1  0 ] (0.00000637)
[  0  0  1  1  0  0  1  1  1 ] (0.00001733)
[  0  0  1  1  0  0  1  2  0 ] (0.00000793)
[  0  0  1  1  0  0  2  0  0 ] (0.00001432)
[  0  0  1  1  0  0  2  0  1 ] (0.00003642)
[  0  0  1  1  0  0  2  1  0 ] (0.00000214)
[  0  0  1  1  0  0  3  0  0 ] (0.00113701)
[  0  0  1  1  0  1  0  0  0 ] (0.00000003)
[  0  0  1  1  0  1  0  0  1 ] (0.00006184)
[  0  0  1  1  0  1  0  0  2 ] (0.00001767)
[  0  0  1  1  0  1  0  1  0 ] (0.00055816)
[  0  0  1  1  0  1  0  1  1 ] (0.00001298)
[  0  0  1  1  0  1  0  2  0 ] (0.00000065)
[  0  0  1  1  0  1  1  0  0 ] (0.00001692)
[  0  0  1  1  0  1  1  0  1 ] (0.00049271)
[  0  0  1  1  0  1  1  1  0 ] (0.00006721)
[  0  0  1  1  0  1  2  0  0 ] (0.00016668)
[  0  0  1  1  0  2  0  0  0 ] (0.00000007)
[  0  0  1  1  0  2  0  0  1 ] (0.00216267)
[  0  0  1  1  0  2  0  1  0 ] (0.00528859)
[  0  0  1  1  0  2  1  0  0 ] (0.00009064)
[  0  0  1  1  0  3  0  0  0 ] (0.00000095)
[  0  0  1  1  1  0  0  0  0 ] (0.00001087)
[  0  0  1  1  1  0  0  0  1 ] (0.00004566)
[  0  0  1  1  1  0  0  0  2 ] (0.00007119)
[  0  0  1  1  1  0  0  1  0 ] (0.00015196)
[  0  0  1  1  1  0  0  1  1 ] (0.00009062)
[  0  0  1  1  1  0  0  2  0 ] (0.00000358)
[  0  0  1  1  1  0  1  0  0 ] (0.00001652)
[  0  0  1  1  1  0  1  0  1 ] (0.00000808)
[  0  0  1  1  1  0  1  1  0 ] (0.00013005)
[  0  0  1  1  1  0  2  0  0 ] (0.00365195)
[  0  0  1  1  1  1  0  0  0 ] (0.00004189)
[  0  0  1  1  1  1  0  0  1 ] (0.00292670)
[  0  0  1  1  1  1  0  1  0 ] (0.00046435)
[  0  0  1  1  1  1  1  0  0 ] (0.00027939)
[  0  0  1  1  1  2  0  0  0 ] (0.00001173)
[  0  0  1  1  2  0  0  0  0 ] (0.00138703)
[  0  0  1  1  2  0  0  0  1 ] (0.05587750)
[  0  0  1  1  2  0  0  1  0 ] (0.00225275)
[  0  0  1  1  2  0  1  0  0 ] (0.00294914)
[  0  0  1  1  2  1  0  0  0 ] (0.00030227)
[  0  0  1  1  3  0  0  0  0 ] (0.00001821)
[  0  0  1  2  0  0  0  0  0 ] (0.00006169)
[  0  0  1  2  0  0  0  0  1 ] (0.00065496)
[  0  0  1  2  0  0  0  0  2 ] (0.05766653)
[  0  0  1  2  0  0  0  1  0 ] (0.00000121)
[  0  0  1  2  0  0  0  1  1 ] (0.00002270)
[  0  0  1  2  0  0  0  2  0 ] (0.00206823)
[  0  0  1  2  0  0  1  0  0 ] (0.00000565)
[  0  0  1  2  0  0  1  0  1 ] (0.00015240)
[  0  0  1  2  0  0  1  1  0 ] (0.00000576)
[  0  0  1  2  0  0  2  0  0 ] (0.00084246)
[  0  0  1  2  0  1  0  0  0 ] (0.00011922)
[  0  0  1  2  0  1  0  0  1 ] (0.00012972)
[  0  0  1  2  0  1  0  1  0 ] (0.00002399)
[  0  0  1  2  0  1  1  0  0 ] (0.00004719)
[  0  0  1  2  0  2  0  0  0 ] (0.00009874)
[  0  0  1  2  1  0  0  0  0 ] (0.00023237)
[  0  0  1  2  1  0  0  0  1 ] (0.00428741)
[  0  0  1  2  1  0  0  1  0 ] (0.00597493)
[  0  0  1  2  1  0  1  0  0 ] (0.00043107)
[  0  0  1  2  1  1  0  0  0 ] (0.00009007)
[  0  0  1  2  2  0  0  0  0 ] (0.00014018)
[  0  0  1  3  0  0  0  0  0 ] (0.00000005)
[  0  0  1  3  0  0  0  0  1 ] (0.00027119)
[  0  0  1  3  0  0  0  1  0 ] (0.00004674)
[  0  0  1  3  0  0  1  0  0 ] (0.00000299)
[  0  0  1  3  0  1  0  0  0 ] (0.00000329)
[  0  0  1  3  1  0  0  0  0 ] (0.00001272)
[  0  0  1  4  0  0  0  0  0 ] (0.00000364)
[  0  0  2  0  0  0  0  0  0 ] (0.00000043)
[  0  0  2  0  0  0  0  0  1 ] (0.00000000)
[  0  0  2  0  0  0  0  0  2 ] (0.00029835)
[  0  0  2  0  0  0  0  0  3 ] (0.00000275)
[  0  0  2  0  0  0  0  1  0 ] (0.00000893)
[  0  0  2  0  0  0  0  1  1 ] (0.00005557)
[  0  0  2  0  0  0  0  1  2 ] (0.00005654)
[  0  0  2  0  0  0  0  2  0 ] (0.00000013)
[  0  0  2  0  0  0  0  2  1 ] (0.00000752)
[  0  0  2  0  0  0  0  3  0 ] (0.00005076)
[  0  0  2  0  0  0  1  0  0 ] (0.00000718)
[  0  0  2  0  0  0  1  0  1 ] (0.00003288)
[  0  0  2  0  0  0  1  0  2 ] (0.00002302)
[  0  0  2  0  0  0  1  1  0 ] (0.00000165)
[  0  0  2  0  0  0  1  1  1 ] (0.00003121)
[  0  0  2  0  0  0  1  2  0 ] (0.00002659)
[  0  0  2  0  0  0  2  0  0 ] (0.00000402)
[  0  0  2  0  0  0  2  0  1 ] (0.00000031)
[  0  0  2  0  0  0  2  1  0 ] (0.00000482)
[  0  0  2  0  0  0  3  0  0 ] (0.00001974)
[  0  0  2  0  0  1  0  0  0 ] (0.00000138)
[  0  0  2  0  0  1  0  0  1 ] (0.00000817)
[  0  0  2  0  0  1  0  0  2 ] (0.00522750)
[  0  0  2  0  0  1  0  1  0 ] (0.00003610)
[  0  0  2  0  0  1  0  1  1 ] (0.00008643)
[  0  0  2  0  0  1  0  2  0 ] (0.00005732)
[  0  0  2  0  0  1  1  0  0 ] (0.00000021)
[  0  0  2  0  0  1  1  0  1 ] (0.00007606)
[  0  0  2  0  0  1  1  1  0 ] (0.00000638)
[  0  0  2  0  0  1  2  0  0 ] (0.00034664)
[  0  0  2  0  0  2  0  0  0 ] (0.00000169)
[  0  0  2  0  0  2  0  0  1 ] (0.00001610)
[  0  0  2  0  0  2  0  1  0 ] (0.00006282)
[  0  0  2  0  0  2  1  0  0 ] (0.00000962)
[  0  0  2  0  0  3  0  0  0 ] (0.00000401)
[  0  0  2  0  1  0  0  0  0 ] (0.00000055)
[  0  0  2  0  1  0  0  0  1 ] (0.00027517)
[  0  0  2  0  1  0  0  0  2 ] (0.00002577)
[  0  0  2  0  1  0  0  1  0 ] (0.00003416)
[  0  0  2  0  1  0  0  1  1 ] (0.00000273)
[  0  0  2  0  1  0  0  2  0 ] (0.00005099)
[  0  0  2  0  1  0  1  0  0 ] (0.00003390)
[  0  0  2  0  1  0  1  0  1 ] (0.00004843)
[  0  0  2  0  1  0  1  1  0 ] (0.00003962)
[  0  0  2  0  1  0  2  0  0 ] (0.00020178)
[  0  0  2  0  1  1  0  0  0 ] (0.00001622)
[  0  0  2  0  1  1  0  0  1 ] (0.00187559)
[  0  0  2  0  1  1  0  1  0 ] (0.00049799)
[  0  0  2  0  1  1  1  0  0 ] (0.00007782)
[  0  0  2  0  1  2  0  0  0 ] (0.00000039)
[  0  0  2  0  2  0  0  0  0 ] (0.00016945)
[  0  0  2  0  2  0  0  0  1 ] (0.00301727)
[  0  0  2  0  2  0  0  1  0 ] (0.00120385)
[  0  0  2  0  2  0  1  0  0 ] (0.00014361)
[  0  0  2  0  2  1  0  0  0 ] (0.00002089)
[  0  0  2  0  3  0  0  0  0 ] (0.00001652)
[  0  0  2  1  0  0  0  0  0 ] (0.00000076)
[  0  0  2  1  0  0  0  0  1 ] (0.00014249)
[  0  0  2  1  0  0  0  0  2 ] (0.01679183)
[  0  0  2  1  0  0  0  1  0 ] (0.00000917)
[  0  0  2  1  0  0  0  1  1 ] (0.00000028)
[  0  0  2  1  0  0  0  2  0 ] (0.00000308)
[  0  0  2  1  0  0  1  0  0 ] (0.00000966)
[  0  0  2  1  0  0  1  0  1 ] (0.00016355)
[  0  0  2  1  0  0  1  1  0 ] (0.00013604)
[  0  0  2  1  0  0  2  0  0 ] (0.00000689)
[  0  0  2  1  0  1  0  0  0 ] (0.00001207)
[  0  0  2  1  0  1  0  0  1 ] (0.00019246)
[  0  0  2  1  0  1  0  1  0 ] (0.00000409)
[  0  0  2  1  0  1  1  0  0 ] (0.00000032)
[  0  0  2  1  0  2  0  0  0 ] (0.00000681)
[  0  0  2  1  1  0  0  0  0 ] (0.00039889)
[  0  0  2  1  1  0  0  0  1 ] (0.01164076)
[  0  0  2  1  1  0  0  1  0 ] (0.00778204)
[  0  0  2  1  1  0  1  0  0 ] (0.00000862)
[  0  0  2  1  1  1  0  0  0 ] (0.00010944)
[  0  0  2  1  2  0  0  0  0 ] (0.00006604)
[  0  0  2  2  0  0  0  0  0 ] (0.00000086)
[  0  0  2  2  0  0  0  0  1 ] (0.00005168)
[  0  0  2  2  0  0  0  1  0 ] (0.00000005)
[  0  0  2  2  0  0  1  0  0 ] (0.00000462)
[  0  0  2  2  0  1  0  0  0 ] (0.00000017)
[  0  0  2  2  1  0  0  0  0 ] (0.00000239)
[  0  0  2  3  0  0  0  0  0 ] (0.00000517)
[  0  0  3  0  0  0  0  0  0 ] (0.00000083)
[  0  0  3  0  0  0  0  0  1 ] (0.00001786)
[  0  0  3  0  0  0  0  0  2 ] (0.00009966)
[  0  0  3  0  0  0  0  1  0 ] (0.00000001)
[  0  0  3  0  0  0  0  1  1 ] (0.00006978)
[  0  0  3  0  0  0  0  2  0 ] (0.00000574)
[  0  0  3  0  0  0  1  0  0 ] (0.00000960)
[  0  0  3  0  0  0  1  0  1 ] (0.00011890)
[  0  0  3  0  0  0  1  1  0 ] (0.00038380)
[  0  0  3  0  0  0  2  0  0 ] (0.00000043)
[  0  0  3  0  0  1  0  0  0 ] (0.00000682)
[  0  0  3  0  0  1  0  0  1 ] (0.00001119)
[  0  0  3  0  0  1  0  1  0 ] (0.00011267)
[  0  0  3  0  0  1  1  0  0 ] (0.00000071)
[  0  0  3  0  0  2  0  0  0 ] (0.00000137)
[  0  0  3  0  1  0  0  0  0 ] (0.00000476)
[  0  0  3  0  1  0  0  0  1 ] (0.00004039)
[  0  0  3  0  1  0  0  1  0 ] (0.00000014)
[  0  0  3  0  1  0  1  0  0 ] (0.00000000)
[  0  0  3  0  1  1  0  0  0 ] (0.00000027)
[  0  0  3  0  2  0  0  0  0 ] (0.00000077)
[  0  0  3  1  0  0  0  0  0 ] (0.00000826)
[  0  0  3  1  0  0  0  0  1 ] (0.00027813)
[  0  0  3  1  0  0  0  1  0 ] (0.00002046)
[  0  0  3  1  0  0  1  0  0 ] (0.00001280)
[  0  0  3  1  0  1  0  0  0 ] (0.00000038)
[  0  0  3  1  1  0  0  0  0 ] (0.00000033)
[  0  0  3  2  0  0  0  0  0 ] (0.00000235)
[  0  0  4  0  0  0  0  0  0 ] (0.00001474)
[  0  0  4  0  0  0  0  0  1 ] (0.00036673)
[  0  0  4  0  0  0  0  1  0 ] (0.00026268)
[  0  0  4  0  0  0  1  0  0 ] (0.00000729)
[  0  0  4  0  0  1  0  0  0 ] (0.00000022)
[  0  0  4  0  1  0  0  0  0 ] (0.00000006)
[  0  0  4  1  0  0  0  0  0 ] (0.00001238)
[  0  0  5  0  0  0  0  0  0 ] (0.00000008)
[  0  1  0  0  0  0  0  0  0 ] (0.00000004)
[  0  1  0  0  0  0  0  0  1 ] (0.00000378)
[  0  1  0  0  0  0  0  0  2 ] (0.00011923)
[  0  1  0  0  0  0  0  0  3 ] (0.00052418)
[  0  1  0  0  0  0  0  0  4 ] (0.00001251)
[  0  1  0  0  0  0  0  1  0 ] (0.00000654)
[  0  1  0  0  0  0  0  1  1 ] (0.00009981)
[  0  1  0  0  0  0  0  1  2 ] (0.00017222)
[  0  1  0  0  0  0  0  1  3 ] (0.00000009)
[  0  1  0  0  0  0  0  2  0 ] (0.00000253)
[  0  1  0  0  0  0  0  2  1 ] (0.00197278)
[  0  1  0  0  0  0  0  2  2 ] (0.00029190)
[  0  1  0  0  0  0  0  3  0 ] (0.00093706)
[  0  1  0  0  0  0  0  3  1 ] (0.00016744)
[  0  1  0  0  0  0  0  4  0 ] (0.00000397)
[  0  1  0  0  0  0  1  0  0 ] (0.00000050)
[  0  1  0  0  0  0  1  0  1 ] (0.00001392)
[  0  1  0  0  0  0  1  0  2 ] (0.00079671)
[  0  1  0  0  0  0  1  0  3 ] (0.00001845)
[  0  1  0  0  0  0  1  1  0 ] (0.00000094)
[  0  1  0  0  0  0  1  1  1 ] (0.00002344)
[  0  1  0  0  0  0  1  1  2 ] (0.00001158)
[  0  1  0  0  0  0  1  2  0 ] (0.00217897)
[  0  1  0  0  0  0  1  2  1 ] (0.00012342)
[  0  1  0  0  0  0  1  3  0 ] (0.00011398)
[  0  1  0  0  0  0  2  0  0 ] (0.00004248)
[  0  1  0  0  0  0  2  0  1 ] (0.00000807)
[  0  1  0  0  0  0  2  0  2 ] (0.00005597)
[  0  1  0  0  0  0  2  1  0 ] (0.00008220)
[  0  1  0  0  0  0  2  1  1 ] (0.00004789)
[  0  1  0  0  0  0  2  2  0 ] (0.00026311)
[  0  1  0  0  0  0  3  0  0 ] (0.00022955)
[  0  1  0  0  0  0  3  0  1 ] (0.00009434)
[  0  1  0  0  0  0  3  1  0 ] (0.00000741)
[  0  1  0  0  0  0  4  0  0 ] (0.00030922)
[  0  1  0  0  0  1  0  0  0 ] (0.00000035)
[  0  1  0  0  0  1  0  0  1 ] (0.00000125)
[  0  1  0  0  0  1  0  0  2 ] (0.00102744)
[  0  1  0  0  0  1  0  0  3 ] (0.00000447)
[  0  1  0  0  0  1  0  1  0 ] (0.00012380)
[  0  1  0  0  0  1  0  1  1 ] (0.00329115)
[  0  1  0  0  0  1  0  1  2 ] (0.00015166)
[  0  1  0  0  0  1  0  2  0 ] (0.00008440)
[  0  1  0  0  0  1  0  2  1 ] (0.00009867)
[  0  1  0  0  0  1  0  3  0 ] (0.00013642)
[  0  1  0  0  0  1  1  0  0 ] (0.00002237)
[  0  1  0  0  0  1  1  0  1 ] (0.00000339)
[  0  1  0  0  0  1  1  0  2 ] (0.00007509)
[  0  1  0  0  0  1  1  1  0 ] (0.00006542)
[  0  1  0  0  0  1  1  1  1 ] (0.00012233)
[  0  1  0  0  0  1  1  2  0 ] (0.00000659)
[  0  1  0  0  0  1  2  0  0 ] (0.00000372)
[  0  1  0  0  0  1  2  0  1 ] (0.00004800)
[  0  1  0  0  0  1  2  1  0 ] (0.00000445)
[  0  1  0  0  0  1  3  0  0 ] (0.00009095)
[  0  1  0  0  0  2  0  0  0 ] (0.00000075)
[  0  1  0  0  0  2  0  0  1 ] (0.00000335)
[  0  1  0  0  0  2  0  0  2 ] (0.00004399)
[  0  1  0  0  0  2  0  1  0 ] (0.00000293)
[  0  1  0  0  0  2  0  1  1 ] (0.00014478)
[  0  1  0  0  0  2  0  2  0 ] (0.00015010)
[  0  1  0  0  0  2  1  0  0 ] (0.00002780)
[  0  1  0  0  0  2  1  0  1 ] (0.00045614)
[  0  1  0  0  0  2  1  1  0 ] (0.00005518)
[  0  1  0  0  0  2  2  0  0 ] (0.00005190)
[  0  1  0  0  0  3  0  0  0 ] (0.00000221)
[  0  1  0  0  0  3  0  0  1 ] (0.00003000)
[  0  1  0  0  0  3  0  1  0 ] (0.01358425)
[  0  1  0  0  0  3  1  0  0 ] (0.00021274)
[  0  1  0  0  0  4  0  0  0 ] (0.00000360)
[  0  1  0  0  1  0  0  0  0 ] (0.00001016)
[  0  1  0  0  1  0  0  0  1 ] (0.00011109)
[  0  1  0  0  1  0  0  0  2 ] (0.00302726)
[  0  1  0  0  1  0  0  0  3 ] (0.00002666)
[  0  1  0  0  1  0  0  1  0 ] (0.00016643)
[  0  1  0  0  1  0  0  1  1 ] (0.00005370)
[  0  1  0  0  1  0  0  1  2 ] (0.00000218)
[  0  1  0  0  1  0  0  2  0 ] (0.00014593)
[  0  1  0  0  1  0  0  2  1 ] (0.00003016)
[  0  1  0  0  1  0  0  3  0 ] (0.00006465)
[  0  1  0  0  1  0  1  0  0 ] (0.00025104)
[  0  1  0  0  1  0  1  0  1 ] (0.01045318)
[  0  1  0  0  1  0  1  0  2 ] (0.00160017)
[  0  1  0  0  1  0  1  1  0 ] (0.00384916)
[  0  1  0  0  1  0  1  1  1 ] (0.00038864)
[  0  1  0  0  1  0  1  2  0 ] (0.00003439)
[  0  1  0  0  1  0  2  0  0 ] (0.00000461)
[  0  1  0  0  1  0  2  0  1 ] (0.00000132)
[  0  1  0  0  1  0  2  1  0 ] (0.00017262)
[  0  1  0  0  1  0  3  0  0 ] (0.00012453)
[  0  1  0  0  1  1  0  0  0 ] (0.00003400)
[  0  1  0  0  1  1  0  0  1 ] (0.00012661)
[  0  1  0  0  1  1  0  0  2 ] (0.00005052)
[  0  1  0  0  1  1  0  1  0 ] (0.00002851)
[  0  1  0  0  1  1  0  1  1 ] (0.00004064)
[  0  1  0  0  1  1  0  2  0 ] (0.00061424)
[  0  1  0  0  1  1  1  0  0 ] (0.00011296)
[  0  1  0  0  1  1  1  0  1 ] (0.00024833)
[  0  1  0  0  1  1  1  1  0 ] (0.00017325)
[  0  1  0  0  1  1  2  0  0 ] (0.00104273)
[  0  1  0  0  1  2  0  0  0 ] (0.00018328)
[  0  1  0  0  1  2  0  0  1 ] (0.00477547)
[  0  1  0  0  1  2  0  1  0 ] (0.00035873)
[  0  1  0  0  1  2  1  0  0 ] (0.00150935)
[  0  1  0  0  1  3  0  0  0 ] (0.00001601)
[  0  1  0  0  2  0  0  0  0 ] (0.00000155)
[  0  1  0  0  2  0  0  0  1 ] (0.00004031)
[  0  1  0  0  2  0  0  0  2 ] (0.00002745)
[  0  1  0  0  2  0  0  1  0 ] (0.00000690)
[  0  1  0  0  2  0  0  1  1 ] (0.00000041)
[  0  1  0  0  2  0  0  2  0 ] (0.00004541)
[  0  1  0  0  2  0  1  0  0 ] (0.00005523)
[  0  1  0  0  2  0  1  0  1 ] (0.00007655)
[  0  1  0  0  2  0  1  1  0 ] (0.00011263)
[  0  1  0  0  2  0  2  0  0 ] (0.00175836)
[  0  1  0  0  2  1  0  0  0 ] (0.00005688)
[  0  1  0  0  2  1  0  0  1 ] (0.00195481)
[  0  1  0  0  2  1  0  1  0 ] (0.00159028)
[  0  1  0  0  2  1  1  0  0 ] (0.00001430)
[  0  1  0  0  2  2  0  0  0 ] (0.00000777)
[  0  1  0  0  3  0  0  0  0 ] (0.00002172)
[  0  1  0  0  3  0  0  0  1 ] (0.00000966)
[  0  1  0  0  3  0  0  1  0 ] (0.00004691)
[  0  1  0  0  3  0  1  0  0 ] (0.00001849)
[  0  1  0  0  3  1  0  0  0 ] (0.00002947)
[  0  1  0  0  4  0  0  0  0 ] (0.00037676)
[  0  1  0  1  0  0  0  0  0 ] (0.00000615)
[  0  1  0  1  0  0  0  0  1 ] (0.00005178)
[  0  1  0  1  0  0  0  0  2 ] (0.00000211)
[  0  1  0  1  0  0  0  0  3 ] (0.00000356)
[  0  1  0  1  0  0  0  1  0 ] (0.00005694)
[  0  1  0  1  0  0  0  1  1 ] (0.00004982)
[  0  1  0  1  0  0  0  1  2 ] (0.00000065)
[  0  1  0  1  0  0  0  2  0 ] (0.00000044)
[  0  1  0  1  0  0  0  2  1 ] (0.00000004)
[  0  1  0  1  0  0  0  3  0 ] (0.00000173)
[  0  1  0  1  0  0  1  0  0 ] (0.00000857)
[  0  1  0  1  0  0  1  0  1 ] (0.00000025)
[  0  1  0  1  0  0  1  0  2 ] (0.00005940)
[  0  1  0  1  0  0  1  1  0 ] (0.00099892)
[  0  1  0  1  0  0  1  1  1 ] (0.00022642)
[  0  1  0  1  0  0  1  2  0 ] (0.00001191)
[  0  1  0  1  0  0  2  0  0 ] (0.00000000)
[  0  1  0  1  0  0  2  0  1 ] (0.00004745)
[  0  1  0  1  0  0  2  1  0 ] (0.00010310)
[  0  1  0  1  0  0  3  0  0 ] (0.00005945)
[  0  1  0  1  0  1  0  0  0 ] (0.00000841)
[  0  1  0  1  0  1  0  0  1 ] (0.00030992)
[  0  1  0  1  0  1  0  0  2 ] (0.00016465)
[  0  1  0  1  0  1  0  1  0 ] (0.00001368)
[  0  1  0  1  0  1  0  1  1 ] (0.00005338)
[  0  1  0  1  0  1  0  2  0 ] (0.00001054)
[  0  1  0  1  0  1  1  0  0 ] (0.00000994)
[  0  1  0  1  0  1  1  0  1 ] (0.00003178)
[  0  1  0  1  0  1  1  1  0 ] (0.00000742)
[  0  1  0  1  0  1  2  0  0 ] (0.00001808)
[  0  1  0  1  0  2  0  0  0 ] (0.00000935)
[  0  1  0  1  0  2  0  0  1 ] (0.00078151)
[  0  1  0  1  0  2  0  1  0 ] (0.00012635)
[  0  1  0  1  0  2  1  0  0 ] (0.00004598)
[  0  1  0  1  0  3  0  0  0 ] (0.00004031)
[  0  1  0  1  1  0  0  0  0 ] (0.00000267)
[  0  1  0  1  1  0  0  0  1 ] (0.00008334)
[  0  1  0  1  1  0  0  0  2 ] (0.00001035)
[  0  1  0  1  1  0  0  1  0 ] (0.00000345)
[  0  1  0  1  1  0  0  1  1 ] (0.00005090)
[  0  1  0  1  1  0  0  2  0 ] (0.00003755)
[  0  1  0  1  1  0  1  0  0 ] (0.00033594)
[  0  1  0  1  1  0  1  0  1 ] (0.00017325)
[  0  1  0  1  1  0  1  1  0 ] (0.00021906)
[  0  1  0  1  1  0  2  0  0 ] (0.00008697)
[  0  1  0  1  1  1  0  0  0 ] (0.00002715)
[  0  1  0  1  1  1  0  0  1 ] (0.00024392)
[  0  1  0  1  1  1  0  1  0 ] (0.00001094)
[  0  1  0  1  1  1  1  0  0 ] (0.00300168)
[  0  1  0  1  1  2  0  0  0 ] (0.00000026)
[  0  1  0  1  2  0  0  0  0 ] (0.00028085)
[  0  1  0  1  2  0  0  0  1 ] (0.00178594)
[  0  1  0  1  2  0  0  1  0 ] (0.00519265)
[  0  1  0  1  2  0  1  0  0 ] (0.00003204)
[  0  1  0  1  2  1  0  0  0 ] (0.00022808)
[  0  1  0  1  3  0  0  0  0 ] (0.00000168)
[  0  1  0  2  0  0  0  0  0 ] (0.00000000)
[  0  1  0  2  0  0  0  0  1 ] (0.00002468)
[  0  1  0  2  0  0  0  0  2 ] (0.00004939)
[  0  1  0  2  0  0  0  1  0 ] (0.00001969)
[  0  1  0  2  0  0  0  1  1 ] (0.00001007)
[  0  1  0  2  0  0  0  2  0 ] (0.00000658)
[  0  1  0  2  0  0  1  0  0 ] (0.00000371)
[  0  1  0  2  0  0  1  0  1 ] (0.00001249)
[  0  1  0  2  0  0  1  1  0 ] (0.00049818)
[  0  1  0  2  0  0  2  0  0 ] (0.00000067)
[  0  1  0  2  0  1  0  0  0 ] (0.00001063)
[  0  1  0  2  0  1  0  0  1 ] (0.00014048)
[  0  1  0  2  0  1  0  1  0 ] (0.00048449)
[  0  1  0  2  0  1  1  0  0 ] (0.00000765)
[  0  1  0  2  0  2  0  0  0 ] (0.00000247)
[  0  1  0  2  1  0  0  0  0 ] (0.00001397)
[  0  1  0  2  1  0  0  0  1 ] (0.00049270)
[  0  1  0  2  1  0  0  1  0 ] (0.00103993)
[  0  1  0  2  1  0  1  0  0 ] (0.00006230)
[  0  1  0  2  1  1  0  0  0 ] (0.00000537)
[  0  1  0  2  2  0  0  0  0 ] (0.00022055)
[  0  1  0  3  0  0  0  0  0 ] (0.00000018)
[  0  1  0  3  0  0  0  0  1 ] (0.00008301)
[  0  1  0  3  0  0  0  1  0 ] (0.00000010)
[  0  1  0  3  0  0  1  0  0 ] (0.00003741)
[  0  1  0  3  0  1  0  0  0 ] (0.00000102)
[  0  1  0  3  1  0  0  0  0 ] (0.00000193)
[  0  1  0  4  0  0  0  0  0 ] (0.00000071)
[  0  1  1  0  0  0  0  0  0 ] (0.00000020)
[  0  1  1  0  0  0  0  0  1 ] (0.00000037)
[  0  1  1  0  0  0  0  0  2 ] (0.00008633)
[  0  1  1  0  0  0  0  0  3 ] (0.00000067)
[  0  1  1  0  0  0  0  1  0 ] (0.00000019)
[  0  1  1  0  0  0  0  1  1 ] (0.00009091)
[  0  1  1  0  0  0  0  1  2 ] (0.00003111)
[  0  1  1  0  0  0  0  2  0 ] (0.00000011)
[  0  1  1  0  0  0  0  2  1 ] (0.00008394)
[  0  1  1  0  0  0  0  3  0 ] (0.00000046)
[  0  1  1  0  0  0  1  0  0 ] (0.00002149)
[  0  1  1  0  0  0  1  0  1 ] (0.00000543)
[  0  1  1  0  0  0  1  0  2 ] (0.00001643)
[  0  1  1  0  0  0  1  1  0 ] (0.00000071)
[  0  1  1  0  0  0  1  1  1 ] (0.00000085)
[  0  1  1  0  0  0  1  2  0 ] (0.00000003)
[  0  1  1  0  0  0  2  0  0 ] (0.00001011)
[  0  1  1  0  0  0  2  0  1 ] (0.00000483)
[  0  1  1  0  0  0  2  1  0 ] (0.00000587)
[  0  1  1  0  0  0  3  0  0 ] (0.00000330)
[  0  1  1  0  0  1  0  0  0 ] (0.00000823)
[  0  1  1  0  0  1  0  0  1 ] (0.00000990)
[  0  1  1  0  0  1  0  0  2 ] (0.00035505)
[  0  1  1  0  0  1  0  1  0 ] (0.00000335)
[  0  1  1  0  0  1  0  1  1 ] (0.00001813)
[  0  1  1  0  0  1  0  2  0 ] (0.00021175)
[  0  1  1  0  0  1  1  0  0 ] (0.00004229)
[  0  1  1  0  0  1  1  0  1 ] (0.00029541)
[  0  1  1  0  0  1  1  1  0 ] (0.00001977)
[  0  1  1  0  0  1  2  0  0 ] (0.00003585)
[  0  1  1  0  0  2  0  0  0 ] (0.00000000)
[  0  1  1  0  0  2  0  0  1 ] (0.00004679)
[  0  1  1  0  0  2  0  1  0 ] (0.00009893)
[  0  1  1  0  0  2  1  0  0 ] (0.00002880)
[  0  1  1  0  0  3  0  0  0 ] (0.00000175)
[  0  1  1  0  1  0  0  0  0 ] (0.00000060)
[  0  1  1  0  1  0  0  0  1 ] (0.00000361)
[  0  1  1  0  1  0  0  0  2 ] (0.00074666)
[  0  1  1  0  1  0  0  1  0 ] (0.00000628)
[  0  1  1  0  1  0  0  1  1 ] (0.00000365)
[  0  1  1  0  1  0  0  2  0 ] (0.00002833)
[  0  1  1  0  1  0  1  0  0 ] (0.00000006)
[  0  1  1  0  1  0  1  0  1 ] (0.00002591)
[  0  1  1  0  1  0  1  1  0 ] (0.00000002)
[  0  1  1  0  1  0  2  0  0 ] (0.00002738)
[  0  1  1  0  1  1  0  0  0 ] (0.00003984)
[  0  1  1  0  1  1  0  0  1 ] (0.00183129)
[  0  1  1  0  1  1  0  1  0 ] (0.00080446)
[  0  1  1  0  1  1  1  0  0 ] (0.00038480)
[  0  1  1  0  1  2  0  0  0 ] (0.00001029)
[  0  1  1  0  2  0  0  0  0 ] (0.00000905)
[  0  1  1  0  2  0  0  0  1 ] (0.00014814)
[  0  1  1  0  2  0  0  1  0 ] (0.00123988)
[  0  1  1  0  2  0  1  0  0 ] (0.00007878)
[  0  1  1  0  2  1  0  0  0 ] (0.00002760)
[  0  1  1  0  3  0  0  0  0 ] (0.00000320)
[  0  1  1  1  0  0  0  0  0 ] (0.00000325)
[  0  1  1  1  0  0  0  0  1 ] (0.00062730)
[  0  1  1  1  0  0  0  0  2 ] (0.00056854)
[  0  1  1  1  0  0  0  1  0 ] (0.00001115)
[  0  1  1  1  0  0  0  1  1 ] (0.00006753)
[  0  1  1  1  0  0  0  2  0 ] (0.00000064)
[  0  1  1  1  0  0  1  0  0 ] (0.00003443)
[  0  1  1  1  0  0  1  0  1 ] (0.00085289)
[  0  1  1  1  0  0  1  1  0 ] (0.00022858)
[  0  1  1  1  0  0  2  0  0 ] (0.00019180)
[  0  1  1  1  0  1  0  0  0 ] (0.00004266)
[  0  1  1  1  0  1  0  0  1 ] (0.00247913)
[  0  1  1  1  0  1  0  1  0 ] (0.00004647)
[  0  1  1  1  0  1  1  0  0 ] (0.00000143)
[  0  1  1  1  0  2  0  0  0 ] (0.00000518)
[  0  1  1  1  1  0  0  0  0 ] (0.00006060)
[  0  1  1  1  1  0  0  0  1 ] (0.00238420)
[  0  1  1  1  1  0  0  1  0 ] (0.00108269)
[  0  1  1  1  1  0  1  0  0 ] (0.00062066)
[  0  1  1  1  1  1  0  0  0 ] (0.00002029)
[  0  1  1  1  2  0  0  0  0 ] (0.00006222)
[  0  1  1  2  0  0  0  0  0 ] (0.00000297)
[  0  1  1  2  0  0  0  0  1 ] (0.00029910)
[  0  1  1  2  0  0  0  1  0 ] (0.00005428)
[  0  1  1  2  0  0  1  0  0 ] (0.00031527)
[  0  1  1  2  0  1  0  0  0 ] (0.00001454)
[  0  1  1  2  1  0  0  0  0 ] (0.00000433)
[  0  1  1  3  0  0  0  0  0 ] (0.00000041)
[  0  1  2  0  0  0  0  0  0 ] (0.00000000)
[  0  1  2  0  0  0  0  0  1 ] (0.00000336)
[  0  1  2  0  0  0  0  0  2 ] (0.00004705)
[  0  1  2  0  0  0  0  1  0 ] (0.00000036)
[  0  1  2  0  0  0  0  1  1 ] (0.00000212)
[  0  1  2  0  0  0  0  2  0 ] (0.00003403)
[  0  1  2  0  0  0  1  0  0 ] (0.00000616)
[  0  1  2  0  0  0  1  0  1 ] (0.00002444)
[  0  1  2  0  0  0  1  1  0 ] (0.00003471)
[  0  1  2  0  0  0  2  0  0 ] (0.00000007)
[  0  1  2  0  0  1  0  0  0 ] (0.00000000)
[  0  1  2  0  0  1  0  0  1 ] (0.00001536)
[  0  1  2  0  0  1  0  1  0 ] (0.00007563)
[  0  1  2  0  0  1  1  0  0 ] (0.00000028)
[  0  1  2  0  0  2  0  0  0 ] (0.00000019)
[  0  1  2  0  1  0  0  0  0 ] (0.00000122)
[  0  1  2  0  1  0  0  0  1 ] (0.00017458)
[  0  1  2  0  1  0  0  1  0 ] (0.00004541)
[  0  1  2  0  1  0  1  0  0 ] (0.00002376)
[  0  1  2  0  1  1  0  0  0 ] (0.00000608)
[  0  1  2  0  2  0  0  0  0 ] (0.00001242)
[  0  1  2  1  0  0  0  0  0 ] (0.00000007)
[  0  1  2  1  0  0  0  0  1 ] (0.00014906)
[  0  1  2  1  0  0  0  1  0 ] (0.00000484)
[  0  1  2  1  0  0  1  0  0 ] (0.00002014)
[  0  1  2  1  0  1  0  0  0 ] (0.00000115)
[  0  1  2  1  1  0  0  0  0 ] (0.00001716)
[  0  1  2  2  0  0  0  0  0 ] (0.00000028)
[  0  1  3  0  0  0  0  0  0 ] (0.00000088)
[  0  1  3  0  0  0  0  0  1 ] (0.00003766)
[  0  1  3  0  0  0  0  1  0 ] (0.00004565)
[  0  1  3  0  0  0  1  0  0 ] (0.00004721)
[  0  1  3  0  0  1  0  0  0 ] (0.00000113)
[  0  1  3  0  1  0  0  0  0 ] (0.00000194)
[  0  1  3  1  0  0  0  0  0 ] (0.00000030)
[  0  1  4  0  0  0  0  0  0 ] (0.00000068)
[  0  2  0  0  0  0  0  0  0 ] (0.00000028)
[  0  2  0  0  0  0  0  0  1 ] (0.00000341)
[  0  2  0  0  0  0  0  0  2 ] (0.00005470)
[  0  2  0  0  0  0  0  0  3 ] (0.00001345)
[  0  2  0  0  0  0  0  1  0 ] (0.00002325)
[  0  2  0  0  0  0  0  1  1 ] (0.00005177)
[  0  2  0  0  0  0  0  1  2 ] (0.00018384)
[  0  2  0  0  0  0  0  2  0 ] (0.00001565)
[  0  2  0  0  0  0  0  2  1 ] (0.00000103)
[  0  2  0  0  0  0  0  3  0 ] (0.00557895)
[  0  2  0  0  0  0  1  0  0 ] (0.00000006)
[  0  2  0  0  0  0  1  0  1 ] (0.00002616)
[  0  2  0  0  0  0  1  0  2 ] (0.00038998)
[  0  2  0  0  0  0  1  1  0 ] (0.00000893)
[  0  2  0  0  0  0  1  1  1 ] (0.00000792)
[  0  2  0  0  0  0  1  2  0 ] (0.00004394)
[  0  2  0  0  0  0  2  0  0 ] (0.00002677)
[  0  2  0  0  0  0  2  0  1 ] (0.00007797)
[  0  2  0  0  0  0  2  1  0 ] (0.00000015)
[  0  2  0  0  0  0  3  0  0 ] (0.00001806)
[  0  2  0  0  0  1  0  0  0 ] (0.00000034)
[  0  2  0  0  0  1  0  0  1 ] (0.00002990)
[  0  2  0  0  0  1  0  0  2 ] (0.00159588)
[  0  2  0  0  0  1  0  1  0 ] (0.00001355)
[  0  2  0  0  0  1  0  1  1 ] (0.00024079)
[  0  2  0  0  0  1  0  2  0 ] (0.00027551)
[  0  2  0  0  0  1  1  0  0 ] (0.00000003)
[  0  2  0  0  0  1  1  0  1 ] (0.00024745)
[  0  2  0  0  0  1  1  1  0 ] (0.00001013)
[  0  2  0  0  0  1  2  0  0 ] (0.00008453)
[  0  2  0  0  0  2  0  0  0 ] (0.00000001)
[  0  2  0  0  0  2  0  0  1 ] (0.00000087)
[  0  2  0  0  0  2  0  1  0 ] (0.00000622)
[  0  2  0  0  0  2  1  0  0 ] (0.00000270)
[  0  2  0  0  0  3  0  0  0 ] (0.00001006)
[  0  2  0  0  1  0  0  0  0 ] (0.00008548)
[  0  2  0  0  1  0  0  0  1 ] (0.00297802)
[  0  2  0  0  1  0  0  0  2 ] (0.07659152)
[  0  2  0  0  1  0  0  1  0 ] (0.00003512)
[  0  2  0  0  1  0  0  1  1 ] (0.00000511)
[  0  2  0  0  1  0  0  2  0 ] (0.00714999)
[  0  2  0  0  1  0  1  0  0 ] (0.00006612)
[  0  2  0  0  1  0  1  0  1 ] (0.00212372)
[  0  2  0  0  1  0  1  1  0 ] (0.00018417)
[  0  2  0  0  1  0  2  0  0 ] (0.00078760)
[  0  2  0  0  1  1  0  0  0 ] (0.00017609)
[  0  2  0  0  1  1  0  0  1 ] (0.00261208)
[  0  2  0  0  1  1  0  1  0 ] (0.00005588)
[  0  2  0  0  1  1  1  0  0 ] (0.00005245)
[  0  2  0  0  1  2  0  0  0 ] (0.00002839)
[  0  2  0  0  2  0  0  0  0 ] (0.00000058)
[  0  2  0  0  2  0  0  0  1 ] (0.00000601)
[  0  2  0  0  2  0  0  1  0 ] (0.00000720)
[  0  2  0  0  2  0  1  0  0 ] (0.00000017)
[  0  2  0  0  2  1  0  0  0 ] (0.00000058)
[  0  2  0  0  3  0  0  0  0 ] (0.00000734)
[  0  2  0  1  0  0  0  0  0 ] (0.00000052)
[  0  2  0  1  0  0  0  0  1 ] (0.00000655)
[  0  2  0  1  0  0  0  0  2 ] (0.00028042)
[  0  2  0  1  0  0  0  1  0 ] (0.00000007)
[  0  2  0  1  0  0  0  1  1 ] (0.00018113)
[  0  2  0  1  0  0  0  2  0 ] (0.00041069)
[  0  2  0  1  0  0  1  0  0 ] (0.00000011)
[  0  2  0  1  0  0  1  0  1 ] (0.00001738)
[  0  2  0  1  0  0  1  1  0 ] (0.00049547)
[  0  2  0  1  0  0  2  0  0 ] (0.00000600)
[  0  2  0  1  0  1  0  0  0 ] (0.00000021)
[  0  2  0  1  0  1  0  0  1 ] (0.00002591)
[  0  2  0  1  0  1  0  1  0 ] (0.00000562)
[  0  2  0  1  0  1  1  0  0 ] (0.00000019)
[  0  2  0  1  0  2  0  0  0 ] (0.00000000)
[  0  2  0  1  1  0  0  0  0 ] (0.00002449)
[  0  2  0  1  1  0  0  0  1 ] (0.00014790)
[  0  2  0  1  1  0  0  1  0 ] (0.00119638)
[  0  2  0  1  1  0  1  0  0 ] (0.00000723)
[  0  2  0  1  1  1  0  0  0 ] (0.00000713)
[  0  2  0  1  2  0  0  0  0 ] (0.00000019)
[  0  2  0  2  0  0  0  0  0 ] (0.00000000)
[  0  2  0  2  0  0  0  0  1 ] (0.00000058)
[  0  2  0  2  0  0  0  1  0 ] (0.00000761)
[  0  2  0  2  0  0  1  0  0 ] (0.00000011)
[  0  2  0  2  0  1  0  0  0 ] (0.00000006)
[  0  2  0  2  1  0  0  0  0 ] (0.00001261)
[  0  2  0  3  0  0  0  0  0 ] (0.00000024)
[  0  2  1  0  0  0  0  0  0 ] (0.00001010)
[  0  2  1  0  0  0  0  0  1 ] (0.00010924)
[  0  2  1  0  0  0  0  0  2 ] (0.00018972)
[  0  2  1  0  0  0  0  1  0 ] (0.00000250)
[  0  2  1  0  0  0  0  1  1 ] (0.00002006)
[  0  2  1  0  0  0  0  2  0 ] (0.00000256)
[  0  2  1  0  0  0  1  0  0 ] (0.00001638)
[  0  2  1  0  0  0  1  0  1 ] (0.00034110)
[  0  2  1  0  0  0  1  1  0 ] (0.00005513)
[  0  2  1  0  0  0  2  0  0 ] (0.00001575)
[  0  2  1  0  0  1  0  0  0 ] (0.00000128)
[  0  2  1  0  0  1  0  0  1 ] (0.00004859)
[  0  2  1  0  0  1  0  1  0 ] (0.00001093)
[  0  2  1  0  0  1  1  0  0 ] (0.00000000)
[  0  2  1  0  0  2  0  0  0 ] (0.00000041)
[  0  2  1  0  1  0  0  0  0 ] (0.00001389)
[  0  2  1  0  1  0  0  0  1 ] (0.00046602)
[  0  2  1  0  1  0  0  1  0 ] (0.00002877)
[  0  2  1  0  1  0  1  0  0 ] (0.00008450)
[  0  2  1  0  1  1  0  0  0 ] (0.00001732)
[  0  2  1  0  2  0  0  0  0 ] (0.00000131)
[  0  2  1  1  0  0  0  0  0 ] (0.00001454)
[  0  2  1  1  0  0  0  0  1 ] (0.00017081)
[  0  2  1  1  0  0  0  1  0 ] (0.00001324)
[  0  2  1  1  0  0  1  0  0 ] (0.00000801)
[  0  2  1  1  0  1  0  0  0 ] (0.00001253)
[  0  2  1  1  1  0  0  0  0 ] (0.00000000)
[  0  2  1  2  0  0  0  0  0 ] (0.00000462)
[  0  2  2  0  0  0  0  0  0 ] (0.00000012)
[  0  2  2  0  0  0  0  0  1 ] (0.00000005)
[  0  2  2  0  0  0  0  1  0 ] (0.00000173)
[  0  2  2  0  0  0  1  0  0 ] (0.00000005)
[  0  2  2  0  0  1  0  0  0 ] (0.00000003)
[  0  2  2  0  1  0  0  0  0 ] (0.00001358)
[  0  2  2  1  0  0  0  0  0 ] (0.00000025)
[  0  2  3  0  0  0  0  0  0 ] (0.00000000)
[  0  3  0  0  0  0  0  0  0 ] (0.00000011)
[  0  3  0  0  0  0  0  0  1 ] (0.00000090)
[  0  3  0  0  0  0  0  0  2 ] (0.00000360)
[  0  3  0  0  0  0  0  1  0 ] (0.00003261)
[  0  3  0  0  0  0  0  1  1 ] (0.00265958)
[  0  3  0  0  0  0  0  2  0 ] (0.00001531)
[  0  3  0  0  0  0  1  0  0 ] (0.00003494)
[  0  3  0  0  0  0  1  0  1 ] (0.00053791)
[  0  3  0  0  0  0  1  1  0 ] (0.00000001)
[  0  3  0  0  0  0  2  0  0 ] (0.00001008)
[  0  3  0  0  0  1  0  0  0 ] (0.00000021)
[  0  3  0  0  0  1  0  0  1 ] (0.00000016)
[  0  3  0  0  0  1  0  1  0 ] (0.00000156)
[  0  3  0  0  0  1  1  0  0 ] (0.00001696)
[  0  3  0  0  0  2  0  0  0 ] (0.00000152)
[  0  3  0  0  1  0  0  0  0 ] (0.00000333)
[  0  3  0  0  1  0  0  0  1 ] (0.00000799)
[  0  3  0  0  1  0  0  1  0 ] (0.00003274)
[  0  3  0  0  1  0  1  0  0 ] (0.00006513)
[  0  3  0  0  1  1  0  0  0 ] (0.00000000)
[  0  3  0  0  2  0  0  0  0 ] (0.00000060)
[  0  3  0  1  0  0  0  0  0 ] (0.00000000)
[  0  3  0  1  0  0  0  0  1 ] (0.00000023)
[  0  3  0  1  0  0  0  1  0 ] (0.00001372)
[  0  3  0  1  0  0  1  0  0 ] (0.00000052)
[  0  3  0  1  0  1  0  0  0 ] (0.00000086)
[  0  3  0  1  1  0  0  0  0 ] (0.00001701)
[  0  3  0  2  0  0  0  0  0 ] (0.00000051)
[  0  3  1  0  0  0  0  0  0 ] (0.00000056)
[  0  3  1  0  0  0  0  0  1 ] (0.00001308)
[  0  3  1  0  0  0  0  1  0 ] (0.00000775)
[  0  3  1  0  0  0  1  0  0 ] (0.00000346)
[  0  3  1  0  0  1  0  0  0 ] (0.00000000)
[  0  3  1  0  1  0  0  0  0 ] (0.00000007)
[  0  3  1  1  0  0  0  0  0 ] (0.00000055)
[  0  3  2  0  0  0  0  0  0 ] (0.00000004)
[  0  4  0  0  0  0  0  0  0 ] (0.00000226)
[  0  4  0  0  0  0  0  0  1 ] (0.00001184)
[  0  4  0  0  0  0  0  1  0 ] (0.00000342)
[  0  4  0  0  0  0  1  0  0 ] (0.00000088)
[  0  4  0  0  0  1  0  0  0 ] (0.00000149)
[  0  4  0  0  1  0  0  0  0 ] (0.00002747)
[  0  4  0  1  0  0  0  0  0 ] (0.00000009)
[  0  4  1  0  0  0  0  0  0 ] (0.00000012)
[  0  5  0  0  0  0  0  0  0 ] (0.00000050)
[  1  0  0  0  0  0  0  0  0 ] (0.00000004)
[  1  0  0  0  0  0  0  0  1 ] (0.00000071)
[  1  0  0  0  0  0  0  0  2 ] (0.00000534)
[  1  0  0  0  0  0  0  0  3 ] (0.00014815)
[  1  0  0  0  0  0  0  0  4 ] (0.00000375)
[  1  0  0  0  0  0  0  1  0 ] (0.00003715)
[  1  0  0  0  0  0  0  1  1 ] (0.00046059)
[  1  0  0  0  0  0  0  1  2 ] (0.00000553)
[  1  0  0  0  0  0  0  1  3 ] (0.00002426)
[  1  0  0  0  0  0  0  2  0 ] (0.00023078)
[  1  0  0  0  0  0  0  2  1 ] (0.00021076)
[  1  0  0  0  0  0  0  2  2 ] (0.00017210)
[  1  0  0  0  0  0  0  3  0 ] (0.00000025)
[  1  0  0  0  0  0  0  3  1 ] (0.00000275)
[  1  0  0  0  0  0  0  4  0 ] (0.00004814)
[  1  0  0  0  0  0  1  0  0 ] (0.00007310)
[  1  0  0  0  0  0  1  0  1 ] (0.00020141)
[  1  0  0  0  0  0  1  0  2 ] (0.00243265)
[  1  0  0  0  0  0  1  0  3 ] (0.00003443)
[  1  0  0  0  0  0  1  1  0 ] (0.00000006)
[  1  0  0  0  0  0  1  1  1 ] (0.00000762)
[  1  0  0  0  0  0  1  1  2 ] (0.00000122)
[  1  0  0  0  0  0  1  2  0 ] (0.00041731)
[  1  0  0  0  0  0  1  2  1 ] (0.00022426)
[  1  0  0  0  0  0  1  3  0 ] (0.00007536)
[  1  0  0  0  0  0  2  0  0 ] (0.00000006)
[  1  0  0  0  0  0  2  0  1 ] (0.00001916)
[  1  0  0  0  0  0  2  0  2 ] (0.00000541)
[  1  0  0  0  0  0  2  1  0 ] (0.00000185)
[  1  0  0  0  0  0  2  1  1 ] (0.00000115)
[  1  0  0  0  0  0  2  2  0 ] (0.00020745)
[  1  0  0  0  0  0  3  0  0 ] (0.00000670)
[  1  0  0  0  0  0  3  0  1 ] (0.00000261)
[  1  0  0  0  0  0  3  1  0 ] (0.00003733)
[  1  0  0  0  0  0  4  0  0 ] (0.00010573)
[  1  0  0  0  0  1  0  0  0 ] (0.00000946)
[  1  0  0  0  0  1  0  0  1 ] (0.00000081)
[  1  0  0  0  0  1  0  0  2 ] (0.00012868)
[  1  0  0  0  0  1  0  0  3 ] (0.00003252)
[  1  0  0  0  0  1  0  1  0 ] (0.00038929)
[  1  0  0  0  0  1  0  1  1 ] (0.00762180)
[  1  0  0  0  0  1  0  1  2 ] (0.00038396)
[  1  0  0  0  0  1  0  2  0 ] (0.00017777)
[  1  0  0  0  0  1  0  2  1 ] (0.00002421)
[  1  0  0  0  0  1  0  3  0 ] (0.00065334)
[  1  0  0  0  0  1  1  0  0 ] (0.00002679)
[  1  0  0  0  0  1  1  0  1 ] (0.00002737)
[  1  0  0  0  0  1  1  0  2 ] (0.00000844)
[  1  0  0  0  0  1  1  1  0 ] (0.00009790)
[  1  0  0  0  0  1  1  1  1 ] (0.00032981)
[  1  0  0  0  0  1  1  2  0 ] (0.00002104)
[  1  0  0  0  0  1  2  0  0 ] (0.00000832)
[  1  0  0  0  0  1  2  0  1 ] (0.00000357)
[  1  0  0  0  0  1  2  1  0 ] (0.00020949)
[  1  0  0  0  0  1  3  0  0 ] (0.00000000)
[  1  0  0  0  0  2  0  0  0 ] (0.00000026)
[  1  0  0  0  0  2  0  0  1 ] (0.00004947)
[  1  0  0  0  0  2  0  0  2 ] (0.00026725)
[  1  0  0  0  0  2  0  1  0 ] (0.00004391)
[  1  0  0  0  0  2  0  1  1 ] (0.00024087)
[  1  0  0  0  0  2  0  2  0 ] (0.01403481)
[  1  0  0  0  0  2  1  0  0 ] (0.00006361)
[  1  0  0  0  0  2  1  0  1 ] (0.00097504)
[  1  0  0  0  0  2  1  1  0 ] (0.00031009)
[  1  0  0  0  0  2  2  0  0 ] (0.00004000)
[  1  0  0  0  0  3  0  0  0 ] (0.00001409)
[  1  0  0  0  0  3  0  0  1 ] (0.00000164)
[  1  0  0  0  0  3  0  1  0 ] (0.00013907)
[  1  0  0  0  0  3  1  0  0 ] (0.00000049)
[  1  0  0  0  0  4  0  0  0 ] (0.00000000)
[  1  0  0  0  1  0  0  0  0 ] (0.00000010)
[  1  0  0  0  1  0  0  0  1 ] (0.00001493)
[  1  0  0  0  1  0  0  0  2 ] (0.00056049)
[  1  0  0  0  1  0  0  0  3 ] (0.00002211)
[  1  0  0  0  1  0  0  1  0 ] (0.00000480)
[  1  0  0  0  1  0  0  1  1 ] (0.00056777)
[  1  0  0  0  1  0  0  1  2 ] (0.00001743)
[  1  0  0  0  1  0  0  2  0 ] (0.00000001)
[  1  0  0  0  1  0  0  2  1 ] (0.00000184)
[  1  0  0  0  1  0  0  3  0 ] (0.00009949)
[  1  0  0  0  1  0  1  0  0 ] (0.00000012)
[  1  0  0  0  1  0  1  0  1 ] (0.00031964)
[  1  0  0  0  1  0  1  0  2 ] (0.00020327)
[  1  0  0  0  1  0  1  1  0 ] (0.00004279)
[  1  0  0  0  1  0  1  1  1 ] (0.00001244)
[  1  0  0  0  1  0  1  2  0 ] (0.00000442)
[  1  0  0  0  1  0  2  0  0 ] (0.00000144)
[  1  0  0  0  1  0  2  0  1 ] (0.00000512)
[  1  0  0  0  1  0  2  1  0 ] (0.00001148)
[  1  0  0  0  1  0  3  0  0 ] (0.00022334)
[  1  0  0  0  1  1  0  0  0 ] (0.00002323)
[  1  0  0  0  1  1  0  0  1 ] (0.00007247)
[  1  0  0  0  1  1  0  0  2 ] (0.00262939)
[  1  0  0  0  1  1  0  1  0 ] (0.00016775)
[  1  0  0  0  1  1  0  1  1 ] (0.00000961)
[  1  0  0  0  1  1  0  2  0 ] (0.00003445)
[  1  0  0  0  1  1  1  0  0 ] (0.00001013)
[  1  0  0  0  1  1  1  0  1 ] (0.00052706)
[  1  0  0  0  1  1  1  1  0 ] (0.00018845)
[  1  0  0  0  1  1  2  0  0 ] (0.00001004)
[  1  0  0  0  1  2  0  0  0 ] (0.00006489)
[  1  0  0  0  1  2  0  0  1 ] (0.00113968)
[  1  0  0  0  1  2  0  1  0 ] (0.00465606)
[  1  0  0  0  1  2  1  0  0 ] (0.00002280)
[  1  0  0  0  1  3  0  0  0 ] (0.00002132)
[  1  0  0  0  2  0  0  0  0 ] (0.00000437)
[  1  0  0  0  2  0  0  0  1 ] (0.00015217)
[  1  0  0  0  2  0  0  0  2 ] (0.00616064)
[  1  0  0  0  2  0  0  1  0 ] (0.00001307)
[  1  0  0  0  2  0  0  1  1 ] (0.00001829)
[  1  0  0  0  2  0  0  2  0 ] (0.00100625)
[  1  0  0  0  2  0  1  0  0 ] (0.00013813)
[  1  0  0  0  2  0  1  0  1 ] (0.00046314)
[  1  0  0  0  2  0  1  1  0 ] (0.00000439)
[  1  0  0  0  2  0  2  0  0 ] (0.00011232)
[  1  0  0  0  2  1  0  0  0 ] (0.00000683)
[  1  0  0  0  2  1  0  0  1 ] (0.00000057)
[  1  0  0  0  2  1  0  1  0 ] (0.00002626)
[  1  0  0  0  2  1  1  0  0 ] (0.00033172)
[  1  0  0  0  2  2  0  0  0 ] (0.00000699)
[  1  0  0  0  3  0  0  0  0 ] (0.00000698)
[  1  0  0  0  3  0  0  0  1 ] (0.00000106)
[  1  0  0  0  3  0  0  1  0 ] (0.00025351)
[  1  0  0  0  3  0  1  0  0 ] (0.00004123)
[  1  0  0  0  3  1  0  0  0 ] (0.00000205)
[  1  0  0  0  4  0  0  0  0 ] (0.00006693)
[  1  0  0  1  0  0  0  0  0 ] (0.00000039)
[  1  0  0  1  0  0  0  0  1 ] (0.00008539)
[  1  0  0  1  0  0  0  0  2 ] (0.00015005)
[  1  0  0  1  0  0  0  0  3 ] (0.00002303)
[  1  0  0  1  0  0  0  1  0 ] (0.00000079)
[  1  0  0  1  0  0  0  1  1 ] (0.00042898)
[  1  0  0  1  0  0  0  1  2 ] (0.00002249)
[  1  0  0  1  0  0  0  2  0 ] (0.00003276)
[  1  0  0  1  0  0  0  2  1 ] (0.00009068)
[  1  0  0  1  0  0  0  3  0 ] (0.00047572)
[  1  0  0  1  0  0  1  0  0 ] (0.00000146)
[  1  0  0  1  0  0  1  0  1 ] (0.00003383)
[  1  0  0  1  0  0  1  0  2 ] (0.00006548)
[  1  0  0  1  0  0  1  1  0 ] (0.00001620)
[  1  0  0  1  0  0  1  1  1 ] (0.00000020)
[  1  0  0  1  0  0  1  2  0 ] (0.00005576)
[  1  0  0  1  0  0  2  0  0 ] (0.00000993)
[  1  0  0  1  0  0  2  0  1 ] (0.00000035)
[  1  0  0  1  0  0  2  1  0 ] (0.00000139)
[  1  0  0  1  0  0  3  0  0 ] (0.00008227)
[  1  0  0  1  0  1  0  0  0 ] (0.00000000)
[  1  0  0  1  0  1  0  0  1 ] (0.00022165)
[  1  0  0  1  0  1  0  0  2 ] (0.00044780)
[  1  0  0  1  0  1  0  1  0 ] (0.00005418)
[  1  0  0  1  0  1  0  1  1 ] (0.00004923)
[  1  0  0  1  0  1  0  2  0 ] (0.00374123)
[  1  0  0  1  0  1  1  0  0 ] (0.00001490)
[  1  0  0  1  0  1  1  0  1 ] (0.00000168)
[  1  0  0  1  0  1  1  1  0 ] (0.00001027)
[  1  0  0  1  0  1  2  0  0 ] (0.00010985)
[  1  0  0  1  0  2  0  0  0 ] (0.00000429)
[  1  0  0  1  0  2  0  0  1 ] (0.00072922)
[  1  0  0  1  0  2  0  1  0 ] (0.00046747)
[  1  0  0  1  0  2  1  0  0 ] (0.00000020)
[  1  0  0  1  0  3  0  0  0 ] (0.00000023)
[  1  0  0  1  1  0  0  0  0 ] (0.00000003)
[  1  0  0  1  1  0  0  0  1 ] (0.00010438)
[  1  0  0  1  1  0  0  0  2 ] (0.00002843)
[  1  0  0  1  1  0  0  1  0 ] (0.00059485)
[  1  0  0  1  1  0  0  1  1 ] (0.00014513)
[  1  0  0  1  1  0  0  2  0 ] (0.00000096)
[  1  0  0  1  1  0  1  0  0 ] (0.00001682)
[  1  0  0  1  1  0  1  0  1 ] (0.00007297)
[  1  0  0  1  1  0  1  1  0 ] (0.00001464)
[  1  0  0  1  1  0  2  0  0 ] (0.00007019)
[  1  0  0  1  1  1  0  0  0 ] (0.00000141)
[  1  0  0  1  1  1  0  0  1 ] (0.00021036)
[  1  0  0  1  1  1  0  1  0 ] (0.00795288)
[  1  0  0  1  1  1  1  0  0 ] (0.00015917)
[  1  0  0  1  1  2  0  0  0 ] (0.00000383)
[  1  0  0  1  2  0  0  0  0 ] (0.00000177)
[  1  0  0  1  2  0  0  0  1 ] (0.00000879)
[  1  0  0  1  2  0  0  1  0 ] (0.00023463)
[  1  0  0  1  2  0  1  0  0 ] (0.00000033)
[  1  0  0  1  2  1  0  0  0 ] (0.00000468)
[  1  0  0  1  3  0  0  0  0 ] (0.00001026)
[  1  0  0  2  0  0  0  0  0 ] (0.00000005)
[  1  0  0  2  0  0  0  0  1 ] (0.00000316)
[  1  0  0  2  0  0  0  0  2 ] (0.00001894)
[  1  0  0  2  0  0  0  1  0 ] (0.00001933)
[  1  0  0  2  0  0  0  1  1 ] (0.00271115)
[  1  0  0  2  0  0  0  2  0 ] (0.00000718)
[  1  0  0  2  0  0  1  0  0 ] (0.00028512)
[  1  0  0  2  0  0  1  0  1 ] (0.00504791)
[  1  0  0  2  0  0  1  1  0 ] (0.00241766)
[  1  0  0  2  0  0  2  0  0 ] (0.00000033)
[  1  0  0  2  0  1  0  0  0 ] (0.00000344)
[  1  0  0  2  0  1  0  0  1 ] (0.00002888)
[  1  0  0  2  0  1  0  1  0 ] (0.00001141)
[  1  0  0  2  0  1  1  0  0 ] (0.00012970)
[  1  0  0  2  0  2  0  0  0 ] (0.00000004)
[  1  0  0  2  1  0  0  0  0 ] (0.00000696)
[  1  0  0  2  1  0  0  0  1 ] (0.00002521)
[  1  0  0  2  1  0  0  1  0 ] (0.00001111)
[  1  0  0  2  1  0  1  0  0 ] (0.00007204)
[  1  0  0  2  1  1  0  0  0 ] (0.00000526)
[  1  0  0  2  2  0  0  0  0 ] (0.00004097)
[  1  0  0  3  0  0  0  0  0 ] (0.00000035)
[  1  0  0  3  0  0  0  0  1 ] (0.00000001)
[  1  0  0  3  0  0  0  1  0 ] (0.00002627)
[  1  0  0  3  0  0  1  0  0 ] (0.00000012)
[  1  0  0  3  0  1  0  0  0 ] (0.00000012)
[  1  0  0  3  1  0  0  0  0 ] (0.00000140)
[  1  0  0  4  0  0  0  0  0 ] (0.00000790)
[  1  0  1  0  0  0  0  0  0 ] (0.00000407)
[  1  0  1  0  0  0  0  0  1 ] (0.00001671)
[  1  0  1  0  0  0  0  0  2 ] (0.00036154)
[  1  0  1  0  0  0  0  0  3 ] (0.00000876)
[  1  0  1  0  0  0  0  1  0 ] (0.00002010)
[  1  0  1  0  0  0  0  1  1 ] (0.00002356)
[  1  0  1  0  0  0  0  1  2 ] (0.00000193)
[  1  0  1  0  0  0  0  2  0 ] (0.00003962)
[  1  0  1  0  0  0  0  2  1 ] (0.00005059)
[  1  0  1  0  0  0  0  3  0 ] (0.00016181)
[  1  0  1  0  0  0  1  0  0 ] (0.00000720)
[  1  0  1  0  0  0  1  0  1 ] (0.00013314)
[  1  0  1  0  0  0  1  0  2 ] (0.00002696)
[  1  0  1  0  0  0  1  1  0 ] (0.00000566)
[  1  0  1  0  0  0  1  1  1 ] (0.00000525)
[  1  0  1  0  0  0  1  2  0 ] (0.00002102)
[  1  0  1  0  0  0  2  0  0 ] (0.00000081)
[  1  0  1  0  0  0  2  0  1 ] (0.00003711)
[  1  0  1  0  0  0  2  1  0 ] (0.00000199)
[  1  0  1  0  0  0  3  0  0 ] (0.00000941)
[  1  0  1  0  0  1  0  0  0 ] (0.00000556)
[  1  0  1  0  0  1  0  0  1 ] (0.00012398)
[  1  0  1  0  0  1  0  0  2 ] (0.00556877)
[  1  0  1  0  0  1  0  1  0 ] (0.00012564)
[  1  0  1  0  0  1  0  1  1 ] (0.00000177)
[  1  0  1  0  0  1  0  2  0 ] (0.00317259)
[  1  0  1  0  0  1  1  0  0 ] (0.00002781)
[  1  0  1  0  0  1  1  0  1 ] (0.00003276)
[  1  0  1  0  0  1  1  1  0 ] (0.00000272)
[  1  0  1  0  0  1  2  0  0 ] (0.00002209)
[  1  0  1  0  0  2  0  0  0 ] (0.00000355)
[  1  0  1  0  0  2  0  0  1 ] (0.00001343)
[  1  0  1  0  0  2  0  1  0 ] (0.00013240)
[  1  0  1  0  0  2  1  0  0 ] (0.00000002)
[  1  0  1  0  0  3  0  0  0 ] (0.00000435)
[  1  0  1  0  1  0  0  0  0 ] (0.00002561)
[  1  0  1  0  1  0  0  0  1 ] (0.00031685)
[  1  0  1  0  1  0  0  0  2 ] (0.00007451)
[  1  0  1  0  1  0  0  1  0 ] (0.00011799)
[  1  0  1  0  1  0  0  1  1 ] (0.00003007)
[  1  0  1  0  1  0  0  2  0 ] (0.00015598)
[  1  0  1  0  1  0  1  0  0 ] (0.00000336)
[  1  0  1  0  1  0  1  0  1 ] (0.00000028)
[  1  0  1  0  1  0  1  1  0 ] (0.00002493)
[  1  0  1  0  1  0  2  0  0 ] (0.00000322)
[  1  0  1  0  1  1  0  0  0 ] (0.00001547)
[  1  0  1  0  1  1  0  0  1 ] (0.00127202)
[  1  0  1  0  1  1  0  1  0 ] (0.00102247)
[  1  0  1  0  1  1  1  0  0 ] (0.00000093)
[  1  0  1  0  1  2  0  0  0 ] (0.00000241)
[  1  0  1  0  2  0  0  0  0 ] (0.00002733)
[  1  0  1  0  2  0  0  0  1 ] (0.00000166)
[  1  0  1  0  2  0  0  1  0 ] (0.00021248)
[  1  0  1  0  2  0  1  0  0 ] (0.00000006)
[  1  0  1  0  2  1  0  0  0 ] (0.00002127)
[  1  0  1  0  3  0  0  0  0 ] (0.00000234)
[  1  0  1  1  0  0  0  0  0 ] (0.00000920)
[  1  0  1  1  0  0  0  0  1 ] (0.00021449)
[  1  0  1  1  0  0  0  0  2 ] (0.00000001)
[  1  0  1  1  0  0  0  1  0 ] (0.00004100)
[  1  0  1  1  0  0  0  1  1 ] (0.00009819)
[  1  0  1  1  0  0  0  2  0 ] (0.00049745)
[  1  0  1  1  0  0  1  0  0 ] (0.00000392)
[  1  0  1  1  0  0  1  0  1 ] (0.00007292)
[  1  0  1  1  0  0  1  1  0 ] (0.00044491)
[  1  0  1  1  0  0  2  0  0 ] (0.00002238)
[  1  0  1  1  0  1  0  0  0 ] (0.00000049)
[  1  0  1  1  0  1  0  0  1 ] (0.00022857)
[  1  0  1  1  0  1  0  1  0 ] (0.00013288)
[  1  0  1  1  0  1  1  0  0 ] (0.00000006)
[  1  0  1  1  0  2  0  0  0 ] (0.00000192)
[  1  0  1  1  1  0  0  0  0 ] (0.00001281)
[  1  0  1  1  1  0  0  0  1 ] (0.00000032)
[  1  0  1  1  1  0  0  1  0 ] (0.00148448)
[  1  0  1  1  1  0  1  0  0 ] (0.00034770)
[  1  0  1  1  1  1  0  0  0 ] (0.00001552)
[  1  0  1  1  2  0  0  0  0 ] (0.00000001)
[  1  0  1  2  0  0  0  0  0 ] (0.00000006)
[  1  0  1  2  0  0  0  0  1 ] (0.00001209)
[  1  0  1  2  0  0  0  1  0 ] (0.00001227)
[  1  0  1  2  0  0  1  0  0 ] (0.00001949)
[  1  0  1  2  0  1  0  0  0 ] (0.00000080)
[  1  0  1  2  1  0  0  0  0 ] (0.00000073)
[  1  0  1  3  0  0  0  0  0 ] (0.00000175)
[  1  0  2  0  0  0  0  0  0 ] (0.00000304)
[  1  0  2  0  0  0  0  0  1 ] (0.00003824)
[  1  0  2  0  0  0  0  0  2 ] (0.00002041)
[  1  0  2  0  0  0  0  1  0 ] (0.00000544)
[  1  0  2  0  0  0  0  1  1 ] (0.00066317)
[  1  0  2  0  0  0  0  2  0 ] (0.00003946)
[  1  0  2  0  0  0  1  0  0 ] (0.00005029)
[  1  0  2  0  0  0  1  0  1 ] (0.00038251)
[  1  0  2  0  0  0  1  1  0 ] (0.00015030)
[  1  0  2  0  0  0  2  0  0 ] (0.00000511)
[  1  0  2  0  0  1  0  0  0 ] (0.00000237)
[  1  0  2  0  0  1  0  0  1 ] (0.00002641)
[  1  0  2  0  0  1  0  1  0 ] (0.00000055)
[  1  0  2  0  0  1  1  0  0 ] (0.00002174)
[  1  0  2  0  0  2  0  0  0 ] (0.00000000)
[  1  0  2  0  1  0  0  0  0 ] (0.00000027)
[  1  0  2  0  1  0  0  0  1 ] (0.00000011)
[  1  0  2  0  1  0  0  1  0 ] (0.00001399)
[  1  0  2  0  1  0  1  0  0 ] (0.00000249)
[  1  0  2  0  1  1  0  0  0 ] (0.00000056)
[  1  0  2  0  2  0  0  0  0 ] (0.00000008)
[  1  0  2  1  0  0  0  0  0 ] (0.00000007)
[  1  0  2  1  0  0  0  0  1 ] (0.00000779)
[  1  0  2  1  0  0  0  1  0 ] (0.00000578)
[  1  0  2  1  0  0  1  0  0 ] (0.00000190)
[  1  0  2  1  0  1  0  0  0 ] (0.00000000)
[  1  0  2  1  1  0  0  0  0 ] (0.00000140)
[  1  0  2  2  0  0  0  0  0 ] (0.00000000)
[  1  0  3  0  0  0  0  0  0 ] (0.00000007)
[  1  0  3  0  0  0  0  0  1 ] (0.00000001)
[  1  0  3  0  0  0  0  1  0 ] (0.00004862)
[  1  0  3  0  0  0  1  0  0 ] (0.00000145)
[  1  0  3  0  0  1  0  0  0 ] (0.00000000)
[  1  0  3  0  1  0  0  0  0 ] (0.00000012)
[  1  0  3  1  0  0  0  0  0 ] (0.00000037)
[  1  0  4  0  0  0  0  0  0 ] (0.00000120)
[  1  1  0  0  0  0  0  0  0 ] (0.00000497)
[  1  1  0  0  0  0  0  0  1 ] (0.00000130)
[  1  1  0  0  0  0  0  0  2 ] (0.00000174)
[  1  1  0  0  0  0  0  0  3 ] (0.00005101)
[  1  1  0  0  0  0  0  1  0 ] (0.00000028)
[  1  1  0  0  0  0  0  1  1 ] (0.00024449)
[  1  1  0  0  0  0  0  1  2 ] (0.00000021)
[  1  1  0  0  0  0  0  2  0 ] (0.00002191)
[  1  1  0  0  0  0  0  2  1 ] (0.00034684)
[  1  1  0  0  0  0  0  3  0 ] (0.00663636)
[  1  1  0  0  0  0  1  0  0 ] (0.00000050)
[  1  1  0  0  0  0  1  0  1 ] (0.00017087)
[  1  1  0  0  0  0  1  0  2 ] (0.00013282)
[  1  1  0  0  0  0  1  1  0 ] (0.00001511)
[  1  1  0  0  0  0  1  1  1 ] (0.00000028)
[  1  1  0  0  0  0  1  2  0 ] (0.00001034)
[  1  1  0  0  0  0  2  0  0 ] (0.00001822)
[  1  1  0  0  0  0  2  0  1 ] (0.00024468)
[  1  1  0  0  0  0  2  1  0 ] (0.00000025)
[  1  1  0  0  0  0  3  0  0 ] (0.00025677)
[  1  1  0  0  0  1  0  0  0 ] (0.00000698)
[  1  1  0  0  0  1  0  0  1 ] (0.00008545)
[  1  1  0  0  0  1  0  0  2 ] (0.00000102)
[  1  1  0  0  0  1  0  1  0 ] (0.00007488)
[  1  1  0  0  0  1  0  1  1 ] (0.00013067)
[  1  1  0  0  0  1  0  2  0 ] (0.00663471)
[  1  1  0  0  0  1  1  0  0 ] (0.00002086)
[  1  1  0  0  0  1  1  0  1 ] (0.00003619)
[  1  1  0  0  0  1  1  1  0 ] (0.00091308)
[  1  1  0  0  0  1  2  0  0 ] (0.00000410)
[  1  1  0  0  0  2  0  0  0 ] (0.00000591)
[  1  1  0  0  0  2  0  0  1 ] (0.00012276)
[  1  1  0  0  0  2  0  1  0 ] (0.00000678)
[  1  1  0  0  0  2  1  0  0 ] (0.00000189)
[  1  1  0  0  0  3  0  0  0 ] (0.00001755)
[  1  1  0  0  1  0  0  0  0 ] (0.00004255)
[  1  1  0  0  1  0  0  0  1 ] (0.00141486)
[  1  1  0  0  1  0  0  0  2 ] (0.03856622)
[  1  1  0  0  1  0  0  1  0 ] (0.00002007)
[  1  1  0  0  1  0  0  1  1 ] (0.00007353)
[  1  1  0  0  1  0  0  2  0 ] (0.00673917)
[  1  1  0  0  1  0  1  0  0 ] (0.00006712)
[  1  1  0  0  1  0  1  0  1 ] (0.00002639)
[  1  1  0  0  1  0  1  1  0 ] (0.00103911)
[  1  1  0  0  1  0  2  0  0 ] (0.00020665)
[  1  1  0  0  1  1  0  0  0 ] (0.00015486)
[  1  1  0  0  1  1  0  0  1 ] (0.00295682)
[  1  1  0  0  1  1  0  1  0 ] (0.00186923)
[  1  1  0  0  1  1  1  0  0 ] (0.00004807)
[  1  1  0  0  1  2  0  0  0 ] (0.00001645)
[  1  1  0  0  2  0  0  0  0 ] (0.00000159)
[  1  1  0  0  2  0  0  0  1 ] (0.00007578)
[  1  1  0  0  2  0  0  1  0 ] (0.00001555)
[  1  1  0  0  2  0  1  0  0 ] (0.00004597)
[  1  1  0  0  2  1  0  0  0 ] (0.00000288)
[  1  1  0  0  3  0  0  0  0 ] (0.00000513)
[  1  1  0  1  0  0  0  0  0 ] (0.00000345)
[  1  1  0  1  0  0  0  0  1 ] (0.00019545)
[  1  1  0  1  0  0  0  0  2 ] (0.00017513)
[  1  1  0  1  0  0  0  1  0 ] (0.00003047)
[  1  1  0  1  0  0  0  1  1 ] (0.00047094)
[  1  1  0  1  0  0  0  2  0 ] (0.00060475)
[  1  1  0  1  0  0  1  0  0 ] (0.00001761)
[  1  1  0  1  0  0  1  0  1 ] (0.00017566)
[  1  1  0  1  0  0  1  1  0 ] (0.00016420)
[  1  1  0  1  0  0  2  0  0 ] (0.00000560)
[  1  1  0  1  0  1  0  0  0 ] (0.00004110)
[  1  1  0  1  0  1  0  0  1 ] (0.00043378)
[  1  1  0  1  0  1  0  1  0 ] (0.00017709)
[  1  1  0  1  0  1  1  0  0 ] (0.00003647)
[  1  1  0  1  0  2  0  0  0 ] (0.00000321)
[  1  1  0  1  1  0  0  0  0 ] (0.00000484)
[  1  1  0  1  1  0  0  0  1 ] (0.00004118)
[  1  1  0  1  1  0  0  1  0 ] (0.00131793)
[  1  1  0  1  1  0  1  0  0 ] (0.00000108)
[  1  1  0  1  1  1  0  0  0 ] (0.00000165)
[  1  1  0  1  2  0  0  0  0 ] (0.00000344)
[  1  1  0  2  0  0  0  0  0 ] (0.00000185)
[  1  1  0  2  0  0  0  0  1 ] (0.00000690)
[  1  1  0  2  0  0  0  1  0 ] (0.00000357)
[  1  1  0  2  0  0  1  0  0 ] (0.00000197)
[  1  1  0  2  0  1  0  0  0 ] (0.00000354)
[  1  1  0  2  1  0  0  0  0 ] (0.00000750)
[  1  1  0  3  0  0  0  0  0 ] (0.00000062)
[  1  1  1  0  0  0  0  0  0 ] (0.00000010)
[  1  1  1  0  0  0  0  0  1 ] (0.00000262)
[  1  1  1  0  0  0  0  0  2 ] (0.00022962)
[  1  1  1  0  0  0  0  1  0 ] (0.00000620)
[  1  1  1  0  0  0  0  1  1 ] (0.00010581)
[  1  1  1  0  0  0  0  2  0 ] (0.00034596)
[  1  1  1  0  0  0  1  0  0 ] (0.00000575)
[  1  1  1  0  0  0  1  0  1 ] (0.00093696)
[  1  1  1  0  0  0  1  1  0 ] (0.00050511)
[  1  1  1  0  0  0  2  0  0 ] (0.00000279)
[  1  1  1  0  0  1  0  0  0 ] (0.00000289)
[  1  1  1  0  0  1  0  0  1 ] (0.00000103)
[  1  1  1  0  0  1  0  1  0 ] (0.00000278)
[  1  1  1  0  0  1  1  0  0 ] (0.00003617)
[  1  1  1  0  0  2  0  0  0 ] (0.00000011)
[  1  1  1  0  1  0  0  0  0 ] (0.00000210)
[  1  1  1  0  1  0  0  0  1 ] (0.00031379)
[  1  1  1  0  1  0  0  1  0 ] (0.00003694)
[  1  1  1  0  1  0  1  0  0 ] (0.00000340)
[  1  1  1  0  1  1  0  0  0 ] (0.00001567)
[  1  1  1  0  2  0  0  0  0 ] (0.00000004)
[  1  1  1  1  0  0  0  0  0 ] (0.00000002)
[  1  1  1  1  0  0  0  0  1 ] (0.00002131)
[  1  1  1  1  0  0  0  1  0 ] (0.00021077)
[  1  1  1  1  0  0  1  0  0 ] (0.00000066)
[  1  1  1  1  0  1  0  0  0 ] (0.00000580)
[  1  1  1  1  1  0  0  0  0 ] (0.00000023)
[  1  1  1  2  0  0  0  0  0 ] (0.00000126)
[  1  1  2  0  0  0  0  0  0 ] (0.00000047)
[  1  1  2  0  0  0  0  0  1 ] (0.00000002)
[  1  1  2  0  0  0  0  1  0 ] (0.00000012)
[  1  1  2  0  0  0  1  0  0 ] (0.00000250)
[  1  1  2  0  0  1  0  0  0 ] (0.00000001)
[  1  1  2  0  1  0  0  0  0 ] (0.00000154)
[  1  1  2  1  0  0  0  0  0 ] (0.00000023)
[  1  1  3  0  0  0  0  0  0 ] (0.00000117)
[  1  2  0  0  0  0  0  0  0 ] (0.00000007)
[  1  2  0  0  0  0  0  0  1 ] (0.00001984)
[  1  2  0  0  0  0  0  0  2 ] (0.00019221)
[  1  2  0  0  0  0  0  1  0 ] (0.00011175)
[  1  2  0  0  0  0  0  1  1 ] (0.00027467)
[  1  2  0  0  0  0  0  2  0 ] (0.00005726)
[  1  2  0  0  0  0  1  0  0 ] (0.00008242)
[  1  2  0  0  0  0  1  0  1 ] (0.00073418)
[  1  2  0  0  0  0  1  1  0 ] (0.00242784)
[  1  2  0  0  0  0  2  0  0 ] (0.00000243)
[  1  2  0  0  0  1  0  0  0 ] (0.00000034)
[  1  2  0  0  0  1  0  0  1 ] (0.00002985)
[  1  2  0  0  0  1  0  1  0 ] (0.00002961)
[  1  2  0  0  0  1  1  0  0 ] (0.00002805)
[  1  2  0  0  0  2  0  0  0 ] (0.00000126)
[  1  2  0  0  1  0  0  0  0 ] (0.00001732)
[  1  2  0  0  1  0  0  0  1 ] (0.00002391)
[  1  2  0  0  1  0  0  1  0 ] (0.00000662)
[  1  2  0  0  1  0  1  0  0 ] (0.00000101)
[  1  2  0  0  1  1  0  0  0 ] (0.00000153)
[  1  2  0  0  2  0  0  0  0 ] (0.00000250)
[  1  2  0  1  0  0  0  0  0 ] (0.00000050)
[  1  2  0  1  0  0  0  0  1 ] (0.00000896)
[  1  2  0  1  0  0  0  1  0 ] (0.00000623)
[  1  2  0  1  0  0  1  0  0 ] (0.00001474)
[  1  2  0  1  0  1  0  0  0 ] (0.00000035)
[  1  2  0  1  1  0  0  0  0 ] (0.00000547)
[  1  2  0  2  0  0  0  0  0 ] (0.00000002)
[  1  2  1  0  0  0  0  0  0 ] (0.00000361)
[  1  2  1  0  0  0  0  0  1 ] (0.00000373)
[  1  2  1  0  0  0  0  1  0 ] (0.00003006)
[  1  2  1  0  0  0  1  0  0 ] (0.00000129)
[  1  2  1  0  0  1  0  0  0 ] (0.00000417)
[  1  2  1  0  1  0  0  0  0 ] (0.00000000)
[  1  2  1  1  0  0  0  0  0 ] (0.00000054)
[  1  2  2  0  0  0  0  0  0 ] (0.00000004)
[  1  3  0  0  0  0  0  0  0 ] (0.00000069)
[  1  3  0  0  0  0  0  0  1 ] (0.00000365)
[  1  3  0  0  0  0  0  1  0 ] (0.00000520)
[  1  3  0  0  0  0  1  0  0 ] (0.00002518)
[  1  3  0  0  0  1  0  0  0 ] (0.00000238)
[  1  3  0  0  1  0  0  0  0 ] (0.00001388)
[  1  3  0  1  0  0  0  0  0 ] (0.00000000)
[  1  3  1  0  0  0  0  0  0 ] (0.00000059)
[  1  4  0  0  0  0  0  0  0 ] (0.00000531)
[  2  0  0  0  0  0  0  0  0 ] (0.00000027)
[  2  0  0  0  0  0  0  0  1 ] (0.00000344)
[  2  0  0  0  0  0  0  0  2 ] (0.00051128)
[  2  0  0  0  0  0  0  0  3 ] (0.00020004)
[  2  0  0  0  0  0  0  1  0 ] (0.00001548)
[  2  0  0  0  0  0  0  1  1 ] (0.00003844)
[  2  0  0  0  0  0  0  1  2 ] (0.00004606)
[  2  0  0  0  0  0  0  2  0 ] (0.00002360)
[  2  0  0  0  0  0  0  2  1 ] (0.00018701)
[  2  0  0  0  0  0  0  3  0 ] (0.00054903)
[  2  0  0  0  0  0  1  0  0 ] (0.00000435)
[  2  0  0  0  0  0  1  0  1 ] (0.00005292)
[  2  0  0  0  0  0  1  0  2 ] (0.00023137)
[  2  0  0  0  0  0  1  1  0 ] (0.00000011)
[  2  0  0  0  0  0  1  1  1 ] (0.00001269)
[  2  0  0  0  0  0  1  2  0 ] (0.00001194)
[  2  0  0  0  0  0  2  0  0 ] (0.00002095)
[  2  0  0  0  0  0  2  0  1 ] (0.00068460)
[  2  0  0  0  0  0  2  1  0 ] (0.00016181)
[  2  0  0  0  0  0  3  0  0 ] (0.00000020)
[  2  0  0  0  0  1  0  0  0 ] (0.00000021)
[  2  0  0  0  0  1  0  0  1 ] (0.00000267)
[  2  0  0  0  0  1  0  0  2 ] (0.00178123)
[  2  0  0  0  0  1  0  1  0 ] (0.00002994)
[  2  0  0  0  0  1  0  1  1 ] (0.00000040)
[  2  0  0  0  0  1  0  2  0 ] (0.00004744)
[  2  0  0  0  0  1  1  0  0 ] (0.00002066)
[  2  0  0  0  0  1  1  0  1 ] (0.00007718)
[  2  0  0  0  0  1  1  1  0 ] (0.00128851)
[  2  0  0  0  0  1  2  0  0 ] (0.00015722)
[  2  0  0  0  0  2  0  0  0 ] (0.00000011)
[  2  0  0  0  0  2  0  0  1 ] (0.00000114)
[  2  0  0  0  0  2  0  1  0 ] (0.00003326)
[  2  0  0  0  0  2  1  0  0 ] (0.00000079)
[  2  0  0  0  0  3  0  0  0 ] (0.00001449)
[  2  0  0  0  1  0  0  0  0 ] (0.00000591)
[  2  0  0  0  1  0  0  0  1 ] (0.00011504)
[  2  0  0  0  1  0  0  0  2 ] (0.00231404)
[  2  0  0  0  1  0  0  1  0 ] (0.00000019)
[  2  0  0  0  1  0  0  1  1 ] (0.00007780)
[  2  0  0  0  1  0  0  2  0 ] (0.00066893)
[  2  0  0  0  1  0  1  0  0 ] (0.00001397)
[  2  0  0  0  1  0  1  0  1 ] (0.00019114)
[  2  0  0  0  1  0  1  1  0 ] (0.00061677)
[  2  0  0  0  1  0  2  0  0 ] (0.00000092)
[  2  0  0  0  1  1  0  0  0 ] (0.00000694)
[  2  0  0  0  1  1  0  0  1 ] (0.00012233)
[  2  0  0  0  1  1  0  1  0 ] (0.00016344)
[  2  0  0  0  1  1  1  0  0 ] (0.00000682)
[  2  0  0  0  1  2  0  0  0 ] (0.00000265)
[  2  0  0  0  2  0  0  0  0 ] (0.00000350)
[  2  0  0  0  2  0  0  0  1 ] (0.00003880)
[  2  0  0  0  2  0  0  1  0 ] (0.00000647)
[  2  0  0  0  2  0  1  0  0 ] (0.00000154)
[  2  0  0  0  2  1  0  0  0 ] (0.00000625)
[  2  0  0  0  3  0  0  0  0 ] (0.00001289)
[  2  0  0  1  0  0  0  0  0 ] (0.00000139)
[  2  0  0  1  0  0  0  0  1 ] (0.00000149)
[  2  0  0  1  0  0  0  0  2 ] (0.00007135)
[  2  0  0  1  0  0  0  1  0 ] (0.00001825)
[  2  0  0  1  0  0  0  1  1 ] (0.00697288)
[  2  0  0  1  0  0  0  2  0 ] (0.00010252)
[  2  0  0  1  0  0  1  0  0 ] (0.00017284)
[  2  0  0  1  0  0  1  0  1 ] (0.00116757)
[  2  0  0  1  0  0  1  1  0 ] (0.01355585)
[  2  0  0  1  0  0  2  0  0 ] (0.00001475)
[  2  0  0  1  0  1  0  0  0 ] (0.00001304)
[  2  0  0  1  0  1  0  0  1 ] (0.00001203)
[  2  0  0  1  0  1  0  1  0 ] (0.00000062)
[  2  0  0  1  0  1  1  0  0 ] (0.00004791)
[  2  0  0  1  0  2  0  0  0 ] (0.00000995)
[  2  0  0  1  1  0  0  0  0 ] (0.00002322)
[  2  0  0  1  1  0  0  0  1 ] (0.00006122)
[  2  0  0  1  1  0  0  1  0 ] (0.00004231)
[  2  0  0  1  1  0  1  0  0 ] (0.00002132)
[  2  0  0  1  1  1  0  0  0 ] (0.00001558)
[  2  0  0  1  2  0  0  0  0 ] (0.00000281)
[  2  0  0  2  0  0  0  0  0 ] (0.00000021)
[  2  0  0  2  0  0  0  0  1 ] (0.00000013)
[  2  0  0  2  0  0  0  1  0 ] (0.00000006)
[  2  0  0  2  0  0  1  0  0 ] (0.00000146)
[  2  0  0  2  0  1  0  0  0 ] (0.00000053)
[  2  0  0  2  1  0  0  0  0 ] (0.00000008)
[  2  0  0  3  0  0  0  0  0 ] (0.00000000)
[  2  0  1  0  0  0  0  0  0 ] (0.00000318)
[  2  0  1  0  0  0  0  0  1 ] (0.00000014)
[  2  0  1  0  0  0  0  0  2 ] (0.00003685)
[  2  0  1  0  0  0  0  1  0 ] (0.00000095)
[  2  0  1  0  0  0  0  1  1 ] (0.00002207)
[  2  0  1  0  0  0  0  2  0 ] (0.00000007)
[  2  0  1  0  0  0  1  0  0 ] (0.00001917)
[  2  0  1  0  0  0  1  0  1 ] (0.00017678)
[  2  0  1  0  0  0  1  1  0 ] (0.00004541)
[  2  0  1  0  0  0  2  0  0 ] (0.00000906)
[  2  0  1  0  0  1  0  0  0 ] (0.00000003)
[  2  0  1  0  0  1  0  0  1 ] (0.00005377)
[  2  0  1  0  0  1  0  1  0 ] (0.00002569)
[  2  0  1  0  0  1  1  0  0 ] (0.00007202)
[  2  0  1  0  0  2  0  0  0 ] (0.00000655)
[  2  0  1  0  1  0  0  0  0 ] (0.00000664)
[  2  0  1  0  1  0  0  0  1 ] (0.00000771)
[  2  0  1  0  1  0  0  1  0 ] (0.00002986)
[  2  0  1  0  1  0  1  0  0 ] (0.00000087)
[  2  0  1  0  1  1  0  0  0 ] (0.00000072)
[  2  0  1  0  2  0  0  0  0 ] (0.00000001)
[  2  0  1  1  0  0  0  0  0 ] (0.00000453)
[  2  0  1  1  0  0  0  0  1 ] (0.00001335)
[  2  0  1  1  0  0  0  1  0 ] (0.00000528)
[  2  0  1  1  0  0  1  0  0 ] (0.00002637)
[  2  0  1  1  0  1  0  0  0 ] (0.00000317)
[  2  0  1  1  1  0  0  0  0 ] (0.00000027)
[  2  0  1  2  0  0  0  0  0 ] (0.00000111)
[  2  0  2  0  0  0  0  0  0 ] (0.00000005)
[  2  0  2  0  0  0  0  0  1 ] (0.00000187)
[  2  0  2  0  0  0  0  1  0 ] (0.00000025)
[  2  0  2  0  0  0  1  0  0 ] (0.00000274)
[  2  0  2  0  0  1  0  0  0 ] (0.00000027)
[  2  0  2  0  1  0  0  0  0 ] (0.00000122)
[  2  0  2  1  0  0  0  0  0 ] (0.00000000)
[  2  0  3  0  0  0  0  0  0 ] (0.00000077)
[  2  1  0  0  0  0  0  0  0 ] (0.00000001)
[  2  1  0  0  0  0  0  0  1 ] (0.00001623)
[  2  1  0  0  0  0  0  0  2 ] (0.00107871)
[  2  1  0  0  0  0  0  1  0 ] (0.00000452)
[  2  1  0  0  0  0  0  1  1 ] (0.00009941)
[  2  1  0  0  0  0  0  2  0 ] (0.00036302)
[  2  1  0  0  0  0  1  0  0 ] (0.00009076)
[  2  1  0  0  0  0  1  0  1 ] (0.00088723)
[  2  1  0  0  0  0  1  1  0 ] (0.00112885)
[  2  1  0  0  0  0  2  0  0 ] (0.00001173)
[  2  1  0  0  0  1  0  0  0 ] (0.00000183)
[  2  1  0  0  0  1  0  0  1 ] (0.00000008)
[  2  1  0  0  0  1  0  1  0 ] (0.00002914)
[  2  1  0  0  0  1  1  0  0 ] (0.00007598)
[  2  1  0  0  0  2  0  0  0 ] (0.00000379)
[  2  1  0  0  1  0  0  0  0 ] (0.00001582)
[  2  1  0  0  1  0  0  0  1 ] (0.00014224)
[  2  1  0  0  1  0  0  1  0 ] (0.00008299)
[  2  1  0  0  1  0  1  0  0 ] (0.00000273)
[  2  1  0  0  1  1  0  0  0 ] (0.00000346)
[  2  1  0  0  2  0  0  0  0 ] (0.00000010)
[  2  1  0  1  0  0  0  0  0 ] (0.00000399)
[  2  1  0  1  0  0  0  0  1 ] (0.00000775)
[  2  1  0  1  0  0  0  1  0 ] (0.00007442)
[  2  1  0  1  0  0  1  0  0 ] (0.00000730)
[  2  1  0  1  0  1  0  0  0 ] (0.00000767)
[  2  1  0  1  1  0  0  0  0 ] (0.00000091)
[  2  1  0  2  0  0  0  0  0 ] (0.00000115)
[  2  1  1  0  0  0  0  0  0 ] (0.00000323)
[  2  1  1  0  0  0  0  0  1 ] (0.00000218)
[  2  1  1  0  0  0  0  1  0 ] (0.00004026)
[  2  1  1  0  0  0  1  0  0 ] (0.00004583)
[  2  1  1  0  0  1  0  0  0 ] (0.00000869)
[  2  1  1  0  1  0  0  0  0 ] (0.00000545)
[  2  1  1  1  0  0  0  0  0 ] (0.00000277)
[  2  1  2  0  0  0  0  0  0 ] (0.00000114)
[  2  2  0  0  0  0  0  0  0 ] (0.00000669)
[  2  2  0  0  0  0  0  0  1 ] (0.00000350)
[  2  2  0  0  0  0  0  1  0 ] (0.00001727)
[  2  2  0  0  0  0  1  0  0 ] (0.00004900)
[  2  2  0  0  0  1  0  0  0 ] (0.00000335)
[  2  2  0  0  1  0  0  0  0 ] (0.00001432)
[  2  2  0  1  0  0  0  0  0 ] (0.00000022)
[  2  2  1  0  0  0  0  0  0 ] (0.00000217)
[  2  3  0  0  0  0  0  0  0 ] (0.00000471)
[  3  0  0  0  0  0  0  0  0 ] (0.00000092)
[  3  0  0  0  0  0  0  0  1 ] (0.00000525)
[  3  0  0  0  0  0  0  0  2 ] (0.00003121)
[  3  0  0  0  0  0  0  1  0 ] (0.00002384)
[  3  0  0  0  0  0  0  1  1 ] (0.00029046)
[  3  0  0  0  0  0  0  2  0 ] (0.00000301)
[  3  0  0  0  0  0  1  0  0 ] (0.00002676)
[  3  0  0  0  0  0  1  0  1 ] (0.00017772)
[  3  0  0  0  0  0  1  1  0 ] (0.00007136)
[  3  0  0  0  0  0  2  0  0 ] (0.00000022)
[  3  0  0  0  0  1  0  0  0 ] (0.00000331)
[  3  0  0  0  0  1  0  0  1 ] (0.00001508)
[  3  0  0  0  0  1  0  1  0 ] (0.00000380)
[  3  0  0  0  0  1  1  0  0 ] (0.00000524)
[  3  0  0  0  0  2  0  0  0 ] (0.00000197)
[  3  0  0  0  1  0  0  0  0 ] (0.00000323)
[  3  0  0  0  1  0  0  0  1 ] (0.00002125)
[  3  0  0  0  1  0  0  1  0 ] (0.00000062)
[  3  0  0  0  1  0  1  0  0 ] (0.00000942)
[  3  0  0  0  1  1  0  0  0 ] (0.00000004)
[  3  0  0  0  2  0  0  0  0 ] (0.00000000)
[  3  0  0  1  0  0  0  0  0 ] (0.00000000)
[  3  0  0  1  0  0  0  0  1 ] (0.00000270)
[  3  0  0  1  0  0  0  1  0 ] (0.00001259)
[  3  0  0  1  0  0  1  0  0 ] (0.00000983)
[  3  0  0  1  0  1  0  0  0 ] (0.00000015)
[  3  0  0  1  1  0  0  0  0 ] (0.00000004)
[  3  0  0  2  0  0  0  0  0 ] (0.00000009)
[  3  0  1  0  0  0  0  0  0 ] (0.00000061)
[  3  0  1  0  0  0  0  0  1 ] (0.00000054)
[  3  0  1  0  0  0  0  1  0 ] (0.00000132)
[  3  0  1  0  0  0  1  0  0 ] (0.00000197)
[  3  0  1  0  0  1  0  0  0 ] (0.00000100)
[  3  0  1  0  1  0  0  0  0 ] (0.00000163)
[  3  0  1  1  0  0  0  0  0 ] (0.00000003)
[  3  0  2  0  0  0  0  0  0 ] (0.00000007)
[  3  1  0  0  0  0  0  0  0 ] (0.00000191)
[  3  1  0  0  0  0  0  0  1 ] (0.00000667)
[  3  1  0  0  0  0  0  1  0 ] (0.00000629)
[  3  1  0  0  0  0  1  0  0 ] (0.00001623)
[  3  1  0  0  0  1  0  0  0 ] (0.00000249)
[  3  1  0  0  1  0  0  0  0 ] (0.00000004)
[  3  1  0  1  0  0  0  0  0 ] (0.00000000)
[  3  1  1  0  0  0  0  0  0 ] (0.00000097)
[  3  2  0  0  0  0  0  0  0 ] (0.00000004)
[  4  0  0  0  0  0  0  0  0 ] (0.00000047)
[  4  0  0  0  0  0  0  0  1 ] (0.00000589)
[  4  0  0  0  0  0  0  1  0 ] (0.00004391)
[  4  0  0  0  0  0  1  0  0 ] (0.00008601)
[  4  0  0  0  0  1  0  0  0 ] (0.00001487)
[  4  0  0  0  1  0  0  0  0 ] (0.00000254)
[  4  0  0  1  0  0  0  0  0 ] (0.00000026)
[  4  0  1  0  0  0  0  0  0 ] (0.00000080)
[  4  1  0  0  0  0  0  0  0 ] (0.00000082)
[  5  0  0  0  0  0  0  0  0 ] (0.00000046)
