|  -861.252385492392 |   299.639044661685 

[  0  0  0  0  0  0  0  0  0 ] (0.00000293)
[  0  0  0  0  0  0  0  0  1 ] (0.00000023)
[  0  0  0  0  0  0  0  0  2 ] (0.00000554)
[  0  0  0  0  0  0  0  0  3 ] (0.00003519)
[  0  0  0  0  0  0  0  0  4 ] (0.00000486)
[  0  0  0  0  0  0  0  0  5 ] (0.00000002)
[  0  0  0  0  0  0  0  1  0 ] (0.00000022)
[  0  0  0  0  0  0  0  1  1 ] (0.00000125)
[  0  0  0  0  0  0  0  1  2 ] (0.00002316)
[  0  0  0  0  0  0  0  1  3 ] (0.00011421)
[  0  0  0  0  0  0  0  1  4 ] (0.00005824)
[  0  0  0  0  0  0  0  2  0 ] (0.00009239)
[  0  0  0  0  0  0  0  2  1 ] (0.00038166)
[  0  0  0  0  0  0  0  2  2 ] (0.00379484)
[  0  0  0  0  0  0  0  2  3 ] (0.00021101)
[  0  0  0  0  0  0  0  3  0 ] (0.00005507)
[  0  0  0  0  0  0  0  3  1 ] (0.00098084)
[  0  0  0  0  0  0  0  3  2 ] (0.00012406)
[  0  0  0  0  0  0  0  4  0 ] (0.00036750)
[  0  0  0  0  0  0  0  4  1 ] (0.00004690)
[  0  0  0  0  0  0  0  5  0 ] (0.00011510)
[  0  0  0  0  0  0  1  0  0 ] (0.00000230)
[  0  0  0  0  0  0  1  0  1 ] (0.00000005)
[  0  0  0  0  0  0  1  0  2 ] (0.00003439)
[  0  0  0  0  0  0  1  0  3 ] (0.00049089)
[  0  0  0  0  0  0  1  0  4 ] (0.00000002)
[  0  0  0  0  0  0  1  1  0 ] (0.00012246)
[  0  0  0  0  0  0  1  1  1 ] (0.00120689)
[  0  0  0  0  0  0  1  1  2 ] (0.00064780)
[  0  0  0  0  0  0  1  1  3 ] (0.00006568)
[  0  0  0  0  0  0  1  2  0 ] (0.00006613)
[  0  0  0  0  0  0  1  2  1 ] (0.00107171)
[  0  0  0  0  0  0  1  2  2 ] (0.00110253)
[  0  0  0  0  0  0  1  3  0 ] (0.00005756)
[  0  0  0  0  0  0  1  3  1 ] (0.00000004)
[  0  0  0  0  0  0  1  4  0 ] (0.00011426)
[  0  0  0  0  0  0  2  0  0 ] (0.00000816)
[  0  0  0  0  0  0  2  0  1 ] (0.00000106)
[  0  0  0  0  0  0  2  0  2 ] (0.00028924)
[  0  0  0  0  0  0  2  0  3 ] (0.00000754)
[  0  0  0  0  0  0  2  1  0 ] (0.00404718)
[  0  0  0  0  0  0  2  1  1 ] (0.03307403)
[  0  0  0  0  0  0  2  1  2 ] (0.01074100)
[  0  0  0  0  0  0  2  2  0 ] (0.00003053)
[  0  0  0  0  0  0  2  2  1 ] (0.00003058)
[  0  0  0  0  0  0  2  3  0 ] (0.00002224)
[  0  0  0  0  0  0  3  0  0 ] (0.00000250)
[  0  0  0  0  0  0  3  0  1 ] (0.00000871)
[  0  0  0  0  0  0  3  0  2 ] (0.00000971)
[  0  0  0  0  0  0  3  1  0 ] (0.00000730)
[  0  0  0  0  0  0  3  1  1 ] (0.00000196)
[  0  0  0  0  0  0  3  2  0 ] (0.00028988)
[  0  0  0  0  0  0  4  0  0 ] (0.00000009)
[  0  0  0  0  0  0  4  0  1 ] (0.00004616)
[  0  0  0  0  0  0  4  1  0 ] (0.00542802)
[  0  0  0  0  0  0  5  0  0 ] (0.00000354)
[  0  0  0  0  0  1  0  0  0 ] (0.00000037)
[  0  0  0  0  0  1  0  0  1 ] (0.00001248)
[  0  0  0  0  0  1  0  0  2 ] (0.00000326)
[  0  0  0  0  0  1  0  0  3 ] (0.00023700)
[  0  0  0  0  0  1  0  0  4 ] (0.00000552)
[  0  0  0  0  0  1  0  1  0 ] (0.00002376)
[  0  0  0  0  0  1  0  1  1 ] (0.00005362)
[  0  0  0  0  0  1  0  1  2 ] (0.00009979)
[  0  0  0  0  0  1  0  1  3 ] (0.00000473)
[  0  0  0  0  0  1  0  2  0 ] (0.00002025)
[  0  0  0  0  0  1  0  2  1 ] (0.00024742)
[  0  0  0  0  0  1  0  2  2 ] (0.00001899)
[  0  0  0  0  0  1  0  3  0 ] (0.00001677)
[  0  0  0  0  0  1  0  3  1 ] (0.00087864)
[  0  0  0  0  0  1  0  4  0 ] (0.00056954)
[  0  0  0  0  0  1  1  0  0 ] (0.00000179)
[  0  0  0  0  0  1  1  0  1 ] (0.00001312)
[  0  0  0  0  0  1  1  0  2 ] (0.00011376)
[  0  0  0  0  0  1  1  0  3 ] (0.00000165)
[  0  0  0  0  0  1  1  1  0 ] (0.00057893)
[  0  0  0  0  0  1  1  1  1 ] (0.01197228)
[  0  0  0  0  0  1  1  1  2 ] (0.00210417)
[  0  0  0  0  0  1  1  2  0 ] (0.00000008)
[  0  0  0  0  0  1  1  2  1 ] (0.00000058)
[  0  0  0  0  0  1  1  3  0 ] (0.00001138)
[  0  0  0  0  0  1  2  0  0 ] (0.00000351)
[  0  0  0  0  0  1  2  0  1 ] (0.00011628)
[  0  0  0  0  0  1  2  0  2 ] (0.00017872)
[  0  0  0  0  0  1  2  1  0 ] (0.00002259)
[  0  0  0  0  0  1  2  1  1 ] (0.00190887)
[  0  0  0  0  0  1  2  2  0 ] (0.00021431)
[  0  0  0  0  0  1  3  0  0 ] (0.00000840)
[  0  0  0  0  0  1  3  0  1 ] (0.00000188)
[  0  0  0  0  0  1  3  1  0 ] (0.00334105)
[  0  0  0  0  0  1  4  0  0 ] (0.00008196)
[  0  0  0  0  0  2  0  0  0 ] (0.00000048)
[  0  0  0  0  0  2  0  0  1 ] (0.00000633)
[  0  0  0  0  0  2  0  0  2 ] (0.00000000)
[  0  0  0  0  0  2  0  0  3 ] (0.00035825)
[  0  0  0  0  0  2  0  1  0 ] (0.00000626)
[  0  0  0  0  0  2  0  1  1 ] (0.00014181)
[  0  0  0  0  0  2  0  1  2 ] (0.00005824)
[  0  0  0  0  0  2  0  2  0 ] (0.00000018)
[  0  0  0  0  0  2  0  2  1 ] (0.00010286)
[  0  0  0  0  0  2  0  3  0 ] (0.00009490)
[  0  0  0  0  0  2  1  0  0 ] (0.00000091)
[  0  0  0  0  0  2  1  0  1 ] (0.00000039)
[  0  0  0  0  0  2  1  0  2 ] (0.00014354)
[  0  0  0  0  0  2  1  1  0 ] (0.00001824)
[  0  0  0  0  0  2  1  1  1 ] (0.00022859)
[  0  0  0  0  0  2  1  2  0 ] (0.00033469)
[  0  0  0  0  0  2  2  0  0 ] (0.00003002)
[  0  0  0  0  0  2  2  0  1 ] (0.00031160)
[  0  0  0  0  0  2  2  1  0 ] (0.00029643)
[  0  0  0  0  0  2  3  0  0 ] (0.00000011)
[  0  0  0  0  0  3  0  0  0 ] (0.00000000)
[  0  0  0  0  0  3  0  0  1 ] (0.00000800)
[  0  0  0  0  0  3  0  0  2 ] (0.00001147)
[  0  0  0  0  0  3  0  1  0 ] (0.00015451)
[  0  0  0  0  0  3  0  1  1 ] (0.00173430)
[  0  0  0  0  0  3  0  2  0 ] (0.00002506)
[  0  0  0  0  0  3  1  0  0 ] (0.00048975)
[  0  0  0  0  0  3  1  0  1 ] (0.01729295)
[  0  0  0  0  0  3  1  1  0 ] (0.01286833)
[  0  0  0  0  0  3  2  0  0 ] (0.00009308)
[  0  0  0  0  0  4  0  0  0 ] (0.00000758)
[  0  0  0  0  0  4  0  0  1 ] (0.00000206)
[  0  0  0  0  0  4  0  1  0 ] (0.00004968)
[  0  0  0  0  0  4  1  0  0 ] (0.00009382)
[  0  0  0  0  0  5  0  0  0 ] (0.00000033)
[  0  0  0  0  1  0  0  0  0 ] (0.00002345)
[  0  0  0  0  1  0  0  0  1 ] (0.00000676)
[  0  0  0  0  1  0  0  0  2 ] (0.00001317)
[  0  0  0  0  1  0  0  0  3 ] (0.00008783)
[  0  0  0  0  1  0  0  0  4 ] (0.00000275)
[  0  0  0  0  1  0  0  1  0 ] (0.00001932)
[  0  0  0  0  1  0  0  1  1 ] (0.00023168)
[  0  0  0  0  1  0  0  1  2 ] (0.00277838)
[  0  0  0  0  1  0  0  1  3 ] (0.00008806)
[  0  0  0  0  1  0  0  2  0 ] (0.00026724)
[  0  0  0  0  1  0  0  2  1 ] (0.00002682)
[  0  0  0  0  1  0  0  2  2 ] (0.00017967)
[  0  0  0  0  1  0  0  3  0 ] (0.00011748)
[  0  0  0  0  1  0  0  3  1 ] (0.00002045)
[  0  0  0  0  1  0  0  4  0 ] (0.00000702)
[  0  0  0  0  1  0  1  0  0 ] (0.00006151)
[  0  0  0  0  1  0  1  0  1 ] (0.00000457)
[  0  0  0  0  1  0  1  0  2 ] (0.00070687)
[  0  0  0  0  1  0  1  0  3 ] (0.00002761)
[  0  0  0  0  1  0  1  1  0 ] (0.00000757)
[  0  0  0  0  1  0  1  1  1 ] (0.00014201)
[  0  0  0  0  1  0  1  1  2 ] (0.00019508)
[  0  0  0  0  1  0  1  2  0 ] (0.00029456)
[  0  0  0  0  1  0  1  2  1 ] (0.00028850)
[  0  0  0  0  1  0  1  3  0 ] (0.00000019)
[  0  0  0  0  1  0  2  0  0 ] (0.00002214)
[  0  0  0  0  1  0  2  0  1 ] (0.00013277)
[  0  0  0  0  1  0  2  0  2 ] (0.00102874)
[  0  0  0  0  1  0  2  1  0 ] (0.00002842)
[  0  0  0  0  1  0  2  1  1 ] (0.00012690)
[  0  0  0  0  1  0  2  2  0 ] (0.00000018)
[  0  0  0  0  1  0  3  0  0 ] (0.00008374)
[  0  0  0  0  1  0  3  0  1 ] (0.00000761)
[  0  0  0  0  1  0  3  1  0 ] (0.00001012)
[  0  0  0  0  1  0  4  0  0 ] (0.00740932)
[  0  0  0  0  1  1  0  0  0 ] (0.00000012)
[  0  0  0  0  1  1  0  0  1 ] (0.00014144)
[  0  0  0  0  1  1  0  0  2 ] (0.00000082)
[  0  0  0  0  1  1  0  0  3 ] (0.00014782)
[  0  0  0  0  1  1  0  1  0 ] (0.00000015)
[  0  0  0  0  1  1  0  1  1 ] (0.00072759)
[  0  0  0  0  1  1  0  1  2 ] (0.00020989)
[  0  0  0  0  1  1  0  2  0 ] (0.00029931)
[  0  0  0  0  1  1  0  2  1 ] (0.00028980)
[  0  0  0  0  1  1  0  3  0 ] (0.03286355)
[  0  0  0  0  1  1  1  0  0 ] (0.00013645)
[  0  0  0  0  1  1  1  0  1 ] (0.00016431)
[  0  0  0  0  1  1  1  0  2 ] (0.00005195)
[  0  0  0  0  1  1  1  1  0 ] (0.00006934)
[  0  0  0  0  1  1  1  1  1 ] (0.00000416)
[  0  0  0  0  1  1  1  2  0 ] (0.00000102)
[  0  0  0  0  1  1  2  0  0 ] (0.00000482)
[  0  0  0  0  1  1  2  0  1 ] (0.00010985)
[  0  0  0  0  1  1  2  1  0 ] (0.00065417)
[  0  0  0  0  1  1  3  0  0 ] (0.00014185)
[  0  0  0  0  1  2  0  0  0 ] (0.00000455)
[  0  0  0  0  1  2  0  0  1 ] (0.00003457)
[  0  0  0  0  1  2  0  0  2 ] (0.00009231)
[  0  0  0  0  1  2  0  1  0 ] (0.00000289)
[  0  0  0  0  1  2  0  1  1 ] (0.00117357)
[  0  0  0  0  1  2  0  2  0 ] (0.00031311)
[  0  0  0  0  1  2  1  0  0 ] (0.00000006)
[  0  0  0  0  1  2  1  0  1 ] (0.00005168)
[  0  0  0  0  1  2  1  1  0 ] (0.00238263)
[  0  0  0  0  1  2  2  0  0 ] (0.00000008)
[  0  0  0  0  1  3  0  0  0 ] (0.00000301)
[  0  0  0  0  1  3  0  0  1 ] (0.00000011)
[  0  0  0  0  1  3  0  1  0 ] (0.00000014)
[  0  0  0  0  1  3  1  0  0 ] (0.00007909)
[  0  0  0  0  1  4  0  0  0 ] (0.00000097)
[  0  0  0  0  2  0  0  0  0 ] (0.00000403)
[  0  0  0  0  2  0  0  0  1 ] (0.00000361)
[  0  0  0  0  2  0  0  0  2 ] (0.00009317)
[  0  0  0  0  2  0  0  0  3 ] (0.00052881)
[  0  0  0  0  2  0  0  1  0 ] (0.00001423)
[  0  0  0  0  2  0  0  1  1 ] (0.00117447)
[  0  0  0  0  2  0  0  1  2 ] (0.00066152)
[  0  0  0  0  2  0  0  2  0 ] (0.00000011)
[  0  0  0  0  2  0  0  2  1 ] (0.00000055)
[  0  0  0  0  2  0  0  3  0 ] (0.00081973)
[  0  0  0  0  2  0  1  0  0 ] (0.00000048)
[  0  0  0  0  2  0  1  0  1 ] (0.00034821)
[  0  0  0  0  2  0  1  0  2 ] (0.00135532)
[  0  0  0  0  2  0  1  1  0 ] (0.00069576)
[  0  0  0  0  2  0  1  1  1 ] (0.00024821)
[  0  0  0  0  2  0  1  2  0 ] (0.00000267)
[  0  0  0  0  2  0  2  0  0 ] (0.00000511)
[  0  0  0  0  2  0  2  0  1 ] (0.00000065)
[  0  0  0  0  2  0  2  1  0 ] (0.00015076)
[  0  0  0  0  2  0  3  0  0 ] (0.00010827)
[  0  0  0  0  2  1  0  0  0 ] (0.00000578)
[  0  0  0  0  2  1  0  0  1 ] (0.00009101)
[  0  0  0  0  2  1  0  0  2 ] (0.00000075)
[  0  0  0  0  2  1  0  1  0 ] (0.00033446)
[  0  0  0  0  2  1  0  1  1 ] (0.00288149)
[  0  0  0  0  2  1  0  2  0 ] (0.00016338)
[  0  0  0  0  2  1  1  0  0 ] (0.00080181)
[  0  0  0  0  2  1  1  0  1 ] (0.01162683)
[  0  0  0  0  2  1  1  1  0 ] (0.01243951)
[  0  0  0  0  2  1  2  0  0 ] (0.00000907)
[  0  0  0  0  2  2  0  0  0 ] (0.00000140)
[  0  0  0  0  2  2  0  0  1 ] (0.00000460)
[  0  0  0  0  2  2  0  1  0 ] (0.00004701)
[  0  0  0  0  2  2  1  0  0 ] (0.00005472)
[  0  0  0  0  2  3  0  0  0 ] (0.00000106)
[  0  0  0  0  3  0  0  0  0 ] (0.00000005)
[  0  0  0  0  3  0  0  0  1 ] (0.00000152)
[  0  0  0  0  3  0  0  0  2 ] (0.00000436)
[  0  0  0  0  3  0  0  1  0 ] (0.00072726)
[  0  0  0  0  3  0  0  1  1 ] (0.00680879)
[  0  0  0  0  3  0  0  2  0 ] (0.00000138)
[  0  0  0  0  3  0  1  0  0 ] (0.00000008)
[  0  0  0  0  3  0  1  0  1 ] (0.00000202)
[  0  0  0  0  3  0  1  1  0 ] (0.00204483)
[  0  0  0  0  3  0  2  0  0 ] (0.00002220)
[  0  0  0  0  3  1  0  0  0 ] (0.00000035)
[  0  0  0  0  3  1  0  0  1 ] (0.00000025)
[  0  0  0  0  3  1  0  1  0 ] (0.00000608)
[  0  0  0  0  3  1  1  0  0 ] (0.00000156)
[  0  0  0  0  3  2  0  0  0 ] (0.00000440)
[  0  0  0  0  4  0  0  0  0 ] (0.00008569)
[  0  0  0  0  4  0  0  0  1 ] (0.00007485)
[  0  0  0  0  4  0  0  1  0 ] (0.00002468)
[  0  0  0  0  4  0  1  0  0 ] (0.00022535)
[  0  0  0  0  4  1  0  0  0 ] (0.00007984)
[  0  0  0  0  5  0  0  0  0 ] (0.00000792)
[  0  0  0  1  0  0  0  0  0 ] (0.00000003)
[  0  0  0  1  0  0  0  0  1 ] (0.00000095)
[  0  0  0  1  0  0  0  0  2 ] (0.00000576)
[  0  0  0  1  0  0  0  0  3 ] (0.00000144)
[  0  0  0  1  0  0  0  0  4 ] (0.00001343)
[  0  0  0  1  0  0  0  1  0 ] (0.00000581)
[  0  0  0  1  0  0  0  1  1 ] (0.00005005)
[  0  0  0  1  0  0  0  1  2 ] (0.00012113)
[  0  0  0  1  0  0  0  1  3 ] (0.00005971)
[  0  0  0  1  0  0  0  2  0 ] (0.00000182)
[  0  0  0  1  0  0  0  2  1 ] (0.00000006)
[  0  0  0  1  0  0  0  2  2 ] (0.00004146)
[  0  0  0  1  0  0  0  3  0 ] (0.00001454)
[  0  0  0  1  0  0  0  3  1 ] (0.00004533)
[  0  0  0  1  0  0  0  4  0 ] (0.00001601)
[  0  0  0  1  0  0  1  0  0 ] (0.00000020)
[  0  0  0  1  0  0  1  0  1 ] (0.00000572)
[  0  0  0  1  0  0  1  0  2 ] (0.00000099)
[  0  0  0  1  0  0  1  0  3 ] (0.00002206)
[  0  0  0  1  0  0  1  1  0 ] (0.00043656)
[  0  0  0  1  0  0  1  1  1 ] (0.00341705)
[  0  0  0  1  0  0  1  1  2 ] (0.00071988)
[  0  0  0  1  0  0  1  2  0 ] (0.00001507)
[  0  0  0  1  0  0  1  2  1 ] (0.00002569)
[  0  0  0  1  0  0  1  3  0 ] (0.00000043)
[  0  0  0  1  0  0  2  0  0 ] (0.00000307)
[  0  0  0  1  0  0  2  0  1 ] (0.00010277)
[  0  0  0  1  0  0  2  0  2 ] (0.00007904)
[  0  0  0  1  0  0  2  1  0 ] (0.00000376)
[  0  0  0  1  0  0  2  1  1 ] (0.00000414)
[  0  0  0  1  0  0  2  2  0 ] (0.00002762)
[  0  0  0  1  0  0  3  0  0 ] (0.00000037)
[  0  0  0  1  0  0  3  0  1 ] (0.00008086)
[  0  0  0  1  0  0  3  1  0 ] (0.00188802)
[  0  0  0  1  0  0  4  0  0 ] (0.00031835)
[  0  0  0  1  0  1  0  0  0 ] (0.00000489)
[  0  0  0  1  0  1  0  0  1 ] (0.00000315)
[  0  0  0  1  0  1  0  0  2 ] (0.00004820)
[  0  0  0  1  0  1  0  0  3 ] (0.00047233)
[  0  0  0  1  0  1  0  1  0 ] (0.00000075)
[  0  0  0  1  0  1  0  1  1 ] (0.00021194)
[  0  0  0  1  0  1  0  1  2 ] (0.00079252)
[  0  0  0  1  0  1  0  2  0 ] (0.00000520)
[  0  0  0  1  0  1  0  2  1 ] (0.00000762)
[  0  0  0  1  0  1  0  3  0 ] (0.00000003)
[  0  0  0  1  0  1  1  0  0 ] (0.00000128)
[  0  0  0  1  0  1  1  0  1 ] (0.00001226)
[  0  0  0  1  0  1  1  0  2 ] (0.00016338)
[  0  0  0  1  0  1  1  1  0 ] (0.00002592)
[  0  0  0  1  0  1  1  1  1 ] (0.00030681)
[  0  0  0  1  0  1  1  2  0 ] (0.00010144)
[  0  0  0  1  0  1  2  0  0 ] (0.00035623)
[  0  0  0  1  0  1  2  0  1 ] (0.00408938)
[  0  0  0  1  0  1  2  1  0 ] (0.00022010)
[  0  0  0  1  0  1  3  0  0 ] (0.00010367)
[  0  0  0  1  0  2  0  0  0 ] (0.00000181)
[  0  0  0  1  0  2  0  0  1 ] (0.00000146)
[  0  0  0  1  0  2  0  0  2 ] (0.00000555)
[  0  0  0  1  0  2  0  1  0 ] (0.00000067)
[  0  0  0  1  0  2  0  1  1 ] (0.00027057)
[  0  0  0  1  0  2  0  2  0 ] (0.00002862)
[  0  0  0  1  0  2  1  0  0 ] (0.00009769)
[  0  0  0  1  0  2  1  0  1 ] (0.00086188)
[  0  0  0  1  0  2  1  1  0 ] (0.00049407)
[  0  0  0  1  0  2  2  0  0 ] (0.00001363)
[  0  0  0  1  0  3  0  0  0 ] (0.00000027)
[  0  0  0  1  0  3  0  0  1 ] (0.00004473)
[  0  0  0  1  0  3  0  1  0 ] (0.00001043)
[  0  0  0  1  0  3  1  0  0 ] (0.00009330)
[  0  0  0  1  0  4  0  0  0 ] (0.00000093)
[  0  0  0  1  1  0  0  0  0 ] (0.00000665)
[  0  0  0  1  1  0  0  0  1 ] (0.00015593)
[  0  0  0  1  1  0  0  0  2 ] (0.00020260)
[  0  0  0  1  1  0  0  0  3 ] (0.00023036)
[  0  0  0  1  1  0  0  1  0 ] (0.00000869)
[  0  0  0  1  1  0  0  1  1 ] (0.00001118)
[  0  0  0  1  1  0  0  1  2 ] (0.00007813)
[  0  0  0  1  1  0  0  2  0 ] (0.00001570)
[  0  0  0  1  1  0  0  2  1 ] (0.00009837)
[  0  0  0  1  1  0  0  3  0 ] (0.00470123)
[  0  0  0  1  1  0  1  0  0 ] (0.00002337)
[  0  0  0  1  1  0  1  0  1 ] (0.00000383)
[  0  0  0  1  1  0  1  0  2 ] (0.00024356)
[  0  0  0  1  1  0  1  1  0 ] (0.00000029)
[  0  0  0  1  1  0  1  1  1 ] (0.00011123)
[  0  0  0  1  1  0  1  2  0 ] (0.00004896)
[  0  0  0  1  1  0  2  0  0 ] (0.00001627)
[  0  0  0  1  1  0  2  0  1 ] (0.00000013)
[  0  0  0  1  1  0  2  1  0 ] (0.00037577)
[  0  0  0  1  1  0  3  0  0 ] (0.00002643)
[  0  0  0  1  1  1  0  0  0 ] (0.00000548)
[  0  0  0  1  1  1  0  0  1 ] (0.00005788)
[  0  0  0  1  1  1  0  0  2 ] (0.00056518)
[  0  0  0  1  1  1  0  1  0 ] (0.00000933)
[  0  0  0  1  1  1  0  1  1 ] (0.00005902)
[  0  0  0  1  1  1  0  2  0 ] (0.00000199)
[  0  0  0  1  1  1  1  0  0 ] (0.00000221)
[  0  0  0  1  1  1  1  0  1 ] (0.00001164)
[  0  0  0  1  1  1  1  1  0 ] (0.00000821)
[  0  0  0  1  1  1  2  0  0 ] (0.00000138)
[  0  0  0  1  1  2  0  0  0 ] (0.00000656)
[  0  0  0  1  1  2  0  0  1 ] (0.00006030)
[  0  0  0  1  1  2  0  1  0 ] (0.00017943)
[  0  0  0  1  1  2  1  0  0 ] (0.00000392)
[  0  0  0  1  1  3  0  0  0 ] (0.00001398)
[  0  0  0  1  2  0  0  0  0 ] (0.00000227)
[  0  0  0  1  2  0  0  0  1 ] (0.00000592)
[  0  0  0  1  2  0  0  0  2 ] (0.00000008)
[  0  0  0  1  2  0  0  1  0 ] (0.00003258)
[  0  0  0  1  2  0  0  1  1 ] (0.00005162)
[  0  0  0  1  2  0  0  2  0 ] (0.00000533)
[  0  0  0  1  2  0  1  0  0 ] (0.00000025)
[  0  0  0  1  2  0  1  0  1 ] (0.00000000)
[  0  0  0  1  2  0  1  1  0 ] (0.00002144)
[  0  0  0  1  2  0  2  0  0 ] (0.00000009)
[  0  0  0  1  2  1  0  0  0 ] (0.00000289)
[  0  0  0  1  2  1  0  0  1 ] (0.00000844)
[  0  0  0  1  2  1  0  1  0 ] (0.00005102)
[  0  0  0  1  2  1  1  0  0 ] (0.00000632)
[  0  0  0  1  2  2  0  0  0 ] (0.00000090)
[  0  0  0  1  3  0  0  0  0 ] (0.00000050)
[  0  0  0  1  3  0  0  0  1 ] (0.00000797)
[  0  0  0  1  3  0  0  1  0 ] (0.00001297)
[  0  0  0  1  3  0  1  0  0 ] (0.00000087)
[  0  0  0  1  3  1  0  0  0 ] (0.00000045)
[  0  0  0  1  4  0  0  0  0 ] (0.00000677)
[  0  0  0  2  0  0  0  0  0 ] (0.00001012)
[  0  0  0  2  0  0  0  0  1 ] (0.00013087)
[  0  0  0  2  0  0  0  0  2 ] (0.00014704)
[  0  0  0  2  0  0  0  0  3 ] (0.03485725)
[  0  0  0  2  0  0  0  1  0 ] (0.00002509)
[  0  0  0  2  0  0  0  1  1 ] (0.00021334)
[  0  0  0  2  0  0  0  1  2 ] (0.00888041)
[  0  0  0  2  0  0  0  2  0 ] (0.00010595)
[  0  0  0  2  0  0  0  2  1 ] (0.00074979)
[  0  0  0  2  0  0  0  3  0 ] (0.00000023)
[  0  0  0  2  0  0  1  0  0 ] (0.00006056)
[  0  0  0  2  0  0  1  0  1 ] (0.00037648)
[  0  0  0  2  0  0  1  0  2 ] (0.00429445)
[  0  0  0  2  0  0  1  1  0 ] (0.00005788)
[  0  0  0  2  0  0  1  1  1 ] (0.00002171)
[  0  0  0  2  0  0  1  2  0 ] (0.00217584)
[  0  0  0  2  0  0  2  0  0 ] (0.00064500)
[  0  0  0  2  0  0  2  0  1 ] (0.00503550)
[  0  0  0  2  0  0  2  1  0 ] (0.00001158)
[  0  0  0  2  0  0  3  0  0 ] (0.00009763)
[  0  0  0  2  0  1  0  0  0 ] (0.00001585)
[  0  0  0  2  0  1  0  0  1 ] (0.00015237)
[  0  0  0  2  0  1  0  0  2 ] (0.00013741)
[  0  0  0  2  0  1  0  1  0 ] (0.00024127)
[  0  0  0  2  0  1  0  1  1 ] (0.00390937)
[  0  0  0  2  0  1  0  2  0 ] (0.00001955)
[  0  0  0  2  0  1  1  0  0 ] (0.00001542)
[  0  0  0  2  0  1  1  0  1 ] (0.00006403)
[  0  0  0  2  0  1  1  1  0 ] (0.00028191)
[  0  0  0  2  0  1  2  0  0 ] (0.00012297)
[  0  0  0  2  0  2  0  0  0 ] (0.00000545)
[  0  0  0  2  0  2  0  0  1 ] (0.00012391)
[  0  0  0  2  0  2  0  1  0 ] (0.00001106)
[  0  0  0  2  0  2  1  0  0 ] (0.00000543)
[  0  0  0  2  0  3  0  0  0 ] (0.00000404)
[  0  0  0  2  1  0  0  0  0 ] (0.00001997)
[  0  0  0  2  1  0  0  0  1 ] (0.00011822)
[  0  0  0  2  1  0  0  0  2 ] (0.00000279)
[  0  0  0  2  1  0  0  1  0 ] (0.00002084)
[  0  0  0  2  1  0  0  1  1 ] (0.00005630)
[  0  0  0  2  1  0  0  2  0 ] (0.00003738)
[  0  0  0  2  1  0  1  0  0 ] (0.00034994)
[  0  0  0  2  1  0  1  0  1 ] (0.00198899)
[  0  0  0  2  1  0  1  1  0 ] (0.00006711)
[  0  0  0  2  1  0  2  0  0 ] (0.00000040)
[  0  0  0  2  1  1  0  0  0 ] (0.00003440)
[  0  0  0  2  1  1  0  0  1 ] (0.00019026)
[  0  0  0  2  1  1  0  1  0 ] (0.00001704)
[  0  0  0  2  1  1  1  0  0 ] (0.00028287)
[  0  0  0  2  1  2  0  0  0 ] (0.00000663)
[  0  0  0  2  2  0  0  0  0 ] (0.00000042)
[  0  0  0  2  2  0  0  0  1 ] (0.00001109)
[  0  0  0  2  2  0  0  1  0 ] (0.00002319)
[  0  0  0  2  2  0  1  0  0 ] (0.00000435)
[  0  0  0  2  2  1  0  0  0 ] (0.00000017)
[  0  0  0  2  3  0  0  0  0 ] (0.00000197)
[  0  0  0  3  0  0  0  0  0 ] (0.00000031)
[  0  0  0  3  0  0  0  0  1 ] (0.00000650)
[  0  0  0  3  0  0  0  0  2 ] (0.00000001)
[  0  0  0  3  0  0  0  1  0 ] (0.00000384)
[  0  0  0  3  0  0  0  1  1 ] (0.00002226)
[  0  0  0  3  0  0  0  2  0 ] (0.00000006)
[  0  0  0  3  0  0  1  0  0 ] (0.00000000)
[  0  0  0  3  0  0  1  0  1 ] (0.00000217)
[  0  0  0  3  0  0  1  1  0 ] (0.00005172)
[  0  0  0  3  0  0  2  0  0 ] (0.00000003)
[  0  0  0  3  0  1  0  0  0 ] (0.00000134)
[  0  0  0  3  0  1  0  0  1 ] (0.00004041)
[  0  0  0  3  0  1  0  1  0 ] (0.00000969)
[  0  0  0  3  0  1  1  0  0 ] (0.00000815)
[  0  0  0  3  0  2  0  0  0 ] (0.00000010)
[  0  0  0  3  1  0  0  0  0 ] (0.00000186)
[  0  0  0  3  1  0  0  0  1 ] (0.00000915)
[  0  0  0  3  1  0  0  1  0 ] (0.00002233)
[  0  0  0  3  1  0  1  0  0 ] (0.00000606)
[  0  0  0  3  1  1  0  0  0 ] (0.00000168)
[  0  0  0  3  2  0  0  0  0 ] (0.00000011)
[  0  0  0  4  0  0  0  0  0 ] (0.00000008)
[  0  0  0  4  0  0  0  0  1 ] (0.00000157)
[  0  0  0  4  0  0  0  1  0 ] (0.00000103)
[  0  0  0  4  0  0  1  0  0 ] (0.00002602)
[  0  0  0  4  0  1  0  0  0 ] (0.00000670)
[  0  0  0  4  1  0  0  0  0 ] (0.00000002)
[  0  0  0  5  0  0  0  0  0 ] (0.00000151)
[  0  0  1  0  0  0  0  0  0 ] (0.00000093)
[  0  0  1  0  0  0  0  0  1 ] (0.00000433)
[  0  0  1  0  0  0  0  0  2 ] (0.00000975)
[  0  0  1  0  0  0  0  0  3 ] (0.00014247)
[  0  0  1  0  0  0  0  0  4 ] (0.00002590)
[  0  0  1  0  0  0  0  1  0 ] (0.00000072)
[  0  0  1  0  0  0  0  1  1 ] (0.00005015)
[  0  0  1  0  0  0  0  1  2 ] (0.00000091)
[  0  0  1  0  0  0  0  1  3 ] (0.00005136)
[  0  0  1  0  0  0  0  2  0 ] (0.00000019)
[  0  0  1  0  0  0  0  2  1 ] (0.00000141)
[  0  0  1  0  0  0  0  2  2 ] (0.00001114)
[  0  0  1  0  0  0  0  3  0 ] (0.00001263)
[  0  0  1  0  0  0  0  3  1 ] (0.00001739)
[  0  0  1  0  0  0  0  4  0 ] (0.00003949)
[  0  0  1  0  0  0  1  0  0 ] (0.00000013)
[  0  0  1  0  0  0  1  0  1 ] (0.00000000)
[  0  0  1  0  0  0  1  0  2 ] (0.00013757)
[  0  0  1  0  0  0  1  0  3 ] (0.00000001)
[  0  0  1  0  0  0  1  1  0 ] (0.00009437)
[  0  0  1  0  0  0  1  1  1 ] (0.00408773)
[  0  0  1  0  0  0  1  1  2 ] (0.00066759)
[  0  0  1  0  0  0  1  2  0 ] (0.00000497)
[  0  0  1  0  0  0  1  2  1 ] (0.00003268)
[  0  0  1  0  0  0  1  3  0 ] (0.00019505)
[  0  0  1  0  0  0  2  0  0 ] (0.00001859)
[  0  0  1  0  0  0  2  0  1 ] (0.00013887)
[  0  0  1  0  0  0  2  0  2 ] (0.00000022)
[  0  0  1  0  0  0  2  1  0 ] (0.00015062)
[  0  0  1  0  0  0  2  1  1 ] (0.00246953)
[  0  0  1  0  0  0  2  2  0 ] (0.00002240)
[  0  0  1  0  0  0  3  0  0 ] (0.00005878)
[  0  0  1  0  0  0  3  0  1 ] (0.00048527)
[  0  0  1  0  0  0  3  1  0 ] (0.00189547)
[  0  0  1  0  0  0  4  0  0 ] (0.00000000)
[  0  0  1  0  0  1  0  0  0 ] (0.00000076)
[  0  0  1  0  0  1  0  0  1 ] (0.00000424)
[  0  0  1  0  0  1  0  0  2 ] (0.00000323)
[  0  0  1  0  0  1  0  0  3 ] (0.00027806)
[  0  0  1  0  0  1  0  1  0 ] (0.00002936)
[  0  0  1  0  0  1  0  1  1 ] (0.00010862)
[  0  0  1  0  0  1  0  1  2 ] (0.00000083)
[  0  0  1  0  0  1  0  2  0 ] (0.00000302)
[  0  0  1  0  0  1  0  2  1 ] (0.00027510)
[  0  0  1  0  0  1  0  3  0 ] (0.00010980)
[  0  0  1  0  0  1  1  0  0 ] (0.00000019)
[  0  0  1  0  0  1  1  0  1 ] (0.00004472)
[  0  0  1  0  0  1  1  0  2 ] (0.00007971)
[  0  0  1  0  0  1  1  1  0 ] (0.00184112)
[  0  0  1  0  0  1  1  1  1 ] (0.00021369)
[  0  0  1  0  0  1  1  2  0 ] (0.00068577)
[  0  0  1  0  0  1  2  0  0 ] (0.00064584)
[  0  0  1  0  0  1  2  0  1 ] (0.00480369)
[  0  0  1  0  0  1  2  1  0 ] (0.04671798)
[  0  0  1  0  0  1  3  0  0 ] (0.00001196)
[  0  0  1  0  0  2  0  0  0 ] (0.00000054)
[  0  0  1  0  0  2  0  0  1 ] (0.00000001)
[  0  0  1  0  0  2  0  0  2 ] (0.00000577)
[  0  0  1  0  0  2  0  1  0 ] (0.00050245)
[  0  0  1  0  0  2  0  1  1 ] (0.00629162)
[  0  0  1  0  0  2  0  2  0 ] (0.00000180)
[  0  0  1  0  0  2  1  0  0 ] (0.00000641)
[  0  0  1  0  0  2  1  0  1 ] (0.00001404)
[  0  0  1  0  0  2  1  1  0 ] (0.00131468)
[  0  0  1  0  0  2  2  0  0 ] (0.00002561)
[  0  0  1  0  0  3  0  0  0 ] (0.00002500)
[  0  0  1  0  0  3  0  0  1 ] (0.00000409)
[  0  0  1  0  0  3  0  1  0 ] (0.00006249)
[  0  0  1  0  0  3  1  0  0 ] (0.00000089)
[  0  0  1  0  0  4  0  0  0 ] (0.00000213)
[  0  0  1  0  1  0  0  0  0 ] (0.00000354)
[  0  0  1  0  1  0  0  0  1 ] (0.00000004)
[  0  0  1  0  1  0  0  0  2 ] (0.00000074)
[  0  0  1  0  1  0  0  0  3 ] (0.00025745)
[  0  0  1  0  1  0  0  1  0 ] (0.00002777)
[  0  0  1  0  1  0  0  1  1 ] (0.00001242)
[  0  0  1  0  1  0  0  1  2 ] (0.00002170)
[  0  0  1  0  1  0  0  2  0 ] (0.00000162)
[  0  0  1  0  1  0  0  2  1 ] (0.00006955)
[  0  0  1  0  1  0  0  3  0 ] (0.00003203)
[  0  0  1  0  1  0  1  0  0 ] (0.00000782)
[  0  0  1  0  1  0  1  0  1 ] (0.00013462)
[  0  0  1  0  1  0  1  0  2 ] (0.00011162)
[  0  0  1  0  1  0  1  1  0 ] (0.00012172)
[  0  0  1  0  1  0  1  1  1 ] (0.00004935)
[  0  0  1  0  1  0  1  2  0 ] (0.00027181)
[  0  0  1  0  1  0  2  0  0 ] (0.00009604)
[  0  0  1  0  1  0  2  0  1 ] (0.00015914)
[  0  0  1  0  1  0  2  1  0 ] (0.00111458)
[  0  0  1  0  1  0  3  0  0 ] (0.00011374)
[  0  0  1  0  1  1  0  0  0 ] (0.00000184)
[  0  0  1  0  1  1  0  0  1 ] (0.00000065)
[  0  0  1  0  1  1  0  0  2 ] (0.00008741)
[  0  0  1  0  1  1  0  1  0 ] (0.00000081)
[  0  0  1  0  1  1  0  1  1 ] (0.00014200)
[  0  0  1  0  1  1  0  2  0 ] (0.00013146)
[  0  0  1  0  1  1  1  0  0 ] (0.00009417)
[  0  0  1  0  1  1  1  0  1 ] (0.00379428)
[  0  0  1  0  1  1  1  1  0 ] (0.00009329)
[  0  0  1  0  1  1  2  0  0 ] (0.00032434)
[  0  0  1  0  1  2  0  0  0 ] (0.00001844)
[  0  0  1  0  1  2  0  0  1 ] (0.00003111)
[  0  0  1  0  1  2  0  1  0 ] (0.00000140)
[  0  0  1  0  1  2  1  0  0 ] (0.00002284)
[  0  0  1  0  1  3  0  0  0 ] (0.00000343)
[  0  0  1  0  2  0  0  0  0 ] (0.00000724)
[  0  0  1  0  2  0  0  0  1 ] (0.00007876)
[  0  0  1  0  2  0  0  0  2 ] (0.00024899)
[  0  0  1  0  2  0  0  1  0 ] (0.00001821)
[  0  0  1  0  2  0  0  1  1 ] (0.00154333)
[  0  0  1  0  2  0  0  2  0 ] (0.00003218)
[  0  0  1  0  2  0  1  0  0 ] (0.00009841)
[  0  0  1  0  2  0  1  0  1 ] (0.00083917)
[  0  0  1  0  2  0  1  1  0 ] (0.00290843)
[  0  0  1  0  2  0  2  0  0 ] (0.00000673)
[  0  0  1  0  2  1  0  0  0 ] (0.00000348)
[  0  0  1  0  2  1  0  0  1 ] (0.00000057)
[  0  0  1  0  2  1  0  1  0 ] (0.00004340)
[  0  0  1  0  2  1  1  0  0 ] (0.00000820)
[  0  0  1  0  2  2  0  0  0 ] (0.00000019)
[  0  0  1  0  3  0  0  0  0 ] (0.00001348)
[  0  0  1  0  3  0  0  0  1 ] (0.00003360)
[  0  0  1  0  3  0  0  1  0 ] (0.00003695)
[  0  0  1  0  3  0  1  0  0 ] (0.00002942)
[  0  0  1  0  3  1  0  0  0 ] (0.00000251)
[  0  0  1  0  4  0  0  0  0 ] (0.00004933)
[  0  0  1  1  0  0  0  0  0 ] (0.00000006)
[  0  0  1  1  0  0  0  0  1 ] (0.00000498)
[  0  0  1  1  0  0  0  0  2 ] (0.00000599)
[  0  0  1  1  0  0  0  0  3 ] (0.00037892)
[  0  0  1  1  0  0  0  1  0 ] (0.00000517)
[  0  0  1  1  0  0  0  1  1 ] (0.00013934)
[  0  0  1  1  0  0  0  1  2 ] (0.00000456)
[  0  0  1  1  0  0  0  2  0 ] (0.00001950)
[  0  0  1  1  0  0  0  2  1 ] (0.00378567)
[  0  0  1  1  0  0  0  3  0 ] (0.00041737)
[  0  0  1  1  0  0  1  0  0 ] (0.00000158)
[  0  0  1  1  0  0  1  0  1 ] (0.00003968)
[  0  0  1  1  0  0  1  0  2 ] (0.00034093)
[  0  0  1  1  0  0  1  1  0 ] (0.00001742)
[  0  0  1  1  0  0  1  1  1 ] (0.00011098)
[  0  0  1  1  0  0  1  2  0 ] (0.00441949)
[  0  0  1  1  0  0  2  0  0 ] (0.00019071)
[  0  0  1  1  0  0  2  0  1 ] (0.00097263)
[  0  0  1  1  0  0  2  1  0 ] (0.00052586)
[  0  0  1  1  0  0  3  0  0 ] (0.00001915)
[  0  0  1  1  0  1  0  0  0 ] (0.00000070)
[  0  0  1  1  0  1  0  0  1 ] (0.00002212)
[  0  0  1  1  0  1  0  0  2 ] (0.00000180)
[  0  0  1  1  0  1  0  1  0 ] (0.00004534)
[  0  0  1  1  0  1  0  1  1 ] (0.00015412)
[  0  0  1  1  0  1  0  2  0 ] (0.00003637)
[  0  0  1  1  0  1  1  0  0 ] (0.00001349)
[  0  0  1  1  0  1  1  0  1 ] (0.00012553)
[  0  0  1  1  0  1  1  1  0 ] (0.00180647)
[  0  0  1  1  0  1  2  0  0 ] (0.00005026)
[  0  0  1  1  0  2  0  0  0 ] (0.00000000)
[  0  0  1  1  0  2  0  0  1 ] (0.00000310)
[  0  0  1  1  0  2  0  1  0 ] (0.00000510)
[  0  0  1  1  0  2  1  0  0 ] (0.00001202)
[  0  0  1  1  0  3  0  0  0 ] (0.00000087)
[  0  0  1  1  1  0  0  0  0 ] (0.00000064)
[  0  0  1  1  1  0  0  0  1 ] (0.00000749)
[  0  0  1  1  1  0  0  0  2 ] (0.00001047)
[  0  0  1  1  1  0  0  1  0 ] (0.00006459)
[  0  0  1  1  1  0  0  1  1 ] (0.00000564)
[  0  0  1  1  1  0  0  2  0 ] (0.00002088)
[  0  0  1  1  1  0  1  0  0 ] (0.00001270)
[  0  0  1  1  1  0  1  0  1 ] (0.00033240)
[  0  0  1  1  1  0  1  1  0 ] (0.00164181)
[  0  0  1  1  1  0  2  0  0 ] (0.00000851)
[  0  0  1  1  1  1  0  0  0 ] (0.00000008)
[  0  0  1  1  1  1  0  0  1 ] (0.00002670)
[  0  0  1  1  1  1  0  1  0 ] (0.00006487)
[  0  0  1  1  1  1  1  0  0 ] (0.00002651)
[  0  0  1  1  1  2  0  0  0 ] (0.00000035)
[  0  0  1  1  2  0  0  0  0 ] (0.00000419)
[  0  0  1  1  2  0  0  0  1 ] (0.00001322)
[  0  0  1  1  2  0  0  1  0 ] (0.00007364)
[  0  0  1  1  2  0  1  0  0 ] (0.00002627)
[  0  0  1  1  2  1  0  0  0 ] (0.00000590)
[  0  0  1  1  3  0  0  0  0 ] (0.00000150)
[  0  0  1  2  0  0  0  0  0 ] (0.00000044)
[  0  0  1  2  0  0  0  0  1 ] (0.00001785)
[  0  0  1  2  0  0  0  0  2 ] (0.00000421)
[  0  0  1  2  0  0  0  1  0 ] (0.00009840)
[  0  0  1  2  0  0  0  1  1 ] (0.00097195)
[  0  0  1  2  0  0  0  2  0 ] (0.00000315)
[  0  0  1  2  0  0  1  0  0 ] (0.00005669)
[  0  0  1  2  0  0  1  0  1 ] (0.00047555)
[  0  0  1  2  0  0  1  1  0 ] (0.00012611)
[  0  0  1  2  0  0  2  0  0 ] (0.00009861)
[  0  0  1  2  0  1  0  0  0 ] (0.00000023)
[  0  0  1  2  0  1  0  0  1 ] (0.00000536)
[  0  0  1  2  0  1  0  1  0 ] (0.00001762)
[  0  0  1  2  0  1  1  0  0 ] (0.00002166)
[  0  0  1  2  0  2  0  0  0 ] (0.00000000)
[  0  0  1  2  1  0  0  0  0 ] (0.00000078)
[  0  0  1  2  1  0  0  0  1 ] (0.00000477)
[  0  0  1  2  1  0  0  1  0 ] (0.00000892)
[  0  0  1  2  1  0  1  0  0 ] (0.00003911)
[  0  0  1  2  1  1  0  0  0 ] (0.00000129)
[  0  0  1  2  2  0  0  0  0 ] (0.00000082)
[  0  0  1  3  0  0  0  0  0 ] (0.00000131)
[  0  0  1  3  0  0  0  0  1 ] (0.00000526)
[  0  0  1  3  0  0  0  1  0 ] (0.00000108)
[  0  0  1  3  0  0  1  0  0 ] (0.00000001)
[  0  0  1  3  0  1  0  0  0 ] (0.00000225)
[  0  0  1  3  1  0  0  0  0 ] (0.00000060)
[  0  0  1  4  0  0  0  0  0 ] (0.00000591)
[  0  0  2  0  0  0  0  0  0 ] (0.00001245)
[  0  0  2  0  0  0  0  0  1 ] (0.00006559)
[  0  0  2  0  0  0  0  0  2 ] (0.00026303)
[  0  0  2  0  0  0  0  0  3 ] (0.00665517)
[  0  0  2  0  0  0  0  1  0 ] (0.00000080)
[  0  0  2  0  0  0  0  1  1 ] (0.00007316)
[  0  0  2  0  0  0  0  1  2 ] (0.00071261)
[  0  0  2  0  0  0  0  2  0 ] (0.00019813)
[  0  0  2  0  0  0  0  2  1 ] (0.00042546)
[  0  0  2  0  0  0  0  3  0 ] (0.00001617)
[  0  0  2  0  0  0  1  0  0 ] (0.00017301)
[  0  0  2  0  0  0  1  0  1 ] (0.00178457)
[  0  0  2  0  0  0  1  0  2 ] (0.00917868)
[  0  0  2  0  0  0  1  1  0 ] (0.00000607)
[  0  0  2  0  0  0  1  1  1 ] (0.00002721)
[  0  0  2  0  0  0  1  2  0 ] (0.00068849)
[  0  0  2  0  0  0  2  0  0 ] (0.00060892)
[  0  0  2  0  0  0  2  0  1 ] (0.00350707)
[  0  0  2  0  0  0  2  1  0 ] (0.00033892)
[  0  0  2  0  0  0  3  0  0 ] (0.00016746)
[  0  0  2  0  0  1  0  0  0 ] (0.00000426)
[  0  0  2  0  0  1  0  0  1 ] (0.00001411)
[  0  0  2  0  0  1  0  0  2 ] (0.00009689)
[  0  0  2  0  0  1  0  1  0 ] (0.00000018)
[  0  0  2  0  0  1  0  1  1 ] (0.00006144)
[  0  0  2  0  0  1  0  2  0 ] (0.00003150)
[  0  0  2  0  0  1  1  0  0 ] (0.00014930)
[  0  0  2  0  0  1  1  0  1 ] (0.00199187)
[  0  0  2  0  0  1  1  1  0 ] (0.00000002)
[  0  0  2  0  0  1  2  0  0 ] (0.00002176)
[  0  0  2  0  0  2  0  0  0 ] (0.00000151)
[  0  0  2  0  0  2  0  0  1 ] (0.00000912)
[  0  0  2  0  0  2  0  1  0 ] (0.00000004)
[  0  0  2  0  0  2  1  0  0 ] (0.00002837)
[  0  0  2  0  0  3  0  0  0 ] (0.00000114)
[  0  0  2  0  1  0  0  0  0 ] (0.00000899)
[  0  0  2  0  1  0  0  0  1 ] (0.00006596)
[  0  0  2  0  1  0  0  0  2 ] (0.00007221)
[  0  0  2  0  1  0  0  1  0 ] (0.00046434)
[  0  0  2  0  1  0  0  1  1 ] (0.00414370)
[  0  0  2  0  1  0  0  2  0 ] (0.00004006)
[  0  0  2  0  1  0  1  0  0 ] (0.00003302)
[  0  0  2  0  1  0  1  0  1 ] (0.00031549)
[  0  0  2  0  1  0  1  1  0 ] (0.00097813)
[  0  0  2  0  1  0  2  0  0 ] (0.00000990)
[  0  0  2  0  1  1  0  0  0 ] (0.00000014)
[  0  0  2  0  1  1  0  0  1 ] (0.00000885)
[  0  0  2  0  1  1  0  1  0 ] (0.00002844)
[  0  0  2  0  1  1  1  0  0 ] (0.00000387)
[  0  0  2  0  1  2  0  0  0 ] (0.00000078)
[  0  0  2  0  2  0  0  0  0 ] (0.00000001)
[  0  0  2  0  2  0  0  0  1 ] (0.00000000)
[  0  0  2  0  2  0  0  1  0 ] (0.00001370)
[  0  0  2  0  2  0  1  0  0 ] (0.00000074)
[  0  0  2  0  2  1  0  0  0 ] (0.00000003)
[  0  0  2  0  3  0  0  0  0 ] (0.00000304)
[  0  0  2  1  0  0  0  0  0 ] (0.00000165)
[  0  0  2  1  0  0  0  0  1 ] (0.00001700)
[  0  0  2  1  0  0  0  0  2 ] (0.00001539)
[  0  0  2  1  0  0  0  1  0 ] (0.00000007)
[  0  0  2  1  0  0  0  1  1 ] (0.00006146)
[  0  0  2  1  0  0  0  2  0 ] (0.00000021)
[  0  0  2  1  0  0  1  0  0 ] (0.00001281)
[  0  0  2  1  0  0  1  0  1 ] (0.00001531)
[  0  0  2  1  0  0  1  1  0 ] (0.00000088)
[  0  0  2  1  0  0  2  0  0 ] (0.00000020)
[  0  0  2  1  0  1  0  0  0 ] (0.00000031)
[  0  0  2  1  0  1  0  0  1 ] (0.00000886)
[  0  0  2  1  0  1  0  1  0 ] (0.00000012)
[  0  0  2  1  0  1  1  0  0 ] (0.00000428)
[  0  0  2  1  0  2  0  0  0 ] (0.00000020)
[  0  0  2  1  1  0  0  0  0 ] (0.00001224)
[  0  0  2  1  1  0  0  0  1 ] (0.00003331)
[  0  0  2  1  1  0  0  1  0 ] (0.00000357)
[  0  0  2  1  1  0  1  0  0 ] (0.00001128)
[  0  0  2  1  1  1  0  0  0 ] (0.00000919)
[  0  0  2  1  2  0  0  0  0 ] (0.00000111)
[  0  0  2  2  0  0  0  0  0 ] (0.00000020)
[  0  0  2  2  0  0  0  0  1 ] (0.00000989)
[  0  0  2  2  0  0  0  1  0 ] (0.00000157)
[  0  0  2  2  0  0  1  0  0 ] (0.00000139)
[  0  0  2  2  0  1  0  0  0 ] (0.00000000)
[  0  0  2  2  1  0  0  0  0 ] (0.00000086)
[  0  0  2  3  0  0  0  0  0 ] (0.00000003)
[  0  0  3  0  0  0  0  0  0 ] (0.00000015)
[  0  0  3  0  0  0  0  0  1 ] (0.00000287)
[  0  0  3  0  0  0  0  0  2 ] (0.00000197)
[  0  0  3  0  0  0  0  1  0 ] (0.00002486)
[  0  0  3  0  0  0  0  1  1 ] (0.00001633)
[  0  0  3  0  0  0  0  2  0 ] (0.00000064)
[  0  0  3  0  0  0  1  0  0 ] (0.00000263)
[  0  0  3  0  0  0  1  0  1 ] (0.00000122)
[  0  0  3  0  0  0  1  1  0 ] (0.00004797)
[  0  0  3  0  0  0  2  0  0 ] (0.00000254)
[  0  0  3  0  0  1  0  0  0 ] (0.00000143)
[  0  0  3  0  0  1  0  0  1 ] (0.00002994)
[  0  0  3  0  0  1  0  1  0 ] (0.00002843)
[  0  0  3  0  0  1  1  0  0 ] (0.00000638)
[  0  0  3  0  0  2  0  0  0 ] (0.00000041)
[  0  0  3  0  1  0  0  0  0 ] (0.00000019)
[  0  0  3  0  1  0  0  0  1 ] (0.00000363)
[  0  0  3  0  1  0  0  1  0 ] (0.00001026)
[  0  0  3  0  1  0  1  0  0 ] (0.00000148)
[  0  0  3  0  1  1  0  0  0 ] (0.00000164)
[  0  0  3  0  2  0  0  0  0 ] (0.00000167)
[  0  0  3  1  0  0  0  0  0 ] (0.00000003)
[  0  0  3  1  0  0  0  0  1 ] (0.00000001)
[  0  0  3  1  0  0  0  1  0 ] (0.00000136)
[  0  0  3  1  0  0  1  0  0 ] (0.00000003)
[  0  0  3  1  0  1  0  0  0 ] (0.00000044)
[  0  0  3  1  1  0  0  0  0 ] (0.00000134)
[  0  0  3  2  0  0  0  0  0 ] (0.00000099)
[  0  0  4  0  0  0  0  0  0 ] (0.00001900)
[  0  0  4  0  0  0  0  0  1 ] (0.00007473)
[  0  0  4  0  0  0  0  1  0 ] (0.00000172)
[  0  0  4  0  0  0  1  0  0 ] (0.00002360)
[  0  0  4  0  0  1  0  0  0 ] (0.00000911)
[  0  0  4  0  1  0  0  0  0 ] (0.00000008)
[  0  0  4  1  0  0  0  0  0 ] (0.00000111)
[  0  0  5  0  0  0  0  0  0 ] (0.00000427)
[  0  1  0  0  0  0  0  0  0 ] (0.00001435)
[  0  1  0  0  0  0  0  0  1 ] (0.00002474)
[  0  1  0  0  0  0  0  0  2 ] (0.00003336)
[  0  1  0  0  0  0  0  0  3 ] (0.00018018)
[  0  1  0  0  0  0  0  0  4 ] (0.00000702)
[  0  1  0  0  0  0  0  1  0 ] (0.00004953)
[  0  1  0  0  0  0  0  1  1 ] (0.00003593)
[  0  1  0  0  0  0  0  1  2 ] (0.00001065)
[  0  1  0  0  0  0  0  1  3 ] (0.00002390)
[  0  1  0  0  0  0  0  2  0 ] (0.00000068)
[  0  1  0  0  0  0  0  2  1 ] (0.00130008)
[  0  1  0  0  0  0  0  2  2 ] (0.00192079)
[  0  1  0  0  0  0  0  3  0 ] (0.00002827)
[  0  1  0  0  0  0  0  3  1 ] (0.00018690)
[  0  1  0  0  0  0  0  4  0 ] (0.00016761)
[  0  1  0  0  0  0  1  0  0 ] (0.00003232)
[  0  1  0  0  0  0  1  0  1 ] (0.00000671)
[  0  1  0  0  0  0  1  0  2 ] (0.00000000)
[  0  1  0  0  0  0  1  0  3 ] (0.00008973)
[  0  1  0  0  0  0  1  1  0 ] (0.00002262)
[  0  1  0  0  0  0  1  1  1 ] (0.00031324)
[  0  1  0  0  0  0  1  1  2 ] (0.00000022)
[  0  1  0  0  0  0  1  2  0 ] (0.00036969)
[  0  1  0  0  0  0  1  2  1 ] (0.00042362)
[  0  1  0  0  0  0  1  3  0 ] (0.00007437)
[  0  1  0  0  0  0  2  0  0 ] (0.00001356)
[  0  1  0  0  0  0  2  0  1 ] (0.00014320)
[  0  1  0  0  0  0  2  0  2 ] (0.00038765)
[  0  1  0  0  0  0  2  1  0 ] (0.00024439)
[  0  1  0  0  0  0  2  1  1 ] (0.00070282)
[  0  1  0  0  0  0  2  2  0 ] (0.00000000)
[  0  1  0  0  0  0  3  0  0 ] (0.00016036)
[  0  1  0  0  0  0  3  0  1 ] (0.00166695)
[  0  1  0  0  0  0  3  1  0 ] (0.00001535)
[  0  1  0  0  0  0  4  0  0 ] (0.00006045)
[  0  1  0  0  0  1  0  0  0 ] (0.00003845)
[  0  1  0  0  0  1  0  0  1 ] (0.00002753)
[  0  1  0  0  0  1  0  0  2 ] (0.00011236)
[  0  1  0  0  0  1  0  0  3 ] (0.00500040)
[  0  1  0  0  0  1  0  1  0 ] (0.00000009)
[  0  1  0  0  0  1  0  1  1 ] (0.00014873)
[  0  1  0  0  0  1  0  1  2 ] (0.00119372)
[  0  1  0  0  0  1  0  2  0 ] (0.00005782)
[  0  1  0  0  0  1  0  2  1 ] (0.05682045)
[  0  1  0  0  0  1  0  3  0 ] (0.00467895)
[  0  1  0  0  0  1  1  0  0 ] (0.00018278)
[  0  1  0  0  0  1  1  0  1 ] (0.00005057)
[  0  1  0  0  0  1  1  0  2 ] (0.00028788)
[  0  1  0  0  0  1  1  1  0 ] (0.00001709)
[  0  1  0  0  0  1  1  1  1 ] (0.00036703)
[  0  1  0  0  0  1  1  2  0 ] (0.08160318)
[  0  1  0  0  0  1  2  0  0 ] (0.00048197)
[  0  1  0  0  0  1  2  0  1 ] (0.00494868)
[  0  1  0  0  0  1  2  1  0 ] (0.00153326)
[  0  1  0  0  0  1  3  0  0 ] (0.00001153)
[  0  1  0  0  0  2  0  0  0 ] (0.00000288)
[  0  1  0  0  0  2  0  0  1 ] (0.00001479)
[  0  1  0  0  0  2  0  0  2 ] (0.00003365)
[  0  1  0  0  0  2  0  1  0 ] (0.00009963)
[  0  1  0  0  0  2  0  1  1 ] (0.00290258)
[  0  1  0  0  0  2  0  2  0 ] (0.00029520)
[  0  1  0  0  0  2  1  0  0 ] (0.00000084)
[  0  1  0  0  0  2  1  0  1 ] (0.00000138)
[  0  1  0  0  0  2  1  1  0 ] (0.00001355)
[  0  1  0  0  0  2  2  0  0 ] (0.00000770)
[  0  1  0  0  0  3  0  0  0 ] (0.00001603)
[  0  1  0  0  0  3  0  0  1 ] (0.00001999)
[  0  1  0  0  0  3  0  1  0 ] (0.00000015)
[  0  1  0  0  0  3  1  0  0 ] (0.00000249)
[  0  1  0  0  0  4  0  0  0 ] (0.00000070)
[  0  1  0  0  1  0  0  0  0 ] (0.00001085)
[  0  1  0  0  1  0  0  0  1 ] (0.00000652)
[  0  1  0  0  1  0  0  0  2 ] (0.00020400)
[  0  1  0  0  1  0  0  0  3 ] (0.00338624)
[  0  1  0  0  1  0  0  1  0 ] (0.00000125)
[  0  1  0  0  1  0  0  1  1 ] (0.00393326)
[  0  1  0  0  1  0  0  1  2 ] (0.00220950)
[  0  1  0  0  1  0  0  2  0 ] (0.00002488)
[  0  1  0  0  1  0  0  2  1 ] (0.00039593)
[  0  1  0  0  1  0  0  3  0 ] (0.00013010)
[  0  1  0  0  1  0  1  0  0 ] (0.00014180)
[  0  1  0  0  1  0  1  0  1 ] (0.00064962)
[  0  1  0  0  1  0  1  0  2 ] (0.00236882)
[  0  1  0  0  1  0  1  1  0 ] (0.00147519)
[  0  1  0  0  1  0  1  1  1 ] (0.00189731)
[  0  1  0  0  1  0  1  2  0 ] (0.00133397)
[  0  1  0  0  1  0  2  0  0 ] (0.00256619)
[  0  1  0  0  1  0  2  0  1 ] (0.02049196)
[  0  1  0  0  1  0  2  1  0 ] (0.00863761)
[  0  1  0  0  1  0  3  0  0 ] (0.00042474)
[  0  1  0  0  1  1  0  0  0 ] (0.00000943)
[  0  1  0  0  1  1  0  0  1 ] (0.00003344)
[  0  1  0  0  1  1  0  0  2 ] (0.00019469)
[  0  1  0  0  1  1  0  1  0 ] (0.00019178)
[  0  1  0  0  1  1  0  1  1 ] (0.03824645)
[  0  1  0  0  1  1  0  2  0 ] (0.00005114)
[  0  1  0  0  1  1  1  0  0 ] (0.00027939)
[  0  1  0  0  1  1  1  0  1 ] (0.00515312)
[  0  1  0  0  1  1  1  1  0 ] (0.08188731)
[  0  1  0  0  1  1  2  0  0 ] (0.00031598)
[  0  1  0  0  1  2  0  0  0 ] (0.00000010)
[  0  1  0  0  1  2  0  0  1 ] (0.00000109)
[  0  1  0  0  1  2  0  1  0 ] (0.00003263)
[  0  1  0  0  1  2  1  0  0 ] (0.00000056)
[  0  1  0  0  1  3  0  0  0 ] (0.00000049)
[  0  1  0  0  2  0  0  0  0 ] (0.00006258)
[  0  1  0  0  2  0  0  0  1 ] (0.00020610)
[  0  1  0  0  2  0  0  0  2 ] (0.00033232)
[  0  1  0  0  2  0  0  1  0 ] (0.00006259)
[  0  1  0  0  2  0  0  1  1 ] (0.00066060)
[  0  1  0  0  2  0  0  2  0 ] (0.00004285)
[  0  1  0  0  2  0  1  0  0 ] (0.00030688)
[  0  1  0  0  2  0  1  0  1 ] (0.00186467)
[  0  1  0  0  2  0  1  1  0 ] (0.00032250)
[  0  1  0  0  2  0  2  0  0 ] (0.00000007)
[  0  1  0  0  2  1  0  0  0 ] (0.00004734)
[  0  1  0  0  2  1  0  0  1 ] (0.00004362)
[  0  1  0  0  2  1  0  1  0 ] (0.00000661)
[  0  1  0  0  2  1  1  0  0 ] (0.00018176)
[  0  1  0  0  2  2  0  0  0 ] (0.00000735)
[  0  1  0  0  3  0  0  0  0 ] (0.00003251)
[  0  1  0  0  3  0  0  0  1 ] (0.00006208)
[  0  1  0  0  3  0  0  1  0 ] (0.00016166)
[  0  1  0  0  3  0  1  0  0 ] (0.00004952)
[  0  1  0  0  3  1  0  0  0 ] (0.00020036)
[  0  1  0  0  4  0  0  0  0 ] (0.00001657)
[  0  1  0  1  0  0  0  0  0 ] (0.00000052)
[  0  1  0  1  0  0  0  0  1 ] (0.00001592)
[  0  1  0  1  0  0  0  0  2 ] (0.00000060)
[  0  1  0  1  0  0  0  0  3 ] (0.00001563)
[  0  1  0  1  0  0  0  1  0 ] (0.00000104)
[  0  1  0  1  0  0  0  1  1 ] (0.00035081)
[  0  1  0  1  0  0  0  1  2 ] (0.00029258)
[  0  1  0  1  0  0  0  2  0 ] (0.00000013)
[  0  1  0  1  0  0  0  2  1 ] (0.00075110)
[  0  1  0  1  0  0  0  3  0 ] (0.00010932)
[  0  1  0  1  0  0  1  0  0 ] (0.00002864)
[  0  1  0  1  0  0  1  0  1 ] (0.00009169)
[  0  1  0  1  0  0  1  0  2 ] (0.00008743)
[  0  1  0  1  0  0  1  1  0 ] (0.00006668)
[  0  1  0  1  0  0  1  1  1 ] (0.00000598)
[  0  1  0  1  0  0  1  2  0 ] (0.00022794)
[  0  1  0  1  0  0  2  0  0 ] (0.00001887)
[  0  1  0  1  0  0  2  0  1 ] (0.00010391)
[  0  1  0  1  0  0  2  1  0 ] (0.00263645)
[  0  1  0  1  0  0  3  0  0 ] (0.00000059)
[  0  1  0  1  0  1  0  0  0 ] (0.00000870)
[  0  1  0  1  0  1  0  0  1 ] (0.00002216)
[  0  1  0  1  0  1  0  0  2 ] (0.00002138)
[  0  1  0  1  0  1  0  1  0 ] (0.00015538)
[  0  1  0  1  0  1  0  1  1 ] (0.00082237)
[  0  1  0  1  0  1  0  2  0 ] (0.00001913)
[  0  1  0  1  0  1  1  0  0 ] (0.00003662)
[  0  1  0  1  0  1  1  0  1 ] (0.00059453)
[  0  1  0  1  0  1  1  1  0 ] (0.00279413)
[  0  1  0  1  0  1  2  0  0 ] (0.00000240)
[  0  1  0  1  0  2  0  0  0 ] (0.00000030)
[  0  1  0  1  0  2  0  0  1 ] (0.00000005)
[  0  1  0  1  0  2  0  1  0 ] (0.00002890)
[  0  1  0  1  0  2  1  0  0 ] (0.00000320)
[  0  1  0  1  0  3  0  0  0 ] (0.00000016)
[  0  1  0  1  1  0  0  0  0 ] (0.00000888)
[  0  1  0  1  1  0  0  0  1 ] (0.00023702)
[  0  1  0  1  1  0  0  0  2 ] (0.00044623)
[  0  1  0  1  1  0  0  1  0 ] (0.00001086)
[  0  1  0  1  1  0  0  1  1 ] (0.00370023)
[  0  1  0  1  1  0  0  2  0 ] (0.00018252)
[  0  1  0  1  1  0  1  0  0 ] (0.00012802)
[  0  1  0  1  1  0  1  0  1 ] (0.00226290)
[  0  1  0  1  1  0  1  1  0 ] (0.00049480)
[  0  1  0  1  1  0  2  0  0 ] (0.00020797)
[  0  1  0  1  1  1  0  0  0 ] (0.00001051)
[  0  1  0  1  1  1  0  0  1 ] (0.00003526)
[  0  1  0  1  1  1  0  1  0 ] (0.00037571)
[  0  1  0  1  1  1  1  0  0 ] (0.00004229)
[  0  1  0  1  1  2  0  0  0 ] (0.00000098)
[  0  1  0  1  2  0  0  0  0 ] (0.00000121)
[  0  1  0  1  2  0  0  0  1 ] (0.00000296)
[  0  1  0  1  2  0  0  1  0 ] (0.00001170)
[  0  1  0  1  2  0  1  0  0 ] (0.00000055)
[  0  1  0  1  2  1  0  0  0 ] (0.00000401)
[  0  1  0  1  3  0  0  0  0 ] (0.00000028)
[  0  1  0  2  0  0  0  0  0 ] (0.00000076)
[  0  1  0  2  0  0  0  0  1 ] (0.00000401)
[  0  1  0  2  0  0  0  0  2 ] (0.00000620)
[  0  1  0  2  0  0  0  1  0 ] (0.00017006)
[  0  1  0  2  0  0  0  1  1 ] (0.00019973)
[  0  1  0  2  0  0  0  2  0 ] (0.00000001)
[  0  1  0  2  0  0  1  0  0 ] (0.00017467)
[  0  1  0  2  0  0  1  0  1 ] (0.00113258)
[  0  1  0  2  0  0  1  1  0 ] (0.00041283)
[  0  1  0  2  0  0  2  0  0 ] (0.00001852)
[  0  1  0  2  0  1  0  0  0 ] (0.00000226)
[  0  1  0  2  0  1  0  0  1 ] (0.00000227)
[  0  1  0  2  0  1  0  1  0 ] (0.00010684)
[  0  1  0  2  0  1  1  0  0 ] (0.00005955)
[  0  1  0  2  0  2  0  0  0 ] (0.00000082)
[  0  1  0  2  1  0  0  0  0 ] (0.00003169)
[  0  1  0  2  1  0  0  0  1 ] (0.00005891)
[  0  1  0  2  1  0  0  1  0 ] (0.00002928)
[  0  1  0  2  1  0  1  0  0 ] (0.00011026)
[  0  1  0  2  1  1  0  0  0 ] (0.00002425)
[  0  1  0  2  2  0  0  0  0 ] (0.00000439)
[  0  1  0  3  0  0  0  0  0 ] (0.00000545)
[  0  1  0  3  0  0  0  0  1 ] (0.00000118)
[  0  1  0  3  0  0  0  1  0 ] (0.00002250)
[  0  1  0  3  0  0  1  0  0 ] (0.00002464)
[  0  1  0  3  0  1  0  0  0 ] (0.00001040)
[  0  1  0  3  1  0  0  0  0 ] (0.00000137)
[  0  1  0  4  0  0  0  0  0 ] (0.00002269)
[  0  1  1  0  0  0  0  0  0 ] (0.00000043)
[  0  1  1  0  0  0  0  0  1 ] (0.00001160)
[  0  1  1  0  0  0  0  0  2 ] (0.00000643)
[  0  1  1  0  0  0  0  0  3 ] (0.00004976)
[  0  1  1  0  0  0  0  1  0 ] (0.00002657)
[  0  1  1  0  0  0  0  1  1 ] (0.00003985)
[  0  1  1  0  0  0  0  1  2 ] (0.00570225)
[  0  1  1  0  0  0  0  2  0 ] (0.00004834)
[  0  1  1  0  0  0  0  2  1 ] (0.00229860)
[  0  1  1  0  0  0  0  3  0 ] (0.00000417)
[  0  1  1  0  0  0  1  0  0 ] (0.00000082)
[  0  1  1  0  0  0  1  0  1 ] (0.00000307)
[  0  1  1  0  0  0  1  0  2 ] (0.00000095)
[  0  1  1  0  0  0  1  1  0 ] (0.00014405)
[  0  1  1  0  0  0  1  1  1 ] (0.00002897)
[  0  1  1  0  0  0  1  2  0 ] (0.00075336)
[  0  1  1  0  0  0  2  0  0 ] (0.00068361)
[  0  1  1  0  0  0  2  0  1 ] (0.00285611)
[  0  1  1  0  0  0  2  1  0 ] (0.00001944)
[  0  1  1  0  0  0  3  0  0 ] (0.00005729)
[  0  1  1  0  0  1  0  0  0 ] (0.00000702)
[  0  1  1  0  0  1  0  0  1 ] (0.00015666)
[  0  1  1  0  0  1  0  0  2 ] (0.00000784)
[  0  1  1  0  0  1  0  1  0 ] (0.00157133)
[  0  1  1  0  0  1  0  1  1 ] (0.01715142)
[  0  1  1  0  0  1  0  2  0 ] (0.00000604)
[  0  1  1  0  0  1  1  0  0 ] (0.00003102)
[  0  1  1  0  0  1  1  0  1 ] (0.00004854)
[  0  1  1  0  0  1  1  1  0 ] (0.00505577)
[  0  1  1  0  0  1  2  0  0 ] (0.00008846)
[  0  1  1  0  0  2  0  0  0 ] (0.00000006)
[  0  1  1  0  0  2  0  0  1 ] (0.00001365)
[  0  1  1  0  0  2  0  1  0 ] (0.00000980)
[  0  1  1  0  0  2  1  0  0 ] (0.00000297)
[  0  1  1  0  0  3  0  0  0 ] (0.00000000)
[  0  1  1  0  1  0  0  0  0 ] (0.00000080)
[  0  1  1  0  1  0  0  0  1 ] (0.00000491)
[  0  1  1  0  1  0  0  0  2 ] (0.00005660)
[  0  1  1  0  1  0  0  1  0 ] (0.00000051)
[  0  1  1  0  1  0  0  1  1 ] (0.00003714)
[  0  1  1  0  1  0  0  2  0 ] (0.00004038)
[  0  1  1  0  1  0  1  0  0 ] (0.00008204)
[  0  1  1  0  1  0  1  0  1 ] (0.00128687)
[  0  1  1  0  1  0  1  1  0 ] (0.00000041)
[  0  1  1  0  1  0  2  0  0 ] (0.00000760)
[  0  1  1  0  1  1  0  0  0 ] (0.00007458)
[  0  1  1  0  1  1  0  0  1 ] (0.00009561)
[  0  1  1  0  1  1  0  1  0 ] (0.00000014)
[  0  1  1  0  1  1  1  0  0 ] (0.00001951)
[  0  1  1  0  1  2  0  0  0 ] (0.00000142)
[  0  1  1  0  2  0  0  0  0 ] (0.00004489)
[  0  1  1  0  2  0  0  0  1 ] (0.00021791)
[  0  1  1  0  2  0  0  1  0 ] (0.00001974)
[  0  1  1  0  2  0  1  0  0 ] (0.00005298)
[  0  1  1  0  2  1  0  0  0 ] (0.00001346)
[  0  1  1  0  3  0  0  0  0 ] (0.00000573)
[  0  1  1  1  0  0  0  0  0 ] (0.00000967)
[  0  1  1  1  0  0  0  0  1 ] (0.00001309)
[  0  1  1  1  0  0  0  0  2 ] (0.00001016)
[  0  1  1  1  0  0  0  1  0 ] (0.00000288)
[  0  1  1  1  0  0  0  1  1 ] (0.00137636)
[  0  1  1  1  0  0  0  2  0 ] (0.00005602)
[  0  1  1  1  0  0  1  0  0 ] (0.00012784)
[  0  1  1  1  0  0  1  0  1 ] (0.00086002)
[  0  1  1  1  0  0  1  1  0 ] (0.00213629)
[  0  1  1  1  0  0  2  0  0 ] (0.00003282)
[  0  1  1  1  0  1  0  0  0 ] (0.00002259)
[  0  1  1  1  0  1  0  0  1 ] (0.00005529)
[  0  1  1  1  0  1  0  1  0 ] (0.00001088)
[  0  1  1  1  0  1  1  0  0 ] (0.00009622)
[  0  1  1  1  0  2  0  0  0 ] (0.00000111)
[  0  1  1  1  1  0  0  0  0 ] (0.00004949)
[  0  1  1  1  1  0  0  0  1 ] (0.00003539)
[  0  1  1  1  1  0  0  1  0 ] (0.00004475)
[  0  1  1  1  1  0  1  0  0 ] (0.00019187)
[  0  1  1  1  1  1  0  0  0 ] (0.00003840)
[  0  1  1  1  2  0  0  0  0 ] (0.00000235)
[  0  1  1  2  0  0  0  0  0 ] (0.00000006)
[  0  1  1  2  0  0  0  0  1 ] (0.00000352)
[  0  1  1  2  0  0  0  1  0 ] (0.00007370)
[  0  1  1  2  0  0  1  0  0 ] (0.00001521)
[  0  1  1  2  0  1  0  0  0 ] (0.00000126)
[  0  1  1  2  1  0  0  0  0 ] (0.00000820)
[  0  1  1  3  0  0  0  0  0 ] (0.00000035)
[  0  1  2  0  0  0  0  0  0 ] (0.00001068)
[  0  1  2  0  0  0  0  0  1 ] (0.00003786)
[  0  1  2  0  0  0  0  0  2 ] (0.00006852)
[  0  1  2  0  0  0  0  1  0 ] (0.00000011)
[  0  1  2  0  0  0  0  1  1 ] (0.00000009)
[  0  1  2  0  0  0  0  2  0 ] (0.00001942)
[  0  1  2  0  0  0  1  0  0 ] (0.00000555)
[  0  1  2  0  0  0  1  0  1 ] (0.00011737)
[  0  1  2  0  0  0  1  1  0 ] (0.00001229)
[  0  1  2  0  0  0  2  0  0 ] (0.00001449)
[  0  1  2  0  0  1  0  0  0 ] (0.00000147)
[  0  1  2  0  0  1  0  0  1 ] (0.00000394)
[  0  1  2  0  0  1  0  1  0 ] (0.00000329)
[  0  1  2  0  0  1  1  0  0 ] (0.00000166)
[  0  1  2  0  0  2  0  0  0 ] (0.00000109)
[  0  1  2  0  1  0  0  0  0 ] (0.00000842)
[  0  1  2  0  1  0  0  0  1 ] (0.00001284)
[  0  1  2  0  1  0  0  1  0 ] (0.00001581)
[  0  1  2  0  1  0  1  0  0 ] (0.00001250)
[  0  1  2  0  1  1  0  0  0 ] (0.00000102)
[  0  1  2  0  2  0  0  0  0 ] (0.00000253)
[  0  1  2  1  0  0  0  0  0 ] (0.00000003)
[  0  1  2  1  0  0  0  0  1 ] (0.00000026)
[  0  1  2  1  0  0  0  1  0 ] (0.00000000)
[  0  1  2  1  0  0  1  0  0 ] (0.00000263)
[  0  1  2  1  0  1  0  0  0 ] (0.00000079)
[  0  1  2  1  1  0  0  0  0 ] (0.00000325)
[  0  1  2  2  0  0  0  0  0 ] (0.00000013)
[  0  1  3  0  0  0  0  0  0 ] (0.00000321)
[  0  1  3  0  0  0  0  0  1 ] (0.00000946)
[  0  1  3  0  0  0  0  1  0 ] (0.00000091)
[  0  1  3  0  0  0  1  0  0 ] (0.00004150)
[  0  1  3  0  0  1  0  0  0 ] (0.00000004)
[  0  1  3  0  1  0  0  0  0 ] (0.00000587)
[  0  1  3  1  0  0  0  0  0 ] (0.00000069)
[  0  1  4  0  0  0  0  0  0 ] (0.00000000)
[  0  2  0  0  0  0  0  0  0 ] (0.00000856)
[  0  2  0  0  0  0  0  0  1 ] (0.00004694)
[  0  2  0  0  0  0  0  0  2 ] (0.00003769)
[  0  2  0  0  0  0  0  0  3 ] (0.00055779)
[  0  2  0  0  0  0  0  1  0 ] (0.00004501)
[  0  2  0  0  0  0  0  1  1 ] (0.00015500)
[  0  2  0  0  0  0  0  1  2 ] (0.00167565)
[  0  2  0  0  0  0  0  2  0 ] (0.00068576)
[  0  2  0  0  0  0  0  2  1 ] (0.00255551)
[  0  2  0  0  0  0  0  3  0 ] (0.00059860)
[  0  2  0  0  0  0  1  0  0 ] (0.00009082)
[  0  2  0  0  0  0  1  0  1 ] (0.00030941)
[  0  2  0  0  0  0  1  0  2 ] (0.00074481)
[  0  2  0  0  0  0  1  1  0 ] (0.00003616)
[  0  2  0  0  0  0  1  1  1 ] (0.00144064)
[  0  2  0  0  0  0  1  2  0 ] (0.00249513)
[  0  2  0  0  0  0  2  0  0 ] (0.00000602)
[  0  2  0  0  0  0  2  0  1 ] (0.00006500)
[  0  2  0  0  0  0  2  1  0 ] (0.00000107)
[  0  2  0  0  0  0  3  0  0 ] (0.00007540)
[  0  2  0  0  0  1  0  0  0 ] (0.00001181)
[  0  2  0  0  0  1  0  0  1 ] (0.00001670)
[  0  2  0  0  0  1  0  0  2 ] (0.00001064)
[  0  2  0  0  0  1  0  1  0 ] (0.00013110)
[  0  2  0  0  0  1  0  1  1 ] (0.00070651)
[  0  2  0  0  0  1  0  2  0 ] (0.00012880)
[  0  2  0  0  0  1  1  0  0 ] (0.00005864)
[  0  2  0  0  0  1  1  0  1 ] (0.00011844)
[  0  2  0  0  0  1  1  1  0 ] (0.00037052)
[  0  2  0  0  0  1  2  0  0 ] (0.00002053)
[  0  2  0  0  0  2  0  0  0 ] (0.00000059)
[  0  2  0  0  0  2  0  0  1 ] (0.00000037)
[  0  2  0  0  0  2  0  1  0 ] (0.00000101)
[  0  2  0  0  0  2  1  0  0 ] (0.00000486)
[  0  2  0  0  0  3  0  0  0 ] (0.00000001)
[  0  2  0  0  1  0  0  0  0 ] (0.00000073)
[  0  2  0  0  1  0  0  0  1 ] (0.00000057)
[  0  2  0  0  1  0  0  0  2 ] (0.00002025)
[  0  2  0  0  1  0  0  1  0 ] (0.00131958)
[  0  2  0  0  1  0  0  1  1 ] (0.00924407)
[  0  2  0  0  1  0  0  2  0 ] (0.00000051)
[  0  2  0  0  1  0  1  0  0 ] (0.00006785)
[  0  2  0  0  1  0  1  0  1 ] (0.00021132)
[  0  2  0  0  1  0  1  1  0 ] (0.00533098)
[  0  2  0  0  1  0  2  0  0 ] (0.00000010)
[  0  2  0  0  1  1  0  0  0 ] (0.00001096)
[  0  2  0  0  1  1  0  0  1 ] (0.00001677)
[  0  2  0  0  1  1  0  1  0 ] (0.00019392)
[  0  2  0  0  1  1  1  0  0 ] (0.00001034)
[  0  2  0  0  1  2  0  0  0 ] (0.00000000)
[  0  2  0  0  2  0  0  0  0 ] (0.00003533)
[  0  2  0  0  2  0  0  0  1 ] (0.00006938)
[  0  2  0  0  2  0  0  1  0 ] (0.00000121)
[  0  2  0  0  2  0  1  0  0 ] (0.00007384)
[  0  2  0  0  2  1  0  0  0 ] (0.00001177)
[  0  2  0  0  3  0  0  0  0 ] (0.00006055)
[  0  2  0  1  0  0  0  0  0 ] (0.00000384)
[  0  2  0  1  0  0  0  0  1 ] (0.00000489)
[  0  2  0  1  0  0  0  0  2 ] (0.00000696)
[  0  2  0  1  0  0  0  1  0 ] (0.00005413)
[  0  2  0  1  0  0  0  1  1 ] (0.00046224)
[  0  2  0  1  0  0  0  2  0 ] (0.00000125)
[  0  2  0  1  0  0  1  0  0 ] (0.00001422)
[  0  2  0  1  0  0  1  0  1 ] (0.00002190)
[  0  2  0  1  0  0  1  1  0 ] (0.00013338)
[  0  2  0  1  0  0  2  0  0 ] (0.00000198)
[  0  2  0  1  0  1  0  0  0 ] (0.00000385)
[  0  2  0  1  0  1  0  0  1 ] (0.00000508)
[  0  2  0  1  0  1  0  1  0 ] (0.00003636)
[  0  2  0  1  0  1  1  0  0 ] (0.00000403)
[  0  2  0  1  0  2  0  0  0 ] (0.00000014)
[  0  2  0  1  1  0  0  0  0 ] (0.00001012)
[  0  2  0  1  1  0  0  0  1 ] (0.00000498)
[  0  2  0  1  1  0  0  1  0 ] (0.00002110)
[  0  2  0  1  1  0  1  0  0 ] (0.00000671)
[  0  2  0  1  1  1  0  0  0 ] (0.00000227)
[  0  2  0  1  2  0  0  0  0 ] (0.00000037)
[  0  2  0  2  0  0  0  0  0 ] (0.00000525)
[  0  2  0  2  0  0  0  0  1 ] (0.00001509)
[  0  2  0  2  0  0  0  1  0 ] (0.00000643)
[  0  2  0  2  0  0  1  0  0 ] (0.00000061)
[  0  2  0  2  0  1  0  0  0 ] (0.00000125)
[  0  2  0  2  1  0  0  0  0 ] (0.00000145)
[  0  2  0  3  0  0  0  0  0 ] (0.00000264)
[  0  2  1  0  0  0  0  0  0 ] (0.00000040)
[  0  2  1  0  0  0  0  0  1 ] (0.00000206)
[  0  2  1  0  0  0  0  0  2 ] (0.00000020)
[  0  2  1  0  0  0  0  1  0 ] (0.00003168)
[  0  2  1  0  0  0  0  1  1 ] (0.00004100)
[  0  2  1  0  0  0  0  2  0 ] (0.00000161)
[  0  2  1  0  0  0  1  0  0 ] (0.00000231)
[  0  2  1  0  0  0  1  0  1 ] (0.00000220)
[  0  2  1  0  0  0  1  1  0 ] (0.00002328)
[  0  2  1  0  0  0  2  0  0 ] (0.00000512)
[  0  2  1  0  0  1  0  0  0 ] (0.00000002)
[  0  2  1  0  0  1  0  0  1 ] (0.00000078)
[  0  2  1  0  0  1  0  1  0 ] (0.00006257)
[  0  2  1  0  0  1  1  0  0 ] (0.00000004)
[  0  2  1  0  0  2  0  0  0 ] (0.00000003)
[  0  2  1  0  1  0  0  0  0 ] (0.00000163)
[  0  2  1  0  1  0  0  0  1 ] (0.00000543)
[  0  2  1  0  1  0  0  1  0 ] (0.00000002)
[  0  2  1  0  1  0  1  0  0 ] (0.00001496)
[  0  2  1  0  1  1  0  0  0 ] (0.00000705)
[  0  2  1  0  2  0  0  0  0 ] (0.00000164)
[  0  2  1  1  0  0  0  0  0 ] (0.00000412)
[  0  2  1  1  0  0  0  0  1 ] (0.00000869)
[  0  2  1  1  0  0  0  1  0 ] (0.00004730)
[  0  2  1  1  0  0  1  0  0 ] (0.00000799)
[  0  2  1  1  0  1  0  0  0 ] (0.00000442)
[  0  2  1  1  1  0  0  0  0 ] (0.00001207)
[  0  2  1  2  0  0  0  0  0 ] (0.00000138)
[  0  2  2  0  0  0  0  0  0 ] (0.00000011)
[  0  2  2  0  0  0  0  0  1 ] (0.00000147)
[  0  2  2  0  0  0  0  1  0 ] (0.00000086)
[  0  2  2  0  0  0  1  0  0 ] (0.00000648)
[  0  2  2  0  0  1  0  0  0 ] (0.00000025)
[  0  2  2  0  1  0  0  0  0 ] (0.00000000)
[  0  2  2  1  0  0  0  0  0 ] (0.00000026)
[  0  2  3  0  0  0  0  0  0 ] (0.00000057)
[  0  3  0  0  0  0  0  0  0 ] (0.00000073)
[  0  3  0  0  0  0  0  0  1 ] (0.00000114)
[  0  3  0  0  0  0  0  0  2 ] (0.00001647)
[  0  3  0  0  0  0  0  1  0 ] (0.00001170)
[  0  3  0  0  0  0  0  1  1 ] (0.00000562)
[  0  3  0  0  0  0  0  2  0 ] (0.00000081)
[  0  3  0  0  0  0  1  0  0 ] (0.00000815)
[  0  3  0  0  0  0  1  0  1 ] (0.00001984)
[  0  3  0  0  0  0  1  1  0 ] (0.00000866)
[  0  3  0  0  0  0  2  0  0 ] (0.00000303)
[  0  3  0  0  0  1  0  0  0 ] (0.00001503)
[  0  3  0  0  0  1  0  0  1 ] (0.00002547)
[  0  3  0  0  0  1  0  1  0 ] (0.00001489)
[  0  3  0  0  0  1  1  0  0 ] (0.00003150)
[  0  3  0  0  0  2  0  0  0 ] (0.00000038)
[  0  3  0  0  1  0  0  0  0 ] (0.00000324)
[  0  3  0  0  1  0  0  0  1 ] (0.00000000)
[  0  3  0  0  1  0  0  1  0 ] (0.00000474)
[  0  3  0  0  1  0  1  0  0 ] (0.00007644)
[  0  3  0  0  1  1  0  0  0 ] (0.00001115)
[  0  3  0  0  2  0  0  0  0 ] (0.00000638)
[  0  3  0  1  0  0  0  0  0 ] (0.00000265)
[  0  3  0  1  0  0  0  0  1 ] (0.00000133)
[  0  3  0  1  0  0  0  1  0 ] (0.00001074)
[  0  3  0  1  0  0  1  0  0 ] (0.00000835)
[  0  3  0  1  0  1  0  0  0 ] (0.00000289)
[  0  3  0  1  1  0  0  0  0 ] (0.00000002)
[  0  3  0  2  0  0  0  0  0 ] (0.00000330)
[  0  3  1  0  0  0  0  0  0 ] (0.00000040)
[  0  3  1  0  0  0  0  0  1 ] (0.00000195)
[  0  3  1  0  0  0  0  1  0 ] (0.00000746)
[  0  3  1  0  0  0  1  0  0 ] (0.00000002)
[  0  3  1  0  0  1  0  0  0 ] (0.00000037)
[  0  3  1  0  1  0  0  0  0 ] (0.00000015)
[  0  3  1  1  0  0  0  0  0 ] (0.00000324)
[  0  3  2  0  0  0  0  0  0 ] (0.00000017)
[  0  4  0  0  0  0  0  0  0 ] (0.00000484)
[  0  4  0  0  0  0  0  0  1 ] (0.00002159)
[  0  4  0  0  0  0  0  1  0 ] (0.00000297)
[  0  4  0  0  0  0  1  0  0 ] (0.00000796)
[  0  4  0  0  0  1  0  0  0 ] (0.00000241)
[  0  4  0  0  1  0  0  0  0 ] (0.00000046)
[  0  4  0  1  0  0  0  0  0 ] (0.00000045)
[  0  4  1  0  0  0  0  0  0 ] (0.00000036)
[  0  5  0  0  0  0  0  0  0 ] (0.00000406)
[  1  0  0  0  0  0  0  0  0 ] (0.00000001)
[  1  0  0  0  0  0  0  0  1 ] (0.00000008)
[  1  0  0  0  0  0  0  0  2 ] (0.00000274)
[  1  0  0  0  0  0  0  0  3 ] (0.00020140)
[  1  0  0  0  0  0  0  0  4 ] (0.00001980)
[  1  0  0  0  0  0  0  1  0 ] (0.00000005)
[  1  0  0  0  0  0  0  1  1 ] (0.00005736)
[  1  0  0  0  0  0  0  1  2 ] (0.00030197)
[  1  0  0  0  0  0  0  1  3 ] (0.00010703)
[  1  0  0  0  0  0  0  2  0 ] (0.00000628)
[  1  0  0  0  0  0  0  2  1 ] (0.00001821)
[  1  0  0  0  0  0  0  2  2 ] (0.00008587)
[  1  0  0  0  0  0  0  3  0 ] (0.00000028)
[  1  0  0  0  0  0  0  3  1 ] (0.00025135)
[  1  0  0  0  0  0  0  4  0 ] (0.00225667)
[  1  0  0  0  0  0  1  0  0 ] (0.00000410)
[  1  0  0  0  0  0  1  0  1 ] (0.00000017)
[  1  0  0  0  0  0  1  0  2 ] (0.00086044)
[  1  0  0  0  0  0  1  0  3 ] (0.00001832)
[  1  0  0  0  0  0  1  1  0 ] (0.00002003)
[  1  0  0  0  0  0  1  1  1 ] (0.00054014)
[  1  0  0  0  0  0  1  1  2 ] (0.00012686)
[  1  0  0  0  0  0  1  2  0 ] (0.00000606)
[  1  0  0  0  0  0  1  2  1 ] (0.00002161)
[  1  0  0  0  0  0  1  3  0 ] (0.00008546)
[  1  0  0  0  0  0  2  0  0 ] (0.00000493)
[  1  0  0  0  0  0  2  0  1 ] (0.00000016)
[  1  0  0  0  0  0  2  0  2 ] (0.00001132)
[  1  0  0  0  0  0  2  1  0 ] (0.00001338)
[  1  0  0  0  0  0  2  1  1 ] (0.00000486)
[  1  0  0  0  0  0  2  2  0 ] (0.00004119)
[  1  0  0  0  0  0  3  0  0 ] (0.00000480)
[  1  0  0  0  0  0  3  0  1 ] (0.00002617)
[  1  0  0  0  0  0  3  1  0 ] (0.00004706)
[  1  0  0  0  0  0  4  0  0 ] (0.00023419)
[  1  0  0  0  0  1  0  0  0 ] (0.00000341)
[  1  0  0  0  0  1  0  0  1 ] (0.00000071)
[  1  0  0  0  0  1  0  0  2 ] (0.00000102)
[  1  0  0  0  0  1  0  0  3 ] (0.00973500)
[  1  0  0  0  0  1  0  1  0 ] (0.00012747)
[  1  0  0  0  0  1  0  1  1 ] (0.00037977)
[  1  0  0  0  0  1  0  1  2 ] (0.00088597)
[  1  0  0  0  0  1  0  2  0 ] (0.00008848)
[  1  0  0  0  0  1  0  2  1 ] (0.00005804)
[  1  0  0  0  0  1  0  3  0 ] (0.00021747)
[  1  0  0  0  0  1  1  0  0 ] (0.00001022)
[  1  0  0  0  0  1  1  0  1 ] (0.00079516)
[  1  0  0  0  0  1  1  0  2 ] (0.01575091)
[  1  0  0  0  0  1  1  1  0 ] (0.00005722)
[  1  0  0  0  0  1  1  1  1 ] (0.00082931)
[  1  0  0  0  0  1  1  2  0 ] (0.00002078)
[  1  0  0  0  0  1  2  0  0 ] (0.00002274)
[  1  0  0  0  0  1  2  0  1 ] (0.00045541)
[  1  0  0  0  0  1  2  1  0 ] (0.00003915)
[  1  0  0  0  0  1  3  0  0 ] (0.00000642)
[  1  0  0  0  0  2  0  0  0 ] (0.00000177)
[  1  0  0  0  0  2  0  0  1 ] (0.00000365)
[  1  0  0  0  0  2  0  0  2 ] (0.00000599)
[  1  0  0  0  0  2  0  1  0 ] (0.00001751)
[  1  0  0  0  0  2  0  1  1 ] (0.00009001)
[  1  0  0  0  0  2  0  2  0 ] (0.00000155)
[  1  0  0  0  0  2  1  0  0 ] (0.00003663)
[  1  0  0  0  0  2  1  0  1 ] (0.00011078)
[  1  0  0  0  0  2  1  1  0 ] (0.00002502)
[  1  0  0  0  0  2  2  0  0 ] (0.00000004)
[  1  0  0  0  0  3  0  0  0 ] (0.00000012)
[  1  0  0  0  0  3  0  0  1 ] (0.00003640)
[  1  0  0  0  0  3  0  1  0 ] (0.00001230)
[  1  0  0  0  0  3  1  0  0 ] (0.00003530)
[  1  0  0  0  0  4  0  0  0 ] (0.00000011)
[  1  0  0  0  1  0  0  0  0 ] (0.00000004)
[  1  0  0  0  1  0  0  0  1 ] (0.00001518)
[  1  0  0  0  1  0  0  0  2 ] (0.00000394)
[  1  0  0  0  1  0  0  0  3 ] (0.00208731)
[  1  0  0  0  1  0  0  1  0 ] (0.00000192)
[  1  0  0  0  1  0  0  1  1 ] (0.00002616)
[  1  0  0  0  1  0  0  1  2 ] (0.00003679)
[  1  0  0  0  1  0  0  2  0 ] (0.00009844)
[  1  0  0  0  1  0  0  2  1 ] (0.00006534)
[  1  0  0  0  1  0  0  3  0 ] (0.00003651)
[  1  0  0  0  1  0  1  0  0 ] (0.00000275)
[  1  0  0  0  1  0  1  0  1 ] (0.00001599)
[  1  0  0  0  1  0  1  0  2 ] (0.00033923)
[  1  0  0  0  1  0  1  1  0 ] (0.00008011)
[  1  0  0  0  1  0  1  1  1 ] (0.00034468)
[  1  0  0  0  1  0  1  2  0 ] (0.00083102)
[  1  0  0  0  1  0  2  0  0 ] (0.00016469)
[  1  0  0  0  1  0  2  0  1 ] (0.00102641)
[  1  0  0  0  1  0  2  1  0 ] (0.00118148)
[  1  0  0  0  1  0  3  0  0 ] (0.00005599)
[  1  0  0  0  1  1  0  0  0 ] (0.00001149)
[  1  0  0  0  1  1  0  0  1 ] (0.00000045)
[  1  0  0  0  1  1  0  0  2 ] (0.00003567)
[  1  0  0  0  1  1  0  1  0 ] (0.00022538)
[  1  0  0  0  1  1  0  1  1 ] (0.00018361)
[  1  0  0  0  1  1  0  2  0 ] (0.00016574)
[  1  0  0  0  1  1  1  0  0 ] (0.00037788)
[  1  0  0  0  1  1  1  0  1 ] (0.00207239)
[  1  0  0  0  1  1  1  1  0 ] (0.00309252)
[  1  0  0  0  1  1  2  0  0 ] (0.00001665)
[  1  0  0  0  1  2  0  0  0 ] (0.00000755)
[  1  0  0  0  1  2  0  0  1 ] (0.00001467)
[  1  0  0  0  1  2  0  1  0 ] (0.00000355)
[  1  0  0  0  1  2  1  0  0 ] (0.00000080)
[  1  0  0  0  1  3  0  0  0 ] (0.00000025)
[  1  0  0  0  2  0  0  0  0 ] (0.00000529)
[  1  0  0  0  2  0  0  0  1 ] (0.00002012)
[  1  0  0  0  2  0  0  0  2 ] (0.00006035)
[  1  0  0  0  2  0  0  1  0 ] (0.00015408)
[  1  0  0  0  2  0  0  1  1 ] (0.00102918)
[  1  0  0  0  2  0  0  2  0 ] (0.00002195)
[  1  0  0  0  2  0  1  0  0 ] (0.00001205)
[  1  0  0  0  2  0  1  0  1 ] (0.00005974)
[  1  0  0  0  2  0  1  1  0 ] (0.00017243)
[  1  0  0  0  2  0  2  0  0 ] (0.00000178)
[  1  0  0  0  2  1  0  0  0 ] (0.00000010)
[  1  0  0  0  2  1  0  0  1 ] (0.00000020)
[  1  0  0  0  2  1  0  1  0 ] (0.00005921)
[  1  0  0  0  2  1  1  0  0 ] (0.00000169)
[  1  0  0  0  2  2  0  0  0 ] (0.00000017)
[  1  0  0  0  3  0  0  0  0 ] (0.00000109)
[  1  0  0  0  3  0  0  0  1 ] (0.00000940)
[  1  0  0  0  3  0  0  1  0 ] (0.00002073)
[  1  0  0  0  3  0  1  0  0 ] (0.00000027)
[  1  0  0  0  3  1  0  0  0 ] (0.00001160)
[  1  0  0  0  4  0  0  0  0 ] (0.00000004)
[  1  0  0  1  0  0  0  0  0 ] (0.00000480)
[  1  0  0  1  0  0  0  0  1 ] (0.00003716)
[  1  0  0  1  0  0  0  0  2 ] (0.00000059)
[  1  0  0  1  0  0  0  0  3 ] (0.00102867)
[  1  0  0  1  0  0  0  1  0 ] (0.00000282)
[  1  0  0  1  0  0  0  1  1 ] (0.00015565)
[  1  0  0  1  0  0  0  1  2 ] (0.00024665)
[  1  0  0  1  0  0  0  2  0 ] (0.00002052)
[  1  0  0  1  0  0  0  2  1 ] (0.00000132)
[  1  0  0  1  0  0  0  3  0 ] (0.00009312)
[  1  0  0  1  0  0  1  0  0 ] (0.00000194)
[  1  0  0  1  0  0  1  0  1 ] (0.00000378)
[  1  0  0  1  0  0  1  0  2 ] (0.00004049)
[  1  0  0  1  0  0  1  1  0 ] (0.00000788)
[  1  0  0  1  0  0  1  1  1 ] (0.00004423)
[  1  0  0  1  0  0  1  2  0 ] (0.00021787)
[  1  0  0  1  0  0  2  0  0 ] (0.00000399)
[  1  0  0  1  0  0  2  0  1 ] (0.00004886)
[  1  0  0  1  0  0  2  1  0 ] (0.00001591)
[  1  0  0  1  0  0  3  0  0 ] (0.00002673)
[  1  0  0  1  0  1  0  0  0 ] (0.00000357)
[  1  0  0  1  0  1  0  0  1 ] (0.00000000)
[  1  0  0  1  0  1  0  0  2 ] (0.00000000)
[  1  0  0  1  0  1  0  1  0 ] (0.00011271)
[  1  0  0  1  0  1  0  1  1 ] (0.00288121)
[  1  0  0  1  0  1  0  2  0 ] (0.00002059)
[  1  0  0  1  0  1  1  0  0 ] (0.00000001)
[  1  0  0  1  0  1  1  0  1 ] (0.00002522)
[  1  0  0  1  0  1  1  1  0 ] (0.00010339)
[  1  0  0  1  0  1  2  0  0 ] (0.00000015)
[  1  0  0  1  0  2  0  0  0 ] (0.00000276)
[  1  0  0  1  0  2  0  0  1 ] (0.00000375)
[  1  0  0  1  0  2  0  1  0 ] (0.00000054)
[  1  0  0  1  0  2  1  0  0 ] (0.00000000)
[  1  0  0  1  0  3  0  0  0 ] (0.00000030)
[  1  0  0  1  1  0  0  0  0 ] (0.00000574)
[  1  0  0  1  1  0  0  0  1 ] (0.00000348)
[  1  0  0  1  1  0  0  0  2 ] (0.00000737)
[  1  0  0  1  1  0  0  1  0 ] (0.00001742)
[  1  0  0  1  1  0  0  1  1 ] (0.00002791)
[  1  0  0  1  1  0  0  2  0 ] (0.00003634)
[  1  0  0  1  1  0  1  0  0 ] (0.00005844)
[  1  0  0  1  1  0  1  0  1 ] (0.00045174)
[  1  0  0  1  1  0  1  1  0 ] (0.00057852)
[  1  0  0  1  1  0  2  0  0 ] (0.00000083)
[  1  0  0  1  1  1  0  0  0 ] (0.00000132)
[  1  0  0  1  1  1  0  0  1 ] (0.00000458)
[  1  0  0  1  1  1  0  1  0 ] (0.00000123)
[  1  0  0  1  1  1  1  0  0 ] (0.00000800)
[  1  0  0  1  1  2  0  0  0 ] (0.00000122)
[  1  0  0  1  2  0  0  0  0 ] (0.00000638)
[  1  0  0  1  2  0  0  0  1 ] (0.00001501)
[  1  0  0  1  2  0  0  1  0 ] (0.00000001)
[  1  0  0  1  2  0  1  0  0 ] (0.00000744)
[  1  0  0  1  2  1  0  0  0 ] (0.00000092)
[  1  0  0  1  3  0  0  0  0 ] (0.00001011)
[  1  0  0  2  0  0  0  0  0 ] (0.00000040)
[  1  0  0  2  0  0  0  0  1 ] (0.00000110)
[  1  0  0  2  0  0  0  0  2 ] (0.00000000)
[  1  0  0  2  0  0  0  1  0 ] (0.00005054)
[  1  0  0  2  0  0  0  1  1 ] (0.00021402)
[  1  0  0  2  0  0  0  2  0 ] (0.00000629)
[  1  0  0  2  0  0  1  0  0 ] (0.00000178)
[  1  0  0  2  0  0  1  0  1 ] (0.00000168)
[  1  0  0  2  0  0  1  1  0 ] (0.00004266)
[  1  0  0  2  0  0  2  0  0 ] (0.00000010)
[  1  0  0  2  0  1  0  0  0 ] (0.00000220)
[  1  0  0  2  0  1  0  0  1 ] (0.00001245)
[  1  0  0  2  0  1  0  1  0 ] (0.00000458)
[  1  0  0  2  0  1  1  0  0 ] (0.00000052)
[  1  0  0  2  0  2  0  0  0 ] (0.00000016)
[  1  0  0  2  1  0  0  0  0 ] (0.00000115)
[  1  0  0  2  1  0  0  0  1 ] (0.00000005)
[  1  0  0  2  1  0  0  1  0 ] (0.00001072)
[  1  0  0  2  1  0  1  0  0 ] (0.00000181)
[  1  0  0  2  1  1  0  0  0 ] (0.00000002)
[  1  0  0  2  2  0  0  0  0 ] (0.00000007)
[  1  0  0  3  0  0  0  0  0 ] (0.00000001)
[  1  0  0  3  0  0  0  0  1 ] (0.00000516)
[  1  0  0  3  0  0  0  1  0 ] (0.00000526)
[  1  0  0  3  0  0  1  0  0 ] (0.00000016)
[  1  0  0  3  0  1  0  0  0 ] (0.00000121)
[  1  0  0  3  1  0  0  0  0 ] (0.00000069)
[  1  0  0  4  0  0  0  0  0 ] (0.00000624)
[  1  0  1  0  0  0  0  0  0 ] (0.00000074)
[  1  0  1  0  0  0  0  0  1 ] (0.00000043)
[  1  0  1  0  0  0  0  0  2 ] (0.00000031)
[  1  0  1  0  0  0  0  0  3 ] (0.00009618)
[  1  0  1  0  0  0  0  1  0 ] (0.00000796)
[  1  0  1  0  0  0  0  1  1 ] (0.00012049)
[  1  0  1  0  0  0  0  1  2 ] (0.00033442)
[  1  0  1  0  0  0  0  2  0 ] (0.00000400)
[  1  0  1  0  0  0  0  2  1 ] (0.00000174)
[  1  0  1  0  0  0  0  3  0 ] (0.00001316)
[  1  0  1  0  0  0  1  0  0 ] (0.00000142)
[  1  0  1  0  0  0  1  0  1 ] (0.00000001)
[  1  0  1  0  0  0  1  0  2 ] (0.00000107)
[  1  0  1  0  0  0  1  1  0 ] (0.00000755)
[  1  0  1  0  0  0  1  1  1 ] (0.00000267)
[  1  0  1  0  0  0  1  2  0 ] (0.00001312)
[  1  0  1  0  0  0  2  0  0 ] (0.00001056)
[  1  0  1  0  0  0  2  0  1 ] (0.00000600)
[  1  0  1  0  0  0  2  1  0 ] (0.00000201)
[  1  0  1  0  0  0  3  0  0 ] (0.00000116)
[  1  0  1  0  0  1  0  0  0 ] (0.00001128)
[  1  0  1  0  0  1  0  0  1 ] (0.00003166)
[  1  0  1  0  0  1  0  0  2 ] (0.00003518)
[  1  0  1  0  0  1  0  1  0 ] (0.00001049)
[  1  0  1  0  0  1  0  1  1 ] (0.00021767)
[  1  0  1  0  0  1  0  2  0 ] (0.00003367)
[  1  0  1  0  0  1  1  0  0 ] (0.00006594)
[  1  0  1  0  0  1  1  0  1 ] (0.00018863)
[  1  0  1  0  0  1  1  1  0 ] (0.00000003)
[  1  0  1  0  0  1  2  0  0 ] (0.00000374)
[  1  0  1  0  0  2  0  0  0 ] (0.00000313)
[  1  0  1  0  0  2  0  0  1 ] (0.00000113)
[  1  0  1  0  0  2  0  1  0 ] (0.00000037)
[  1  0  1  0  0  2  1  0  0 ] (0.00000036)
[  1  0  1  0  0  3  0  0  0 ] (0.00000078)
[  1  0  1  0  1  0  0  0  0 ] (0.00000905)
[  1  0  1  0  1  0  0  0  1 ] (0.00001214)
[  1  0  1  0  1  0  0  0  2 ] (0.00002636)
[  1  0  1  0  1  0  0  1  0 ] (0.00012813)
[  1  0  1  0  1  0  0  1  1 ] (0.00146326)
[  1  0  1  0  1  0  0  2  0 ] (0.00000440)
[  1  0  1  0  1  0  1  0  0 ] (0.00000694)
[  1  0  1  0  1  0  1  0  1 ] (0.00000003)
[  1  0  1  0  1  0  1  1  0 ] (0.00019045)
[  1  0  1  0  1  0  2  0  0 ] (0.00000087)
[  1  0  1  0  1  1  0  0  0 ] (0.00000085)
[  1  0  1  0  1  1  0  0  1 ] (0.00000566)
[  1  0  1  0  1  1  0  1  0 ] (0.00001010)
[  1  0  1  0  1  1  1  0  0 ] (0.00000145)
[  1  0  1  0  1  2  0  0  0 ] (0.00000219)
[  1  0  1  0  2  0  0  0  0 ] (0.00000274)
[  1  0  1  0  2  0  0  0  1 ] (0.00000591)
[  1  0  1  0  2  0  0  1  0 ] (0.00000441)
[  1  0  1  0  2  0  1  0  0 ] (0.00000503)
[  1  0  1  0  2  1  0  0  0 ] (0.00000001)
[  1  0  1  0  3  0  0  0  0 ] (0.00000030)
[  1  0  1  1  0  0  0  0  0 ] (0.00000080)
[  1  0  1  1  0  0  0  0  1 ] (0.00000009)
[  1  0  1  1  0  0  0  0  2 ] (0.00000042)
[  1  0  1  1  0  0  0  1  0 ] (0.00001903)
[  1  0  1  1  0  0  0  1  1 ] (0.00004611)
[  1  0  1  1  0  0  0  2  0 ] (0.00000004)
[  1  0  1  1  0  0  1  0  0 ] (0.00001028)
[  1  0  1  1  0  0  1  0  1 ] (0.00004264)
[  1  0  1  1  0  0  1  1  0 ] (0.00019347)
[  1  0  1  1  0  0  2  0  0 ] (0.00000701)
[  1  0  1  1  0  1  0  0  0 ] (0.00000428)
[  1  0  1  1  0  1  0  0  1 ] (0.00000095)
[  1  0  1  1  0  1  0  1  0 ] (0.00001299)
[  1  0  1  1  0  1  1  0  0 ] (0.00000609)
[  1  0  1  1  0  2  0  0  0 ] (0.00000002)
[  1  0  1  1  1  0  0  0  0 ] (0.00000014)
[  1  0  1  1  1  0  0  0  1 ] (0.00000114)
[  1  0  1  1  1  0  0  1  0 ] (0.00006689)
[  1  0  1  1  1  0  1  0  0 ] (0.00000003)
[  1  0  1  1  1  1  0  0  0 ] (0.00000026)
[  1  0  1  1  2  0  0  0  0 ] (0.00000008)
[  1  0  1  2  0  0  0  0  0 ] (0.00000003)
[  1  0  1  2  0  0  0  0  1 ] (0.00000040)
[  1  0  1  2  0  0  0  1  0 ] (0.00000194)
[  1  0  1  2  0  0  1  0  0 ] (0.00000223)
[  1  0  1  2  0  1  0  0  0 ] (0.00000002)
[  1  0  1  2  1  0  0  0  0 ] (0.00000094)
[  1  0  1  3  0  0  0  0  0 ] (0.00000066)
[  1  0  2  0  0  0  0  0  0 ] (0.00000041)
[  1  0  2  0  0  0  0  0  1 ] (0.00000002)
[  1  0  2  0  0  0  0  0  2 ] (0.00000024)
[  1  0  2  0  0  0  0  1  0 ] (0.00000428)
[  1  0  2  0  0  0  0  1  1 ] (0.00000144)
[  1  0  2  0  0  0  0  2  0 ] (0.00000000)
[  1  0  2  0  0  0  1  0  0 ] (0.00000113)
[  1  0  2  0  0  0  1  0  1 ] (0.00001853)
[  1  0  2  0  0  0  1  1  0 ] (0.00004185)
[  1  0  2  0  0  0  2  0  0 ] (0.00000004)
[  1  0  2  0  0  1  0  0  0 ] (0.00000001)
[  1  0  2  0  0  1  0  0  1 ] (0.00000224)
[  1  0  2  0  0  1  0  1  0 ] (0.00000004)
[  1  0  2  0  0  1  1  0  0 ] (0.00000167)
[  1  0  2  0  0  2  0  0  0 ] (0.00000032)
[  1  0  2  0  1  0  0  0  0 ] (0.00000033)
[  1  0  2  0  1  0  0  0  1 ] (0.00000113)
[  1  0  2  0  1  0  0  1  0 ] (0.00000911)
[  1  0  2  0  1  0  1  0  0 ] (0.00000281)
[  1  0  2  0  1  1  0  0  0 ] (0.00000040)
[  1  0  2  0  2  0  0  0  0 ] (0.00000019)
[  1  0  2  1  0  0  0  0  0 ] (0.00000001)
[  1  0  2  1  0  0  0  0  1 ] (0.00000007)
[  1  0  2  1  0  0  0  1  0 ] (0.00000017)
[  1  0  2  1  0  0  1  0  0 ] (0.00000029)
[  1  0  2  1  0  1  0  0  0 ] (0.00000015)
[  1  0  2  1  1  0  0  0  0 ] (0.00000012)
[  1  0  2  2  0  0  0  0  0 ] (0.00000006)
[  1  0  3  0  0  0  0  0  0 ] (0.00000005)
[  1  0  3  0  0  0  0  0  1 ] (0.00000047)
[  1  0  3  0  0  0  0  1  0 ] (0.00000479)
[  1  0  3  0  0  0  1  0  0 ] (0.00000000)
[  1  0  3  0  0  1  0  0  0 ] (0.00000007)
[  1  0  3  0  1  0  0  0  0 ] (0.00000026)
[  1  0  3  1  0  0  0  0  0 ] (0.00000000)
[  1  0  4  0  0  0  0  0  0 ] (0.00000016)
[  1  1  0  0  0  0  0  0  0 ] (0.00000008)
[  1  1  0  0  0  0  0  0  1 ] (0.00001047)
[  1  1  0  0  0  0  0  0  2 ] (0.00000086)
[  1  1  0  0  0  0  0  0  3 ] (0.00148977)
[  1  1  0  0  0  0  0  1  0 ] (0.00020344)
[  1  1  0  0  0  0  0  1  1 ] (0.00177380)
[  1  1  0  0  0  0  0  1  2 ] (0.01429036)
[  1  1  0  0  0  0  0  2  0 ] (0.00022657)
[  1  1  0  0  0  0  0  2  1 ] (0.00133135)
[  1  1  0  0  0  0  0  3  0 ] (0.00012264)
[  1  1  0  0  0  0  1  0  0 ] (0.00000398)
[  1  1  0  0  0  0  1  0  1 ] (0.00000633)
[  1  1  0  0  0  0  1  0  2 ] (0.00088188)
[  1  1  0  0  0  0  1  1  0 ] (0.00020198)
[  1  1  0  0  0  0  1  1  1 ] (0.00247163)
[  1  1  0  0  0  0  1  2  0 ] (0.00078178)
[  1  1  0  0  0  0  2  0  0 ] (0.00005995)
[  1  1  0  0  0  0  2  0  1 ] (0.00016697)
[  1  1  0  0  0  0  2  1  0 ] (0.00020145)
[  1  1  0  0  0  0  3  0  0 ] (0.00000017)
[  1  1  0  0  0  1  0  0  0 ] (0.00000529)
[  1  1  0  0  0  1  0  0  1 ] (0.00001013)
[  1  1  0  0  0  1  0  0  2 ] (0.00003162)
[  1  1  0  0  0  1  0  1  0 ] (0.00037643)
[  1  1  0  0  0  1  0  1  1 ] (0.00370031)
[  1  1  0  0  0  1  0  2  0 ] (0.00000087)
[  1  1  0  0  0  1  1  0  0 ] (0.00000004)
[  1  1  0  0  0  1  1  0  1 ] (0.00008340)
[  1  1  0  0  0  1  1  1  0 ] (0.00001256)
[  1  1  0  0  0  1  2  0  0 ] (0.00002849)
[  1  1  0  0  0  2  0  0  0 ] (0.00000000)
[  1  1  0  0  0  2  0  0  1 ] (0.00000142)
[  1  1  0  0  0  2  0  1  0 ] (0.00003428)
[  1  1  0  0  0  2  1  0  0 ] (0.00000166)
[  1  1  0  0  0  3  0  0  0 ] (0.00000147)
[  1  1  0  0  1  0  0  0  0 ] (0.00000008)
[  1  1  0  0  1  0  0  0  1 ] (0.00000757)
[  1  1  0  0  1  0  0  0  2 ] (0.00000277)
[  1  1  0  0  1  0  0  1  0 ] (0.00005259)
[  1  1  0  0  1  0  0  1  1 ] (0.00116189)
[  1  1  0  0  1  0  0  2  0 ] (0.00001861)
[  1  1  0  0  1  0  1  0  0 ] (0.00015480)
[  1  1  0  0  1  0  1  0  1 ] (0.00013606)
[  1  1  0  0  1  0  1  1  0 ] (0.00053605)
[  1  1  0  0  1  0  2  0  0 ] (0.00000781)
[  1  1  0  0  1  1  0  0  0 ] (0.00000456)
[  1  1  0  0  1  1  0  0  1 ] (0.00000212)
[  1  1  0  0  1  1  0  1  0 ] (0.00015610)
[  1  1  0  0  1  1  1  0  0 ] (0.00003050)
[  1  1  0  0  1  2  0  0  0 ] (0.00000018)
[  1  1  0  0  2  0  0  0  0 ] (0.00000039)
[  1  1  0  0  2  0  0  0  1 ] (0.00000902)
[  1  1  0  0  2  0  0  1  0 ] (0.00008000)
[  1  1  0  0  2  0  1  0  0 ] (0.00000118)
[  1  1  0  0  2  1  0  0  0 ] (0.00000034)
[  1  1  0  0  3  0  0  0  0 ] (0.00000484)
[  1  1  0  1  0  0  0  0  0 ] (0.00000817)
[  1  1  0  1  0  0  0  0  1 ] (0.00005547)
[  1  1  0  1  0  0  0  0  2 ] (0.00005572)
[  1  1  0  1  0  0  0  1  0 ] (0.00014252)
[  1  1  0  1  0  0  0  1  1 ] (0.00153762)
[  1  1  0  1  0  0  0  2  0 ] (0.00004096)
[  1  1  0  1  0  0  1  0  0 ] (0.00005361)
[  1  1  0  1  0  0  1  0  1 ] (0.00019330)
[  1  1  0  1  0  0  1  1  0 ] (0.00049126)
[  1  1  0  1  0  0  2  0  0 ] (0.00000001)
[  1  1  0  1  0  1  0  0  0 ] (0.00000079)
[  1  1  0  1  0  1  0  0  1 ] (0.00000339)
[  1  1  0  1  0  1  0  1  0 ] (0.00000222)
[  1  1  0  1  0  1  1  0  0 ] (0.00000273)
[  1  1  0  1  0  2  0  0  0 ] (0.00000033)
[  1  1  0  1  1  0  0  0  0 ] (0.00002551)
[  1  1  0  1  1  0  0  0  1 ] (0.00002853)
[  1  1  0  1  1  0  0  1  0 ] (0.00000255)
[  1  1  0  1  1  0  1  0  0 ] (0.00003163)
[  1  1  0  1  1  1  0  0  0 ] (0.00000175)
[  1  1  0  1  2  0  0  0  0 ] (0.00000268)
[  1  1  0  2  0  0  0  0  0 ] (0.00000020)
[  1  1  0  2  0  0  0  0  1 ] (0.00000357)
[  1  1  0  2  0  0  0  1  0 ] (0.00000448)
[  1  1  0  2  0  0  1  0  0 ] (0.00000038)
[  1  1  0  2  0  1  0  0  0 ] (0.00000060)
[  1  1  0  2  1  0  0  0  0 ] (0.00000009)
[  1  1  0  3  0  0  0  0  0 ] (0.00000108)
[  1  1  1  0  0  0  0  0  0 ] (0.00000229)
[  1  1  1  0  0  0  0  0  1 ] (0.00001188)
[  1  1  1  0  0  0  0  0  2 ] (0.00000364)
[  1  1  1  0  0  0  0  1  0 ] (0.00004714)
[  1  1  1  0  0  0  0  1  1 ] (0.00012502)
[  1  1  1  0  0  0  0  2  0 ] (0.00000273)
[  1  1  1  0  0  0  1  0  0 ] (0.00005185)
[  1  1  1  0  0  0  1  0  1 ] (0.00008783)
[  1  1  1  0  0  0  1  1  0 ] (0.00000398)
[  1  1  1  0  0  0  2  0  0 ] (0.00000110)
[  1  1  1  0  0  1  0  0  0 ] (0.00000070)
[  1  1  1  0  0  1  0  0  1 ] (0.00000358)
[  1  1  1  0  0  1  0  1  0 ] (0.00003118)
[  1  1  1  0  0  1  1  0  0 ] (0.00000228)
[  1  1  1  0  0  2  0  0  0 ] (0.00000005)
[  1  1  1  0  1  0  0  0  0 ] (0.00000414)
[  1  1  1  0  1  0  0  0  1 ] (0.00001825)
[  1  1  1  0  1  0  0  1  0 ] (0.00000001)
[  1  1  1  0  1  0  1  0  0 ] (0.00000819)
[  1  1  1  0  1  1  0  0  0 ] (0.00000004)
[  1  1  1  0  2  0  0  0  0 ] (0.00000250)
[  1  1  1  1  0  0  0  0  0 ] (0.00000000)
[  1  1  1  1  0  0  0  0  1 ] (0.00000258)
[  1  1  1  1  0  0  0  1  0 ] (0.00000242)
[  1  1  1  1  0  0  1  0  0 ] (0.00000737)
[  1  1  1  1  0  1  0  0  0 ] (0.00000015)
[  1  1  1  1  1  0  0  0  0 ] (0.00000000)
[  1  1  1  2  0  0  0  0  0 ] (0.00000104)
[  1  1  2  0  0  0  0  0  0 ] (0.00000069)
[  1  1  2  0  0  0  0  0  1 ] (0.00000036)
[  1  1  2  0  0  0  0  1  0 ] (0.00000415)
[  1  1  2  0  0  0  1  0  0 ] (0.00000038)
[  1  1  2  0  0  1  0  0  0 ] (0.00000090)
[  1  1  2  0  1  0  0  0  0 ] (0.00000085)
[  1  1  2  1  0  0  0  0  0 ] (0.00000014)
[  1  1  3  0  0  0  0  0  0 ] (0.00000049)
[  1  2  0  0  0  0  0  0  0 ] (0.00000000)
[  1  2  0  0  0  0  0  0  1 ] (0.00000171)
[  1  2  0  0  0  0  0  0  2 ] (0.00000341)
[  1  2  0  0  0  0  0  1  0 ] (0.00001533)
[  1  2  0  0  0  0  0  1  1 ] (0.00005425)
[  1  2  0  0  0  0  0  2  0 ] (0.00000035)
[  1  2  0  0  0  0  1  0  0 ] (0.00000042)
[  1  2  0  0  0  0  1  0  1 ] (0.00000105)
[  1  2  0  0  0  0  1  1  0 ] (0.00000884)
[  1  2  0  0  0  0  2  0  0 ] (0.00000042)
[  1  2  0  0  0  1  0  0  0 ] (0.00000068)
[  1  2  0  0  0  1  0  0  1 ] (0.00000020)
[  1  2  0  0  0  1  0  1  0 ] (0.00002926)
[  1  2  0  0  0  1  1  0  0 ] (0.00000001)
[  1  2  0  0  0  2  0  0  0 ] (0.00000007)
[  1  2  0  0  1  0  0  0  0 ] (0.00000000)
[  1  2  0  0  1  0  0  0  1 ] (0.00000343)
[  1  2  0  0  1  0  0  1  0 ] (0.00000020)
[  1  2  0  0  1  0  1  0  0 ] (0.00001479)
[  1  2  0  0  1  1  0  0  0 ] (0.00000107)
[  1  2  0  0  2  0  0  0  0 ] (0.00000051)
[  1  2  0  1  0  0  0  0  0 ] (0.00000094)
[  1  2  0  1  0  0  0  0  1 ] (0.00000446)
[  1  2  0  1  0  0  0  1  0 ] (0.00000397)
[  1  2  0  1  0  0  1  0  0 ] (0.00000393)
[  1  2  0  1  0  1  0  0  0 ] (0.00000091)
[  1  2  0  1  1  0  0  0  0 ] (0.00000120)
[  1  2  0  2  0  0  0  0  0 ] (0.00000009)
[  1  2  1  0  0  0  0  0  0 ] (0.00000169)
[  1  2  1  0  0  0  0  0  1 ] (0.00000412)
[  1  2  1  0  0  0  0  1  0 ] (0.00000015)
[  1  2  1  0  0  0  1  0  0 ] (0.00000294)
[  1  2  1  0  0  1  0  0  0 ] (0.00000234)
[  1  2  1  0  1  0  0  0  0 ] (0.00000006)
[  1  2  1  1  0  0  0  0  0 ] (0.00000037)
[  1  2  2  0  0  0  0  0  0 ] (0.00000001)
[  1  3  0  0  0  0  0  0  0 ] (0.00000027)
[  1  3  0  0  0  0  0  0  1 ] (0.00000101)
[  1  3  0  0  0  0  0  1  0 ] (0.00000026)
[  1  3  0  0  0  0  1  0  0 ] (0.00000074)
[  1  3  0  0  0  1  0  0  0 ] (0.00000028)
[  1  3  0  0  1  0  0  0  0 ] (0.00000000)
[  1  3  0  1  0  0  0  0  0 ] (0.00000022)
[  1  3  1  0  0  0  0  0  0 ] (0.00000090)
[  1  4  0  0  0  0  0  0  0 ] (0.00000088)
[  2  0  0  0  0  0  0  0  0 ] (0.00000012)
[  2  0  0  0  0  0  0  0  1 ] (0.00000094)
[  2  0  0  0  0  0  0  0  2 ] (0.00001536)
[  2  0  0  0  0  0  0  0  3 ] (0.00018925)
[  2  0  0  0  0  0  0  1  0 ] (0.00005834)
[  2  0  0  0  0  0  0  1  1 ] (0.00033626)
[  2  0  0  0  0  0  0  1  2 ] (0.00105708)
[  2  0  0  0  0  0  0  2  0 ] (0.00003764)
[  2  0  0  0  0  0  0  2  1 ] (0.00034686)
[  2  0  0  0  0  0  0  3  0 ] (0.00000978)
[  2  0  0  0  0  0  1  0  0 ] (0.00000050)
[  2  0  0  0  0  0  1  0  1 ] (0.00002663)
[  2  0  0  0  0  0  1  0  2 ] (0.00014050)
[  2  0  0  0  0  0  1  1  0 ] (0.00001915)
[  2  0  0  0  0  0  1  1  1 ] (0.00062705)
[  2  0  0  0  0  0  1  2  0 ] (0.00007051)
[  2  0  0  0  0  0  2  0  0 ] (0.00000593)
[  2  0  0  0  0  0  2  0  1 ] (0.00004587)
[  2  0  0  0  0  0  2  1  0 ] (0.00000470)
[  2  0  0  0  0  0  3  0  0 ] (0.00000034)
[  2  0  0  0  0  1  0  0  0 ] (0.00000018)
[  2  0  0  0  0  1  0  0  1 ] (0.00000321)
[  2  0  0  0  0  1  0  0  2 ] (0.00001183)
[  2  0  0  0  0  1  0  1  0 ] (0.00002593)
[  2  0  0  0  0  1  0  1  1 ] (0.00000320)
[  2  0  0  0  0  1  0  2  0 ] (0.00006137)
[  2  0  0  0  0  1  1  0  0 ] (0.00000775)
[  2  0  0  0  0  1  1  0  1 ] (0.00011265)
[  2  0  0  0  0  1  1  1  0 ] (0.00056047)
[  2  0  0  0  0  1  2  0  0 ] (0.00000007)
[  2  0  0  0  0  2  0  0  0 ] (0.00000000)
[  2  0  0  0  0  2  0  0  1 ] (0.00000033)
[  2  0  0  0  0  2  0  1  0 ] (0.00000107)
[  2  0  0  0  0  2  1  0  0 ] (0.00000273)
[  2  0  0  0  0  3  0  0  0 ] (0.00000008)
[  2  0  0  0  1  0  0  0  0 ] (0.00000255)
[  2  0  0  0  1  0  0  0  1 ] (0.00003435)
[  2  0  0  0  1  0  0  0  2 ] (0.00002370)
[  2  0  0  0  1  0  0  1  0 ] (0.00003144)
[  2  0  0  0  1  0  0  1  1 ] (0.00071676)
[  2  0  0  0  1  0  0  2  0 ] (0.00005340)
[  2  0  0  0  1  0  1  0  0 ] (0.00002113)
[  2  0  0  0  1  0  1  0  1 ] (0.00005811)
[  2  0  0  0  1  0  1  1  0 ] (0.00000772)
[  2  0  0  0  1  0  2  0  0 ] (0.00001624)
[  2  0  0  0  1  1  0  0  0 ] (0.00000891)
[  2  0  0  0  1  1  0  0  1 ] (0.00000030)
[  2  0  0  0  1  1  0  1  0 ] (0.00001526)
[  2  0  0  0  1  1  1  0  0 ] (0.00000397)
[  2  0  0  0  1  2  0  0  0 ] (0.00000008)
[  2  0  0  0  2  0  0  0  0 ] (0.00000002)
[  2  0  0  0  2  0  0  0  1 ] (0.00000026)
[  2  0  0  0  2  0  0  1  0 ] (0.00000092)
[  2  0  0  0  2  0  1  0  0 ] (0.00000336)
[  2  0  0  0  2  1  0  0  0 ] (0.00000030)
[  2  0  0  0  3  0  0  0  0 ] (0.00000006)
[  2  0  0  1  0  0  0  0  0 ] (0.00000000)
[  2  0  0  1  0  0  0  0  1 ] (0.00000113)
[  2  0  0  1  0  0  0  0  2 ] (0.00000002)
[  2  0  0  1  0  0  0  1  0 ] (0.00000560)
[  2  0  0  1  0  0  0  1  1 ] (0.00016464)
[  2  0  0  1  0  0  0  2  0 ] (0.00000028)
[  2  0  0  1  0  0  1  0  0 ] (0.00000059)
[  2  0  0  1  0  0  1  0  1 ] (0.00000440)
[  2  0  0  1  0  0  1  1  0 ] (0.00001194)
[  2  0  0  1  0  0  2  0  0 ] (0.00000240)
[  2  0  0  1  0  1  0  0  0 ] (0.00000046)
[  2  0  0  1  0  1  0  0  1 ] (0.00000022)
[  2  0  0  1  0  1  0  1  0 ] (0.00000552)
[  2  0  0  1  0  1  1  0  0 ] (0.00000098)
[  2  0  0  1  0  2  0  0  0 ] (0.00000000)
[  2  0  0  1  1  0  0  0  0 ] (0.00000042)
[  2  0  0  1  1  0  0  0  1 ] (0.00000053)
[  2  0  0  1  1  0  0  1  0 ] (0.00000097)
[  2  0  0  1  1  0  1  0  0 ] (0.00000015)
[  2  0  0  1  1  1  0  0  0 ] (0.00000007)
[  2  0  0  1  2  0  0  0  0 ] (0.00000013)
[  2  0  0  2  0  0  0  0  0 ] (0.00000011)
[  2  0  0  2  0  0  0  0  1 ] (0.00002188)
[  2  0  0  2  0  0  0  1  0 ] (0.00000024)
[  2  0  0  2  0  0  1  0  0 ] (0.00000020)
[  2  0  0  2  0  1  0  0  0 ] (0.00000002)
[  2  0  0  2  1  0  0  0  0 ] (0.00000000)
[  2  0  0  3  0  0  0  0  0 ] (0.00000004)
[  2  0  1  0  0  0  0  0  0 ] (0.00000014)
[  2  0  1  0  0  0  0  0  1 ] (0.00000177)
[  2  0  1  0  0  0  0  0  2 ] (0.00000013)
[  2  0  1  0  0  0  0  1  0 ] (0.00000170)
[  2  0  1  0  0  0  0  1  1 ] (0.00002187)
[  2  0  1  0  0  0  0  2  0 ] (0.00000001)
[  2  0  1  0  0  0  1  0  0 ] (0.00000002)
[  2  0  1  0  0  0  1  0  1 ] (0.00000007)
[  2  0  1  0  0  0  1  1  0 ] (0.00000614)
[  2  0  1  0  0  0  2  0  0 ] (0.00000253)
[  2  0  1  0  0  1  0  0  0 ] (0.00000007)
[  2  0  1  0  0  1  0  0  1 ] (0.00000029)
[  2  0  1  0  0  1  0  1  0 ] (0.00000706)
[  2  0  1  0  0  1  1  0  0 ] (0.00000135)
[  2  0  1  0  0  2  0  0  0 ] (0.00000012)
[  2  0  1  0  1  0  0  0  0 ] (0.00000002)
[  2  0  1  0  1  0  0  0  1 ] (0.00000019)
[  2  0  1  0  1  0  0  1  0 ] (0.00000003)
[  2  0  1  0  1  0  1  0  0 ] (0.00000060)
[  2  0  1  0  1  1  0  0  0 ] (0.00000032)
[  2  0  1  0  2  0  0  0  0 ] (0.00000002)
[  2  0  1  1  0  0  0  0  0 ] (0.00000010)
[  2  0  1  1  0  0  0  0  1 ] (0.00000141)
[  2  0  1  1  0  0  0  1  0 ] (0.00000238)
[  2  0  1  1  0  0  1  0  0 ] (0.00000055)
[  2  0  1  1  0  1  0  0  0 ] (0.00000002)
[  2  0  1  1  1  0  0  0  0 ] (0.00000002)
[  2  0  1  2  0  0  0  0  0 ] (0.00000004)
[  2  0  2  0  0  0  0  0  0 ] (0.00000034)
[  2  0  2  0  0  0  0  0  1 ] (0.00000369)
[  2  0  2  0  0  0  0  1  0 ] (0.00000003)
[  2  0  2  0  0  0  1  0  0 ] (0.00000106)
[  2  0  2  0  0  1  0  0  0 ] (0.00000004)
[  2  0  2  0  1  0  0  0  0 ] (0.00000021)
[  2  0  2  1  0  0  0  0  0 ] (0.00000000)
[  2  0  3  0  0  0  0  0  0 ] (0.00000000)
[  2  1  0  0  0  0  0  0  0 ] (0.00000025)
[  2  1  0  0  0  0  0  0  1 ] (0.00001002)
[  2  1  0  0  0  0  0  0  2 ] (0.00000582)
[  2  1  0  0  0  0  0  1  0 ] (0.00000220)
[  2  1  0  0  0  0  0  1  1 ] (0.00000145)
[  2  1  0  0  0  0  0  2  0 ] (0.00002104)
[  2  1  0  0  0  0  1  0  0 ] (0.00000178)
[  2  1  0  0  0  0  1  0  1 ] (0.00003357)
[  2  1  0  0  0  0  1  1  0 ] (0.00000009)
[  2  1  0  0  0  0  2  0  0 ] (0.00000636)
[  2  1  0  0  0  1  0  0  0 ] (0.00000276)
[  2  1  0  0  0  1  0  0  1 ] (0.00000534)
[  2  1  0  0  0  1  0  1  0 ] (0.00000083)
[  2  1  0  0  0  1  1  0  0 ] (0.00000011)
[  2  1  0  0  0  2  0  0  0 ] (0.00000098)
[  2  1  0  0  1  0  0  0  0 ] (0.00000071)
[  2  1  0  0  1  0  0  0  1 ] (0.00000495)
[  2  1  0  0  1  0  0  1  0 ] (0.00001958)
[  2  1  0  0  1  0  1  0  0 ] (0.00001114)
[  2  1  0  0  1  1  0  0  0 ] (0.00000002)
[  2  1  0  0  2  0  0  0  0 ] (0.00000047)
[  2  1  0  1  0  0  0  0  0 ] (0.00000003)
[  2  1  0  1  0  0  0  0  1 ] (0.00000065)
[  2  1  0  1  0  0  0  1  0 ] (0.00000001)
[  2  1  0  1  0  0  1  0  0 ] (0.00000981)
[  2  1  0  1  0  1  0  0  0 ] (0.00000004)
[  2  1  0  1  1  0  0  0  0 ] (0.00000013)
[  2  1  0  2  0  0  0  0  0 ] (0.00000004)
[  2  1  1  0  0  0  0  0  0 ] (0.00000001)
[  2  1  1  0  0  0  0  0  1 ] (0.00000001)
[  2  1  1  0  0  0  0  1  0 ] (0.00000738)
[  2  1  1  0  0  0  1  0  0 ] (0.00000360)
[  2  1  1  0  0  1  0  0  0 ] (0.00000216)
[  2  1  1  0  1  0  0  0  0 ] (0.00000002)
[  2  1  1  1  0  0  0  0  0 ] (0.00000000)
[  2  1  2  0  0  0  0  0  0 ] (0.00000027)
[  2  2  0  0  0  0  0  0  0 ] (0.00000070)
[  2  2  0  0  0  0  0  0  1 ] (0.00000844)
[  2  2  0  0  0  0  0  1  0 ] (0.00000923)
[  2  2  0  0  0  0  1  0  0 ] (0.00000426)
[  2  2  0  0  0  1  0  0  0 ] (0.00000009)
[  2  2  0  0  1  0  0  0  0 ] (0.00000008)
[  2  2  0  1  0  0  0  0  0 ] (0.00000031)
[  2  2  1  0  0  0  0  0  0 ] (0.00000000)
[  2  3  0  0  0  0  0  0  0 ] (0.00000041)
[  3  0  0  0  0  0  0  0  0 ] (0.00000008)
[  3  0  0  0  0  0  0  0  1 ] (0.00000000)
[  3  0  0  0  0  0  0  0  2 ] (0.00000469)
[  3  0  0  0  0  0  0  1  0 ] (0.00000000)
[  3  0  0  0  0  0  0  1  1 ] (0.00000394)
[  3  0  0  0  0  0  0  2  0 ] (0.00000014)
[  3  0  0  0  0  0  1  0  0 ] (0.00000129)
[  3  0  0  0  0  0  1  0  1 ] (0.00001027)
[  3  0  0  0  0  0  1  1  0 ] (0.00000338)
[  3  0  0  0  0  0  2  0  0 ] (0.00000000)
[  3  0  0  0  0  1  0  0  0 ] (0.00000002)
[  3  0  0  0  0  1  0  0  1 ] (0.00000011)
[  3  0  0  0  0  1  0  1  0 ] (0.00000391)
[  3  0  0  0  0  1  1  0  0 ] (0.00000044)
[  3  0  0  0  0  2  0  0  0 ] (0.00000005)
[  3  0  0  0  1  0  0  0  0 ] (0.00000006)
[  3  0  0  0  1  0  0  0  1 ] (0.00000066)
[  3  0  0  0  1  0  0  1  0 ] (0.00000156)
[  3  0  0  0  1  0  1  0  0 ] (0.00000074)
[  3  0  0  0  1  1  0  0  0 ] (0.00000093)
[  3  0  0  0  2  0  0  0  0 ] (0.00000000)
[  3  0  0  1  0  0  0  0  0 ] (0.00000000)
[  3  0  0  1  0  0  0  0  1 ] (0.00000024)
[  3  0  0  1  0  0  0  1  0 ] (0.00000005)
[  3  0  0  1  0  0  1  0  0 ] (0.00000003)
[  3  0  0  1  0  1  0  0  0 ] (0.00000017)
[  3  0  0  1  1  0  0  0  0 ] (0.00000014)
[  3  0  0  2  0  0  0  0  0 ] (0.00000000)
[  3  0  1  0  0  0  0  0  0 ] (0.00000006)
[  3  0  1  0  0  0  0  0  1 ] (0.00000020)
[  3  0  1  0  0  0  0  1  0 ] (0.00000031)
[  3  0  1  0  0  0  1  0  0 ] (0.00000000)
[  3  0  1  0  0  1  0  0  0 ] (0.00000001)
[  3  0  1  0  1  0  0  0  0 ] (0.00000011)
[  3  0  1  1  0  0  0  0  0 ] (0.00000003)
[  3  0  2  0  0  0  0  0  0 ] (0.00000002)
[  3  1  0  0  0  0  0  0  0 ] (0.00000008)
[  3  1  0  0  0  0  0  0  1 ] (0.00000313)
[  3  1  0  0  0  0  0  1  0 ] (0.00000486)
[  3  1  0  0  0  0  1  0  0 ] (0.00000072)
[  3  1  0  0  0  1  0  0  0 ] (0.00000009)
[  3  1  0  0  1  0  0  0  0 ] (0.00000002)
[  3  1  0  1  0  0  0  0  0 ] (0.00000000)
[  3  1  1  0  0  0  0  0  0 ] (0.00000000)
[  3  2  0  0  0  0  0  0  0 ] (0.00000011)
[  4  0  0  0  0  0  0  0  0 ] (0.00000057)
[  4  0  0  0  0  0  0  0  1 ] (0.00000544)
[  4  0  0  0  0  0  0  1  0 ] (0.00000678)
[  4  0  0  0  0  0  1  0  0 ] (0.00000366)
[  4  0  0  0  0  1  0  0  0 ] (0.00000054)
[  4  0  0  0  1  0  0  0  0 ] (0.00000061)
[  4  0  0  1  0  0  0  0  0 ] (0.00000013)
[  4  0  1  0  0  0  0  0  0 ] (0.00000003)
[  4  1  0  0  0  0  0  0  0 ] (0.00000009)
[  5  0  0  0  0  0  0  0  0 ] (0.00000000)
