|  -927.295471572419 |   233.595958581657 

[  0  0  0  0  0  0  0  0  0 ] (0.00000016)
[  0  0  0  0  0  0  0  0  1 ] (0.00003558)
[  0  0  0  0  0  0  0  0  2 ] (0.00000476)
[  0  0  0  0  0  0  0  0  3 ] (0.00095208)
[  0  0  0  0  0  0  0  0  4 ] (0.00000563)
[  0  0  0  0  0  0  0  0  5 ] (0.00000185)
[  0  0  0  0  0  0  0  1  0 ] (0.00000060)
[  0  0  0  0  0  0  0  1  1 ] (0.00002010)
[  0  0  0  0  0  0  0  1  2 ] (0.00000003)
[  0  0  0  0  0  0  0  1  3 ] (0.00000049)
[  0  0  0  0  0  0  0  1  4 ] (0.00000148)
[  0  0  0  0  0  0  0  2  0 ] (0.00000023)
[  0  0  0  0  0  0  0  2  1 ] (0.00016426)
[  0  0  0  0  0  0  0  2  2 ] (0.00004336)
[  0  0  0  0  0  0  0  2  3 ] (0.00000610)
[  0  0  0  0  0  0  0  3  0 ] (0.00002151)
[  0  0  0  0  0  0  0  3  1 ] (0.00003236)
[  0  0  0  0  0  0  0  3  2 ] (0.00000451)
[  0  0  0  0  0  0  0  4  0 ] (0.00000529)
[  0  0  0  0  0  0  0  4  1 ] (0.00000291)
[  0  0  0  0  0  0  0  5  0 ] (0.00000009)
[  0  0  0  0  0  0  1  0  0 ] (0.00000904)
[  0  0  0  0  0  0  1  0  1 ] (0.00007931)
[  0  0  0  0  0  0  1  0  2 ] (0.00076620)
[  0  0  0  0  0  0  1  0  3 ] (0.00000006)
[  0  0  0  0  0  0  1  0  4 ] (0.00000896)
[  0  0  0  0  0  0  1  1  0 ] (0.00000417)
[  0  0  0  0  0  0  1  1  1 ] (0.00000032)
[  0  0  0  0  0  0  1  1  2 ] (0.00000045)
[  0  0  0  0  0  0  1  1  3 ] (0.00000031)
[  0  0  0  0  0  0  1  2  0 ] (0.00004972)
[  0  0  0  0  0  0  1  2  1 ] (0.00000008)
[  0  0  0  0  0  0  1  2  2 ] (0.00000095)
[  0  0  0  0  0  0  1  3  0 ] (0.00000163)
[  0  0  0  0  0  0  1  3  1 ] (0.00000093)
[  0  0  0  0  0  0  1  4  0 ] (0.00000403)
[  0  0  0  0  0  0  2  0  0 ] (0.00000069)
[  0  0  0  0  0  0  2  0  1 ] (0.00003208)
[  0  0  0  0  0  0  2  0  2 ] (0.00000104)
[  0  0  0  0  0  0  2  0  3 ] (0.00000018)
[  0  0  0  0  0  0  2  1  0 ] (0.00000150)
[  0  0  0  0  0  0  2  1  1 ] (0.00000032)
[  0  0  0  0  0  0  2  1  2 ] (0.00000008)
[  0  0  0  0  0  0  2  2  0 ] (0.00001671)
[  0  0  0  0  0  0  2  2  1 ] (0.00000701)
[  0  0  0  0  0  0  2  3  0 ] (0.00000793)
[  0  0  0  0  0  0  3  0  0 ] (0.00001205)
[  0  0  0  0  0  0  3  0  1 ] (0.00016329)
[  0  0  0  0  0  0  3  0  2 ] (0.00001307)
[  0  0  0  0  0  0  3  1  0 ] (0.00000719)
[  0  0  0  0  0  0  3  1  1 ] (0.00001110)
[  0  0  0  0  0  0  3  2  0 ] (0.00000337)
[  0  0  0  0  0  0  4  0  0 ] (0.00071477)
[  0  0  0  0  0  0  4  0  1 ] (0.00016735)
[  0  0  0  0  0  0  4  1  0 ] (0.00000005)
[  0  0  0  0  0  0  5  0  0 ] (0.00000044)
[  0  0  0  0  0  1  0  0  0 ] (0.00001628)
[  0  0  0  0  0  1  0  0  1 ] (0.00001029)
[  0  0  0  0  0  1  0  0  2 ] (0.00001694)
[  0  0  0  0  0  1  0  0  3 ] (0.00000686)
[  0  0  0  0  0  1  0  0  4 ] (0.00000225)
[  0  0  0  0  0  1  0  1  0 ] (0.00007100)
[  0  0  0  0  0  1  0  1  1 ] (0.00177554)
[  0  0  0  0  0  1  0  1  2 ] (0.00004502)
[  0  0  0  0  0  1  0  1  3 ] (0.00001743)
[  0  0  0  0  0  1  0  2  0 ] (0.00000221)
[  0  0  0  0  0  1  0  2  1 ] (0.00000100)
[  0  0  0  0  0  1  0  2  2 ] (0.00000008)
[  0  0  0  0  0  1  0  3  0 ] (0.00009060)
[  0  0  0  0  0  1  0  3  1 ] (0.00000879)
[  0  0  0  0  0  1  0  4  0 ] (0.00006276)
[  0  0  0  0  0  1  1  0  0 ] (0.00000421)
[  0  0  0  0  0  1  1  0  1 ] (0.00043678)
[  0  0  0  0  0  1  1  0  2 ] (0.00000008)
[  0  0  0  0  0  1  1  0  3 ] (0.00000914)
[  0  0  0  0  0  1  1  1  0 ] (0.00001508)
[  0  0  0  0  0  1  1  1  1 ] (0.00003461)
[  0  0  0  0  0  1  1  1  2 ] (0.00000006)
[  0  0  0  0  0  1  1  2  0 ] (0.00001461)
[  0  0  0  0  0  1  1  2  1 ] (0.00000583)
[  0  0  0  0  0  1  1  3  0 ] (0.00000258)
[  0  0  0  0  0  1  2  0  0 ] (0.00000677)
[  0  0  0  0  0  1  2  0  1 ] (0.00000445)
[  0  0  0  0  0  1  2  0  2 ] (0.00000034)
[  0  0  0  0  0  1  2  1  0 ] (0.00005471)
[  0  0  0  0  0  1  2  1  1 ] (0.00001169)
[  0  0  0  0  0  1  2  2  0 ] (0.00000064)
[  0  0  0  0  0  1  3  0  0 ] (0.00000410)
[  0  0  0  0  0  1  3  0  1 ] (0.00000259)
[  0  0  0  0  0  1  3  1  0 ] (0.00000607)
[  0  0  0  0  0  1  4  0  0 ] (0.00003573)
[  0  0  0  0  0  2  0  0  0 ] (0.00004309)
[  0  0  0  0  0  2  0  0  1 ] (0.00000496)
[  0  0  0  0  0  2  0  0  2 ] (0.00003312)
[  0  0  0  0  0  2  0  0  3 ] (0.00000005)
[  0  0  0  0  0  2  0  1  0 ] (0.00000609)
[  0  0  0  0  0  2  0  1  1 ] (0.00001298)
[  0  0  0  0  0  2  0  1  2 ] (0.00000040)
[  0  0  0  0  0  2  0  2  0 ] (0.00009742)
[  0  0  0  0  0  2  0  2  1 ] (0.00001117)
[  0  0  0  0  0  2  0  3  0 ] (0.00000693)
[  0  0  0  0  0  2  1  0  0 ] (0.00000616)
[  0  0  0  0  0  2  1  0  1 ] (0.00005026)
[  0  0  0  0  0  2  1  0  2 ] (0.00000001)
[  0  0  0  0  0  2  1  1  0 ] (0.00000470)
[  0  0  0  0  0  2  1  1  1 ] (0.00000052)
[  0  0  0  0  0  2  1  2  0 ] (0.00001684)
[  0  0  0  0  0  2  2  0  0 ] (0.00005237)
[  0  0  0  0  0  2  2  0  1 ] (0.00002743)
[  0  0  0  0  0  2  2  1  0 ] (0.00000262)
[  0  0  0  0  0  2  3  0  0 ] (0.00000583)
[  0  0  0  0  0  3  0  0  0 ] (0.00001969)
[  0  0  0  0  0  3  0  0  1 ] (0.00026533)
[  0  0  0  0  0  3  0  0  2 ] (0.00007928)
[  0  0  0  0  0  3  0  1  0 ] (0.00022720)
[  0  0  0  0  0  3  0  1  1 ] (0.00000925)
[  0  0  0  0  0  3  0  2  0 ] (0.00000129)
[  0  0  0  0  0  3  1  0  0 ] (0.00018224)
[  0  0  0  0  0  3  1  0  1 ] (0.00004371)
[  0  0  0  0  0  3  1  1  0 ] (0.00000980)
[  0  0  0  0  0  3  2  0  0 ] (0.00014777)
[  0  0  0  0  0  4  0  0  0 ] (0.00003188)
[  0  0  0  0  0  4  0  0  1 ] (0.00001755)
[  0  0  0  0  0  4  0  1  0 ] (0.00013917)
[  0  0  0  0  0  4  1  0  0 ] (0.00000002)
[  0  0  0  0  0  5  0  0  0 ] (0.00020870)
[  0  0  0  0  1  0  0  0  0 ] (0.00001174)
[  0  0  0  0  1  0  0  0  1 ] (0.00013741)
[  0  0  0  0  1  0  0  0  2 ] (0.00000800)
[  0  0  0  0  1  0  0  0  3 ] (0.00007421)
[  0  0  0  0  1  0  0  0  4 ] (0.00000021)
[  0  0  0  0  1  0  0  1  0 ] (0.00000131)
[  0  0  0  0  1  0  0  1  1 ] (0.00013380)
[  0  0  0  0  1  0  0  1  2 ] (0.00005134)
[  0  0  0  0  1  0  0  1  3 ] (0.00000044)
[  0  0  0  0  1  0  0  2  0 ] (0.00001178)
[  0  0  0  0  1  0  0  2  1 ] (0.00002224)
[  0  0  0  0  1  0  0  2  2 ] (0.00000077)
[  0  0  0  0  1  0  0  3  0 ] (0.00004180)
[  0  0  0  0  1  0  0  3  1 ] (0.00001321)
[  0  0  0  0  1  0  0  4  0 ] (0.00000329)
[  0  0  0  0  1  0  1  0  0 ] (0.00007989)
[  0  0  0  0  1  0  1  0  1 ] (0.00283751)
[  0  0  0  0  1  0  1  0  2 ] (0.00029589)
[  0  0  0  0  1  0  1  0  3 ] (0.00002655)
[  0  0  0  0  1  0  1  1  0 ] (0.00001050)
[  0  0  0  0  1  0  1  1  1 ] (0.00000027)
[  0  0  0  0  1  0  1  1  2 ] (0.00000067)
[  0  0  0  0  1  0  1  2  0 ] (0.00010839)
[  0  0  0  0  1  0  1  2  1 ] (0.00004431)
[  0  0  0  0  1  0  1  3  0 ] (0.00004446)
[  0  0  0  0  1  0  2  0  0 ] (0.00001630)
[  0  0  0  0  1  0  2  0  1 ] (0.00003493)
[  0  0  0  0  1  0  2  0  2 ] (0.00000659)
[  0  0  0  0  1  0  2  1  0 ] (0.00000039)
[  0  0  0  0  1  0  2  1  1 ] (0.00000235)
[  0  0  0  0  1  0  2  2  0 ] (0.00000878)
[  0  0  0  0  1  0  3  0  0 ] (0.00050042)
[  0  0  0  0  1  0  3  0  1 ] (0.00008647)
[  0  0  0  0  1  0  3  1  0 ] (0.00001022)
[  0  0  0  0  1  0  4  0  0 ] (0.00000230)
[  0  0  0  0  1  1  0  0  0 ] (0.00000774)
[  0  0  0  0  1  1  0  0  1 ] (0.00041351)
[  0  0  0  0  1  1  0  0  2 ] (0.00011881)
[  0  0  0  0  1  1  0  0  3 ] (0.00000440)
[  0  0  0  0  1  1  0  1  0 ] (0.00001918)
[  0  0  0  0  1  1  0  1  1 ] (0.00003868)
[  0  0  0  0  1  1  0  1  2 ] (0.00000329)
[  0  0  0  0  1  1  0  2  0 ] (0.00005541)
[  0  0  0  0  1  1  0  2  1 ] (0.00000136)
[  0  0  0  0  1  1  0  3  0 ] (0.00000000)
[  0  0  0  0  1  1  1  0  0 ] (0.00000067)
[  0  0  0  0  1  1  1  0  1 ] (0.00073811)
[  0  0  0  0  1  1  1  0  2 ] (0.00003861)
[  0  0  0  0  1  1  1  1  0 ] (0.00013085)
[  0  0  0  0  1  1  1  1  1 ] (0.00000176)
[  0  0  0  0  1  1  1  2  0 ] (0.00000003)
[  0  0  0  0  1  1  2  0  0 ] (0.00000640)
[  0  0  0  0  1  1  2  0  1 ] (0.00002093)
[  0  0  0  0  1  1  2  1  0 ] (0.00000638)
[  0  0  0  0  1  1  3  0  0 ] (0.00015555)
[  0  0  0  0  1  2  0  0  0 ] (0.00000948)
[  0  0  0  0  1  2  0  0  1 ] (0.00125777)
[  0  0  0  0  1  2  0  0  2 ] (0.00003829)
[  0  0  0  0  1  2  0  1  0 ] (0.00001514)
[  0  0  0  0  1  2  0  1  1 ] (0.00000878)
[  0  0  0  0  1  2  0  2  0 ] (0.00001633)
[  0  0  0  0  1  2  1  0  0 ] (0.00020353)
[  0  0  0  0  1  2  1  0  1 ] (0.00006561)
[  0  0  0  0  1  2  1  1  0 ] (0.00000086)
[  0  0  0  0  1  2  2  0  0 ] (0.00037457)
[  0  0  0  0  1  3  0  0  0 ] (0.00003487)
[  0  0  0  0  1  3  0  0  1 ] (0.00009606)
[  0  0  0  0  1  3  0  1  0 ] (0.00000312)
[  0  0  0  0  1  3  1  0  0 ] (0.00037619)
[  0  0  0  0  1  4  0  0  0 ] (0.00250987)
[  0  0  0  0  2  0  0  0  0 ] (0.00010868)
[  0  0  0  0  2  0  0  0  1 ] (0.00083662)
[  0  0  0  0  2  0  0  0  2 ] (0.00387617)
[  0  0  0  0  2  0  0  0  3 ] (0.00007640)
[  0  0  0  0  2  0  0  1  0 ] (0.00022370)
[  0  0  0  0  2  0  0  1  1 ] (0.00123051)
[  0  0  0  0  2  0  0  1  2 ] (0.00005532)
[  0  0  0  0  2  0  0  2  0 ] (0.00001435)
[  0  0  0  0  2  0  0  2  1 ] (0.00000808)
[  0  0  0  0  2  0  0  3  0 ] (0.00000574)
[  0  0  0  0  2  0  1  0  0 ] (0.00004986)
[  0  0  0  0  2  0  1  0  1 ] (0.00038776)
[  0  0  0  0  2  0  1  0  2 ] (0.00000442)
[  0  0  0  0  2  0  1  1  0 ] (0.00198033)
[  0  0  0  0  2  0  1  1  1 ] (0.00004238)
[  0  0  0  0  2  0  1  2  0 ] (0.00000249)
[  0  0  0  0  2  0  2  0  0 ] (0.00001974)
[  0  0  0  0  2  0  2  0  1 ] (0.00001786)
[  0  0  0  0  2  0  2  1  0 ] (0.00007108)
[  0  0  0  0  2  0  3  0  0 ] (0.00016891)
[  0  0  0  0  2  1  0  0  0 ] (0.00150752)
[  0  0  0  0  2  1  0  0  1 ] (0.00002053)
[  0  0  0  0  2  1  0  0  2 ] (0.00132438)
[  0  0  0  0  2  1  0  1  0 ] (0.00000043)
[  0  0  0  0  2  1  0  1  1 ] (0.00010339)
[  0  0  0  0  2  1  0  2  0 ] (0.00001527)
[  0  0  0  0  2  1  1  0  0 ] (0.00000168)
[  0  0  0  0  2  1  1  0  1 ] (0.00010992)
[  0  0  0  0  2  1  1  1  0 ] (0.00013063)
[  0  0  0  0  2  1  2  0  0 ] (0.00000103)
[  0  0  0  0  2  2  0  0  0 ] (0.00040568)
[  0  0  0  0  2  2  0  0  1 ] (0.00156978)
[  0  0  0  0  2  2  0  1  0 ] (0.00076950)
[  0  0  0  0  2  2  1  0  0 ] (0.00378142)
[  0  0  0  0  2  3  0  0  0 ] (0.00243724)
[  0  0  0  0  3  0  0  0  0 ] (0.00001637)
[  0  0  0  0  3  0  0  0  1 ] (0.00007517)
[  0  0  0  0  3  0  0  0  2 ] (0.00003846)
[  0  0  0  0  3  0  0  1  0 ] (0.00002202)
[  0  0  0  0  3  0  0  1  1 ] (0.00016243)
[  0  0  0  0  3  0  0  2  0 ] (0.00011714)
[  0  0  0  0  3  0  1  0  0 ] (0.00040594)
[  0  0  0  0  3  0  1  0  1 ] (0.00005080)
[  0  0  0  0  3  0  1  1  0 ] (0.00010656)
[  0  0  0  0  3  0  2  0  0 ] (0.00135189)
[  0  0  0  0  3  1  0  0  0 ] (0.00016490)
[  0  0  0  0  3  1  0  0  1 ] (0.00003646)
[  0  0  0  0  3  1  0  1  0 ] (0.00021835)
[  0  0  0  0  3  1  1  0  0 ] (0.00472180)
[  0  0  0  0  3  2  0  0  0 ] (0.00047850)
[  0  0  0  0  4  0  0  0  0 ] (0.00003251)
[  0  0  0  0  4  0  0  0  1 ] (0.00161895)
[  0  0  0  0  4  0  0  1  0 ] (0.00069167)
[  0  0  0  0  4  0  1  0  0 ] (0.00611275)
[  0  0  0  0  4  1  0  0  0 ] (0.00042583)
[  0  0  0  0  5  0  0  0  0 ] (0.04279500)
[  0  0  0  1  0  0  0  0  0 ] (0.00000287)
[  0  0  0  1  0  0  0  0  1 ] (0.00000004)
[  0  0  0  1  0  0  0  0  2 ] (0.00090873)
[  0  0  0  1  0  0  0  0  3 ] (0.00001535)
[  0  0  0  1  0  0  0  0  4 ] (0.00000174)
[  0  0  0  1  0  0  0  1  0 ] (0.00000039)
[  0  0  0  1  0  0  0  1  1 ] (0.00026873)
[  0  0  0  1  0  0  0  1  2 ] (0.00034579)
[  0  0  0  1  0  0  0  1  3 ] (0.00000293)
[  0  0  0  1  0  0  0  2  0 ] (0.00005225)
[  0  0  0  1  0  0  0  2  1 ] (0.00001522)
[  0  0  0  1  0  0  0  2  2 ] (0.00000095)
[  0  0  0  1  0  0  0  3  0 ] (0.00245850)
[  0  0  0  1  0  0  0  3  1 ] (0.00008495)
[  0  0  0  1  0  0  0  4  0 ] (0.00003916)
[  0  0  0  1  0  0  1  0  0 ] (0.00009200)
[  0  0  0  1  0  0  1  0  1 ] (0.00050929)
[  0  0  0  1  0  0  1  0  2 ] (0.00032477)
[  0  0  0  1  0  0  1  0  3 ] (0.00001700)
[  0  0  0  1  0  0  1  1  0 ] (0.00005008)
[  0  0  0  1  0  0  1  1  1 ] (0.00000443)
[  0  0  0  1  0  0  1  1  2 ] (0.00000369)
[  0  0  0  1  0  0  1  2  0 ] (0.00000430)
[  0  0  0  1  0  0  1  2  1 ] (0.00002175)
[  0  0  0  1  0  0  1  3  0 ] (0.00005417)
[  0  0  0  1  0  0  2  0  0 ] (0.00000100)
[  0  0  0  1  0  0  2  0  1 ] (0.00002669)
[  0  0  0  1  0  0  2  0  2 ] (0.00000292)
[  0  0  0  1  0  0  2  1  0 ] (0.00027054)
[  0  0  0  1  0  0  2  1  1 ] (0.00006242)
[  0  0  0  1  0  0  2  2  0 ] (0.00000063)
[  0  0  0  1  0  0  3  0  0 ] (0.00000829)
[  0  0  0  1  0  0  3  0  1 ] (0.00000191)
[  0  0  0  1  0  0  3  1  0 ] (0.00000511)
[  0  0  0  1  0  0  4  0  0 ] (0.00000068)
[  0  0  0  1  0  1  0  0  0 ] (0.00002840)
[  0  0  0  1  0  1  0  0  1 ] (0.00005668)
[  0  0  0  1  0  1  0  0  2 ] (0.00946779)
[  0  0  0  1  0  1  0  0  3 ] (0.00000371)
[  0  0  0  1  0  1  0  1  0 ] (0.00000007)
[  0  0  0  1  0  1  0  1  1 ] (0.00018381)
[  0  0  0  1  0  1  0  1  2 ] (0.00001069)
[  0  0  0  1  0  1  0  2  0 ] (0.00001267)
[  0  0  0  1  0  1  0  2  1 ] (0.00000930)
[  0  0  0  1  0  1  0  3  0 ] (0.00000350)
[  0  0  0  1  0  1  1  0  0 ] (0.00000001)
[  0  0  0  1  0  1  1  0  1 ] (0.00039803)
[  0  0  0  1  0  1  1  0  2 ] (0.00009391)
[  0  0  0  1  0  1  1  1  0 ] (0.00001139)
[  0  0  0  1  0  1  1  1  1 ] (0.00000103)
[  0  0  0  1  0  1  1  2  0 ] (0.00000391)
[  0  0  0  1  0  1  2  0  0 ] (0.00005107)
[  0  0  0  1  0  1  2  0  1 ] (0.00008744)
[  0  0  0  1  0  1  2  1  0 ] (0.00000910)
[  0  0  0  1  0  1  3  0  0 ] (0.00001611)
[  0  0  0  1  0  2  0  0  0 ] (0.00001737)
[  0  0  0  1  0  2  0  0  1 ] (0.00006971)
[  0  0  0  1  0  2  0  0  2 ] (0.00163290)
[  0  0  0  1  0  2  0  1  0 ] (0.00008789)
[  0  0  0  1  0  2  0  1  1 ] (0.00000109)
[  0  0  0  1  0  2  0  2  0 ] (0.00002199)
[  0  0  0  1  0  2  1  0  0 ] (0.00000086)
[  0  0  0  1  0  2  1  0  1 ] (0.00002469)
[  0  0  0  1  0  2  1  1  0 ] (0.00001006)
[  0  0  0  1  0  2  2  0  0 ] (0.00270605)
[  0  0  0  1  0  3  0  0  0 ] (0.00002550)
[  0  0  0  1  0  3  0  0  1 ] (0.00000001)
[  0  0  0  1  0  3  0  1  0 ] (0.00013221)
[  0  0  0  1  0  3  1  0  0 ] (0.00005147)
[  0  0  0  1  0  4  0  0  0 ] (0.00098862)
[  0  0  0  1  1  0  0  0  0 ] (0.00002050)
[  0  0  0  1  1  0  0  0  1 ] (0.00013851)
[  0  0  0  1  1  0  0  0  2 ] (0.00554365)
[  0  0  0  1  1  0  0  0  3 ] (0.00000009)
[  0  0  0  1  1  0  0  1  0 ] (0.00000160)
[  0  0  0  1  1  0  0  1  1 ] (0.00002288)
[  0  0  0  1  1  0  0  1  2 ] (0.00000966)
[  0  0  0  1  1  0  0  2  0 ] (0.00005219)
[  0  0  0  1  1  0  0  2  1 ] (0.00000667)
[  0  0  0  1  1  0  0  3  0 ] (0.00000633)
[  0  0  0  1  1  0  1  0  0 ] (0.00000429)
[  0  0  0  1  1  0  1  0  1 ] (0.00001731)
[  0  0  0  1  1  0  1  0  2 ] (0.00000000)
[  0  0  0  1  1  0  1  1  0 ] (0.00001108)
[  0  0  0  1  1  0  1  1  1 ] (0.00003309)
[  0  0  0  1  1  0  1  2  0 ] (0.00000001)
[  0  0  0  1  1  0  2  0  0 ] (0.00000702)
[  0  0  0  1  1  0  2  0  1 ] (0.00000124)
[  0  0  0  1  1  0  2  1  0 ] (0.00000877)
[  0  0  0  1  1  0  3  0  0 ] (0.00000128)
[  0  0  0  1  1  1  0  0  0 ] (0.00006196)
[  0  0  0  1  1  1  0  0  1 ] (0.00021259)
[  0  0  0  1  1  1  0  0  2 ] (0.00065926)
[  0  0  0  1  1  1  0  1  0 ] (0.00003642)
[  0  0  0  1  1  1  0  1  1 ] (0.00002923)
[  0  0  0  1  1  1  0  2  0 ] (0.00000360)
[  0  0  0  1  1  1  1  0  0 ] (0.00000845)
[  0  0  0  1  1  1  1  0  1 ] (0.00000028)
[  0  0  0  1  1  1  1  1  0 ] (0.00000150)
[  0  0  0  1  1  1  2  0  0 ] (0.00000432)
[  0  0  0  1  1  2  0  0  0 ] (0.00004052)
[  0  0  0  1  1  2  0  0  1 ] (0.00005131)
[  0  0  0  1  1  2  0  1  0 ] (0.00036608)
[  0  0  0  1  1  2  1  0  0 ] (0.00002600)
[  0  0  0  1  1  3  0  0  0 ] (0.00024580)
[  0  0  0  1  2  0  0  0  0 ] (0.00010997)
[  0  0  0  1  2  0  0  0  1 ] (0.00010189)
[  0  0  0  1  2  0  0  0  2 ] (0.00000078)
[  0  0  0  1  2  0  0  1  0 ] (0.00003255)
[  0  0  0  1  2  0  0  1  1 ] (0.00001559)
[  0  0  0  1  2  0  0  2  0 ] (0.00000338)
[  0  0  0  1  2  0  1  0  0 ] (0.00003151)
[  0  0  0  1  2  0  1  0  1 ] (0.00000588)
[  0  0  0  1  2  0  1  1  0 ] (0.00000156)
[  0  0  0  1  2  0  2  0  0 ] (0.00061523)
[  0  0  0  1  2  1  0  0  0 ] (0.00023584)
[  0  0  0  1  2  1  0  0  1 ] (0.00048292)
[  0  0  0  1  2  1  0  1  0 ] (0.00041210)
[  0  0  0  1  2  1  1  0  0 ] (0.00003650)
[  0  0  0  1  2  2  0  0  0 ] (0.00010273)
[  0  0  0  1  3  0  0  0  0 ] (0.00004451)
[  0  0  0  1  3  0  0  0  1 ] (0.00002179)
[  0  0  0  1  3  0  0  1  0 ] (0.00004222)
[  0  0  0  1  3  0  1  0  0 ] (0.00537067)
[  0  0  0  1  3  1  0  0  0 ] (0.00000157)
[  0  0  0  1  4  0  0  0  0 ] (0.00094747)
[  0  0  0  2  0  0  0  0  0 ] (0.00000092)
[  0  0  0  2  0  0  0  0  1 ] (0.00001775)
[  0  0  0  2  0  0  0  0  2 ] (0.00000184)
[  0  0  0  2  0  0  0  0  3 ] (0.00000512)
[  0  0  0  2  0  0  0  1  0 ] (0.00040889)
[  0  0  0  2  0  0  0  1  1 ] (0.00374158)
[  0  0  0  2  0  0  0  1  2 ] (0.00023968)
[  0  0  0  2  0  0  0  2  0 ] (0.00000013)
[  0  0  0  2  0  0  0  2  1 ] (0.00000044)
[  0  0  0  2  0  0  0  3  0 ] (0.00002028)
[  0  0  0  2  0  0  1  0  0 ] (0.00001413)
[  0  0  0  2  0  0  1  0  1 ] (0.00004833)
[  0  0  0  2  0  0  1  0  2 ] (0.00001955)
[  0  0  0  2  0  0  1  1  0 ] (0.00006159)
[  0  0  0  2  0  0  1  1  1 ] (0.00007124)
[  0  0  0  2  0  0  1  2  0 ] (0.00002146)
[  0  0  0  2  0  0  2  0  0 ] (0.00000820)
[  0  0  0  2  0  0  2  0  1 ] (0.00016104)
[  0  0  0  2  0  0  2  1  0 ] (0.00000175)
[  0  0  0  2  0  0  3  0  0 ] (0.00243482)
[  0  0  0  2  0  1  0  0  0 ] (0.00002474)
[  0  0  0  2  0  1  0  0  1 ] (0.00000018)
[  0  0  0  2  0  1  0  0  2 ] (0.00000065)
[  0  0  0  2  0  1  0  1  0 ] (0.00020934)
[  0  0  0  2  0  1  0  1  1 ] (0.00137263)
[  0  0  0  2  0  1  0  2  0 ] (0.00000737)
[  0  0  0  2  0  1  1  0  0 ] (0.00000086)
[  0  0  0  2  0  1  1  0  1 ] (0.00000091)
[  0  0  0  2  0  1  1  1  0 ] (0.00018223)
[  0  0  0  2  0  1  2  0  0 ] (0.00044430)
[  0  0  0  2  0  2  0  0  0 ] (0.00003403)
[  0  0  0  2  0  2  0  0  1 ] (0.00009160)
[  0  0  0  2  0  2  0  1  0 ] (0.01014242)
[  0  0  0  2  0  2  1  0  0 ] (0.00012561)
[  0  0  0  2  0  3  0  0  0 ] (0.00005187)
[  0  0  0  2  1  0  0  0  0 ] (0.00000000)
[  0  0  0  2  1  0  0  0  1 ] (0.00098829)
[  0  0  0  2  1  0  0  0  2 ] (0.00000358)
[  0  0  0  2  1  0  0  1  0 ] (0.00004716)
[  0  0  0  2  1  0  0  1  1 ] (0.00000383)
[  0  0  0  2  1  0  0  2  0 ] (0.00000212)
[  0  0  0  2  1  0  1  0  0 ] (0.00022614)
[  0  0  0  2  1  0  1  0  1 ] (0.00096970)
[  0  0  0  2  1  0  1  1  0 ] (0.00002544)
[  0  0  0  2  1  0  2  0  0 ] (0.01902550)
[  0  0  0  2  1  1  0  0  0 ] (0.00000458)
[  0  0  0  2  1  1  0  0  1 ] (0.00038669)
[  0  0  0  2  1  1  0  1  0 ] (0.00017290)
[  0  0  0  2  1  1  1  0  0 ] (0.00808772)
[  0  0  0  2  1  2  0  0  0 ] (0.00004666)
[  0  0  0  2  2  0  0  0  0 ] (0.00006305)
[  0  0  0  2  2  0  0  0  1 ] (0.00426901)
[  0  0  0  2  2  0  0  1  0 ] (0.00055967)
[  0  0  0  2  2  0  1  0  0 ] (0.00030893)
[  0  0  0  2  2  1  0  0  0 ] (0.00020876)
[  0  0  0  2  3  0  0  0  0 ] (0.00001344)
[  0  0  0  3  0  0  0  0  0 ] (0.00001354)
[  0  0  0  3  0  0  0  0  1 ] (0.00001020)
[  0  0  0  3  0  0  0  0  2 ] (0.00008965)
[  0  0  0  3  0  0  0  1  0 ] (0.00014660)
[  0  0  0  3  0  0  0  1  1 ] (0.00007510)
[  0  0  0  3  0  0  0  2  0 ] (0.00000970)
[  0  0  0  3  0  0  1  0  0 ] (0.00012023)
[  0  0  0  3  0  0  1  0  1 ] (0.00002502)
[  0  0  0  3  0  0  1  1  0 ] (0.00047958)
[  0  0  0  3  0  0  2  0  0 ] (0.00008660)
[  0  0  0  3  0  1  0  0  0 ] (0.00000070)
[  0  0  0  3  0  1  0  0  1 ] (0.00092242)
[  0  0  0  3  0  1  0  1  0 ] (0.00106763)
[  0  0  0  3  0  1  1  0  0 ] (0.00000339)
[  0  0  0  3  0  2  0  0  0 ] (0.00005646)
[  0  0  0  3  1  0  0  0  0 ] (0.00019688)
[  0  0  0  3  1  0  0  0  1 ] (0.04510190)
[  0  0  0  3  1  0  0  1  0 ] (0.00777014)
[  0  0  0  3  1  0  1  0  0 ] (0.00112184)
[  0  0  0  3  1  1  0  0  0 ] (0.00000254)
[  0  0  0  3  2  0  0  0  0 ] (0.00053450)
[  0  0  0  4  0  0  0  0  0 ] (0.00012289)
[  0  0  0  4  0  0  0  0  1 ] (0.00004965)
[  0  0  0  4  0  0  0  1  0 ] (0.00004981)
[  0  0  0  4  0  0  1  0  0 ] (0.00020312)
[  0  0  0  4  0  1  0  0  0 ] (0.00019501)
[  0  0  0  4  1  0  0  0  0 ] (0.00000535)
[  0  0  0  5  0  0  0  0  0 ] (0.00001092)
[  0  0  1  0  0  0  0  0  0 ] (0.00000095)
[  0  0  1  0  0  0  0  0  1 ] (0.00005850)
[  0  0  1  0  0  0  0  0  2 ] (0.00000617)
[  0  0  1  0  0  0  0  0  3 ] (0.00004664)
[  0  0  1  0  0  0  0  0  4 ] (0.00000122)
[  0  0  1  0  0  0  0  1  0 ] (0.00000972)
[  0  0  1  0  0  0  0  1  1 ] (0.00000691)
[  0  0  1  0  0  0  0  1  2 ] (0.00000006)
[  0  0  1  0  0  0  0  1  3 ] (0.00000160)
[  0  0  1  0  0  0  0  2  0 ] (0.00000662)
[  0  0  1  0  0  0  0  2  1 ] (0.00002123)
[  0  0  1  0  0  0  0  2  2 ] (0.00000010)
[  0  0  1  0  0  0  0  3  0 ] (0.00007717)
[  0  0  1  0  0  0  0  3  1 ] (0.00000738)
[  0  0  1  0  0  0  0  4  0 ] (0.00001659)
[  0  0  1  0  0  0  1  0  0 ] (0.00000431)
[  0  0  1  0  0  0  1  0  1 ] (0.00006902)
[  0  0  1  0  0  0  1  0  2 ] (0.00005763)
[  0  0  1  0  0  0  1  0  3 ] (0.00000347)
[  0  0  1  0  0  0  1  1  0 ] (0.00000561)
[  0  0  1  0  0  0  1  1  1 ] (0.00000480)
[  0  0  1  0  0  0  1  1  2 ] (0.00000201)
[  0  0  1  0  0  0  1  2  0 ] (0.00031050)
[  0  0  1  0  0  0  1  2  1 ] (0.00007189)
[  0  0  1  0  0  0  1  3  0 ] (0.00000228)
[  0  0  1  0  0  0  2  0  0 ] (0.00000379)
[  0  0  1  0  0  0  2  0  1 ] (0.00021848)
[  0  0  1  0  0  0  2  0  2 ] (0.00001279)
[  0  0  1  0  0  0  2  1  0 ] (0.00003694)
[  0  0  1  0  0  0  2  1  1 ] (0.00000739)
[  0  0  1  0  0  0  2  2  0 ] (0.00001530)
[  0  0  1  0  0  0  3  0  0 ] (0.00000425)
[  0  0  1  0  0  0  3  0  1 ] (0.00001351)
[  0  0  1  0  0  0  3  1  0 ] (0.00000154)
[  0  0  1  0  0  0  4  0  0 ] (0.00002637)
[  0  0  1  0  0  1  0  0  0 ] (0.00000119)
[  0  0  1  0  0  1  0  0  1 ] (0.00001627)
[  0  0  1  0  0  1  0  0  2 ] (0.00191146)
[  0  0  1  0  0  1  0  0  3 ] (0.00000332)
[  0  0  1  0  0  1  0  1  0 ] (0.00000911)
[  0  0  1  0  0  1  0  1  1 ] (0.00000001)
[  0  0  1  0  0  1  0  1  2 ] (0.00000220)
[  0  0  1  0  0  1  0  2  0 ] (0.00003227)
[  0  0  1  0  0  1  0  2  1 ] (0.00000832)
[  0  0  1  0  0  1  0  3  0 ] (0.00000062)
[  0  0  1  0  0  1  1  0  0 ] (0.00000085)
[  0  0  1  0  0  1  1  0  1 ] (0.00053671)
[  0  0  1  0  0  1  1  0  2 ] (0.00000347)
[  0  0  1  0  0  1  1  1  0 ] (0.00002076)
[  0  0  1  0  0  1  1  1  1 ] (0.00000767)
[  0  0  1  0  0  1  1  2  0 ] (0.00000056)
[  0  0  1  0  0  1  2  0  0 ] (0.00002398)
[  0  0  1  0  0  1  2  0  1 ] (0.00000419)
[  0  0  1  0  0  1  2  1  0 ] (0.00000361)
[  0  0  1  0  0  1  3  0  0 ] (0.00033557)
[  0  0  1  0  0  2  0  0  0 ] (0.00000515)
[  0  0  1  0  0  2  0  0  1 ] (0.00014012)
[  0  0  1  0  0  2  0  0  2 ] (0.00003945)
[  0  0  1  0  0  2  0  1  0 ] (0.00018151)
[  0  0  1  0  0  2  0  1  1 ] (0.00003569)
[  0  0  1  0  0  2  0  2  0 ] (0.00001617)
[  0  0  1  0  0  2  1  0  0 ] (0.00003401)
[  0  0  1  0  0  2  1  0  1 ] (0.00001961)
[  0  0  1  0  0  2  1  1  0 ] (0.00003073)
[  0  0  1  0  0  2  2  0  0 ] (0.00398079)
[  0  0  1  0  0  3  0  0  0 ] (0.00010024)
[  0  0  1  0  0  3  0  0  1 ] (0.00007748)
[  0  0  1  0  0  3  0  1  0 ] (0.00005301)
[  0  0  1  0  0  3  1  0  0 ] (0.00000371)
[  0  0  1  0  0  4  0  0  0 ] (0.00003655)
[  0  0  1  0  1  0  0  0  0 ] (0.00002094)
[  0  0  1  0  1  0  0  0  1 ] (0.00068809)
[  0  0  1  0  1  0  0  0  2 ] (0.00287182)
[  0  0  1  0  1  0  0  0  3 ] (0.00000015)
[  0  0  1  0  1  0  0  1  0 ] (0.00015202)
[  0  0  1  0  1  0  0  1  1 ] (0.00000105)
[  0  0  1  0  1  0  0  1  2 ] (0.00000048)
[  0  0  1  0  1  0  0  2  0 ] (0.00003833)
[  0  0  1  0  1  0  0  2  1 ] (0.00004432)
[  0  0  1  0  1  0  0  3  0 ] (0.00001557)
[  0  0  1  0  1  0  1  0  0 ] (0.00006368)
[  0  0  1  0  1  0  1  0  1 ] (0.00002237)
[  0  0  1  0  1  0  1  0  2 ] (0.00000001)
[  0  0  1  0  1  0  1  1  0 ] (0.00010306)
[  0  0  1  0  1  0  1  1  1 ] (0.00001935)
[  0  0  1  0  1  0  1  2  0 ] (0.00003997)
[  0  0  1  0  1  0  2  0  0 ] (0.00000085)
[  0  0  1  0  1  0  2  0  1 ] (0.00001445)
[  0  0  1  0  1  0  2  1  0 ] (0.00000275)
[  0  0  1  0  1  0  3  0  0 ] (0.00000093)
[  0  0  1  0  1  1  0  0  0 ] (0.00005716)
[  0  0  1  0  1  1  0  0  1 ] (0.00103631)
[  0  0  1  0  1  1  0  0  2 ] (0.00136278)
[  0  0  1  0  1  1  0  1  0 ] (0.00013688)
[  0  0  1  0  1  1  0  1  1 ] (0.00003215)
[  0  0  1  0  1  1  0  2  0 ] (0.00003465)
[  0  0  1  0  1  1  1  0  0 ] (0.00000091)
[  0  0  1  0  1  1  1  0  1 ] (0.00005380)
[  0  0  1  0  1  1  1  1  0 ] (0.00000169)
[  0  0  1  0  1  1  2  0  0 ] (0.00016639)
[  0  0  1  0  1  2  0  0  0 ] (0.00000045)
[  0  0  1  0  1  2  0  0  1 ] (0.00069736)
[  0  0  1  0  1  2  0  1  0 ] (0.00001252)
[  0  0  1  0  1  2  1  0  0 ] (0.00041902)
[  0  0  1  0  1  3  0  0  0 ] (0.00001672)
[  0  0  1  0  2  0  0  0  0 ] (0.00073703)
[  0  0  1  0  2  0  0  0  1 ] (0.00040900)
[  0  0  1  0  2  0  0  0  2 ] (0.00070369)
[  0  0  1  0  2  0  0  1  0 ] (0.00048939)
[  0  0  1  0  2  0  0  1  1 ] (0.00001003)
[  0  0  1  0  2  0  0  2  0 ] (0.00000933)
[  0  0  1  0  2  0  1  0  0 ] (0.00000011)
[  0  0  1  0  2  0  1  0  1 ] (0.00000146)
[  0  0  1  0  2  0  1  1  0 ] (0.00023907)
[  0  0  1  0  2  0  2  0  0 ] (0.00000571)
[  0  0  1  0  2  1  0  0  0 ] (0.00012604)
[  0  0  1  0  2  1  0  0  1 ] (0.00082023)
[  0  0  1  0  2  1  0  1  0 ] (0.00393574)
[  0  0  1  0  2  1  1  0  0 ] (0.00379869)
[  0  0  1  0  2  2  0  0  0 ] (0.00041405)
[  0  0  1  0  3  0  0  0  0 ] (0.00000379)
[  0  0  1  0  3  0  0  0  1 ] (0.02124472)
[  0  0  1  0  3  0  0  1  0 ] (0.00274841)
[  0  0  1  0  3  0  1  0  0 ] (0.00020330)
[  0  0  1  0  3  1  0  0  0 ] (0.00003129)
[  0  0  1  0  4  0  0  0  0 ] (0.00033924)
[  0  0  1  1  0  0  0  0  0 ] (0.00001155)
[  0  0  1  1  0  0  0  0  1 ] (0.00034536)
[  0  0  1  1  0  0  0  0  2 ] (0.00030432)
[  0  0  1  1  0  0  0  0  3 ] (0.00002790)
[  0  0  1  1  0  0  0  1  0 ] (0.00002037)
[  0  0  1  1  0  0  0  1  1 ] (0.00003125)
[  0  0  1  1  0  0  0  1  2 ] (0.00000443)
[  0  0  1  1  0  0  0  2  0 ] (0.00007223)
[  0  0  1  1  0  0  0  2  1 ] (0.00001626)
[  0  0  1  1  0  0  0  3  0 ] (0.00002304)
[  0  0  1  1  0  0  1  0  0 ] (0.00003834)
[  0  0  1  1  0  0  1  0  1 ] (0.00000012)
[  0  0  1  1  0  0  1  0  2 ] (0.00000081)
[  0  0  1  1  0  0  1  1  0 ] (0.00059966)
[  0  0  1  1  0  0  1  1  1 ] (0.00008203)
[  0  0  1  1  0  0  1  2  0 ] (0.00002082)
[  0  0  1  1  0  0  2  0  0 ] (0.00000074)
[  0  0  1  1  0  0  2  0  1 ] (0.00001277)
[  0  0  1  1  0  0  2  1  0 ] (0.00000191)
[  0  0  1  1  0  0  3  0  0 ] (0.00043390)
[  0  0  1  1  0  1  0  0  0 ] (0.00010191)
[  0  0  1  1  0  1  0  0  1 ] (0.00002455)
[  0  0  1  1  0  1  0  0  2 ] (0.00015650)
[  0  0  1  1  0  1  0  1  0 ] (0.00000759)
[  0  0  1  1  0  1  0  1  1 ] (0.00006570)
[  0  0  1  1  0  1  0  2  0 ] (0.00001323)
[  0  0  1  1  0  1  1  0  0 ] (0.00000000)
[  0  0  1  1  0  1  1  0  1 ] (0.00001087)
[  0  0  1  1  0  1  1  1  0 ] (0.00000073)
[  0  0  1  1  0  1  2  0  0 ] (0.00000662)
[  0  0  1  1  0  2  0  0  0 ] (0.00002386)
[  0  0  1  1  0  2  0  0  1 ] (0.00107405)
[  0  0  1  1  0  2  0  1  0 ] (0.00019768)
[  0  0  1  1  0  2  1  0  0 ] (0.00000378)
[  0  0  1  1  0  3  0  0  0 ] (0.00041131)
[  0  0  1  1  1  0  0  0  0 ] (0.00023850)
[  0  0  1  1  1  0  0  0  1 ] (0.00003706)
[  0  0  1  1  1  0  0  0  2 ] (0.00006513)
[  0  0  1  1  1  0  0  1  0 ] (0.00020420)
[  0  0  1  1  1  0  0  1  1 ] (0.00006811)
[  0  0  1  1  1  0  0  2  0 ] (0.00001660)
[  0  0  1  1  1  0  1  0  0 ] (0.00002891)
[  0  0  1  1  1  0  1  0  1 ] (0.00001372)
[  0  0  1  1  1  0  1  1  0 ] (0.00001122)
[  0  0  1  1  1  0  2  0  0 ] (0.00018543)
[  0  0  1  1  1  1  0  0  0 ] (0.00072520)
[  0  0  1  1  1  1  0  0  1 ] (0.00025196)
[  0  0  1  1  1  1  0  1  0 ] (0.00017162)
[  0  0  1  1  1  1  1  0  0 ] (0.00004726)
[  0  0  1  1  1  2  0  0  0 ] (0.00203206)
[  0  0  1  1  2  0  0  0  0 ] (0.00162566)
[  0  0  1  1  2  0  0  0  1 ] (0.00143286)
[  0  0  1  1  2  0  0  1  0 ] (0.00025729)
[  0  0  1  1  2  0  1  0  0 ] (0.00355751)
[  0  0  1  1  2  1  0  0  0 ] (0.00303573)
[  0  0  1  1  3  0  0  0  0 ] (0.00003503)
[  0  0  1  2  0  0  0  0  0 ] (0.00000471)
[  0  0  1  2  0  0  0  0  1 ] (0.00000010)
[  0  0  1  2  0  0  0  0  2 ] (0.00005818)
[  0  0  1  2  0  0  0  1  0 ] (0.00036986)
[  0  0  1  2  0  0  0  1  1 ] (0.00001508)
[  0  0  1  2  0  0  0  2  0 ] (0.00000501)
[  0  0  1  2  0  0  1  0  0 ] (0.00003445)
[  0  0  1  2  0  0  1  0  1 ] (0.00014306)
[  0  0  1  2  0  0  1  1  0 ] (0.00047063)
[  0  0  1  2  0  0  2  0  0 ] (0.00010397)
[  0  0  1  2  0  1  0  0  0 ] (0.00000000)
[  0  0  1  2  0  1  0  0  1 ] (0.00000955)
[  0  0  1  2  0  1  0  1  0 ] (0.00203688)
[  0  0  1  2  0  1  1  0  0 ] (0.00028332)
[  0  0  1  2  0  2  0  0  0 ] (0.00000010)
[  0  0  1  2  1  0  0  0  0 ] (0.00041932)
[  0  0  1  2  1  0  0  0  1 ] (0.00000153)
[  0  0  1  2  1  0  0  1  0 ] (0.00004005)
[  0  0  1  2  1  0  1  0  0 ] (0.00204712)
[  0  0  1  2  1  1  0  0  0 ] (0.00059693)
[  0  0  1  2  2  0  0  0  0 ] (0.00001444)
[  0  0  1  3  0  0  0  0  0 ] (0.00002720)
[  0  0  1  3  0  0  0  0  1 ] (0.00003394)
[  0  0  1  3  0  0  0  1  0 ] (0.00000552)
[  0  0  1  3  0  0  1  0  0 ] (0.00001726)
[  0  0  1  3  0  1  0  0  0 ] (0.00001079)
[  0  0  1  3  1  0  0  0  0 ] (0.00007907)
[  0  0  1  4  0  0  0  0  0 ] (0.00004147)
[  0  0  2  0  0  0  0  0  0 ] (0.00000370)
[  0  0  2  0  0  0  0  0  1 ] (0.00000653)
[  0  0  2  0  0  0  0  0  2 ] (0.00000285)
[  0  0  2  0  0  0  0  0  3 ] (0.00000007)
[  0  0  2  0  0  0  0  1  0 ] (0.00023189)
[  0  0  2  0  0  0  0  1  1 ] (0.00168481)
[  0  0  2  0  0  0  0  1  2 ] (0.00014576)
[  0  0  2  0  0  0  0  2  0 ] (0.00000756)
[  0  0  2  0  0  0  0  2  1 ] (0.00001984)
[  0  0  2  0  0  0  0  3  0 ] (0.00003593)
[  0  0  2  0  0  0  1  0  0 ] (0.00000451)
[  0  0  2  0  0  0  1  0  1 ] (0.00000023)
[  0  0  2  0  0  0  1  0  2 ] (0.00000174)
[  0  0  2  0  0  0  1  1  0 ] (0.00019284)
[  0  0  2  0  0  0  1  1  1 ] (0.00011513)
[  0  0  2  0  0  0  1  2  0 ] (0.00000227)
[  0  0  2  0  0  0  2  0  0 ] (0.00000082)
[  0  0  2  0  0  0  2  0  1 ] (0.00000095)
[  0  0  2  0  0  0  2  1  0 ] (0.00020891)
[  0  0  2  0  0  0  3  0  0 ] (0.00000643)
[  0  0  2  0  0  1  0  0  0 ] (0.00000502)
[  0  0  2  0  0  1  0  0  1 ] (0.00000518)
[  0  0  2  0  0  1  0  0  2 ] (0.00002908)
[  0  0  2  0  0  1  0  1  0 ] (0.00006607)
[  0  0  2  0  0  1  0  1  1 ] (0.00030291)
[  0  0  2  0  0  1  0  2  0 ] (0.00025928)
[  0  0  2  0  0  1  1  0  0 ] (0.00000087)
[  0  0  2  0  0  1  1  0  1 ] (0.00002437)
[  0  0  2  0  0  1  1  1  0 ] (0.00002370)
[  0  0  2  0  0  1  2  0  0 ] (0.00008173)
[  0  0  2  0  0  2  0  0  0 ] (0.00001265)
[  0  0  2  0  0  2  0  0  1 ] (0.00000768)
[  0  0  2  0  0  2  0  1  0 ] (0.00100395)
[  0  0  2  0  0  2  1  0  0 ] (0.00009477)
[  0  0  2  0  0  3  0  0  0 ] (0.00000824)
[  0  0  2  0  1  0  0  0  0 ] (0.00000080)
[  0  0  2  0  1  0  0  0  1 ] (0.00008532)
[  0  0  2  0  1  0  0  0  2 ] (0.00001469)
[  0  0  2  0  1  0  0  1  0 ] (0.00001382)
[  0  0  2  0  1  0  0  1  1 ] (0.00000039)
[  0  0  2  0  1  0  0  2  0 ] (0.00049932)
[  0  0  2  0  1  0  1  0  0 ] (0.00007485)
[  0  0  2  0  1  0  1  0  1 ] (0.00000061)
[  0  0  2  0  1  0  1  1  0 ] (0.00000172)
[  0  0  2  0  1  0  2  0  0 ] (0.00790028)
[  0  0  2  0  1  1  0  0  0 ] (0.00004802)
[  0  0  2  0  1  1  0  0  1 ] (0.00004375)
[  0  0  2  0  1  1  0  1  0 ] (0.00000071)
[  0  0  2  0  1  1  1  0  0 ] (0.00024227)
[  0  0  2  0  1  2  0  0  0 ] (0.00000019)
[  0  0  2  0  2  0  0  0  0 ] (0.00032758)
[  0  0  2  0  2  0  0  0  1 ] (0.00138394)
[  0  0  2  0  2  0  0  1  0 ] (0.03956653)
[  0  0  2  0  2  0  1  0  0 ] (0.00000897)
[  0  0  2  0  2  1  0  0  0 ] (0.00056284)
[  0  0  2  0  3  0  0  0  0 ] (0.00008868)
[  0  0  2  1  0  0  0  0  0 ] (0.00001102)
[  0  0  2  1  0  0  0  0  1 ] (0.00010695)
[  0  0  2  1  0  0  0  0  2 ] (0.00039967)
[  0  0  2  1  0  0  0  1  0 ] (0.00007127)
[  0  0  2  1  0  0  0  1  1 ] (0.00000851)
[  0  0  2  1  0  0  0  2  0 ] (0.00009405)
[  0  0  2  1  0  0  1  0  0 ] (0.00000705)
[  0  0  2  1  0  0  1  0  1 ] (0.00000036)
[  0  0  2  1  0  0  1  1  0 ] (0.00017261)
[  0  0  2  1  0  0  2  0  0 ] (0.00000090)
[  0  0  2  1  0  1  0  0  0 ] (0.00000504)
[  0  0  2  1  0  1  0  0  1 ] (0.00023190)
[  0  0  2  1  0  1  0  1  0 ] (0.00074288)
[  0  0  2  1  0  1  1  0  0 ] (0.00000542)
[  0  0  2  1  0  2  0  0  0 ] (0.00001617)
[  0  0  2  1  1  0  0  0  0 ] (0.00035885)
[  0  0  2  1  1  0  0  0  1 ] (0.00035974)
[  0  0  2  1  1  0  0  1  0 ] (0.00019220)
[  0  0  2  1  1  0  1  0  0 ] (0.00062711)
[  0  0  2  1  1  1  0  0  0 ] (0.00041737)
[  0  0  2  1  2  0  0  0  0 ] (0.00044137)
[  0  0  2  2  0  0  0  0  0 ] (0.00000024)
[  0  0  2  2  0  0  0  0  1 ] (0.00000851)
[  0  0  2  2  0  0  0  1  0 ] (0.00000354)
[  0  0  2  2  0  0  1  0  0 ] (0.00001927)
[  0  0  2  2  0  1  0  0  0 ] (0.00000276)
[  0  0  2  2  1  0  0  0  0 ] (0.00001961)
[  0  0  2  3  0  0  0  0  0 ] (0.00000386)
[  0  0  3  0  0  0  0  0  0 ] (0.00000015)
[  0  0  3  0  0  0  0  0  1 ] (0.00006146)
[  0  0  3  0  0  0  0  0  2 ] (0.00056584)
[  0  0  3  0  0  0  0  1  0 ] (0.00000289)
[  0  0  3  0  0  0  0  1  1 ] (0.00000238)
[  0  0  3  0  0  0  0  2  0 ] (0.00013620)
[  0  0  3  0  0  0  1  0  0 ] (0.00000004)
[  0  0  3  0  0  0  1  0  1 ] (0.00008491)
[  0  0  3  0  0  0  1  1  0 ] (0.00016598)
[  0  0  3  0  0  0  2  0  0 ] (0.00001759)
[  0  0  3  0  0  1  0  0  0 ] (0.00000571)
[  0  0  3  0  0  1  0  0  1 ] (0.00008230)
[  0  0  3  0  0  1  0  1  0 ] (0.00002440)
[  0  0  3  0  0  1  1  0  0 ] (0.00001223)
[  0  0  3  0  0  2  0  0  0 ] (0.00005177)
[  0  0  3  0  1  0  0  0  0 ] (0.00004752)
[  0  0  3  0  1  0  0  0  1 ] (0.00000951)
[  0  0  3  0  1  0  0  1  0 ] (0.00001062)
[  0  0  3  0  1  0  1  0  0 ] (0.00004710)
[  0  0  3  0  1  1  0  0  0 ] (0.00013878)
[  0  0  3  0  2  0  0  0  0 ] (0.00027850)
[  0  0  3  1  0  0  0  0  0 ] (0.00000838)
[  0  0  3  1  0  0  0  0  1 ] (0.00001279)
[  0  0  3  1  0  0  0  1  0 ] (0.00000753)
[  0  0  3  1  0  0  1  0  0 ] (0.00001189)
[  0  0  3  1  0  1  0  0  0 ] (0.00000326)
[  0  0  3  1  1  0  0  0  0 ] (0.00009727)
[  0  0  3  2  0  0  0  0  0 ] (0.00000169)
[  0  0  4  0  0  0  0  0  0 ] (0.00002854)
[  0  0  4  0  0  0  0  0  1 ] (0.00002146)
[  0  0  4  0  0  0  0  1  0 ] (0.00010095)
[  0  0  4  0  0  0  1  0  0 ] (0.00002172)
[  0  0  4  0  0  1  0  0  0 ] (0.00001123)
[  0  0  4  0  1  0  0  0  0 ] (0.00003292)
[  0  0  4  1  0  0  0  0  0 ] (0.00000217)
[  0  0  5  0  0  0  0  0  0 ] (0.00000002)
[  0  1  0  0  0  0  0  0  0 ] (0.00000386)
[  0  1  0  0  0  0  0  0  1 ] (0.00002864)
[  0  1  0  0  0  0  0  0  2 ] (0.00000948)
[  0  1  0  0  0  0  0  0  3 ] (0.00028206)
[  0  1  0  0  0  0  0  0  4 ] (0.00000519)
[  0  1  0  0  0  0  0  1  0 ] (0.00000881)
[  0  1  0  0  0  0  0  1  1 ] (0.00002608)
[  0  1  0  0  0  0  0  1  2 ] (0.00014242)
[  0  1  0  0  0  0  0  1  3 ] (0.00000009)
[  0  1  0  0  0  0  0  2  0 ] (0.00000044)
[  0  1  0  0  0  0  0  2  1 ] (0.00000005)
[  0  1  0  0  0  0  0  2  2 ] (0.00000051)
[  0  1  0  0  0  0  0  3  0 ] (0.00057365)
[  0  1  0  0  0  0  0  3  1 ] (0.00003117)
[  0  1  0  0  0  0  0  4  0 ] (0.00004061)
[  0  1  0  0  0  0  1  0  0 ] (0.00000650)
[  0  1  0  0  0  0  1  0  1 ] (0.00001971)
[  0  1  0  0  0  0  1  0  2 ] (0.00026160)
[  0  1  0  0  0  0  1  0  3 ] (0.00000011)
[  0  1  0  0  0  0  1  1  0 ] (0.00000151)
[  0  1  0  0  0  0  1  1  1 ] (0.00000003)
[  0  1  0  0  0  0  1  1  2 ] (0.00000245)
[  0  1  0  0  0  0  1  2  0 ] (0.00023467)
[  0  1  0  0  0  0  1  2  1 ] (0.00004081)
[  0  1  0  0  0  0  1  3  0 ] (0.00000517)
[  0  1  0  0  0  0  2  0  0 ] (0.00002556)
[  0  1  0  0  0  0  2  0  1 ] (0.00057968)
[  0  1  0  0  0  0  2  0  2 ] (0.00009225)
[  0  1  0  0  0  0  2  1  0 ] (0.00001338)
[  0  1  0  0  0  0  2  1  1 ] (0.00001272)
[  0  1  0  0  0  0  2  2  0 ] (0.00000417)
[  0  1  0  0  0  0  3  0  0 ] (0.00000002)
[  0  1  0  0  0  0  3  0  1 ] (0.00002469)
[  0  1  0  0  0  0  3  1  0 ] (0.00000070)
[  0  1  0  0  0  0  4  0  0 ] (0.00002476)
[  0  1  0  0  0  1  0  0  0 ] (0.00000106)
[  0  1  0  0  0  1  0  0  1 ] (0.00001087)
[  0  1  0  0  0  1  0  0  2 ] (0.00005639)
[  0  1  0  0  0  1  0  0  3 ] (0.00001432)
[  0  1  0  0  0  1  0  1  0 ] (0.00000545)
[  0  1  0  0  0  1  0  1  1 ] (0.00003968)
[  0  1  0  0  0  1  0  1  2 ] (0.00000006)
[  0  1  0  0  0  1  0  2  0 ] (0.00000639)
[  0  1  0  0  0  1  0  2  1 ] (0.00001197)
[  0  1  0  0  0  1  0  3  0 ] (0.00000399)
[  0  1  0  0  0  1  1  0  0 ] (0.00007201)
[  0  1  0  0  0  1  1  0  1 ] (0.00078587)
[  0  1  0  0  0  1  1  0  2 ] (0.00012168)
[  0  1  0  0  0  1  1  1  0 ] (0.00046194)
[  0  1  0  0  0  1  1  1  1 ] (0.00006081)
[  0  1  0  0  0  1  1  2  0 ] (0.00000264)
[  0  1  0  0  0  1  2  0  0 ] (0.00002600)
[  0  1  0  0  0  1  2  0  1 ] (0.00001198)
[  0  1  0  0  0  1  2  1  0 ] (0.00002915)
[  0  1  0  0  0  1  3  0  0 ] (0.00020761)
[  0  1  0  0  0  2  0  0  0 ] (0.00001471)
[  0  1  0  0  0  2  0  0  1 ] (0.00000902)
[  0  1  0  0  0  2  0  0  2 ] (0.00000100)
[  0  1  0  0  0  2  0  1  0 ] (0.00013948)
[  0  1  0  0  0  2  0  1  1 ] (0.00001291)
[  0  1  0  0  0  2  0  2  0 ] (0.00002127)
[  0  1  0  0  0  2  1  0  0 ] (0.00000007)
[  0  1  0  0  0  2  1  0  1 ] (0.00005168)
[  0  1  0  0  0  2  1  1  0 ] (0.00000937)
[  0  1  0  0  0  2  2  0  0 ] (0.00012591)
[  0  1  0  0  0  3  0  0  0 ] (0.00008291)
[  0  1  0  0  0  3  0  0  1 ] (0.00004715)
[  0  1  0  0  0  3  0  1  0 ] (0.00000095)
[  0  1  0  0  0  3  1  0  0 ] (0.00432209)
[  0  1  0  0  0  4  0  0  0 ] (0.00001847)
[  0  1  0  0  1  0  0  0  0 ] (0.00000054)
[  0  1  0  0  1  0  0  0  1 ] (0.00008246)
[  0  1  0  0  1  0  0  0  2 ] (0.00265191)
[  0  1  0  0  1  0  0  0  3 ] (0.00000040)
[  0  1  0  0  1  0  0  1  0 ] (0.00000204)
[  0  1  0  0  1  0  0  1  1 ] (0.00000140)
[  0  1  0  0  1  0  0  1  2 ] (0.00000048)
[  0  1  0  0  1  0  0  2  0 ] (0.00000199)
[  0  1  0  0  1  0  0  2  1 ] (0.00000026)
[  0  1  0  0  1  0  0  3  0 ] (0.00013941)
[  0  1  0  0  1  0  1  0  0 ] (0.00000079)
[  0  1  0  0  1  0  1  0  1 ] (0.00337067)
[  0  1  0  0  1  0  1  0  2 ] (0.00011282)
[  0  1  0  0  1  0  1  1  0 ] (0.00016195)
[  0  1  0  0  1  0  1  1  1 ] (0.00000171)
[  0  1  0  0  1  0  1  2  0 ] (0.00001449)
[  0  1  0  0  1  0  2  0  0 ] (0.00002674)
[  0  1  0  0  1  0  2  0  1 ] (0.00001849)
[  0  1  0  0  1  0  2  1  0 ] (0.00000246)
[  0  1  0  0  1  0  3  0  0 ] (0.00000368)
[  0  1  0  0  1  1  0  0  0 ] (0.00000436)
[  0  1  0  0  1  1  0  0  1 ] (0.00002483)
[  0  1  0  0  1  1  0  0  2 ] (0.00068352)
[  0  1  0  0  1  1  0  1  0 ] (0.00002176)
[  0  1  0  0  1  1  0  1  1 ] (0.00002044)
[  0  1  0  0  1  1  0  2  0 ] (0.00001601)
[  0  1  0  0  1  1  1  0  0 ] (0.00006604)
[  0  1  0  0  1  1  1  0  1 ] (0.00009225)
[  0  1  0  0  1  1  1  1  0 ] (0.00000001)
[  0  1  0  0  1  1  2  0  0 ] (0.00000001)
[  0  1  0  0  1  2  0  0  0 ] (0.00000119)
[  0  1  0  0  1  2  0  0  1 ] (0.00014419)
[  0  1  0  0  1  2  0  1  0 ] (0.00020044)
[  0  1  0  0  1  2  1  0  0 ] (0.00163977)
[  0  1  0  0  1  3  0  0  0 ] (0.00001512)
[  0  1  0  0  2  0  0  0  0 ] (0.00016849)
[  0  1  0  0  2  0  0  0  1 ] (0.00000115)
[  0  1  0  0  2  0  0  0  2 ] (0.00000555)
[  0  1  0  0  2  0  0  1  0 ] (0.00000662)
[  0  1  0  0  2  0  0  1  1 ] (0.00000005)
[  0  1  0  0  2  0  0  2  0 ] (0.00007080)
[  0  1  0  0  2  0  1  0  0 ] (0.00000183)
[  0  1  0  0  2  0  1  0  1 ] (0.00010844)
[  0  1  0  0  2  0  1  1  0 ] (0.00008427)
[  0  1  0  0  2  0  2  0  0 ] (0.01296353)
[  0  1  0  0  2  1  0  0  0 ] (0.00000562)
[  0  1  0  0  2  1  0  0  1 ] (0.00051297)
[  0  1  0  0  2  1  0  1  0 ] (0.00000893)
[  0  1  0  0  2  1  1  0  0 ] (0.00048708)
[  0  1  0  0  2  2  0  0  0 ] (0.00002738)
[  0  1  0  0  3  0  0  0  0 ] (0.00019648)
[  0  1  0  0  3  0  0  0  1 ] (0.00153827)
[  0  1  0  0  3  0  0  1  0 ] (0.01021217)
[  0  1  0  0  3  0  1  0  0 ] (0.00002963)
[  0  1  0  0  3  1  0  0  0 ] (0.00011245)
[  0  1  0  0  4  0  0  0  0 ] (0.00004124)
[  0  1  0  1  0  0  0  0  0 ] (0.00001107)
[  0  1  0  1  0  0  0  0  1 ] (0.00001967)
[  0  1  0  1  0  0  0  0  2 ] (0.00024462)
[  0  1  0  1  0  0  0  0  3 ] (0.00000313)
[  0  1  0  1  0  0  0  1  0 ] (0.00001805)
[  0  1  0  1  0  0  0  1  1 ] (0.00044234)
[  0  1  0  1  0  0  0  1  2 ] (0.00000133)
[  0  1  0  1  0  0  0  2  0 ] (0.00036208)
[  0  1  0  1  0  0  0  2  1 ] (0.00008155)
[  0  1  0  1  0  0  0  3  0 ] (0.00014837)
[  0  1  0  1  0  0  1  0  0 ] (0.00006889)
[  0  1  0  1  0  0  1  0  1 ] (0.00403196)
[  0  1  0  1  0  0  1  0  2 ] (0.00057559)
[  0  1  0  1  0  0  1  1  0 ] (0.00003608)
[  0  1  0  1  0  0  1  1  1 ] (0.00001388)
[  0  1  0  1  0  0  1  2  0 ] (0.00008691)
[  0  1  0  1  0  0  2  0  0 ] (0.00005362)
[  0  1  0  1  0  0  2  0  1 ] (0.00000433)
[  0  1  0  1  0  0  2  1  0 ] (0.00000489)
[  0  1  0  1  0  0  3  0  0 ] (0.00005449)
[  0  1  0  1  0  1  0  0  0 ] (0.00003604)
[  0  1  0  1  0  1  0  0  1 ] (0.00006317)
[  0  1  0  1  0  1  0  0  2 ] (0.00069841)
[  0  1  0  1  0  1  0  1  0 ] (0.00009213)
[  0  1  0  1  0  1  0  1  1 ] (0.00000694)
[  0  1  0  1  0  1  0  2  0 ] (0.00018849)
[  0  1  0  1  0  1  1  0  0 ] (0.00011149)
[  0  1  0  1  0  1  1  0  1 ] (0.00063051)
[  0  1  0  1  0  1  1  1  0 ] (0.00000002)
[  0  1  0  1  0  1  2  0  0 ] (0.00020817)
[  0  1  0  1  0  2  0  0  0 ] (0.00000043)
[  0  1  0  1  0  2  0  0  1 ] (0.00011764)
[  0  1  0  1  0  2  0  1  0 ] (0.00074142)
[  0  1  0  1  0  2  1  0  0 ] (0.00018102)
[  0  1  0  1  0  3  0  0  0 ] (0.00000002)
[  0  1  0  1  1  0  0  0  0 ] (0.00002350)
[  0  1  0  1  1  0  0  0  1 ] (0.00002688)
[  0  1  0  1  1  0  0  0  2 ] (0.00002815)
[  0  1  0  1  1  0  0  1  0 ] (0.00000571)
[  0  1  0  1  1  0  0  1  1 ] (0.00020611)
[  0  1  0  1  1  0  0  2  0 ] (0.00003114)
[  0  1  0  1  1  0  1  0  0 ] (0.00000576)
[  0  1  0  1  1  0  1  0  1 ] (0.00002953)
[  0  1  0  1  1  0  1  1  0 ] (0.00000316)
[  0  1  0  1  1  0  2  0  0 ] (0.00051962)
[  0  1  0  1  1  1  0  0  0 ] (0.00001914)
[  0  1  0  1  1  1  0  0  1 ] (0.00003313)
[  0  1  0  1  1  1  0  1  0 ] (0.00009548)
[  0  1  0  1  1  1  1  0  0 ] (0.00024874)
[  0  1  0  1  1  2  0  0  0 ] (0.00000183)
[  0  1  0  1  2  0  0  0  0 ] (0.00004062)
[  0  1  0  1  2  0  0  0  1 ] (0.00025272)
[  0  1  0  1  2  0  0  1  0 ] (0.00000173)
[  0  1  0  1  2  0  1  0  0 ] (0.00095161)
[  0  1  0  1  2  1  0  0  0 ] (0.00000573)
[  0  1  0  1  3  0  0  0  0 ] (0.00000802)
[  0  1  0  2  0  0  0  0  0 ] (0.00002542)
[  0  1  0  2  0  0  0  0  1 ] (0.00159894)
[  0  1  0  2  0  0  0  0  2 ] (0.00152312)
[  0  1  0  2  0  0  0  1  0 ] (0.00167704)
[  0  1  0  2  0  0  0  1  1 ] (0.00042929)
[  0  1  0  2  0  0  0  2  0 ] (0.00018014)
[  0  1  0  2  0  0  1  0  0 ] (0.00001054)
[  0  1  0  2  0  0  1  0  1 ] (0.00006497)
[  0  1  0  2  0  0  1  1  0 ] (0.00097342)
[  0  1  0  2  0  0  2  0  0 ] (0.00003033)
[  0  1  0  2  0  1  0  0  0 ] (0.00003095)
[  0  1  0  2  0  1  0  0  1 ] (0.00623635)
[  0  1  0  2  0  1  0  1  0 ] (0.01302706)
[  0  1  0  2  0  1  1  0  0 ] (0.00000588)
[  0  1  0  2  0  2  0  0  0 ] (0.00000170)
[  0  1  0  2  1  0  0  0  0 ] (0.00000188)
[  0  1  0  2  1  0  0  0  1 ] (0.00268820)
[  0  1  0  2  1  0  0  1  0 ] (0.00032742)
[  0  1  0  2  1  0  1  0  0 ] (0.00064354)
[  0  1  0  2  1  1  0  0  0 ] (0.00006573)
[  0  1  0  2  2  0  0  0  0 ] (0.00000008)
[  0  1  0  3  0  0  0  0  0 ] (0.00000721)
[  0  1  0  3  0  0  0  0  1 ] (0.00004726)
[  0  1  0  3  0  0  0  1  0 ] (0.00034786)
[  0  1  0  3  0  0  1  0  0 ] (0.00000311)
[  0  1  0  3  0  1  0  0  0 ] (0.00000359)
[  0  1  0  3  1  0  0  0  0 ] (0.00000312)
[  0  1  0  4  0  0  0  0  0 ] (0.00005138)
[  0  1  1  0  0  0  0  0  0 ] (0.00000025)
[  0  1  1  0  0  0  0  0  1 ] (0.00009513)
[  0  1  1  0  0  0  0  0  2 ] (0.00000925)
[  0  1  1  0  0  0  0  0  3 ] (0.00000181)
[  0  1  1  0  0  0  0  1  0 ] (0.00002222)
[  0  1  1  0  0  0  0  1  1 ] (0.00010342)
[  0  1  1  0  0  0  0  1  2 ] (0.00001083)
[  0  1  1  0  0  0  0  2  0 ] (0.00008513)
[  0  1  1  0  0  0  0  2  1 ] (0.00005168)
[  0  1  1  0  0  0  0  3  0 ] (0.00000461)
[  0  1  1  0  0  0  1  0  0 ] (0.00001659)
[  0  1  1  0  0  0  1  0  1 ] (0.00040944)
[  0  1  1  0  0  0  1  0  2 ] (0.00000184)
[  0  1  1  0  0  0  1  1  0 ] (0.00036221)
[  0  1  1  0  0  0  1  1  1 ] (0.00008678)
[  0  1  1  0  0  0  1  2  0 ] (0.00003715)
[  0  1  1  0  0  0  2  0  0 ] (0.00002472)
[  0  1  1  0  0  0  2  0  1 ] (0.00007897)
[  0  1  1  0  0  0  2  1  0 ] (0.00007934)
[  0  1  1  0  0  0  3  0  0 ] (0.00006611)
[  0  1  1  0  0  1  0  0  0 ] (0.00000671)
[  0  1  1  0  0  1  0  0  1 ] (0.00078838)
[  0  1  1  0  0  1  0  0  2 ] (0.00003673)
[  0  1  1  0  0  1  0  1  0 ] (0.00021677)
[  0  1  1  0  0  1  0  1  1 ] (0.00001963)
[  0  1  1  0  0  1  0  2  0 ] (0.00019279)
[  0  1  1  0  0  1  1  0  0 ] (0.00001563)
[  0  1  1  0  0  1  1  0  1 ] (0.00003595)
[  0  1  1  0  0  1  1  1  0 ] (0.00001772)
[  0  1  1  0  0  1  2  0  0 ] (0.00006190)
[  0  1  1  0  0  2  0  0  0 ] (0.00002080)
[  0  1  1  0  0  2  0  0  1 ] (0.00656924)
[  0  1  1  0  0  2  0  1  0 ] (0.02607299)
[  0  1  1  0  0  2  1  0  0 ] (0.00007057)
[  0  1  1  0  0  3  0  0  0 ] (0.00000343)
[  0  1  1  0  1  0  0  0  0 ] (0.00000351)
[  0  1  1  0  1  0  0  0  1 ] (0.00003816)
[  0  1  1  0  1  0  0  0  2 ] (0.00000454)
[  0  1  1  0  1  0  0  1  0 ] (0.00000746)
[  0  1  1  0  1  0  0  1  1 ] (0.00001802)
[  0  1  1  0  1  0  0  2  0 ] (0.00002029)
[  0  1  1  0  1  0  1  0  0 ] (0.00000712)
[  0  1  1  0  1  0  1  0  1 ] (0.00047567)
[  0  1  1  0  1  0  1  1  0 ] (0.00000956)
[  0  1  1  0  1  0  2  0  0 ] (0.00108418)
[  0  1  1  0  1  1  0  0  0 ] (0.00001748)
[  0  1  1  0  1  1  0  0  1 ] (0.00012643)
[  0  1  1  0  1  1  0  1  0 ] (0.00002173)
[  0  1  1  0  1  1  1  0  0 ] (0.00129877)
[  0  1  1  0  1  2  0  0  0 ] (0.00005147)
[  0  1  1  0  2  0  0  0  0 ] (0.00010869)
[  0  1  1  0  2  0  0  0  1 ] (0.00289525)
[  0  1  1  0  2  0  0  1  0 ] (0.00002727)
[  0  1  1  0  2  0  1  0  0 ] (0.00094650)
[  0  1  1  0  2  1  0  0  0 ] (0.00012002)
[  0  1  1  0  3  0  0  0  0 ] (0.00000041)
[  0  1  1  1  0  0  0  0  0 ] (0.00002234)
[  0  1  1  1  0  0  0  0  1 ] (0.00006425)
[  0  1  1  1  0  0  0  0  2 ] (0.00001289)
[  0  1  1  1  0  0  0  1  0 ] (0.00002675)
[  0  1  1  1  0  0  0  1  1 ] (0.00003556)
[  0  1  1  1  0  0  0  2  0 ] (0.00009361)
[  0  1  1  1  0  0  1  0  0 ] (0.00012052)
[  0  1  1  1  0  0  1  0  1 ] (0.00006635)
[  0  1  1  1  0  0  1  1  0 ] (0.00006822)
[  0  1  1  1  0  0  2  0  0 ] (0.00036502)
[  0  1  1  1  0  1  0  0  0 ] (0.00005507)
[  0  1  1  1  0  1  0  0  1 ] (0.00004500)
[  0  1  1  1  0  1  0  1  0 ] (0.00037000)
[  0  1  1  1  0  1  1  0  0 ] (0.00121615)
[  0  1  1  1  0  2  0  0  0 ] (0.00000617)
[  0  1  1  1  1  0  0  0  0 ] (0.00012424)
[  0  1  1  1  1  0  0  0  1 ] (0.00045332)
[  0  1  1  1  1  0  0  1  0 ] (0.00072384)
[  0  1  1  1  1  0  1  0  0 ] (0.00060746)
[  0  1  1  1  1  1  0  0  0 ] (0.00021299)
[  0  1  1  1  2  0  0  0  0 ] (0.00018724)
[  0  1  1  2  0  0  0  0  0 ] (0.00003843)
[  0  1  1  2  0  0  0  0  1 ] (0.00091166)
[  0  1  1  2  0  0  0  1  0 ] (0.00255928)
[  0  1  1  2  0  0  1  0  0 ] (0.00002348)
[  0  1  1  2  0  1  0  0  0 ] (0.00000575)
[  0  1  1  2  1  0  0  0  0 ] (0.00022217)
[  0  1  1  3  0  0  0  0  0 ] (0.00000103)
[  0  1  2  0  0  0  0  0  0 ] (0.00000452)
[  0  1  2  0  0  0  0  0  1 ] (0.00003600)
[  0  1  2  0  0  0  0  0  2 ] (0.00116369)
[  0  1  2  0  0  0  0  1  0 ] (0.00006205)
[  0  1  2  0  0  0  0  1  1 ] (0.00011990)
[  0  1  2  0  0  0  0  2  0 ] (0.00182371)
[  0  1  2  0  0  0  1  0  0 ] (0.00000002)
[  0  1  2  0  0  0  1  0  1 ] (0.00000314)
[  0  1  2  0  0  0  1  1  0 ] (0.00026996)
[  0  1  2  0  0  0  2  0  0 ] (0.00000257)
[  0  1  2  0  0  1  0  0  0 ] (0.00000667)
[  0  1  2  0  0  1  0  0  1 ] (0.00001915)
[  0  1  2  0  0  1  0  1  0 ] (0.00024847)
[  0  1  2  0  0  1  1  0  0 ] (0.00000469)
[  0  1  2  0  0  2  0  0  0 ] (0.00000128)
[  0  1  2  0  1  0  0  0  0 ] (0.00001694)
[  0  1  2  0  1  0  0  0  1 ] (0.00041312)
[  0  1  2  0  1  0  0  1  0 ] (0.00023081)
[  0  1  2  0  1  0  1  0  0 ] (0.00006239)
[  0  1  2  0  1  1  0  0  0 ] (0.00000009)
[  0  1  2  0  2  0  0  0  0 ] (0.00008535)
[  0  1  2  1  0  0  0  0  0 ] (0.00000460)
[  0  1  2  1  0  0  0  0  1 ] (0.00001314)
[  0  1  2  1  0  0  0  1  0 ] (0.00009564)
[  0  1  2  1  0  0  1  0  0 ] (0.00002618)
[  0  1  2  1  0  1  0  0  0 ] (0.00000103)
[  0  1  2  1  1  0  0  0  0 ] (0.00002599)
[  0  1  2  2  0  0  0  0  0 ] (0.00000279)
[  0  1  3  0  0  0  0  0  0 ] (0.00001537)
[  0  1  3  0  0  0  0  0  1 ] (0.00000016)
[  0  1  3  0  0  0  0  1  0 ] (0.00001190)
[  0  1  3  0  0  0  1  0  0 ] (0.00001728)
[  0  1  3  0  0  1  0  0  0 ] (0.00005175)
[  0  1  3  0  1  0  0  0  0 ] (0.00000179)
[  0  1  3  1  0  0  0  0  0 ] (0.00000838)
[  0  1  4  0  0  0  0  0  0 ] (0.00000003)
[  0  2  0  0  0  0  0  0  0 ] (0.00000071)
[  0  2  0  0  0  0  0  0  1 ] (0.00001773)
[  0  2  0  0  0  0  0  0  2 ] (0.00002897)
[  0  2  0  0  0  0  0  0  3 ] (0.00006088)
[  0  2  0  0  0  0  0  1  0 ] (0.00026403)
[  0  2  0  0  0  0  0  1  1 ] (0.00174473)
[  0  2  0  0  0  0  0  1  2 ] (0.00027036)
[  0  2  0  0  0  0  0  2  0 ] (0.00000212)
[  0  2  0  0  0  0  0  2  1 ] (0.00000323)
[  0  2  0  0  0  0  0  3  0 ] (0.00000000)
[  0  2  0  0  0  0  1  0  0 ] (0.00000451)
[  0  2  0  0  0  0  1  0  1 ] (0.00002423)
[  0  2  0  0  0  0  1  0  2 ] (0.00013415)
[  0  2  0  0  0  0  1  1  0 ] (0.00011208)
[  0  2  0  0  0  0  1  1  1 ] (0.00010285)
[  0  2  0  0  0  0  1  2  0 ] (0.00000240)
[  0  2  0  0  0  0  2  0  0 ] (0.00001240)
[  0  2  0  0  0  0  2  0  1 ] (0.00016693)
[  0  2  0  0  0  0  2  1  0 ] (0.00006443)
[  0  2  0  0  0  0  3  0  0 ] (0.00004210)
[  0  2  0  0  0  1  0  0  0 ] (0.00000124)
[  0  2  0  0  0  1  0  0  1 ] (0.00007002)
[  0  2  0  0  0  1  0  0  2 ] (0.00342319)
[  0  2  0  0  0  1  0  1  0 ] (0.00000044)
[  0  2  0  0  0  1  0  1  1 ] (0.00009881)
[  0  2  0  0  0  1  0  2  0 ] (0.00000043)
[  0  2  0  0  0  1  1  0  0 ] (0.00000153)
[  0  2  0  0  0  1  1  0  1 ] (0.00010710)
[  0  2  0  0  0  1  1  1  0 ] (0.00000343)
[  0  2  0  0  0  1  2  0  0 ] (0.00000343)
[  0  2  0  0  0  2  0  0  0 ] (0.00000231)
[  0  2  0  0  0  2  0  0  1 ] (0.00000987)
[  0  2  0  0  0  2  0  1  0 ] (0.00000543)
[  0  2  0  0  0  2  1  0  0 ] (0.00000004)
[  0  2  0  0  0  3  0  0  0 ] (0.00000581)
[  0  2  0  0  1  0  0  0  0 ] (0.00000900)
[  0  2  0  0  1  0  0  0  1 ] (0.00013363)
[  0  2  0  0  1  0  0  0  2 ] (0.00008619)
[  0  2  0  0  1  0  0  1  0 ] (0.00000012)
[  0  2  0  0  1  0  0  1  1 ] (0.00000377)
[  0  2  0  0  1  0  0  2  0 ] (0.00047648)
[  0  2  0  0  1  0  1  0  0 ] (0.00000000)
[  0  2  0  0  1  0  1  0  1 ] (0.00019878)
[  0  2  0  0  1  0  1  1  0 ] (0.00000549)
[  0  2  0  0  1  0  2  0  0 ] (0.00001426)
[  0  2  0  0  1  1  0  0  0 ] (0.00002663)
[  0  2  0  0  1  1  0  0  1 ] (0.00076892)
[  0  2  0  0  1  1  0  1  0 ] (0.00003990)
[  0  2  0  0  1  1  1  0  0 ] (0.00001713)
[  0  2  0  0  1  2  0  0  0 ] (0.00001328)
[  0  2  0  0  2  0  0  0  0 ] (0.00015934)
[  0  2  0  0  2  0  0  0  1 ] (0.00163101)
[  0  2  0  0  2  0  0  1  0 ] (0.00405693)
[  0  2  0  0  2  0  1  0  0 ] (0.00007562)
[  0  2  0  0  2  1  0  0  0 ] (0.00006643)
[  0  2  0  0  3  0  0  0  0 ] (0.00005015)
[  0  2  0  1  0  0  0  0  0 ] (0.00000761)
[  0  2  0  1  0  0  0  0  1 ] (0.00064089)
[  0  2  0  1  0  0  0  0  2 ] (0.02247755)
[  0  2  0  1  0  0  0  1  0 ] (0.00000642)
[  0  2  0  1  0  0  0  1  1 ] (0.00018440)
[  0  2  0  1  0  0  0  2  0 ] (0.01581339)
[  0  2  0  1  0  0  1  0  0 ] (0.00000084)
[  0  2  0  1  0  0  1  0  1 ] (0.00017653)
[  0  2  0  1  0  0  1  1  0 ] (0.00010529)
[  0  2  0  1  0  0  2  0  0 ] (0.00022552)
[  0  2  0  1  0  1  0  0  0 ] (0.00002086)
[  0  2  0  1  0  1  0  0  1 ] (0.00082689)
[  0  2  0  1  0  1  0  1  0 ] (0.00051330)
[  0  2  0  1  0  1  1  0  0 ] (0.00000021)
[  0  2  0  1  0  2  0  0  0 ] (0.00001493)
[  0  2  0  1  1  0  0  0  0 ] (0.00086152)
[  0  2  0  1  1  0  0  0  1 ] (0.02295830)
[  0  2  0  1  1  0  0  1  0 ] (0.00928599)
[  0  2  0  1  1  0  1  0  0 ] (0.00374306)
[  0  2  0  1  1  1  0  0  0 ] (0.00033930)
[  0  2  0  1  2  0  0  0  0 ] (0.00007577)
[  0  2  0  2  0  0  0  0  0 ] (0.00000933)
[  0  2  0  2  0  0  0  0  1 ] (0.00006287)
[  0  2  0  2  0  0  0  1  0 ] (0.00000167)
[  0  2  0  2  0  0  1  0  0 ] (0.00002454)
[  0  2  0  2  0  1  0  0  0 ] (0.00000785)
[  0  2  0  2  1  0  0  0  0 ] (0.00000046)
[  0  2  0  3  0  0  0  0  0 ] (0.00000128)
[  0  2  1  0  0  0  0  0  0 ] (0.00001046)
[  0  2  1  0  0  0  0  0  1 ] (0.00027823)
[  0  2  1  0  0  0  0  0  2 ] (0.00019886)
[  0  2  1  0  0  0  0  1  0 ] (0.00000297)
[  0  2  1  0  0  0  0  1  1 ] (0.00000594)
[  0  2  1  0  0  0  0  2  0 ] (0.01309930)
[  0  2  1  0  0  0  1  0  0 ] (0.00000096)
[  0  2  1  0  0  0  1  0  1 ] (0.00009609)
[  0  2  1  0  0  0  1  1  0 ] (0.00011492)
[  0  2  1  0  0  0  2  0  0 ] (0.00000037)
[  0  2  1  0  0  1  0  0  0 ] (0.00002092)
[  0  2  1  0  0  1  0  0  1 ] (0.00070400)
[  0  2  1  0  0  1  0  1  0 ] (0.00015877)
[  0  2  1  0  0  1  1  0  0 ] (0.00002859)
[  0  2  1  0  0  2  0  0  0 ] (0.00000454)
[  0  2  1  0  1  0  0  0  0 ] (0.00002020)
[  0  2  1  0  1  0  0  0  1 ] (0.00054230)
[  0  2  1  0  1  0  0  1  0 ] (0.00040119)
[  0  2  1  0  1  0  1  0  0 ] (0.00002356)
[  0  2  1  0  1  1  0  0  0 ] (0.00001794)
[  0  2  1  0  2  0  0  0  0 ] (0.00008252)
[  0  2  1  1  0  0  0  0  0 ] (0.00000724)
[  0  2  1  1  0  0  0  0  1 ] (0.00010771)
[  0  2  1  1  0  0  0  1  0 ] (0.00001581)
[  0  2  1  1  0  0  1  0  0 ] (0.00000526)
[  0  2  1  1  0  1  0  0  0 ] (0.00000034)
[  0  2  1  1  1  0  0  0  0 ] (0.00005166)
[  0  2  1  2  0  0  0  0  0 ] (0.00001381)
[  0  2  2  0  0  0  0  0  0 ] (0.00000021)
[  0  2  2  0  0  0  0  0  1 ] (0.00000090)
[  0  2  2  0  0  0  0  1  0 ] (0.00001418)
[  0  2  2  0  0  0  1  0  0 ] (0.00000010)
[  0  2  2  0  0  1  0  0  0 ] (0.00000030)
[  0  2  2  0  1  0  0  0  0 ] (0.00000185)
[  0  2  2  1  0  0  0  0  0 ] (0.00000094)
[  0  2  3  0  0  0  0  0  0 ] (0.00000058)
[  0  3  0  0  0  0  0  0  0 ] (0.00000030)
[  0  3  0  0  0  0  0  0  1 ] (0.00000973)
[  0  3  0  0  0  0  0  0  2 ] (0.00002932)
[  0  3  0  0  0  0  0  1  0 ] (0.00000468)
[  0  3  0  0  0  0  0  1  1 ] (0.00003130)
[  0  3  0  0  0  0  0  2  0 ] (0.00000067)
[  0  3  0  0  0  0  1  0  0 ] (0.00000617)
[  0  3  0  0  0  0  1  0  1 ] (0.00015726)
[  0  3  0  0  0  0  1  1  0 ] (0.00021021)
[  0  3  0  0  0  0  2  0  0 ] (0.00001697)
[  0  3  0  0  0  1  0  0  0 ] (0.00000048)
[  0  3  0  0  0  1  0  0  1 ] (0.00001794)
[  0  3  0  0  0  1  0  1  0 ] (0.00001602)
[  0  3  0  0  0  1  1  0  0 ] (0.00002017)
[  0  3  0  0  0  2  0  0  0 ] (0.00001584)
[  0  3  0  0  1  0  0  0  0 ] (0.00000007)
[  0  3  0  0  1  0  0  0  1 ] (0.00001004)
[  0  3  0  0  1  0  0  1  0 ] (0.00010303)
[  0  3  0  0  1  0  1  0  0 ] (0.00002299)
[  0  3  0  0  1  1  0  0  0 ] (0.00000168)
[  0  3  0  0  2  0  0  0  0 ] (0.00001980)
[  0  3  0  1  0  0  0  0  0 ] (0.00000059)
[  0  3  0  1  0  0  0  0  1 ] (0.00004539)
[  0  3  0  1  0  0  0  1  0 ] (0.00000301)
[  0  3  0  1  0  0  1  0  0 ] (0.00000004)
[  0  3  0  1  0  1  0  0  0 ] (0.00001347)
[  0  3  0  1  1  0  0  0  0 ] (0.00000074)
[  0  3  0  2  0  0  0  0  0 ] (0.00001007)
[  0  3  1  0  0  0  0  0  0 ] (0.00000222)
[  0  3  1  0  0  0  0  0  1 ] (0.00009955)
[  0  3  1  0  0  0  0  1  0 ] (0.00003922)
[  0  3  1  0  0  0  1  0  0 ] (0.00000300)
[  0  3  1  0  0  1  0  0  0 ] (0.00000238)
[  0  3  1  0  1  0  0  0  0 ] (0.00000171)
[  0  3  1  1  0  0  0  0  0 ] (0.00000229)
[  0  3  2  0  0  0  0  0  0 ] (0.00000031)
[  0  4  0  0  0  0  0  0  0 ] (0.00000256)
[  0  4  0  0  0  0  0  0  1 ] (0.00003215)
[  0  4  0  0  0  0  0  1  0 ] (0.00017466)
[  0  4  0  0  0  0  1  0  0 ] (0.00000018)
[  0  4  0  0  0  1  0  0  0 ] (0.00000143)
[  0  4  0  0  1  0  0  0  0 ] (0.00001053)
[  0  4  0  1  0  0  0  0  0 ] (0.00001186)
[  0  4  1  0  0  0  0  0  0 ] (0.00000416)
[  0  5  0  0  0  0  0  0  0 ] (0.00000015)
[  1  0  0  0  0  0  0  0  0 ] (0.00000003)
[  1  0  0  0  0  0  0  0  1 ] (0.00000096)
[  1  0  0  0  0  0  0  0  2 ] (0.00001478)
[  1  0  0  0  0  0  0  0  3 ] (0.00011083)
[  1  0  0  0  0  0  0  0  4 ] (0.00000132)
[  1  0  0  0  0  0  0  1  0 ] (0.00000397)
[  1  0  0  0  0  0  0  1  1 ] (0.00000438)
[  1  0  0  0  0  0  0  1  2 ] (0.00000032)
[  1  0  0  0  0  0  0  1  3 ] (0.00000013)
[  1  0  0  0  0  0  0  2  0 ] (0.00000179)
[  1  0  0  0  0  0  0  2  1 ] (0.00000057)
[  1  0  0  0  0  0  0  2  2 ] (0.00000113)
[  1  0  0  0  0  0  0  3  0 ] (0.00000081)
[  1  0  0  0  0  0  0  3  1 ] (0.00000076)
[  1  0  0  0  0  0  0  4  0 ] (0.00000689)
[  1  0  0  0  0  0  1  0  0 ] (0.00000041)
[  1  0  0  0  0  0  1  0  1 ] (0.00001449)
[  1  0  0  0  0  0  1  0  2 ] (0.00109506)
[  1  0  0  0  0  0  1  0  3 ] (0.00001149)
[  1  0  0  0  0  0  1  1  0 ] (0.00003283)
[  1  0  0  0  0  0  1  1  1 ] (0.00009015)
[  1  0  0  0  0  0  1  1  2 ] (0.00000012)
[  1  0  0  0  0  0  1  2  0 ] (0.00000850)
[  1  0  0  0  0  0  1  2  1 ] (0.00000160)
[  1  0  0  0  0  0  1  3  0 ] (0.00000844)
[  1  0  0  0  0  0  2  0  0 ] (0.00003222)
[  1  0  0  0  0  0  2  0  1 ] (0.00017526)
[  1  0  0  0  0  0  2  0  2 ] (0.00004803)
[  1  0  0  0  0  0  2  1  0 ] (0.00001653)
[  1  0  0  0  0  0  2  1  1 ] (0.00000009)
[  1  0  0  0  0  0  2  2  0 ] (0.00001546)
[  1  0  0  0  0  0  3  0  0 ] (0.00012469)
[  1  0  0  0  0  0  3  0  1 ] (0.00000597)
[  1  0  0  0  0  0  3  1  0 ] (0.00000064)
[  1  0  0  0  0  0  4  0  0 ] (0.00004328)
[  1  0  0  0  0  1  0  0  0 ] (0.00000007)
[  1  0  0  0  0  1  0  0  1 ] (0.00002844)
[  1  0  0  0  0  1  0  0  2 ] (0.00011335)
[  1  0  0  0  0  1  0  0  3 ] (0.00000354)
[  1  0  0  0  0  1  0  1  0 ] (0.00015096)
[  1  0  0  0  0  1  0  1  1 ] (0.00152795)
[  1  0  0  0  0  1  0  1  2 ] (0.00003481)
[  1  0  0  0  0  1  0  2  0 ] (0.00004210)
[  1  0  0  0  0  1  0  2  1 ] (0.00001639)
[  1  0  0  0  0  1  0  3  0 ] (0.00000024)
[  1  0  0  0  0  1  1  0  0 ] (0.00000238)
[  1  0  0  0  0  1  1  0  1 ] (0.00001871)
[  1  0  0  0  0  1  1  0  2 ] (0.00017381)
[  1  0  0  0  0  1  1  1  0 ] (0.00035650)
[  1  0  0  0  0  1  1  1  1 ] (0.00000103)
[  1  0  0  0  0  1  1  2  0 ] (0.00000610)
[  1  0  0  0  0  1  2  0  0 ] (0.00000662)
[  1  0  0  0  0  1  2  0  1 ] (0.00000022)
[  1  0  0  0  0  1  2  1  0 ] (0.00007544)
[  1  0  0  0  0  1  3  0  0 ] (0.00004022)
[  1  0  0  0  0  2  0  0  0 ] (0.00000002)
[  1  0  0  0  0  2  0  0  1 ] (0.00001703)
[  1  0  0  0  0  2  0  0  2 ] (0.00002076)
[  1  0  0  0  0  2  0  1  0 ] (0.00001663)
[  1  0  0  0  0  2  0  1  1 ] (0.00004125)
[  1  0  0  0  0  2  0  2  0 ] (0.00131388)
[  1  0  0  0  0  2  1  0  0 ] (0.00000006)
[  1  0  0  0  0  2  1  0  1 ] (0.00000979)
[  1  0  0  0  0  2  1  1  0 ] (0.00008869)
[  1  0  0  0  0  2  2  0  0 ] (0.00007623)
[  1  0  0  0  0  3  0  0  0 ] (0.00000507)
[  1  0  0  0  0  3  0  0  1 ] (0.00053804)
[  1  0  0  0  0  3  0  1  0 ] (0.01546940)
[  1  0  0  0  0  3  1  0  0 ] (0.00015927)
[  1  0  0  0  0  4  0  0  0 ] (0.00002112)
[  1  0  0  0  1  0  0  0  0 ] (0.00000704)
[  1  0  0  0  1  0  0  0  1 ] (0.00001691)
[  1  0  0  0  1  0  0  0  2 ] (0.00004107)
[  1  0  0  0  1  0  0  0  3 ] (0.00000485)
[  1  0  0  0  1  0  0  1  0 ] (0.00000772)
[  1  0  0  0  1  0  0  1  1 ] (0.00057886)
[  1  0  0  0  1  0  0  1  2 ] (0.00000647)
[  1  0  0  0  1  0  0  2  0 ] (0.00004739)
[  1  0  0  0  1  0  0  2  1 ] (0.00001267)
[  1  0  0  0  1  0  0  3  0 ] (0.00015030)
[  1  0  0  0  1  0  1  0  0 ] (0.00001504)
[  1  0  0  0  1  0  1  0  1 ] (0.00040752)
[  1  0  0  0  1  0  1  0  2 ] (0.00005121)
[  1  0  0  0  1  0  1  1  0 ] (0.00323286)
[  1  0  0  0  1  0  1  1  1 ] (0.00024138)
[  1  0  0  0  1  0  1  2  0 ] (0.00001699)
[  1  0  0  0  1  0  2  0  0 ] (0.00010404)
[  1  0  0  0  1  0  2  0  1 ] (0.00012999)
[  1  0  0  0  1  0  2  1  0 ] (0.00012674)
[  1  0  0  0  1  0  3  0  0 ] (0.00006071)
[  1  0  0  0  1  1  0  0  0 ] (0.00000119)
[  1  0  0  0  1  1  0  0  1 ] (0.00011041)
[  1  0  0  0  1  1  0  0  2 ] (0.00014914)
[  1  0  0  0  1  1  0  1  0 ] (0.00022214)
[  1  0  0  0  1  1  0  1  1 ] (0.00027844)
[  1  0  0  0  1  1  0  2  0 ] (0.00050831)
[  1  0  0  0  1  1  1  0  0 ] (0.00027963)
[  1  0  0  0  1  1  1  0  1 ] (0.00014107)
[  1  0  0  0  1  1  1  1  0 ] (0.00002924)
[  1  0  0  0  1  1  2  0  0 ] (0.00203802)
[  1  0  0  0  1  2  0  0  0 ] (0.00003049)
[  1  0  0  0  1  2  0  0  1 ] (0.00474680)
[  1  0  0  0  1  2  0  1  0 ] (0.00020439)
[  1  0  0  0  1  2  1  0  0 ] (0.00098963)
[  1  0  0  0  1  3  0  0  0 ] (0.00011344)
[  1  0  0  0  2  0  0  0  0 ] (0.00012302)
[  1  0  0  0  2  0  0  0  1 ] (0.00079036)
[  1  0  0  0  2  0  0  0  2 ] (0.00101651)
[  1  0  0  0  2  0  0  1  0 ] (0.00302298)
[  1  0  0  0  2  0  0  1  1 ] (0.00105579)
[  1  0  0  0  2  0  0  2  0 ] (0.00002516)
[  1  0  0  0  2  0  1  0  0 ] (0.00000254)
[  1  0  0  0  2  0  1  0  1 ] (0.00023922)
[  1  0  0  0  2  0  1  1  0 ] (0.00099147)
[  1  0  0  0  2  0  2  0  0 ] (0.00014934)
[  1  0  0  0  2  1  0  0  0 ] (0.00019847)
[  1  0  0  0  2  1  0  0  1 ] (0.00666784)
[  1  0  0  0  2  1  0  1  0 ] (0.05763067)
[  1  0  0  0  2  1  1  0  0 ] (0.00000530)
[  1  0  0  0  2  2  0  0  0 ] (0.00005562)
[  1  0  0  0  3  0  0  0  0 ] (0.00001612)
[  1  0  0  0  3  0  0  0  1 ] (0.00020661)
[  1  0  0  0  3  0  0  1  0 ] (0.00081089)
[  1  0  0  0  3  0  1  0  0 ] (0.00007909)
[  1  0  0  0  3  1  0  0  0 ] (0.00000011)
[  1  0  0  0  4  0  0  0  0 ] (0.00000495)
[  1  0  0  1  0  0  0  0  0 ] (0.00004027)
[  1  0  0  1  0  0  0  0  1 ] (0.00050851)
[  1  0  0  1  0  0  0  0  2 ] (0.00046740)
[  1  0  0  1  0  0  0  0  3 ] (0.00008978)
[  1  0  0  1  0  0  0  1  0 ] (0.00058008)
[  1  0  0  1  0  0  0  1  1 ] (0.00958922)
[  1  0  0  1  0  0  0  1  2 ] (0.00069332)
[  1  0  0  1  0  0  0  2  0 ] (0.00000028)
[  1  0  0  1  0  0  0  2  1 ] (0.00001405)
[  1  0  0  1  0  0  0  3  0 ] (0.00001208)
[  1  0  0  1  0  0  1  0  0 ] (0.00000065)
[  1  0  0  1  0  0  1  0  1 ] (0.00000365)
[  1  0  0  1  0  0  1  0  2 ] (0.00007263)
[  1  0  0  1  0  0  1  1  0 ] (0.00023830)
[  1  0  0  1  0  0  1  1  1 ] (0.00038082)
[  1  0  0  1  0  0  1  2  0 ] (0.00008235)
[  1  0  0  1  0  0  2  0  0 ] (0.00000623)
[  1  0  0  1  0  0  2  0  1 ] (0.00013437)
[  1  0  0  1  0  0  2  1  0 ] (0.00029271)
[  1  0  0  1  0  0  3  0  0 ] (0.00267539)
[  1  0  0  1  0  1  0  0  0 ] (0.00001315)
[  1  0  0  1  0  1  0  0  1 ] (0.00063056)
[  1  0  0  1  0  1  0  0  2 ] (0.00449321)
[  1  0  0  1  0  1  0  1  0 ] (0.00017347)
[  1  0  0  1  0  1  0  1  1 ] (0.00086940)
[  1  0  0  1  0  1  0  2  0 ] (0.00115231)
[  1  0  0  1  0  1  1  0  0 ] (0.00000048)
[  1  0  0  1  0  1  1  0  1 ] (0.00006148)
[  1  0  0  1  0  1  1  1  0 ] (0.00002583)
[  1  0  0  1  0  1  2  0  0 ] (0.00003220)
[  1  0  0  1  0  2  0  0  0 ] (0.00014311)
[  1  0  0  1  0  2  0  0  1 ] (0.00530204)
[  1  0  0  1  0  2  0  1  0 ] (0.00297026)
[  1  0  0  1  0  2  1  0  0 ] (0.00002437)
[  1  0  0  1  0  3  0  0  0 ] (0.00009018)
[  1  0  0  1  1  0  0  0  0 ] (0.00002893)
[  1  0  0  1  1  0  0  0  1 ] (0.00001876)
[  1  0  0  1  1  0  0  0  2 ] (0.00011711)
[  1  0  0  1  1  0  0  1  0 ] (0.00011103)
[  1  0  0  1  1  0  0  1  1 ] (0.00023961)
[  1  0  0  1  1  0  0  2  0 ] (0.00030984)
[  1  0  0  1  1  0  1  0  0 ] (0.00001591)
[  1  0  0  1  1  0  1  0  1 ] (0.00031031)
[  1  0  0  1  1  0  1  1  0 ] (0.00009873)
[  1  0  0  1  1  0  2  0  0 ] (0.00033996)
[  1  0  0  1  1  1  0  0  0 ] (0.00003469)
[  1  0  0  1  1  1  0  0  1 ] (0.00002961)
[  1  0  0  1  1  1  0  1  0 ] (0.00275473)
[  1  0  0  1  1  1  1  0  0 ] (0.00084589)
[  1  0  0  1  1  2  0  0  0 ] (0.00000322)
[  1  0  0  1  2  0  0  0  0 ] (0.00027165)
[  1  0  0  1  2  0  0  0  1 ] (0.00654238)
[  1  0  0  1  2  0  0  1  0 ] (0.01703462)
[  1  0  0  1  2  0  1  0  0 ] (0.00187152)
[  1  0  0  1  2  1  0  0  0 ] (0.00000335)
[  1  0  0  1  3  0  0  0  0 ] (0.00005387)
[  1  0  0  2  0  0  0  0  0 ] (0.00001807)
[  1  0  0  2  0  0  0  0  1 ] (0.00022738)
[  1  0  0  2  0  0  0  0  2 ] (0.00110790)
[  1  0  0  2  0  0  0  1  0 ] (0.00009493)
[  1  0  0  2  0  0  0  1  1 ] (0.00000398)
[  1  0  0  2  0  0  0  2  0 ] (0.00031589)
[  1  0  0  2  0  0  1  0  0 ] (0.00001451)
[  1  0  0  2  0  0  1  0  1 ] (0.00000515)
[  1  0  0  2  0  0  1  1  0 ] (0.00038615)
[  1  0  0  2  0  0  2  0  0 ] (0.00003846)
[  1  0  0  2  0  1  0  0  0 ] (0.00004745)
[  1  0  0  2  0  1  0  0  1 ] (0.00077229)
[  1  0  0  2  0  1  0  1  0 ] (0.00068885)
[  1  0  0  2  0  1  1  0  0 ] (0.00000070)
[  1  0  0  2  0  2  0  0  0 ] (0.00001281)
[  1  0  0  2  1  0  0  0  0 ] (0.00000237)
[  1  0  0  2  1  0  0  0  1 ] (0.00028689)
[  1  0  0  2  1  0  0  1  0 ] (0.00004116)
[  1  0  0  2  1  0  1  0  0 ] (0.00015012)
[  1  0  0  2  1  1  0  0  0 ] (0.00000241)
[  1  0  0  2  2  0  0  0  0 ] (0.00001916)
[  1  0  0  3  0  0  0  0  0 ] (0.00004132)
[  1  0  0  3  0  0  0  0  1 ] (0.00001198)
[  1  0  0  3  0  0  0  1  0 ] (0.00048061)
[  1  0  0  3  0  0  1  0  0 ] (0.00000234)
[  1  0  0  3  0  1  0  0  0 ] (0.00000205)
[  1  0  0  3  1  0  0  0  0 ] (0.00000046)
[  1  0  0  4  0  0  0  0  0 ] (0.00003041)
[  1  0  1  0  0  0  0  0  0 ] (0.00000269)
[  1  0  1  0  0  0  0  0  1 ] (0.00001856)
[  1  0  1  0  0  0  0  0  2 ] (0.00000255)
[  1  0  1  0  0  0  0  0  3 ] (0.00002009)
[  1  0  1  0  0  0  0  1  0 ] (0.00001617)
[  1  0  1  0  0  0  0  1  1 ] (0.00168764)
[  1  0  1  0  0  0  0  1  2 ] (0.00018321)
[  1  0  1  0  0  0  0  2  0 ] (0.00000605)
[  1  0  1  0  0  0  0  2  1 ] (0.00001510)
[  1  0  1  0  0  0  0  3  0 ] (0.00007626)
[  1  0  1  0  0  0  1  0  0 ] (0.00000681)
[  1  0  1  0  0  0  1  0  1 ] (0.00017488)
[  1  0  1  0  0  0  1  0  2 ] (0.00009553)
[  1  0  1  0  0  0  1  1  0 ] (0.00000005)
[  1  0  1  0  0  0  1  1  1 ] (0.00007874)
[  1  0  1  0  0  0  1  2  0 ] (0.00000091)
[  1  0  1  0  0  0  2  0  0 ] (0.00000067)
[  1  0  1  0  0  0  2  0  1 ] (0.00000197)
[  1  0  1  0  0  0  2  1  0 ] (0.00001185)
[  1  0  1  0  0  0  3  0  0 ] (0.00002030)
[  1  0  1  0  0  1  0  0  0 ] (0.00000583)
[  1  0  1  0  0  1  0  0  1 ] (0.00000792)
[  1  0  1  0  0  1  0  0  2 ] (0.00060128)
[  1  0  1  0  0  1  0  1  0 ] (0.00009665)
[  1  0  1  0  0  1  0  1  1 ] (0.00001404)
[  1  0  1  0  0  1  0  2  0 ] (0.00120798)
[  1  0  1  0  0  1  1  0  0 ] (0.00002753)
[  1  0  1  0  0  1  1  0  1 ] (0.00000827)
[  1  0  1  0  0  1  1  1  0 ] (0.00000433)
[  1  0  1  0  0  1  2  0  0 ] (0.00001170)
[  1  0  1  0  0  2  0  0  0 ] (0.00004960)
[  1  0  1  0  0  2  0  0  1 ] (0.00045827)
[  1  0  1  0  0  2  0  1  0 ] (0.00128955)
[  1  0  1  0  0  2  1  0  0 ] (0.00006532)
[  1  0  1  0  0  3  0  0  0 ] (0.00000053)
[  1  0  1  0  1  0  0  0  0 ] (0.00000054)
[  1  0  1  0  1  0  0  0  1 ] (0.00010563)
[  1  0  1  0  1  0  0  0  2 ] (0.00009921)
[  1  0  1  0  1  0  0  1  0 ] (0.00003172)
[  1  0  1  0  1  0  0  1  1 ] (0.00013439)
[  1  0  1  0  1  0  0  2  0 ] (0.00002316)
[  1  0  1  0  1  0  1  0  0 ] (0.00000001)
[  1  0  1  0  1  0  1  0  1 ] (0.00009250)
[  1  0  1  0  1  0  1  1  0 ] (0.00000300)
[  1  0  1  0  1  0  2  0  0 ] (0.00025849)
[  1  0  1  0  1  1  0  0  0 ] (0.00018691)
[  1  0  1  0  1  1  0  0  1 ] (0.00447882)
[  1  0  1  0  1  1  0  1  0 ] (0.00472516)
[  1  0  1  0  1  1  1  0  0 ] (0.00063678)
[  1  0  1  0  1  2  0  0  0 ] (0.00000345)
[  1  0  1  0  2  0  0  0  0 ] (0.00003737)
[  1  0  1  0  2  0  0  0  1 ] (0.00060837)
[  1  0  1  0  2  0  0  1  0 ] (0.00405877)
[  1  0  1  0  2  0  1  0  0 ] (0.00012747)
[  1  0  1  0  2  1  0  0  0 ] (0.00003125)
[  1  0  1  0  3  0  0  0  0 ] (0.00000569)
[  1  0  1  1  0  0  0  0  0 ] (0.00001532)
[  1  0  1  1  0  0  0  0  1 ] (0.00000145)
[  1  0  1  1  0  0  0  0  2 ] (0.00028188)
[  1  0  1  1  0  0  0  1  0 ] (0.00005420)
[  1  0  1  1  0  0  0  1  1 ] (0.00006274)
[  1  0  1  1  0  0  0  2  0 ] (0.01536338)
[  1  0  1  1  0  0  1  0  0 ] (0.00001477)
[  1  0  1  1  0  0  1  0  1 ] (0.00017696)
[  1  0  1  1  0  0  1  1  0 ] (0.00016862)
[  1  0  1  1  0  0  2  0  0 ] (0.00005893)
[  1  0  1  1  0  1  0  0  0 ] (0.00000491)
[  1  0  1  1  0  1  0  0  1 ] (0.00001379)
[  1  0  1  1  0  1  0  1  0 ] (0.00069195)
[  1  0  1  1  0  1  1  0  0 ] (0.00002479)
[  1  0  1  1  0  2  0  0  0 ] (0.00002074)
[  1  0  1  1  1  0  0  0  0 ] (0.00001703)
[  1  0  1  1  1  0  0  0  1 ] (0.00089998)
[  1  0  1  1  1  0  0  1  0 ] (0.01842734)
[  1  0  1  1  1  0  1  0  0 ] (0.00056423)
[  1  0  1  1  1  1  0  0  0 ] (0.00003006)
[  1  0  1  1  2  0  0  0  0 ] (0.00000073)
[  1  0  1  2  0  0  0  0  0 ] (0.00002770)
[  1  0  1  2  0  0  0  0  1 ] (0.00026823)
[  1  0  1  2  0  0  0  1  0 ] (0.00006835)
[  1  0  1  2  0  0  1  0  0 ] (0.00001176)
[  1  0  1  2  0  1  0  0  0 ] (0.00000462)
[  1  0  1  2  1  0  0  0  0 ] (0.00004050)
[  1  0  1  3  0  0  0  0  0 ] (0.00000137)
[  1  0  2  0  0  0  0  0  0 ] (0.00000084)
[  1  0  2  0  0  0  0  0  1 ] (0.00000015)
[  1  0  2  0  0  0  0  0  2 ] (0.00001492)
[  1  0  2  0  0  0  0  1  0 ] (0.00003852)
[  1  0  2  0  0  0  0  1  1 ] (0.00000215)
[  1  0  2  0  0  0  0  2  0 ] (0.00000002)
[  1  0  2  0  0  0  1  0  0 ] (0.00001066)
[  1  0  2  0  0  0  1  0  1 ] (0.00031677)
[  1  0  2  0  0  0  1  1  0 ] (0.00003511)
[  1  0  2  0  0  0  2  0  0 ] (0.00002794)
[  1  0  2  0  0  1  0  0  0 ] (0.00000126)
[  1  0  2  0  0  1  0  0  1 ] (0.00003490)
[  1  0  2  0  0  1  0  1  0 ] (0.00018888)
[  1  0  2  0  0  1  1  0  0 ] (0.00002773)
[  1  0  2  0  0  2  0  0  0 ] (0.00000247)
[  1  0  2  0  1  0  0  0  0 ] (0.00000140)
[  1  0  2  0  1  0  0  0  1 ] (0.00004419)
[  1  0  2  0  1  0  0  1  0 ] (0.00007610)
[  1  0  2  0  1  0  1  0  0 ] (0.00000034)
[  1  0  2  0  1  1  0  0  0 ] (0.00000391)
[  1  0  2  0  2  0  0  0  0 ] (0.00001363)
[  1  0  2  1  0  0  0  0  0 ] (0.00000228)
[  1  0  2  1  0  0  0  0  1 ] (0.00000118)
[  1  0  2  1  0  0  0  1  0 ] (0.00003489)
[  1  0  2  1  0  0  1  0  0 ] (0.00000027)
[  1  0  2  1  0  1  0  0  0 ] (0.00000393)
[  1  0  2  1  1  0  0  0  0 ] (0.00000182)
[  1  0  2  2  0  0  0  0  0 ] (0.00000023)
[  1  0  3  0  0  0  0  0  0 ] (0.00000093)
[  1  0  3  0  0  0  0  0  1 ] (0.00002879)
[  1  0  3  0  0  0  0  1  0 ] (0.00017461)
[  1  0  3  0  0  0  1  0  0 ] (0.00000766)
[  1  0  3  0  0  1  0  0  0 ] (0.00000370)
[  1  0  3  0  1  0  0  0  0 ] (0.00001168)
[  1  0  3  1  0  0  0  0  0 ] (0.00000318)
[  1  0  4  0  0  0  0  0  0 ] (0.00000023)
[  1  1  0  0  0  0  0  0  0 ] (0.00000270)
[  1  1  0  0  0  0  0  0  1 ] (0.00000111)
[  1  1  0  0  0  0  0  0  2 ] (0.00000001)
[  1  1  0  0  0  0  0  0  3 ] (0.00000936)
[  1  1  0  0  0  0  0  1  0 ] (0.00000237)
[  1  1  0  0  0  0  0  1  1 ] (0.00000090)
[  1  1  0  0  0  0  0  1  2 ] (0.00001907)
[  1  1  0  0  0  0  0  2  0 ] (0.00000028)
[  1  1  0  0  0  0  0  2  1 ] (0.00000078)
[  1  1  0  0  0  0  0  3  0 ] (0.00003636)
[  1  1  0  0  0  0  1  0  0 ] (0.00002549)
[  1  1  0  0  0  0  1  0  1 ] (0.00020817)
[  1  1  0  0  0  0  1  0  2 ] (0.00022584)
[  1  1  0  0  0  0  1  1  0 ] (0.00001175)
[  1  1  0  0  0  0  1  1  1 ] (0.00001398)
[  1  1  0  0  0  0  1  2  0 ] (0.00000270)
[  1  1  0  0  0  0  2  0  0 ] (0.00000446)
[  1  1  0  0  0  0  2  0  1 ] (0.00000030)
[  1  1  0  0  0  0  2  1  0 ] (0.00003169)
[  1  1  0  0  0  0  3  0  0 ] (0.00004574)
[  1  1  0  0  0  1  0  0  0 ] (0.00000029)
[  1  1  0  0  0  1  0  0  1 ] (0.00000970)
[  1  1  0  0  0  1  0  0  2 ] (0.00094255)
[  1  1  0  0  0  1  0  1  0 ] (0.00041160)
[  1  1  0  0  0  1  0  1  1 ] (0.00010298)
[  1  1  0  0  0  1  0  2  0 ] (0.00080946)
[  1  1  0  0  0  1  1  0  0 ] (0.00000231)
[  1  1  0  0  0  1  1  0  1 ] (0.00000440)
[  1  1  0  0  0  1  1  1  0 ] (0.00003564)
[  1  1  0  0  0  1  2  0  0 ] (0.00000617)
[  1  1  0  0  0  2  0  0  0 ] (0.00000581)
[  1  1  0  0  0  2  0  0  1 ] (0.00002751)
[  1  1  0  0  0  2  0  1  0 ] (0.00085258)
[  1  1  0  0  0  2  1  0  0 ] (0.00004539)
[  1  1  0  0  0  3  0  0  0 ] (0.00000118)
[  1  1  0  0  1  0  0  0  0 ] (0.00001138)
[  1  1  0  0  1  0  0  0  1 ] (0.00002439)
[  1  1  0  0  1  0  0  0  2 ] (0.00059866)
[  1  1  0  0  1  0  0  1  0 ] (0.00000269)
[  1  1  0  0  1  0  0  1  1 ] (0.00013825)
[  1  1  0  0  1  0  0  2  0 ] (0.00000209)
[  1  1  0  0  1  0  1  0  0 ] (0.00006877)
[  1  1  0  0  1  0  1  0  1 ] (0.00000023)
[  1  1  0  0  1  0  1  1  0 ] (0.00000812)
[  1  1  0  0  1  0  2  0  0 ] (0.00000012)
[  1  1  0  0  1  1  0  0  0 ] (0.00003108)
[  1  1  0  0  1  1  0  0  1 ] (0.00104286)
[  1  1  0  0  1  1  0  1  0 ] (0.00002531)
[  1  1  0  0  1  1  1  0  0 ] (0.00019180)
[  1  1  0  0  1  2  0  0  0 ] (0.00003387)
[  1  1  0  0  2  0  0  0  0 ] (0.00024325)
[  1  1  0  0  2  0  0  0  1 ] (0.00321785)
[  1  1  0  0  2  0  0  1  0 ] (0.00020287)
[  1  1  0  0  2  0  1  0  0 ] (0.00050488)
[  1  1  0  0  2  1  0  0  0 ] (0.00007744)
[  1  1  0  0  3  0  0  0  0 ] (0.00007609)
[  1  1  0  1  0  0  0  0  0 ] (0.00003724)
[  1  1  0  1  0  0  0  0  1 ] (0.00102870)
[  1  1  0  1  0  0  0  0  2 ] (0.03740853)
[  1  1  0  1  0  0  0  1  0 ] (0.00010928)
[  1  1  0  1  0  0  0  1  1 ] (0.00000001)
[  1  1  0  1  0  0  0  2  0 ] (0.00735336)
[  1  1  0  1  0  0  1  0  0 ] (0.00007267)
[  1  1  0  1  0  0  1  0  1 ] (0.00000053)
[  1  1  0  1  0  0  1  1  0 ] (0.00022934)
[  1  1  0  1  0  0  2  0  0 ] (0.00016425)
[  1  1  0  1  0  1  0  0  0 ] (0.00019571)
[  1  1  0  1  0  1  0  0  1 ] (0.00383833)
[  1  1  0  1  0  1  0  1  0 ] (0.00004873)
[  1  1  0  1  0  1  1  0  0 ] (0.00002742)
[  1  1  0  1  0  2  0  0  0 ] (0.00003387)
[  1  1  0  1  1  0  0  0  0 ] (0.00004934)
[  1  1  0  1  1  0  0  0  1 ] (0.00587778)
[  1  1  0  1  1  0  0  1  0 ] (0.00005817)
[  1  1  0  1  1  0  1  0  0 ] (0.00022989)
[  1  1  0  1  1  1  0  0  0 ] (0.00001289)
[  1  1  0  1  2  0  0  0  0 ] (0.00004093)
[  1  1  0  2  0  0  0  0  0 ] (0.00000874)
[  1  1  0  2  0  0  0  0  1 ] (0.00001916)
[  1  1  0  2  0  0  0  1  0 ] (0.00006595)
[  1  1  0  2  0  0  1  0  0 ] (0.00000632)
[  1  1  0  2  0  1  0  0  0 ] (0.00000110)
[  1  1  0  2  1  0  0  0  0 ] (0.00000001)
[  1  1  0  3  0  0  0  0  0 ] (0.00000973)
[  1  1  1  0  0  0  0  0  0 ] (0.00000375)
[  1  1  1  0  0  0  0  0  1 ] (0.00038744)
[  1  1  1  0  0  0  0  0  2 ] (0.00180958)
[  1  1  1  0  0  0  0  1  0 ] (0.00000055)
[  1  1  1  0  0  0  0  1  1 ] (0.00003087)
[  1  1  1  0  0  0  0  2  0 ] (0.00003101)
[  1  1  1  0  0  0  1  0  0 ] (0.00000659)
[  1  1  1  0  0  0  1  0  1 ] (0.00000527)
[  1  1  1  0  0  0  1  1  0 ] (0.00000098)
[  1  1  1  0  0  0  2  0  0 ] (0.00004076)
[  1  1  1  0  0  1  0  0  0 ] (0.00000127)
[  1  1  1  0  0  1  0  0  1 ] (0.00037905)
[  1  1  1  0  0  1  0  1  0 ] (0.00000214)
[  1  1  1  0  0  1  1  0  0 ] (0.00001503)
[  1  1  1  0  0  2  0  0  0 ] (0.00000548)
[  1  1  1  0  1  0  0  0  0 ] (0.00000360)
[  1  1  1  0  1  0  0  0  1 ] (0.00013563)
[  1  1  1  0  1  0  0  1  0 ] (0.00025802)
[  1  1  1  0  1  0  1  0  0 ] (0.00000560)
[  1  1  1  0  1  1  0  0  0 ] (0.00000431)
[  1  1  1  0  2  0  0  0  0 ] (0.00008584)
[  1  1  1  1  0  0  0  0  0 ] (0.00000548)
[  1  1  1  1  0  0  0  0  1 ] (0.00029160)
[  1  1  1  1  0  0  0  1  0 ] (0.00002294)
[  1  1  1  1  0  0  1  0  0 ] (0.00012764)
[  1  1  1  1  0  1  0  0  0 ] (0.00000407)
[  1  1  1  1  1  0  0  0  0 ] (0.00004835)
[  1  1  1  2  0  0  0  0  0 ] (0.00000429)
[  1  1  2  0  0  0  0  0  0 ] (0.00000231)
[  1  1  2  0  0  0  0  0  1 ] (0.00000963)
[  1  1  2  0  0  0  0  1  0 ] (0.00001357)
[  1  1  2  0  0  0  1  0  0 ] (0.00000001)
[  1  1  2  0  0  1  0  0  0 ] (0.00000037)
[  1  1  2  0  1  0  0  0  0 ] (0.00000001)
[  1  1  2  1  0  0  0  0  0 ] (0.00000512)
[  1  1  3  0  0  0  0  0  0 ] (0.00000004)
[  1  2  0  0  0  0  0  0  0 ] (0.00000056)
[  1  2  0  0  0  0  0  0  1 ] (0.00000822)
[  1  2  0  0  0  0  0  0  2 ] (0.00000001)
[  1  2  0  0  0  0  0  1  0 ] (0.00001329)
[  1  2  0  0  0  0  0  1  1 ] (0.00000530)
[  1  2  0  0  0  0  0  2  0 ] (0.00099293)
[  1  2  0  0  0  0  1  0  0 ] (0.00003764)
[  1  2  0  0  0  0  1  0  1 ] (0.00024227)
[  1  2  0  0  0  0  1  1  0 ] (0.00000023)
[  1  2  0  0  0  0  2  0  0 ] (0.00000083)
[  1  2  0  0  0  1  0  0  0 ] (0.00000015)
[  1  2  0  0  0  1  0  0  1 ] (0.00000359)
[  1  2  0  0  0  1  0  1  0 ] (0.00007318)
[  1  2  0  0  0  1  1  0  0 ] (0.00000000)
[  1  2  0  0  0  2  0  0  0 ] (0.00000025)
[  1  2  0  0  1  0  0  0  0 ] (0.00001183)
[  1  2  0  0  1  0  0  0  1 ] (0.00000918)
[  1  2  0  0  1  0  0  1  0 ] (0.00000566)
[  1  2  0  0  1  0  1  0  0 ] (0.00000247)
[  1  2  0  0  1  1  0  0  0 ] (0.00000067)
[  1  2  0  0  2  0  0  0  0 ] (0.00001043)
[  1  2  0  1  0  0  0  0  0 ] (0.00000789)
[  1  2  0  1  0  0  0  0  1 ] (0.00009792)
[  1  2  0  1  0  0  0  1  0 ] (0.00006214)
[  1  2  0  1  0  0  1  0  0 ] (0.00003433)
[  1  2  0  1  0  1  0  0  0 ] (0.00000087)
[  1  2  0  1  1  0  0  0  0 ] (0.00000202)
[  1  2  0  2  0  0  0  0  0 ] (0.00000457)
[  1  2  1  0  0  0  0  0  0 ] (0.00000248)
[  1  2  1  0  0  0  0  0  1 ] (0.00000257)
[  1  2  1  0  0  0  0  1  0 ] (0.00006217)
[  1  2  1  0  0  0  1  0  0 ] (0.00000443)
[  1  2  1  0  0  1  0  0  0 ] (0.00000209)
[  1  2  1  0  1  0  0  0  0 ] (0.00000002)
[  1  2  1  1  0  0  0  0  0 ] (0.00000060)
[  1  2  2  0  0  0  0  0  0 ] (0.00000012)
[  1  3  0  0  0  0  0  0  0 ] (0.00000067)
[  1  3  0  0  0  0  0  0  1 ] (0.00000280)
[  1  3  0  0  0  0  0  1  0 ] (0.00004712)
[  1  3  0  0  0  0  1  0  0 ] (0.00000376)
[  1  3  0  0  0  1  0  0  0 ] (0.00000009)
[  1  3  0  0  1  0  0  0  0 ] (0.00000246)
[  1  3  0  1  0  0  0  0  0 ] (0.00001731)
[  1  3  1  0  0  0  0  0  0 ] (0.00000101)
[  1  4  0  0  0  0  0  0  0 ] (0.00000427)
[  2  0  0  0  0  0  0  0  0 ] (0.00000012)
[  2  0  0  0  0  0  0  0  1 ] (0.00002593)
[  2  0  0  0  0  0  0  0  2 ] (0.00067221)
[  2  0  0  0  0  0  0  0  3 ] (0.00003462)
[  2  0  0  0  0  0  0  1  0 ] (0.00004800)
[  2  0  0  0  0  0  0  1  1 ] (0.00007183)
[  2  0  0  0  0  0  0  1  2 ] (0.00002589)
[  2  0  0  0  0  0  0  2  0 ] (0.00006640)
[  2  0  0  0  0  0  0  2  1 ] (0.00001788)
[  2  0  0  0  0  0  0  3  0 ] (0.00029980)
[  2  0  0  0  0  0  1  0  0 ] (0.00001499)
[  2  0  0  0  0  0  1  0  1 ] (0.00000545)
[  2  0  0  0  0  0  1  0  2 ] (0.00018633)
[  2  0  0  0  0  0  1  1  0 ] (0.00000801)
[  2  0  0  0  0  0  1  1  1 ] (0.00000031)
[  2  0  0  0  0  0  1  2  0 ] (0.00000878)
[  2  0  0  0  0  0  2  0  0 ] (0.00000000)
[  2  0  0  0  0  0  2  0  1 ] (0.00004141)
[  2  0  0  0  0  0  2  1  0 ] (0.00000152)
[  2  0  0  0  0  0  3  0  0 ] (0.00000305)
[  2  0  0  0  0  1  0  0  0 ] (0.00001382)
[  2  0  0  0  0  1  0  0  1 ] (0.00000000)
[  2  0  0  0  0  1  0  0  2 ] (0.00443483)
[  2  0  0  0  0  1  0  1  0 ] (0.00001756)
[  2  0  0  0  0  1  0  1  1 ] (0.00001299)
[  2  0  0  0  0  1  0  2  0 ] (0.00153359)
[  2  0  0  0  0  1  1  0  0 ] (0.00002050)
[  2  0  0  0  0  1  1  0  1 ] (0.00005483)
[  2  0  0  0  0  1  1  1  0 ] (0.00059421)
[  2  0  0  0  0  1  2  0  0 ] (0.00001402)
[  2  0  0  0  0  2  0  0  0 ] (0.00001282)
[  2  0  0  0  0  2  0  0  1 ] (0.00005984)
[  2  0  0  0  0  2  0  1  0 ] (0.00009488)
[  2  0  0  0  0  2  1  0  0 ] (0.00007299)
[  2  0  0  0  0  3  0  0  0 ] (0.00002414)
[  2  0  0  0  1  0  0  0  0 ] (0.00001726)
[  2  0  0  0  1  0  0  0  1 ] (0.00003738)
[  2  0  0  0  1  0  0  0  2 ] (0.01208132)
[  2  0  0  0  1  0  0  1  0 ] (0.00000482)
[  2  0  0  0  1  0  0  1  1 ] (0.00001222)
[  2  0  0  0  1  0  0  2  0 ] (0.00422182)
[  2  0  0  0  1  0  1  0  0 ] (0.00002284)
[  2  0  0  0  1  0  1  0  1 ] (0.00000242)
[  2  0  0  0  1  0  1  1  0 ] (0.00005427)
[  2  0  0  0  1  0  2  0  0 ] (0.00009820)
[  2  0  0  0  1  1  0  0  0 ] (0.00000100)
[  2  0  0  0  1  1  0  0  1 ] (0.00004713)
[  2  0  0  0  1  1  0  1  0 ] (0.00140353)
[  2  0  0  0  1  1  1  0  0 ] (0.00000133)
[  2  0  0  0  1  2  0  0  0 ] (0.00000002)
[  2  0  0  0  2  0  0  0  0 ] (0.00003938)
[  2  0  0  0  2  0  0  0  1 ] (0.00000054)
[  2  0  0  0  2  0  0  1  0 ] (0.00002169)
[  2  0  0  0  2  0  1  0  0 ] (0.00008648)
[  2  0  0  0  2  1  0  0  0 ] (0.00005034)
[  2  0  0  0  3  0  0  0  0 ] (0.00000282)
[  2  0  0  1  0  0  0  0  0 ] (0.00000882)
[  2  0  0  1  0  0  0  0  1 ] (0.00012313)
[  2  0  0  1  0  0  0  0  2 ] (0.00023644)
[  2  0  0  1  0  0  0  1  0 ] (0.00000598)
[  2  0  0  1  0  0  0  1  1 ] (0.00009651)
[  2  0  0  1  0  0  0  2  0 ] (0.00017482)
[  2  0  0  1  0  0  1  0  0 ] (0.00001983)
[  2  0  0  1  0  0  1  0  1 ] (0.00013861)
[  2  0  0  1  0  0  1  1  0 ] (0.00000292)
[  2  0  0  1  0  0  2  0  0 ] (0.00000968)
[  2  0  0  1  0  1  0  0  0 ] (0.00000010)
[  2  0  0  1  0  1  0  0  1 ] (0.00012454)
[  2  0  0  1  0  1  0  1  0 ] (0.00005629)
[  2  0  0  1  0  1  1  0  0 ] (0.00004722)
[  2  0  0  1  0  2  0  0  0 ] (0.00000022)
[  2  0  0  1  1  0  0  0  0 ] (0.00000001)
[  2  0  0  1  1  0  0  0  1 ] (0.00028213)
[  2  0  0  1  1  0  0  1  0 ] (0.00029317)
[  2  0  0  1  1  0  1  0  0 ] (0.00015140)
[  2  0  0  1  1  1  0  0  0 ] (0.00000880)
[  2  0  0  1  2  0  0  0  0 ] (0.00000008)
[  2  0  0  2  0  0  0  0  0 ] (0.00000209)
[  2  0  0  2  0  0  0  0  1 ] (0.00003045)
[  2  0  0  2  0  0  0  1  0 ] (0.00012970)
[  2  0  0  2  0  0  1  0  0 ] (0.00000071)
[  2  0  0  2  0  1  0  0  0 ] (0.00000031)
[  2  0  0  2  1  0  0  0  0 ] (0.00000033)
[  2  0  0  3  0  0  0  0  0 ] (0.00000040)
[  2  0  1  0  0  0  0  0  0 ] (0.00000018)
[  2  0  1  0  0  0  0  0  1 ] (0.00007983)
[  2  0  1  0  0  0  0  0  2 ] (0.00000011)
[  2  0  1  0  0  0  0  1  0 ] (0.00000339)
[  2  0  1  0  0  0  0  1  1 ] (0.00027973)
[  2  0  1  0  0  0  0  2  0 ] (0.00008947)
[  2  0  1  0  0  0  1  0  0 ] (0.00000040)
[  2  0  1  0  0  0  1  0  1 ] (0.00000224)
[  2  0  1  0  0  0  1  1  0 ] (0.00055403)
[  2  0  1  0  0  0  2  0  0 ] (0.00001143)
[  2  0  1  0  0  1  0  0  0 ] (0.00000479)
[  2  0  1  0  0  1  0  0  1 ] (0.00016069)
[  2  0  1  0  0  1  0  1  0 ] (0.00011947)
[  2  0  1  0  0  1  1  0  0 ] (0.00001106)
[  2  0  1  0  0  2  0  0  0 ] (0.00000141)
[  2  0  1  0  1  0  0  0  0 ] (0.00005007)
[  2  0  1  0  1  0  0  0  1 ] (0.00052876)
[  2  0  1  0  1  0  0  1  0 ] (0.00000017)
[  2  0  1  0  1  0  1  0  0 ] (0.00001273)
[  2  0  1  0  1  1  0  0  0 ] (0.00000372)
[  2  0  1  0  2  0  0  0  0 ] (0.00001948)
[  2  0  1  1  0  0  0  0  0 ] (0.00001175)
[  2  0  1  1  0  0  0  0  1 ] (0.00000008)
[  2  0  1  1  0  0  0  1  0 ] (0.00002185)
[  2  0  1  1  0  0  1  0  0 ] (0.00000677)
[  2  0  1  1  0  1  0  0  0 ] (0.00000671)
[  2  0  1  1  1  0  0  0  0 ] (0.00000143)
[  2  0  1  2  0  0  0  0  0 ] (0.00000023)
[  2  0  2  0  0  0  0  0  0 ] (0.00000053)
[  2  0  2  0  0  0  0  0  1 ] (0.00000044)
[  2  0  2  0  0  0  0  1  0 ] (0.00000099)
[  2  0  2  0  0  0  1  0  0 ] (0.00000002)
[  2  0  2  0  0  1  0  0  0 ] (0.00000007)
[  2  0  2  0  1  0  0  0  0 ] (0.00000041)
[  2  0  2  1  0  0  0  0  0 ] (0.00000008)
[  2  0  3  0  0  0  0  0  0 ] (0.00000171)
[  2  1  0  0  0  0  0  0  0 ] (0.00001703)
[  2  1  0  0  0  0  0  0  1 ] (0.00000011)
[  2  1  0  0  0  0  0  0  2 ] (0.00054617)
[  2  1  0  0  0  0  0  1  0 ] (0.00013887)
[  2  1  0  0  0  0  0  1  1 ] (0.00065772)
[  2  1  0  0  0  0  0  2  0 ] (0.00110930)
[  2  1  0  0  0  0  1  0  0 ] (0.00004585)
[  2  1  0  0  0  0  1  0  1 ] (0.00008629)
[  2  1  0  0  0  0  1  1  0 ] (0.00012446)
[  2  1  0  0  0  0  2  0  0 ] (0.00000190)
[  2  1  0  0  0  1  0  0  0 ] (0.00001371)
[  2  1  0  0  0  1  0  0  1 ] (0.00004613)
[  2  1  0  0  0  1  0  1  0 ] (0.00022708)
[  2  1  0  0  0  1  1  0  0 ] (0.00043166)
[  2  1  0  0  0  2  0  0  0 ] (0.00000230)
[  2  1  0  0  1  0  0  0  0 ] (0.00000475)
[  2  1  0  0  1  0  0  0  1 ] (0.00014661)
[  2  1  0  0  1  0  0  1  0 ] (0.00078821)
[  2  1  0  0  1  0  1  0  0 ] (0.00012896)
[  2  1  0  0  1  1  0  0  0 ] (0.00000000)
[  2  1  0  0  2  0  0  0  0 ] (0.00007372)
[  2  1  0  1  0  0  0  0  0 ] (0.00001417)
[  2  1  0  1  0  0  0  0  1 ] (0.00029293)
[  2  1  0  1  0  0  0  1  0 ] (0.00000896)
[  2  1  0  1  0  0  1  0  0 ] (0.00000000)
[  2  1  0  1  0  1  0  0  0 ] (0.00000290)
[  2  1  0  1  1  0  0  0  0 ] (0.00000085)
[  2  1  0  2  0  0  0  0  0 ] (0.00000391)
[  2  1  1  0  0  0  0  0  0 ] (0.00000755)
[  2  1  1  0  0  0  0  0  1 ] (0.00010365)
[  2  1  1  0  0  0  0  1  0 ] (0.00004763)
[  2  1  1  0  0  0  1  0  0 ] (0.00000809)
[  2  1  1  0  0  1  0  0  0 ] (0.00001350)
[  2  1  1  0  1  0  0  0  0 ] (0.00000002)
[  2  1  1  1  0  0  0  0  0 ] (0.00000003)
[  2  1  2  0  0  0  0  0  0 ] (0.00000000)
[  2  2  0  0  0  0  0  0  0 ] (0.00000306)
[  2  2  0  0  0  0  0  0  1 ] (0.00007580)
[  2  2  0  0  0  0  0  1  0 ] (0.00000160)
[  2  2  0  0  0  0  1  0  0 ] (0.00001110)
[  2  2  0  0  0  1  0  0  0 ] (0.00000005)
[  2  2  0  0  1  0  0  0  0 ] (0.00000307)
[  2  2  0  1  0  0  0  0  0 ] (0.00000324)
[  2  2  1  0  0  0  0  0  0 ] (0.00000054)
[  2  3  0  0  0  0  0  0  0 ] (0.00000003)
[  3  0  0  0  0  0  0  0  0 ] (0.00000007)
[  3  0  0  0  0  0  0  0  1 ] (0.00000136)
[  3  0  0  0  0  0  0  0  2 ] (0.00005138)
[  3  0  0  0  0  0  0  1  0 ] (0.00028844)
[  3  0  0  0  0  0  0  1  1 ] (0.00428192)
[  3  0  0  0  0  0  0  2  0 ] (0.00009239)
[  3  0  0  0  0  0  1  0  0 ] (0.00000429)
[  3  0  0  0  0  0  1  0  1 ] (0.00001600)
[  3  0  0  0  0  0  1  1  0 ] (0.00130886)
[  3  0  0  0  0  0  2  0  0 ] (0.00000064)
[  3  0  0  0  0  1  0  0  0 ] (0.00000015)
[  3  0  0  0  0  1  0  0  1 ] (0.00000091)
[  3  0  0  0  0  1  0  1  0 ] (0.00005671)
[  3  0  0  0  0  1  1  0  0 ] (0.00000681)
[  3  0  0  0  0  2  0  0  0 ] (0.00000040)
[  3  0  0  0  1  0  0  0  0 ] (0.00001004)
[  3  0  0  0  1  0  0  0  1 ] (0.00000354)
[  3  0  0  0  1  0  0  1  0 ] (0.00013047)
[  3  0  0  0  1  0  1  0  0 ] (0.00003872)
[  3  0  0  0  1  1  0  0  0 ] (0.00000137)
[  3  0  0  0  2  0  0  0  0 ] (0.00002018)
[  3  0  0  1  0  0  0  0  0 ] (0.00000003)
[  3  0  0  1  0  0  0  0  1 ] (0.00000375)
[  3  0  0  1  0  0  0  1  0 ] (0.00000009)
[  3  0  0  1  0  0  1  0  0 ] (0.00000342)
[  3  0  0  1  0  1  0  0  0 ] (0.00000010)
[  3  0  0  1  1  0  0  0  0 ] (0.00000206)
[  3  0  0  2  0  0  0  0  0 ] (0.00000005)
[  3  0  1  0  0  0  0  0  0 ] (0.00000123)
[  3  0  1  0  0  0  0  0  1 ] (0.00000104)
[  3  0  1  0  0  0  0  1  0 ] (0.00000015)
[  3  0  1  0  0  0  1  0  0 ] (0.00000034)
[  3  0  1  0  0  1  0  0  0 ] (0.00000004)
[  3  0  1  0  1  0  0  0  0 ] (0.00000166)
[  3  0  1  1  0  0  0  0  0 ] (0.00000209)
[  3  0  2  0  0  0  0  0  0 ] (0.00000004)
[  3  1  0  0  0  0  0  0  0 ] (0.00000005)
[  3  1  0  0  0  0  0  0  1 ] (0.00000196)
[  3  1  0  0  0  0  0  1  0 ] (0.00000855)
[  3  1  0  0  0  0  1  0  0 ] (0.00000523)
[  3  1  0  0  0  1  0  0  0 ] (0.00000000)
[  3  1  0  0  1  0  0  0  0 ] (0.00000781)
[  3  1  0  1  0  0  0  0  0 ] (0.00000300)
[  3  1  1  0  0  0  0  0  0 ] (0.00000022)
[  3  2  0  0  0  0  0  0  0 ] (0.00000049)
[  4  0  0  0  0  0  0  0  0 ] (0.00000069)
[  4  0  0  0  0  0  0  0  1 ] (0.00002508)
[  4  0  0  0  0  0  0  1  0 ] (0.00000312)
[  4  0  0  0  0  0  1  0  0 ] (0.00000009)
[  4  0  0  0  0  1  0  0  0 ] (0.00000012)
[  4  0  0  0  1  0  0  0  0 ] (0.00000037)
[  4  0  0  1  0  0  0  0  0 ] (0.00001022)
[  4  0  1  0  0  0  0  0  0 ] (0.00000094)
[  4  1  0  0  0  0  0  0  0 ] (0.00000149)
[  5  0  0  0  0  0  0  0  0 ] (0.00000128)
