|  -894.821808275048 |   266.069621879029 

[  0  0  0  0  0  0  0  0  0 ] (0.00000464)
[  0  0  0  0  0  0  0  0  1 ] (0.00000222)
[  0  0  0  0  0  0  0  0  2 ] (0.00000773)
[  0  0  0  0  0  0  0  0  3 ] (0.00011178)
[  0  0  0  0  0  0  0  0  4 ] (0.00012845)
[  0  0  0  0  0  0  0  0  5 ] (0.00000181)
[  0  0  0  0  0  0  0  1  0 ] (0.00011106)
[  0  0  0  0  0  0  0  1  1 ] (0.00001017)
[  0  0  0  0  0  0  0  1  2 ] (0.00000039)
[  0  0  0  0  0  0  0  1  3 ] (0.00000058)
[  0  0  0  0  0  0  0  1  4 ] (0.00002495)
[  0  0  0  0  0  0  0  2  0 ] (0.00000001)
[  0  0  0  0  0  0  0  2  1 ] (0.00003395)
[  0  0  0  0  0  0  0  2  2 ] (0.00001200)
[  0  0  0  0  0  0  0  2  3 ] (0.00001419)
[  0  0  0  0  0  0  0  3  0 ] (0.00000228)
[  0  0  0  0  0  0  0  3  1 ] (0.00006443)
[  0  0  0  0  0  0  0  3  2 ] (0.00000290)
[  0  0  0  0  0  0  0  4  0 ] (0.02248256)
[  0  0  0  0  0  0  0  4  1 ] (0.00273890)
[  0  0  0  0  0  0  0  5  0 ] (0.00000007)
[  0  0  0  0  0  0  1  0  0 ] (0.00000172)
[  0  0  0  0  0  0  1  0  1 ] (0.00001275)
[  0  0  0  0  0  0  1  0  2 ] (0.00008901)
[  0  0  0  0  0  0  1  0  3 ] (0.00002473)
[  0  0  0  0  0  0  1  0  4 ] (0.00000083)
[  0  0  0  0  0  0  1  1  0 ] (0.00011444)
[  0  0  0  0  0  0  1  1  1 ] (0.00098859)
[  0  0  0  0  0  0  1  1  2 ] (0.00000940)
[  0  0  0  0  0  0  1  1  3 ] (0.00000308)
[  0  0  0  0  0  0  1  2  0 ] (0.00001875)
[  0  0  0  0  0  0  1  2  1 ] (0.00008884)
[  0  0  0  0  0  0  1  2  2 ] (0.00006027)
[  0  0  0  0  0  0  1  3  0 ] (0.00041325)
[  0  0  0  0  0  0  1  3  1 ] (0.00017150)
[  0  0  0  0  0  0  1  4  0 ] (0.00000034)
[  0  0  0  0  0  0  2  0  0 ] (0.00000353)
[  0  0  0  0  0  0  2  0  1 ] (0.00026001)
[  0  0  0  0  0  0  2  0  2 ] (0.00005827)
[  0  0  0  0  0  0  2  0  3 ] (0.00000157)
[  0  0  0  0  0  0  2  1  0 ] (0.00055243)
[  0  0  0  0  0  0  2  1  1 ] (0.00006169)
[  0  0  0  0  0  0  2  1  2 ] (0.00005616)
[  0  0  0  0  0  0  2  2  0 ] (0.00023564)
[  0  0  0  0  0  0  2  2  1 ] (0.00012639)
[  0  0  0  0  0  0  2  3  0 ] (0.00003914)
[  0  0  0  0  0  0  3  0  0 ] (0.00019836)
[  0  0  0  0  0  0  3  0  1 ] (0.00617609)
[  0  0  0  0  0  0  3  0  2 ] (0.00060801)
[  0  0  0  0  0  0  3  1  0 ] (0.03222209)
[  0  0  0  0  0  0  3  1  1 ] (0.00448144)
[  0  0  0  0  0  0  3  2  0 ] (0.00000144)
[  0  0  0  0  0  0  4  0  0 ] (0.00001330)
[  0  0  0  0  0  0  4  0  1 ] (0.00001708)
[  0  0  0  0  0  0  4  1  0 ] (0.00026661)
[  0  0  0  0  0  0  5  0  0 ] (0.00000266)
[  0  0  0  0  0  1  0  0  0 ] (0.00000273)
[  0  0  0  0  0  1  0  0  1 ] (0.00000933)
[  0  0  0  0  0  1  0  0  2 ] (0.00000079)
[  0  0  0  0  0  1  0  0  3 ] (0.00020344)
[  0  0  0  0  0  1  0  0  4 ] (0.00000498)
[  0  0  0  0  0  1  0  1  0 ] (0.00000350)
[  0  0  0  0  0  1  0  1  1 ] (0.00002857)
[  0  0  0  0  0  1  0  1  2 ] (0.00008910)
[  0  0  0  0  0  1  0  1  3 ] (0.00002803)
[  0  0  0  0  0  1  0  2  0 ] (0.00001180)
[  0  0  0  0  0  1  0  2  1 ] (0.00021286)
[  0  0  0  0  0  1  0  2  2 ] (0.00002726)
[  0  0  0  0  0  1  0  3  0 ] (0.00042395)
[  0  0  0  0  0  1  0  3  1 ] (0.00002103)
[  0  0  0  0  0  1  0  4  0 ] (0.00000284)
[  0  0  0  0  0  1  1  0  0 ] (0.00003629)
[  0  0  0  0  0  1  1  0  1 ] (0.00000003)
[  0  0  0  0  0  1  1  0  2 ] (0.00001318)
[  0  0  0  0  0  1  1  0  3 ] (0.00000004)
[  0  0  0  0  0  1  1  1  0 ] (0.00000164)
[  0  0  0  0  0  1  1  1  1 ] (0.00010767)
[  0  0  0  0  0  1  1  1  2 ] (0.00000290)
[  0  0  0  0  0  1  1  2  0 ] (0.00009482)
[  0  0  0  0  0  1  1  2  1 ] (0.00009448)
[  0  0  0  0  0  1  1  3  0 ] (0.00002329)
[  0  0  0  0  0  1  2  0  0 ] (0.00000003)
[  0  0  0  0  0  1  2  0  1 ] (0.00000380)
[  0  0  0  0  0  1  2  0  2 ] (0.00000456)
[  0  0  0  0  0  1  2  1  0 ] (0.00000140)
[  0  0  0  0  0  1  2  1  1 ] (0.00000300)
[  0  0  0  0  0  1  2  2  0 ] (0.00005831)
[  0  0  0  0  0  1  3  0  0 ] (0.00002484)
[  0  0  0  0  0  1  3  0  1 ] (0.00000572)
[  0  0  0  0  0  1  3  1  0 ] (0.00001655)
[  0  0  0  0  0  1  4  0  0 ] (0.00002398)
[  0  0  0  0  0  2  0  0  0 ] (0.00000630)
[  0  0  0  0  0  2  0  0  1 ] (0.00000009)
[  0  0  0  0  0  2  0  0  2 ] (0.00010615)
[  0  0  0  0  0  2  0  0  3 ] (0.00000087)
[  0  0  0  0  0  2  0  1  0 ] (0.00000183)
[  0  0  0  0  0  2  0  1  1 ] (0.00034808)
[  0  0  0  0  0  2  0  1  2 ] (0.00002508)
[  0  0  0  0  0  2  0  2  0 ] (0.00001783)
[  0  0  0  0  0  2  0  2  1 ] (0.00000002)
[  0  0  0  0  0  2  0  3  0 ] (0.00020187)
[  0  0  0  0  0  2  1  0  0 ] (0.00003583)
[  0  0  0  0  0  2  1  0  1 ] (0.00026648)
[  0  0  0  0  0  2  1  0  2 ] (0.00011627)
[  0  0  0  0  0  2  1  1  0 ] (0.00037471)
[  0  0  0  0  0  2  1  1  1 ] (0.00000947)
[  0  0  0  0  0  2  1  2  0 ] (0.00000009)
[  0  0  0  0  0  2  2  0  0 ] (0.00000101)
[  0  0  0  0  0  2  2  0  1 ] (0.00000700)
[  0  0  0  0  0  2  2  1  0 ] (0.00001184)
[  0  0  0  0  0  2  3  0  0 ] (0.00013430)
[  0  0  0  0  0  3  0  0  0 ] (0.00000035)
[  0  0  0  0  0  3  0  0  1 ] (0.00000245)
[  0  0  0  0  0  3  0  0  2 ] (0.00079755)
[  0  0  0  0  0  3  0  1  0 ] (0.00000011)
[  0  0  0  0  0  3  0  1  1 ] (0.00004949)
[  0  0  0  0  0  3  0  2  0 ] (0.00000613)
[  0  0  0  0  0  3  1  0  0 ] (0.00000511)
[  0  0  0  0  0  3  1  0  1 ] (0.00001636)
[  0  0  0  0  0  3  1  1  0 ] (0.00003267)
[  0  0  0  0  0  3  2  0  0 ] (0.00001729)
[  0  0  0  0  0  4  0  0  0 ] (0.00000646)
[  0  0  0  0  0  4  0  0  1 ] (0.00052648)
[  0  0  0  0  0  4  0  1  0 ] (0.00151531)
[  0  0  0  0  0  4  1  0  0 ] (0.00180756)
[  0  0  0  0  0  5  0  0  0 ] (0.00000026)
[  0  0  0  0  1  0  0  0  0 ] (0.00001581)
[  0  0  0  0  1  0  0  0  1 ] (0.00005533)
[  0  0  0  0  1  0  0  0  2 ] (0.00005102)
[  0  0  0  0  1  0  0  0  3 ] (0.00040621)
[  0  0  0  0  1  0  0  0  4 ] (0.00000001)
[  0  0  0  0  1  0  0  1  0 ] (0.00002118)
[  0  0  0  0  1  0  0  1  1 ] (0.00006933)
[  0  0  0  0  1  0  0  1  2 ] (0.00001570)
[  0  0  0  0  1  0  0  1  3 ] (0.00000000)
[  0  0  0  0  1  0  0  2  0 ] (0.00277777)
[  0  0  0  0  1  0  0  2  1 ] (0.00125534)
[  0  0  0  0  1  0  0  2  2 ] (0.00015865)
[  0  0  0  0  1  0  0  3  0 ] (0.00085377)
[  0  0  0  0  1  0  0  3  1 ] (0.00001868)
[  0  0  0  0  1  0  0  4  0 ] (0.00001474)
[  0  0  0  0  1  0  1  0  0 ] (0.00016522)
[  0  0  0  0  1  0  1  0  1 ] (0.00106870)
[  0  0  0  0  1  0  1  0  2 ] (0.00092330)
[  0  0  0  0  1  0  1  0  3 ] (0.00002354)
[  0  0  0  0  1  0  1  1  0 ] (0.00017731)
[  0  0  0  0  1  0  1  1  1 ] (0.00016269)
[  0  0  0  0  1  0  1  1  2 ] (0.00006284)
[  0  0  0  0  1  0  1  2  0 ] (0.02585727)
[  0  0  0  0  1  0  1  2  1 ] (0.00478029)
[  0  0  0  0  1  0  1  3  0 ] (0.00041898)
[  0  0  0  0  1  0  2  0  0 ] (0.00000980)
[  0  0  0  0  1  0  2  0  1 ] (0.00016062)
[  0  0  0  0  1  0  2  0  2 ] (0.00011742)
[  0  0  0  0  1  0  2  1  0 ] (0.00054819)
[  0  0  0  0  1  0  2  1  1 ] (0.00016042)
[  0  0  0  0  1  0  2  2  0 ] (0.00218299)
[  0  0  0  0  1  0  3  0  0 ] (0.00039724)
[  0  0  0  0  1  0  3  0  1 ] (0.00018518)
[  0  0  0  0  1  0  3  1  0 ] (0.00000117)
[  0  0  0  0  1  0  4  0  0 ] (0.00000404)
[  0  0  0  0  1  1  0  0  0 ] (0.00000206)
[  0  0  0  0  1  1  0  0  1 ] (0.00001471)
[  0  0  0  0  1  1  0  0  2 ] (0.00003530)
[  0  0  0  0  1  1  0  0  3 ] (0.00000601)
[  0  0  0  0  1  1  0  1  0 ] (0.00000505)
[  0  0  0  0  1  1  0  1  1 ] (0.00283725)
[  0  0  0  0  1  1  0  1  2 ] (0.00018709)
[  0  0  0  0  1  1  0  2  0 ] (0.00007209)
[  0  0  0  0  1  1  0  2  1 ] (0.00000067)
[  0  0  0  0  1  1  0  3  0 ] (0.00002289)
[  0  0  0  0  1  1  1  0  0 ] (0.00033634)
[  0  0  0  0  1  1  1  0  1 ] (0.00326476)
[  0  0  0  0  1  1  1  0  2 ] (0.00005284)
[  0  0  0  0  1  1  1  1  0 ] (0.00012662)
[  0  0  0  0  1  1  1  1  1 ] (0.00000045)
[  0  0  0  0  1  1  1  2  0 ] (0.00067532)
[  0  0  0  0  1  1  2  0  0 ] (0.00000257)
[  0  0  0  0  1  1  2  0  1 ] (0.00002849)
[  0  0  0  0  1  1  2  1  0 ] (0.00000996)
[  0  0  0  0  1  1  3  0  0 ] (0.00377841)
[  0  0  0  0  1  2  0  0  0 ] (0.00000054)
[  0  0  0  0  1  2  0  0  1 ] (0.00000276)
[  0  0  0  0  1  2  0  0  2 ] (0.00148932)
[  0  0  0  0  1  2  0  1  0 ] (0.00000002)
[  0  0  0  0  1  2  0  1  1 ] (0.00004949)
[  0  0  0  0  1  2  0  2  0 ] (0.00232201)
[  0  0  0  0  1  2  1  0  0 ] (0.00001465)
[  0  0  0  0  1  2  1  0  1 ] (0.00075229)
[  0  0  0  0  1  2  1  1  0 ] (0.00004370)
[  0  0  0  0  1  2  2  0  0 ] (0.00000268)
[  0  0  0  0  1  3  0  0  0 ] (0.00000200)
[  0  0  0  0  1  3  0  0  1 ] (0.00044718)
[  0  0  0  0  1  3  0  1  0 ] (0.00012142)
[  0  0  0  0  1  3  1  0  0 ] (0.00101579)
[  0  0  0  0  1  4  0  0  0 ] (0.00002924)
[  0  0  0  0  2  0  0  0  0 ] (0.00000062)
[  0  0  0  0  2  0  0  0  1 ] (0.00004496)
[  0  0  0  0  2  0  0  0  2 ] (0.00005546)
[  0  0  0  0  2  0  0  0  3 ] (0.00002482)
[  0  0  0  0  2  0  0  1  0 ] (0.00035986)
[  0  0  0  0  2  0  0  1  1 ] (0.00066933)
[  0  0  0  0  2  0  0  1  2 ] (0.00003355)
[  0  0  0  0  2  0  0  2  0 ] (0.00010265)
[  0  0  0  0  2  0  0  2  1 ] (0.00007955)
[  0  0  0  0  2  0  0  3  0 ] (0.00021424)
[  0  0  0  0  2  0  1  0  0 ] (0.00004391)
[  0  0  0  0  2  0  1  0  1 ] (0.00003085)
[  0  0  0  0  2  0  1  0  2 ] (0.00005197)
[  0  0  0  0  2  0  1  1  0 ] (0.00116910)
[  0  0  0  0  2  0  1  1  1 ] (0.00060857)
[  0  0  0  0  2  0  1  2  0 ] (0.00006371)
[  0  0  0  0  2  0  2  0  0 ] (0.00000731)
[  0  0  0  0  2  0  2  0  1 ] (0.00005848)
[  0  0  0  0  2  0  2  1  0 ] (0.00042248)
[  0  0  0  0  2  0  3  0  0 ] (0.00044910)
[  0  0  0  0  2  1  0  0  0 ] (0.00000230)
[  0  0  0  0  2  1  0  0  1 ] (0.00028722)
[  0  0  0  0  2  1  0  0  2 ] (0.00093281)
[  0  0  0  0  2  1  0  1  0 ] (0.00002727)
[  0  0  0  0  2  1  0  1  1 ] (0.00053127)
[  0  0  0  0  2  1  0  2  0 ] (0.00056710)
[  0  0  0  0  2  1  1  0  0 ] (0.00012271)
[  0  0  0  0  2  1  1  0  1 ] (0.00003292)
[  0  0  0  0  2  1  1  1  0 ] (0.00001153)
[  0  0  0  0  2  1  2  0  0 ] (0.00009428)
[  0  0  0  0  2  2  0  0  0 ] (0.00000280)
[  0  0  0  0  2  2  0  0  1 ] (0.00064157)
[  0  0  0  0  2  2  0  1  0 ] (0.00006186)
[  0  0  0  0  2  2  1  0  0 ] (0.00027429)
[  0  0  0  0  2  3  0  0  0 ] (0.00000005)
[  0  0  0  0  3  0  0  0  0 ] (0.00000000)
[  0  0  0  0  3  0  0  0  1 ] (0.00002386)
[  0  0  0  0  3  0  0  0  2 ] (0.00070519)
[  0  0  0  0  3  0  0  1  0 ] (0.00005188)
[  0  0  0  0  3  0  0  1  1 ] (0.00014134)
[  0  0  0  0  3  0  0  2  0 ] (0.00006092)
[  0  0  0  0  3  0  1  0  0 ] (0.00004126)
[  0  0  0  0  3  0  1  0  1 ] (0.00000654)
[  0  0  0  0  3  0  1  1  0 ] (0.00494176)
[  0  0  0  0  3  0  2  0  0 ] (0.00025633)
[  0  0  0  0  3  1  0  0  0 ] (0.00000368)
[  0  0  0  0  3  1  0  0  1 ] (0.00000390)
[  0  0  0  0  3  1  0  1  0 ] (0.00011093)
[  0  0  0  0  3  1  1  0  0 ] (0.00016703)
[  0  0  0  0  3  2  0  0  0 ] (0.00000006)
[  0  0  0  0  4  0  0  0  0 ] (0.00030995)
[  0  0  0  0  4  0  0  0  1 ] (0.00248647)
[  0  0  0  0  4  0  0  1  0 ] (0.00182114)
[  0  0  0  0  4  0  1  0  0 ] (0.00370930)
[  0  0  0  0  4  1  0  0  0 ] (0.00001685)
[  0  0  0  0  5  0  0  0  0 ] (0.00005631)
[  0  0  0  1  0  0  0  0  0 ] (0.00000870)
[  0  0  0  1  0  0  0  0  1 ] (0.00001172)
[  0  0  0  1  0  0  0  0  2 ] (0.00002204)
[  0  0  0  1  0  0  0  0  3 ] (0.00003611)
[  0  0  0  1  0  0  0  0  4 ] (0.00000437)
[  0  0  0  1  0  0  0  1  0 ] (0.00000067)
[  0  0  0  1  0  0  0  1  1 ] (0.00016646)
[  0  0  0  1  0  0  0  1  2 ] (0.00000006)
[  0  0  0  1  0  0  0  1  3 ] (0.00000003)
[  0  0  0  1  0  0  0  2  0 ] (0.00007098)
[  0  0  0  1  0  0  0  2  1 ] (0.00149083)
[  0  0  0  1  0  0  0  2  2 ] (0.00021504)
[  0  0  0  1  0  0  0  3  0 ] (0.00005673)
[  0  0  0  1  0  0  0  3  1 ] (0.00002692)
[  0  0  0  1  0  0  0  4  0 ] (0.00000973)
[  0  0  0  1  0  0  1  0  0 ] (0.00000395)
[  0  0  0  1  0  0  1  0  1 ] (0.00000934)
[  0  0  0  1  0  0  1  0  2 ] (0.00090074)
[  0  0  0  1  0  0  1  0  3 ] (0.00000391)
[  0  0  0  1  0  0  1  1  0 ] (0.00000011)
[  0  0  0  1  0  0  1  1  1 ] (0.00011518)
[  0  0  0  1  0  0  1  1  2 ] (0.00001023)
[  0  0  0  1  0  0  1  2  0 ] (0.00000672)
[  0  0  0  1  0  0  1  2  1 ] (0.00020032)
[  0  0  0  1  0  0  1  3  0 ] (0.00000319)
[  0  0  0  1  0  0  2  0  0 ] (0.00000110)
[  0  0  0  1  0  0  2  0  1 ] (0.00001044)
[  0  0  0  1  0  0  2  0  2 ] (0.00000064)
[  0  0  0  1  0  0  2  1  0 ] (0.00005468)
[  0  0  0  1  0  0  2  1  1 ] (0.00002014)
[  0  0  0  1  0  0  2  2  0 ] (0.00001238)
[  0  0  0  1  0  0  3  0  0 ] (0.00057178)
[  0  0  0  1  0  0  3  0  1 ] (0.00004351)
[  0  0  0  1  0  0  3  1  0 ] (0.00007531)
[  0  0  0  1  0  0  4  0  0 ] (0.00035120)
[  0  0  0  1  0  1  0  0  0 ] (0.00000109)
[  0  0  0  1  0  1  0  0  1 ] (0.00036635)
[  0  0  0  1  0  1  0  0  2 ] (0.00000349)
[  0  0  0  1  0  1  0  0  3 ] (0.00000113)
[  0  0  0  1  0  1  0  1  0 ] (0.00031711)
[  0  0  0  1  0  1  0  1  1 ] (0.00943339)
[  0  0  0  1  0  1  0  1  2 ] (0.00069829)
[  0  0  0  1  0  1  0  2  0 ] (0.00005755)
[  0  0  0  1  0  1  0  2  1 ] (0.00000899)
[  0  0  0  1  0  1  0  3  0 ] (0.00064874)
[  0  0  0  1  0  1  1  0  0 ] (0.00015610)
[  0  0  0  1  0  1  1  0  1 ] (0.00001469)
[  0  0  0  1  0  1  1  0  2 ] (0.00014394)
[  0  0  0  1  0  1  1  1  0 ] (0.00013238)
[  0  0  0  1  0  1  1  1  1 ] (0.00020581)
[  0  0  0  1  0  1  1  2  0 ] (0.00000058)
[  0  0  0  1  0  1  2  0  0 ] (0.00000369)
[  0  0  0  1  0  1  2  0  1 ] (0.00017483)
[  0  0  0  1  0  1  2  1  0 ] (0.00024229)
[  0  0  0  1  0  1  3  0  0 ] (0.00550802)
[  0  0  0  1  0  2  0  0  0 ] (0.00003613)
[  0  0  0  1  0  2  0  0  1 ] (0.00019493)
[  0  0  0  1  0  2  0  0  2 ] (0.00071176)
[  0  0  0  1  0  2  0  1  0 ] (0.00013115)
[  0  0  0  1  0  2  0  1  1 ] (0.00086962)
[  0  0  0  1  0  2  0  2  0 ] (0.00116766)
[  0  0  0  1  0  2  1  0  0 ] (0.00021521)
[  0  0  0  1  0  2  1  0  1 ] (0.00011518)
[  0  0  0  1  0  2  1  1  0 ] (0.00014626)
[  0  0  0  1  0  2  2  0  0 ] (0.00008924)
[  0  0  0  1  0  3  0  0  0 ] (0.00015114)
[  0  0  0  1  0  3  0  0  1 ] (0.00970745)
[  0  0  0  1  0  3  0  1  0 ] (0.00061214)
[  0  0  0  1  0  3  1  0  0 ] (0.00198487)
[  0  0  0  1  0  4  0  0  0 ] (0.00007601)
[  0  0  0  1  1  0  0  0  0 ] (0.00000267)
[  0  0  0  1  1  0  0  0  1 ] (0.00000274)
[  0  0  0  1  1  0  0  0  2 ] (0.00000326)
[  0  0  0  1  1  0  0  0  3 ] (0.00001286)
[  0  0  0  1  1  0  0  1  0 ] (0.00037491)
[  0  0  0  1  1  0  0  1  1 ] (0.01758747)
[  0  0  0  1  1  0  0  1  2 ] (0.00076179)
[  0  0  0  1  1  0  0  2  0 ] (0.00000186)
[  0  0  0  1  1  0  0  2  1 ] (0.00001456)
[  0  0  0  1  1  0  0  3  0 ] (0.00003378)
[  0  0  0  1  1  0  1  0  0 ] (0.00007044)
[  0  0  0  1  1  0  1  0  1 ] (0.00001611)
[  0  0  0  1  1  0  1  0  2 ] (0.00000231)
[  0  0  0  1  1  0  1  1  0 ] (0.00000606)
[  0  0  0  1  1  0  1  1  1 ] (0.00054842)
[  0  0  0  1  1  0  1  2  0 ] (0.00000455)
[  0  0  0  1  1  0  2  0  0 ] (0.00007378)
[  0  0  0  1  1  0  2  0  1 ] (0.00014403)
[  0  0  0  1  1  0  2  1  0 ] (0.00009436)
[  0  0  0  1  1  0  3  0  0 ] (0.00003156)
[  0  0  0  1  1  1  0  0  0 ] (0.00000883)
[  0  0  0  1  1  1  0  0  1 ] (0.00001124)
[  0  0  0  1  1  1  0  0  2 ] (0.00004187)
[  0  0  0  1  1  1  0  1  0 ] (0.00037046)
[  0  0  0  1  1  1  0  1  1 ] (0.00284769)
[  0  0  0  1  1  1  0  2  0 ] (0.00013157)
[  0  0  0  1  1  1  1  0  0 ] (0.00054375)
[  0  0  0  1  1  1  1  0  1 ] (0.00001994)
[  0  0  0  1  1  1  1  1  0 ] (0.00014157)
[  0  0  0  1  1  1  2  0  0 ] (0.00177933)
[  0  0  0  1  1  2  0  0  0 ] (0.00001202)
[  0  0  0  1  1  2  0  0  1 ] (0.00002641)
[  0  0  0  1  1  2  0  1  0 ] (0.00419788)
[  0  0  0  1  1  2  1  0  0 ] (0.00124208)
[  0  0  0  1  1  3  0  0  0 ] (0.00000156)
[  0  0  0  1  2  0  0  0  0 ] (0.00005833)
[  0  0  0  1  2  0  0  0  1 ] (0.00668608)
[  0  0  0  1  2  0  0  0  2 ] (0.01127628)
[  0  0  0  1  2  0  0  1  0 ] (0.00003238)
[  0  0  0  1  2  0  0  1  1 ] (0.00000498)
[  0  0  0  1  2  0  0  2  0 ] (0.00000507)
[  0  0  0  1  2  0  1  0  0 ] (0.00037238)
[  0  0  0  1  2  0  1  0  1 ] (0.00005704)
[  0  0  0  1  2  0  1  1  0 ] (0.00008078)
[  0  0  0  1  2  0  2  0  0 ] (0.00008983)
[  0  0  0  1  2  1  0  0  0 ] (0.00079125)
[  0  0  0  1  2  1  0  0  1 ] (0.04439247)
[  0  0  0  1  2  1  0  1  0 ] (0.00051328)
[  0  0  0  1  2  1  1  0  0 ] (0.00005348)
[  0  0  0  1  2  2  0  0  0 ] (0.00016894)
[  0  0  0  1  3  0  0  0  0 ] (0.00000260)
[  0  0  0  1  3  0  0  0  1 ] (0.00003688)
[  0  0  0  1  3  0  0  1  0 ] (0.00005287)
[  0  0  0  1  3  0  1  0  0 ] (0.00066482)
[  0  0  0  1  3  1  0  0  0 ] (0.00000200)
[  0  0  0  1  4  0  0  0  0 ] (0.00001852)
[  0  0  0  2  0  0  0  0  0 ] (0.00000275)
[  0  0  0  2  0  0  0  0  1 ] (0.00004472)
[  0  0  0  2  0  0  0  0  2 ] (0.00055574)
[  0  0  0  2  0  0  0  0  3 ] (0.00000635)
[  0  0  0  2  0  0  0  1  0 ] (0.00000005)
[  0  0  0  2  0  0  0  1  1 ] (0.00021923)
[  0  0  0  2  0  0  0  1  2 ] (0.00002481)
[  0  0  0  2  0  0  0  2  0 ] (0.00000048)
[  0  0  0  2  0  0  0  2  1 ] (0.00005714)
[  0  0  0  2  0  0  0  3  0 ] (0.00006510)
[  0  0  0  2  0  0  1  0  0 ] (0.00000805)
[  0  0  0  2  0  0  1  0  1 ] (0.00003061)
[  0  0  0  2  0  0  1  0  2 ] (0.00008769)
[  0  0  0  2  0  0  1  1  0 ] (0.00005737)
[  0  0  0  2  0  0  1  1  1 ] (0.00000123)
[  0  0  0  2  0  0  1  2  0 ] (0.00002812)
[  0  0  0  2  0  0  2  0  0 ] (0.00002131)
[  0  0  0  2  0  0  2  0  1 ] (0.00029235)
[  0  0  0  2  0  0  2  1  0 ] (0.00009756)
[  0  0  0  2  0  0  3  0  0 ] (0.00006205)
[  0  0  0  2  0  1  0  0  0 ] (0.00000980)
[  0  0  0  2  0  1  0  0  1 ] (0.00006511)
[  0  0  0  2  0  1  0  0  2 ] (0.00198067)
[  0  0  0  2  0  1  0  1  0 ] (0.00006244)
[  0  0  0  2  0  1  0  1  1 ] (0.00045280)
[  0  0  0  2  0  1  0  2  0 ] (0.00005658)
[  0  0  0  2  0  1  1  0  0 ] (0.00000650)
[  0  0  0  2  0  1  1  0  1 ] (0.00021205)
[  0  0  0  2  0  1  1  1  0 ] (0.00058096)
[  0  0  0  2  0  1  2  0  0 ] (0.00000268)
[  0  0  0  2  0  2  0  0  0 ] (0.00000757)
[  0  0  0  2  0  2  0  0  1 ] (0.00002212)
[  0  0  0  2  0  2  0  1  0 ] (0.00003342)
[  0  0  0  2  0  2  1  0  0 ] (0.00006148)
[  0  0  0  2  0  3  0  0  0 ] (0.00002084)
[  0  0  0  2  1  0  0  0  0 ] (0.00008632)
[  0  0  0  2  1  0  0  0  1 ] (0.00077395)
[  0  0  0  2  1  0  0  0  2 ] (0.03080387)
[  0  0  0  2  1  0  0  1  0 ] (0.00000537)
[  0  0  0  2  1  0  0  1  1 ] (0.00004598)
[  0  0  0  2  1  0  0  2  0 ] (0.00975120)
[  0  0  0  2  1  0  1  0  0 ] (0.00000380)
[  0  0  0  2  1  0  1  0  1 ] (0.00007587)
[  0  0  0  2  1  0  1  1  0 ] (0.00000852)
[  0  0  0  2  1  0  2  0  0 ] (0.00016320)
[  0  0  0  2  1  1  0  0  0 ] (0.00026085)
[  0  0  0  2  1  1  0  0  1 ] (0.00144285)
[  0  0  0  2  1  1  0  1  0 ] (0.00000091)
[  0  0  0  2  1  1  1  0  0 ] (0.00008151)
[  0  0  0  2  1  2  0  0  0 ] (0.00015101)
[  0  0  0  2  2  0  0  0  0 ] (0.00000689)
[  0  0  0  2  2  0  0  0  1 ] (0.00000053)
[  0  0  0  2  2  0  0  1  0 ] (0.00013548)
[  0  0  0  2  2  0  1  0  0 ] (0.00007279)
[  0  0  0  2  2  1  0  0  0 ] (0.00000605)
[  0  0  0  2  3  0  0  0  0 ] (0.00000250)
[  0  0  0  3  0  0  0  0  0 ] (0.00000000)
[  0  0  0  3  0  0  0  0  1 ] (0.00000898)
[  0  0  0  3  0  0  0  0  2 ] (0.00002975)
[  0  0  0  3  0  0  0  1  0 ] (0.00006101)
[  0  0  0  3  0  0  0  1  1 ] (0.00255366)
[  0  0  0  3  0  0  0  2  0 ] (0.00000000)
[  0  0  0  3  0  0  1  0  0 ] (0.00001330)
[  0  0  0  3  0  0  1  0  1 ] (0.00119000)
[  0  0  0  3  0  0  1  1  0 ] (0.00069093)
[  0  0  0  3  0  0  2  0  0 ] (0.00000352)
[  0  0  0  3  0  1  0  0  0 ] (0.00000464)
[  0  0  0  3  0  1  0  0  1 ] (0.00005953)
[  0  0  0  3  0  1  0  1  0 ] (0.00003758)
[  0  0  0  3  0  1  1  0  0 ] (0.00004531)
[  0  0  0  3  0  2  0  0  0 ] (0.00000092)
[  0  0  0  3  1  0  0  0  0 ] (0.00000604)
[  0  0  0  3  1  0  0  0  1 ] (0.00041284)
[  0  0  0  3  1  0  0  1  0 ] (0.00000135)
[  0  0  0  3  1  0  1  0  0 ] (0.00008472)
[  0  0  0  3  1  1  0  0  0 ] (0.00002067)
[  0  0  0  3  2  0  0  0  0 ] (0.00000388)
[  0  0  0  4  0  0  0  0  0 ] (0.00000283)
[  0  0  0  4  0  0  0  0  1 ] (0.00000219)
[  0  0  0  4  0  0  0  1  0 ] (0.00000351)
[  0  0  0  4  0  0  1  0  0 ] (0.00012672)
[  0  0  0  4  0  1  0  0  0 ] (0.00003987)
[  0  0  0  4  1  0  0  0  0 ] (0.00000078)
[  0  0  0  5  0  0  0  0  0 ] (0.00001129)
[  0  0  1  0  0  0  0  0  0 ] (0.00000219)
[  0  0  1  0  0  0  0  0  1 ] (0.00000071)
[  0  0  1  0  0  0  0  0  2 ] (0.00001481)
[  0  0  1  0  0  0  0  0  3 ] (0.00312911)
[  0  0  1  0  0  0  0  0  4 ] (0.00000007)
[  0  0  1  0  0  0  0  1  0 ] (0.00000102)
[  0  0  1  0  0  0  0  1  1 ] (0.00002248)
[  0  0  1  0  0  0  0  1  2 ] (0.00001116)
[  0  0  1  0  0  0  0  1  3 ] (0.00000427)
[  0  0  1  0  0  0  0  2  0 ] (0.00002518)
[  0  0  1  0  0  0  0  2  1 ] (0.00029656)
[  0  0  1  0  0  0  0  2  2 ] (0.00008649)
[  0  0  1  0  0  0  0  3  0 ] (0.00264797)
[  0  0  1  0  0  0  0  3  1 ] (0.00024427)
[  0  0  1  0  0  0  0  4  0 ] (0.00009786)
[  0  0  1  0  0  0  1  0  0 ] (0.00000416)
[  0  0  1  0  0  0  1  0  1 ] (0.00011778)
[  0  0  1  0  0  0  1  0  2 ] (0.00089460)
[  0  0  1  0  0  0  1  0  3 ] (0.00000126)
[  0  0  1  0  0  0  1  1  0 ] (0.00002018)
[  0  0  1  0  0  0  1  1  1 ] (0.00037282)
[  0  0  1  0  0  0  1  1  2 ] (0.00000253)
[  0  0  1  0  0  0  1  2  0 ] (0.00009057)
[  0  0  1  0  0  0  1  2  1 ] (0.00007632)
[  0  0  1  0  0  0  1  3  0 ] (0.00015010)
[  0  0  1  0  0  0  2  0  0 ] (0.00000513)
[  0  0  1  0  0  0  2  0  1 ] (0.00004551)
[  0  0  1  0  0  0  2  0  2 ] (0.00001090)
[  0  0  1  0  0  0  2  1  0 ] (0.00000315)
[  0  0  1  0  0  0  2  1  1 ] (0.00001234)
[  0  0  1  0  0  0  2  2  0 ] (0.00001903)
[  0  0  1  0  0  0  3  0  0 ] (0.00000235)
[  0  0  1  0  0  0  3  0  1 ] (0.00013688)
[  0  0  1  0  0  0  3  1  0 ] (0.00000990)
[  0  0  1  0  0  0  4  0  0 ] (0.00000091)
[  0  0  1  0  0  1  0  0  0 ] (0.00000008)
[  0  0  1  0  0  1  0  0  1 ] (0.00002621)
[  0  0  1  0  0  1  0  0  2 ] (0.00001676)
[  0  0  1  0  0  1  0  0  3 ] (0.00000029)
[  0  0  1  0  0  1  0  1  0 ] (0.00001802)
[  0  0  1  0  0  1  0  1  1 ] (0.00019356)
[  0  0  1  0  0  1  0  1  2 ] (0.00000262)
[  0  0  1  0  0  1  0  2  0 ] (0.00000404)
[  0  0  1  0  0  1  0  2  1 ] (0.00000046)
[  0  0  1  0  0  1  0  3  0 ] (0.00232946)
[  0  0  1  0  0  1  1  0  0 ] (0.00000030)
[  0  0  1  0  0  1  1  0  1 ] (0.00003424)
[  0  0  1  0  0  1  1  0  2 ] (0.00001966)
[  0  0  1  0  0  1  1  1  0 ] (0.00001331)
[  0  0  1  0  0  1  1  1  1 ] (0.00007295)
[  0  0  1  0  0  1  1  2  0 ] (0.00000228)
[  0  0  1  0  0  1  2  0  0 ] (0.00001216)
[  0  0  1  0  0  1  2  0  1 ] (0.00002672)
[  0  0  1  0  0  1  2  1  0 ] (0.00000346)
[  0  0  1  0  0  1  3  0  0 ] (0.00000195)
[  0  0  1  0  0  2  0  0  0 ] (0.00000092)
[  0  0  1  0  0  2  0  0  1 ] (0.00000013)
[  0  0  1  0  0  2  0  0  2 ] (0.00036938)
[  0  0  1  0  0  2  0  1  0 ] (0.00006778)
[  0  0  1  0  0  2  0  1  1 ] (0.00003440)
[  0  0  1  0  0  2  0  2  0 ] (0.00091047)
[  0  0  1  0  0  2  1  0  0 ] (0.00005149)
[  0  0  1  0  0  2  1  0  1 ] (0.00031788)
[  0  0  1  0  0  2  1  1  0 ] (0.00004013)
[  0  0  1  0  0  2  2  0  0 ] (0.00006939)
[  0  0  1  0  0  3  0  0  0 ] (0.00000074)
[  0  0  1  0  0  3  0  0  1 ] (0.00035261)
[  0  0  1  0  0  3  0  1  0 ] (0.00001650)
[  0  0  1  0  0  3  1  0  0 ] (0.00001090)
[  0  0  1  0  0  4  0  0  0 ] (0.00000180)
[  0  0  1  0  1  0  0  0  0 ] (0.00000091)
[  0  0  1  0  1  0  0  0  1 ] (0.00000473)
[  0  0  1  0  1  0  0  0  2 ] (0.00027394)
[  0  0  1  0  1  0  0  0  3 ] (0.00002684)
[  0  0  1  0  1  0  0  1  0 ] (0.00062170)
[  0  0  1  0  1  0  0  1  1 ] (0.00478786)
[  0  0  1  0  1  0  0  1  2 ] (0.00047209)
[  0  0  1  0  1  0  0  2  0 ] (0.00000586)
[  0  0  1  0  1  0  0  2  1 ] (0.00023354)
[  0  0  1  0  1  0  0  3  0 ] (0.00000725)
[  0  0  1  0  1  0  1  0  0 ] (0.00038139)
[  0  0  1  0  1  0  1  0  1 ] (0.00087146)
[  0  0  1  0  1  0  1  0  2 ] (0.00046611)
[  0  0  1  0  1  0  1  1  0 ] (0.00041571)
[  0  0  1  0  1  0  1  1  1 ] (0.00045371)
[  0  0  1  0  1  0  1  2  0 ] (0.00014412)
[  0  0  1  0  1  0  2  0  0 ] (0.00000080)
[  0  0  1  0  1  0  2  0  1 ] (0.00013853)
[  0  0  1  0  1  0  2  1  0 ] (0.00016372)
[  0  0  1  0  1  0  3  0  0 ] (0.00612587)
[  0  0  1  0  1  1  0  0  0 ] (0.00002701)
[  0  0  1  0  1  1  0  0  1 ] (0.00014908)
[  0  0  1  0  1  1  0  0  2 ] (0.00101046)
[  0  0  1  0  1  1  0  1  0 ] (0.00008238)
[  0  0  1  0  1  1  0  1  1 ] (0.00007215)
[  0  0  1  0  1  1  0  2  0 ] (0.00000032)
[  0  0  1  0  1  1  1  0  0 ] (0.00011469)
[  0  0  1  0  1  1  1  0  1 ] (0.00012966)
[  0  0  1  0  1  1  1  1  0 ] (0.00003853)
[  0  0  1  0  1  1  2  0  0 ] (0.00023901)
[  0  0  1  0  1  2  0  0  0 ] (0.00000763)
[  0  0  1  0  1  2  0  0  1 ] (0.00030695)
[  0  0  1  0  1  2  0  1  0 ] (0.00261612)
[  0  0  1  0  1  2  1  0  0 ] (0.00070366)
[  0  0  1  0  1  3  0  0  0 ] (0.00006029)
[  0  0  1  0  2  0  0  0  0 ] (0.00003779)
[  0  0  1  0  2  0  0  0  1 ] (0.00093021)
[  0  0  1  0  2  0  0  0  2 ] (0.00000020)
[  0  0  1  0  2  0  0  1  0 ] (0.00003516)
[  0  0  1  0  2  0  0  1  1 ] (0.00009399)
[  0  0  1  0  2  0  0  2  0 ] (0.00324922)
[  0  0  1  0  2  0  1  0  0 ] (0.00004734)
[  0  0  1  0  2  0  1  0  1 ] (0.00002966)
[  0  0  1  0  2  0  1  1  0 ] (0.00018480)
[  0  0  1  0  2  0  2  0  0 ] (0.00009074)
[  0  0  1  0  2  1  0  0  0 ] (0.00018919)
[  0  0  1  0  2  1  0  0  1 ] (0.00561068)
[  0  0  1  0  2  1  0  1  0 ] (0.00038988)
[  0  0  1  0  2  1  1  0  0 ] (0.00007313)
[  0  0  1  0  2  2  0  0  0 ] (0.00004723)
[  0  0  1  0  3  0  0  0  0 ] (0.00000628)
[  0  0  1  0  3  0  0  0  1 ] (0.00000170)
[  0  0  1  0  3  0  0  1  0 ] (0.00000162)
[  0  0  1  0  3  0  1  0  0 ] (0.00007209)
[  0  0  1  0  3  1  0  0  0 ] (0.00000473)
[  0  0  1  0  4  0  0  0  0 ] (0.00013790)
[  0  0  1  1  0  0  0  0  0 ] (0.00000057)
[  0  0  1  1  0  0  0  0  1 ] (0.00000897)
[  0  0  1  1  0  0  0  0  2 ] (0.00000910)
[  0  0  1  1  0  0  0  0  3 ] (0.00001924)
[  0  0  1  1  0  0  0  1  0 ] (0.00001537)
[  0  0  1  1  0  0  0  1  1 ] (0.00000009)
[  0  0  1  1  0  0  0  1  2 ] (0.00002552)
[  0  0  1  1  0  0  0  2  0 ] (0.00032599)
[  0  0  1  1  0  0  0  2  1 ] (0.00020907)
[  0  0  1  1  0  0  0  3  0 ] (0.00010513)
[  0  0  1  1  0  0  1  0  0 ] (0.00002635)
[  0  0  1  1  0  0  1  0  1 ] (0.00002302)
[  0  0  1  1  0  0  1  0  2 ] (0.00000228)
[  0  0  1  1  0  0  1  1  0 ] (0.00000875)
[  0  0  1  1  0  0  1  1  1 ] (0.00000010)
[  0  0  1  1  0  0  1  2  0 ] (0.00157955)
[  0  0  1  1  0  0  2  0  0 ] (0.00000073)
[  0  0  1  1  0  0  2  0  1 ] (0.00000238)
[  0  0  1  1  0  0  2  1  0 ] (0.00006099)
[  0  0  1  1  0  0  3  0  0 ] (0.00000021)
[  0  0  1  1  0  1  0  0  0 ] (0.00002345)
[  0  0  1  1  0  1  0  0  1 ] (0.00000263)
[  0  0  1  1  0  1  0  0  2 ] (0.00001116)
[  0  0  1  1  0  1  0  1  0 ] (0.00000416)
[  0  0  1  1  0  1  0  1  1 ] (0.00005515)
[  0  0  1  1  0  1  0  2  0 ] (0.02110304)
[  0  0  1  1  0  1  1  0  0 ] (0.00000045)
[  0  0  1  1  0  1  1  0  1 ] (0.00111002)
[  0  0  1  1  0  1  1  1  0 ] (0.00005871)
[  0  0  1  1  0  1  2  0  0 ] (0.00000128)
[  0  0  1  1  0  2  0  0  0 ] (0.00002747)
[  0  0  1  1  0  2  0  0  1 ] (0.00004399)
[  0  0  1  1  0  2  0  1  0 ] (0.00001675)
[  0  0  1  1  0  2  1  0  0 ] (0.00003169)
[  0  0  1  1  0  3  0  0  0 ] (0.00002463)
[  0  0  1  1  1  0  0  0  0 ] (0.00001442)
[  0  0  1  1  1  0  0  0  1 ] (0.00009975)
[  0  0  1  1  1  0  0  0  2 ] (0.00022638)
[  0  0  1  1  1  0  0  1  0 ] (0.00021927)
[  0  0  1  1  1  0  0  1  1 ] (0.00000582)
[  0  0  1  1  1  0  0  2  0 ] (0.00022591)
[  0  0  1  1  1  0  1  0  0 ] (0.00024152)
[  0  0  1  1  1  0  1  0  1 ] (0.00001171)
[  0  0  1  1  1  0  1  1  0 ] (0.00000401)
[  0  0  1  1  1  0  2  0  0 ] (0.00018618)
[  0  0  1  1  1  1  0  0  0 ] (0.00001636)
[  0  0  1  1  1  1  0  0  1 ] (0.00040464)
[  0  0  1  1  1  1  0  1  0 ] (0.00058929)
[  0  0  1  1  1  1  1  0  0 ] (0.00151807)
[  0  0  1  1  1  2  0  0  0 ] (0.00000030)
[  0  0  1  1  2  0  0  0  0 ] (0.00047344)
[  0  0  1  1  2  0  0  0  1 ] (0.00343815)
[  0  0  1  1  2  0  0  1  0 ] (0.00222905)
[  0  0  1  1  2  0  1  0  0 ] (0.00367051)
[  0  0  1  1  2  1  0  0  0 ] (0.00004428)
[  0  0  1  1  3  0  0  0  0 ] (0.00003517)
[  0  0  1  2  0  0  0  0  0 ] (0.00000052)
[  0  0  1  2  0  0  0  0  1 ] (0.00000793)
[  0  0  1  2  0  0  0  0  2 ] (0.00032686)
[  0  0  1  2  0  0  0  1  0 ] (0.00001525)
[  0  0  1  2  0  0  0  1  1 ] (0.00207785)
[  0  0  1  2  0  0  0  2  0 ] (0.00002924)
[  0  0  1  2  0  0  1  0  0 ] (0.00003743)
[  0  0  1  2  0  0  1  0  1 ] (0.00033994)
[  0  0  1  2  0  0  1  1  0 ] (0.00129765)
[  0  0  1  2  0  0  2  0  0 ] (0.00000944)
[  0  0  1  2  0  1  0  0  0 ] (0.00000361)
[  0  0  1  2  0  1  0  0  1 ] (0.00006632)
[  0  0  1  2  0  1  0  1  0 ] (0.00004231)
[  0  0  1  2  0  1  1  0  0 ] (0.00000828)
[  0  0  1  2  0  2  0  0  0 ] (0.00000090)
[  0  0  1  2  1  0  0  0  0 ] (0.00000271)
[  0  0  1  2  1  0  0  0  1 ] (0.00030763)
[  0  0  1  2  1  0  0  1  0 ] (0.00003446)
[  0  0  1  2  1  0  1  0  0 ] (0.00014112)
[  0  0  1  2  1  1  0  0  0 ] (0.00001141)
[  0  0  1  2  2  0  0  0  0 ] (0.00001147)
[  0  0  1  3  0  0  0  0  0 ] (0.00000003)
[  0  0  1  3  0  0  0  0  1 ] (0.00000184)
[  0  0  1  3  0  0  0  1  0 ] (0.00001132)
[  0  0  1  3  0  0  1  0  0 ] (0.00000522)
[  0  0  1  3  0  1  0  0  0 ] (0.00000005)
[  0  0  1  3  1  0  0  0  0 ] (0.00001803)
[  0  0  1  4  0  0  0  0  0 ] (0.00003369)
[  0  0  2  0  0  0  0  0  0 ] (0.00000001)
[  0  0  2  0  0  0  0  0  1 ] (0.00000016)
[  0  0  2  0  0  0  0  0  2 ] (0.00001621)
[  0  0  2  0  0  0  0  0  3 ] (0.00000361)
[  0  0  2  0  0  0  0  1  0 ] (0.00000127)
[  0  0  2  0  0  0  0  1  1 ] (0.00000903)
[  0  0  2  0  0  0  0  1  2 ] (0.00000140)
[  0  0  2  0  0  0  0  2  0 ] (0.00000571)
[  0  0  2  0  0  0  0  2  1 ] (0.00007912)
[  0  0  2  0  0  0  0  3  0 ] (0.00000416)
[  0  0  2  0  0  0  1  0  0 ] (0.00000086)
[  0  0  2  0  0  0  1  0  1 ] (0.00000110)
[  0  0  2  0  0  0  1  0  2 ] (0.00000855)
[  0  0  2  0  0  0  1  1  0 ] (0.00000191)
[  0  0  2  0  0  0  1  1  1 ] (0.00000095)
[  0  0  2  0  0  0  1  2  0 ] (0.00000004)
[  0  0  2  0  0  0  2  0  0 ] (0.00000692)
[  0  0  2  0  0  0  2  0  1 ] (0.00003698)
[  0  0  2  0  0  0  2  1  0 ] (0.00007883)
[  0  0  2  0  0  0  3  0  0 ] (0.00000114)
[  0  0  2  0  0  1  0  0  0 ] (0.00000067)
[  0  0  2  0  0  1  0  0  1 ] (0.00000024)
[  0  0  2  0  0  1  0  0  2 ] (0.00005213)
[  0  0  2  0  0  1  0  1  0 ] (0.00000832)
[  0  0  2  0  0  1  0  1  1 ] (0.00004109)
[  0  0  2  0  0  1  0  2  0 ] (0.00007748)
[  0  0  2  0  0  1  1  0  0 ] (0.00000029)
[  0  0  2  0  0  1  1  0  1 ] (0.00000007)
[  0  0  2  0  0  1  1  1  0 ] (0.00076363)
[  0  0  2  0  0  1  2  0  0 ] (0.00000029)
[  0  0  2  0  0  2  0  0  0 ] (0.00000014)
[  0  0  2  0  0  2  0  0  1 ] (0.00000011)
[  0  0  2  0  0  2  0  1  0 ] (0.00000320)
[  0  0  2  0  0  2  1  0  0 ] (0.00001072)
[  0  0  2  0  0  3  0  0  0 ] (0.00000024)
[  0  0  2  0  1  0  0  0  0 ] (0.00001877)
[  0  0  2  0  1  0  0  0  1 ] (0.00041338)
[  0  0  2  0  1  0  0  0  2 ] (0.00235027)
[  0  0  2  0  1  0  0  1  0 ] (0.00000004)
[  0  0  2  0  1  0  0  1  1 ] (0.00013671)
[  0  0  2  0  1  0  0  2  0 ] (0.00050336)
[  0  0  2  0  1  0  1  0  0 ] (0.00000318)
[  0  0  2  0  1  0  1  0  1 ] (0.00067093)
[  0  0  2  0  1  0  1  1  0 ] (0.00000085)
[  0  0  2  0  1  0  2  0  0 ] (0.00008252)
[  0  0  2  0  1  1  0  0  0 ] (0.00002418)
[  0  0  2  0  1  1  0  0  1 ] (0.00045197)
[  0  0  2  0  1  1  0  1  0 ] (0.00000033)
[  0  0  2  0  1  1  1  0  0 ] (0.00001340)
[  0  0  2  0  1  2  0  0  0 ] (0.00000847)
[  0  0  2  0  2  0  0  0  0 ] (0.00000398)
[  0  0  2  0  2  0  0  0  1 ] (0.00010308)
[  0  0  2  0  2  0  0  1  0 ] (0.00000376)
[  0  0  2  0  2  0  1  0  0 ] (0.00002437)
[  0  0  2  0  2  1  0  0  0 ] (0.00000429)
[  0  0  2  0  3  0  0  0  0 ] (0.00000070)
[  0  0  2  1  0  0  0  0  0 ] (0.00000386)
[  0  0  2  1  0  0  0  0  1 ] (0.00000252)
[  0  0  2  1  0  0  0  0  2 ] (0.00000018)
[  0  0  2  1  0  0  0  1  0 ] (0.00000445)
[  0  0  2  1  0  0  0  1  1 ] (0.00024268)
[  0  0  2  1  0  0  0  2  0 ] (0.00012978)
[  0  0  2  1  0  0  1  0  0 ] (0.00004923)
[  0  0  2  1  0  0  1  0  1 ] (0.00169164)
[  0  0  2  1  0  0  1  1  0 ] (0.00001135)
[  0  0  2  1  0  0  2  0  0 ] (0.00001755)
[  0  0  2  1  0  1  0  0  0 ] (0.00000899)
[  0  0  2  1  0  1  0  0  1 ] (0.00000569)
[  0  0  2  1  0  1  0  1  0 ] (0.00000361)
[  0  0  2  1  0  1  1  0  0 ] (0.00000318)
[  0  0  2  1  0  2  0  0  0 ] (0.00000604)
[  0  0  2  1  1  0  0  0  0 ] (0.00001589)
[  0  0  2  1  1  0  0  0  1 ] (0.00008468)
[  0  0  2  1  1  0  0  1  0 ] (0.00023166)
[  0  0  2  1  1  0  1  0  0 ] (0.00002689)
[  0  0  2  1  1  1  0  0  0 ] (0.00000069)
[  0  0  2  1  2  0  0  0  0 ] (0.00000618)
[  0  0  2  2  0  0  0  0  0 ] (0.00000001)
[  0  0  2  2  0  0  0  0  1 ] (0.00000564)
[  0  0  2  2  0  0  0  1  0 ] (0.00000093)
[  0  0  2  2  0  0  1  0  0 ] (0.00000629)
[  0  0  2  2  0  1  0  0  0 ] (0.00000047)
[  0  0  2  2  1  0  0  0  0 ] (0.00000150)
[  0  0  2  3  0  0  0  0  0 ] (0.00000021)
[  0  0  3  0  0  0  0  0  0 ] (0.00000086)
[  0  0  3  0  0  0  0  0  1 ] (0.00001419)
[  0  0  3  0  0  0  0  0  2 ] (0.00000058)
[  0  0  3  0  0  0  0  1  0 ] (0.00039819)
[  0  0  3  0  0  0  0  1  1 ] (0.00660988)
[  0  0  3  0  0  0  0  2  0 ] (0.00001301)
[  0  0  3  0  0  0  1  0  0 ] (0.00002341)
[  0  0  3  0  0  0  1  0  1 ] (0.00010257)
[  0  0  3  0  0  0  1  1  0 ] (0.00210233)
[  0  0  3  0  0  0  2  0  0 ] (0.00000107)
[  0  0  3  0  0  1  0  0  0 ] (0.00000093)
[  0  0  3  0  0  1  0  0  1 ] (0.00000008)
[  0  0  3  0  0  1  0  1  0 ] (0.00000456)
[  0  0  3  0  0  1  1  0  0 ] (0.00003250)
[  0  0  3  0  0  2  0  0  0 ] (0.00000044)
[  0  0  3  0  1  0  0  0  0 ] (0.00002451)
[  0  0  3  0  1  0  0  0  1 ] (0.00016074)
[  0  0  3  0  1  0  0  1  0 ] (0.00010261)
[  0  0  3  0  1  0  1  0  0 ] (0.00019352)
[  0  0  3  0  1  1  0  0  0 ] (0.00000314)
[  0  0  3  0  2  0  0  0  0 ] (0.00000086)
[  0  0  3  1  0  0  0  0  0 ] (0.00000256)
[  0  0  3  1  0  0  0  0  1 ] (0.00000336)
[  0  0  3  1  0  0  0  1  0 ] (0.00009163)
[  0  0  3  1  0  0  1  0  0 ] (0.00003979)
[  0  0  3  1  0  1  0  0  0 ] (0.00000295)
[  0  0  3  1  1  0  0  0  0 ] (0.00000736)
[  0  0  3  2  0  0  0  0  0 ] (0.00000000)
[  0  0  4  0  0  0  0  0  0 ] (0.00000356)
[  0  0  4  0  0  0  0  0  1 ] (0.00000478)
[  0  0  4  0  0  0  0  1  0 ] (0.00000154)
[  0  0  4  0  0  0  1  0  0 ] (0.00000176)
[  0  0  4  0  0  1  0  0  0 ] (0.00000052)
[  0  0  4  0  1  0  0  0  0 ] (0.00000294)
[  0  0  4  1  0  0  0  0  0 ] (0.00000010)
[  0  0  5  0  0  0  0  0  0 ] (0.00000021)
[  0  1  0  0  0  0  0  0  0 ] (0.00002146)
[  0  1  0  0  0  0  0  0  1 ] (0.00002026)
[  0  1  0  0  0  0  0  0  2 ] (0.00025921)
[  0  1  0  0  0  0  0  0  3 ] (0.01035173)
[  0  1  0  0  0  0  0  0  4 ] (0.00002319)
[  0  1  0  0  0  0  0  1  0 ] (0.00000001)
[  0  1  0  0  0  0  0  1  1 ] (0.00005777)
[  0  1  0  0  0  0  0  1  2 ] (0.00412250)
[  0  1  0  0  0  0  0  1  3 ] (0.00000077)
[  0  1  0  0  0  0  0  2  0 ] (0.00266407)
[  0  1  0  0  0  0  0  2  1 ] (0.01497206)
[  0  1  0  0  0  0  0  2  2 ] (0.00409256)
[  0  1  0  0  0  0  0  3  0 ] (0.00015830)
[  0  1  0  0  0  0  0  3  1 ] (0.00101590)
[  0  1  0  0  0  0  0  4  0 ] (0.00090620)
[  0  1  0  0  0  0  1  0  0 ] (0.00002239)
[  0  1  0  0  0  0  1  0  1 ] (0.00004274)
[  0  1  0  0  0  0  1  0  2 ] (0.00106854)
[  0  1  0  0  0  0  1  0  3 ] (0.00000001)
[  0  1  0  0  0  0  1  1  0 ] (0.00002893)
[  0  1  0  0  0  0  1  1  1 ] (0.00063382)
[  0  1  0  0  0  0  1  1  2 ] (0.00013569)
[  0  1  0  0  0  0  1  2  0 ] (0.00050786)
[  0  1  0  0  0  0  1  2  1 ] (0.00235687)
[  0  1  0  0  0  0  1  3  0 ] (0.00014003)
[  0  1  0  0  0  0  2  0  0 ] (0.00000066)
[  0  1  0  0  0  0  2  0  1 ] (0.00000107)
[  0  1  0  0  0  0  2  0  2 ] (0.00001588)
[  0  1  0  0  0  0  2  1  0 ] (0.00002099)
[  0  1  0  0  0  0  2  1  1 ] (0.00007484)
[  0  1  0  0  0  0  2  2  0 ] (0.00075704)
[  0  1  0  0  0  0  3  0  0 ] (0.00000981)
[  0  1  0  0  0  0  3  0  1 ] (0.00001963)
[  0  1  0  0  0  0  3  1  0 ] (0.00000019)
[  0  1  0  0  0  0  4  0  0 ] (0.00007792)
[  0  1  0  0  0  1  0  0  0 ] (0.00000388)
[  0  1  0  0  0  1  0  0  1 ] (0.00000782)
[  0  1  0  0  0  1  0  0  2 ] (0.00002943)
[  0  1  0  0  0  1  0  0  3 ] (0.00012479)
[  0  1  0  0  0  1  0  1  0 ] (0.00009245)
[  0  1  0  0  0  1  0  1  1 ] (0.00067241)
[  0  1  0  0  0  1  0  1  2 ] (0.00000786)
[  0  1  0  0  0  1  0  2  0 ] (0.00001405)
[  0  1  0  0  0  1  0  2  1 ] (0.00061059)
[  0  1  0  0  0  1  0  3  0 ] (0.00194617)
[  0  1  0  0  0  1  1  0  0 ] (0.00001558)
[  0  1  0  0  0  1  1  0  1 ] (0.00001340)
[  0  1  0  0  0  1  1  0  2 ] (0.00057547)
[  0  1  0  0  0  1  1  1  0 ] (0.00040194)
[  0  1  0  0  0  1  1  1  1 ] (0.00020546)
[  0  1  0  0  0  1  1  2  0 ] (0.00009177)
[  0  1  0  0  0  1  2  0  0 ] (0.00000046)
[  0  1  0  0  0  1  2  0  1 ] (0.00007115)
[  0  1  0  0  0  1  2  1  0 ] (0.00008599)
[  0  1  0  0  0  1  3  0  0 ] (0.00001132)
[  0  1  0  0  0  2  0  0  0 ] (0.00000433)
[  0  1  0  0  0  2  0  0  1 ] (0.00015834)
[  0  1  0  0  0  2  0  0  2 ] (0.00054159)
[  0  1  0  0  0  2  0  1  0 ] (0.00002419)
[  0  1  0  0  0  2  0  1  1 ] (0.00000560)
[  0  1  0  0  0  2  0  2  0 ] (0.00253684)
[  0  1  0  0  0  2  1  0  0 ] (0.00000338)
[  0  1  0  0  0  2  1  0  1 ] (0.00036665)
[  0  1  0  0  0  2  1  1  0 ] (0.00009028)
[  0  1  0  0  0  2  2  0  0 ] (0.00000296)
[  0  1  0  0  0  3  0  0  0 ] (0.00000012)
[  0  1  0  0  0  3  0  0  1 ] (0.00014675)
[  0  1  0  0  0  3  0  1  0 ] (0.00010636)
[  0  1  0  0  0  3  1  0  0 ] (0.00004576)
[  0  1  0  0  0  4  0  0  0 ] (0.00000385)
[  0  1  0  0  1  0  0  0  0 ] (0.00000268)
[  0  1  0  0  1  0  0  0  1 ] (0.00002190)
[  0  1  0  0  1  0  0  0  2 ] (0.00009220)
[  0  1  0  0  1  0  0  0  3 ] (0.00000209)
[  0  1  0  0  1  0  0  1  0 ] (0.00095323)
[  0  1  0  0  1  0  0  1  1 ] (0.00692936)
[  0  1  0  0  1  0  0  1  2 ] (0.00056801)
[  0  1  0  0  1  0  0  2  0 ] (0.00001833)
[  0  1  0  0  1  0  0  2  1 ] (0.00000015)
[  0  1  0  0  1  0  0  3  0 ] (0.00022598)
[  0  1  0  0  1  0  1  0  0 ] (0.00000154)
[  0  1  0  0  1  0  1  0  1 ] (0.00000897)
[  0  1  0  0  1  0  1  0  2 ] (0.00011555)
[  0  1  0  0  1  0  1  1  0 ] (0.00049593)
[  0  1  0  0  1  0  1  1  1 ] (0.00059477)
[  0  1  0  0  1  0  1  2  0 ] (0.00022424)
[  0  1  0  0  1  0  2  0  0 ] (0.00000005)
[  0  1  0  0  1  0  2  0  1 ] (0.00000002)
[  0  1  0  0  1  0  2  1  0 ] (0.00026978)
[  0  1  0  0  1  0  3  0  0 ] (0.00025122)
[  0  1  0  0  1  1  0  0  0 ] (0.00000087)
[  0  1  0  0  1  1  0  0  1 ] (0.00002014)
[  0  1  0  0  1  1  0  0  2 ] (0.00007610)
[  0  1  0  0  1  1  0  1  0 ] (0.00014915)
[  0  1  0  0  1  1  0  1  1 ] (0.00127321)
[  0  1  0  0  1  1  0  2  0 ] (0.00023459)
[  0  1  0  0  1  1  1  0  0 ] (0.00000848)
[  0  1  0  0  1  1  1  0  1 ] (0.00054180)
[  0  1  0  0  1  1  1  1  0 ] (0.00000004)
[  0  1  0  0  1  1  2  0  0 ] (0.00005801)
[  0  1  0  0  1  2  0  0  0 ] (0.00001482)
[  0  1  0  0  1  2  0  0  1 ] (0.00007165)
[  0  1  0  0  1  2  0  1  0 ] (0.00234904)
[  0  1  0  0  1  2  1  0  0 ] (0.00002159)
[  0  1  0  0  1  3  0  0  0 ] (0.00000573)
[  0  1  0  0  2  0  0  0  0 ] (0.00000709)
[  0  1  0  0  2  0  0  0  1 ] (0.00018847)
[  0  1  0  0  2  0  0  0  2 ] (0.00416697)
[  0  1  0  0  2  0  0  1  0 ] (0.00016665)
[  0  1  0  0  2  0  0  1  1 ] (0.00005288)
[  0  1  0  0  2  0  0  2  0 ] (0.00420191)
[  0  1  0  0  2  0  1  0  0 ] (0.00002396)
[  0  1  0  0  2  0  1  0  1 ] (0.00000063)
[  0  1  0  0  2  0  1  1  0 ] (0.00005081)
[  0  1  0  0  2  0  2  0  0 ] (0.00006180)
[  0  1  0  0  2  1  0  0  0 ] (0.00000070)
[  0  1  0  0  2  1  0  0  1 ] (0.00000683)
[  0  1  0  0  2  1  0  1  0 ] (0.00105589)
[  0  1  0  0  2  1  1  0  0 ] (0.00003512)
[  0  1  0  0  2  2  0  0  0 ] (0.00000002)
[  0  1  0  0  3  0  0  0  0 ] (0.00001391)
[  0  1  0  0  3  0  0  0  1 ] (0.00026774)
[  0  1  0  0  3  0  0  1  0 ] (0.00026001)
[  0  1  0  0  3  0  1  0  0 ] (0.00000895)
[  0  1  0  0  3  1  0  0  0 ] (0.00000288)
[  0  1  0  0  4  0  0  0  0 ] (0.00000343)
[  0  1  0  1  0  0  0  0  0 ] (0.00000002)
[  0  1  0  1  0  0  0  0  1 ] (0.00000097)
[  0  1  0  1  0  0  0  0  2 ] (0.00025670)
[  0  1  0  1  0  0  0  0  3 ] (0.00004705)
[  0  1  0  1  0  0  0  1  0 ] (0.00013535)
[  0  1  0  1  0  0  0  1  1 ] (0.00023352)
[  0  1  0  1  0  0  0  1  2 ] (0.00014033)
[  0  1  0  1  0  0  0  2  0 ] (0.00000577)
[  0  1  0  1  0  0  0  2  1 ] (0.00000159)
[  0  1  0  1  0  0  0  3  0 ] (0.00094836)
[  0  1  0  1  0  0  1  0  0 ] (0.00001162)
[  0  1  0  1  0  0  1  0  1 ] (0.00000682)
[  0  1  0  1  0  0  1  0  2 ] (0.00000137)
[  0  1  0  1  0  0  1  1  0 ] (0.00001014)
[  0  1  0  1  0  0  1  1  1 ] (0.00000737)
[  0  1  0  1  0  0  1  2  0 ] (0.00005294)
[  0  1  0  1  0  0  2  0  0 ] (0.00000003)
[  0  1  0  1  0  0  2  0  1 ] (0.00000177)
[  0  1  0  1  0  0  2  1  0 ] (0.00000469)
[  0  1  0  1  0  0  3  0  0 ] (0.00000030)
[  0  1  0  1  0  1  0  0  0 ] (0.00000579)
[  0  1  0  1  0  1  0  0  1 ] (0.00033193)
[  0  1  0  1  0  1  0  0  2 ] (0.00460264)
[  0  1  0  1  0  1  0  1  0 ] (0.00024541)
[  0  1  0  1  0  1  0  1  1 ] (0.00055957)
[  0  1  0  1  0  1  0  2  0 ] (0.00073414)
[  0  1  0  1  0  1  1  0  0 ] (0.00000078)
[  0  1  0  1  0  1  1  0  1 ] (0.00000381)
[  0  1  0  1  0  1  1  1  0 ] (0.00000637)
[  0  1  0  1  0  1  2  0  0 ] (0.00002733)
[  0  1  0  1  0  2  0  0  0 ] (0.00000042)
[  0  1  0  1  0  2  0  0  1 ] (0.00011175)
[  0  1  0  1  0  2  0  1  0 ] (0.00058421)
[  0  1  0  1  0  2  1  0  0 ] (0.00000337)
[  0  1  0  1  0  3  0  0  0 ] (0.00000100)
[  0  1  0  1  1  0  0  0  0 ] (0.00002467)
[  0  1  0  1  1  0  0  0  1 ] (0.00125363)
[  0  1  0  1  1  0  0  0  2 ] (0.00222366)
[  0  1  0  1  1  0  0  1  0 ] (0.00000008)
[  0  1  0  1  1  0  0  1  1 ] (0.00029327)
[  0  1  0  1  1  0  0  2  0 ] (0.00066290)
[  0  1  0  1  1  0  1  0  0 ] (0.00001479)
[  0  1  0  1  1  0  1  0  1 ] (0.00014612)
[  0  1  0  1  1  0  1  1  0 ] (0.00003485)
[  0  1  0  1  1  0  2  0  0 ] (0.00000956)
[  0  1  0  1  1  1  0  0  0 ] (0.00019041)
[  0  1  0  1  1  1  0  0  1 ] (0.00941982)
[  0  1  0  1  1  1  0  1  0 ] (0.00006575)
[  0  1  0  1  1  1  1  0  0 ] (0.00082360)
[  0  1  0  1  1  2  0  0  0 ] (0.00008124)
[  0  1  0  1  2  0  0  0  0 ] (0.00007527)
[  0  1  0  1  2  0  0  0  1 ] (0.00071471)
[  0  1  0  1  2  0  0  1  0 ] (0.00064249)
[  0  1  0  1  2  0  1  0  0 ] (0.00003162)
[  0  1  0  1  2  1  0  0  0 ] (0.00008775)
[  0  1  0  1  3  0  0  0  0 ] (0.00000002)
[  0  1  0  2  0  0  0  0  0 ] (0.00000021)
[  0  1  0  2  0  0  0  0  1 ] (0.00005050)
[  0  1  0  2  0  0  0  0  2 ] (0.00002808)
[  0  1  0  2  0  0  0  1  0 ] (0.00000135)
[  0  1  0  2  0  0  0  1  1 ] (0.00011083)
[  0  1  0  2  0  0  0  2  0 ] (0.00012560)
[  0  1  0  2  0  0  1  0  0 ] (0.00001166)
[  0  1  0  2  0  0  1  0  1 ] (0.00033564)
[  0  1  0  2  0  0  1  1  0 ] (0.00008356)
[  0  1  0  2  0  0  2  0  0 ] (0.00000037)
[  0  1  0  2  0  1  0  0  0 ] (0.00000143)
[  0  1  0  2  0  1  0  0  1 ] (0.00010788)
[  0  1  0  2  0  1  0  1  0 ] (0.00003242)
[  0  1  0  2  0  1  1  0  0 ] (0.00000296)
[  0  1  0  2  0  2  0  0  0 ] (0.00000220)
[  0  1  0  2  1  0  0  0  0 ] (0.00002212)
[  0  1  0  2  1  0  0  0  1 ] (0.00019291)
[  0  1  0  2  1  0  0  1  0 ] (0.00009611)
[  0  1  0  2  1  0  1  0  0 ] (0.00020635)
[  0  1  0  2  1  1  0  0  0 ] (0.00004821)
[  0  1  0  2  2  0  0  0  0 ] (0.00000170)
[  0  1  0  3  0  0  0  0  0 ] (0.00000428)
[  0  1  0  3  0  0  0  0  1 ] (0.00017850)
[  0  1  0  3  0  0  0  1  0 ] (0.00009488)
[  0  1  0  3  0  0  1  0  0 ] (0.00000040)
[  0  1  0  3  0  1  0  0  0 ] (0.00000003)
[  0  1  0  3  1  0  0  0  0 ] (0.00001009)
[  0  1  0  4  0  0  0  0  0 ] (0.00000194)
[  0  1  1  0  0  0  0  0  0 ] (0.00000075)
[  0  1  1  0  0  0  0  0  1 ] (0.00084212)
[  0  1  1  0  0  0  0  0  2 ] (0.00008612)
[  0  1  1  0  0  0  0  0  3 ] (0.00014054)
[  0  1  1  0  0  0  0  1  0 ] (0.00006592)
[  0  1  1  0  0  0  0  1  1 ] (0.00016515)
[  0  1  1  0  0  0  0  1  2 ] (0.00002727)
[  0  1  1  0  0  0  0  2  0 ] (0.00054054)
[  0  1  1  0  0  0  0  2  1 ] (0.00046612)
[  0  1  1  0  0  0  0  3  0 ] (0.09949559)
[  0  1  1  0  0  0  1  0  0 ] (0.00041681)
[  0  1  1  0  0  0  1  0  1 ] (0.00004493)
[  0  1  1  0  0  0  1  0  2 ] (0.00001225)
[  0  1  1  0  0  0  1  1  0 ] (0.00001576)
[  0  1  1  0  0  0  1  1  1 ] (0.00002255)
[  0  1  1  0  0  0  1  2  0 ] (0.00021750)
[  0  1  1  0  0  0  2  0  0 ] (0.00000499)
[  0  1  1  0  0  0  2  0  1 ] (0.00023431)
[  0  1  1  0  0  0  2  1  0 ] (0.00019608)
[  0  1  1  0  0  0  3  0  0 ] (0.00000501)
[  0  1  1  0  0  1  0  0  0 ] (0.00000327)
[  0  1  1  0  0  1  0  0  1 ] (0.00035391)
[  0  1  1  0  0  1  0  0  2 ] (0.00051981)
[  0  1  1  0  0  1  0  1  0 ] (0.00000217)
[  0  1  1  0  0  1  0  1  1 ] (0.00011969)
[  0  1  1  0  0  1  0  2  0 ] (0.00042229)
[  0  1  1  0  0  1  1  0  0 ] (0.00000015)
[  0  1  1  0  0  1  1  0  1 ] (0.00103214)
[  0  1  1  0  0  1  1  1  0 ] (0.00050234)
[  0  1  1  0  0  1  2  0  0 ] (0.00000214)
[  0  1  1  0  0  2  0  0  0 ] (0.00001245)
[  0  1  1  0  0  2  0  0  1 ] (0.00028038)
[  0  1  1  0  0  2  0  1  0 ] (0.00000176)
[  0  1  1  0  0  2  1  0  0 ] (0.00002592)
[  0  1  1  0  0  3  0  0  0 ] (0.00000529)
[  0  1  1  0  1  0  0  0  0 ] (0.00000160)
[  0  1  1  0  1  0  0  0  1 ] (0.00000964)
[  0  1  1  0  1  0  0  0  2 ] (0.00050836)
[  0  1  1  0  1  0  0  1  0 ] (0.00000189)
[  0  1  1  0  1  0  0  1  1 ] (0.00043149)
[  0  1  1  0  1  0  0  2  0 ] (0.01079203)
[  0  1  1  0  1  0  1  0  0 ] (0.00001461)
[  0  1  1  0  1  0  1  0  1 ] (0.00016621)
[  0  1  1  0  1  0  1  1  0 ] (0.00776185)
[  0  1  1  0  1  0  2  0  0 ] (0.00001294)
[  0  1  1  0  1  1  0  0  0 ] (0.00000054)
[  0  1  1  0  1  1  0  0  1 ] (0.00016338)
[  0  1  1  0  1  1  0  1  0 ] (0.00009958)
[  0  1  1  0  1  1  1  0  0 ] (0.00005978)
[  0  1  1  0  1  2  0  0  0 ] (0.00000134)
[  0  1  1  0  2  0  0  0  0 ] (0.00000345)
[  0  1  1  0  2  0  0  0  1 ] (0.00001060)
[  0  1  1  0  2  0  0  1  0 ] (0.00028854)
[  0  1  1  0  2  0  1  0  0 ] (0.00000014)
[  0  1  1  0  2  1  0  0  0 ] (0.00000029)
[  0  1  1  0  3  0  0  0  0 ] (0.00000864)
[  0  1  1  1  0  0  0  0  0 ] (0.00000000)
[  0  1  1  1  0  0  0  0  1 ] (0.00000034)
[  0  1  1  1  0  0  0  0  2 ] (0.00000108)
[  0  1  1  1  0  0  0  1  0 ] (0.00000871)
[  0  1  1  1  0  0  0  1  1 ] (0.00477121)
[  0  1  1  1  0  0  0  2  0 ] (0.00012779)
[  0  1  1  1  0  0  1  0  0 ] (0.00000105)
[  0  1  1  1  0  0  1  0  1 ] (0.00017066)
[  0  1  1  1  0  0  1  1  0 ] (0.00009087)
[  0  1  1  1  0  0  2  0  0 ] (0.00000263)
[  0  1  1  1  0  1  0  0  0 ] (0.00002709)
[  0  1  1  1  0  1  0  0  1 ] (0.00002356)
[  0  1  1  1  0  1  0  1  0 ] (0.00073193)
[  0  1  1  1  0  1  1  0  0 ] (0.00004031)
[  0  1  1  1  0  2  0  0  0 ] (0.00000543)
[  0  1  1  1  1  0  0  0  0 ] (0.00002438)
[  0  1  1  1  1  0  0  0  1 ] (0.00108038)
[  0  1  1  1  1  0  0  1  0 ] (0.00235617)
[  0  1  1  1  1  0  1  0  0 ] (0.00000774)
[  0  1  1  1  1  1  0  0  0 ] (0.00000313)
[  0  1  1  1  2  0  0  0  0 ] (0.00000229)
[  0  1  1  2  0  0  0  0  0 ] (0.00000454)
[  0  1  1  2  0  0  0  0  1 ] (0.00006111)
[  0  1  1  2  0  0  0  1  0 ] (0.00001314)
[  0  1  1  2  0  0  1  0  0 ] (0.00000065)
[  0  1  1  2  0  1  0  0  0 ] (0.00000799)
[  0  1  1  2  1  0  0  0  0 ] (0.00000598)
[  0  1  1  3  0  0  0  0  0 ] (0.00000324)
[  0  1  2  0  0  0  0  0  0 ] (0.00000396)
[  0  1  2  0  0  0  0  0  1 ] (0.00005227)
[  0  1  2  0  0  0  0  0  2 ] (0.00004181)
[  0  1  2  0  0  0  0  1  0 ] (0.00000856)
[  0  1  2  0  0  0  0  1  1 ] (0.00000407)
[  0  1  2  0  0  0  0  2  0 ] (0.00026650)
[  0  1  2  0  0  0  1  0  0 ] (0.00001477)
[  0  1  2  0  0  0  1  0  1 ] (0.00007467)
[  0  1  2  0  0  0  1  1  0 ] (0.00000496)
[  0  1  2  0  0  0  2  0  0 ] (0.00000002)
[  0  1  2  0  0  1  0  0  0 ] (0.00000445)
[  0  1  2  0  0  1  0  0  1 ] (0.00002533)
[  0  1  2  0  0  1  0  1  0 ] (0.00000819)
[  0  1  2  0  0  1  1  0  0 ] (0.00000198)
[  0  1  2  0  0  2  0  0  0 ] (0.00000158)
[  0  1  2  0  1  0  0  0  0 ] (0.00000434)
[  0  1  2  0  1  0  0  0  1 ] (0.00000144)
[  0  1  2  0  1  0  0  1  0 ] (0.00027465)
[  0  1  2  0  1  0  1  0  0 ] (0.00000667)
[  0  1  2  0  1  1  0  0  0 ] (0.00000290)
[  0  1  2  0  2  0  0  0  0 ] (0.00000061)
[  0  1  2  1  0  0  0  0  0 ] (0.00000031)
[  0  1  2  1  0  0  0  0  1 ] (0.00000521)
[  0  1  2  1  0  0  0  1  0 ] (0.00017242)
[  0  1  2  1  0  0  1  0  0 ] (0.00000606)
[  0  1  2  1  0  1  0  0  0 ] (0.00000030)
[  0  1  2  1  1  0  0  0  0 ] (0.00000377)
[  0  1  2  2  0  0  0  0  0 ] (0.00000039)
[  0  1  3  0  0  0  0  0  0 ] (0.00000212)
[  0  1  3  0  0  0  0  0  1 ] (0.00005412)
[  0  1  3  0  0  0  0  1  0 ] (0.00000005)
[  0  1  3  0  0  0  1  0  0 ] (0.00000018)
[  0  1  3  0  0  1  0  0  0 ] (0.00000387)
[  0  1  3  0  1  0  0  0  0 ] (0.00000166)
[  0  1  3  1  0  0  0  0  0 ] (0.00000000)
[  0  1  4  0  0  0  0  0  0 ] (0.00000059)
[  0  2  0  0  0  0  0  0  0 ] (0.00000004)
[  0  2  0  0  0  0  0  0  1 ] (0.00004271)
[  0  2  0  0  0  0  0  0  2 ] (0.00000033)
[  0  2  0  0  0  0  0  0  3 ] (0.00018994)
[  0  2  0  0  0  0  0  1  0 ] (0.00001182)
[  0  2  0  0  0  0  0  1  1 ] (0.00034220)
[  0  2  0  0  0  0  0  1  2 ] (0.00040233)
[  0  2  0  0  0  0  0  2  0 ] (0.00000638)
[  0  2  0  0  0  0  0  2  1 ] (0.00015366)
[  0  2  0  0  0  0  0  3  0 ] (0.00016419)
[  0  2  0  0  0  0  1  0  0 ] (0.00001549)
[  0  2  0  0  0  0  1  0  1 ] (0.00037196)
[  0  2  0  0  0  0  1  0  2 ] (0.00312313)
[  0  2  0  0  0  0  1  1  0 ] (0.00000002)
[  0  2  0  0  0  0  1  1  1 ] (0.00005299)
[  0  2  0  0  0  0  1  2  0 ] (0.00001500)
[  0  2  0  0  0  0  2  0  0 ] (0.00000391)
[  0  2  0  0  0  0  2  0  1 ] (0.00005954)
[  0  2  0  0  0  0  2  1  0 ] (0.00351724)
[  0  2  0  0  0  0  3  0  0 ] (0.00002354)
[  0  2  0  0  0  1  0  0  0 ] (0.00000004)
[  0  2  0  0  0  1  0  0  1 ] (0.00000582)
[  0  2  0  0  0  1  0  0  2 ] (0.00002074)
[  0  2  0  0  0  1  0  1  0 ] (0.00000961)
[  0  2  0  0  0  1  0  1  1 ] (0.00270921)
[  0  2  0  0  0  1  0  2  0 ] (0.00000820)
[  0  2  0  0  0  1  1  0  0 ] (0.00010705)
[  0  2  0  0  0  1  1  0  1 ] (0.00177673)
[  0  2  0  0  0  1  1  1  0 ] (0.00707286)
[  0  2  0  0  0  1  2  0  0 ] (0.00000128)
[  0  2  0  0  0  2  0  0  0 ] (0.00000216)
[  0  2  0  0  0  2  0  0  1 ] (0.00000586)
[  0  2  0  0  0  2  0  1  0 ] (0.00001319)
[  0  2  0  0  0  2  1  0  0 ] (0.00000001)
[  0  2  0  0  0  3  0  0  0 ] (0.00000179)
[  0  2  0  0  1  0  0  0  0 ] (0.00000550)
[  0  2  0  0  1  0  0  0  1 ] (0.00006975)
[  0  2  0  0  1  0  0  0  2 ] (0.00010640)
[  0  2  0  0  1  0  0  1  0 ] (0.00000002)
[  0  2  0  0  1  0  0  1  1 ] (0.00099847)
[  0  2  0  0  1  0  0  2  0 ] (0.00094995)
[  0  2  0  0  1  0  1  0  0 ] (0.00000234)
[  0  2  0  0  1  0  1  0  1 ] (0.00008964)
[  0  2  0  0  1  0  1  1  0 ] (0.00161739)
[  0  2  0  0  1  0  2  0  0 ] (0.00000199)
[  0  2  0  0  1  1  0  0  0 ] (0.00001087)
[  0  2  0  0  1  1  0  0  1 ] (0.00003359)
[  0  2  0  0  1  1  0  1  0 ] (0.00000093)
[  0  2  0  0  1  1  1  0  0 ] (0.00001696)
[  0  2  0  0  1  2  0  0  0 ] (0.00000022)
[  0  2  0  0  2  0  0  0  0 ] (0.00000454)
[  0  2  0  0  2  0  0  0  1 ] (0.00002062)
[  0  2  0  0  2  0  0  1  0 ] (0.00006542)
[  0  2  0  0  2  0  1  0  0 ] (0.00005036)
[  0  2  0  0  2  1  0  0  0 ] (0.00000273)
[  0  2  0  0  3  0  0  0  0 ] (0.00000341)
[  0  2  0  1  0  0  0  0  0 ] (0.00000052)
[  0  2  0  1  0  0  0  0  1 ] (0.00000102)
[  0  2  0  1  0  0  0  0  2 ] (0.00001327)
[  0  2  0  1  0  0  0  1  0 ] (0.00000031)
[  0  2  0  1  0  0  0  1  1 ] (0.00016935)
[  0  2  0  1  0  0  0  2  0 ] (0.00002891)
[  0  2  0  1  0  0  1  0  0 ] (0.00003328)
[  0  2  0  1  0  0  1  0  1 ] (0.00053756)
[  0  2  0  1  0  0  1  1  0 ] (0.00003579)
[  0  2  0  1  0  0  2  0  0 ] (0.00000391)
[  0  2  0  1  0  1  0  0  0 ] (0.00000005)
[  0  2  0  1  0  1  0  0  1 ] (0.00000197)
[  0  2  0  1  0  1  0  1  0 ] (0.00001440)
[  0  2  0  1  0  1  1  0  0 ] (0.00001398)
[  0  2  0  1  0  2  0  0  0 ] (0.00000006)
[  0  2  0  1  1  0  0  0  0 ] (0.00000649)
[  0  2  0  1  1  0  0  0  1 ] (0.00001763)
[  0  2  0  1  1  0  0  1  0 ] (0.00000070)
[  0  2  0  1  1  0  1  0  0 ] (0.00002071)
[  0  2  0  1  1  1  0  0  0 ] (0.00001784)
[  0  2  0  1  2  0  0  0  0 ] (0.00000262)
[  0  2  0  2  0  0  0  0  0 ] (0.00000009)
[  0  2  0  2  0  0  0  0  1 ] (0.00000174)
[  0  2  0  2  0  0  0  1  0 ] (0.00000063)
[  0  2  0  2  0  0  1  0  0 ] (0.00000049)
[  0  2  0  2  0  1  0  0  0 ] (0.00000001)
[  0  2  0  2  1  0  0  0  0 ] (0.00000438)
[  0  2  0  3  0  0  0  0  0 ] (0.00000018)
[  0  2  1  0  0  0  0  0  0 ] (0.00000069)
[  0  2  1  0  0  0  0  0  1 ] (0.00001317)
[  0  2  1  0  0  0  0  0  2 ] (0.00001733)
[  0  2  1  0  0  0  0  1  0 ] (0.00001180)
[  0  2  1  0  0  0  0  1  1 ] (0.00007393)
[  0  2  1  0  0  0  0  2  0 ] (0.00003803)
[  0  2  1  0  0  0  1  0  0 ] (0.00004415)
[  0  2  1  0  0  0  1  0  1 ] (0.00013421)
[  0  2  1  0  0  0  1  1  0 ] (0.00025248)
[  0  2  1  0  0  0  2  0  0 ] (0.00000242)
[  0  2  1  0  0  1  0  0  0 ] (0.00000065)
[  0  2  1  0  0  1  0  0  1 ] (0.00000405)
[  0  2  1  0  0  1  0  1  0 ] (0.00001604)
[  0  2  1  0  0  1  1  0  0 ] (0.00000002)
[  0  2  1  0  0  2  0  0  0 ] (0.00000030)
[  0  2  1  0  1  0  0  0  0 ] (0.00000057)
[  0  2  1  0  1  0  0  0  1 ] (0.00006241)
[  0  2  1  0  1  0  0  1  0 ] (0.00000564)
[  0  2  1  0  1  0  1  0  0 ] (0.00000659)
[  0  2  1  0  1  1  0  0  0 ] (0.00000060)
[  0  2  1  0  2  0  0  0  0 ] (0.00000009)
[  0  2  1  1  0  0  0  0  0 ] (0.00000027)
[  0  2  1  1  0  0  0  0  1 ] (0.00000007)
[  0  2  1  1  0  0  0  1  0 ] (0.00000112)
[  0  2  1  1  0  0  1  0  0 ] (0.00000000)
[  0  2  1  1  0  1  0  0  0 ] (0.00000032)
[  0  2  1  1  1  0  0  0  0 ] (0.00000011)
[  0  2  1  2  0  0  0  0  0 ] (0.00000005)
[  0  2  2  0  0  0  0  0  0 ] (0.00000046)
[  0  2  2  0  0  0  0  0  1 ] (0.00000020)
[  0  2  2  0  0  0  0  1  0 ] (0.00000699)
[  0  2  2  0  0  0  1  0  0 ] (0.00000046)
[  0  2  2  0  0  1  0  0  0 ] (0.00000009)
[  0  2  2  0  1  0  0  0  0 ] (0.00000005)
[  0  2  2  1  0  0  0  0  0 ] (0.00000005)
[  0  2  3  0  0  0  0  0  0 ] (0.00000031)
[  0  3  0  0  0  0  0  0  0 ] (0.00000033)
[  0  3  0  0  0  0  0  0  1 ] (0.00000513)
[  0  3  0  0  0  0  0  0  2 ] (0.00020021)
[  0  3  0  0  0  0  0  1  0 ] (0.00002143)
[  0  3  0  0  0  0  0  1  1 ] (0.00008534)
[  0  3  0  0  0  0  0  2  0 ] (0.00000049)
[  0  3  0  0  0  0  1  0  0 ] (0.00000128)
[  0  3  0  0  0  0  1  0  1 ] (0.00004562)
[  0  3  0  0  0  0  1  1  0 ] (0.00017645)
[  0  3  0  0  0  0  2  0  0 ] (0.00000065)
[  0  3  0  0  0  1  0  0  0 ] (0.00000040)
[  0  3  0  0  0  1  0  0  1 ] (0.00000751)
[  0  3  0  0  0  1  0  1  0 ] (0.00000545)
[  0  3  0  0  0  1  1  0  0 ] (0.00003484)
[  0  3  0  0  0  2  0  0  0 ] (0.00000093)
[  0  3  0  0  1  0  0  0  0 ] (0.00000102)
[  0  3  0  0  1  0  0  0  1 ] (0.00000412)
[  0  3  0  0  1  0  0  1  0 ] (0.00000220)
[  0  3  0  0  1  0  1  0  0 ] (0.00000808)
[  0  3  0  0  1  1  0  0  0 ] (0.00000210)
[  0  3  0  0  2  0  0  0  0 ] (0.00000016)
[  0  3  0  1  0  0  0  0  0 ] (0.00000018)
[  0  3  0  1  0  0  0  0  1 ] (0.00000174)
[  0  3  0  1  0  0  0  1  0 ] (0.00000103)
[  0  3  0  1  0  0  1  0  0 ] (0.00000113)
[  0  3  0  1  0  1  0  0  0 ] (0.00000000)
[  0  3  0  1  1  0  0  0  0 ] (0.00000043)
[  0  3  0  2  0  0  0  0  0 ] (0.00000032)
[  0  3  1  0  0  0  0  0  0 ] (0.00000046)
[  0  3  1  0  0  0  0  0  1 ] (0.00002364)
[  0  3  1  0  0  0  0  1  0 ] (0.00002388)
[  0  3  1  0  0  0  1  0  0 ] (0.00000758)
[  0  3  1  0  0  1  0  0  0 ] (0.00000002)
[  0  3  1  0  1  0  0  0  0 ] (0.00000141)
[  0  3  1  1  0  0  0  0  0 ] (0.00000037)
[  0  3  2  0  0  0  0  0  0 ] (0.00000137)
[  0  4  0  0  0  0  0  0  0 ] (0.00000185)
[  0  4  0  0  0  0  0  0  1 ] (0.00005477)
[  0  4  0  0  0  0  0  1  0 ] (0.00000702)
[  0  4  0  0  0  0  1  0  0 ] (0.00001611)
[  0  4  0  0  0  1  0  0  0 ] (0.00000076)
[  0  4  0  0  1  0  0  0  0 ] (0.00000039)
[  0  4  0  1  0  0  0  0  0 ] (0.00000130)
[  0  4  1  0  0  0  0  0  0 ] (0.00000091)
[  0  5  0  0  0  0  0  0  0 ] (0.00000055)
[  1  0  0  0  0  0  0  0  0 ] (0.00000250)
[  1  0  0  0  0  0  0  0  1 ] (0.00000309)
[  1  0  0  0  0  0  0  0  2 ] (0.00000110)
[  1  0  0  0  0  0  0  0  3 ] (0.00051674)
[  1  0  0  0  0  0  0  0  4 ] (0.00002683)
[  1  0  0  0  0  0  0  1  0 ] (0.00011424)
[  1  0  0  0  0  0  0  1  1 ] (0.00060847)
[  1  0  0  0  0  0  0  1  2 ] (0.00870864)
[  1  0  0  0  0  0  0  1  3 ] (0.00011378)
[  1  0  0  0  0  0  0  2  0 ] (0.00000004)
[  1  0  0  0  0  0  0  2  1 ] (0.00000089)
[  1  0  0  0  0  0  0  2  2 ] (0.00000345)
[  1  0  0  0  0  0  0  3  0 ] (0.00017768)
[  1  0  0  0  0  0  0  3  1 ] (0.00001952)
[  1  0  0  0  0  0  0  4  0 ] (0.00001010)
[  1  0  0  0  0  0  1  0  0 ] (0.00001799)
[  1  0  0  0  0  0  1  0  1 ] (0.00000882)
[  1  0  0  0  0  0  1  0  2 ] (0.00019347)
[  1  0  0  0  0  0  1  0  3 ] (0.00001899)
[  1  0  0  0  0  0  1  1  0 ] (0.00051639)
[  1  0  0  0  0  0  1  1  1 ] (0.01280004)
[  1  0  0  0  0  0  1  1  2 ] (0.00074427)
[  1  0  0  0  0  0  1  2  0 ] (0.00002818)
[  1  0  0  0  0  0  1  2  1 ] (0.00000688)
[  1  0  0  0  0  0  1  3  0 ] (0.00009363)
[  1  0  0  0  0  0  2  0  0 ] (0.00000103)
[  1  0  0  0  0  0  2  0  1 ] (0.00009565)
[  1  0  0  0  0  0  2  0  2 ] (0.00023172)
[  1  0  0  0  0  0  2  1  0 ] (0.00002346)
[  1  0  0  0  0  0  2  1  1 ] (0.00001328)
[  1  0  0  0  0  0  2  2  0 ] (0.00002606)
[  1  0  0  0  0  0  3  0  0 ] (0.00004044)
[  1  0  0  0  0  0  3  0  1 ] (0.00094265)
[  1  0  0  0  0  0  3  1  0 ] (0.00106927)
[  1  0  0  0  0  0  4  0  0 ] (0.00022338)
[  1  0  0  0  0  1  0  0  0 ] (0.00000323)
[  1  0  0  0  0  1  0  0  1 ] (0.00012645)
[  1  0  0  0  0  1  0  0  2 ] (0.00022819)
[  1  0  0  0  0  1  0  0  3 ] (0.00000184)
[  1  0  0  0  0  1  0  1  0 ] (0.00000234)
[  1  0  0  0  0  1  0  1  1 ] (0.00001017)
[  1  0  0  0  0  1  0  1  2 ] (0.00066584)
[  1  0  0  0  0  1  0  2  0 ] (0.00019414)
[  1  0  0  0  0  1  0  2  1 ] (0.00000309)
[  1  0  0  0  0  1  0  3  0 ] (0.03183116)
[  1  0  0  0  0  1  1  0  0 ] (0.00015730)
[  1  0  0  0  0  1  1  0  1 ] (0.00004345)
[  1  0  0  0  0  1  1  0  2 ] (0.00008317)
[  1  0  0  0  0  1  1  1  0 ] (0.00021023)
[  1  0  0  0  0  1  1  1  1 ] (0.00010063)
[  1  0  0  0  0  1  1  2  0 ] (0.00028067)
[  1  0  0  0  0  1  2  0  0 ] (0.00000216)
[  1  0  0  0  0  1  2  0  1 ] (0.00006731)
[  1  0  0  0  0  1  2  1  0 ] (0.00074082)
[  1  0  0  0  0  1  3  0  0 ] (0.00000268)
[  1  0  0  0  0  2  0  0  0 ] (0.00000385)
[  1  0  0  0  0  2  0  0  1 ] (0.00007893)
[  1  0  0  0  0  2  0  0  2 ] (0.00019922)
[  1  0  0  0  0  2  0  1  0 ] (0.00003618)
[  1  0  0  0  0  2  0  1  1 ] (0.00022207)
[  1  0  0  0  0  2  0  2  0 ] (0.00005847)
[  1  0  0  0  0  2  1  0  0 ] (0.00001513)
[  1  0  0  0  0  2  1  0  1 ] (0.00305678)
[  1  0  0  0  0  2  1  1  0 ] (0.00400874)
[  1  0  0  0  0  2  2  0  0 ] (0.00000585)
[  1  0  0  0  0  3  0  0  0 ] (0.00000361)
[  1  0  0  0  0  3  0  0  1 ] (0.00014004)
[  1  0  0  0  0  3  0  1  0 ] (0.00000109)
[  1  0  0  0  0  3  1  0  0 ] (0.00007312)
[  1  0  0  0  0  4  0  0  0 ] (0.00001238)
[  1  0  0  0  1  0  0  0  0 ] (0.00000134)
[  1  0  0  0  1  0  0  0  1 ] (0.00002854)
[  1  0  0  0  1  0  0  0  2 ] (0.00006028)
[  1  0  0  0  1  0  0  0  3 ] (0.00005013)
[  1  0  0  0  1  0  0  1  0 ] (0.00001255)
[  1  0  0  0  1  0  0  1  1 ] (0.00006171)
[  1  0  0  0  1  0  0  1  2 ] (0.00005427)
[  1  0  0  0  1  0  0  2  0 ] (0.00000055)
[  1  0  0  0  1  0  0  2  1 ] (0.00006899)
[  1  0  0  0  1  0  0  3  0 ] (0.00276071)
[  1  0  0  0  1  0  1  0  0 ] (0.00001382)
[  1  0  0  0  1  0  1  0  1 ] (0.00014137)
[  1  0  0  0  1  0  1  0  2 ] (0.00001752)
[  1  0  0  0  1  0  1  1  0 ] (0.00046097)
[  1  0  0  0  1  0  1  1  1 ] (0.00016013)
[  1  0  0  0  1  0  1  2  0 ] (0.00004675)
[  1  0  0  0  1  0  2  0  0 ] (0.00008536)
[  1  0  0  0  1  0  2  0  1 ] (0.00034098)
[  1  0  0  0  1  0  2  1  0 ] (0.00004123)
[  1  0  0  0  1  0  3  0  0 ] (0.00024676)
[  1  0  0  0  1  1  0  0  0 ] (0.00000919)
[  1  0  0  0  1  1  0  0  1 ] (0.00003676)
[  1  0  0  0  1  1  0  0  2 ] (0.00005017)
[  1  0  0  0  1  1  0  1  0 ] (0.00002282)
[  1  0  0  0  1  1  0  1  1 ] (0.00003877)
[  1  0  0  0  1  1  0  2  0 ] (0.00012159)
[  1  0  0  0  1  1  1  0  0 ] (0.00000127)
[  1  0  0  0  1  1  1  0  1 ] (0.00000008)
[  1  0  0  0  1  1  1  1  0 ] (0.00288644)
[  1  0  0  0  1  1  2  0  0 ] (0.00006200)
[  1  0  0  0  1  2  0  0  0 ] (0.00000000)
[  1  0  0  0  1  2  0  0  1 ] (0.00004566)
[  1  0  0  0  1  2  0  1  0 ] (0.00002889)
[  1  0  0  0  1  2  1  0  0 ] (0.00007985)
[  1  0  0  0  1  3  0  0  0 ] (0.00000034)
[  1  0  0  0  2  0  0  0  0 ] (0.00001109)
[  1  0  0  0  2  0  0  0  1 ] (0.00011063)
[  1  0  0  0  2  0  0  0  2 ] (0.00002634)
[  1  0  0  0  2  0  0  1  0 ] (0.00000334)
[  1  0  0  0  2  0  0  1  1 ] (0.00000907)
[  1  0  0  0  2  0  0  2  0 ] (0.00000000)
[  1  0  0  0  2  0  1  0  0 ] (0.00023818)
[  1  0  0  0  2  0  1  0  1 ] (0.00376985)
[  1  0  0  0  2  0  1  1  0 ] (0.00000238)
[  1  0  0  0  2  0  2  0  0 ] (0.00002260)
[  1  0  0  0  2  1  0  0  0 ] (0.00000417)
[  1  0  0  0  2  1  0  0  1 ] (0.00019275)
[  1  0  0  0  2  1  0  1  0 ] (0.00002959)
[  1  0  0  0  2  1  1  0  0 ] (0.00004333)
[  1  0  0  0  2  2  0  0  0 ] (0.00000100)
[  1  0  0  0  3  0  0  0  0 ] (0.00000259)
[  1  0  0  0  3  0  0  0  1 ] (0.00000352)
[  1  0  0  0  3  0  0  1  0 ] (0.00004907)
[  1  0  0  0  3  0  1  0  0 ] (0.00000513)
[  1  0  0  0  3  1  0  0  0 ] (0.00001084)
[  1  0  0  0  4  0  0  0  0 ] (0.00000248)
[  1  0  0  1  0  0  0  0  0 ] (0.00000004)
[  1  0  0  1  0  0  0  0  1 ] (0.00000668)
[  1  0  0  1  0  0  0  0  2 ] (0.00000045)
[  1  0  0  1  0  0  0  0  3 ] (0.00008155)
[  1  0  0  1  0  0  0  1  0 ] (0.00000448)
[  1  0  0  1  0  0  0  1  1 ] (0.00000186)
[  1  0  0  1  0  0  0  1  2 ] (0.00023784)
[  1  0  0  1  0  0  0  2  0 ] (0.00007957)
[  1  0  0  1  0  0  0  2  1 ] (0.00020718)
[  1  0  0  1  0  0  0  3  0 ] (0.00204483)
[  1  0  0  1  0  0  1  0  0 ] (0.00006432)
[  1  0  0  1  0  0  1  0  1 ] (0.00010539)
[  1  0  0  1  0  0  1  0  2 ] (0.00001023)
[  1  0  0  1  0  0  1  1  0 ] (0.00006604)
[  1  0  0  1  0  0  1  1  1 ] (0.00002555)
[  1  0  0  1  0  0  1  2  0 ] (0.00005997)
[  1  0  0  1  0  0  2  0  0 ] (0.00000683)
[  1  0  0  1  0  0  2  0  1 ] (0.00006594)
[  1  0  0  1  0  0  2  1  0 ] (0.00000655)
[  1  0  0  1  0  0  3  0  0 ] (0.00000664)
[  1  0  0  1  0  1  0  0  0 ] (0.00000009)
[  1  0  0  1  0  1  0  0  1 ] (0.00002839)
[  1  0  0  1  0  1  0  0  2 ] (0.00000036)
[  1  0  0  1  0  1  0  1  0 ] (0.00000845)
[  1  0  0  1  0  1  0  1  1 ] (0.00039081)
[  1  0  0  1  0  1  0  2  0 ] (0.00008518)
[  1  0  0  1  0  1  1  0  0 ] (0.00000712)
[  1  0  0  1  0  1  1  0  1 ] (0.00002185)
[  1  0  0  1  0  1  1  1  0 ] (0.00091370)
[  1  0  0  1  0  1  2  0  0 ] (0.00001314)
[  1  0  0  1  0  2  0  0  0 ] (0.00000350)
[  1  0  0  1  0  2  0  0  1 ] (0.00000454)
[  1  0  0  1  0  2  0  1  0 ] (0.00002402)
[  1  0  0  1  0  2  1  0  0 ] (0.00003300)
[  1  0  0  1  0  3  0  0  0 ] (0.00000024)
[  1  0  0  1  1  0  0  0  0 ] (0.00001879)
[  1  0  0  1  1  0  0  0  1 ] (0.00043880)
[  1  0  0  1  1  0  0  0  2 ] (0.00981424)
[  1  0  0  1  1  0  0  1  0 ] (0.00004322)
[  1  0  0  1  1  0  0  1  1 ] (0.00039697)
[  1  0  0  1  1  0  0  2  0 ] (0.00843265)
[  1  0  0  1  1  0  1  0  0 ] (0.00001374)
[  1  0  0  1  1  0  1  0  1 ] (0.00173411)
[  1  0  0  1  1  0  1  1  0 ] (0.00019996)
[  1  0  0  1  1  0  2  0  0 ] (0.00013902)
[  1  0  0  1  1  1  0  0  0 ] (0.00000165)
[  1  0  0  1  1  1  0  0  1 ] (0.00028635)
[  1  0  0  1  1  1  0  1  0 ] (0.00004730)
[  1  0  0  1  1  1  1  0  0 ] (0.00006491)
[  1  0  0  1  1  2  0  0  0 ] (0.00000597)
[  1  0  0  1  2  0  0  0  0 ] (0.00001347)
[  1  0  0  1  2  0  0  0  1 ] (0.00004528)
[  1  0  0  1  2  0  0  1  0 ] (0.00009412)
[  1  0  0  1  2  0  1  0  0 ] (0.00005074)
[  1  0  0  1  2  1  0  0  0 ] (0.00000183)
[  1  0  0  1  3  0  0  0  0 ] (0.00000075)
[  1  0  0  2  0  0  0  0  0 ] (0.00000006)
[  1  0  0  2  0  0  0  0  1 ] (0.00000306)
[  1  0  0  2  0  0  0  0  2 ] (0.00005792)
[  1  0  0  2  0  0  0  1  0 ] (0.00003570)
[  1  0  0  2  0  0  0  1  1 ] (0.00033960)
[  1  0  0  2  0  0  0  2  0 ] (0.00000014)
[  1  0  0  2  0  0  1  0  0 ] (0.00000026)
[  1  0  0  2  0  0  1  0  1 ] (0.00001673)
[  1  0  0  2  0  0  1  1  0 ] (0.00009784)
[  1  0  0  2  0  0  2  0  0 ] (0.00000451)
[  1  0  0  2  0  1  0  0  0 ] (0.00000192)
[  1  0  0  2  0  1  0  0  1 ] (0.00001258)
[  1  0  0  2  0  1  0  1  0 ] (0.00002612)
[  1  0  0  2  0  1  1  0  0 ] (0.00000048)
[  1  0  0  2  0  2  0  0  0 ] (0.00000080)
[  1  0  0  2  1  0  0  0  0 ] (0.00000002)
[  1  0  0  2  1  0  0  0  1 ] (0.00000056)
[  1  0  0  2  1  0  0  1  0 ] (0.00000361)
[  1  0  0  2  1  0  1  0  0 ] (0.00000170)
[  1  0  0  2  1  1  0  0  0 ] (0.00000120)
[  1  0  0  2  2  0  0  0  0 ] (0.00000004)
[  1  0  0  3  0  0  0  0  0 ] (0.00000082)
[  1  0  0  3  0  0  0  0  1 ] (0.00000198)
[  1  0  0  3  0  0  0  1  0 ] (0.00000183)
[  1  0  0  3  0  0  1  0  0 ] (0.00000091)
[  1  0  0  3  0  1  0  0  0 ] (0.00000003)
[  1  0  0  3  1  0  0  0  0 ] (0.00000209)
[  1  0  0  4  0  0  0  0  0 ] (0.00000189)
[  1  0  1  0  0  0  0  0  0 ] (0.00000156)
[  1  0  1  0  0  0  0  0  1 ] (0.00000742)
[  1  0  1  0  0  0  0  0  2 ] (0.00063472)
[  1  0  1  0  0  0  0  0  3 ] (0.00185547)
[  1  0  1  0  0  0  0  1  0 ] (0.00014437)
[  1  0  1  0  0  0  0  1  1 ] (0.00039231)
[  1  0  1  0  0  0  0  1  2 ] (0.00037582)
[  1  0  1  0  0  0  0  2  0 ] (0.00000335)
[  1  0  1  0  0  0  0  2  1 ] (0.00004469)
[  1  0  1  0  0  0  0  3  0 ] (0.00656517)
[  1  0  1  0  0  0  1  0  0 ] (0.00006130)
[  1  0  1  0  0  0  1  0  1 ] (0.00001183)
[  1  0  1  0  0  0  1  0  2 ] (0.00027788)
[  1  0  1  0  0  0  1  1  0 ] (0.00000962)
[  1  0  1  0  0  0  1  1  1 ] (0.00015835)
[  1  0  1  0  0  0  1  2  0 ] (0.00018677)
[  1  0  1  0  0  0  2  0  0 ] (0.00014701)
[  1  0  1  0  0  0  2  0  1 ] (0.00095577)
[  1  0  1  0  0  0  2  1  0 ] (0.00016772)
[  1  0  1  0  0  0  3  0  0 ] (0.00000551)
[  1  0  1  0  0  1  0  0  0 ] (0.00000752)
[  1  0  1  0  0  1  0  0  1 ] (0.00007018)
[  1  0  1  0  0  1  0  0  2 ] (0.00111518)
[  1  0  1  0  0  1  0  1  0 ] (0.00004055)
[  1  0  1  0  0  1  0  1  1 ] (0.00026507)
[  1  0  1  0  0  1  0  2  0 ] (0.00140737)
[  1  0  1  0  0  1  1  0  0 ] (0.00021532)
[  1  0  1  0  0  1  1  0  1 ] (0.00448586)
[  1  0  1  0  0  1  1  1  0 ] (0.00007383)
[  1  0  1  0  0  1  2  0  0 ] (0.00000828)
[  1  0  1  0  0  2  0  0  0 ] (0.00000002)
[  1  0  1  0  0  2  0  0  1 ] (0.00000121)
[  1  0  1  0  0  2  0  1  0 ] (0.00000088)
[  1  0  1  0  0  2  1  0  0 ] (0.00001209)
[  1  0  1  0  0  3  0  0  0 ] (0.00000015)
[  1  0  1  0  1  0  0  0  0 ] (0.00000219)
[  1  0  1  0  1  0  0  0  1 ] (0.00003013)
[  1  0  1  0  1  0  0  0  2 ] (0.00000084)
[  1  0  1  0  1  0  0  1  0 ] (0.00000015)
[  1  0  1  0  1  0  0  1  1 ] (0.00000019)
[  1  0  1  0  1  0  0  2  0 ] (0.00015490)
[  1  0  1  0  1  0  1  0  0 ] (0.00000030)
[  1  0  1  0  1  0  1  0  1 ] (0.00008935)
[  1  0  1  0  1  0  1  1  0 ] (0.00000086)
[  1  0  1  0  1  0  2  0  0 ] (0.00000242)
[  1  0  1  0  1  1  0  0  0 ] (0.00000002)
[  1  0  1  0  1  1  0  0  1 ] (0.00000027)
[  1  0  1  0  1  1  0  1  0 ] (0.00048745)
[  1  0  1  0  1  1  1  0  0 ] (0.00000039)
[  1  0  1  0  1  2  0  0  0 ] (0.00000006)
[  1  0  1  0  2  0  0  0  0 ] (0.00000081)
[  1  0  1  0  2  0  0  0  1 ] (0.00005533)
[  1  0  1  0  2  0  0  1  0 ] (0.00008683)
[  1  0  1  0  2  0  1  0  0 ] (0.00000009)
[  1  0  1  0  2  1  0  0  0 ] (0.00000743)
[  1  0  1  0  3  0  0  0  0 ] (0.00000254)
[  1  0  1  1  0  0  0  0  0 ] (0.00000016)
[  1  0  1  1  0  0  0  0  1 ] (0.00000095)
[  1  0  1  1  0  0  0  0  2 ] (0.00000601)
[  1  0  1  1  0  0  0  1  0 ] (0.00000873)
[  1  0  1  1  0  0  0  1  1 ] (0.00082787)
[  1  0  1  1  0  0  0  2  0 ] (0.00000248)
[  1  0  1  1  0  0  1  0  0 ] (0.00000002)
[  1  0  1  1  0  0  1  0  1 ] (0.00004030)
[  1  0  1  1  0  0  1  1  0 ] (0.00008521)
[  1  0  1  1  0  0  2  0  0 ] (0.00000006)
[  1  0  1  1  0  1  0  0  0 ] (0.00000696)
[  1  0  1  1  0  1  0  0  1 ] (0.00014447)
[  1  0  1  1  0  1  0  1  0 ] (0.00004001)
[  1  0  1  1  0  1  1  0  0 ] (0.00000051)
[  1  0  1  1  0  2  0  0  0 ] (0.00000011)
[  1  0  1  1  1  0  0  0  0 ] (0.00002219)
[  1  0  1  1  1  0  0  0  1 ] (0.00030379)
[  1  0  1  1  1  0  0  1  0 ] (0.00028759)
[  1  0  1  1  1  0  1  0  0 ] (0.00003580)
[  1  0  1  1  1  1  0  0  0 ] (0.00000038)
[  1  0  1  1  2  0  0  0  0 ] (0.00000085)
[  1  0  1  2  0  0  0  0  0 ] (0.00000017)
[  1  0  1  2  0  0  0  0  1 ] (0.00000353)
[  1  0  1  2  0  0  0  1  0 ] (0.00000104)
[  1  0  1  2  0  0  1  0  0 ] (0.00000001)
[  1  0  1  2  0  1  0  0  0 ] (0.00000156)
[  1  0  1  2  1  0  0  0  0 ] (0.00000085)
[  1  0  1  3  0  0  0  0  0 ] (0.00000306)
[  1  0  2  0  0  0  0  0  0 ] (0.00000292)
[  1  0  2  0  0  0  0  0  1 ] (0.00001366)
[  1  0  2  0  0  0  0  0  2 ] (0.00000818)
[  1  0  2  0  0  0  0  1  0 ] (0.00000850)
[  1  0  2  0  0  0  0  1  1 ] (0.00032157)
[  1  0  2  0  0  0  0  2  0 ] (0.00000031)
[  1  0  2  0  0  0  1  0  0 ] (0.00000111)
[  1  0  2  0  0  0  1  0  1 ] (0.00000452)
[  1  0  2  0  0  0  1  1  0 ] (0.00000307)
[  1  0  2  0  0  0  2  0  0 ] (0.00000048)
[  1  0  2  0  0  1  0  0  0 ] (0.00000095)
[  1  0  2  0  0  1  0  0  1 ] (0.00000879)
[  1  0  2  0  0  1  0  1  0 ] (0.00000156)
[  1  0  2  0  0  1  1  0  0 ] (0.00000001)
[  1  0  2  0  0  2  0  0  0 ] (0.00000000)
[  1  0  2  0  1  0  0  0  0 ] (0.00000011)
[  1  0  2  0  1  0  0  0  1 ] (0.00000399)
[  1  0  2  0  1  0  0  1  0 ] (0.00000072)
[  1  0  2  0  1  0  1  0  0 ] (0.00000082)
[  1  0  2  0  1  1  0  0  0 ] (0.00000030)
[  1  0  2  0  2  0  0  0  0 ] (0.00000040)
[  1  0  2  1  0  0  0  0  0 ] (0.00000202)
[  1  0  2  1  0  0  0  0  1 ] (0.00000286)
[  1  0  2  1  0  0  0  1  0 ] (0.00000000)
[  1  0  2  1  0  0  1  0  0 ] (0.00000006)
[  1  0  2  1  0  1  0  0  0 ] (0.00000038)
[  1  0  2  1  1  0  0  0  0 ] (0.00000216)
[  1  0  2  2  0  0  0  0  0 ] (0.00000000)
[  1  0  3  0  0  0  0  0  0 ] (0.00000692)
[  1  0  3  0  0  0  0  0  1 ] (0.00002899)
[  1  0  3  0  0  0  0  1  0 ] (0.00000107)
[  1  0  3  0  0  0  1  0  0 ] (0.00000412)
[  1  0  3  0  0  1  0  0  0 ] (0.00000109)
[  1  0  3  0  1  0  0  0  0 ] (0.00000140)
[  1  0  3  1  0  0  0  0  0 ] (0.00000390)
[  1  0  4  0  0  0  0  0  0 ] (0.00000000)
[  1  1  0  0  0  0  0  0  0 ] (0.00000658)
[  1  1  0  0  0  0  0  0  1 ] (0.00005589)
[  1  1  0  0  0  0  0  0  2 ] (0.00018249)
[  1  1  0  0  0  0  0  0  3 ] (0.00009249)
[  1  1  0  0  0  0  0  1  0 ] (0.00002055)
[  1  1  0  0  0  0  0  1  1 ] (0.00032790)
[  1  1  0  0  0  0  0  1  2 ] (0.00001413)
[  1  1  0  0  0  0  0  2  0 ] (0.00000593)
[  1  1  0  0  0  0  0  2  1 ] (0.00268032)
[  1  1  0  0  0  0  0  3  0 ] (0.00239324)
[  1  1  0  0  0  0  1  0  0 ] (0.00000130)
[  1  1  0  0  0  0  1  0  1 ] (0.00008764)
[  1  1  0  0  0  0  1  0  2 ] (0.00052228)
[  1  1  0  0  0  0  1  1  0 ] (0.00001017)
[  1  1  0  0  0  0  1  1  1 ] (0.00084364)
[  1  1  0  0  0  0  1  2  0 ] (0.00008788)
[  1  1  0  0  0  0  2  0  0 ] (0.00006885)
[  1  1  0  0  0  0  2  0  1 ] (0.00065052)
[  1  1  0  0  0  0  2  1  0 ] (0.00014287)
[  1  1  0  0  0  0  3  0  0 ] (0.00000296)
[  1  1  0  0  0  1  0  0  0 ] (0.00000100)
[  1  1  0  0  0  1  0  0  1 ] (0.00000129)
[  1  1  0  0  0  1  0  0  2 ] (0.00022954)
[  1  1  0  0  0  1  0  1  0 ] (0.00000025)
[  1  1  0  0  0  1  0  1  1 ] (0.00243894)
[  1  1  0  0  0  1  0  2  0 ] (0.00007423)
[  1  1  0  0  0  1  1  0  0 ] (0.00003935)
[  1  1  0  0  0  1  1  0  1 ] (0.00000080)
[  1  1  0  0  0  1  1  1  0 ] (0.00338801)
[  1  1  0  0  0  1  2  0  0 ] (0.00000327)
[  1  1  0  0  0  2  0  0  0 ] (0.00000213)
[  1  1  0  0  0  2  0  0  1 ] (0.00002019)
[  1  1  0  0  0  2  0  1  0 ] (0.00000003)
[  1  1  0  0  0  2  1  0  0 ] (0.00000306)
[  1  1  0  0  0  3  0  0  0 ] (0.00000057)
[  1  1  0  0  1  0  0  0  0 ] (0.00000327)
[  1  1  0  0  1  0  0  0  1 ] (0.00000076)
[  1  1  0  0  1  0  0  0  2 ] (0.00109082)
[  1  1  0  0  1  0  0  1  0 ] (0.00000984)
[  1  1  0  0  1  0  0  1  1 ] (0.00052417)
[  1  1  0  0  1  0  0  2  0 ] (0.00000559)
[  1  1  0  0  1  0  1  0  0 ] (0.00000131)
[  1  1  0  0  1  0  1  0  1 ] (0.00000864)
[  1  1  0  0  1  0  1  1  0 ] (0.00026563)
[  1  1  0  0  1  0  2  0  0 ] (0.00001826)
[  1  1  0  0  1  1  0  0  0 ] (0.00001397)
[  1  1  0  0  1  1  0  0  1 ] (0.00000604)
[  1  1  0  0  1  1  0  1  0 ] (0.00002590)
[  1  1  0  0  1  1  1  0  0 ] (0.00000638)
[  1  1  0  0  1  2  0  0  0 ] (0.00000151)
[  1  1  0  0  2  0  0  0  0 ] (0.00000119)
[  1  1  0  0  2  0  0  0  1 ] (0.00000100)
[  1  1  0  0  2  0  0  1  0 ] (0.00002557)
[  1  1  0  0  2  0  1  0  0 ] (0.00003052)
[  1  1  0  0  2  1  0  0  0 ] (0.00000030)
[  1  1  0  0  3  0  0  0  0 ] (0.00000646)
[  1  1  0  1  0  0  0  0  0 ] (0.00000161)
[  1  1  0  1  0  0  0  0  1 ] (0.00001556)
[  1  1  0  1  0  0  0  0  2 ] (0.00000414)
[  1  1  0  1  0  0  0  1  0 ] (0.00000393)
[  1  1  0  1  0  0  0  1  1 ] (0.00026214)
[  1  1  0  1  0  0  0  2  0 ] (0.00017219)
[  1  1  0  1  0  0  1  0  0 ] (0.00000324)
[  1  1  0  1  0  0  1  0  1 ] (0.00000013)
[  1  1  0  1  0  0  1  1  0 ] (0.00029335)
[  1  1  0  1  0  0  2  0  0 ] (0.00000505)
[  1  1  0  1  0  1  0  0  0 ] (0.00000800)
[  1  1  0  1  0  1  0  0  1 ] (0.00012138)
[  1  1  0  1  0  1  0  1  0 ] (0.00000455)
[  1  1  0  1  0  1  1  0  0 ] (0.00004816)
[  1  1  0  1  0  2  0  0  0 ] (0.00000021)
[  1  1  0  1  1  0  0  0  0 ] (0.00002704)
[  1  1  0  1  1  0  0  0  1 ] (0.00008703)
[  1  1  0  1  1  0  0  1  0 ] (0.00001252)
[  1  1  0  1  1  0  1  0  0 ] (0.00025119)
[  1  1  0  1  1  1  0  0  0 ] (0.00000042)
[  1  1  0  1  2  0  0  0  0 ] (0.00000004)
[  1  1  0  2  0  0  0  0  0 ] (0.00000001)
[  1  1  0  2  0  0  0  0  1 ] (0.00000001)
[  1  1  0  2  0  0  0  1  0 ] (0.00000000)
[  1  1  0  2  0  0  1  0  0 ] (0.00000108)
[  1  1  0  2  0  1  0  0  0 ] (0.00000010)
[  1  1  0  2  1  0  0  0  0 ] (0.00000096)
[  1  1  0  3  0  0  0  0  0 ] (0.00000041)
[  1  1  1  0  0  0  0  0  0 ] (0.00000170)
[  1  1  1  0  0  0  0  0  1 ] (0.00008430)
[  1  1  1  0  0  0  0  0  2 ] (0.00001081)
[  1  1  1  0  0  0  0  1  0 ] (0.00064414)
[  1  1  1  0  0  0  0  1  1 ] (0.01553799)
[  1  1  1  0  0  0  0  2  0 ] (0.00003520)
[  1  1  1  0  0  0  1  0  0 ] (0.00005622)
[  1  1  1  0  0  0  1  0  1 ] (0.00042115)
[  1  1  1  0  0  0  1  1  0 ] (0.00330818)
[  1  1  1  0  0  0  2  0  0 ] (0.00000550)
[  1  1  1  0  0  1  0  0  0 ] (0.00000577)
[  1  1  1  0  0  1  0  0  1 ] (0.00003475)
[  1  1  1  0  0  1  0  1  0 ] (0.00000466)
[  1  1  1  0  0  1  1  0  0 ] (0.00000045)
[  1  1  1  0  0  2  0  0  0 ] (0.00000008)
[  1  1  1  0  1  0  0  0  0 ] (0.00001117)
[  1  1  1  0  1  0  0  0  1 ] (0.00007096)
[  1  1  1  0  1  0  0  1  0 ] (0.00000429)
[  1  1  1  0  1  0  1  0  0 ] (0.00014237)
[  1  1  1  0  1  1  0  0  0 ] (0.00000035)
[  1  1  1  0  2  0  0  0  0 ] (0.00000412)
[  1  1  1  1  0  0  0  0  0 ] (0.00000021)
[  1  1  1  1  0  0  0  0  1 ] (0.00003531)
[  1  1  1  1  0  0  0  1  0 ] (0.00003599)
[  1  1  1  1  0  0  1  0  0 ] (0.00001054)
[  1  1  1  1  0  1  0  0  0 ] (0.00000026)
[  1  1  1  1  1  0  0  0  0 ] (0.00001008)
[  1  1  1  2  0  0  0  0  0 ] (0.00000021)
[  1  1  2  0  0  0  0  0  0 ] (0.00000001)
[  1  1  2  0  0  0  0  0  1 ] (0.00000370)
[  1  1  2  0  0  0  0  1  0 ] (0.00003075)
[  1  1  2  0  0  0  1  0  0 ] (0.00000001)
[  1  1  2  0  0  1  0  0  0 ] (0.00000036)
[  1  1  2  0  1  0  0  0  0 ] (0.00000056)
[  1  1  2  1  0  0  0  0  0 ] (0.00000014)
[  1  1  3  0  0  0  0  0  0 ] (0.00000194)
[  1  2  0  0  0  0  0  0  0 ] (0.00000211)
[  1  2  0  0  0  0  0  0  1 ] (0.00000150)
[  1  2  0  0  0  0  0  0  2 ] (0.00001281)
[  1  2  0  0  0  0  0  1  0 ] (0.00173530)
[  1  2  0  0  0  0  0  1  1 ] (0.01557700)
[  1  2  0  0  0  0  0  2  0 ] (0.00021350)
[  1  2  0  0  0  0  1  0  0 ] (0.00000017)
[  1  2  0  0  0  0  1  0  1 ] (0.00005274)
[  1  2  0  0  0  0  1  1  0 ] (0.00514801)
[  1  2  0  0  0  0  2  0  0 ] (0.00002114)
[  1  2  0  0  0  1  0  0  0 ] (0.00000384)
[  1  2  0  0  0  1  0  0  1 ] (0.00001670)
[  1  2  0  0  0  1  0  1  0 ] (0.00005427)
[  1  2  0  0  0  1  1  0  0 ] (0.00000297)
[  1  2  0  0  0  2  0  0  0 ] (0.00000000)
[  1  2  0  0  1  0  0  0  0 ] (0.00009685)
[  1  2  0  0  1  0  0  0  1 ] (0.00032871)
[  1  2  0  0  1  0  0  1  0 ] (0.00003709)
[  1  2  0  0  1  0  1  0  0 ] (0.00011259)
[  1  2  0  0  1  1  0  0  0 ] (0.00000811)
[  1  2  0  0  2  0  0  0  0 ] (0.00000032)
[  1  2  0  1  0  0  0  0  0 ] (0.00000761)
[  1  2  0  1  0  0  0  0  1 ] (0.00001574)
[  1  2  0  1  0  0  0  1  0 ] (0.00000012)
[  1  2  0  1  0  0  1  0  0 ] (0.00000957)
[  1  2  0  1  0  1  0  0  0 ] (0.00000036)
[  1  2  0  1  1  0  0  0  0 ] (0.00000238)
[  1  2  0  2  0  0  0  0  0 ] (0.00000006)
[  1  2  1  0  0  0  0  0  0 ] (0.00000167)
[  1  2  1  0  0  0  0  0  1 ] (0.00000783)
[  1  2  1  0  0  0  0  1  0 ] (0.00007878)
[  1  2  1  0  0  0  1  0  0 ] (0.00000172)
[  1  2  1  0  0  1  0  0  0 ] (0.00000042)
[  1  2  1  0  1  0  0  0  0 ] (0.00000134)
[  1  2  1  1  0  0  0  0  0 ] (0.00000243)
[  1  2  2  0  0  0  0  0  0 ] (0.00000054)
[  1  3  0  0  0  0  0  0  0 ] (0.00000051)
[  1  3  0  0  0  0  0  0  1 ] (0.00000238)
[  1  3  0  0  0  0  0  1  0 ] (0.00004705)
[  1  3  0  0  0  0  1  0  0 ] (0.00000340)
[  1  3  0  0  0  1  0  0  0 ] (0.00000142)
[  1  3  0  0  1  0  0  0  0 ] (0.00000454)
[  1  3  0  1  0  0  0  0  0 ] (0.00000127)
[  1  3  1  0  0  0  0  0  0 ] (0.00000196)
[  1  4  0  0  0  0  0  0  0 ] (0.00000172)
[  2  0  0  0  0  0  0  0  0 ] (0.00000080)
[  2  0  0  0  0  0  0  0  1 ] (0.00005223)
[  2  0  0  0  0  0  0  0  2 ] (0.00028820)
[  2  0  0  0  0  0  0  0  3 ] (0.00547355)
[  2  0  0  0  0  0  0  1  0 ] (0.00002101)
[  2  0  0  0  0  0  0  1  1 ] (0.00015003)
[  2  0  0  0  0  0  0  1  2 ] (0.00235043)
[  2  0  0  0  0  0  0  2  0 ] (0.00002630)
[  2  0  0  0  0  0  0  2  1 ] (0.00326007)
[  2  0  0  0  0  0  0  3  0 ] (0.00000451)
[  2  0  0  0  0  0  1  0  0 ] (0.00000120)
[  2  0  0  0  0  0  1  0  1 ] (0.00005961)
[  2  0  0  0  0  0  1  0  2 ] (0.01933837)
[  2  0  0  0  0  0  1  1  0 ] (0.00014473)
[  2  0  0  0  0  0  1  1  1 ] (0.00053532)
[  2  0  0  0  0  0  1  2  0 ] (0.00490935)
[  2  0  0  0  0  0  2  0  0 ] (0.00010824)
[  2  0  0  0  0  0  2  0  1 ] (0.00081591)
[  2  0  0  0  0  0  2  1  0 ] (0.00061433)
[  2  0  0  0  0  0  3  0  0 ] (0.00049950)
[  2  0  0  0  0  1  0  0  0 ] (0.00001045)
[  2  0  0  0  0  1  0  0  1 ] (0.00001182)
[  2  0  0  0  0  1  0  0  2 ] (0.00043257)
[  2  0  0  0  0  1  0  1  0 ] (0.00000658)
[  2  0  0  0  0  1  0  1  1 ] (0.00147084)
[  2  0  0  0  0  1  0  2  0 ] (0.00077627)
[  2  0  0  0  0  1  1  0  0 ] (0.00021149)
[  2  0  0  0  0  1  1  0  1 ] (0.00207511)
[  2  0  0  0  0  1  1  1  0 ] (0.00427910)
[  2  0  0  0  0  1  2  0  0 ] (0.00000814)
[  2  0  0  0  0  2  0  0  0 ] (0.00000522)
[  2  0  0  0  0  2  0  0  1 ] (0.00001330)
[  2  0  0  0  0  2  0  1  0 ] (0.00006391)
[  2  0  0  0  0  2  1  0  0 ] (0.00001232)
[  2  0  0  0  0  3  0  0  0 ] (0.00000032)
[  2  0  0  0  1  0  0  0  0 ] (0.00000298)
[  2  0  0  0  1  0  0  0  1 ] (0.00000569)
[  2  0  0  0  1  0  0  0  2 ] (0.00000566)
[  2  0  0  0  1  0  0  1  0 ] (0.00021105)
[  2  0  0  0  1  0  0  1  1 ] (0.00336737)
[  2  0  0  0  1  0  0  2  0 ] (0.00000271)
[  2  0  0  0  1  0  1  0  0 ] (0.00002911)
[  2  0  0  0  1  0  1  0  1 ] (0.00036352)
[  2  0  0  0  1  0  1  1  0 ] (0.00017635)
[  2  0  0  0  1  0  2  0  0 ] (0.00000015)
[  2  0  0  0  1  1  0  0  0 ] (0.00000000)
[  2  0  0  0  1  1  0  0  1 ] (0.00000571)
[  2  0  0  0  1  1  0  1  0 ] (0.00034104)
[  2  0  0  0  1  1  1  0  0 ] (0.00000006)
[  2  0  0  0  1  2  0  0  0 ] (0.00000192)
[  2  0  0  0  2  0  0  0  0 ] (0.00000009)
[  2  0  0  0  2  0  0  0  1 ] (0.00000086)
[  2  0  0  0  2  0  0  1  0 ] (0.00000700)
[  2  0  0  0  2  0  1  0  0 ] (0.00000021)
[  2  0  0  0  2  1  0  0  0 ] (0.00000022)
[  2  0  0  0  3  0  0  0  0 ] (0.00000001)
[  2  0  0  1  0  0  0  0  0 ] (0.00000001)
[  2  0  0  1  0  0  0  0  1 ] (0.00000136)
[  2  0  0  1  0  0  0  0  2 ] (0.00000806)
[  2  0  0  1  0  0  0  1  0 ] (0.00041099)
[  2  0  0  1  0  0  0  1  1 ] (0.00273639)
[  2  0  0  1  0  0  0  2  0 ] (0.00000958)
[  2  0  0  1  0  0  1  0  0 ] (0.00001756)
[  2  0  0  1  0  0  1  0  1 ] (0.00016151)
[  2  0  0  1  0  0  1  1  0 ] (0.00023331)
[  2  0  0  1  0  0  2  0  0 ] (0.00000033)
[  2  0  0  1  0  1  0  0  0 ] (0.00000000)
[  2  0  0  1  0  1  0  0  1 ] (0.00003820)
[  2  0  0  1  0  1  0  1  0 ] (0.00025123)
[  2  0  0  1  0  1  1  0  0 ] (0.00000057)
[  2  0  0  1  0  2  0  0  0 ] (0.00000325)
[  2  0  0  1  1  0  0  0  0 ] (0.00005161)
[  2  0  0  1  1  0  0  0  1 ] (0.00022219)
[  2  0  0  1  1  0  0  1  0 ] (0.00013010)
[  2  0  0  1  1  0  1  0  0 ] (0.00003579)
[  2  0  0  1  1  1  0  0  0 ] (0.00001470)
[  2  0  0  1  2  0  0  0  0 ] (0.00001080)
[  2  0  0  2  0  0  0  0  0 ] (0.00000151)
[  2  0  0  2  0  0  0  0  1 ] (0.00000522)
[  2  0  0  2  0  0  0  1  0 ] (0.00000008)
[  2  0  0  2  0  0  1  0  0 ] (0.00000001)
[  2  0  0  2  0  1  0  0  0 ] (0.00000151)
[  2  0  0  2  1  0  0  0  0 ] (0.00000049)
[  2  0  0  3  0  0  0  0  0 ] (0.00000016)
[  2  0  1  0  0  0  0  0  0 ] (0.00003011)
[  2  0  1  0  0  0  0  0  1 ] (0.00017919)
[  2  0  1  0  0  0  0  0  2 ] (0.00024505)
[  2  0  1  0  0  0  0  1  0 ] (0.00026275)
[  2  0  1  0  0  0  0  1  1 ] (0.00280498)
[  2  0  1  0  0  0  0  2  0 ] (0.00010356)
[  2  0  1  0  0  0  1  0  0 ] (0.00004147)
[  2  0  1  0  0  0  1  0  1 ] (0.00013230)
[  2  0  1  0  0  0  1  1  0 ] (0.00023833)
[  2  0  1  0  0  0  2  0  0 ] (0.00000166)
[  2  0  1  0  0  1  0  0  0 ] (0.00000522)
[  2  0  1  0  0  1  0  0  1 ] (0.00006747)
[  2  0  1  0  0  1  0  1  0 ] (0.00000461)
[  2  0  1  0  0  1  1  0  0 ] (0.00002146)
[  2  0  1  0  0  2  0  0  0 ] (0.00000117)
[  2  0  1  0  1  0  0  0  0 ] (0.00000602)
[  2  0  1  0  1  0  0  0  1 ] (0.00001669)
[  2  0  1  0  1  0  0  1  0 ] (0.00005345)
[  2  0  1  0  1  0  1  0  0 ] (0.00001020)
[  2  0  1  0  1  1  0  0  0 ] (0.00000000)
[  2  0  1  0  2  0  0  0  0 ] (0.00000118)
[  2  0  1  1  0  0  0  0  0 ] (0.00000198)
[  2  0  1  1  0  0  0  0  1 ] (0.00000007)
[  2  0  1  1  0  0  0  1  0 ] (0.00008439)
[  2  0  1  1  0  0  1  0  0 ] (0.00000240)
[  2  0  1  1  0  1  0  0  0 ] (0.00000003)
[  2  0  1  1  1  0  0  0  0 ] (0.00000069)
[  2  0  1  2  0  0  0  0  0 ] (0.00000120)
[  2  0  2  0  0  0  0  0  0 ] (0.00000029)
[  2  0  2  0  0  0  0  0  1 ] (0.00000001)
[  2  0  2  0  0  0  0  1  0 ] (0.00000684)
[  2  0  2  0  0  0  1  0  0 ] (0.00000000)
[  2  0  2  0  0  1  0  0  0 ] (0.00000016)
[  2  0  2  0  1  0  0  0  0 ] (0.00000030)
[  2  0  2  1  0  0  0  0  0 ] (0.00000039)
[  2  0  3  0  0  0  0  0  0 ] (0.00000147)
[  2  1  0  0  0  0  0  0  0 ] (0.00001561)
[  2  1  0  0  0  0  0  0  1 ] (0.00015285)
[  2  1  0  0  0  0  0  0  2 ] (0.00137124)
[  2  1  0  0  0  0  0  1  0 ] (0.00012706)
[  2  1  0  0  0  0  0  1  1 ] (0.00029447)
[  2  1  0  0  0  0  0  2  0 ] (0.00121504)
[  2  1  0  0  0  0  1  0  0 ] (0.00026416)
[  2  1  0  0  0  0  1  0  1 ] (0.00140207)
[  2  1  0  0  0  0  1  1  0 ] (0.00336867)
[  2  1  0  0  0  0  2  0  0 ] (0.00000001)
[  2  1  0  0  0  1  0  0  0 ] (0.00000003)
[  2  1  0  0  0  1  0  0  1 ] (0.00000059)
[  2  1  0  0  0  1  0  1  0 ] (0.00003388)
[  2  1  0  0  0  1  1  0  0 ] (0.00005494)
[  2  1  0  0  0  2  0  0  0 ] (0.00000001)
[  2  1  0  0  1  0  0  0  0 ] (0.00002703)
[  2  1  0  0  1  0  0  0  1 ] (0.00008649)
[  2  1  0  0  1  0  0  1  0 ] (0.00068928)
[  2  1  0  0  1  0  1  0  0 ] (0.00000438)
[  2  1  0  0  1  1  0  0  0 ] (0.00000270)
[  2  1  0  0  2  0  0  0  0 ] (0.00000063)
[  2  1  0  1  0  0  0  0  0 ] (0.00000375)
[  2  1  0  1  0  0  0  0  1 ] (0.00002015)
[  2  1  0  1  0  0  0  1  0 ] (0.00011939)
[  2  1  0  1  0  0  1  0  0 ] (0.00000021)
[  2  1  0  1  0  1  0  0  0 ] (0.00000282)
[  2  1  0  1  1  0  0  0  0 ] (0.00000111)
[  2  1  0  2  0  0  0  0  0 ] (0.00000124)
[  2  1  1  0  0  0  0  0  0 ] (0.00000108)
[  2  1  1  0  0  0  0  0  1 ] (0.00000302)
[  2  1  1  0  0  0  0  1  0 ] (0.00002842)
[  2  1  1  0  0  0  1  0  0 ] (0.00000320)
[  2  1  1  0  0  1  0  0  0 ] (0.00000003)
[  2  1  1  0  1  0  0  0  0 ] (0.00000321)
[  2  1  1  1  0  0  0  0  0 ] (0.00000232)
[  2  1  2  0  0  0  0  0  0 ] (0.00000098)
[  2  2  0  0  0  0  0  0  0 ] (0.00000025)
[  2  2  0  0  0  0  0  0  1 ] (0.00005206)
[  2  2  0  0  0  0  0  1  0 ] (0.00000229)
[  2  2  0  0  0  0  1  0  0 ] (0.00000011)
[  2  2  0  0  0  1  0  0  0 ] (0.00000265)
[  2  2  0  0  1  0  0  0  0 ] (0.00000095)
[  2  2  0  1  0  0  0  0  0 ] (0.00000002)
[  2  2  1  0  0  0  0  0  0 ] (0.00000280)
[  2  3  0  0  0  0  0  0  0 ] (0.00000050)
[  3  0  0  0  0  0  0  0  0 ] (0.00000005)
[  3  0  0  0  0  0  0  0  1 ] (0.00000068)
[  3  0  0  0  0  0  0  0  2 ] (0.00000572)
[  3  0  0  0  0  0  0  1  0 ] (0.00001860)
[  3  0  0  0  0  0  0  1  1 ] (0.00006821)
[  3  0  0  0  0  0  0  2  0 ] (0.00006695)
[  3  0  0  0  0  0  1  0  0 ] (0.00000155)
[  3  0  0  0  0  0  1  0  1 ] (0.00000226)
[  3  0  0  0  0  0  1  1  0 ] (0.00033996)
[  3  0  0  0  0  0  2  0  0 ] (0.00000265)
[  3  0  0  0  0  1  0  0  0 ] (0.00000009)
[  3  0  0  0  0  1  0  0  1 ] (0.00000327)
[  3  0  0  0  0  1  0  1  0 ] (0.00000206)
[  3  0  0  0  0  1  1  0  0 ] (0.00000005)
[  3  0  0  0  0  2  0  0  0 ] (0.00000111)
[  3  0  0  0  1  0  0  0  0 ] (0.00000087)
[  3  0  0  0  1  0  0  0  1 ] (0.00000033)
[  3  0  0  0  1  0  0  1  0 ] (0.00004253)
[  3  0  0  0  1  0  1  0  0 ] (0.00000014)
[  3  0  0  0  1  1  0  0  0 ] (0.00000075)
[  3  0  0  0  2  0  0  0  0 ] (0.00000000)
[  3  0  0  1  0  0  0  0  0 ] (0.00000002)
[  3  0  0  1  0  0  0  0  1 ] (0.00000007)
[  3  0  0  1  0  0  0  1  0 ] (0.00000507)
[  3  0  0  1  0  0  1  0  0 ] (0.00000066)
[  3  0  0  1  0  1  0  0  0 ] (0.00000057)
[  3  0  0  1  1  0  0  0  0 ] (0.00000000)
[  3  0  0  2  0  0  0  0  0 ] (0.00000000)
[  3  0  1  0  0  0  0  0  0 ] (0.00000003)
[  3  0  1  0  0  0  0  0  1 ] (0.00000237)
[  3  0  1  0  0  0  0  1  0 ] (0.00000009)
[  3  0  1  0  0  0  1  0  0 ] (0.00000188)
[  3  0  1  0  0  1  0  0  0 ] (0.00000002)
[  3  0  1  0  1  0  0  0  0 ] (0.00000000)
[  3  0  1  1  0  0  0  0  0 ] (0.00000020)
[  3  0  2  0  0  0  0  0  0 ] (0.00000004)
[  3  1  0  0  0  0  0  0  0 ] (0.00000062)
[  3  1  0  0  0  0  0  0  1 ] (0.00000941)
[  3  1  0  0  0  0  0  1  0 ] (0.00000014)
[  3  1  0  0  0  0  1  0  0 ] (0.00000022)
[  3  1  0  0  0  1  0  0  0 ] (0.00000027)
[  3  1  0  0  1  0  0  0  0 ] (0.00000007)
[  3  1  0  1  0  0  0  0  0 ] (0.00000033)
[  3  1  1  0  0  0  0  0  0 ] (0.00000124)
[  3  2  0  0  0  0  0  0  0 ] (0.00000009)
[  4  0  0  0  0  0  0  0  0 ] (0.00000018)
[  4  0  0  0  0  0  0  0  1 ] (0.00000925)
[  4  0  0  0  0  0  0  1  0 ] (0.00004441)
[  4  0  0  0  0  0  1  0  0 ] (0.00001528)
[  4  0  0  0  0  1  0  0  0 ] (0.00000921)
[  4  0  0  0  1  0  0  0  0 ] (0.00000140)
[  4  0  0  1  0  0  0  0  0 ] (0.00000033)
[  4  0  1  0  0  0  0  0  0 ] (0.00000092)
[  4  1  0  0  0  0  0  0  0 ] (0.00001276)
[  5  0  0  0  0  0  0  0  0 ] (0.00000010)
