| -1012.335007785597 |   148.556422368479 

[  0  0  0  0  0  0  0  0  0 ] (0.00001670)
[  0  0  0  0  0  0  0  0  1 ] (0.00001716)
[  0  0  0  0  0  0  0  0  2 ] (0.00023217)
[  0  0  0  0  0  0  0  0  3 ] (0.00000040)
[  0  0  0  0  0  0  0  0  4 ] (0.00000002)
[  0  0  0  0  0  0  0  0  5 ] (0.00000001)
[  0  0  0  0  0  0  0  1  0 ] (0.00021055)
[  0  0  0  0  0  0  0  1  1 ] (0.00029264)
[  0  0  0  0  0  0  0  1  2 ] (0.00000753)
[  0  0  0  0  0  0  0  1  3 ] (0.00000793)
[  0  0  0  0  0  0  0  1  4 ] (0.00000018)
[  0  0  0  0  0  0  0  2  0 ] (0.00147270)
[  0  0  0  0  0  0  0  2  1 ] (0.00018989)
[  0  0  0  0  0  0  0  2  2 ] (0.00001048)
[  0  0  0  0  0  0  0  2  3 ] (0.00000000)
[  0  0  0  0  0  0  0  3  0 ] (0.00004322)
[  0  0  0  0  0  0  0  3  1 ] (0.00000127)
[  0  0  0  0  0  0  0  3  2 ] (0.00000001)
[  0  0  0  0  0  0  0  4  0 ] (0.00003855)
[  0  0  0  0  0  0  0  4  1 ] (0.00000894)
[  0  0  0  0  0  0  0  5  0 ] (0.00003814)
[  0  0  0  0  0  0  1  0  0 ] (0.00007109)
[  0  0  0  0  0  0  1  0  1 ] (0.00009708)
[  0  0  0  0  0  0  1  0  2 ] (0.00000377)
[  0  0  0  0  0  0  1  0  3 ] (0.00000000)
[  0  0  0  0  0  0  1  0  4 ] (0.00000028)
[  0  0  0  0  0  0  1  1  0 ] (0.00023076)
[  0  0  0  0  0  0  1  1  1 ] (0.00007209)
[  0  0  0  0  0  0  1  1  2 ] (0.00000001)
[  0  0  0  0  0  0  1  1  3 ] (0.00000070)
[  0  0  0  0  0  0  1  2  0 ] (0.00046056)
[  0  0  0  0  0  0  1  2  1 ] (0.00004500)
[  0  0  0  0  0  0  1  2  2 ] (0.00000155)
[  0  0  0  0  0  0  1  3  0 ] (0.00000009)
[  0  0  0  0  0  0  1  3  1 ] (0.00000138)
[  0  0  0  0  0  0  1  4  0 ] (0.00000352)
[  0  0  0  0  0  0  2  0  0 ] (0.00007091)
[  0  0  0  0  0  0  2  0  1 ] (0.00004192)
[  0  0  0  0  0  0  2  0  2 ] (0.00000000)
[  0  0  0  0  0  0  2  0  3 ] (0.00000033)
[  0  0  0  0  0  0  2  1  0 ] (0.00011733)
[  0  0  0  0  0  0  2  1  1 ] (0.00001128)
[  0  0  0  0  0  0  2  1  2 ] (0.00000001)
[  0  0  0  0  0  0  2  2  0 ] (0.00000899)
[  0  0  0  0  0  0  2  2  1 ] (0.00000497)
[  0  0  0  0  0  0  2  3  0 ] (0.00000038)
[  0  0  0  0  0  0  3  0  0 ] (0.00000882)
[  0  0  0  0  0  0  3  0  1 ] (0.00000284)
[  0  0  0  0  0  0  3  0  2 ] (0.00000010)
[  0  0  0  0  0  0  3  1  0 ] (0.00005377)
[  0  0  0  0  0  0  3  1  1 ] (0.00000016)
[  0  0  0  0  0  0  3  2  0 ] (0.00002564)
[  0  0  0  0  0  0  4  0  0 ] (0.00001280)
[  0  0  0  0  0  0  4  0  1 ] (0.00000036)
[  0  0  0  0  0  0  4  1  0 ] (0.00001087)
[  0  0  0  0  0  0  5  0  0 ] (0.00000157)
[  0  0  0  0  0  1  0  0  0 ] (0.00001171)
[  0  0  0  0  0  1  0  0  1 ] (0.00154730)
[  0  0  0  0  0  1  0  0  2 ] (0.00000086)
[  0  0  0  0  0  1  0  0  3 ] (0.00000000)
[  0  0  0  0  0  1  0  0  4 ] (0.00000273)
[  0  0  0  0  0  1  0  1  0 ] (0.00030005)
[  0  0  0  0  0  1  0  1  1 ] (0.00000965)
[  0  0  0  0  0  1  0  1  2 ] (0.00000159)
[  0  0  0  0  0  1  0  1  3 ] (0.00000297)
[  0  0  0  0  0  1  0  2  0 ] (0.00025122)
[  0  0  0  0  0  1  0  2  1 ] (0.00000482)
[  0  0  0  0  0  1  0  2  2 ] (0.00000000)
[  0  0  0  0  0  1  0  3  0 ] (0.00001364)
[  0  0  0  0  0  1  0  3  1 ] (0.00001655)
[  0  0  0  0  0  1  0  4  0 ] (0.00000001)
[  0  0  0  0  0  1  1  0  0 ] (0.00000072)
[  0  0  0  0  0  1  1  0  1 ] (0.00000002)
[  0  0  0  0  0  1  1  0  2 ] (0.00000029)
[  0  0  0  0  0  1  1  0  3 ] (0.00000003)
[  0  0  0  0  0  1  1  1  0 ] (0.00000867)
[  0  0  0  0  0  1  1  1  1 ] (0.00000479)
[  0  0  0  0  0  1  1  1  2 ] (0.00000002)
[  0  0  0  0  0  1  1  2  0 ] (0.00001515)
[  0  0  0  0  0  1  1  2  1 ] (0.00000123)
[  0  0  0  0  0  1  1  3  0 ] (0.00001009)
[  0  0  0  0  0  1  2  0  0 ] (0.00014542)
[  0  0  0  0  0  1  2  0  1 ] (0.00000000)
[  0  0  0  0  0  1  2  0  2 ] (0.00000108)
[  0  0  0  0  0  1  2  1  0 ] (0.00000043)
[  0  0  0  0  0  1  2  1  1 ] (0.00000022)
[  0  0  0  0  0  1  2  2  0 ] (0.00000011)
[  0  0  0  0  0  1  3  0  0 ] (0.00001038)
[  0  0  0  0  0  1  3  0  1 ] (0.00000987)
[  0  0  0  0  0  1  3  1  0 ] (0.00000010)
[  0  0  0  0  0  1  4  0  0 ] (0.00001503)
[  0  0  0  0  0  2  0  0  0 ] (0.00003315)
[  0  0  0  0  0  2  0  0  1 ] (0.00000345)
[  0  0  0  0  0  2  0  0  2 ] (0.00000063)
[  0  0  0  0  0  2  0  0  3 ] (0.00000213)
[  0  0  0  0  0  2  0  1  0 ] (0.00002195)
[  0  0  0  0  0  2  0  1  1 ] (0.00001371)
[  0  0  0  0  0  2  0  1  2 ] (0.00000034)
[  0  0  0  0  0  2  0  2  0 ] (0.00001003)
[  0  0  0  0  0  2  0  2  1 ] (0.00000039)
[  0  0  0  0  0  2  0  3  0 ] (0.00002006)
[  0  0  0  0  0  2  1  0  0 ] (0.00093109)
[  0  0  0  0  0  2  1  0  1 ] (0.00004928)
[  0  0  0  0  0  2  1  0  2 ] (0.00000018)
[  0  0  0  0  0  2  1  1  0 ] (0.00000018)
[  0  0  0  0  0  2  1  1  1 ] (0.00000007)
[  0  0  0  0  0  2  1  2  0 ] (0.00000001)
[  0  0  0  0  0  2  2  0  0 ] (0.00000135)
[  0  0  0  0  0  2  2  0  1 ] (0.00000028)
[  0  0  0  0  0  2  2  1  0 ] (0.00000019)
[  0  0  0  0  0  2  3  0  0 ] (0.00000006)
[  0  0  0  0  0  3  0  0  0 ] (0.00003130)
[  0  0  0  0  0  3  0  0  1 ] (0.00000098)
[  0  0  0  0  0  3  0  0  2 ] (0.00000122)
[  0  0  0  0  0  3  0  1  0 ] (0.00000024)
[  0  0  0  0  0  3  0  1  1 ] (0.00000393)
[  0  0  0  0  0  3  0  2  0 ] (0.00000008)
[  0  0  0  0  0  3  1  0  0 ] (0.00000462)
[  0  0  0  0  0  3  1  0  1 ] (0.00000027)
[  0  0  0  0  0  3  1  1  0 ] (0.00000092)
[  0  0  0  0  0  3  2  0  0 ] (0.00000123)
[  0  0  0  0  0  4  0  0  0 ] (0.00000800)
[  0  0  0  0  0  4  0  0  1 ] (0.00000247)
[  0  0  0  0  0  4  0  1  0 ] (0.00000492)
[  0  0  0  0  0  4  1  0  0 ] (0.00000059)
[  0  0  0  0  0  5  0  0  0 ] (0.00000010)
[  0  0  0  0  1  0  0  0  0 ] (0.00002276)
[  0  0  0  0  1  0  0  0  1 ] (0.00125031)
[  0  0  0  0  1  0  0  0  2 ] (0.00004493)
[  0  0  0  0  1  0  0  0  3 ] (0.00000659)
[  0  0  0  0  1  0  0  0  4 ] (0.00000043)
[  0  0  0  0  1  0  0  1  0 ] (0.00000375)
[  0  0  0  0  1  0  0  1  1 ] (0.00000091)
[  0  0  0  0  1  0  0  1  2 ] (0.00000001)
[  0  0  0  0  1  0  0  1  3 ] (0.00000050)
[  0  0  0  0  1  0  0  2  0 ] (0.00024657)
[  0  0  0  0  1  0  0  2  1 ] (0.00001112)
[  0  0  0  0  1  0  0  2  2 ] (0.00000001)
[  0  0  0  0  1  0  0  3  0 ] (0.00002671)
[  0  0  0  0  1  0  0  3  1 ] (0.00000234)
[  0  0  0  0  1  0  0  4  0 ] (0.00000105)
[  0  0  0  0  1  0  1  0  0 ] (0.00115468)
[  0  0  0  0  1  0  1  0  1 ] (0.00017592)
[  0  0  0  0  1  0  1  0  2 ] (0.00000321)
[  0  0  0  0  1  0  1  0  3 ] (0.00000000)
[  0  0  0  0  1  0  1  1  0 ] (0.00000191)
[  0  0  0  0  1  0  1  1  1 ] (0.00000561)
[  0  0  0  0  1  0  1  1  2 ] (0.00000001)
[  0  0  0  0  1  0  1  2  0 ] (0.00000901)
[  0  0  0  0  1  0  1  2  1 ] (0.00000249)
[  0  0  0  0  1  0  1  3  0 ] (0.00002299)
[  0  0  0  0  1  0  2  0  0 ] (0.00105750)
[  0  0  0  0  1  0  2  0  1 ] (0.00009749)
[  0  0  0  0  1  0  2  0  2 ] (0.00000006)
[  0  0  0  0  1  0  2  1  0 ] (0.00000002)
[  0  0  0  0  1  0  2  1  1 ] (0.00000002)
[  0  0  0  0  1  0  2  2  0 ] (0.00000003)
[  0  0  0  0  1  0  3  0  0 ] (0.00006972)
[  0  0  0  0  1  0  3  0  1 ] (0.00000170)
[  0  0  0  0  1  0  3  1  0 ] (0.00000005)
[  0  0  0  0  1  0  4  0  0 ] (0.00001663)
[  0  0  0  0  1  1  0  0  0 ] (0.00068917)
[  0  0  0  0  1  1  0  0  1 ] (0.00019141)
[  0  0  0  0  1  1  0  0  2 ] (0.00001475)
[  0  0  0  0  1  1  0  0  3 ] (0.00000089)
[  0  0  0  0  1  1  0  1  0 ] (0.00001566)
[  0  0  0  0  1  1  0  1  1 ] (0.00000401)
[  0  0  0  0  1  1  0  1  2 ] (0.00000005)
[  0  0  0  0  1  1  0  2  0 ] (0.00000965)
[  0  0  0  0  1  1  0  2  1 ] (0.00000225)
[  0  0  0  0  1  1  0  3  0 ] (0.00000919)
[  0  0  0  0  1  1  1  0  0 ] (0.00008733)
[  0  0  0  0  1  1  1  0  1 ] (0.00000048)
[  0  0  0  0  1  1  1  0  2 ] (0.00000002)
[  0  0  0  0  1  1  1  1  0 ] (0.00000104)
[  0  0  0  0  1  1  1  1  1 ] (0.00000345)
[  0  0  0  0  1  1  1  2  0 ] (0.00000078)
[  0  0  0  0  1  1  2  0  0 ] (0.00004204)
[  0  0  0  0  1  1  2  0  1 ] (0.00000647)
[  0  0  0  0  1  1  2  1  0 ] (0.00000057)
[  0  0  0  0  1  1  3  0  0 ] (0.00000052)
[  0  0  0  0  1  2  0  0  0 ] (0.00087969)
[  0  0  0  0  1  2  0  0  1 ] (0.00000000)
[  0  0  0  0  1  2  0  0  2 ] (0.00000059)
[  0  0  0  0  1  2  0  1  0 ] (0.00000775)
[  0  0  0  0  1  2  0  1  1 ] (0.00000045)
[  0  0  0  0  1  2  0  2  0 ] (0.00000178)
[  0  0  0  0  1  2  1  0  0 ] (0.00000322)
[  0  0  0  0  1  2  1  0  1 ] (0.00000061)
[  0  0  0  0  1  2  1  1  0 ] (0.00000083)
[  0  0  0  0  1  2  2  0  0 ] (0.00000093)
[  0  0  0  0  1  3  0  0  0 ] (0.00029162)
[  0  0  0  0  1  3  0  0  1 ] (0.00000257)
[  0  0  0  0  1  3  0  1  0 ] (0.00000023)
[  0  0  0  0  1  3  1  0  0 ] (0.00000125)
[  0  0  0  0  1  4  0  0  0 ] (0.00008260)
[  0  0  0  0  2  0  0  0  0 ] (0.00003351)
[  0  0  0  0  2  0  0  0  1 ] (0.00003968)
[  0  0  0  0  2  0  0  0  2 ] (0.00000039)
[  0  0  0  0  2  0  0  0  3 ] (0.00000007)
[  0  0  0  0  2  0  0  1  0 ] (0.00000901)
[  0  0  0  0  2  0  0  1  1 ] (0.00001241)
[  0  0  0  0  2  0  0  1  2 ] (0.00000002)
[  0  0  0  0  2  0  0  2  0 ] (0.00000856)
[  0  0  0  0  2  0  0  2  1 ] (0.00000020)
[  0  0  0  0  2  0  0  3  0 ] (0.00000267)
[  0  0  0  0  2  0  1  0  0 ] (0.00323851)
[  0  0  0  0  2  0  1  0  1 ] (0.00020867)
[  0  0  0  0  2  0  1  0  2 ] (0.00000054)
[  0  0  0  0  2  0  1  1  0 ] (0.00005204)
[  0  0  0  0  2  0  1  1  1 ] (0.00000049)
[  0  0  0  0  2  0  1  2  0 ] (0.00000059)
[  0  0  0  0  2  0  2  0  0 ] (0.00008057)
[  0  0  0  0  2  0  2  0  1 ] (0.00001088)
[  0  0  0  0  2  0  2  1  0 ] (0.00000029)
[  0  0  0  0  2  0  3  0  0 ] (0.00005704)
[  0  0  0  0  2  1  0  0  0 ] (0.00054660)
[  0  0  0  0  2  1  0  0  1 ] (0.00000227)
[  0  0  0  0  2  1  0  0  2 ] (0.00000155)
[  0  0  0  0  2  1  0  1  0 ] (0.00000589)
[  0  0  0  0  2  1  0  1  1 ] (0.00000062)
[  0  0  0  0  2  1  0  2  0 ] (0.00000013)
[  0  0  0  0  2  1  1  0  0 ] (0.00036070)
[  0  0  0  0  2  1  1  0  1 ] (0.00001822)
[  0  0  0  0  2  1  1  1  0 ] (0.00000673)
[  0  0  0  0  2  1  2  0  0 ] (0.00001222)
[  0  0  0  0  2  2  0  0  0 ] (0.00208452)
[  0  0  0  0  2  2  0  0  1 ] (0.00001895)
[  0  0  0  0  2  2  0  1  0 ] (0.00000251)
[  0  0  0  0  2  2  1  0  0 ] (0.00004451)
[  0  0  0  0  2  3  0  0  0 ] (0.00009920)
[  0  0  0  0  3  0  0  0  0 ] (0.00012101)
[  0  0  0  0  3  0  0  0  1 ] (0.00000026)
[  0  0  0  0  3  0  0  0  2 ] (0.00000003)
[  0  0  0  0  3  0  0  1  0 ] (0.00005486)
[  0  0  0  0  3  0  0  1  1 ] (0.00001416)
[  0  0  0  0  3  0  0  2  0 ] (0.00000252)
[  0  0  0  0  3  0  1  0  0 ] (0.00007953)
[  0  0  0  0  3  0  1  0  1 ] (0.00003627)
[  0  0  0  0  3  0  1  1  0 ] (0.00000005)
[  0  0  0  0  3  0  2  0  0 ] (0.00000689)
[  0  0  0  0  3  1  0  0  0 ] (0.00573671)
[  0  0  0  0  3  1  0  0  1 ] (0.00002658)
[  0  0  0  0  3  1  0  1  0 ] (0.00000365)
[  0  0  0  0  3  1  1  0  0 ] (0.00000123)
[  0  0  0  0  3  2  0  0  0 ] (0.00049214)
[  0  0  0  0  4  0  0  0  0 ] (0.01938505)
[  0  0  0  0  4  0  0  0  1 ] (0.00029434)
[  0  0  0  0  4  0  0  1  0 ] (0.00000803)
[  0  0  0  0  4  0  1  0  0 ] (0.00031895)
[  0  0  0  0  4  1  0  0  0 ] (0.00222786)
[  0  0  0  0  5  0  0  0  0 ] (0.00000548)
[  0  0  0  1  0  0  0  0  0 ] (0.00000030)
[  0  0  0  1  0  0  0  0  1 ] (0.00000402)
[  0  0  0  1  0  0  0  0  2 ] (0.00000080)
[  0  0  0  1  0  0  0  0  3 ] (0.00000004)
[  0  0  0  1  0  0  0  0  4 ] (0.00000198)
[  0  0  0  1  0  0  0  1  0 ] (0.00000029)
[  0  0  0  1  0  0  0  1  1 ] (0.00000009)
[  0  0  0  1  0  0  0  1  2 ] (0.00000061)
[  0  0  0  1  0  0  0  1  3 ] (0.00000085)
[  0  0  0  1  0  0  0  2  0 ] (0.00005460)
[  0  0  0  1  0  0  0  2  1 ] (0.00001319)
[  0  0  0  1  0  0  0  2  2 ] (0.00000001)
[  0  0  0  1  0  0  0  3  0 ] (0.00000258)
[  0  0  0  1  0  0  0  3  1 ] (0.00000000)
[  0  0  0  1  0  0  0  4  0 ] (0.00000443)
[  0  0  0  1  0  0  1  0  0 ] (0.00000828)
[  0  0  0  1  0  0  1  0  1 ] (0.00000196)
[  0  0  0  1  0  0  1  0  2 ] (0.00000108)
[  0  0  0  1  0  0  1  0  3 ] (0.00000095)
[  0  0  0  1  0  0  1  1  0 ] (0.00001530)
[  0  0  0  1  0  0  1  1  1 ] (0.00000077)
[  0  0  0  1  0  0  1  1  2 ] (0.00000063)
[  0  0  0  1  0  0  1  2  0 ] (0.00004707)
[  0  0  0  1  0  0  1  2  1 ] (0.00002347)
[  0  0  0  1  0  0  1  3  0 ] (0.00000286)
[  0  0  0  1  0  0  2  0  0 ] (0.00271719)
[  0  0  0  1  0  0  2  0  1 ] (0.00025929)
[  0  0  0  1  0  0  2  0  2 ] (0.00000044)
[  0  0  0  1  0  0  2  1  0 ] (0.00000005)
[  0  0  0  1  0  0  2  1  1 ] (0.00000000)
[  0  0  0  1  0  0  2  2  0 ] (0.00000153)
[  0  0  0  1  0  0  3  0  0 ] (0.00001151)
[  0  0  0  1  0  0  3  0  1 ] (0.00000979)
[  0  0  0  1  0  0  3  1  0 ] (0.00000019)
[  0  0  0  1  0  0  4  0  0 ] (0.00000153)
[  0  0  0  1  0  1  0  0  0 ] (0.00001038)
[  0  0  0  1  0  1  0  0  1 ] (0.00008433)
[  0  0  0  1  0  1  0  0  2 ] (0.00000110)
[  0  0  0  1  0  1  0  0  3 ] (0.00000034)
[  0  0  0  1  0  1  0  1  0 ] (0.00010549)
[  0  0  0  1  0  1  0  1  1 ] (0.00002156)
[  0  0  0  1  0  1  0  1  2 ] (0.00000091)
[  0  0  0  1  0  1  0  2  0 ] (0.00010642)
[  0  0  0  1  0  1  0  2  1 ] (0.00000575)
[  0  0  0  1  0  1  0  3  0 ] (0.00000009)
[  0  0  0  1  0  1  1  0  0 ] (0.00003741)
[  0  0  0  1  0  1  1  0  1 ] (0.00001066)
[  0  0  0  1  0  1  1  0  2 ] (0.00000076)
[  0  0  0  1  0  1  1  1  0 ] (0.00001182)
[  0  0  0  1  0  1  1  1  1 ] (0.00000000)
[  0  0  0  1  0  1  1  2  0 ] (0.00000394)
[  0  0  0  1  0  1  2  0  0 ] (0.00010870)
[  0  0  0  1  0  1  2  0  1 ] (0.00001206)
[  0  0  0  1  0  1  2  1  0 ] (0.00000021)
[  0  0  0  1  0  1  3  0  0 ] (0.00000045)
[  0  0  0  1  0  2  0  0  0 ] (0.00000020)
[  0  0  0  1  0  2  0  0  1 ] (0.00000718)
[  0  0  0  1  0  2  0  0  2 ] (0.00000057)
[  0  0  0  1  0  2  0  1  0 ] (0.00000476)
[  0  0  0  1  0  2  0  1  1 ] (0.00000029)
[  0  0  0  1  0  2  0  2  0 ] (0.00000357)
[  0  0  0  1  0  2  1  0  0 ] (0.00000720)
[  0  0  0  1  0  2  1  0  1 ] (0.00000238)
[  0  0  0  1  0  2  1  1  0 ] (0.00000012)
[  0  0  0  1  0  2  2  0  0 ] (0.00000043)
[  0  0  0  1  0  3  0  0  0 ] (0.00217969)
[  0  0  0  1  0  3  0  0  1 ] (0.00003005)
[  0  0  0  1  0  3  0  1  0 ] (0.00000462)
[  0  0  0  1  0  3  1  0  0 ] (0.00000464)
[  0  0  0  1  0  4  0  0  0 ] (0.00014313)
[  0  0  0  1  1  0  0  0  0 ] (0.00000943)
[  0  0  0  1  1  0  0  0  1 ] (0.00000120)
[  0  0  0  1  1  0  0  0  2 ] (0.00000282)
[  0  0  0  1  1  0  0  0  3 ] (0.00000238)
[  0  0  0  1  1  0  0  1  0 ] (0.00015403)
[  0  0  0  1  1  0  0  1  1 ] (0.00001156)
[  0  0  0  1  1  0  0  1  2 ] (0.00000089)
[  0  0  0  1  1  0  0  2  0 ] (0.00002269)
[  0  0  0  1  1  0  0  2  1 ] (0.00000303)
[  0  0  0  1  1  0  0  3  0 ] (0.00000279)
[  0  0  0  1  1  0  1  0  0 ] (0.00038829)
[  0  0  0  1  1  0  1  0  1 ] (0.00007809)
[  0  0  0  1  1  0  1  0  2 ] (0.00000048)
[  0  0  0  1  1  0  1  1  0 ] (0.00000468)
[  0  0  0  1  1  0  1  1  1 ] (0.00000127)
[  0  0  0  1  1  0  1  2  0 ] (0.00000173)
[  0  0  0  1  1  0  2  0  0 ] (0.00001180)
[  0  0  0  1  1  0  2  0  1 ] (0.00000053)
[  0  0  0  1  1  0  2  1  0 ] (0.00000013)
[  0  0  0  1  1  0  3  0  0 ] (0.00000207)
[  0  0  0  1  1  1  0  0  0 ] (0.00001920)
[  0  0  0  1  1  1  0  0  1 ] (0.00001511)
[  0  0  0  1  1  1  0  0  2 ] (0.00000004)
[  0  0  0  1  1  1  0  1  0 ] (0.00004428)
[  0  0  0  1  1  1  0  1  1 ] (0.00000036)
[  0  0  0  1  1  1  0  2  0 ] (0.00000002)
[  0  0  0  1  1  1  1  0  0 ] (0.00020579)
[  0  0  0  1  1  1  1  0  1 ] (0.00000316)
[  0  0  0  1  1  1  1  1  0 ] (0.00000125)
[  0  0  0  1  1  1  2  0  0 ] (0.00000024)
[  0  0  0  1  1  2  0  0  0 ] (0.00000369)
[  0  0  0  1  1  2  0  0  1 ] (0.00000023)
[  0  0  0  1  1  2  0  1  0 ] (0.00000274)
[  0  0  0  1  1  2  1  0  0 ] (0.00000147)
[  0  0  0  1  1  3  0  0  0 ] (0.00000017)
[  0  0  0  1  2  0  0  0  0 ] (0.00039289)
[  0  0  0  1  2  0  0  0  1 ] (0.00009683)
[  0  0  0  1  2  0  0  0  2 ] (0.00000077)
[  0  0  0  1  2  0  0  1  0 ] (0.00000067)
[  0  0  0  1  2  0  0  1  1 ] (0.00000004)
[  0  0  0  1  2  0  0  2  0 ] (0.00000066)
[  0  0  0  1  2  0  1  0  0 ] (0.00024765)
[  0  0  0  1  2  0  1  0  1 ] (0.00000205)
[  0  0  0  1  2  0  1  1  0 ] (0.00000036)
[  0  0  0  1  2  0  2  0  0 ] (0.00001520)
[  0  0  0  1  2  1  0  0  0 ] (0.00068826)
[  0  0  0  1  2  1  0  0  1 ] (0.00000024)
[  0  0  0  1  2  1  0  1  0 ] (0.00000109)
[  0  0  0  1  2  1  1  0  0 ] (0.00000524)
[  0  0  0  1  2  2  0  0  0 ] (0.00021266)
[  0  0  0  1  3  0  0  0  0 ] (0.00033687)
[  0  0  0  1  3  0  0  0  1 ] (0.00001113)
[  0  0  0  1  3  0  0  1  0 ] (0.00000041)
[  0  0  0  1  3  0  1  0  0 ] (0.00007436)
[  0  0  0  1  3  1  0  0  0 ] (0.00000025)
[  0  0  0  1  4  0  0  0  0 ] (0.00002313)
[  0  0  0  2  0  0  0  0  0 ] (0.00000705)
[  0  0  0  2  0  0  0  0  1 ] (0.00002793)
[  0  0  0  2  0  0  0  0  2 ] (0.00000122)
[  0  0  0  2  0  0  0  0  3 ] (0.00000034)
[  0  0  0  2  0  0  0  1  0 ] (0.00000294)
[  0  0  0  2  0  0  0  1  1 ] (0.00000136)
[  0  0  0  2  0  0  0  1  2 ] (0.00000068)
[  0  0  0  2  0  0  0  2  0 ] (0.00008570)
[  0  0  0  2  0  0  0  2  1 ] (0.00001132)
[  0  0  0  2  0  0  0  3  0 ] (0.00000918)
[  0  0  0  2  0  0  1  0  0 ] (0.00000045)
[  0  0  0  2  0  0  1  0  1 ] (0.00000018)
[  0  0  0  2  0  0  1  0  2 ] (0.00000001)
[  0  0  0  2  0  0  1  1  0 ] (0.00001068)
[  0  0  0  2  0  0  1  1  1 ] (0.00000258)
[  0  0  0  2  0  0  1  2  0 ] (0.00001702)
[  0  0  0  2  0  0  2  0  0 ] (0.00000498)
[  0  0  0  2  0  0  2  0  1 ] (0.00000042)
[  0  0  0  2  0  0  2  1  0 ] (0.00000004)
[  0  0  0  2  0  0  3  0  0 ] (0.00000047)
[  0  0  0  2  0  1  0  0  0 ] (0.00001034)
[  0  0  0  2  0  1  0  0  1 ] (0.00000004)
[  0  0  0  2  0  1  0  0  2 ] (0.00000114)
[  0  0  0  2  0  1  0  1  0 ] (0.00000521)
[  0  0  0  2  0  1  0  1  1 ] (0.00000693)
[  0  0  0  2  0  1  0  2  0 ] (0.00000058)
[  0  0  0  2  0  1  1  0  0 ] (0.00001241)
[  0  0  0  2  0  1  1  0  1 ] (0.00000013)
[  0  0  0  2  0  1  1  1  0 ] (0.00000344)
[  0  0  0  2  0  1  2  0  0 ] (0.00000431)
[  0  0  0  2  0  2  0  0  0 ] (0.00016503)
[  0  0  0  2  0  2  0  0  1 ] (0.00000789)
[  0  0  0  2  0  2  0  1  0 ] (0.00000004)
[  0  0  0  2  0  2  1  0  0 ] (0.00000188)
[  0  0  0  2  0  3  0  0  0 ] (0.00006920)
[  0  0  0  2  1  0  0  0  0 ] (0.00082316)
[  0  0  0  2  1  0  0  0  1 ] (0.00004480)
[  0  0  0  2  1  0  0  0  2 ] (0.00000212)
[  0  0  0  2  1  0  0  1  0 ] (0.00000023)
[  0  0  0  2  1  0  0  1  1 ] (0.00000417)
[  0  0  0  2  1  0  0  2  0 ] (0.00000694)
[  0  0  0  2  1  0  1  0  0 ] (0.00001114)
[  0  0  0  2  1  0  1  0  1 ] (0.00000001)
[  0  0  0  2  1  0  1  1  0 ] (0.00000260)
[  0  0  0  2  1  0  2  0  0 ] (0.00000025)
[  0  0  0  2  1  1  0  0  0 ] (0.00237736)
[  0  0  0  2  1  1  0  0  1 ] (0.00000053)
[  0  0  0  2  1  1  0  1  0 ] (0.00000935)
[  0  0  0  2  1  1  1  0  0 ] (0.00002119)
[  0  0  0  2  1  2  0  0  0 ] (0.00075269)
[  0  0  0  2  2  0  0  0  0 ] (0.00000001)
[  0  0  0  2  2  0  0  0  1 ] (0.00000000)
[  0  0  0  2  2  0  0  1  0 ] (0.00000010)
[  0  0  0  2  2  0  1  0  0 ] (0.00000004)
[  0  0  0  2  2  1  0  0  0 ] (0.00004403)
[  0  0  0  2  3  0  0  0  0 ] (0.00010561)
[  0  0  0  3  0  0  0  0  0 ] (0.00000004)
[  0  0  0  3  0  0  0  0  1 ] (0.00005983)
[  0  0  0  3  0  0  0  0  2 ] (0.00000184)
[  0  0  0  3  0  0  0  1  0 ] (0.00003126)
[  0  0  0  3  0  0  0  1  1 ] (0.00002011)
[  0  0  0  3  0  0  0  2  0 ] (0.00006432)
[  0  0  0  3  0  0  1  0  0 ] (0.00138655)
[  0  0  0  3  0  0  1  0  1 ] (0.00004404)
[  0  0  0  3  0  0  1  1  0 ] (0.00000933)
[  0  0  0  3  0  0  2  0  0 ] (0.00000296)
[  0  0  0  3  0  1  0  0  0 ] (0.00002343)
[  0  0  0  3  0  1  0  0  1 ] (0.00000096)
[  0  0  0  3  0  1  0  1  0 ] (0.00001617)
[  0  0  0  3  0  1  1  0  0 ] (0.00002181)
[  0  0  0  3  0  2  0  0  0 ] (0.00000218)
[  0  0  0  3  1  0  0  0  0 ] (0.00040755)
[  0  0  0  3  1  0  0  0  1 ] (0.00000130)
[  0  0  0  3  1  0  0  1  0 ] (0.00000769)
[  0  0  0  3  1  0  1  0  0 ] (0.00001700)
[  0  0  0  3  1  1  0  0  0 ] (0.00028488)
[  0  0  0  3  2  0  0  0  0 ] (0.00002029)
[  0  0  0  4  0  0  0  0  0 ] (0.00012455)
[  0  0  0  4  0  0  0  0  1 ] (0.00000563)
[  0  0  0  4  0  0  0  1  0 ] (0.00002292)
[  0  0  0  4  0  0  1  0  0 ] (0.00004248)
[  0  0  0  4  0  1  0  0  0 ] (0.00097140)
[  0  0  0  4  1  0  0  0  0 ] (0.00007912)
[  0  0  0  5  0  0  0  0  0 ] (0.00000015)
[  0  0  1  0  0  0  0  0  0 ] (0.00001355)
[  0  0  1  0  0  0  0  0  1 ] (0.00012365)
[  0  0  1  0  0  0  0  0  2 ] (0.00000465)
[  0  0  1  0  0  0  0  0  3 ] (0.00000030)
[  0  0  1  0  0  0  0  0  4 ] (0.00000000)
[  0  0  1  0  0  0  0  1  0 ] (0.00254223)
[  0  0  1  0  0  0  0  1  1 ] (0.00001488)
[  0  0  1  0  0  0  0  1  2 ] (0.00000693)
[  0  0  1  0  0  0  0  1  3 ] (0.00001063)
[  0  0  1  0  0  0  0  2  0 ] (0.00000370)
[  0  0  1  0  0  0  0  2  1 ] (0.00006117)
[  0  0  1  0  0  0  0  2  2 ] (0.00000028)
[  0  0  1  0  0  0  0  3  0 ] (0.00000010)
[  0  0  1  0  0  0  0  3  1 ] (0.00001931)
[  0  0  1  0  0  0  0  4  0 ] (0.00000948)
[  0  0  1  0  0  0  1  0  0 ] (0.00033503)
[  0  0  1  0  0  0  1  0  1 ] (0.00000398)
[  0  0  1  0  0  0  1  0  2 ] (0.00001019)
[  0  0  1  0  0  0  1  0  3 ] (0.00000323)
[  0  0  1  0  0  0  1  1  0 ] (0.00004447)
[  0  0  1  0  0  0  1  1  1 ] (0.00000127)
[  0  0  1  0  0  0  1  1  2 ] (0.00000043)
[  0  0  1  0  0  0  1  2  0 ] (0.00000590)
[  0  0  1  0  0  0  1  2  1 ] (0.00000474)
[  0  0  1  0  0  0  1  3  0 ] (0.00000001)
[  0  0  1  0  0  0  2  0  0 ] (0.00318009)
[  0  0  1  0  0  0  2  0  1 ] (0.00032184)
[  0  0  1  0  0  0  2  0  2 ] (0.00000346)
[  0  0  1  0  0  0  2  1  0 ] (0.00003362)
[  0  0  1  0  0  0  2  1  1 ] (0.00000431)
[  0  0  1  0  0  0  2  2  0 ] (0.00000055)
[  0  0  1  0  0  0  3  0  0 ] (0.00000045)
[  0  0  1  0  0  0  3  0  1 ] (0.00000674)
[  0  0  1  0  0  0  3  1  0 ] (0.00001249)
[  0  0  1  0  0  0  4  0  0 ] (0.00001258)
[  0  0  1  0  0  1  0  0  0 ] (0.00003410)
[  0  0  1  0  0  1  0  0  1 ] (0.00000002)
[  0  0  1  0  0  1  0  0  2 ] (0.00000022)
[  0  0  1  0  0  1  0  0  3 ] (0.00000019)
[  0  0  1  0  0  1  0  1  0 ] (0.00004581)
[  0  0  1  0  0  1  0  1  1 ] (0.00000203)
[  0  0  1  0  0  1  0  1  2 ] (0.00000135)
[  0  0  1  0  0  1  0  2  0 ] (0.00001254)
[  0  0  1  0  0  1  0  2  1 ] (0.00000000)
[  0  0  1  0  0  1  0  3  0 ] (0.00000550)
[  0  0  1  0  0  1  1  0  0 ] (0.00826670)
[  0  0  1  0  0  1  1  0  1 ] (0.00024821)
[  0  0  1  0  0  1  1  0  2 ] (0.00000038)
[  0  0  1  0  0  1  1  1  0 ] (0.00001040)
[  0  0  1  0  0  1  1  1  1 ] (0.00000014)
[  0  0  1  0  0  1  1  2  0 ] (0.00000169)
[  0  0  1  0  0  1  2  0  0 ] (0.00000368)
[  0  0  1  0  0  1  2  0  1 ] (0.00000028)
[  0  0  1  0  0  1  2  1  0 ] (0.00000043)
[  0  0  1  0  0  1  3  0  0 ] (0.00000064)
[  0  0  1  0  0  2  0  0  0 ] (0.00001862)
[  0  0  1  0  0  2  0  0  1 ] (0.00003150)
[  0  0  1  0  0  2  0  0  2 ] (0.00000028)
[  0  0  1  0  0  2  0  1  0 ] (0.00002482)
[  0  0  1  0  0  2  0  1  1 ] (0.00000071)
[  0  0  1  0  0  2  0  2  0 ] (0.00000283)
[  0  0  1  0  0  2  1  0  0 ] (0.00001878)
[  0  0  1  0  0  2  1  0  1 ] (0.00000886)
[  0  0  1  0  0  2  1  1  0 ] (0.00000005)
[  0  0  1  0  0  2  2  0  0 ] (0.00000521)
[  0  0  1  0  0  3  0  0  0 ] (0.00000895)
[  0  0  1  0  0  3  0  0  1 ] (0.00000136)
[  0  0  1  0  0  3  0  1  0 ] (0.00000011)
[  0  0  1  0  0  3  1  0  0 ] (0.00003025)
[  0  0  1  0  0  4  0  0  0 ] (0.00000580)
[  0  0  1  0  1  0  0  0  0 ] (0.00025653)
[  0  0  1  0  1  0  0  0  1 ] (0.00001100)
[  0  0  1  0  1  0  0  0  2 ] (0.00000241)
[  0  0  1  0  1  0  0  0  3 ] (0.00000062)
[  0  0  1  0  1  0  0  1  0 ] (0.00009451)
[  0  0  1  0  1  0  0  1  1 ] (0.00001156)
[  0  0  1  0  1  0  0  1  2 ] (0.00000003)
[  0  0  1  0  1  0  0  2  0 ] (0.00000000)
[  0  0  1  0  1  0  0  2  1 ] (0.00000005)
[  0  0  1  0  1  0  0  3  0 ] (0.00000003)
[  0  0  1  0  1  0  1  0  0 ] (0.00317609)
[  0  0  1  0  1  0  1  0  1 ] (0.00015400)
[  0  0  1  0  1  0  1  0  2 ] (0.00000122)
[  0  0  1  0  1  0  1  1  0 ] (0.00001809)
[  0  0  1  0  1  0  1  1  1 ] (0.00000013)
[  0  0  1  0  1  0  1  2  0 ] (0.00000167)
[  0  0  1  0  1  0  2  0  0 ] (0.00004603)
[  0  0  1  0  1  0  2  0  1 ] (0.00000591)
[  0  0  1  0  1  0  2  1  0 ] (0.00000209)
[  0  0  1  0  1  0  3  0  0 ] (0.00000084)
[  0  0  1  0  1  1  0  0  0 ] (0.00000130)
[  0  0  1  0  1  1  0  0  1 ] (0.00003500)
[  0  0  1  0  1  1  0  0  2 ] (0.00000002)
[  0  0  1  0  1  1  0  1  0 ] (0.00004705)
[  0  0  1  0  1  1  0  1  1 ] (0.00000110)
[  0  0  1  0  1  1  0  2  0 ] (0.00000083)
[  0  0  1  0  1  1  1  0  0 ] (0.00011574)
[  0  0  1  0  1  1  1  0  1 ] (0.00000964)
[  0  0  1  0  1  1  1  1  0 ] (0.00000748)
[  0  0  1  0  1  1  2  0  0 ] (0.00000003)
[  0  0  1  0  1  2  0  0  0 ] (0.00007289)
[  0  0  1  0  1  2  0  0  1 ] (0.00000637)
[  0  0  1  0  1  2  0  1  0 ] (0.00000004)
[  0  0  1  0  1  2  1  0  0 ] (0.00002073)
[  0  0  1  0  1  3  0  0  0 ] (0.00000701)
[  0  0  1  0  2  0  0  0  0 ] (0.00017620)
[  0  0  1  0  2  0  0  0  1 ] (0.00008080)
[  0  0  1  0  2  0  0  0  2 ] (0.00000685)
[  0  0  1  0  2  0  0  1  0 ] (0.00000942)
[  0  0  1  0  2  0  0  1  1 ] (0.00000273)
[  0  0  1  0  2  0  0  2  0 ] (0.00000069)
[  0  0  1  0  2  0  1  0  0 ] (0.00017044)
[  0  0  1  0  2  0  1  0  1 ] (0.00005680)
[  0  0  1  0  2  0  1  1  0 ] (0.00000805)
[  0  0  1  0  2  0  2  0  0 ] (0.00000314)
[  0  0  1  0  2  1  0  0  0 ] (0.00457960)
[  0  0  1  0  2  1  0  0  1 ] (0.00007224)
[  0  0  1  0  2  1  0  1  0 ] (0.00000637)
[  0  0  1  0  2  1  1  0  0 ] (0.00002007)
[  0  0  1  0  2  2  0  0  0 ] (0.00119514)
[  0  0  1  0  3  0  0  0  0 ] (0.00000653)
[  0  0  1  0  3  0  0  0  1 ] (0.00002836)
[  0  0  1  0  3  0  0  1  0 ] (0.00000013)
[  0  0  1  0  3  0  1  0  0 ] (0.00009444)
[  0  0  1  0  3  1  0  0  0 ] (0.00002159)
[  0  0  1  0  4  0  0  0  0 ] (0.00343346)
[  0  0  1  1  0  0  0  0  0 ] (0.00006936)
[  0  0  1  1  0  0  0  0  1 ] (0.00124894)
[  0  0  1  1  0  0  0  0  2 ] (0.00000001)
[  0  0  1  1  0  0  0  0  3 ] (0.00000001)
[  0  0  1  1  0  0  0  1  0 ] (0.00009282)
[  0  0  1  1  0  0  0  1  1 ] (0.00003622)
[  0  0  1  1  0  0  0  1  2 ] (0.00000100)
[  0  0  1  1  0  0  0  2  0 ] (0.00015605)
[  0  0  1  1  0  0  0  2  1 ] (0.00000168)
[  0  0  1  1  0  0  0  3  0 ] (0.00008492)
[  0  0  1  1  0  0  1  0  0 ] (0.00261395)
[  0  0  1  1  0  0  1  0  1 ] (0.00015124)
[  0  0  1  1  0  0  1  0  2 ] (0.00000036)
[  0  0  1  1  0  0  1  1  0 ] (0.00000036)
[  0  0  1  1  0  0  1  1  1 ] (0.00000001)
[  0  0  1  1  0  0  1  2  0 ] (0.00000414)
[  0  0  1  1  0  0  2  0  0 ] (0.00024575)
[  0  0  1  1  0  0  2  0  1 ] (0.00001196)
[  0  0  1  1  0  0  2  1  0 ] (0.00000004)
[  0  0  1  1  0  0  3  0  0 ] (0.00000194)
[  0  0  1  1  0  1  0  0  0 ] (0.00009322)
[  0  0  1  1  0  1  0  0  1 ] (0.00014778)
[  0  0  1  1  0  1  0  0  2 ] (0.00000584)
[  0  0  1  1  0  1  0  1  0 ] (0.00000543)
[  0  0  1  1  0  1  0  1  1 ] (0.00000190)
[  0  0  1  1  0  1  0  2  0 ] (0.00000882)
[  0  0  1  1  0  1  1  0  0 ] (0.00020646)
[  0  0  1  1  0  1  1  0  1 ] (0.00001168)
[  0  0  1  1  0  1  1  1  0 ] (0.00000035)
[  0  0  1  1  0  1  2  0  0 ] (0.00000102)
[  0  0  1  1  0  2  0  0  0 ] (0.01028987)
[  0  0  1  1  0  2  0  0  1 ] (0.00003025)
[  0  0  1  1  0  2  0  1  0 ] (0.00002295)
[  0  0  1  1  0  2  1  0  0 ] (0.00010026)
[  0  0  1  1  0  3  0  0  0 ] (0.00029788)
[  0  0  1  1  1  0  0  0  0 ] (0.00000307)
[  0  0  1  1  1  0  0  0  1 ] (0.00000116)
[  0  0  1  1  1  0  0  0  2 ] (0.00000045)
[  0  0  1  1  1  0  0  1  0 ] (0.00008234)
[  0  0  1  1  1  0  0  1  1 ] (0.00000511)
[  0  0  1  1  1  0  0  2  0 ] (0.00000084)
[  0  0  1  1  1  0  1  0  0 ] (0.00003845)
[  0  0  1  1  1  0  1  0  1 ] (0.00001710)
[  0  0  1  1  1  0  1  1  0 ] (0.00000676)
[  0  0  1  1  1  0  2  0  0 ] (0.00000449)
[  0  0  1  1  1  1  0  0  0 ] (0.00130475)
[  0  0  1  1  1  1  0  0  1 ] (0.00001486)
[  0  0  1  1  1  1  0  1  0 ] (0.00002108)
[  0  0  1  1  1  1  1  0  0 ] (0.00000048)
[  0  0  1  1  1  2  0  0  0 ] (0.00014743)
[  0  0  1  1  2  0  0  0  0 ] (0.01367927)
[  0  0  1  1  2  0  0  0  1 ] (0.00019020)
[  0  0  1  1  2  0  0  1  0 ] (0.00000540)
[  0  0  1  1  2  0  1  0  0 ] (0.00010401)
[  0  0  1  1  2  1  0  0  0 ] (0.00459839)
[  0  0  1  1  3  0  0  0  0 ] (0.00070736)
[  0  0  1  2  0  0  0  0  0 ] (0.00000001)
[  0  0  1  2  0  0  0  0  1 ] (0.00000597)
[  0  0  1  2  0  0  0  0  2 ] (0.00000327)
[  0  0  1  2  0  0  0  1  0 ] (0.00002512)
[  0  0  1  2  0  0  0  1  1 ] (0.00000268)
[  0  0  1  2  0  0  0  2  0 ] (0.00000008)
[  0  0  1  2  0  0  1  0  0 ] (0.00073022)
[  0  0  1  2  0  0  1  0  1 ] (0.00001865)
[  0  0  1  2  0  0  1  1  0 ] (0.00000006)
[  0  0  1  2  0  0  2  0  0 ] (0.00000809)
[  0  0  1  2  0  1  0  0  0 ] (0.00000582)
[  0  0  1  2  0  1  0  0  1 ] (0.00000022)
[  0  0  1  2  0  1  0  1  0 ] (0.00000090)
[  0  0  1  2  0  1  1  0  0 ] (0.00015073)
[  0  0  1  2  0  2  0  0  0 ] (0.00000386)
[  0  0  1  2  1  0  0  0  0 ] (0.00000662)
[  0  0  1  2  1  0  0  0  1 ] (0.00000053)
[  0  0  1  2  1  0  0  1  0 ] (0.00000053)
[  0  0  1  2  1  0  1  0  0 ] (0.00001382)
[  0  0  1  2  1  1  0  0  0 ] (0.00042110)
[  0  0  1  2  2  0  0  0  0 ] (0.00001826)
[  0  0  1  3  0  0  0  0  0 ] (0.00006227)
[  0  0  1  3  0  0  0  0  1 ] (0.00001631)
[  0  0  1  3  0  0  0  1  0 ] (0.00000077)
[  0  0  1  3  0  0  1  0  0 ] (0.00012219)
[  0  0  1  3  0  1  0  0  0 ] (0.00016030)
[  0  0  1  3  1  0  0  0  0 ] (0.00075216)
[  0  0  1  4  0  0  0  0  0 ] (0.00085477)
[  0  0  2  0  0  0  0  0  0 ] (0.00000828)
[  0  0  2  0  0  0  0  0  1 ] (0.00020214)
[  0  0  2  0  0  0  0  0  2 ] (0.00000090)
[  0  0  2  0  0  0  0  0  3 ] (0.00000007)
[  0  0  2  0  0  0  0  1  0 ] (0.00005588)
[  0  0  2  0  0  0  0  1  1 ] (0.00000824)
[  0  0  2  0  0  0  0  1  2 ] (0.00000029)
[  0  0  2  0  0  0  0  2  0 ] (0.00010760)
[  0  0  2  0  0  0  0  2  1 ] (0.00000166)
[  0  0  2  0  0  0  0  3  0 ] (0.00002178)
[  0  0  2  0  0  0  1  0  0 ] (0.00000004)
[  0  0  2  0  0  0  1  0  1 ] (0.00000097)
[  0  0  2  0  0  0  1  0  2 ] (0.00000131)
[  0  0  2  0  0  0  1  1  0 ] (0.00000036)
[  0  0  2  0  0  0  1  1  1 ] (0.00000268)
[  0  0  2  0  0  0  1  2  0 ] (0.00000052)
[  0  0  2  0  0  0  2  0  0 ] (0.00002691)
[  0  0  2  0  0  0  2  0  1 ] (0.00000114)
[  0  0  2  0  0  0  2  1  0 ] (0.00000003)
[  0  0  2  0  0  0  3  0  0 ] (0.00000000)
[  0  0  2  0  0  1  0  0  0 ] (0.00000006)
[  0  0  2  0  0  1  0  0  1 ] (0.00001049)
[  0  0  2  0  0  1  0  0  2 ] (0.00000379)
[  0  0  2  0  0  1  0  1  0 ] (0.00000631)
[  0  0  2  0  0  1  0  1  1 ] (0.00000330)
[  0  0  2  0  0  1  0  2  0 ] (0.00000684)
[  0  0  2  0  0  1  1  0  0 ] (0.00008575)
[  0  0  2  0  0  1  1  0  1 ] (0.00000535)
[  0  0  2  0  0  1  1  1  0 ] (0.00000011)
[  0  0  2  0  0  1  2  0  0 ] (0.00000297)
[  0  0  2  0  0  2  0  0  0 ] (0.00000046)
[  0  0  2  0  0  2  0  0  1 ] (0.00000303)
[  0  0  2  0  0  2  0  1  0 ] (0.00000000)
[  0  0  2  0  0  2  1  0  0 ] (0.00000335)
[  0  0  2  0  0  3  0  0  0 ] (0.00000186)
[  0  0  2  0  1  0  0  0  0 ] (0.00004757)
[  0  0  2  0  1  0  0  0  1 ] (0.00000653)
[  0  0  2  0  1  0  0  0  2 ] (0.00000001)
[  0  0  2  0  1  0  0  1  0 ] (0.00000960)
[  0  0  2  0  1  0  0  1  1 ] (0.00000101)
[  0  0  2  0  1  0  0  2  0 ] (0.00000348)
[  0  0  2  0  1  0  1  0  0 ] (0.00013341)
[  0  0  2  0  1  0  1  0  1 ] (0.00002306)
[  0  0  2  0  1  0  1  1  0 ] (0.00000605)
[  0  0  2  0  1  0  2  0  0 ] (0.00000162)
[  0  0  2  0  1  1  0  0  0 ] (0.00001521)
[  0  0  2  0  1  1  0  0  1 ] (0.00000536)
[  0  0  2  0  1  1  0  1  0 ] (0.00000048)
[  0  0  2  0  1  1  1  0  0 ] (0.00000055)
[  0  0  2  0  1  2  0  0  0 ] (0.00014358)
[  0  0  2  0  2  0  0  0  0 ] (0.00005075)
[  0  0  2  0  2  0  0  0  1 ] (0.00000706)
[  0  0  2  0  2  0  0  1  0 ] (0.00000248)
[  0  0  2  0  2  0  1  0  0 ] (0.00000248)
[  0  0  2  0  2  1  0  0  0 ] (0.00026514)
[  0  0  2  0  3  0  0  0  0 ] (0.00002251)
[  0  0  2  1  0  0  0  0  0 ] (0.00001755)
[  0  0  2  1  0  0  0  0  1 ] (0.00000826)
[  0  0  2  1  0  0  0  0  2 ] (0.00000029)
[  0  0  2  1  0  0  0  1  0 ] (0.00018071)
[  0  0  2  1  0  0  0  1  1 ] (0.00000003)
[  0  0  2  1  0  0  0  2  0 ] (0.00001014)
[  0  0  2  1  0  0  1  0  0 ] (0.00013945)
[  0  0  2  1  0  0  1  0  1 ] (0.00000518)
[  0  0  2  1  0  0  1  1  0 ] (0.00000027)
[  0  0  2  1  0  0  2  0  0 ] (0.00000244)
[  0  0  2  1  0  1  0  0  0 ] (0.00003892)
[  0  0  2  1  0  1  0  0  1 ] (0.00000018)
[  0  0  2  1  0  1  0  1  0 ] (0.00007010)
[  0  0  2  1  0  1  1  0  0 ] (0.00002624)
[  0  0  2  1  0  2  0  0  0 ] (0.00034012)
[  0  0  2  1  1  0  0  0  0 ] (0.00000741)
[  0  0  2  1  1  0  0  0  1 ] (0.00000038)
[  0  0  2  1  1  0  0  1  0 ] (0.00000017)
[  0  0  2  1  1  0  1  0  0 ] (0.00001265)
[  0  0  2  1  1  1  0  0  0 ] (0.00001486)
[  0  0  2  1  2  0  0  0  0 ] (0.00005202)
[  0  0  2  2  0  0  0  0  0 ] (0.00000703)
[  0  0  2  2  0  0  0  0  1 ] (0.00000079)
[  0  0  2  2  0  0  0  1  0 ] (0.00000374)
[  0  0  2  2  0  0  1  0  0 ] (0.00000003)
[  0  0  2  2  0  1  0  0  0 ] (0.00020647)
[  0  0  2  2  1  0  0  0  0 ] (0.00001292)
[  0  0  2  3  0  0  0  0  0 ] (0.00011814)
[  0  0  3  0  0  0  0  0  0 ] (0.00001444)
[  0  0  3  0  0  0  0  0  1 ] (0.00002177)
[  0  0  3  0  0  0  0  0  2 ] (0.00000030)
[  0  0  3  0  0  0  0  1  0 ] (0.00005139)
[  0  0  3  0  0  0  0  1  1 ] (0.00002237)
[  0  0  3  0  0  0  0  2  0 ] (0.00004602)
[  0  0  3  0  0  0  1  0  0 ] (0.00000366)
[  0  0  3  0  0  0  1  0  1 ] (0.00000001)
[  0  0  3  0  0  0  1  1  0 ] (0.00000885)
[  0  0  3  0  0  0  2  0  0 ] (0.00003274)
[  0  0  3  0  0  1  0  0  0 ] (0.00014072)
[  0  0  3  0  0  1  0  0  1 ] (0.00001928)
[  0  0  3  0  0  1  0  1  0 ] (0.00000054)
[  0  0  3  0  0  1  1  0  0 ] (0.00005357)
[  0  0  3  0  0  2  0  0  0 ] (0.00010465)
[  0  0  3  0  1  0  0  0  0 ] (0.00006871)
[  0  0  3  0  1  0  0  0  1 ] (0.00000041)
[  0  0  3  0  1  0  0  1  0 ] (0.00000038)
[  0  0  3  0  1  0  1  0  0 ] (0.00007280)
[  0  0  3  0  1  1  0  0  0 ] (0.00007502)
[  0  0  3  0  2  0  0  0  0 ] (0.00011057)
[  0  0  3  1  0  0  0  0  0 ] (0.00005423)
[  0  0  3  1  0  0  0  0  1 ] (0.00001798)
[  0  0  3  1  0  0  0  1  0 ] (0.00003298)
[  0  0  3  1  0  0  1  0  0 ] (0.00000576)
[  0  0  3  1  0  1  0  0  0 ] (0.00349464)
[  0  0  3  1  1  0  0  0  0 ] (0.00000016)
[  0  0  3  2  0  0  0  0  0 ] (0.00005479)
[  0  0  4  0  0  0  0  0  0 ] (0.00000510)
[  0  0  4  0  0  0  0  0  1 ] (0.00002980)
[  0  0  4  0  0  0  0  1  0 ] (0.00000069)
[  0  0  4  0  0  0  1  0  0 ] (0.00035318)
[  0  0  4  0  0  1  0  0  0 ] (0.00013320)
[  0  0  4  0  1  0  0  0  0 ] (0.00004693)
[  0  0  4  1  0  0  0  0  0 ] (0.00031366)
[  0  0  5  0  0  0  0  0  0 ] (0.00000043)
[  0  1  0  0  0  0  0  0  0 ] (0.00000088)
[  0  1  0  0  0  0  0  0  1 ] (0.00002770)
[  0  1  0  0  0  0  0  0  2 ] (0.00011406)
[  0  1  0  0  0  0  0  0  3 ] (0.00000276)
[  0  1  0  0  0  0  0  0  4 ] (0.00000035)
[  0  1  0  0  0  0  0  1  0 ] (0.00095455)
[  0  1  0  0  0  0  0  1  1 ] (0.00001656)
[  0  1  0  0  0  0  0  1  2 ] (0.00000765)
[  0  1  0  0  0  0  0  1  3 ] (0.00001307)
[  0  1  0  0  0  0  0  2  0 ] (0.00170546)
[  0  1  0  0  0  0  0  2  1 ] (0.00020755)
[  0  1  0  0  0  0  0  2  2 ] (0.00000066)
[  0  1  0  0  0  0  0  3  0 ] (0.00016227)
[  0  1  0  0  0  0  0  3  1 ] (0.00000191)
[  0  1  0  0  0  0  0  4  0 ] (0.00007729)
[  0  1  0  0  0  0  1  0  0 ] (0.00003718)
[  0  1  0  0  0  0  1  0  1 ] (0.00002612)
[  0  1  0  0  0  0  1  0  2 ] (0.00000300)
[  0  1  0  0  0  0  1  0  3 ] (0.00000178)
[  0  1  0  0  0  0  1  1  0 ] (0.00002889)
[  0  1  0  0  0  0  1  1  1 ] (0.00001748)
[  0  1  0  0  0  0  1  1  2 ] (0.00000069)
[  0  1  0  0  0  0  1  2  0 ] (0.00014891)
[  0  1  0  0  0  0  1  2  1 ] (0.00001653)
[  0  1  0  0  0  0  1  3  0 ] (0.00000283)
[  0  1  0  0  0  0  2  0  0 ] (0.00044018)
[  0  1  0  0  0  0  2  0  1 ] (0.00003555)
[  0  1  0  0  0  0  2  0  2 ] (0.00000067)
[  0  1  0  0  0  0  2  1  0 ] (0.00007902)
[  0  1  0  0  0  0  2  1  1 ] (0.00000613)
[  0  1  0  0  0  0  2  2  0 ] (0.00000034)
[  0  1  0  0  0  0  3  0  0 ] (0.00000017)
[  0  1  0  0  0  0  3  0  1 ] (0.00000210)
[  0  1  0  0  0  0  3  1  0 ] (0.00006679)
[  0  1  0  0  0  0  4  0  0 ] (0.00000016)
[  0  1  0  0  0  1  0  0  0 ] (0.00004447)
[  0  1  0  0  0  1  0  0  1 ] (0.00010847)
[  0  1  0  0  0  1  0  0  2 ] (0.00000174)
[  0  1  0  0  0  1  0  0  3 ] (0.00000004)
[  0  1  0  0  0  1  0  1  0 ] (0.00066884)
[  0  1  0  0  0  1  0  1  1 ] (0.00000145)
[  0  1  0  0  0  1  0  1  2 ] (0.00000003)
[  0  1  0  0  0  1  0  2  0 ] (0.00002111)
[  0  1  0  0  0  1  0  2  1 ] (0.00000052)
[  0  1  0  0  0  1  0  3  0 ] (0.00000228)
[  0  1  0  0  0  1  1  0  0 ] (0.00157274)
[  0  1  0  0  0  1  1  0  1 ] (0.00002431)
[  0  1  0  0  0  1  1  0  2 ] (0.00000076)
[  0  1  0  0  0  1  1  1  0 ] (0.00000337)
[  0  1  0  0  0  1  1  1  1 ] (0.00000063)
[  0  1  0  0  0  1  1  2  0 ] (0.00000151)
[  0  1  0  0  0  1  2  0  0 ] (0.00001843)
[  0  1  0  0  0  1  2  0  1 ] (0.00000086)
[  0  1  0  0  0  1  2  1  0 ] (0.00000012)
[  0  1  0  0  0  1  3  0  0 ] (0.00000460)
[  0  1  0  0  0  2  0  0  0 ] (0.00000024)
[  0  1  0  0  0  2  0  0  1 ] (0.00000244)
[  0  1  0  0  0  2  0  0  2 ] (0.00000006)
[  0  1  0  0  0  2  0  1  0 ] (0.00002001)
[  0  1  0  0  0  2  0  1  1 ] (0.00000324)
[  0  1  0  0  0  2  0  2  0 ] (0.00000024)
[  0  1  0  0  0  2  1  0  0 ] (0.00002507)
[  0  1  0  0  0  2  1  0  1 ] (0.00000324)
[  0  1  0  0  0  2  1  1  0 ] (0.00000011)
[  0  1  0  0  0  2  2  0  0 ] (0.00000315)
[  0  1  0  0  0  3  0  0  0 ] (0.00009571)
[  0  1  0  0  0  3  0  0  1 ] (0.00000409)
[  0  1  0  0  0  3  0  1  0 ] (0.00003025)
[  0  1  0  0  0  3  1  0  0 ] (0.00000276)
[  0  1  0  0  0  4  0  0  0 ] (0.00001222)
[  0  1  0  0  1  0  0  0  0 ] (0.00000343)
[  0  1  0  0  1  0  0  0  1 ] (0.00022122)
[  0  1  0  0  1  0  0  0  2 ] (0.00000001)
[  0  1  0  0  1  0  0  0  3 ] (0.00000077)
[  0  1  0  0  1  0  0  1  0 ] (0.00026268)
[  0  1  0  0  1  0  0  1  1 ] (0.00006341)
[  0  1  0  0  1  0  0  1  2 ] (0.00000016)
[  0  1  0  0  1  0  0  2  0 ] (0.00003243)
[  0  1  0  0  1  0  0  2  1 ] (0.00000238)
[  0  1  0  0  1  0  0  3  0 ] (0.00000804)
[  0  1  0  0  1  0  1  0  0 ] (0.00110668)
[  0  1  0  0  1  0  1  0  1 ] (0.00002142)
[  0  1  0  0  1  0  1  0  2 ] (0.00000011)
[  0  1  0  0  1  0  1  1  0 ] (0.00004051)
[  0  1  0  0  1  0  1  1  1 ] (0.00000052)
[  0  1  0  0  1  0  1  2  0 ] (0.00000945)
[  0  1  0  0  1  0  2  0  0 ] (0.00001211)
[  0  1  0  0  1  0  2  0  1 ] (0.00000036)
[  0  1  0  0  1  0  2  1  0 ] (0.00000016)
[  0  1  0  0  1  0  3  0  0 ] (0.00000032)
[  0  1  0  0  1  1  0  0  0 ] (0.00018401)
[  0  1  0  0  1  1  0  0  1 ] (0.00005708)
[  0  1  0  0  1  1  0  0  2 ] (0.00000182)
[  0  1  0  0  1  1  0  1  0 ] (0.00002068)
[  0  1  0  0  1  1  0  1  1 ] (0.00000237)
[  0  1  0  0  1  1  0  2  0 ] (0.00000134)
[  0  1  0  0  1  1  1  0  0 ] (0.00004285)
[  0  1  0  0  1  1  1  0  1 ] (0.00000070)
[  0  1  0  0  1  1  1  1  0 ] (0.00000266)
[  0  1  0  0  1  1  2  0  0 ] (0.00000116)
[  0  1  0  0  1  2  0  0  0 ] (0.00073893)
[  0  1  0  0  1  2  0  0  1 ] (0.00000170)
[  0  1  0  0  1  2  0  1  0 ] (0.00000021)
[  0  1  0  0  1  2  1  0  0 ] (0.00000075)
[  0  1  0  0  1  3  0  0  0 ] (0.00002436)
[  0  1  0  0  2  0  0  0  0 ] (0.00098259)
[  0  1  0  0  2  0  0  0  1 ] (0.00000516)
[  0  1  0  0  2  0  0  0  2 ] (0.00000014)
[  0  1  0  0  2  0  0  1  0 ] (0.00000571)
[  0  1  0  0  2  0  0  1  1 ] (0.00000447)
[  0  1  0  0  2  0  0  2  0 ] (0.00000003)
[  0  1  0  0  2  0  1  0  0 ] (0.00001543)
[  0  1  0  0  2  0  1  0  1 ] (0.00000788)
[  0  1  0  0  2  0  1  1  0 ] (0.00000151)
[  0  1  0  0  2  0  2  0  0 ] (0.00000000)
[  0  1  0  0  2  1  0  0  0 ] (0.00196799)
[  0  1  0  0  2  1  0  0  1 ] (0.00005327)
[  0  1  0  0  2  1  0  1  0 ] (0.00001186)
[  0  1  0  0  2  1  1  0  0 ] (0.00005755)
[  0  1  0  0  2  2  0  0  0 ] (0.00032646)
[  0  1  0  0  3  0  0  0  0 ] (0.00235238)
[  0  1  0  0  3  0  0  0  1 ] (0.00000086)
[  0  1  0  0  3  0  0  1  0 ] (0.00007475)
[  0  1  0  0  3  0  1  0  0 ] (0.00000197)
[  0  1  0  0  3  1  0  0  0 ] (0.00017146)
[  0  1  0  0  4  0  0  0  0 ] (0.00000006)
[  0  1  0  1  0  0  0  0  0 ] (0.00001395)
[  0  1  0  1  0  0  0  0  1 ] (0.00767105)
[  0  1  0  1  0  0  0  0  2 ] (0.00001866)
[  0  1  0  1  0  0  0  0  3 ] (0.00000827)
[  0  1  0  1  0  0  0  1  0 ] (0.00610094)
[  0  1  0  1  0  0  0  1  1 ] (0.00010126)
[  0  1  0  1  0  0  0  1  2 ] (0.00000037)
[  0  1  0  1  0  0  0  2  0 ] (0.00000249)
[  0  1  0  1  0  0  0  2  1 ] (0.00000036)
[  0  1  0  1  0  0  0  3  0 ] (0.00002400)
[  0  1  0  1  0  0  1  0  0 ] (0.00056960)
[  0  1  0  1  0  0  1  0  1 ] (0.00000045)
[  0  1  0  1  0  0  1  0  2 ] (0.00001580)
[  0  1  0  1  0  0  1  1  0 ] (0.00022657)
[  0  1  0  1  0  0  1  1  1 ] (0.00000733)
[  0  1  0  1  0  0  1  2  0 ] (0.00000243)
[  0  1  0  1  0  0  2  0  0 ] (0.00026610)
[  0  1  0  1  0  0  2  0  1 ] (0.00006615)
[  0  1  0  1  0  0  2  1  0 ] (0.00000055)
[  0  1  0  1  0  0  3  0  0 ] (0.00006459)
[  0  1  0  1  0  1  0  0  0 ] (0.00029965)
[  0  1  0  1  0  1  0  0  1 ] (0.00045294)
[  0  1  0  1  0  1  0  0  2 ] (0.00000527)
[  0  1  0  1  0  1  0  1  0 ] (0.00020398)
[  0  1  0  1  0  1  0  1  1 ] (0.00000179)
[  0  1  0  1  0  1  0  2  0 ] (0.00000047)
[  0  1  0  1  0  1  1  0  0 ] (0.00001610)
[  0  1  0  1  0  1  1  0  1 ] (0.00000001)
[  0  1  0  1  0  1  1  1  0 ] (0.00000154)
[  0  1  0  1  0  1  2  0  0 ] (0.00000267)
[  0  1  0  1  0  2  0  0  0 ] (0.00089518)
[  0  1  0  1  0  2  0  0  1 ] (0.00000215)
[  0  1  0  1  0  2  0  1  0 ] (0.00001280)
[  0  1  0  1  0  2  1  0  0 ] (0.00000412)
[  0  1  0  1  0  3  0  0  0 ] (0.00001740)
[  0  1  0  1  1  0  0  0  0 ] (0.00000310)
[  0  1  0  1  1  0  0  0  1 ] (0.00000036)
[  0  1  0  1  1  0  0  0  2 ] (0.00000260)
[  0  1  0  1  1  0  0  1  0 ] (0.00079725)
[  0  1  0  1  1  0  0  1  1 ] (0.00000315)
[  0  1  0  1  1  0  0  2  0 ] (0.00000389)
[  0  1  0  1  1  0  1  0  0 ] (0.00003617)
[  0  1  0  1  1  0  1  0  1 ] (0.00001201)
[  0  1  0  1  1  0  1  1  0 ] (0.00000835)
[  0  1  0  1  1  0  2  0  0 ] (0.00000000)
[  0  1  0  1  1  1  0  0  0 ] (0.00023413)
[  0  1  0  1  1  1  0  0  1 ] (0.00000924)
[  0  1  0  1  1  1  0  1  0 ] (0.00002042)
[  0  1  0  1  1  1  1  0  0 ] (0.00001152)
[  0  1  0  1  1  2  0  0  0 ] (0.00002662)
[  0  1  0  1  2  0  0  0  0 ] (0.00004326)
[  0  1  0  1  2  0  0  0  1 ] (0.00000398)
[  0  1  0  1  2  0  0  1  0 ] (0.00000000)
[  0  1  0  1  2  0  1  0  0 ] (0.00000029)
[  0  1  0  1  2  1  0  0  0 ] (0.00000060)
[  0  1  0  1  3  0  0  0  0 ] (0.00000077)
[  0  1  0  2  0  0  0  0  0 ] (0.00002740)
[  0  1  0  2  0  0  0  0  1 ] (0.00000737)
[  0  1  0  2  0  0  0  0  2 ] (0.00000505)
[  0  1  0  2  0  0  0  1  0 ] (0.00056221)
[  0  1  0  2  0  0  0  1  1 ] (0.00000000)
[  0  1  0  2  0  0  0  2  0 ] (0.00000563)
[  0  1  0  2  0  0  1  0  0 ] (0.00065211)
[  0  1  0  2  0  0  1  0  1 ] (0.00005434)
[  0  1  0  2  0  0  1  1  0 ] (0.00003287)
[  0  1  0  2  0  0  2  0  0 ] (0.00000656)
[  0  1  0  2  0  1  0  0  0 ] (0.00004271)
[  0  1  0  2  0  1  0  0  1 ] (0.00000644)
[  0  1  0  2  0  1  0  1  0 ] (0.00018527)
[  0  1  0  2  0  1  1  0  0 ] (0.00011929)
[  0  1  0  2  0  2  0  0  0 ] (0.00038154)
[  0  1  0  2  1  0  0  0  0 ] (0.00008564)
[  0  1  0  2  1  0  0  0  1 ] (0.00000004)
[  0  1  0  2  1  0  0  1  0 ] (0.00000255)
[  0  1  0  2  1  0  1  0  0 ] (0.00001382)
[  0  1  0  2  1  1  0  0  0 ] (0.00020589)
[  0  1  0  2  2  0  0  0  0 ] (0.00028446)
[  0  1  0  3  0  0  0  0  0 ] (0.00045760)
[  0  1  0  3  0  0  0  0  1 ] (0.00001824)
[  0  1  0  3  0  0  0  1  0 ] (0.00010233)
[  0  1  0  3  0  0  1  0  0 ] (0.00002346)
[  0  1  0  3  0  1  0  0  0 ] (0.00000007)
[  0  1  0  3  1  0  0  0  0 ] (0.00017668)
[  0  1  0  4  0  0  0  0  0 ] (0.00275721)
[  0  1  1  0  0  0  0  0  0 ] (0.00018009)
[  0  1  1  0  0  0  0  0  1 ] (0.00145591)
[  0  1  1  0  0  0  0  0  2 ] (0.00000016)
[  0  1  1  0  0  0  0  0  3 ] (0.00000182)
[  0  1  1  0  0  0  0  1  0 ] (0.08160888)
[  0  1  1  0  0  0  0  1  1 ] (0.00240689)
[  0  1  1  0  0  0  0  1  2 ] (0.00002660)
[  0  1  1  0  0  0  0  2  0 ] (0.00013042)
[  0  1  1  0  0  0  0  2  1 ] (0.00000204)
[  0  1  1  0  0  0  0  3  0 ] (0.00010237)
[  0  1  1  0  0  0  1  0  0 ] (0.00017371)
[  0  1  1  0  0  0  1  0  1 ] (0.00000022)
[  0  1  1  0  0  0  1  0  2 ] (0.00000579)
[  0  1  1  0  0  0  1  1  0 ] (0.00200847)
[  0  1  1  0  0  0  1  1  1 ] (0.00002683)
[  0  1  1  0  0  0  1  2  0 ] (0.00000359)
[  0  1  1  0  0  0  2  0  0 ] (0.00031127)
[  0  1  1  0  0  0  2  0  1 ] (0.00001767)
[  0  1  1  0  0  0  2  1  0 ] (0.00001723)
[  0  1  1  0  0  0  3  0  0 ] (0.00002695)
[  0  1  1  0  0  1  0  0  0 ] (0.00000127)
[  0  1  1  0  0  1  0  0  1 ] (0.00044480)
[  0  1  1  0  0  1  0  0  2 ] (0.00000374)
[  0  1  1  0  0  1  0  1  0 ] (0.00169843)
[  0  1  1  0  0  1  0  1  1 ] (0.00007687)
[  0  1  1  0  0  1  0  2  0 ] (0.00001051)
[  0  1  1  0  0  1  1  0  0 ] (0.00000602)
[  0  1  1  0  0  1  1  0  1 ] (0.00000357)
[  0  1  1  0  0  1  1  1  0 ] (0.00000033)
[  0  1  1  0  0  1  2  0  0 ] (0.00000580)
[  0  1  1  0  0  2  0  0  0 ] (0.00009120)
[  0  1  1  0  0  2  0  0  1 ] (0.00000079)
[  0  1  1  0  0  2  0  1  0 ] (0.00002487)
[  0  1  1  0  0  2  1  0  0 ] (0.00003429)
[  0  1  1  0  0  3  0  0  0 ] (0.00000292)
[  0  1  1  0  1  0  0  0  0 ] (0.00024361)
[  0  1  1  0  1  0  0  0  1 ] (0.00024855)
[  0  1  1  0  1  0  0  0  2 ] (0.00000194)
[  0  1  1  0  1  0  0  1  0 ] (0.00000562)
[  0  1  1  0  1  0  0  1  1 ] (0.00000066)
[  0  1  1  0  1  0  0  2  0 ] (0.00002331)
[  0  1  1  0  1  0  1  0  0 ] (0.00046498)
[  0  1  1  0  1  0  1  0  1 ] (0.00002791)
[  0  1  1  0  1  0  1  1  0 ] (0.00000059)
[  0  1  1  0  1  0  2  0  0 ] (0.00000010)
[  0  1  1  0  1  1  0  0  0 ] (0.00061640)
[  0  1  1  0  1  1  0  0  1 ] (0.00000038)
[  0  1  1  0  1  1  0  1  0 ] (0.00000319)
[  0  1  1  0  1  1  1  0  0 ] (0.00001063)
[  0  1  1  0  1  2  0  0  0 ] (0.00004017)
[  0  1  1  0  2  0  0  0  0 ] (0.00131758)
[  0  1  1  0  2  0  0  0  1 ] (0.00006590)
[  0  1  1  0  2  0  0  1  0 ] (0.00000294)
[  0  1  1  0  2  0  1  0  0 ] (0.00001266)
[  0  1  1  0  2  1  0  0  0 ] (0.00033294)
[  0  1  1  0  3  0  0  0  0 ] (0.00049826)
[  0  1  1  1  0  0  0  0  0 ] (0.00000557)
[  0  1  1  1  0  0  0  0  1 ] (0.00049832)
[  0  1  1  1  0  0  0  0  2 ] (0.00000064)
[  0  1  1  1  0  0  0  1  0 ] (0.00004114)
[  0  1  1  1  0  0  0  1  1 ] (0.00000402)
[  0  1  1  1  0  0  0  2  0 ] (0.00000102)
[  0  1  1  1  0  0  1  0  0 ] (0.00001210)
[  0  1  1  1  0  0  1  0  1 ] (0.00001087)
[  0  1  1  1  0  0  1  1  0 ] (0.00000461)
[  0  1  1  1  0  0  2  0  0 ] (0.00000103)
[  0  1  1  1  0  1  0  0  0 ] (0.00003270)
[  0  1  1  1  0  1  0  0  1 ] (0.00001724)
[  0  1  1  1  0  1  0  1  0 ] (0.00000001)
[  0  1  1  1  0  1  1  0  0 ] (0.00000729)
[  0  1  1  1  0  2  0  0  0 ] (0.00000236)
[  0  1  1  1  1  0  0  0  0 ] (0.01316613)
[  0  1  1  1  1  0  0  0  1 ] (0.00027698)
[  0  1  1  1  1  0  0  1  0 ] (0.00000033)
[  0  1  1  1  1  0  1  0  0 ] (0.00003643)
[  0  1  1  1  1  1  0  0  0 ] (0.00257939)
[  0  1  1  1  2  0  0  0  0 ] (0.00028758)
[  0  1  1  2  0  0  0  0  0 ] (0.00000012)
[  0  1  1  2  0  0  0  0  1 ] (0.00000482)
[  0  1  1  2  0  0  0  1  0 ] (0.00007429)
[  0  1  1  2  0  0  1  0  0 ] (0.00003837)
[  0  1  1  2  0  1  0  0  0 ] (0.00013316)
[  0  1  1  2  1  0  0  0  0 ] (0.00004915)
[  0  1  1  3  0  0  0  0  0 ] (0.00114267)
[  0  1  2  0  0  0  0  0  0 ] (0.00003785)
[  0  1  2  0  0  0  0  0  1 ] (0.00037248)
[  0  1  2  0  0  0  0  0  2 ] (0.00000580)
[  0  1  2  0  0  0  0  1  0 ] (0.00000050)
[  0  1  2  0  0  0  0  1  1 ] (0.00001225)
[  0  1  2  0  0  0  0  2  0 ] (0.00000155)
[  0  1  2  0  0  0  1  0  0 ] (0.00267941)
[  0  1  2  0  0  0  1  0  1 ] (0.00024127)
[  0  1  2  0  0  0  1  1  0 ] (0.00000338)
[  0  1  2  0  0  0  2  0  0 ] (0.00000030)
[  0  1  2  0  0  1  0  0  0 ] (0.00000035)
[  0  1  2  0  0  1  0  0  1 ] (0.00003480)
[  0  1  2  0  0  1  0  1  0 ] (0.00001847)
[  0  1  2  0  0  1  1  0  0 ] (0.00008662)
[  0  1  2  0  0  2  0  0  0 ] (0.00010795)
[  0  1  2  0  1  0  0  0  0 ] (0.00003058)
[  0  1  2  0  1  0  0  0  1 ] (0.00000256)
[  0  1  2  0  1  0  0  1  0 ] (0.00000006)
[  0  1  2  0  1  0  1  0  0 ] (0.00001169)
[  0  1  2  0  1  1  0  0  0 ] (0.00007699)
[  0  1  2  0  2  0  0  0  0 ] (0.00045413)
[  0  1  2  1  0  0  0  0  0 ] (0.00002832)
[  0  1  2  1  0  0  0  0  1 ] (0.00000345)
[  0  1  2  1  0  0  0  1  0 ] (0.00006850)
[  0  1  2  1  0  0  1  0  0 ] (0.00003186)
[  0  1  2  1  0  1  0  0  0 ] (0.00054611)
[  0  1  2  1  1  0  0  0  0 ] (0.00016286)
[  0  1  2  2  0  0  0  0  0 ] (0.00672479)
[  0  1  3  0  0  0  0  0  0 ] (0.00003037)
[  0  1  3  0  0  0  0  0  1 ] (0.00003538)
[  0  1  3  0  0  0  0  1  0 ] (0.00000173)
[  0  1  3  0  0  0  1  0  0 ] (0.00000001)
[  0  1  3  0  0  1  0  0  0 ] (0.00118255)
[  0  1  3  0  1  0  0  0  0 ] (0.00012441)
[  0  1  3  1  0  0  0  0  0 ] (0.00201632)
[  0  1  4  0  0  0  0  0  0 ] (0.00050188)
[  0  2  0  0  0  0  0  0  0 ] (0.00004726)
[  0  2  0  0  0  0  0  0  1 ] (0.00007120)
[  0  2  0  0  0  0  0  0  2 ] (0.00000041)
[  0  2  0  0  0  0  0  0  3 ] (0.00000011)
[  0  2  0  0  0  0  0  1  0 ] (0.00194786)
[  0  2  0  0  0  0  0  1  1 ] (0.00010511)
[  0  2  0  0  0  0  0  1  2 ] (0.00000001)
[  0  2  0  0  0  0  0  2  0 ] (0.00000101)
[  0  2  0  0  0  0  0  2  1 ] (0.00000029)
[  0  2  0  0  0  0  0  3  0 ] (0.00002203)
[  0  2  0  0  0  0  1  0  0 ] (0.00000337)
[  0  2  0  0  0  0  1  0  1 ] (0.00000033)
[  0  2  0  0  0  0  1  0  2 ] (0.00000182)
[  0  2  0  0  0  0  1  1  0 ] (0.00000261)
[  0  2  0  0  0  0  1  1  1 ] (0.00000071)
[  0  2  0  0  0  0  1  2  0 ] (0.00000039)
[  0  2  0  0  0  0  2  0  0 ] (0.00029545)
[  0  2  0  0  0  0  2  0  1 ] (0.00000268)
[  0  2  0  0  0  0  2  1  0 ] (0.00000144)
[  0  2  0  0  0  0  3  0  0 ] (0.00000382)
[  0  2  0  0  0  1  0  0  0 ] (0.00000413)
[  0  2  0  0  0  1  0  0  1 ] (0.00003257)
[  0  2  0  0  0  1  0  0  2 ] (0.00000070)
[  0  2  0  0  0  1  0  1  0 ] (0.00005469)
[  0  2  0  0  0  1  0  1  1 ] (0.00000000)
[  0  2  0  0  0  1  0  2  0 ] (0.00000055)
[  0  2  0  0  0  1  1  0  0 ] (0.00012222)
[  0  2  0  0  0  1  1  0  1 ] (0.00001236)
[  0  2  0  0  0  1  1  1  0 ] (0.00000267)
[  0  2  0  0  0  1  2  0  0 ] (0.00003071)
[  0  2  0  0  0  2  0  0  0 ] (0.00000118)
[  0  2  0  0  0  2  0  0  1 ] (0.00000224)
[  0  2  0  0  0  2  0  1  0 ] (0.00000043)
[  0  2  0  0  0  2  1  0  0 ] (0.00000161)
[  0  2  0  0  0  3  0  0  0 ] (0.00020250)
[  0  2  0  0  1  0  0  0  0 ] (0.00009087)
[  0  2  0  0  1  0  0  0  1 ] (0.00000006)
[  0  2  0  0  1  0  0  0  2 ] (0.00000048)
[  0  2  0  0  1  0  0  1  0 ] (0.00002394)
[  0  2  0  0  1  0  0  1  1 ] (0.00000125)
[  0  2  0  0  1  0  0  2  0 ] (0.00000157)
[  0  2  0  0  1  0  1  0  0 ] (0.00042245)
[  0  2  0  0  1  0  1  0  1 ] (0.00001941)
[  0  2  0  0  1  0  1  1  0 ] (0.00000009)
[  0  2  0  0  1  0  2  0  0 ] (0.00000412)
[  0  2  0  0  1  1  0  0  0 ] (0.00001372)
[  0  2  0  0  1  1  0  0  1 ] (0.00000024)
[  0  2  0  0  1  1  0  1  0 ] (0.00000679)
[  0  2  0  0  1  1  1  0  0 ] (0.00000307)
[  0  2  0  0  1  2  0  0  0 ] (0.00001840)
[  0  2  0  0  2  0  0  0  0 ] (0.00002945)
[  0  2  0  0  2  0  0  0  1 ] (0.00000247)
[  0  2  0  0  2  0  0  1  0 ] (0.00002824)
[  0  2  0  0  2  0  1  0  0 ] (0.00004400)
[  0  2  0  0  2  1  0  0  0 ] (0.00010864)
[  0  2  0  0  3  0  0  0  0 ] (0.00459555)
[  0  2  0  1  0  0  0  0  0 ] (0.00000488)
[  0  2  0  1  0  0  0  0  1 ] (0.00193751)
[  0  2  0  1  0  0  0  0  2 ] (0.00005110)
[  0  2  0  1  0  0  0  1  0 ] (0.00047278)
[  0  2  0  1  0  0  0  1  1 ] (0.00000003)
[  0  2  0  1  0  0  0  2  0 ] (0.00000279)
[  0  2  0  1  0  0  1  0  0 ] (0.02600207)
[  0  2  0  1  0  0  1  0  1 ] (0.00071437)
[  0  2  0  1  0  0  1  1  0 ] (0.00000671)
[  0  2  0  1  0  0  2  0  0 ] (0.00004903)
[  0  2  0  1  0  1  0  0  0 ] (0.00015159)
[  0  2  0  1  0  1  0  0  1 ] (0.00024371)
[  0  2  0  1  0  1  0  1  0 ] (0.00003985)
[  0  2  0  1  0  1  1  0  0 ] (0.00166657)
[  0  2  0  1  0  2  0  0  0 ] (0.00022172)
[  0  2  0  1  1  0  0  0  0 ] (0.00001905)
[  0  2  0  1  1  0  0  0  1 ] (0.00000641)
[  0  2  0  1  1  0  0  1  0 ] (0.00016167)
[  0  2  0  1  1  0  1  0  0 ] (0.00000072)
[  0  2  0  1  1  1  0  0  0 ] (0.00000039)
[  0  2  0  1  2  0  0  0  0 ] (0.00000014)
[  0  2  0  2  0  0  0  0  0 ] (0.00010278)
[  0  2  0  2  0  0  0  0  1 ] (0.00000080)
[  0  2  0  2  0  0  0  1  0 ] (0.00001117)
[  0  2  0  2  0  0  1  0  0 ] (0.00004533)
[  0  2  0  2  0  1  0  0  0 ] (0.00061374)
[  0  2  0  2  1  0  0  0  0 ] (0.00032869)
[  0  2  0  3  0  0  0  0  0 ] (0.00009595)
[  0  2  1  0  0  0  0  0  0 ] (0.00000061)
[  0  2  1  0  0  0  0  0  1 ] (0.00015241)
[  0  2  1  0  0  0  0  0  2 ] (0.00000393)
[  0  2  1  0  0  0  0  1  0 ] (0.00242689)
[  0  2  1  0  0  0  0  1  1 ] (0.00001736)
[  0  2  1  0  0  0  0  2  0 ] (0.00000647)
[  0  2  1  0  0  0  1  0  0 ] (0.00073169)
[  0  2  1  0  0  0  1  0  1 ] (0.00004441)
[  0  2  1  0  0  0  1  1  0 ] (0.00000807)
[  0  2  1  0  0  0  2  0  0 ] (0.00000100)
[  0  2  1  0  0  1  0  0  0 ] (0.00000147)
[  0  2  1  0  0  1  0  0  1 ] (0.00002291)
[  0  2  1  0  0  1  0  1  0 ] (0.00001707)
[  0  2  1  0  0  1  1  0  0 ] (0.00008498)
[  0  2  1  0  0  2  0  0  0 ] (0.00052795)
[  0  2  1  0  1  0  0  0  0 ] (0.00000954)
[  0  2  1  0  1  0  0  0  1 ] (0.00001298)
[  0  2  1  0  1  0  0  1  0 ] (0.00000115)
[  0  2  1  0  1  0  1  0  0 ] (0.00041802)
[  0  2  1  0  1  1  0  0  0 ] (0.00006308)
[  0  2  1  0  2  0  0  0  0 ] (0.00022713)
[  0  2  1  1  0  0  0  0  0 ] (0.00000070)
[  0  2  1  1  0  0  0  0  1 ] (0.00000357)
[  0  2  1  1  0  0  0  1  0 ] (0.00001003)
[  0  2  1  1  0  0  1  0  0 ] (0.00025611)
[  0  2  1  1  0  1  0  0  0 ] (0.00003379)
[  0  2  1  1  1  0  0  0  0 ] (0.00085292)
[  0  2  1  2  0  0  0  0  0 ] (0.00022405)
[  0  2  2  0  0  0  0  0  0 ] (0.00017273)
[  0  2  2  0  0  0  0  0  1 ] (0.00009659)
[  0  2  2  0  0  0  0  1  0 ] (0.00000820)
[  0  2  2  0  0  0  1  0  0 ] (0.00000255)
[  0  2  2  0  0  1  0  0  0 ] (0.00065914)
[  0  2  2  0  1  0  0  0  0 ] (0.00037114)
[  0  2  2  1  0  0  0  0  0 ] (0.00003588)
[  0  2  3  0  0  0  0  0  0 ] (0.00011423)
[  0  3  0  0  0  0  0  0  0 ] (0.00003285)
[  0  3  0  0  0  0  0  0  1 ] (0.00000442)
[  0  3  0  0  0  0  0  0  2 ] (0.00001024)
[  0  3  0  0  0  0  0  1  0 ] (0.03622489)
[  0  3  0  0  0  0  0  1  1 ] (0.00078992)
[  0  3  0  0  0  0  0  2  0 ] (0.00000017)
[  0  3  0  0  0  0  1  0  0 ] (0.00036110)
[  0  3  0  0  0  0  1  0  1 ] (0.00001126)
[  0  3  0  0  0  0  1  1  0 ] (0.00079278)
[  0  3  0  0  0  0  2  0  0 ] (0.00000403)
[  0  3  0  0  0  1  0  0  0 ] (0.00004680)
[  0  3  0  0  0  1  0  0  1 ] (0.00003759)
[  0  3  0  0  0  1  0  1  0 ] (0.00006107)
[  0  3  0  0  0  1  1  0  0 ] (0.00002166)
[  0  3  0  0  0  2  0  0  0 ] (0.00048564)
[  0  3  0  0  1  0  0  0  0 ] (0.00011428)
[  0  3  0  0  1  0  0  0  1 ] (0.00005062)
[  0  3  0  0  1  0  0  1  0 ] (0.00004869)
[  0  3  0  0  1  0  1  0  0 ] (0.00056307)
[  0  3  0  0  1  1  0  0  0 ] (0.00000001)
[  0  3  0  0  2  0  0  0  0 ] (0.00456700)
[  0  3  0  1  0  0  0  0  0 ] (0.00100594)
[  0  3  0  1  0  0  0  0  1 ] (0.00018093)
[  0  3  0  1  0  0  0  1  0 ] (0.00036118)
[  0  3  0  1  0  0  1  0  0 ] (0.00004554)
[  0  3  0  1  0  1  0  0  0 ] (0.00659534)
[  0  3  0  1  1  0  0  0  0 ] (0.00036882)
[  0  3  0  2  0  0  0  0  0 ] (0.00025508)
[  0  3  1  0  0  0  0  0  0 ] (0.00000170)
[  0  3  1  0  0  0  0  0  1 ] (0.00000041)
[  0  3  1  0  0  0  0  1  0 ] (0.00126656)
[  0  3  1  0  0  0  1  0  0 ] (0.00004947)
[  0  3  1  0  0  1  0  0  0 ] (0.00000079)
[  0  3  1  0  1  0  0  0  0 ] (0.00093393)
[  0  3  1  1  0  0  0  0  0 ] (0.00040812)
[  0  3  2  0  0  0  0  0  0 ] (0.00005703)
[  0  4  0  0  0  0  0  0  0 ] (0.00000359)
[  0  4  0  0  0  0  0  0  1 ] (0.00003678)
[  0  4  0  0  0  0  0  1  0 ] (0.00031877)
[  0  4  0  0  0  0  1  0  0 ] (0.00011171)
[  0  4  0  0  0  1  0  0  0 ] (0.00003316)
[  0  4  0  0  1  0  0  0  0 ] (0.00038150)
[  0  4  0  1  0  0  0  0  0 ] (0.00005422)
[  0  4  1  0  0  0  0  0  0 ] (0.00000606)
[  0  5  0  0  0  0  0  0  0 ] (0.00006776)
[  1  0  0  0  0  0  0  0  0 ] (0.00008748)
[  1  0  0  0  0  0  0  0  1 ] (0.00281244)
[  1  0  0  0  0  0  0  0  2 ] (0.00007620)
[  1  0  0  0  0  0  0  0  3 ] (0.00000343)
[  1  0  0  0  0  0  0  0  4 ] (0.00000259)
[  1  0  0  0  0  0  0  1  0 ] (0.00010287)
[  1  0  0  0  0  0  0  1  1 ] (0.00020322)
[  1  0  0  0  0  0  0  1  2 ] (0.00000911)
[  1  0  0  0  0  0  0  1  3 ] (0.00000296)
[  1  0  0  0  0  0  0  2  0 ] (0.12373864)
[  1  0  0  0  0  0  0  2  1 ] (0.01108082)
[  1  0  0  0  0  0  0  2  2 ] (0.00004359)
[  1  0  0  0  0  0  0  3  0 ] (0.00000788)
[  1  0  0  0  0  0  0  3  1 ] (0.00008699)
[  1  0  0  0  0  0  0  4  0 ] (0.00001443)
[  1  0  0  0  0  0  1  0  0 ] (0.00084170)
[  1  0  0  0  0  0  1  0  1 ] (0.00032658)
[  1  0  0  0  0  0  1  0  2 ] (0.00001451)
[  1  0  0  0  0  0  1  0  3 ] (0.00000406)
[  1  0  0  0  0  0  1  1  0 ] (0.00001869)
[  1  0  0  0  0  0  1  1  1 ] (0.00000307)
[  1  0  0  0  0  0  1  1  2 ] (0.00000036)
[  1  0  0  0  0  0  1  2  0 ] (0.01278562)
[  1  0  0  0  0  0  1  2  1 ] (0.00090042)
[  1  0  0  0  0  0  1  3  0 ] (0.00003990)
[  1  0  0  0  0  0  2  0  0 ] (0.00001011)
[  1  0  0  0  0  0  2  0  1 ] (0.00000004)
[  1  0  0  0  0  0  2  0  2 ] (0.00000002)
[  1  0  0  0  0  0  2  1  0 ] (0.00000419)
[  1  0  0  0  0  0  2  1  1 ] (0.00000006)
[  1  0  0  0  0  0  2  2  0 ] (0.00002731)
[  1  0  0  0  0  0  3  0  0 ] (0.00004291)
[  1  0  0  0  0  0  3  0  1 ] (0.00000001)
[  1  0  0  0  0  0  3  1  0 ] (0.00000021)
[  1  0  0  0  0  0  4  0  0 ] (0.00000964)
[  1  0  0  0  0  1  0  0  0 ] (0.00002194)
[  1  0  0  0  0  1  0  0  1 ] (0.01624326)
[  1  0  0  0  0  1  0  0  2 ] (0.00006647)
[  1  0  0  0  0  1  0  0  3 ] (0.00000720)
[  1  0  0  0  0  1  0  1  0 ] (0.01267716)
[  1  0  0  0  0  1  0  1  1 ] (0.00011358)
[  1  0  0  0  0  1  0  1  2 ] (0.00000083)
[  1  0  0  0  0  1  0  2  0 ] (0.00148537)
[  1  0  0  0  0  1  0  2  1 ] (0.00008438)
[  1  0  0  0  0  1  0  3  0 ] (0.00003477)
[  1  0  0  0  0  1  1  0  0 ] (0.00046707)
[  1  0  0  0  0  1  1  0  1 ] (0.00004043)
[  1  0  0  0  0  1  1  0  2 ] (0.00000277)
[  1  0  0  0  0  1  1  1  0 ] (0.00029070)
[  1  0  0  0  0  1  1  1  1 ] (0.00000481)
[  1  0  0  0  0  1  1  2  0 ] (0.00013874)
[  1  0  0  0  0  1  2  0  0 ] (0.00110015)
[  1  0  0  0  0  1  2  0  1 ] (0.00012659)
[  1  0  0  0  0  1  2  1  0 ] (0.00000037)
[  1  0  0  0  0  1  3  0  0 ] (0.00016398)
[  1  0  0  0  0  2  0  0  0 ] (0.00006745)
[  1  0  0  0  0  2  0  0  1 ] (0.00031200)
[  1  0  0  0  0  2  0  0  2 ] (0.00000611)
[  1  0  0  0  0  2  0  1  0 ] (0.00007468)
[  1  0  0  0  0  2  0  1  1 ] (0.00000014)
[  1  0  0  0  0  2  0  2  0 ] (0.00000163)
[  1  0  0  0  0  2  1  0  0 ] (0.00010362)
[  1  0  0  0  0  2  1  0  1 ] (0.00000021)
[  1  0  0  0  0  2  1  1  0 ] (0.00000100)
[  1  0  0  0  0  2  2  0  0 ] (0.00001672)
[  1  0  0  0  0  3  0  0  0 ] (0.00001842)
[  1  0  0  0  0  3  0  0  1 ] (0.00005081)
[  1  0  0  0  0  3  0  1  0 ] (0.00001599)
[  1  0  0  0  0  3  1  0  0 ] (0.00000173)
[  1  0  0  0  0  4  0  0  0 ] (0.00005875)
[  1  0  0  0  1  0  0  0  0 ] (0.00011542)
[  1  0  0  0  1  0  0  0  1 ] (0.02493129)
[  1  0  0  0  1  0  0  0  2 ] (0.00015285)
[  1  0  0  0  1  0  0  0  3 ] (0.00004140)
[  1  0  0  0  1  0  0  1  0 ] (0.01034683)
[  1  0  0  0  1  0  0  1  1 ] (0.00025263)
[  1  0  0  0  1  0  0  1  2 ] (0.00000810)
[  1  0  0  0  1  0  0  2  0 ] (0.00007167)
[  1  0  0  0  1  0  0  2  1 ] (0.00001253)
[  1  0  0  0  1  0  0  3  0 ] (0.00004104)
[  1  0  0  0  1  0  1  0  0 ] (0.00023530)
[  1  0  0  0  1  0  1  0  1 ] (0.00004749)
[  1  0  0  0  1  0  1  0  2 ] (0.00000524)
[  1  0  0  0  1  0  1  1  0 ] (0.00011951)
[  1  0  0  0  1  0  1  1  1 ] (0.00000505)
[  1  0  0  0  1  0  1  2  0 ] (0.00000251)
[  1  0  0  0  1  0  2  0  0 ] (0.00061839)
[  1  0  0  0  1  0  2  0  1 ] (0.00008721)
[  1  0  0  0  1  0  2  1  0 ] (0.00000000)
[  1  0  0  0  1  0  3  0  0 ] (0.00014651)
[  1  0  0  0  1  1  0  0  0 ] (0.00037184)
[  1  0  0  0  1  1  0  0  1 ] (0.00149869)
[  1  0  0  0  1  1  0  0  2 ] (0.00000954)
[  1  0  0  0  1  1  0  1  0 ] (0.00016523)
[  1  0  0  0  1  1  0  1  1 ] (0.00001107)
[  1  0  0  0  1  1  0  2  0 ] (0.00000020)
[  1  0  0  0  1  1  1  0  0 ] (0.00001897)
[  1  0  0  0  1  1  1  0  1 ] (0.00000205)
[  1  0  0  0  1  1  1  1  0 ] (0.00000002)
[  1  0  0  0  1  1  2  0  0 ] (0.00004035)
[  1  0  0  0  1  2  0  0  0 ] (0.00009742)
[  1  0  0  0  1  2  0  0  1 ] (0.00000499)
[  1  0  0  0  1  2  0  1  0 ] (0.00000693)
[  1  0  0  0  1  2  1  0  0 ] (0.00000518)
[  1  0  0  0  1  3  0  0  0 ] (0.00000925)
[  1  0  0  0  2  0  0  0  0 ] (0.00001051)
[  1  0  0  0  2  0  0  0  1 ] (0.00013206)
[  1  0  0  0  2  0  0  0  2 ] (0.00000000)
[  1  0  0  0  2  0  0  1  0 ] (0.00033369)
[  1  0  0  0  2  0  0  1  1 ] (0.00000060)
[  1  0  0  0  2  0  0  2  0 ] (0.00001426)
[  1  0  0  0  2  0  1  0  0 ] (0.00000000)
[  1  0  0  0  2  0  1  0  1 ] (0.00000398)
[  1  0  0  0  2  0  1  1  0 ] (0.00001776)
[  1  0  0  0  2  0  2  0  0 ] (0.00000342)
[  1  0  0  0  2  1  0  0  0 ] (0.00000195)
[  1  0  0  0  2  1  0  0  1 ] (0.00002393)
[  1  0  0  0  2  1  0  1  0 ] (0.00004436)
[  1  0  0  0  2  1  1  0  0 ] (0.00000281)
[  1  0  0  0  2  2  0  0  0 ] (0.00007373)
[  1  0  0  0  3  0  0  0  0 ] (0.00006966)
[  1  0  0  0  3  0  0  0  1 ] (0.00001023)
[  1  0  0  0  3  0  0  1  0 ] (0.00016774)
[  1  0  0  0  3  0  1  0  0 ] (0.00024715)
[  1  0  0  0  3  1  0  0  0 ] (0.00198474)
[  1  0  0  0  4  0  0  0  0 ] (0.00150982)
[  1  0  0  1  0  0  0  0  0 ] (0.00013331)
[  1  0  0  1  0  0  0  0  1 ] (0.00083746)
[  1  0  0  1  0  0  0  0  2 ] (0.00004798)
[  1  0  0  1  0  0  0  0  3 ] (0.00000442)
[  1  0  0  1  0  0  0  1  0 ] (0.00106062)
[  1  0  0  1  0  0  0  1  1 ] (0.00000506)
[  1  0  0  1  0  0  0  1  2 ] (0.00000016)
[  1  0  0  1  0  0  0  2  0 ] (0.00000007)
[  1  0  0  1  0  0  0  2  1 ] (0.00000375)
[  1  0  0  1  0  0  0  3  0 ] (0.00001751)
[  1  0  0  1  0  0  1  0  0 ] (0.00001582)
[  1  0  0  1  0  0  1  0  1 ] (0.00000062)
[  1  0  0  1  0  0  1  0  2 ] (0.00000035)
[  1  0  0  1  0  0  1  1  0 ] (0.00000227)
[  1  0  0  1  0  0  1  1  1 ] (0.00001509)
[  1  0  0  1  0  0  1  2  0 ] (0.00002765)
[  1  0  0  1  0  0  2  0  0 ] (0.00018578)
[  1  0  0  1  0  0  2  0  1 ] (0.00001459)
[  1  0  0  1  0  0  2  1  0 ] (0.00000002)
[  1  0  0  1  0  0  3  0  0 ] (0.00000369)
[  1  0  0  1  0  1  0  0  0 ] (0.00002456)
[  1  0  0  1  0  1  0  0  1 ] (0.00000362)
[  1  0  0  1  0  1  0  0  2 ] (0.00001056)
[  1  0  0  1  0  1  0  1  0 ] (0.00002673)
[  1  0  0  1  0  1  0  1  1 ] (0.00000008)
[  1  0  0  1  0  1  0  2  0 ] (0.00001536)
[  1  0  0  1  0  1  1  0  0 ] (0.00000989)
[  1  0  0  1  0  1  1  0  1 ] (0.00000260)
[  1  0  0  1  0  1  1  1  0 ] (0.00000237)
[  1  0  0  1  0  1  2  0  0 ] (0.00001958)
[  1  0  0  1  0  2  0  0  0 ] (0.00014046)
[  1  0  0  1  0  2  0  0  1 ] (0.00000446)
[  1  0  0  1  0  2  0  1  0 ] (0.00000569)
[  1  0  0  1  0  2  1  0  0 ] (0.00001891)
[  1  0  0  1  0  3  0  0  0 ] (0.00001920)
[  1  0  0  1  1  0  0  0  0 ] (0.00010031)
[  1  0  0  1  1  0  0  0  1 ] (0.00007392)
[  1  0  0  1  1  0  0  0  2 ] (0.00000055)
[  1  0  0  1  1  0  0  1  0 ] (0.00000004)
[  1  0  0  1  1  0  0  1  1 ] (0.00000180)
[  1  0  0  1  1  0  0  2  0 ] (0.00006479)
[  1  0  0  1  1  0  1  0  0 ] (0.00000089)
[  1  0  0  1  1  0  1  0  1 ] (0.00000466)
[  1  0  0  1  1  0  1  1  0 ] (0.00000127)
[  1  0  0  1  1  0  2  0  0 ] (0.00000758)
[  1  0  0  1  1  1  0  0  0 ] (0.00120475)
[  1  0  0  1  1  1  0  0  1 ] (0.00000410)
[  1  0  0  1  1  1  0  1  0 ] (0.00000107)
[  1  0  0  1  1  1  1  0  0 ] (0.00005391)
[  1  0  0  1  1  2  0  0  0 ] (0.00031362)
[  1  0  0  1  2  0  0  0  0 ] (0.00011005)
[  1  0  0  1  2  0  0  0  1 ] (0.00000134)
[  1  0  0  1  2  0  0  1  0 ] (0.00000013)
[  1  0  0  1  2  0  1  0  0 ] (0.00003326)
[  1  0  0  1  2  1  0  0  0 ] (0.00002715)
[  1  0  0  1  3  0  0  0  0 ] (0.00085208)
[  1  0  0  2  0  0  0  0  0 ] (0.00000717)
[  1  0  0  2  0  0  0  0  1 ] (0.00974744)
[  1  0  0  2  0  0  0  0  2 ] (0.00004302)
[  1  0  0  2  0  0  0  1  0 ] (0.02179125)
[  1  0  0  2  0  0  0  1  1 ] (0.00067720)
[  1  0  0  2  0  0  0  2  0 ] (0.00013977)
[  1  0  0  2  0  0  1  0  0 ] (0.00024645)
[  1  0  0  2  0  0  1  0  1 ] (0.00005406)
[  1  0  0  2  0  0  1  1  0 ] (0.00090569)
[  1  0  0  2  0  0  2  0  0 ] (0.00012084)
[  1  0  0  2  0  1  0  0  0 ] (0.00027437)
[  1  0  0  2  0  1  0  0  1 ] (0.00142779)
[  1  0  0  2  0  1  0  1  0 ] (0.00331533)
[  1  0  0  2  0  1  1  0  0 ] (0.00000676)
[  1  0  0  2  0  2  0  0  0 ] (0.00201265)
[  1  0  0  2  1  0  0  0  0 ] (0.00001819)
[  1  0  0  2  1  0  0  0  1 ] (0.00006394)
[  1  0  0  2  1  0  0  1  0 ] (0.00003418)
[  1  0  0  2  1  0  1  0  0 ] (0.00006565)
[  1  0  0  2  1  1  0  0  0 ] (0.00000471)
[  1  0  0  2  2  0  0  0  0 ] (0.00012362)
[  1  0  0  3  0  0  0  0  0 ] (0.00003880)
[  1  0  0  3  0  0  0  0  1 ] (0.00024392)
[  1  0  0  3  0  0  0  1  0 ] (0.00015714)
[  1  0  0  3  0  0  1  0  0 ] (0.00010845)
[  1  0  0  3  0  1  0  0  0 ] (0.00001356)
[  1  0  0  3  1  0  0  0  0 ] (0.00479395)
[  1  0  0  4  0  0  0  0  0 ] (0.00053382)
[  1  0  1  0  0  0  0  0  0 ] (0.00022741)
[  1  0  1  0  0  0  0  0  1 ] (0.00307216)
[  1  0  1  0  0  0  0  0  2 ] (0.00011652)
[  1  0  1  0  0  0  0  0  3 ] (0.00000794)
[  1  0  1  0  0  0  0  1  0 ] (0.00188092)
[  1  0  1  0  0  0  0  1  1 ] (0.00000067)
[  1  0  1  0  0  0  0  1  2 ] (0.00000004)
[  1  0  1  0  0  0  0  2  0 ] (0.00009561)
[  1  0  1  0  0  0  0  2  1 ] (0.00006426)
[  1  0  1  0  0  0  0  3  0 ] (0.00011807)
[  1  0  1  0  0  0  1  0  0 ] (0.00065511)
[  1  0  1  0  0  0  1  0  1 ] (0.00007331)
[  1  0  1  0  0  0  1  0  2 ] (0.00000336)
[  1  0  1  0  0  0  1  1  0 ] (0.00000157)
[  1  0  1  0  0  0  1  1  1 ] (0.00000425)
[  1  0  1  0  0  0  1  2  0 ] (0.00000561)
[  1  0  1  0  0  0  2  0  0 ] (0.00078662)
[  1  0  1  0  0  0  2  0  1 ] (0.00005636)
[  1  0  1  0  0  0  2  1  0 ] (0.00000026)
[  1  0  1  0  0  0  3  0  0 ] (0.00004651)
[  1  0  1  0  0  1  0  0  0 ] (0.00001960)
[  1  0  1  0  0  1  0  0  1 ] (0.00003290)
[  1  0  1  0  0  1  0  0  2 ] (0.00000477)
[  1  0  1  0  0  1  0  1  0 ] (0.00000155)
[  1  0  1  0  0  1  0  1  1 ] (0.00000596)
[  1  0  1  0  0  1  0  2  0 ] (0.00000120)
[  1  0  1  0  0  1  1  0  0 ] (0.00068422)
[  1  0  1  0  0  1  1  0  1 ] (0.00003160)
[  1  0  1  0  0  1  1  1  0 ] (0.00001034)
[  1  0  1  0  0  1  2  0  0 ] (0.00001258)
[  1  0  1  0  0  2  0  0  0 ] (0.00001358)
[  1  0  1  0  0  2  0  0  1 ] (0.00002674)
[  1  0  1  0  0  2  0  1  0 ] (0.00000001)
[  1  0  1  0  0  2  1  0  0 ] (0.00001760)
[  1  0  1  0  0  3  0  0  0 ] (0.00002920)
[  1  0  1  0  1  0  0  0  0 ] (0.00002398)
[  1  0  1  0  1  0  0  0  1 ] (0.00033874)
[  1  0  1  0  1  0  0  0  2 ] (0.00000423)
[  1  0  1  0  1  0  0  1  0 ] (0.00044870)
[  1  0  1  0  1  0  0  1  1 ] (0.00001089)
[  1  0  1  0  1  0  0  2  0 ] (0.00001082)
[  1  0  1  0  1  0  1  0  0 ] (0.00004179)
[  1  0  1  0  1  0  1  0  1 ] (0.00000092)
[  1  0  1  0  1  0  1  1  0 ] (0.00000001)
[  1  0  1  0  1  0  2  0  0 ] (0.00000691)
[  1  0  1  0  1  1  0  0  0 ] (0.00012733)
[  1  0  1  0  1  1  0  0  1 ] (0.00000164)
[  1  0  1  0  1  1  0  1  0 ] (0.00002000)
[  1  0  1  0  1  1  1  0  0 ] (0.00005833)
[  1  0  1  0  1  2  0  0  0 ] (0.00001021)
[  1  0  1  0  2  0  0  0  0 ] (0.00006783)
[  1  0  1  0  2  0  0  0  1 ] (0.00000017)
[  1  0  1  0  2  0  0  1  0 ] (0.00000265)
[  1  0  1  0  2  0  1  0  0 ] (0.00001691)
[  1  0  1  0  2  1  0  0  0 ] (0.00034981)
[  1  0  1  0  3  0  0  0  0 ] (0.00015408)
[  1  0  1  1  0  0  0  0  0 ] (0.00001576)
[  1  0  1  1  0  0  0  0  1 ] (0.00085186)
[  1  0  1  1  0  0  0  0  2 ] (0.00001030)
[  1  0  1  1  0  0  0  1  0 ] (0.00110625)
[  1  0  1  1  0  0  0  1  1 ] (0.00000144)
[  1  0  1  1  0  0  0  2  0 ] (0.00002872)
[  1  0  1  1  0  0  1  0  0 ] (0.00460348)
[  1  0  1  1  0  0  1  0  1 ] (0.00004561)
[  1  0  1  1  0  0  1  1  0 ] (0.00000414)
[  1  0  1  1  0  0  2  0  0 ] (0.00000012)
[  1  0  1  1  0  1  0  0  0 ] (0.00001380)
[  1  0  1  1  0  1  0  0  1 ] (0.00009359)
[  1  0  1  1  0  1  0  1  0 ] (0.00007180)
[  1  0  1  1  0  1  1  0  0 ] (0.00055473)
[  1  0  1  1  0  2  0  0  0 ] (0.00023967)
[  1  0  1  1  1  0  0  0  0 ] (0.00014109)
[  1  0  1  1  1  0  0  0  1 ] (0.00000938)
[  1  0  1  1  1  0  0  1  0 ] (0.00015163)
[  1  0  1  1  1  0  1  0  0 ] (0.00005883)
[  1  0  1  1  1  1  0  0  0 ] (0.00000203)
[  1  0  1  1  2  0  0  0  0 ] (0.00065666)
[  1  0  1  2  0  0  0  0  0 ] (0.00003926)
[  1  0  1  2  0  0  0  0  1 ] (0.00009613)
[  1  0  1  2  0  0  0  1  0 ] (0.00014888)
[  1  0  1  2  0  0  1  0  0 ] (0.00004633)
[  1  0  1  2  0  1  0  0  0 ] (0.00039341)
[  1  0  1  2  1  0  0  0  0 ] (0.00053510)
[  1  0  1  3  0  0  0  0  0 ] (0.00000710)
[  1  0  2  0  0  0  0  0  0 ] (0.00003268)
[  1  0  2  0  0  0  0  0  1 ] (0.00285728)
[  1  0  2  0  0  0  0  0  2 ] (0.00003988)
[  1  0  2  0  0  0  0  1  0 ] (0.02023667)
[  1  0  2  0  0  0  0  1  1 ] (0.00095539)
[  1  0  2  0  0  0  0  2  0 ] (0.00033571)
[  1  0  2  0  0  0  1  0  0 ] (0.00000130)
[  1  0  2  0  0  0  1  0  1 ] (0.00000250)
[  1  0  2  0  0  0  1  1  0 ] (0.00016836)
[  1  0  2  0  0  0  2  0  0 ] (0.00002403)
[  1  0  2  0  0  1  0  0  0 ] (0.00007181)
[  1  0  2  0  0  1  0  0  1 ] (0.00018672)
[  1  0  2  0  0  1  0  1  0 ] (0.00103364)
[  1  0  2  0  0  1  1  0  0 ] (0.00000195)
[  1  0  2  0  0  2  0  0  0 ] (0.00000210)
[  1  0  2  0  1  0  0  0  0 ] (0.00007543)
[  1  0  2  0  1  0  0  0  1 ] (0.00000877)
[  1  0  2  0  1  0  0  1  0 ] (0.00002394)
[  1  0  2  0  1  0  1  0  0 ] (0.00050908)
[  1  0  2  0  1  1  0  0  0 ] (0.00000331)
[  1  0  2  0  2  0  0  0  0 ] (0.00391512)
[  1  0  2  1  0  0  0  0  0 ] (0.00007627)
[  1  0  2  1  0  0  0  0  1 ] (0.00000134)
[  1  0  2  1  0  0  0  1  0 ] (0.00000094)
[  1  0  2  1  0  0  1  0  0 ] (0.00006789)
[  1  0  2  1  0  1  0  0  0 ] (0.00060104)
[  1  0  2  1  1  0  0  0  0 ] (0.00016419)
[  1  0  2  2  0  0  0  0  0 ] (0.00000003)
[  1  0  3  0  0  0  0  0  0 ] (0.00000000)
[  1  0  3  0  0  0  0  0  1 ] (0.00000121)
[  1  0  3  0  0  0  0  1  0 ] (0.00015482)
[  1  0  3  0  0  0  1  0  0 ] (0.00002193)
[  1  0  3  0  0  1  0  0  0 ] (0.00006911)
[  1  0  3  0  1  0  0  0  0 ] (0.00037365)
[  1  0  3  1  0  0  0  0  0 ] (0.00008820)
[  1  0  4  0  0  0  0  0  0 ] (0.00010077)
[  1  1  0  0  0  0  0  0  0 ] (0.00010165)
[  1  1  0  0  0  0  0  0  1 ] (0.00050515)
[  1  1  0  0  0  0  0  0  2 ] (0.00003197)
[  1  1  0  0  0  0  0  0  3 ] (0.00000180)
[  1  1  0  0  0  0  0  1  0 ] (0.00006064)
[  1  1  0  0  0  0  0  1  1 ] (0.00000159)
[  1  1  0  0  0  0  0  1  2 ] (0.00000537)
[  1  1  0  0  0  0  0  2  0 ] (0.00087712)
[  1  1  0  0  0  0  0  2  1 ] (0.00003157)
[  1  1  0  0  0  0  0  3  0 ] (0.00033730)
[  1  1  0  0  0  0  1  0  0 ] (0.00057844)
[  1  1  0  0  0  0  1  0  1 ] (0.00001286)
[  1  1  0  0  0  0  1  0  2 ] (0.00000065)
[  1  1  0  0  0  0  1  1  0 ] (0.00017558)
[  1  1  0  0  0  0  1  1  1 ] (0.00000891)
[  1  1  0  0  0  0  1  2  0 ] (0.00006443)
[  1  1  0  0  0  0  2  0  0 ] (0.00000651)
[  1  1  0  0  0  0  2  0  1 ] (0.00002595)
[  1  1  0  0  0  0  2  1  0 ] (0.00000056)
[  1  1  0  0  0  0  3  0  0 ] (0.00000349)
[  1  1  0  0  0  1  0  0  0 ] (0.00006725)
[  1  1  0  0  0  1  0  0  1 ] (0.00210716)
[  1  1  0  0  0  1  0  0  2 ] (0.00006042)
[  1  1  0  0  0  1  0  1  0 ] (0.00012059)
[  1  1  0  0  0  1  0  1  1 ] (0.00004065)
[  1  1  0  0  0  1  0  2  0 ] (0.00006122)
[  1  1  0  0  0  1  1  0  0 ] (0.00134097)
[  1  1  0  0  0  1  1  0  1 ] (0.00005875)
[  1  1  0  0  0  1  1  1  0 ] (0.00002339)
[  1  1  0  0  0  1  2  0  0 ] (0.00001065)
[  1  1  0  0  0  2  0  0  0 ] (0.00013292)
[  1  1  0  0  0  2  0  0  1 ] (0.00001457)
[  1  1  0  0  0  2  0  1  0 ] (0.00000546)
[  1  1  0  0  0  2  1  0  0 ] (0.00000845)
[  1  1  0  0  0  3  0  0  0 ] (0.00027390)
[  1  1  0  0  1  0  0  0  0 ] (0.00007716)
[  1  1  0  0  1  0  0  0  1 ] (0.00155262)
[  1  1  0  0  1  0  0  0  2 ] (0.00002467)
[  1  1  0  0  1  0  0  1  0 ] (0.00030752)
[  1  1  0  0  1  0  0  1  1 ] (0.00003179)
[  1  1  0  0  1  0  0  2  0 ] (0.00000887)
[  1  1  0  0  1  0  1  0  0 ] (0.00066516)
[  1  1  0  0  1  0  1  0  1 ] (0.00000274)
[  1  1  0  0  1  0  1  1  0 ] (0.00014188)
[  1  1  0  0  1  0  2  0  0 ] (0.00000282)
[  1  1  0  0  1  1  0  0  0 ] (0.00035003)
[  1  1  0  0  1  1  0  0  1 ] (0.00009932)
[  1  1  0  0  1  1  0  1  0 ] (0.00004437)
[  1  1  0  0  1  1  1  0  0 ] (0.00006823)
[  1  1  0  0  1  2  0  0  0 ] (0.00031704)
[  1  1  0  0  2  0  0  0  0 ] (0.00003170)
[  1  1  0  0  2  0  0  0  1 ] (0.00000840)
[  1  1  0  0  2  0  0  1  0 ] (0.00000154)
[  1  1  0  0  2  0  1  0  0 ] (0.00007160)
[  1  1  0  0  2  1  0  0  0 ] (0.00020076)
[  1  1  0  0  3  0  0  0  0 ] (0.01529334)
[  1  1  0  1  0  0  0  0  0 ] (0.00006356)
[  1  1  0  1  0  0  0  0  1 ] (0.00005426)
[  1  1  0  1  0  0  0  0  2 ] (0.00000909)
[  1  1  0  1  0  0  0  1  0 ] (0.00009270)
[  1  1  0  1  0  0  0  1  1 ] (0.00001795)
[  1  1  0  1  0  0  0  2  0 ] (0.00003203)
[  1  1  0  1  0  0  1  0  0 ] (0.00210132)
[  1  1  0  1  0  0  1  0  1 ] (0.00012208)
[  1  1  0  1  0  0  1  1  0 ] (0.00006714)
[  1  1  0  1  0  0  2  0  0 ] (0.00000467)
[  1  1  0  1  0  1  0  0  0 ] (0.00000275)
[  1  1  0  1  0  1  0  0  1 ] (0.00000649)
[  1  1  0  1  0  1  0  1  0 ] (0.00000287)
[  1  1  0  1  0  1  1  0  0 ] (0.00019439)
[  1  1  0  1  0  2  0  0  0 ] (0.00010712)
[  1  1  0  1  1  0  0  0  0 ] (0.00008686)
[  1  1  0  1  1  0  0  0  1 ] (0.00008364)
[  1  1  0  1  1  0  0  1  0 ] (0.00002920)
[  1  1  0  1  1  0  1  0  0 ] (0.00008618)
[  1  1  0  1  1  1  0  0  0 ] (0.00000301)
[  1  1  0  1  2  0  0  0  0 ] (0.00005549)
[  1  1  0  2  0  0  0  0  0 ] (0.00014606)
[  1  1  0  2  0  0  0  0  1 ] (0.00044277)
[  1  1  0  2  0  0  0  1  0 ] (0.00006369)
[  1  1  0  2  0  0  1  0  0 ] (0.00010577)
[  1  1  0  2  0  1  0  0  0 ] (0.00088115)
[  1  1  0  2  1  0  0  0  0 ] (0.00045238)
[  1  1  0  3  0  0  0  0  0 ] (0.00008953)
[  1  1  1  0  0  0  0  0  0 ] (0.00000027)
[  1  1  1  0  0  0  0  0  1 ] (0.00112299)
[  1  1  1  0  0  0  0  0  2 ] (0.00000421)
[  1  1  1  0  0  0  0  1  0 ] (0.00006894)
[  1  1  1  0  0  0  0  1  1 ] (0.00000169)
[  1  1  1  0  0  0  0  2  0 ] (0.00008892)
[  1  1  1  0  0  0  1  0  0 ] (0.02332726)
[  1  1  1  0  0  0  1  0  1 ] (0.00129144)
[  1  1  1  0  0  0  1  1  0 ] (0.00006076)
[  1  1  1  0  0  0  2  0  0 ] (0.00004696)
[  1  1  1  0  0  1  0  0  0 ] (0.00025850)
[  1  1  1  0  0  1  0  0  1 ] (0.00007630)
[  1  1  1  0  0  1  0  1  0 ] (0.00000820)
[  1  1  1  0  0  1  1  0  0 ] (0.00073426)
[  1  1  1  0  0  2  0  0  0 ] (0.00002639)
[  1  1  1  0  1  0  0  0  0 ] (0.00001471)
[  1  1  1  0  1  0  0  0  1 ] (0.00001930)
[  1  1  1  0  1  0  0  1  0 ] (0.00000701)
[  1  1  1  0  1  0  1  0  0 ] (0.00000981)
[  1  1  1  0  1  1  0  0  0 ] (0.00001341)
[  1  1  1  0  2  0  0  0  0 ] (0.00000445)
[  1  1  1  1  0  0  0  0  0 ] (0.00001157)
[  1  1  1  1  0  0  0  0  1 ] (0.00008146)
[  1  1  1  1  0  0  0  1  0 ] (0.00000390)
[  1  1  1  1  0  0  1  0  0 ] (0.00010907)
[  1  1  1  1  0  1  0  0  0 ] (0.00012884)
[  1  1  1  1  1  0  0  0  0 ] (0.00078852)
[  1  1  1  2  0  0  0  0  0 ] (0.00001449)
[  1  1  2  0  0  0  0  0  0 ] (0.00007033)
[  1  1  2  0  0  0  0  0  1 ] (0.00033713)
[  1  1  2  0  0  0  0  1  0 ] (0.00007272)
[  1  1  2  0  0  0  1  0  0 ] (0.00052090)
[  1  1  2  0  0  1  0  0  0 ] (0.00001968)
[  1  1  2  0  1  0  0  0  0 ] (0.01007687)
[  1  1  2  1  0  0  0  0  0 ] (0.00013964)
[  1  1  3  0  0  0  0  0  0 ] (0.00066912)
[  1  2  0  0  0  0  0  0  0 ] (0.00003406)
[  1  2  0  0  0  0  0  0  1 ] (0.00427929)
[  1  2  0  0  0  0  0  0  2 ] (0.00010244)
[  1  2  0  0  0  0  0  1  0 ] (0.00197905)
[  1  2  0  0  0  0  0  1  1 ] (0.00000259)
[  1  2  0  0  0  0  0  2  0 ] (0.00004335)
[  1  2  0  0  0  0  1  0  0 ] (0.00007461)
[  1  2  0  0  0  0  1  0  1 ] (0.00000000)
[  1  2  0  0  0  0  1  1  0 ] (0.00008919)
[  1  2  0  0  0  0  2  0  0 ] (0.00036761)
[  1  2  0  0  0  1  0  0  0 ] (0.00032397)
[  1  2  0  0  0  1  0  0  1 ] (0.00021672)
[  1  2  0  0  0  1  0  1  0 ] (0.00002123)
[  1  2  0  0  0  1  1  0  0 ] (0.00000542)
[  1  2  0  0  0  2  0  0  0 ] (0.00158485)
[  1  2  0  0  1  0  0  0  0 ] (0.00006328)
[  1  2  0  0  1  0  0  0  1 ] (0.00003100)
[  1  2  0  0  1  0  0  1  0 ] (0.00005097)
[  1  2  0  0  1  0  1  0  0 ] (0.00012668)
[  1  2  0  0  1  1  0  0  0 ] (0.00004028)
[  1  2  0  0  2  0  0  0  0 ] (0.01250559)
[  1  2  0  1  0  0  0  0  0 ] (0.00004568)
[  1  2  0  1  0  0  0  0  1 ] (0.00002156)
[  1  2  0  1  0  0  0  1  0 ] (0.00001300)
[  1  2  0  1  0  0  1  0  0 ] (0.00000127)
[  1  2  0  1  0  1  0  0  0 ] (0.00043771)
[  1  2  0  1  1  0  0  0  0 ] (0.00007078)
[  1  2  0  2  0  0  0  0  0 ] (0.00001325)
[  1  2  1  0  0  0  0  0  0 ] (0.00011838)
[  1  2  1  0  0  0  0  0  1 ] (0.00048318)
[  1  2  1  0  0  0  0  1  0 ] (0.00000159)
[  1  2  1  0  0  0  1  0  0 ] (0.00117443)
[  1  2  1  0  0  1  0  0  0 ] (0.00026840)
[  1  2  1  0  1  0  0  0  0 ] (0.00263132)
[  1  2  1  1  0  0  0  0  0 ] (0.00000217)
[  1  2  2  0  0  0  0  0  0 ] (0.00001058)
[  1  3  0  0  0  0  0  0  0 ] (0.00002900)
[  1  3  0  0  0  0  0  0  1 ] (0.00027590)
[  1  3  0  0  0  0  0  1  0 ] (0.00025223)
[  1  3  0  0  0  0  1  0  0 ] (0.00709700)
[  1  3  0  0  0  1  0  0  0 ] (0.00026690)
[  1  3  0  0  1  0  0  0  0 ] (0.00019412)
[  1  3  0  1  0  0  0  0  0 ] (0.00017265)
[  1  3  1  0  0  0  0  0  0 ] (0.00267072)
[  1  4  0  0  0  0  0  0  0 ] (0.00058729)
[  2  0  0  0  0  0  0  0  0 ] (0.00000410)
[  2  0  0  0  0  0  0  0  1 ] (0.00015290)
[  2  0  0  0  0  0  0  0  2 ] (0.00009949)
[  2  0  0  0  0  0  0  0  3 ] (0.00000320)
[  2  0  0  0  0  0  0  1  0 ] (0.00005422)
[  2  0  0  0  0  0  0  1  1 ] (0.00004963)
[  2  0  0  0  0  0  0  1  2 ] (0.00000919)
[  2  0  0  0  0  0  0  2  0 ] (0.00330650)
[  2  0  0  0  0  0  0  2  1 ] (0.00012989)
[  2  0  0  0  0  0  0  3  0 ] (0.00006706)
[  2  0  0  0  0  0  1  0  0 ] (0.00048530)
[  2  0  0  0  0  0  1  0  1 ] (0.00000788)
[  2  0  0  0  0  0  1  0  2 ] (0.00000660)
[  2  0  0  0  0  0  1  1  0 ] (0.00029052)
[  2  0  0  0  0  0  1  1  1 ] (0.00005752)
[  2  0  0  0  0  0  1  2  0 ] (0.00009371)
[  2  0  0  0  0  0  2  0  0 ] (0.00000905)
[  2  0  0  0  0  0  2  0  1 ] (0.00000181)
[  2  0  0  0  0  0  2  1  0 ] (0.00002355)
[  2  0  0  0  0  0  3  0  0 ] (0.00000471)
[  2  0  0  0  0  1  0  0  0 ] (0.00000077)
[  2  0  0  0  0  1  0  0  1 ] (0.00124766)
[  2  0  0  0  0  1  0  0  2 ] (0.00000259)
[  2  0  0  0  0  1  0  1  0 ] (0.00089253)
[  2  0  0  0  0  1  0  1  1 ] (0.00009176)
[  2  0  0  0  0  1  0  2  0 ] (0.00002080)
[  2  0  0  0  0  1  1  0  0 ] (0.00080961)
[  2  0  0  0  0  1  1  0  1 ] (0.00002744)
[  2  0  0  0  0  1  1  1  0 ] (0.00000070)
[  2  0  0  0  0  1  2  0  0 ] (0.00001536)
[  2  0  0  0  0  2  0  0  0 ] (0.00015364)
[  2  0  0  0  0  2  0  0  1 ] (0.00002753)
[  2  0  0  0  0  2  0  1  0 ] (0.00000125)
[  2  0  0  0  0  2  1  0  0 ] (0.00009597)
[  2  0  0  0  0  3  0  0  0 ] (0.00229267)
[  2  0  0  0  1  0  0  0  0 ] (0.00000268)
[  2  0  0  0  1  0  0  0  1 ] (0.00126238)
[  2  0  0  0  1  0  0  0  2 ] (0.00002987)
[  2  0  0  0  1  0  0  1  0 ] (0.00045105)
[  2  0  0  0  1  0  0  1  1 ] (0.00002199)
[  2  0  0  0  1  0  0  2  0 ] (0.00003248)
[  2  0  0  0  1  0  1  0  0 ] (0.00412873)
[  2  0  0  0  1  0  1  0  1 ] (0.00002110)
[  2  0  0  0  1  0  1  1  0 ] (0.00000473)
[  2  0  0  0  1  0  2  0  0 ] (0.00000243)
[  2  0  0  0  1  1  0  0  0 ] (0.00007652)
[  2  0  0  0  1  1  0  0  1 ] (0.00019031)
[  2  0  0  0  1  1  0  1  0 ] (0.00000130)
[  2  0  0  0  1  1  1  0  0 ] (0.00051963)
[  2  0  0  0  1  2  0  0  0 ] (0.00094704)
[  2  0  0  0  2  0  0  0  0 ] (0.00002025)
[  2  0  0  0  2  0  0  0  1 ] (0.00001658)
[  2  0  0  0  2  0  0  1  0 ] (0.00009907)
[  2  0  0  0  2  0  1  0  0 ] (0.00001547)
[  2  0  0  0  2  1  0  0  0 ] (0.00058929)
[  2  0  0  0  3  0  0  0  0 ] (0.00035064)
[  2  0  0  1  0  0  0  0  0 ] (0.00000110)
[  2  0  0  1  0  0  0  0  1 ] (0.00125886)
[  2  0  0  1  0  0  0  0  2 ] (0.00003146)
[  2  0  0  1  0  0  0  1  0 ] (0.01288915)
[  2  0  0  1  0  0  0  1  1 ] (0.00020038)
[  2  0  0  1  0  0  0  2  0 ] (0.00008602)
[  2  0  0  1  0  0  1  0  0 ] (0.00014382)
[  2  0  0  1  0  0  1  0  1 ] (0.00009341)
[  2  0  0  1  0  0  1  1  0 ] (0.00021550)
[  2  0  0  1  0  0  2  0  0 ] (0.00001316)
[  2  0  0  1  0  1  0  0  0 ] (0.00000983)
[  2  0  0  1  0  1  0  0  1 ] (0.00004918)
[  2  0  0  1  0  1  0  1  0 ] (0.00094455)
[  2  0  0  1  0  1  1  0  0 ] (0.00000072)
[  2  0  0  1  0  2  0  0  0 ] (0.00142886)
[  2  0  0  1  1  0  0  0  0 ] (0.00002764)
[  2  0  0  1  1  0  0  0  1 ] (0.00011091)
[  2  0  0  1  1  0  0  1  0 ] (0.00000995)
[  2  0  0  1  1  0  1  0  0 ] (0.00024947)
[  2  0  0  1  1  1  0  0  0 ] (0.00117269)
[  2  0  0  1  2  0  0  0  0 ] (0.00034149)
[  2  0  0  2  0  0  0  0  0 ] (0.00178663)
[  2  0  0  2  0  0  0  0  1 ] (0.00001275)
[  2  0  0  2  0  0  0  1  0 ] (0.00012553)
[  2  0  0  2  0  0  1  0  0 ] (0.00004263)
[  2  0  0  2  0  1  0  0  0 ] (0.00439355)
[  2  0  0  2  1  0  0  0  0 ] (0.00001357)
[  2  0  0  3  0  0  0  0  0 ] (0.00022823)
[  2  0  1  0  0  0  0  0  0 ] (0.00000528)
[  2  0  1  0  0  0  0  0  1 ] (0.00571331)
[  2  0  1  0  0  0  0  0  2 ] (0.00002248)
[  2  0  1  0  0  0  0  1  0 ] (0.00182211)
[  2  0  1  0  0  0  0  1  1 ] (0.00000269)
[  2  0  1  0  0  0  0  2  0 ] (0.00000127)
[  2  0  1  0  0  0  1  0  0 ] (0.00149527)
[  2  0  1  0  0  0  1  0  1 ] (0.00000500)
[  2  0  1  0  0  0  1  1  0 ] (0.00005683)
[  2  0  1  0  0  0  2  0  0 ] (0.00000033)
[  2  0  1  0  0  1  0  0  0 ] (0.00010983)
[  2  0  1  0  0  1  0  0  1 ] (0.00062151)
[  2  0  1  0  0  1  0  1  0 ] (0.00000000)
[  2  0  1  0  0  1  1  0  0 ] (0.00001750)
[  2  0  1  0  0  2  0  0  0 ] (0.00029422)
[  2  0  1  0  1  0  0  0  0 ] (0.00000114)
[  2  0  1  0  1  0  0  0  1 ] (0.00000780)
[  2  0  1  0  1  0  0  1  0 ] (0.00013691)
[  2  0  1  0  1  0  1  0  0 ] (0.00000339)
[  2  0  1  0  1  1  0  0  0 ] (0.00008833)
[  2  0  1  0  2  0  0  0  0 ] (0.00013017)
[  2  0  1  1  0  0  0  0  0 ] (0.00010098)
[  2  0  1  1  0  0  0  0  1 ] (0.00018988)
[  2  0  1  1  0  0  0  1  0 ] (0.00013586)
[  2  0  1  1  0  0  1  0  0 ] (0.00005407)
[  2  0  1  1  0  1  0  0  0 ] (0.00184871)
[  2  0  1  1  1  0  0  0  0 ] (0.00220508)
[  2  0  1  2  0  0  0  0  0 ] (0.00097580)
[  2  0  2  0  0  0  0  0  0 ] (0.00001066)
[  2  0  2  0  0  0  0  0  1 ] (0.00000484)
[  2  0  2  0  0  0  0  1  0 ] (0.00000037)
[  2  0  2  0  0  0  1  0  0 ] (0.00036333)
[  2  0  2  0  0  1  0  0  0 ] (0.00000207)
[  2  0  2  0  1  0  0  0  0 ] (0.00011041)
[  2  0  2  1  0  0  0  0  0 ] (0.00005644)
[  2  0  3  0  0  0  0  0  0 ] (0.00010397)
[  2  1  0  0  0  0  0  0  0 ] (0.00000010)
[  2  1  0  0  0  0  0  0  1 ] (0.00076752)
[  2  1  0  0  0  0  0  0  2 ] (0.00005090)
[  2  1  0  0  0  0  0  1  0 ] (0.03177774)
[  2  1  0  0  0  0  0  1  1 ] (0.00127305)
[  2  1  0  0  0  0  0  2  0 ] (0.00001333)
[  2  1  0  0  0  0  1  0  0 ] (0.00000992)
[  2  1  0  0  0  0  1  0  1 ] (0.00000081)
[  2  1  0  0  0  0  1  1  0 ] (0.00079514)
[  2  1  0  0  0  0  2  0  0 ] (0.00000022)
[  2  1  0  0  0  1  0  0  0 ] (0.00000845)
[  2  1  0  0  0  1  0  0  1 ] (0.00025845)
[  2  1  0  0  0  1  0  1  0 ] (0.00060424)
[  2  1  0  0  0  1  1  0  0 ] (0.00030685)
[  2  1  0  0  0  2  0  0  0 ] (0.00141499)
[  2  1  0  0  1  0  0  0  0 ] (0.00001616)
[  2  1  0  0  1  0  0  0  1 ] (0.00078622)
[  2  1  0  0  1  0  0  1  0 ] (0.00002610)
[  2  1  0  0  1  0  1  0  0 ] (0.00000290)
[  2  1  0  0  1  1  0  0  0 ] (0.00004713)
[  2  1  0  0  2  0  0  0  0 ] (0.00063660)
[  2  1  0  1  0  0  0  0  0 ] (0.00022445)
[  2  1  0  1  0  0  0  0  1 ] (0.00002913)
[  2  1  0  1  0  0  0  1  0 ] (0.00002540)
[  2  1  0  1  0  0  1  0  0 ] (0.00003182)
[  2  1  0  1  0  1  0  0  0 ] (0.00111670)
[  2  1  0  1  1  0  0  0  0 ] (0.00041975)
[  2  1  0  2  0  0  0  0  0 ] (0.00284558)
[  2  1  1  0  0  0  0  0  0 ] (0.00007039)
[  2  1  1  0  0  0  0  0  1 ] (0.00056670)
[  2  1  1  0  0  0  0  1  0 ] (0.00000072)
[  2  1  1  0  0  0  1  0  0 ] (0.00043784)
[  2  1  1  0  0  1  0  0  0 ] (0.00005588)
[  2  1  1  0  1  0  0  0  0 ] (0.00109847)
[  2  1  1  1  0  0  0  0  0 ] (0.00008983)
[  2  1  2  0  0  0  0  0  0 ] (0.00000080)
[  2  2  0  0  0  0  0  0  0 ] (0.00001594)
[  2  2  0  0  0  0  0  0  1 ] (0.00041449)
[  2  2  0  0  0  0  0  1  0 ] (0.00034719)
[  2  2  0  0  0  0  1  0  0 ] (0.00011220)
[  2  2  0  0  0  1  0  0  0 ] (0.00013480)
[  2  2  0  0  1  0  0  0  0 ] (0.00020678)
[  2  2  0  1  0  0  0  0  0 ] (0.00011147)
[  2  2  1  0  0  0  0  0  0 ] (0.00000219)
[  2  3  0  0  0  0  0  0  0 ] (0.00002632)
[  3  0  0  0  0  0  0  0  0 ] (0.00000004)
[  3  0  0  0  0  0  0  0  1 ] (0.00000117)
[  3  0  0  0  0  0  0  0  2 ] (0.00000041)
[  3  0  0  0  0  0  0  1  0 ] (0.00230576)
[  3  0  0  0  0  0  0  1  1 ] (0.00008115)
[  3  0  0  0  0  0  0  2  0 ] (0.00009835)
[  3  0  0  0  0  0  1  0  0 ] (0.00012452)
[  3  0  0  0  0  0  1  0  1 ] (0.00000030)
[  3  0  0  0  0  0  1  1  0 ] (0.00002357)
[  3  0  0  0  0  0  2  0  0 ] (0.00004124)
[  3  0  0  0  0  1  0  0  0 ] (0.00000370)
[  3  0  0  0  0  1  0  0  1 ] (0.00004789)
[  3  0  0  0  0  1  0  1  0 ] (0.00026044)
[  3  0  0  0  0  1  1  0  0 ] (0.00035599)
[  3  0  0  0  0  2  0  0  0 ] (0.00000070)
[  3  0  0  0  1  0  0  0  0 ] (0.00000212)
[  3  0  0  0  1  0  0  0  1 ] (0.00007414)
[  3  0  0  0  1  0  0  1  0 ] (0.00000468)
[  3  0  0  0  1  0  1  0  0 ] (0.00038324)
[  3  0  0  0  1  1  0  0  0 ] (0.00011973)
[  3  0  0  0  2  0  0  0  0 ] (0.00003749)
[  3  0  0  1  0  0  0  0  0 ] (0.00008879)
[  3  0  0  1  0  0  0  0  1 ] (0.00006436)
[  3  0  0  1  0  0  0  1  0 ] (0.00000575)
[  3  0  0  1  0  0  1  0  0 ] (0.00014981)
[  3  0  0  1  0  1  0  0  0 ] (0.00000990)
[  3  0  0  1  1  0  0  0  0 ] (0.00001594)
[  3  0  0  2  0  0  0  0  0 ] (0.00016176)
[  3  0  1  0  0  0  0  0  0 ] (0.00001775)
[  3  0  1  0  0  0  0  0  1 ] (0.00051657)
[  3  0  1  0  0  0  0  1  0 ] (0.00004927)
[  3  0  1  0  0  0  1  0  0 ] (0.00882173)
[  3  0  1  0  0  1  0  0  0 ] (0.00001766)
[  3  0  1  0  1  0  0  0  0 ] (0.00013411)
[  3  0  1  1  0  0  0  0  0 ] (0.00000681)
[  3  0  2  0  0  0  0  0  0 ] (0.00000041)
[  3  1  0  0  0  0  0  0  0 ] (0.00000611)
[  3  1  0  0  0  0  0  0  1 ] (0.00093656)
[  3  1  0  0  0  0  0  1  0 ] (0.00156185)
[  3  1  0  0  0  0  1  0  0 ] (0.00190178)
[  3  1  0  0  0  1  0  0  0 ] (0.00010632)
[  3  1  0  0  1  0  0  0  0 ] (0.00004802)
[  3  1  0  1  0  0  0  0  0 ] (0.00000303)
[  3  1  1  0  0  0  0  0  0 ] (0.00000318)
[  3  2  0  0  0  0  0  0  0 ] (0.00000056)
[  4  0  0  0  0  0  0  0  0 ] (0.00000000)
[  4  0  0  0  0  0  0  0  1 ] (0.00451160)
[  4  0  0  0  0  0  0  1  0 ] (0.00012607)
[  4  0  0  0  0  0  1  0  0 ] (0.00017693)
[  4  0  0  0  0  1  0  0  0 ] (0.00003386)
[  4  0  0  0  1  0  0  0  0 ] (0.00000074)
[  4  0  0  1  0  0  0  0  0 ] (0.00001238)
[  4  0  1  0  0  0  0  0  0 ] (0.00008924)
[  4  1  0  0  0  0  0  0  0 ] (0.00051259)
[  5  0  0  0  0  0  0  0  0 ] (0.00003171)
