|  -890.435285219535 |   270.456144934542 

[  0  0  0  0  0  0  0  0  0 ] (0.00000000)
[  0  0  0  0  0  0  0  0  1 ] (0.00000859)
[  0  0  0  0  0  0  0  0  2 ] (0.00000071)
[  0  0  0  0  0  0  0  0  3 ] (0.00001618)
[  0  0  0  0  0  0  0  0  4 ] (0.00003168)
[  0  0  0  0  0  0  0  0  5 ] (0.00000609)
[  0  0  0  0  0  0  0  1  0 ] (0.00000374)
[  0  0  0  0  0  0  0  1  1 ] (0.00001867)
[  0  0  0  0  0  0  0  1  2 ] (0.00011242)
[  0  0  0  0  0  0  0  1  3 ] (0.00005691)
[  0  0  0  0  0  0  0  1  4 ] (0.00000412)
[  0  0  0  0  0  0  0  2  0 ] (0.00001185)
[  0  0  0  0  0  0  0  2  1 ] (0.00000034)
[  0  0  0  0  0  0  0  2  2 ] (0.00006981)
[  0  0  0  0  0  0  0  2  3 ] (0.00000153)
[  0  0  0  0  0  0  0  3  0 ] (0.00009916)
[  0  0  0  0  0  0  0  3  1 ] (0.00003673)
[  0  0  0  0  0  0  0  3  2 ] (0.00000011)
[  0  0  0  0  0  0  0  4  0 ] (0.00004863)
[  0  0  0  0  0  0  0  4  1 ] (0.00000992)
[  0  0  0  0  0  0  0  5  0 ] (0.00000076)
[  0  0  0  0  0  0  1  0  0 ] (0.00000798)
[  0  0  0  0  0  0  1  0  1 ] (0.00023004)
[  0  0  0  0  0  0  1  0  2 ] (0.00000142)
[  0  0  0  0  0  0  1  0  3 ] (0.00000658)
[  0  0  0  0  0  0  1  0  4 ] (0.00001433)
[  0  0  0  0  0  0  1  1  0 ] (0.00011107)
[  0  0  0  0  0  0  1  1  1 ] (0.00017860)
[  0  0  0  0  0  0  1  1  2 ] (0.00009531)
[  0  0  0  0  0  0  1  1  3 ] (0.00000291)
[  0  0  0  0  0  0  1  2  0 ] (0.00000845)
[  0  0  0  0  0  0  1  2  1 ] (0.00004169)
[  0  0  0  0  0  0  1  2  2 ] (0.00000444)
[  0  0  0  0  0  0  1  3  0 ] (0.00805389)
[  0  0  0  0  0  0  1  3  1 ] (0.00052583)
[  0  0  0  0  0  0  1  4  0 ] (0.00016656)
[  0  0  0  0  0  0  2  0  0 ] (0.00003783)
[  0  0  0  0  0  0  2  0  1 ] (0.00043468)
[  0  0  0  0  0  0  2  0  2 ] (0.00584268)
[  0  0  0  0  0  0  2  0  3 ] (0.00012940)
[  0  0  0  0  0  0  2  1  0 ] (0.00010240)
[  0  0  0  0  0  0  2  1  1 ] (0.00006671)
[  0  0  0  0  0  0  2  1  2 ] (0.00002573)
[  0  0  0  0  0  0  2  2  0 ] (0.00012692)
[  0  0  0  0  0  0  2  2  1 ] (0.00006966)
[  0  0  0  0  0  0  2  3  0 ] (0.00000081)
[  0  0  0  0  0  0  3  0  0 ] (0.00000122)
[  0  0  0  0  0  0  3  0  1 ] (0.00293574)
[  0  0  0  0  0  0  3  0  2 ] (0.00051750)
[  0  0  0  0  0  0  3  1  0 ] (0.00179386)
[  0  0  0  0  0  0  3  1  1 ] (0.00021850)
[  0  0  0  0  0  0  3  2  0 ] (0.00000436)
[  0  0  0  0  0  0  4  0  0 ] (0.00008371)
[  0  0  0  0  0  0  4  0  1 ] (0.00001389)
[  0  0  0  0  0  0  4  1  0 ] (0.00000218)
[  0  0  0  0  0  0  5  0  0 ] (0.00004353)
[  0  0  0  0  0  1  0  0  0 ] (0.00000484)
[  0  0  0  0  0  1  0  0  1 ] (0.00000232)
[  0  0  0  0  0  1  0  0  2 ] (0.00005192)
[  0  0  0  0  0  1  0  0  3 ] (0.00087512)
[  0  0  0  0  0  1  0  0  4 ] (0.00000003)
[  0  0  0  0  0  1  0  1  0 ] (0.00000825)
[  0  0  0  0  0  1  0  1  1 ] (0.00009157)
[  0  0  0  0  0  1  0  1  2 ] (0.00004201)
[  0  0  0  0  0  1  0  1  3 ] (0.00000046)
[  0  0  0  0  0  1  0  2  0 ] (0.00015844)
[  0  0  0  0  0  1  0  2  1 ] (0.00030328)
[  0  0  0  0  0  1  0  2  2 ] (0.00000035)
[  0  0  0  0  0  1  0  3  0 ] (0.00099879)
[  0  0  0  0  0  1  0  3  1 ] (0.00004107)
[  0  0  0  0  0  1  0  4  0 ] (0.00000364)
[  0  0  0  0  0  1  1  0  0 ] (0.00003248)
[  0  0  0  0  0  1  1  0  1 ] (0.00024813)
[  0  0  0  0  0  1  1  0  2 ] (0.00077551)
[  0  0  0  0  0  1  1  0  3 ] (0.00000006)
[  0  0  0  0  0  1  1  1  0 ] (0.00000445)
[  0  0  0  0  0  1  1  1  1 ] (0.00000135)
[  0  0  0  0  0  1  1  1  2 ] (0.00000652)
[  0  0  0  0  0  1  1  2  0 ] (0.00069751)
[  0  0  0  0  0  1  1  2  1 ] (0.00045951)
[  0  0  0  0  0  1  1  3  0 ] (0.00002539)
[  0  0  0  0  0  1  2  0  0 ] (0.00003022)
[  0  0  0  0  0  1  2  0  1 ] (0.00019428)
[  0  0  0  0  0  1  2  0  2 ] (0.00014182)
[  0  0  0  0  0  1  2  1  0 ] (0.00000508)
[  0  0  0  0  0  1  2  1  1 ] (0.00000980)
[  0  0  0  0  0  1  2  2  0 ] (0.00012691)
[  0  0  0  0  0  1  3  0  0 ] (0.00012000)
[  0  0  0  0  0  1  3  0  1 ] (0.00002658)
[  0  0  0  0  0  1  3  1  0 ] (0.00000241)
[  0  0  0  0  0  1  4  0  0 ] (0.00033017)
[  0  0  0  0  0  2  0  0  0 ] (0.00000754)
[  0  0  0  0  0  2  0  0  1 ] (0.00000008)
[  0  0  0  0  0  2  0  0  2 ] (0.00000182)
[  0  0  0  0  0  2  0  0  3 ] (0.00000188)
[  0  0  0  0  0  2  0  1  0 ] (0.00007345)
[  0  0  0  0  0  2  0  1  1 ] (0.00174726)
[  0  0  0  0  0  2  0  1  2 ] (0.00028393)
[  0  0  0  0  0  2  0  2  0 ] (0.00005302)
[  0  0  0  0  0  2  0  2  1 ] (0.00000458)
[  0  0  0  0  0  2  0  3  0 ] (0.00002154)
[  0  0  0  0  0  2  1  0  0 ] (0.00000144)
[  0  0  0  0  0  2  1  0  1 ] (0.00003318)
[  0  0  0  0  0  2  1  0  2 ] (0.00004020)
[  0  0  0  0  0  2  1  1  0 ] (0.00000890)
[  0  0  0  0  0  2  1  1  1 ] (0.00001664)
[  0  0  0  0  0  2  1  2  0 ] (0.00004100)
[  0  0  0  0  0  2  2  0  0 ] (0.00000035)
[  0  0  0  0  0  2  2  0  1 ] (0.00000211)
[  0  0  0  0  0  2  2  1  0 ] (0.00001853)
[  0  0  0  0  0  2  3  0  0 ] (0.00015629)
[  0  0  0  0  0  3  0  0  0 ] (0.00000406)
[  0  0  0  0  0  3  0  0  1 ] (0.00015717)
[  0  0  0  0  0  3  0  0  2 ] (0.00135493)
[  0  0  0  0  0  3  0  1  0 ] (0.00001485)
[  0  0  0  0  0  3  0  1  1 ] (0.00010053)
[  0  0  0  0  0  3  0  2  0 ] (0.02928288)
[  0  0  0  0  0  3  1  0  0 ] (0.00007430)
[  0  0  0  0  0  3  1  0  1 ] (0.00007052)
[  0  0  0  0  0  3  1  1  0 ] (0.00005745)
[  0  0  0  0  0  3  2  0  0 ] (0.00000735)
[  0  0  0  0  0  4  0  0  0 ] (0.00001427)
[  0  0  0  0  0  4  0  0  1 ] (0.00007400)
[  0  0  0  0  0  4  0  1  0 ] (0.00522834)
[  0  0  0  0  0  4  1  0  0 ] (0.00025504)
[  0  0  0  0  0  5  0  0  0 ] (0.00012995)
[  0  0  0  0  1  0  0  0  0 ] (0.00009142)
[  0  0  0  0  1  0  0  0  1 ] (0.00000353)
[  0  0  0  0  1  0  0  0  2 ] (0.00001486)
[  0  0  0  0  1  0  0  0  3 ] (0.00104012)
[  0  0  0  0  1  0  0  0  4 ] (0.00000314)
[  0  0  0  0  1  0  0  1  0 ] (0.00008193)
[  0  0  0  0  1  0  0  1  1 ] (0.00002636)
[  0  0  0  0  1  0  0  1  2 ] (0.00080870)
[  0  0  0  0  1  0  0  1  3 ] (0.00000700)
[  0  0  0  0  1  0  0  2  0 ] (0.00027498)
[  0  0  0  0  1  0  0  2  1 ] (0.00026488)
[  0  0  0  0  1  0  0  2  2 ] (0.00002852)
[  0  0  0  0  1  0  0  3  0 ] (0.00010042)
[  0  0  0  0  1  0  0  3  1 ] (0.00007435)
[  0  0  0  0  1  0  0  4  0 ] (0.00041846)
[  0  0  0  0  1  0  1  0  0 ] (0.00002751)
[  0  0  0  0  1  0  1  0  1 ] (0.00000551)
[  0  0  0  0  1  0  1  0  2 ] (0.00098791)
[  0  0  0  0  1  0  1  0  3 ] (0.00000014)
[  0  0  0  0  1  0  1  1  0 ] (0.00000008)
[  0  0  0  0  1  0  1  1  1 ] (0.00001995)
[  0  0  0  0  1  0  1  1  2 ] (0.00000173)
[  0  0  0  0  1  0  1  2  0 ] (0.00103548)
[  0  0  0  0  1  0  1  2  1 ] (0.00037927)
[  0  0  0  0  1  0  1  3  0 ] (0.00004602)
[  0  0  0  0  1  0  2  0  0 ] (0.00000359)
[  0  0  0  0  1  0  2  0  1 ] (0.00016558)
[  0  0  0  0  1  0  2  0  2 ] (0.00009031)
[  0  0  0  0  1  0  2  1  0 ] (0.00001253)
[  0  0  0  0  1  0  2  1  1 ] (0.00000050)
[  0  0  0  0  1  0  2  2  0 ] (0.00011206)
[  0  0  0  0  1  0  3  0  0 ] (0.00000033)
[  0  0  0  0  1  0  3  0  1 ] (0.00022799)
[  0  0  0  0  1  0  3  1  0 ] (0.00000220)
[  0  0  0  0  1  0  4  0  0 ] (0.00006559)
[  0  0  0  0  1  1  0  0  0 ] (0.00001572)
[  0  0  0  0  1  1  0  0  1 ] (0.00002104)
[  0  0  0  0  1  1  0  0  2 ] (0.00000002)
[  0  0  0  0  1  1  0  0  3 ] (0.00009403)
[  0  0  0  0  1  1  0  1  0 ] (0.00006456)
[  0  0  0  0  1  1  0  1  1 ] (0.00299846)
[  0  0  0  0  1  1  0  1  2 ] (0.00015372)
[  0  0  0  0  1  1  0  2  0 ] (0.00003553)
[  0  0  0  0  1  1  0  2  1 ] (0.00000801)
[  0  0  0  0  1  1  0  3  0 ] (0.00034240)
[  0  0  0  0  1  1  1  0  0 ] (0.00000908)
[  0  0  0  0  1  1  1  0  1 ] (0.00021350)
[  0  0  0  0  1  1  1  0  2 ] (0.00010328)
[  0  0  0  0  1  1  1  1  0 ] (0.00088010)
[  0  0  0  0  1  1  1  1  1 ] (0.00033182)
[  0  0  0  0  1  1  1  2  0 ] (0.00002047)
[  0  0  0  0  1  1  2  0  0 ] (0.00006037)
[  0  0  0  0  1  1  2  0  1 ] (0.00007739)
[  0  0  0  0  1  1  2  1  0 ] (0.00026982)
[  0  0  0  0  1  1  3  0  0 ] (0.00136157)
[  0  0  0  0  1  2  0  0  0 ] (0.00003828)
[  0  0  0  0  1  2  0  0  1 ] (0.00000443)
[  0  0  0  0  1  2  0  0  2 ] (0.00073642)
[  0  0  0  0  1  2  0  1  0 ] (0.00010216)
[  0  0  0  0  1  2  0  1  1 ] (0.00011937)
[  0  0  0  0  1  2  0  2  0 ] (0.00251325)
[  0  0  0  0  1  2  1  0  0 ] (0.00008169)
[  0  0  0  0  1  2  1  0  1 ] (0.00003626)
[  0  0  0  0  1  2  1  1  0 ] (0.00001325)
[  0  0  0  0  1  2  2  0  0 ] (0.00003266)
[  0  0  0  0  1  3  0  0  0 ] (0.00000542)
[  0  0  0  0  1  3  0  0  1 ] (0.00690716)
[  0  0  0  0  1  3  0  1  0 ] (0.00021144)
[  0  0  0  0  1  3  1  0  0 ] (0.00009906)
[  0  0  0  0  1  4  0  0  0 ] (0.00001023)
[  0  0  0  0  2  0  0  0  0 ] (0.00000768)
[  0  0  0  0  2  0  0  0  1 ] (0.00000059)
[  0  0  0  0  2  0  0  0  2 ] (0.00000075)
[  0  0  0  0  2  0  0  0  3 ] (0.00000382)
[  0  0  0  0  2  0  0  1  0 ] (0.00000220)
[  0  0  0  0  2  0  0  1  1 ] (0.00009691)
[  0  0  0  0  2  0  0  1  2 ] (0.00007873)
[  0  0  0  0  2  0  0  2  0 ] (0.00003673)
[  0  0  0  0  2  0  0  2  1 ] (0.00007016)
[  0  0  0  0  2  0  0  3  0 ] (0.00113819)
[  0  0  0  0  2  0  1  0  0 ] (0.00004077)
[  0  0  0  0  2  0  1  0  1 ] (0.00000875)
[  0  0  0  0  2  0  1  0  2 ] (0.00004903)
[  0  0  0  0  2  0  1  1  0 ] (0.00000053)
[  0  0  0  0  2  0  1  1  1 ] (0.00002940)
[  0  0  0  0  2  0  1  2  0 ] (0.00002404)
[  0  0  0  0  2  0  2  0  0 ] (0.00000788)
[  0  0  0  0  2  0  2  0  1 ] (0.00025904)
[  0  0  0  0  2  0  2  1  0 ] (0.00000003)
[  0  0  0  0  2  0  3  0  0 ] (0.00580014)
[  0  0  0  0  2  1  0  0  0 ] (0.00000001)
[  0  0  0  0  2  1  0  0  1 ] (0.00000001)
[  0  0  0  0  2  1  0  0  2 ] (0.00310080)
[  0  0  0  0  2  1  0  1  0 ] (0.00007285)
[  0  0  0  0  2  1  0  1  1 ] (0.00000049)
[  0  0  0  0  2  1  0  2  0 ] (0.01330798)
[  0  0  0  0  2  1  1  0  0 ] (0.00011184)
[  0  0  0  0  2  1  1  0  1 ] (0.00000924)
[  0  0  0  0  2  1  1  1  0 ] (0.00004725)
[  0  0  0  0  2  1  2  0  0 ] (0.00002369)
[  0  0  0  0  2  2  0  0  0 ] (0.00000093)
[  0  0  0  0  2  2  0  0  1 ] (0.00000840)
[  0  0  0  0  2  2  0  1  0 ] (0.00059877)
[  0  0  0  0  2  2  1  0  0 ] (0.00013820)
[  0  0  0  0  2  3  0  0  0 ] (0.00000000)
[  0  0  0  0  3  0  0  0  0 ] (0.00000003)
[  0  0  0  0  3  0  0  0  1 ] (0.00008151)
[  0  0  0  0  3  0  0  0  2 ] (0.00134777)
[  0  0  0  0  3  0  0  1  0 ] (0.00006011)
[  0  0  0  0  3  0  0  1  1 ] (0.00011772)
[  0  0  0  0  3  0  0  2  0 ] (0.00061014)
[  0  0  0  0  3  0  1  0  0 ] (0.00000226)
[  0  0  0  0  3  0  1  0  1 ] (0.00001626)
[  0  0  0  0  3  0  1  1  0 ] (0.00013970)
[  0  0  0  0  3  0  2  0  0 ] (0.00000917)
[  0  0  0  0  3  1  0  0  0 ] (0.00000950)
[  0  0  0  0  3  1  0  0  1 ] (0.00006391)
[  0  0  0  0  3  1  0  1  0 ] (0.00100750)
[  0  0  0  0  3  1  1  0  0 ] (0.00005234)
[  0  0  0  0  3  2  0  0  0 ] (0.00000430)
[  0  0  0  0  4  0  0  0  0 ] (0.00012229)
[  0  0  0  0  4  0  0  0  1 ] (0.00098545)
[  0  0  0  0  4  0  0  1  0 ] (0.00574385)
[  0  0  0  0  4  0  1  0  0 ] (0.00000989)
[  0  0  0  0  4  1  0  0  0 ] (0.00008829)
[  0  0  0  0  5  0  0  0  0 ] (0.00009733)
[  0  0  0  1  0  0  0  0  0 ] (0.00000097)
[  0  0  0  1  0  0  0  0  1 ] (0.00000053)
[  0  0  0  1  0  0  0  0  2 ] (0.00001135)
[  0  0  0  1  0  0  0  0  3 ] (0.00137587)
[  0  0  0  1  0  0  0  0  4 ] (0.00000019)
[  0  0  0  1  0  0  0  1  0 ] (0.00000385)
[  0  0  0  1  0  0  0  1  1 ] (0.00000082)
[  0  0  0  1  0  0  0  1  2 ] (0.00000760)
[  0  0  0  1  0  0  0  1  3 ] (0.00000014)
[  0  0  0  1  0  0  0  2  0 ] (0.00009565)
[  0  0  0  1  0  0  0  2  1 ] (0.00007501)
[  0  0  0  1  0  0  0  2  2 ] (0.00000352)
[  0  0  0  1  0  0  0  3  0 ] (0.00000683)
[  0  0  0  1  0  0  0  3  1 ] (0.00005062)
[  0  0  0  1  0  0  0  4  0 ] (0.00000924)
[  0  0  0  1  0  0  1  0  0 ] (0.00002628)
[  0  0  0  1  0  0  1  0  1 ] (0.00002993)
[  0  0  0  1  0  0  1  0  2 ] (0.00195545)
[  0  0  0  1  0  0  1  0  3 ] (0.00000451)
[  0  0  0  1  0  0  1  1  0 ] (0.00002795)
[  0  0  0  1  0  0  1  1  1 ] (0.00005618)
[  0  0  0  1  0  0  1  1  2 ] (0.00000116)
[  0  0  0  1  0  0  1  2  0 ] (0.00009969)
[  0  0  0  1  0  0  1  2  1 ] (0.00004994)
[  0  0  0  1  0  0  1  3  0 ] (0.00009158)
[  0  0  0  1  0  0  2  0  0 ] (0.00000350)
[  0  0  0  1  0  0  2  0  1 ] (0.00000665)
[  0  0  0  1  0  0  2  0  2 ] (0.00000426)
[  0  0  0  1  0  0  2  1  0 ] (0.00030895)
[  0  0  0  1  0  0  2  1  1 ] (0.00011447)
[  0  0  0  1  0  0  2  2  0 ] (0.00009618)
[  0  0  0  1  0  0  3  0  0 ] (0.00022105)
[  0  0  0  1  0  0  3  0  1 ] (0.00005138)
[  0  0  0  1  0  0  3  1  0 ] (0.00033864)
[  0  0  0  1  0  0  4  0  0 ] (0.00042872)
[  0  0  0  1  0  1  0  0  0 ] (0.00000683)
[  0  0  0  1  0  1  0  0  1 ] (0.00000012)
[  0  0  0  1  0  1  0  0  2 ] (0.00000108)
[  0  0  0  1  0  1  0  0  3 ] (0.00027145)
[  0  0  0  1  0  1  0  1  0 ] (0.00030126)
[  0  0  0  1  0  1  0  1  1 ] (0.00038152)
[  0  0  0  1  0  1  0  1  2 ] (0.00007000)
[  0  0  0  1  0  1  0  2  0 ] (0.00000005)
[  0  0  0  1  0  1  0  2  1 ] (0.00006533)
[  0  0  0  1  0  1  0  3  0 ] (0.00013394)
[  0  0  0  1  0  1  1  0  0 ] (0.00068979)
[  0  0  0  1  0  1  1  0  1 ] (0.00031481)
[  0  0  0  1  0  1  1  0  2 ] (0.00000358)
[  0  0  0  1  0  1  1  1  0 ] (0.00011873)
[  0  0  0  1  0  1  1  1  1 ] (0.00016478)
[  0  0  0  1  0  1  1  2  0 ] (0.00029191)
[  0  0  0  1  0  1  2  0  0 ] (0.00000007)
[  0  0  0  1  0  1  2  0  1 ] (0.00005594)
[  0  0  0  1  0  1  2  1  0 ] (0.00058643)
[  0  0  0  1  0  1  3  0  0 ] (0.00336203)
[  0  0  0  1  0  2  0  0  0 ] (0.00002175)
[  0  0  0  1  0  2  0  0  1 ] (0.00000655)
[  0  0  0  1  0  2  0  0  2 ] (0.00045790)
[  0  0  0  1  0  2  0  1  0 ] (0.00007227)
[  0  0  0  1  0  2  0  1  1 ] (0.00019866)
[  0  0  0  1  0  2  0  2  0 ] (0.00412331)
[  0  0  0  1  0  2  1  0  0 ] (0.00040435)
[  0  0  0  1  0  2  1  0  1 ] (0.00211316)
[  0  0  0  1  0  2  1  1  0 ] (0.00018027)
[  0  0  0  1  0  2  2  0  0 ] (0.00014348)
[  0  0  0  1  0  3  0  0  0 ] (0.00002814)
[  0  0  0  1  0  3  0  0  1 ] (0.00110049)
[  0  0  0  1  0  3  0  1  0 ] (0.00076659)
[  0  0  0  1  0  3  1  0  0 ] (0.00242264)
[  0  0  0  1  0  4  0  0  0 ] (0.00004330)
[  0  0  0  1  1  0  0  0  0 ] (0.00000269)
[  0  0  0  1  1  0  0  0  1 ] (0.00009772)
[  0  0  0  1  1  0  0  0  2 ] (0.00026621)
[  0  0  0  1  1  0  0  0  3 ] (0.00002195)
[  0  0  0  1  1  0  0  1  0 ] (0.00074781)
[  0  0  0  1  1  0  0  1  1 ] (0.00346448)
[  0  0  0  1  1  0  0  1  2 ] (0.00013787)
[  0  0  0  1  1  0  0  2  0 ] (0.00000190)
[  0  0  0  1  1  0  0  2  1 ] (0.00000657)
[  0  0  0  1  1  0  0  3  0 ] (0.00052359)
[  0  0  0  1  1  0  1  0  0 ] (0.00057605)
[  0  0  0  1  1  0  1  0  1 ] (0.00490069)
[  0  0  0  1  1  0  1  0  2 ] (0.00137243)
[  0  0  0  1  1  0  1  1  0 ] (0.00016241)
[  0  0  0  1  1  0  1  1  1 ] (0.00000692)
[  0  0  0  1  1  0  1  2  0 ] (0.00040995)
[  0  0  0  1  1  0  2  0  0 ] (0.00068773)
[  0  0  0  1  1  0  2  0  1 ] (0.00004285)
[  0  0  0  1  1  0  2  1  0 ] (0.00001803)
[  0  0  0  1  1  0  3  0  0 ] (0.03883947)
[  0  0  0  1  1  1  0  0  0 ] (0.00008168)
[  0  0  0  1  1  1  0  0  1 ] (0.00021977)
[  0  0  0  1  1  1  0  0  2 ] (0.00000267)
[  0  0  0  1  1  1  0  1  0 ] (0.00114704)
[  0  0  0  1  1  1  0  1  1 ] (0.00294626)
[  0  0  0  1  1  1  0  2  0 ] (0.00006213)
[  0  0  0  1  1  1  1  0  0 ] (0.00013290)
[  0  0  0  1  1  1  1  0  1 ] (0.00029520)
[  0  0  0  1  1  1  1  1  0 ] (0.00125831)
[  0  0  0  1  1  1  2  0  0 ] (0.00287539)
[  0  0  0  1  1  2  0  0  0 ] (0.00000025)
[  0  0  0  1  1  2  0  0  1 ] (0.00002609)
[  0  0  0  1  1  2  0  1  0 ] (0.01513181)
[  0  0  0  1  1  2  1  0  0 ] (0.00034262)
[  0  0  0  1  1  3  0  0  0 ] (0.00003508)
[  0  0  0  1  2  0  0  0  0 ] (0.00000270)
[  0  0  0  1  2  0  0  0  1 ] (0.00002292)
[  0  0  0  1  2  0  0  0  2 ] (0.01249898)
[  0  0  0  1  2  0  0  1  0 ] (0.00086159)
[  0  0  0  1  2  0  0  1  1 ] (0.00042778)
[  0  0  0  1  2  0  0  2  0 ] (0.00001490)
[  0  0  0  1  2  0  1  0  0 ] (0.00005033)
[  0  0  0  1  2  0  1  0  1 ] (0.00000050)
[  0  0  0  1  2  0  1  1  0 ] (0.00009002)
[  0  0  0  1  2  0  2  0  0 ] (0.00003414)
[  0  0  0  1  2  1  0  0  0 ] (0.00000203)
[  0  0  0  1  2  1  0  0  1 ] (0.00047197)
[  0  0  0  1  2  1  0  1  0 ] (0.00708020)
[  0  0  0  1  2  1  1  0  0 ] (0.00026513)
[  0  0  0  1  2  2  0  0  0 ] (0.00000291)
[  0  0  0  1  3  0  0  0  0 ] (0.00001254)
[  0  0  0  1  3  0  0  0  1 ] (0.00011066)
[  0  0  0  1  3  0  0  1  0 ] (0.00009782)
[  0  0  0  1  3  0  1  0  0 ] (0.00006266)
[  0  0  0  1  3  1  0  0  0 ] (0.00000025)
[  0  0  0  1  4  0  0  0  0 ] (0.00002314)
[  0  0  0  2  0  0  0  0  0 ] (0.00000701)
[  0  0  0  2  0  0  0  0  1 ] (0.00000537)
[  0  0  0  2  0  0  0  0  2 ] (0.00000464)
[  0  0  0  2  0  0  0  0  3 ] (0.00001943)
[  0  0  0  2  0  0  0  1  0 ] (0.00000834)
[  0  0  0  2  0  0  0  1  1 ] (0.00004765)
[  0  0  0  2  0  0  0  1  2 ] (0.00000015)
[  0  0  0  2  0  0  0  2  0 ] (0.00005988)
[  0  0  0  2  0  0  0  2  1 ] (0.00004711)
[  0  0  0  2  0  0  0  3  0 ] (0.00050690)
[  0  0  0  2  0  0  1  0  0 ] (0.00004713)
[  0  0  0  2  0  0  1  0  1 ] (0.00003728)
[  0  0  0  2  0  0  1  0  2 ] (0.00000712)
[  0  0  0  2  0  0  1  1  0 ] (0.00005004)
[  0  0  0  2  0  0  1  1  1 ] (0.00000963)
[  0  0  0  2  0  0  1  2  0 ] (0.00004930)
[  0  0  0  2  0  0  2  0  0 ] (0.00000730)
[  0  0  0  2  0  0  2  0  1 ] (0.00049796)
[  0  0  0  2  0  0  2  1  0 ] (0.00007440)
[  0  0  0  2  0  0  3  0  0 ] (0.00000790)
[  0  0  0  2  0  1  0  0  0 ] (0.00002084)
[  0  0  0  2  0  1  0  0  1 ] (0.00000873)
[  0  0  0  2  0  1  0  0  2 ] (0.00008834)
[  0  0  0  2  0  1  0  1  0 ] (0.00000160)
[  0  0  0  2  0  1  0  1  1 ] (0.00007740)
[  0  0  0  2  0  1  0  2  0 ] (0.00197210)
[  0  0  0  2  0  1  1  0  0 ] (0.00000682)
[  0  0  0  2  0  1  1  0  1 ] (0.00072102)
[  0  0  0  2  0  1  1  1  0 ] (0.00020757)
[  0  0  0  2  0  1  2  0  0 ] (0.00000183)
[  0  0  0  2  0  2  0  0  0 ] (0.00001154)
[  0  0  0  2  0  2  0  0  1 ] (0.00000030)
[  0  0  0  2  0  2  0  1  0 ] (0.00002702)
[  0  0  0  2  0  2  1  0  0 ] (0.00006972)
[  0  0  0  2  0  3  0  0  0 ] (0.00003930)
[  0  0  0  2  1  0  0  0  0 ] (0.00024027)
[  0  0  0  2  1  0  0  0  1 ] (0.00190607)
[  0  0  0  2  1  0  0  0  2 ] (0.00866840)
[  0  0  0  2  1  0  0  1  0 ] (0.00000257)
[  0  0  0  2  1  0  0  1  1 ] (0.00001622)
[  0  0  0  2  1  0  0  2  0 ] (0.00184522)
[  0  0  0  2  1  0  1  0  0 ] (0.00000255)
[  0  0  0  2  1  0  1  0  1 ] (0.00473367)
[  0  0  0  2  1  0  1  1  0 ] (0.00009872)
[  0  0  0  2  1  0  2  0  0 ] (0.00043145)
[  0  0  0  2  1  1  0  0  0 ] (0.00055749)
[  0  0  0  2  1  1  0  0  1 ] (0.00323612)
[  0  0  0  2  1  1  0  1  0 ] (0.00001297)
[  0  0  0  2  1  1  1  0  0 ] (0.00050874)
[  0  0  0  2  1  2  0  0  0 ] (0.00037548)
[  0  0  0  2  2  0  0  0  0 ] (0.00000163)
[  0  0  0  2  2  0  0  0  1 ] (0.00005911)
[  0  0  0  2  2  0  0  1  0 ] (0.00001628)
[  0  0  0  2  2  0  1  0  0 ] (0.00002665)
[  0  0  0  2  2  1  0  0  0 ] (0.00000001)
[  0  0  0  2  3  0  0  0  0 ] (0.00000113)
[  0  0  0  3  0  0  0  0  0 ] (0.00000496)
[  0  0  0  3  0  0  0  0  1 ] (0.00000054)
[  0  0  0  3  0  0  0  0  2 ] (0.00000793)
[  0  0  0  3  0  0  0  1  0 ] (0.00002473)
[  0  0  0  3  0  0  0  1  1 ] (0.00042329)
[  0  0  0  3  0  0  0  2  0 ] (0.00003743)
[  0  0  0  3  0  0  1  0  0 ] (0.00003353)
[  0  0  0  3  0  0  1  0  1 ] (0.00001870)
[  0  0  0  3  0  0  1  1  0 ] (0.00083048)
[  0  0  0  3  0  0  2  0  0 ] (0.00002479)
[  0  0  0  3  0  1  0  0  0 ] (0.00001175)
[  0  0  0  3  0  1  0  0  1 ] (0.00000613)
[  0  0  0  3  0  1  0  1  0 ] (0.00002856)
[  0  0  0  3  0  1  1  0  0 ] (0.00003280)
[  0  0  0  3  0  2  0  0  0 ] (0.00000430)
[  0  0  0  3  1  0  0  0  0 ] (0.00013880)
[  0  0  0  3  1  0  0  0  1 ] (0.00043938)
[  0  0  0  3  1  0  0  1  0 ] (0.00002412)
[  0  0  0  3  1  0  1  0  0 ] (0.00016427)
[  0  0  0  3  1  1  0  0  0 ] (0.00012460)
[  0  0  0  3  2  0  0  0  0 ] (0.00000029)
[  0  0  0  4  0  0  0  0  0 ] (0.00003245)
[  0  0  0  4  0  0  0  0  1 ] (0.00002954)
[  0  0  0  4  0  0  0  1  0 ] (0.00021136)
[  0  0  0  4  0  0  1  0  0 ] (0.00024964)
[  0  0  0  4  0  1  0  0  0 ] (0.00004107)
[  0  0  0  4  1  0  0  0  0 ] (0.00000909)
[  0  0  0  5  0  0  0  0  0 ] (0.00001902)
[  0  0  1  0  0  0  0  0  0 ] (0.00000355)
[  0  0  1  0  0  0  0  0  1 ] (0.00000601)
[  0  0  1  0  0  0  0  0  2 ] (0.00001809)
[  0  0  1  0  0  0  0  0  3 ] (0.00494749)
[  0  0  1  0  0  0  0  0  4 ] (0.00000639)
[  0  0  1  0  0  0  0  1  0 ] (0.00001170)
[  0  0  1  0  0  0  0  1  1 ] (0.00012346)
[  0  0  1  0  0  0  0  1  2 ] (0.00086660)
[  0  0  1  0  0  0  0  1  3 ] (0.00001637)
[  0  0  1  0  0  0  0  2  0 ] (0.00000019)
[  0  0  1  0  0  0  0  2  1 ] (0.00018648)
[  0  0  1  0  0  0  0  2  2 ] (0.00001132)
[  0  0  1  0  0  0  0  3  0 ] (0.00000351)
[  0  0  1  0  0  0  0  3  1 ] (0.00005837)
[  0  0  1  0  0  0  0  4  0 ] (0.00000603)
[  0  0  1  0  0  0  1  0  0 ] (0.00000071)
[  0  0  1  0  0  0  1  0  1 ] (0.00069012)
[  0  0  1  0  0  0  1  0  2 ] (0.00346333)
[  0  0  1  0  0  0  1  0  3 ] (0.00023688)
[  0  0  1  0  0  0  1  1  0 ] (0.00001100)
[  0  0  1  0  0  0  1  1  1 ] (0.00001215)
[  0  0  1  0  0  0  1  1  2 ] (0.00000421)
[  0  0  1  0  0  0  1  2  0 ] (0.00007353)
[  0  0  1  0  0  0  1  2  1 ] (0.00000002)
[  0  0  1  0  0  0  1  3  0 ] (0.00028940)
[  0  0  1  0  0  0  2  0  0 ] (0.00000641)
[  0  0  1  0  0  0  2  0  1 ] (0.00043732)
[  0  0  1  0  0  0  2  0  2 ] (0.00055217)
[  0  0  1  0  0  0  2  1  0 ] (0.00012106)
[  0  0  1  0  0  0  2  1  1 ] (0.00006108)
[  0  0  1  0  0  0  2  2  0 ] (0.00015582)
[  0  0  1  0  0  0  3  0  0 ] (0.00027009)
[  0  0  1  0  0  0  3  0  1 ] (0.00006674)
[  0  0  1  0  0  0  3  1  0 ] (0.00000924)
[  0  0  1  0  0  0  4  0  0 ] (0.00474919)
[  0  0  1  0  0  1  0  0  0 ] (0.00000175)
[  0  0  1  0  0  1  0  0  1 ] (0.00000005)
[  0  0  1  0  0  1  0  0  2 ] (0.00006013)
[  0  0  1  0  0  1  0  0  3 ] (0.00011539)
[  0  0  1  0  0  1  0  1  0 ] (0.00000206)
[  0  0  1  0  0  1  0  1  1 ] (0.00005787)
[  0  0  1  0  0  1  0  1  2 ] (0.00002512)
[  0  0  1  0  0  1  0  2  0 ] (0.00003302)
[  0  0  1  0  0  1  0  2  1 ] (0.00000511)
[  0  0  1  0  0  1  0  3  0 ] (0.00020612)
[  0  0  1  0  0  1  1  0  0 ] (0.00000288)
[  0  0  1  0  0  1  1  0  1 ] (0.00017968)
[  0  0  1  0  0  1  1  0  2 ] (0.00016773)
[  0  0  1  0  0  1  1  1  0 ] (0.00000017)
[  0  0  1  0  0  1  1  1  1 ] (0.00001142)
[  0  0  1  0  0  1  1  2  0 ] (0.00008253)
[  0  0  1  0  0  1  2  0  0 ] (0.00003359)
[  0  0  1  0  0  1  2  0  1 ] (0.00006119)
[  0  0  1  0  0  1  2  1  0 ] (0.00004015)
[  0  0  1  0  0  1  3  0  0 ] (0.00031642)
[  0  0  1  0  0  2  0  0  0 ] (0.00000942)
[  0  0  1  0  0  2  0  0  1 ] (0.00001482)
[  0  0  1  0  0  2  0  0  2 ] (0.00026890)
[  0  0  1  0  0  2  0  1  0 ] (0.00005979)
[  0  0  1  0  0  2  0  1  1 ] (0.00008661)
[  0  0  1  0  0  2  0  2  0 ] (0.00017745)
[  0  0  1  0  0  2  1  0  0 ] (0.00000633)
[  0  0  1  0  0  2  1  0  1 ] (0.00001054)
[  0  0  1  0  0  2  1  1  0 ] (0.00029945)
[  0  0  1  0  0  2  2  0  0 ] (0.00003360)
[  0  0  1  0  0  3  0  0  0 ] (0.00000303)
[  0  0  1  0  0  3  0  0  1 ] (0.00017155)
[  0  0  1  0  0  3  0  1  0 ] (0.00012253)
[  0  0  1  0  0  3  1  0  0 ] (0.00001542)
[  0  0  1  0  0  4  0  0  0 ] (0.00000130)
[  0  0  1  0  1  0  0  0  0 ] (0.00001918)
[  0  0  1  0  1  0  0  0  1 ] (0.00001901)
[  0  0  1  0  1  0  0  0  2 ] (0.00000528)
[  0  0  1  0  1  0  0  0  3 ] (0.00005004)
[  0  0  1  0  1  0  0  1  0 ] (0.00067214)
[  0  0  1  0  1  0  0  1  1 ] (0.00010939)
[  0  0  1  0  1  0  0  1  2 ] (0.00000113)
[  0  0  1  0  1  0  0  2  0 ] (0.00006780)
[  0  0  1  0  1  0  0  2  1 ] (0.00002349)
[  0  0  1  0  1  0  0  3  0 ] (0.00056403)
[  0  0  1  0  1  0  1  0  0 ] (0.00016570)
[  0  0  1  0  1  0  1  0  1 ] (0.00043119)
[  0  0  1  0  1  0  1  0  2 ] (0.00002783)
[  0  0  1  0  1  0  1  1  0 ] (0.00011116)
[  0  0  1  0  1  0  1  1  1 ] (0.00002134)
[  0  0  1  0  1  0  1  2  0 ] (0.00000044)
[  0  0  1  0  1  0  2  0  0 ] (0.00000149)
[  0  0  1  0  1  0  2  0  1 ] (0.00014781)
[  0  0  1  0  1  0  2  1  0 ] (0.00005925)
[  0  0  1  0  1  0  3  0  0 ] (0.00155880)
[  0  0  1  0  1  1  0  0  0 ] (0.00001108)
[  0  0  1  0  1  1  0  0  1 ] (0.00009514)
[  0  0  1  0  1  1  0  0  2 ] (0.00020592)
[  0  0  1  0  1  1  0  1  0 ] (0.00086446)
[  0  0  1  0  1  1  0  1  1 ] (0.00048880)
[  0  0  1  0  1  1  0  2  0 ] (0.00031085)
[  0  0  1  0  1  1  1  0  0 ] (0.00012326)
[  0  0  1  0  1  1  1  0  1 ] (0.00027994)
[  0  0  1  0  1  1  1  1  0 ] (0.00031165)
[  0  0  1  0  1  1  2  0  0 ] (0.00000024)
[  0  0  1  0  1  2  0  0  0 ] (0.00000436)
[  0  0  1  0  1  2  0  0  1 ] (0.00016770)
[  0  0  1  0  1  2  0  1  0 ] (0.00359364)
[  0  0  1  0  1  2  1  0  0 ] (0.00036287)
[  0  0  1  0  1  3  0  0  0 ] (0.00000116)
[  0  0  1  0  2  0  0  0  0 ] (0.00000011)
[  0  0  1  0  2  0  0  0  1 ] (0.00018171)
[  0  0  1  0  2  0  0  0  2 ] (0.00594643)
[  0  0  1  0  2  0  0  1  0 ] (0.00000069)
[  0  0  1  0  2  0  0  1  1 ] (0.00025452)
[  0  0  1  0  2  0  0  2  0 ] (0.01286701)
[  0  0  1  0  2  0  1  0  0 ] (0.00000332)
[  0  0  1  0  2  0  1  0  1 ] (0.00155581)
[  0  0  1  0  2  0  1  1  0 ] (0.00008170)
[  0  0  1  0  2  0  2  0  0 ] (0.00004565)
[  0  0  1  0  2  1  0  0  0 ] (0.00000018)
[  0  0  1  0  2  1  0  0  1 ] (0.00000003)
[  0  0  1  0  2  1  0  1  0 ] (0.00025904)
[  0  0  1  0  2  1  1  0  0 ] (0.00000305)
[  0  0  1  0  2  2  0  0  0 ] (0.00000136)
[  0  0  1  0  3  0  0  0  0 ] (0.00000014)
[  0  0  1  0  3  0  0  0  1 ] (0.00004061)
[  0  0  1  0  3  0  0  1  0 ] (0.00021377)
[  0  0  1  0  3  0  1  0  0 ] (0.00003469)
[  0  0  1  0  3  1  0  0  0 ] (0.00000154)
[  0  0  1  0  4  0  0  0  0 ] (0.00009324)
[  0  0  1  1  0  0  0  0  0 ] (0.00004196)
[  0  0  1  1  0  0  0  0  1 ] (0.00006529)
[  0  0  1  1  0  0  0  0  2 ] (0.00000998)
[  0  0  1  1  0  0  0  0  3 ] (0.00002224)
[  0  0  1  1  0  0  0  1  0 ] (0.00000759)
[  0  0  1  1  0  0  0  1  1 ] (0.00003798)
[  0  0  1  1  0  0  0  1  2 ] (0.00002921)
[  0  0  1  1  0  0  0  2  0 ] (0.00000192)
[  0  0  1  1  0  0  0  2  1 ] (0.00000748)
[  0  0  1  1  0  0  0  3  0 ] (0.00023605)
[  0  0  1  1  0  0  1  0  0 ] (0.00006557)
[  0  0  1  1  0  0  1  0  1 ] (0.00001798)
[  0  0  1  1  0  0  1  0  2 ] (0.00001205)
[  0  0  1  1  0  0  1  1  0 ] (0.00003522)
[  0  0  1  1  0  0  1  1  1 ] (0.00001458)
[  0  0  1  1  0  0  1  2  0 ] (0.00000045)
[  0  0  1  1  0  0  2  0  0 ] (0.00000836)
[  0  0  1  1  0  0  2  0  1 ] (0.00003629)
[  0  0  1  1  0  0  2  1  0 ] (0.00014069)
[  0  0  1  1  0  0  3  0  0 ] (0.00063506)
[  0  0  1  1  0  1  0  0  0 ] (0.00008092)
[  0  0  1  1  0  1  0  0  1 ] (0.00000005)
[  0  0  1  1  0  1  0  0  2 ] (0.00128733)
[  0  0  1  1  0  1  0  1  0 ] (0.00000010)
[  0  0  1  1  0  1  0  1  1 ] (0.00006477)
[  0  0  1  1  0  1  0  2  0 ] (0.00010858)
[  0  0  1  1  0  1  1  0  0 ] (0.00016318)
[  0  0  1  1  0  1  1  0  1 ] (0.00000084)
[  0  0  1  1  0  1  1  1  0 ] (0.00060651)
[  0  0  1  1  0  1  2  0  0 ] (0.00001928)
[  0  0  1  1  0  2  0  0  0 ] (0.00007613)
[  0  0  1  1  0  2  0  0  1 ] (0.00000847)
[  0  0  1  1  0  2  0  1  0 ] (0.00006247)
[  0  0  1  1  0  2  1  0  0 ] (0.00051811)
[  0  0  1  1  0  3  0  0  0 ] (0.00006209)
[  0  0  1  1  1  0  0  0  0 ] (0.00002850)
[  0  0  1  1  1  0  0  0  1 ] (0.00002025)
[  0  0  1  1  1  0  0  0  2 ] (0.00001257)
[  0  0  1  1  1  0  0  1  0 ] (0.00105597)
[  0  0  1  1  1  0  0  1  1 ] (0.00013441)
[  0  0  1  1  1  0  0  2  0 ] (0.00004668)
[  0  0  1  1  1  0  1  0  0 ] (0.00005956)
[  0  0  1  1  1  0  1  0  1 ] (0.00029401)
[  0  0  1  1  1  0  1  1  0 ] (0.00000097)
[  0  0  1  1  1  0  2  0  0 ] (0.00074839)
[  0  0  1  1  1  1  0  0  0 ] (0.00021486)
[  0  0  1  1  1  1  0  0  1 ] (0.00054947)
[  0  0  1  1  1  1  0  1  0 ] (0.00888600)
[  0  0  1  1  1  1  1  0  0 ] (0.00027262)
[  0  0  1  1  1  2  0  0  0 ] (0.00008591)
[  0  0  1  1  2  0  0  0  0 ] (0.00072888)
[  0  0  1  1  2  0  0  0  1 ] (0.00489151)
[  0  0  1  1  2  0  0  1  0 ] (0.00480545)
[  0  0  1  1  2  0  1  0  0 ] (0.00058042)
[  0  0  1  1  2  1  0  0  0 ] (0.00035912)
[  0  0  1  1  3  0  0  0  0 ] (0.00021912)
[  0  0  1  2  0  0  0  0  0 ] (0.00002362)
[  0  0  1  2  0  0  0  0  1 ] (0.00000635)
[  0  0  1  2  0  0  0  0  2 ] (0.00003512)
[  0  0  1  2  0  0  0  1  0 ] (0.00015375)
[  0  0  1  2  0  0  0  1  1 ] (0.00040953)
[  0  0  1  2  0  0  0  2  0 ] (0.00003149)
[  0  0  1  2  0  0  1  0  0 ] (0.00018697)
[  0  0  1  2  0  0  1  0  1 ] (0.00015781)
[  0  0  1  2  0  0  1  1  0 ] (0.00564768)
[  0  0  1  2  0  0  2  0  0 ] (0.00000820)
[  0  0  1  2  0  1  0  0  0 ] (0.00003822)
[  0  0  1  2  0  1  0  0  1 ] (0.00004198)
[  0  0  1  2  0  1  0  1  0 ] (0.00003646)
[  0  0  1  2  0  1  1  0  0 ] (0.00018840)
[  0  0  1  2  0  2  0  0  0 ] (0.00003185)
[  0  0  1  2  1  0  0  0  0 ] (0.00001342)
[  0  0  1  2  1  0  0  0  1 ] (0.00001819)
[  0  0  1  2  1  0  0  1  0 ] (0.00110133)
[  0  0  1  2  1  0  1  0  0 ] (0.00011854)
[  0  0  1  2  1  1  0  0  0 ] (0.00002355)
[  0  0  1  2  2  0  0  0  0 ] (0.00000040)
[  0  0  1  3  0  0  0  0  0 ] (0.00000777)
[  0  0  1  3  0  0  0  0  1 ] (0.00001482)
[  0  0  1  3  0  0  0  1  0 ] (0.00001912)
[  0  0  1  3  0  0  1  0  0 ] (0.00000170)
[  0  0  1  3  0  1  0  0  0 ] (0.00002147)
[  0  0  1  3  1  0  0  0  0 ] (0.00000084)
[  0  0  1  4  0  0  0  0  0 ] (0.00006728)
[  0  0  2  0  0  0  0  0  0 ] (0.00000005)
[  0  0  2  0  0  0  0  0  1 ] (0.00000544)
[  0  0  2  0  0  0  0  0  2 ] (0.00001327)
[  0  0  2  0  0  0  0  0  3 ] (0.00049590)
[  0  0  2  0  0  0  0  1  0 ] (0.00004334)
[  0  0  2  0  0  0  0  1  1 ] (0.00000409)
[  0  0  2  0  0  0  0  1  2 ] (0.00000024)
[  0  0  2  0  0  0  0  2  0 ] (0.00000014)
[  0  0  2  0  0  0  0  2  1 ] (0.00000097)
[  0  0  2  0  0  0  0  3  0 ] (0.00002242)
[  0  0  2  0  0  0  1  0  0 ] (0.00000348)
[  0  0  2  0  0  0  1  0  1 ] (0.00000619)
[  0  0  2  0  0  0  1  0  2 ] (0.00002286)
[  0  0  2  0  0  0  1  1  0 ] (0.00002596)
[  0  0  2  0  0  0  1  1  1 ] (0.00001511)
[  0  0  2  0  0  0  1  2  0 ] (0.00000827)
[  0  0  2  0  0  0  2  0  0 ] (0.00017807)
[  0  0  2  0  0  0  2  0  1 ] (0.00397830)
[  0  0  2  0  0  0  2  1  0 ] (0.00047611)
[  0  0  2  0  0  0  3  0  0 ] (0.00000741)
[  0  0  2  0  0  1  0  0  0 ] (0.00000360)
[  0  0  2  0  0  1  0  0  1 ] (0.00000001)
[  0  0  2  0  0  1  0  0  2 ] (0.00000649)
[  0  0  2  0  0  1  0  1  0 ] (0.00003606)
[  0  0  2  0  0  1  0  1  1 ] (0.00025460)
[  0  0  2  0  0  1  0  2  0 ] (0.00017939)
[  0  0  2  0  0  1  1  0  0 ] (0.00001200)
[  0  0  2  0  0  1  1  0  1 ] (0.00018801)
[  0  0  2  0  0  1  1  1  0 ] (0.00003105)
[  0  0  2  0  0  1  2  0  0 ] (0.00002393)
[  0  0  2  0  0  2  0  0  0 ] (0.00000758)
[  0  0  2  0  0  2  0  0  1 ] (0.00000712)
[  0  0  2  0  0  2  0  1  0 ] (0.00012404)
[  0  0  2  0  0  2  1  0  0 ] (0.00000237)
[  0  0  2  0  0  3  0  0  0 ] (0.00000515)
[  0  0  2  0  1  0  0  0  0 ] (0.00001175)
[  0  0  2  0  1  0  0  0  1 ] (0.00003802)
[  0  0  2  0  1  0  0  0  2 ] (0.00000260)
[  0  0  2  0  1  0  0  1  0 ] (0.00001104)
[  0  0  2  0  1  0  0  1  1 ] (0.00012539)
[  0  0  2  0  1  0  0  2  0 ] (0.00006539)
[  0  0  2  0  1  0  1  0  0 ] (0.00000063)
[  0  0  2  0  1  0  1  0  1 ] (0.00000124)
[  0  0  2  0  1  0  1  1  0 ] (0.00002420)
[  0  0  2  0  1  0  2  0  0 ] (0.00000361)
[  0  0  2  0  1  1  0  0  0 ] (0.00002169)
[  0  0  2  0  1  1  0  0  1 ] (0.00004063)
[  0  0  2  0  1  1  0  1  0 ] (0.00009291)
[  0  0  2  0  1  1  1  0  0 ] (0.00003328)
[  0  0  2  0  1  2  0  0  0 ] (0.00000417)
[  0  0  2  0  2  0  0  0  0 ] (0.00000299)
[  0  0  2  0  2  0  0  0  1 ] (0.00000621)
[  0  0  2  0  2  0  0  1  0 ] (0.00000857)
[  0  0  2  0  2  0  1  0  0 ] (0.00000721)
[  0  0  2  0  2  1  0  0  0 ] (0.00000368)
[  0  0  2  0  3  0  0  0  0 ] (0.00000120)
[  0  0  2  1  0  0  0  0  0 ] (0.00000000)
[  0  0  2  1  0  0  0  0  1 ] (0.00000135)
[  0  0  2  1  0  0  0  0  2 ] (0.00002386)
[  0  0  2  1  0  0  0  1  0 ] (0.00001614)
[  0  0  2  1  0  0  0  1  1 ] (0.00336630)
[  0  0  2  1  0  0  0  2  0 ] (0.00000283)
[  0  0  2  1  0  0  1  0  0 ] (0.00000270)
[  0  0  2  1  0  0  1  0  1 ] (0.00025406)
[  0  0  2  1  0  0  1  1  0 ] (0.00207400)
[  0  0  2  1  0  0  2  0  0 ] (0.00000358)
[  0  0  2  1  0  1  0  0  0 ] (0.00000298)
[  0  0  2  1  0  1  0  0  1 ] (0.00002445)
[  0  0  2  1  0  1  0  1  0 ] (0.00022903)
[  0  0  2  1  0  1  1  0  0 ] (0.00002081)
[  0  0  2  1  0  2  0  0  0 ] (0.00000007)
[  0  0  2  1  1  0  0  0  0 ] (0.00000857)
[  0  0  2  1  1  0  0  0  1 ] (0.00003729)
[  0  0  2  1  1  0  0  1  0 ] (0.00030236)
[  0  0  2  1  1  0  1  0  0 ] (0.00000710)
[  0  0  2  1  1  1  0  0  0 ] (0.00002687)
[  0  0  2  1  2  0  0  0  0 ] (0.00002318)
[  0  0  2  2  0  0  0  0  0 ] (0.00000308)
[  0  0  2  2  0  0  0  0  1 ] (0.00000020)
[  0  0  2  2  0  0  0  1  0 ] (0.00003233)
[  0  0  2  2  0  0  1  0  0 ] (0.00002759)
[  0  0  2  2  0  1  0  0  0 ] (0.00000688)
[  0  0  2  2  1  0  0  0  0 ] (0.00002506)
[  0  0  2  3  0  0  0  0  0 ] (0.00000127)
[  0  0  3  0  0  0  0  0  0 ] (0.00000797)
[  0  0  3  0  0  0  0  0  1 ] (0.00003323)
[  0  0  3  0  0  0  0  0  2 ] (0.00000094)
[  0  0  3  0  0  0  0  1  0 ] (0.00029844)
[  0  0  3  0  0  0  0  1  1 ] (0.00084863)
[  0  0  3  0  0  0  0  2  0 ] (0.00000885)
[  0  0  3  0  0  0  1  0  0 ] (0.00002549)
[  0  0  3  0  0  0  1  0  1 ] (0.00056350)
[  0  0  3  0  0  0  1  1  0 ] (0.00043720)
[  0  0  3  0  0  0  2  0  0 ] (0.00043544)
[  0  0  3  0  0  1  0  0  0 ] (0.00000896)
[  0  0  3  0  0  1  0  0  1 ] (0.00003218)
[  0  0  3  0  0  1  0  1  0 ] (0.00022125)
[  0  0  3  0  0  1  1  0  0 ] (0.00001225)
[  0  0  3  0  0  2  0  0  0 ] (0.00000927)
[  0  0  3  0  1  0  0  0  0 ] (0.00001867)
[  0  0  3  0  1  0  0  0  1 ] (0.00010280)
[  0  0  3  0  1  0  0  1  0 ] (0.00009226)
[  0  0  3  0  1  0  1  0  0 ] (0.00000700)
[  0  0  3  0  1  1  0  0  0 ] (0.00001851)
[  0  0  3  0  2  0  0  0  0 ] (0.00000380)
[  0  0  3  1  0  0  0  0  0 ] (0.00000329)
[  0  0  3  1  0  0  0  0  1 ] (0.00002943)
[  0  0  3  1  0  0  0  1  0 ] (0.00010753)
[  0  0  3  1  0  0  1  0  0 ] (0.00003441)
[  0  0  3  1  0  1  0  0  0 ] (0.00000070)
[  0  0  3  1  1  0  0  0  0 ] (0.00000205)
[  0  0  3  2  0  0  0  0  0 ] (0.00000195)
[  0  0  4  0  0  0  0  0  0 ] (0.00000278)
[  0  0  4  0  0  0  0  0  1 ] (0.00001519)
[  0  0  4  0  0  0  0  1  0 ] (0.00001771)
[  0  0  4  0  0  0  1  0  0 ] (0.00000117)
[  0  0  4  0  0  1  0  0  0 ] (0.00000291)
[  0  0  4  0  1  0  0  0  0 ] (0.00000546)
[  0  0  4  1  0  0  0  0  0 ] (0.00000891)
[  0  0  5  0  0  0  0  0  0 ] (0.00000061)
[  0  1  0  0  0  0  0  0  0 ] (0.00001002)
[  0  1  0  0  0  0  0  0  1 ] (0.00000003)
[  0  1  0  0  0  0  0  0  2 ] (0.00019283)
[  0  1  0  0  0  0  0  0  3 ] (0.00171689)
[  0  1  0  0  0  0  0  0  4 ] (0.00001195)
[  0  1  0  0  0  0  0  1  0 ] (0.00000987)
[  0  1  0  0  0  0  0  1  1 ] (0.00006909)
[  0  1  0  0  0  0  0  1  2 ] (0.00092370)
[  0  1  0  0  0  0  0  1  3 ] (0.00004312)
[  0  1  0  0  0  0  0  2  0 ] (0.00036722)
[  0  1  0  0  0  0  0  2  1 ] (0.00117130)
[  0  1  0  0  0  0  0  2  2 ] (0.00042334)
[  0  1  0  0  0  0  0  3  0 ] (0.00002004)
[  0  1  0  0  0  0  0  3  1 ] (0.00010586)
[  0  1  0  0  0  0  0  4  0 ] (0.00000019)
[  0  1  0  0  0  0  1  0  0 ] (0.00000020)
[  0  1  0  0  0  0  1  0  1 ] (0.00005921)
[  0  1  0  0  0  0  1  0  2 ] (0.00057656)
[  0  1  0  0  0  0  1  0  3 ] (0.00001685)
[  0  1  0  0  0  0  1  1  0 ] (0.00002951)
[  0  1  0  0  0  0  1  1  1 ] (0.00005119)
[  0  1  0  0  0  0  1  1  2 ] (0.00000000)
[  0  1  0  0  0  0  1  2  0 ] (0.00030256)
[  0  1  0  0  0  0  1  2  1 ] (0.00046684)
[  0  1  0  0  0  0  1  3  0 ] (0.00006938)
[  0  1  0  0  0  0  2  0  0 ] (0.00000066)
[  0  1  0  0  0  0  2  0  1 ] (0.00001018)
[  0  1  0  0  0  0  2  0  2 ] (0.00066022)
[  0  1  0  0  0  0  2  1  0 ] (0.00000225)
[  0  1  0  0  0  0  2  1  1 ] (0.00000428)
[  0  1  0  0  0  0  2  2  0 ] (0.00006194)
[  0  1  0  0  0  0  3  0  0 ] (0.00000450)
[  0  1  0  0  0  0  3  0  1 ] (0.00017332)
[  0  1  0  0  0  0  3  1  0 ] (0.00000963)
[  0  1  0  0  0  0  4  0  0 ] (0.00004189)
[  0  1  0  0  0  1  0  0  0 ] (0.00000153)
[  0  1  0  0  0  1  0  0  1 ] (0.00000321)
[  0  1  0  0  0  1  0  0  2 ] (0.00046118)
[  0  1  0  0  0  1  0  0  3 ] (0.00012277)
[  0  1  0  0  0  1  0  1  0 ] (0.00001223)
[  0  1  0  0  0  1  0  1  1 ] (0.00010292)
[  0  1  0  0  0  1  0  1  2 ] (0.00014675)
[  0  1  0  0  0  1  0  2  0 ] (0.00000000)
[  0  1  0  0  0  1  0  2  1 ] (0.00011823)
[  0  1  0  0  0  1  0  3  0 ] (0.00166847)
[  0  1  0  0  0  1  1  0  0 ] (0.00000012)
[  0  1  0  0  0  1  1  0  1 ] (0.00004881)
[  0  1  0  0  0  1  1  0  2 ] (0.00017236)
[  0  1  0  0  0  1  1  1  0 ] (0.00002207)
[  0  1  0  0  0  1  1  1  1 ] (0.00000038)
[  0  1  0  0  0  1  1  2  0 ] (0.00000494)
[  0  1  0  0  0  1  2  0  0 ] (0.00000038)
[  0  1  0  0  0  1  2  0  1 ] (0.00025501)
[  0  1  0  0  0  1  2  1  0 ] (0.00007430)
[  0  1  0  0  0  1  3  0  0 ] (0.00003248)
[  0  1  0  0  0  2  0  0  0 ] (0.00000064)
[  0  1  0  0  0  2  0  0  1 ] (0.00001650)
[  0  1  0  0  0  2  0  0  2 ] (0.00072227)
[  0  1  0  0  0  2  0  1  0 ] (0.00000718)
[  0  1  0  0  0  2  0  1  1 ] (0.00025104)
[  0  1  0  0  0  2  0  2  0 ] (0.00032197)
[  0  1  0  0  0  2  1  0  0 ] (0.00000002)
[  0  1  0  0  0  2  1  0  1 ] (0.00036986)
[  0  1  0  0  0  2  1  1  0 ] (0.00021610)
[  0  1  0  0  0  2  2  0  0 ] (0.00000304)
[  0  1  0  0  0  3  0  0  0 ] (0.00000034)
[  0  1  0  0  0  3  0  0  1 ] (0.00000267)
[  0  1  0  0  0  3  0  1  0 ] (0.00027601)
[  0  1  0  0  0  3  1  0  0 ] (0.00000033)
[  0  1  0  0  0  4  0  0  0 ] (0.00000549)
[  0  1  0  0  1  0  0  0  0 ] (0.00001387)
[  0  1  0  0  1  0  0  0  1 ] (0.00012556)
[  0  1  0  0  1  0  0  0  2 ] (0.00006479)
[  0  1  0  0  1  0  0  0  3 ] (0.00000270)
[  0  1  0  0  1  0  0  1  0 ] (0.00181332)
[  0  1  0  0  1  0  0  1  1 ] (0.00611970)
[  0  1  0  0  1  0  0  1  2 ] (0.00097984)
[  0  1  0  0  1  0  0  2  0 ] (0.00010987)
[  0  1  0  0  1  0  0  2  1 ] (0.00000091)
[  0  1  0  0  1  0  0  3  0 ] (0.00115892)
[  0  1  0  0  1  0  1  0  0 ] (0.00000850)
[  0  1  0  0  1  0  1  0  1 ] (0.00003704)
[  0  1  0  0  1  0  1  0  2 ] (0.00018865)
[  0  1  0  0  1  0  1  1  0 ] (0.00106013)
[  0  1  0  0  1  0  1  1  1 ] (0.00103523)
[  0  1  0  0  1  0  1  2  0 ] (0.00001300)
[  0  1  0  0  1  0  2  0  0 ] (0.00000115)
[  0  1  0  0  1  0  2  0  1 ] (0.00000194)
[  0  1  0  0  1  0  2  1  0 ] (0.00108248)
[  0  1  0  0  1  0  3  0  0 ] (0.00024866)
[  0  1  0  0  1  1  0  0  0 ] (0.00004094)
[  0  1  0  0  1  1  0  0  1 ] (0.00010127)
[  0  1  0  0  1  1  0  0  2 ] (0.00039036)
[  0  1  0  0  1  1  0  1  0 ] (0.00001086)
[  0  1  0  0  1  1  0  1  1 ] (0.00049871)
[  0  1  0  0  1  1  0  2  0 ] (0.00115286)
[  0  1  0  0  1  1  1  0  0 ] (0.00001690)
[  0  1  0  0  1  1  1  0  1 ] (0.00018448)
[  0  1  0  0  1  1  1  1  0 ] (0.00010207)
[  0  1  0  0  1  1  2  0  0 ] (0.00001597)
[  0  1  0  0  1  2  0  0  0 ] (0.00008801)
[  0  1  0  0  1  2  0  0  1 ] (0.00051128)
[  0  1  0  0  1  2  0  1  0 ] (0.00003803)
[  0  1  0  0  1  2  1  0  0 ] (0.00012441)
[  0  1  0  0  1  3  0  0  0 ] (0.00003707)
[  0  1  0  0  2  0  0  0  0 ] (0.00019377)
[  0  1  0  0  2  0  0  0  1 ] (0.00368378)
[  0  1  0  0  2  0  0  0  2 ] (0.01211383)
[  0  1  0  0  2  0  0  1  0 ] (0.00001496)
[  0  1  0  0  2  0  0  1  1 ] (0.00002783)
[  0  1  0  0  2  0  0  2  0 ] (0.09381488)
[  0  1  0  0  2  0  1  0  0 ] (0.00012685)
[  0  1  0  0  2  0  1  0  1 ] (0.01054754)
[  0  1  0  0  2  0  1  1  0 ] (0.00000981)
[  0  1  0  0  2  0  2  0  0 ] (0.00044407)
[  0  1  0  0  2  1  0  0  0 ] (0.00019584)
[  0  1  0  0  2  1  0  0  1 ] (0.00395132)
[  0  1  0  0  2  1  0  1  0 ] (0.00005295)
[  0  1  0  0  2  1  1  0  0 ] (0.00000477)
[  0  1  0  0  2  2  0  0  0 ] (0.00006541)
[  0  1  0  0  3  0  0  0  0 ] (0.00007947)
[  0  1  0  0  3  0  0  0  1 ] (0.00019818)
[  0  1  0  0  3  0  0  1  0 ] (0.00018115)
[  0  1  0  0  3  0  1  0  0 ] (0.00003668)
[  0  1  0  0  3  1  0  0  0 ] (0.00000939)
[  0  1  0  0  4  0  0  0  0 ] (0.00001294)
[  0  1  0  1  0  0  0  0  0 ] (0.00000713)
[  0  1  0  1  0  0  0  0  1 ] (0.00000040)
[  0  1  0  1  0  0  0  0  2 ] (0.00014619)
[  0  1  0  1  0  0  0  0  3 ] (0.00000164)
[  0  1  0  1  0  0  0  1  0 ] (0.00000728)
[  0  1  0  1  0  0  0  1  1 ] (0.00030055)
[  0  1  0  1  0  0  0  1  2 ] (0.00011042)
[  0  1  0  1  0  0  0  2  0 ] (0.00000466)
[  0  1  0  1  0  0  0  2  1 ] (0.00007909)
[  0  1  0  1  0  0  0  3  0 ] (0.00379212)
[  0  1  0  1  0  0  1  0  0 ] (0.00001589)
[  0  1  0  1  0  0  1  0  1 ] (0.00038610)
[  0  1  0  1  0  0  1  0  2 ] (0.00010891)
[  0  1  0  1  0  0  1  1  0 ] (0.00011174)
[  0  1  0  1  0  0  1  1  1 ] (0.00000033)
[  0  1  0  1  0  0  1  2  0 ] (0.00003302)
[  0  1  0  1  0  0  2  0  0 ] (0.00000098)
[  0  1  0  1  0  0  2  0  1 ] (0.00031124)
[  0  1  0  1  0  0  2  1  0 ] (0.00015694)
[  0  1  0  1  0  0  3  0  0 ] (0.00000388)
[  0  1  0  1  0  1  0  0  0 ] (0.00003772)
[  0  1  0  1  0  1  0  0  1 ] (0.00013997)
[  0  1  0  1  0  1  0  0  2 ] (0.00163606)
[  0  1  0  1  0  1  0  1  0 ] (0.00002419)
[  0  1  0  1  0  1  0  1  1 ] (0.00000000)
[  0  1  0  1  0  1  0  2  0 ] (0.00010774)
[  0  1  0  1  0  1  1  0  0 ] (0.00001684)
[  0  1  0  1  0  1  1  0  1 ] (0.00019019)
[  0  1  0  1  0  1  1  1  0 ] (0.00067715)
[  0  1  0  1  0  1  2  0  0 ] (0.00018508)
[  0  1  0  1  0  2  0  0  0 ] (0.00002054)
[  0  1  0  1  0  2  0  0  1 ] (0.00015183)
[  0  1  0  1  0  2  0  1  0 ] (0.00003037)
[  0  1  0  1  0  2  1  0  0 ] (0.00001276)
[  0  1  0  1  0  3  0  0  0 ] (0.00002063)
[  0  1  0  1  1  0  0  0  0 ] (0.00004007)
[  0  1  0  1  1  0  0  0  1 ] (0.00041326)
[  0  1  0  1  1  0  0  0  2 ] (0.01197576)
[  0  1  0  1  1  0  0  1  0 ] (0.00021074)
[  0  1  0  1  1  0  0  1  1 ] (0.00016555)
[  0  1  0  1  1  0  0  2  0 ] (0.00006586)
[  0  1  0  1  1  0  1  0  0 ] (0.00016718)
[  0  1  0  1  1  0  1  0  1 ] (0.00088245)
[  0  1  0  1  1  0  1  1  0 ] (0.00000481)
[  0  1  0  1  1  0  2  0  0 ] (0.00001702)
[  0  1  0  1  1  1  0  0  0 ] (0.00015727)
[  0  1  0  1  1  1  0  0  1 ] (0.00374782)
[  0  1  0  1  1  1  0  1  0 ] (0.00522103)
[  0  1  0  1  1  1  1  0  0 ] (0.00111088)
[  0  1  0  1  1  2  0  0  0 ] (0.00002156)
[  0  1  0  1  2  0  0  0  0 ] (0.00000225)
[  0  1  0  1  2  0  0  0  1 ] (0.00002696)
[  0  1  0  1  2  0  0  1  0 ] (0.00020582)
[  0  1  0  1  2  0  1  0  0 ] (0.00001773)
[  0  1  0  1  2  1  0  0  0 ] (0.00000004)
[  0  1  0  1  3  0  0  0  0 ] (0.00000028)
[  0  1  0  2  0  0  0  0  0 ] (0.00001791)
[  0  1  0  2  0  0  0  0  1 ] (0.00012014)
[  0  1  0  2  0  0  0  0  2 ] (0.00000013)
[  0  1  0  2  0  0  0  1  0 ] (0.00000041)
[  0  1  0  2  0  0  0  1  1 ] (0.00009294)
[  0  1  0  2  0  0  0  2  0 ] (0.00000011)
[  0  1  0  2  0  0  1  0  0 ] (0.00020875)
[  0  1  0  2  0  0  1  0  1 ] (0.00179472)
[  0  1  0  2  0  0  1  1  0 ] (0.00004316)
[  0  1  0  2  0  0  2  0  0 ] (0.00002011)
[  0  1  0  2  0  1  0  0  0 ] (0.00000875)
[  0  1  0  2  0  1  0  0  1 ] (0.00013919)
[  0  1  0  2  0  1  0  1  0 ] (0.00003778)
[  0  1  0  2  0  1  1  0  0 ] (0.00013211)
[  0  1  0  2  0  2  0  0  0 ] (0.00000420)
[  0  1  0  2  1  0  0  0  0 ] (0.00008810)
[  0  1  0  2  1  0  0  0  1 ] (0.00033940)
[  0  1  0  2  1  0  0  1  0 ] (0.00002071)
[  0  1  0  2  1  0  1  0  0 ] (0.00033791)
[  0  1  0  2  1  1  0  0  0 ] (0.00013165)
[  0  1  0  2  2  0  0  0  0 ] (0.00000185)
[  0  1  0  3  0  0  0  0  0 ] (0.00000060)
[  0  1  0  3  0  0  0  0  1 ] (0.00001601)
[  0  1  0  3  0  0  0  1  0 ] (0.00000007)
[  0  1  0  3  0  0  1  0  0 ] (0.00000690)
[  0  1  0  3  0  1  0  0  0 ] (0.00000020)
[  0  1  0  3  1  0  0  0  0 ] (0.00004326)
[  0  1  0  4  0  0  0  0  0 ] (0.00001398)
[  0  1  1  0  0  0  0  0  0 ] (0.00000437)
[  0  1  1  0  0  0  0  0  1 ] (0.00000169)
[  0  1  1  0  0  0  0  0  2 ] (0.00006585)
[  0  1  1  0  0  0  0  0  3 ] (0.00005475)
[  0  1  1  0  0  0  0  1  0 ] (0.00001517)
[  0  1  1  0  0  0  0  1  1 ] (0.00002689)
[  0  1  1  0  0  0  0  1  2 ] (0.00003543)
[  0  1  1  0  0  0  0  2  0 ] (0.00006796)
[  0  1  1  0  0  0  0  2  1 ] (0.00005132)
[  0  1  1  0  0  0  0  3  0 ] (0.00533719)
[  0  1  1  0  0  0  1  0  0 ] (0.00002781)
[  0  1  1  0  0  0  1  0  1 ] (0.00000152)
[  0  1  1  0  0  0  1  0  2 ] (0.00017698)
[  0  1  1  0  0  0  1  1  0 ] (0.00001476)
[  0  1  1  0  0  0  1  1  1 ] (0.00001747)
[  0  1  1  0  0  0  1  2  0 ] (0.00043617)
[  0  1  1  0  0  0  2  0  0 ] (0.00024430)
[  0  1  1  0  0  0  2  0  1 ] (0.00632321)
[  0  1  1  0  0  0  2  1  0 ] (0.00219395)
[  0  1  1  0  0  0  3  0  0 ] (0.00001504)
[  0  1  1  0  0  1  0  0  0 ] (0.00002699)
[  0  1  1  0  0  1  0  0  1 ] (0.00027272)
[  0  1  1  0  0  1  0  0  2 ] (0.00004410)
[  0  1  1  0  0  1  0  1  0 ] (0.00001679)
[  0  1  1  0  0  1  0  1  1 ] (0.00006352)
[  0  1  1  0  0  1  0  2  0 ] (0.00052360)
[  0  1  1  0  0  1  1  0  0 ] (0.00001062)
[  0  1  1  0  0  1  1  0  1 ] (0.00017016)
[  0  1  1  0  0  1  1  1  0 ] (0.00034491)
[  0  1  1  0  0  1  2  0  0 ] (0.00020878)
[  0  1  1  0  0  2  0  0  0 ] (0.00000977)
[  0  1  1  0  0  2  0  0  1 ] (0.00010081)
[  0  1  1  0  0  2  0  1  0 ] (0.00009488)
[  0  1  1  0  0  2  1  0  0 ] (0.00000085)
[  0  1  1  0  0  3  0  0  0 ] (0.00000880)
[  0  1  1  0  1  0  0  0  0 ] (0.00000725)
[  0  1  1  0  1  0  0  0  1 ] (0.00002985)
[  0  1  1  0  1  0  0  0  2 ] (0.00051995)
[  0  1  1  0  1  0  0  1  0 ] (0.00002156)
[  0  1  1  0  1  0  0  1  1 ] (0.00016650)
[  0  1  1  0  1  0  0  2  0 ] (0.01073855)
[  0  1  1  0  1  0  1  0  0 ] (0.00000156)
[  0  1  1  0  1  0  1  0  1 ] (0.00000360)
[  0  1  1  0  1  0  1  1  0 ] (0.00024527)
[  0  1  1  0  1  0  2  0  0 ] (0.00010852)
[  0  1  1  0  1  1  0  0  0 ] (0.00000227)
[  0  1  1  0  1  1  0  0  1 ] (0.00003924)
[  0  1  1  0  1  1  0  1  0 ] (0.00089570)
[  0  1  1  0  1  1  1  0  0 ] (0.00000434)
[  0  1  1  0  1  2  0  0  0 ] (0.00000361)
[  0  1  1  0  2  0  0  0  0 ] (0.00006596)
[  0  1  1  0  2  0  0  0  1 ] (0.00118712)
[  0  1  1  0  2  0  0  1  0 ] (0.00009179)
[  0  1  1  0  2  0  1  0  0 ] (0.00001167)
[  0  1  1  0  2  1  0  0  0 ] (0.00010370)
[  0  1  1  0  3  0  0  0  0 ] (0.00001527)
[  0  1  1  1  0  0  0  0  0 ] (0.00001346)
[  0  1  1  1  0  0  0  0  1 ] (0.00008889)
[  0  1  1  1  0  0  0  0  2 ] (0.00006042)
[  0  1  1  1  0  0  0  1  0 ] (0.00006427)
[  0  1  1  1  0  0  0  1  1 ] (0.00019858)
[  0  1  1  1  0  0  0  2  0 ] (0.00070483)
[  0  1  1  1  0  0  1  0  0 ] (0.00000305)
[  0  1  1  1  0  0  1  0  1 ] (0.00000094)
[  0  1  1  1  0  0  1  1  0 ] (0.00092482)
[  0  1  1  1  0  0  2  0  0 ] (0.00000401)
[  0  1  1  1  0  1  0  0  0 ] (0.00003669)
[  0  1  1  1  0  1  0  0  1 ] (0.00019731)
[  0  1  1  1  0  1  0  1  0 ] (0.00006127)
[  0  1  1  1  0  1  1  0  0 ] (0.00001453)
[  0  1  1  1  0  2  0  0  0 ] (0.00002521)
[  0  1  1  1  1  0  0  0  0 ] (0.00000148)
[  0  1  1  1  1  0  0  0  1 ] (0.00001395)
[  0  1  1  1  1  0  0  1  0 ] (0.00053112)
[  0  1  1  1  1  0  1  0  0 ] (0.00022871)
[  0  1  1  1  1  1  0  0  0 ] (0.00000182)
[  0  1  1  1  2  0  0  0  0 ] (0.00007279)
[  0  1  1  2  0  0  0  0  0 ] (0.00002208)
[  0  1  1  2  0  0  0  0  1 ] (0.00011251)
[  0  1  1  2  0  0  0  1  0 ] (0.00000008)
[  0  1  1  2  0  0  1  0  0 ] (0.00009371)
[  0  1  1  2  0  1  0  0  0 ] (0.00002843)
[  0  1  1  2  1  0  0  0  0 ] (0.00001153)
[  0  1  1  3  0  0  0  0  0 ] (0.00001117)
[  0  1  2  0  0  0  0  0  0 ] (0.00000001)
[  0  1  2  0  0  0  0  0  1 ] (0.00000341)
[  0  1  2  0  0  0  0  0  2 ] (0.00002363)
[  0  1  2  0  0  0  0  1  0 ] (0.00000851)
[  0  1  2  0  0  0  0  1  1 ] (0.00041241)
[  0  1  2  0  0  0  0  2  0 ] (0.00000340)
[  0  1  2  0  0  0  1  0  0 ] (0.00000071)
[  0  1  2  0  0  0  1  0  1 ] (0.00004994)
[  0  1  2  0  0  0  1  1  0 ] (0.00000712)
[  0  1  2  0  0  0  2  0  0 ] (0.00003774)
[  0  1  2  0  0  1  0  0  0 ] (0.00000001)
[  0  1  2  0  0  1  0  0  1 ] (0.00000317)
[  0  1  2  0  0  1  0  1  0 ] (0.00000002)
[  0  1  2  0  0  1  1  0  0 ] (0.00000013)
[  0  1  2  0  0  2  0  0  0 ] (0.00000000)
[  0  1  2  0  1  0  0  0  0 ] (0.00001292)
[  0  1  2  0  1  0  0  0  1 ] (0.00004482)
[  0  1  2  0  1  0  0  1  0 ] (0.00001493)
[  0  1  2  0  1  0  1  0  0 ] (0.00000434)
[  0  1  2  0  1  1  0  0  0 ] (0.00000527)
[  0  1  2  0  2  0  0  0  0 ] (0.00001389)
[  0  1  2  1  0  0  0  0  0 ] (0.00000249)
[  0  1  2  1  0  0  0  0  1 ] (0.00001577)
[  0  1  2  1  0  0  0  1  0 ] (0.00002117)
[  0  1  2  1  0  0  1  0  0 ] (0.00000196)
[  0  1  2  1  0  1  0  0  0 ] (0.00000229)
[  0  1  2  1  1  0  0  0  0 ] (0.00000847)
[  0  1  2  2  0  0  0  0  0 ] (0.00000188)
[  0  1  3  0  0  0  0  0  0 ] (0.00000006)
[  0  1  3  0  0  0  0  0  1 ] (0.00000021)
[  0  1  3  0  0  0  0  1  0 ] (0.00002280)
[  0  1  3  0  0  0  1  0  0 ] (0.00000360)
[  0  1  3  0  0  1  0  0  0 ] (0.00000093)
[  0  1  3  0  1  0  0  0  0 ] (0.00000570)
[  0  1  3  1  0  0  0  0  0 ] (0.00000196)
[  0  1  4  0  0  0  0  0  0 ] (0.00000079)
[  0  2  0  0  0  0  0  0  0 ] (0.00000223)
[  0  2  0  0  0  0  0  0  1 ] (0.00000114)
[  0  2  0  0  0  0  0  0  2 ] (0.00000036)
[  0  2  0  0  0  0  0  0  3 ] (0.00001340)
[  0  2  0  0  0  0  0  1  0 ] (0.00002550)
[  0  2  0  0  0  0  0  1  1 ] (0.00005201)
[  0  2  0  0  0  0  0  1  2 ] (0.00010890)
[  0  2  0  0  0  0  0  2  0 ] (0.00000052)
[  0  2  0  0  0  0  0  2  1 ] (0.00101502)
[  0  2  0  0  0  0  0  3  0 ] (0.00000107)
[  0  2  0  0  0  0  1  0  0 ] (0.00000650)
[  0  2  0  0  0  0  1  0  1 ] (0.00009188)
[  0  2  0  0  0  0  1  0  2 ] (0.00031969)
[  0  2  0  0  0  0  1  1  0 ] (0.00000004)
[  0  2  0  0  0  0  1  1  1 ] (0.00000297)
[  0  2  0  0  0  0  1  2  0 ] (0.00303113)
[  0  2  0  0  0  0  2  0  0 ] (0.00000357)
[  0  2  0  0  0  0  2  0  1 ] (0.00010695)
[  0  2  0  0  0  0  2  1  0 ] (0.00106261)
[  0  2  0  0  0  0  3  0  0 ] (0.00000045)
[  0  2  0  0  0  1  0  0  0 ] (0.00000044)
[  0  2  0  0  0  1  0  0  1 ] (0.00000725)
[  0  2  0  0  0  1  0  0  2 ] (0.00002333)
[  0  2  0  0  0  1  0  1  0 ] (0.00001177)
[  0  2  0  0  0  1  0  1  1 ] (0.00180902)
[  0  2  0  0  0  1  0  2  0 ] (0.00009692)
[  0  2  0  0  0  1  1  0  0 ] (0.00005848)
[  0  2  0  0  0  1  1  0  1 ] (0.00132753)
[  0  2  0  0  0  1  1  1  0 ] (0.00105266)
[  0  2  0  0  0  1  2  0  0 ] (0.00000006)
[  0  2  0  0  0  2  0  0  0 ] (0.00000003)
[  0  2  0  0  0  2  0  0  1 ] (0.00000352)
[  0  2  0  0  0  2  0  1  0 ] (0.00001236)
[  0  2  0  0  0  2  1  0  0 ] (0.00000032)
[  0  2  0  0  0  3  0  0  0 ] (0.00000025)
[  0  2  0  0  1  0  0  0  0 ] (0.00000000)
[  0  2  0  0  1  0  0  0  1 ] (0.00004248)
[  0  2  0  0  1  0  0  0  2 ] (0.00000053)
[  0  2  0  0  1  0  0  1  0 ] (0.00000306)
[  0  2  0  0  1  0  0  1  1 ] (0.00386032)
[  0  2  0  0  1  0  0  2  0 ] (0.00047857)
[  0  2  0  0  1  0  1  0  0 ] (0.00009130)
[  0  2  0  0  1  0  1  0  1 ] (0.00114665)
[  0  2  0  0  1  0  1  1  0 ] (0.00299585)
[  0  2  0  0  1  0  2  0  0 ] (0.00000850)
[  0  2  0  0  1  1  0  0  0 ] (0.00000743)
[  0  2  0  0  1  1  0  0  1 ] (0.00000311)
[  0  2  0  0  1  1  0  1  0 ] (0.00007248)
[  0  2  0  0  1  1  1  0  0 ] (0.00009379)
[  0  2  0  0  1  2  0  0  0 ] (0.00000000)
[  0  2  0  0  2  0  0  0  0 ] (0.00002093)
[  0  2  0  0  2  0  0  0  1 ] (0.00011446)
[  0  2  0  0  2  0  0  1  0 ] (0.00000380)
[  0  2  0  0  2  0  1  0  0 ] (0.00008567)
[  0  2  0  0  2  1  0  0  0 ] (0.00001310)
[  0  2  0  0  3  0  0  0  0 ] (0.00001006)
[  0  2  0  1  0  0  0  0  0 ] (0.00000022)
[  0  2  0  1  0  0  0  0  1 ] (0.00000093)
[  0  2  0  1  0  0  0  0  2 ] (0.00000102)
[  0  2  0  1  0  0  0  1  0 ] (0.00003298)
[  0  2  0  1  0  0  0  1  1 ] (0.00021195)
[  0  2  0  1  0  0  0  2  0 ] (0.00000135)
[  0  2  0  1  0  0  1  0  0 ] (0.00006237)
[  0  2  0  1  0  0  1  0  1 ] (0.00060917)
[  0  2  0  1  0  0  1  1  0 ] (0.00001481)
[  0  2  0  1  0  0  2  0  0 ] (0.00000082)
[  0  2  0  1  0  1  0  0  0 ] (0.00000247)
[  0  2  0  1  0  1  0  0  1 ] (0.00000913)
[  0  2  0  1  0  1  0  1  0 ] (0.00000060)
[  0  2  0  1  0  1  1  0  0 ] (0.00006355)
[  0  2  0  1  0  2  0  0  0 ] (0.00000001)
[  0  2  0  1  1  0  0  0  0 ] (0.00000366)
[  0  2  0  1  1  0  0  0  1 ] (0.00000026)
[  0  2  0  1  1  0  0  1  0 ] (0.00001402)
[  0  2  0  1  1  0  1  0  0 ] (0.00000002)
[  0  2  0  1  1  1  0  0  0 ] (0.00000717)
[  0  2  0  1  2  0  0  0  0 ] (0.00000000)
[  0  2  0  2  0  0  0  0  0 ] (0.00000194)
[  0  2  0  2  0  0  0  0  1 ] (0.00000382)
[  0  2  0  2  0  0  0  1  0 ] (0.00000022)
[  0  2  0  2  0  0  1  0  0 ] (0.00000253)
[  0  2  0  2  0  1  0  0  0 ] (0.00000052)
[  0  2  0  2  1  0  0  0  0 ] (0.00000363)
[  0  2  0  3  0  0  0  0  0 ] (0.00000008)
[  0  2  1  0  0  0  0  0  0 ] (0.00000001)
[  0  2  1  0  0  0  0  0  1 ] (0.00000002)
[  0  2  1  0  0  0  0  0  2 ] (0.00000552)
[  0  2  1  0  0  0  0  1  0 ] (0.00000099)
[  0  2  1  0  0  0  0  1  1 ] (0.00001447)
[  0  2  1  0  0  0  0  2  0 ] (0.00000513)
[  0  2  1  0  0  0  1  0  0 ] (0.00000041)
[  0  2  1  0  0  0  1  0  1 ] (0.00001174)
[  0  2  1  0  0  0  1  1  0 ] (0.00035201)
[  0  2  1  0  0  0  2  0  0 ] (0.00000000)
[  0  2  1  0  0  1  0  0  0 ] (0.00000052)
[  0  2  1  0  0  1  0  0  1 ] (0.00000092)
[  0  2  1  0  0  1  0  1  0 ] (0.00000078)
[  0  2  1  0  0  1  1  0  0 ] (0.00000478)
[  0  2  1  0  0  2  0  0  0 ] (0.00000007)
[  0  2  1  0  1  0  0  0  0 ] (0.00000212)
[  0  2  1  0  1  0  0  0  1 ] (0.00000247)
[  0  2  1  0  1  0  0  1  0 ] (0.00000322)
[  0  2  1  0  1  0  1  0  0 ] (0.00000274)
[  0  2  1  0  1  1  0  0  0 ] (0.00000000)
[  0  2  1  0  2  0  0  0  0 ] (0.00000514)
[  0  2  1  1  0  0  0  0  0 ] (0.00000007)
[  0  2  1  1  0  0  0  0  1 ] (0.00000077)
[  0  2  1  1  0  0  0  1  0 ] (0.00000020)
[  0  2  1  1  0  0  1  0  0 ] (0.00000968)
[  0  2  1  1  0  1  0  0  0 ] (0.00000005)
[  0  2  1  1  1  0  0  0  0 ] (0.00000000)
[  0  2  1  2  0  0  0  0  0 ] (0.00000034)
[  0  2  2  0  0  0  0  0  0 ] (0.00000000)
[  0  2  2  0  0  0  0  0  1 ] (0.00000012)
[  0  2  2  0  0  0  0  1  0 ] (0.00000006)
[  0  2  2  0  0  0  1  0  0 ] (0.00000063)
[  0  2  2  0  0  1  0  0  0 ] (0.00000000)
[  0  2  2  0  1  0  0  0  0 ] (0.00000001)
[  0  2  2  1  0  0  0  0  0 ] (0.00000015)
[  0  2  3  0  0  0  0  0  0 ] (0.00000005)
[  0  3  0  0  0  0  0  0  0 ] (0.00000032)
[  0  3  0  0  0  0  0  0  1 ] (0.00000873)
[  0  3  0  0  0  0  0  0  2 ] (0.00000026)
[  0  3  0  0  0  0  0  1  0 ] (0.00005633)
[  0  3  0  0  0  0  0  1  1 ] (0.00023830)
[  0  3  0  0  0  0  0  2  0 ] (0.00018057)
[  0  3  0  0  0  0  1  0  0 ] (0.00000007)
[  0  3  0  0  0  0  1  0  1 ] (0.00000604)
[  0  3  0  0  0  0  1  1  0 ] (0.00000656)
[  0  3  0  0  0  0  2  0  0 ] (0.00000087)
[  0  3  0  0  0  1  0  0  0 ] (0.00000022)
[  0  3  0  0  0  1  0  0  1 ] (0.00001592)
[  0  3  0  0  0  1  0  1  0 ] (0.00000035)
[  0  3  0  0  0  1  1  0  0 ] (0.00001207)
[  0  3  0  0  0  2  0  0  0 ] (0.00000045)
[  0  3  0  0  1  0  0  0  0 ] (0.00000000)
[  0  3  0  0  1  0  0  0  1 ] (0.00009650)
[  0  3  0  0  1  0  0  1  0 ] (0.00017391)
[  0  3  0  0  1  0  1  0  0 ] (0.00002209)
[  0  3  0  0  1  1  0  0  0 ] (0.00001309)
[  0  3  0  0  2  0  0  0  0 ] (0.00000078)
[  0  3  0  1  0  0  0  0  0 ] (0.00000026)
[  0  3  0  1  0  0  0  0  1 ] (0.00000749)
[  0  3  0  1  0  0  0  1  0 ] (0.00000067)
[  0  3  0  1  0  0  1  0  0 ] (0.00002241)
[  0  3  0  1  0  1  0  0  0 ] (0.00000102)
[  0  3  0  1  1  0  0  0  0 ] (0.00000819)
[  0  3  0  2  0  0  0  0  0 ] (0.00000389)
[  0  3  1  0  0  0  0  0  0 ] (0.00000001)
[  0  3  1  0  0  0  0  0  1 ] (0.00000005)
[  0  3  1  0  0  0  0  1  0 ] (0.00000540)
[  0  3  1  0  0  0  1  0  0 ] (0.00000390)
[  0  3  1  0  0  1  0  0  0 ] (0.00000023)
[  0  3  1  0  1  0  0  0  0 ] (0.00000299)
[  0  3  1  1  0  0  0  0  0 ] (0.00000019)
[  0  3  2  0  0  0  0  0  0 ] (0.00000001)
[  0  4  0  0  0  0  0  0  0 ] (0.00000000)
[  0  4  0  0  0  0  0  0  1 ] (0.00000014)
[  0  4  0  0  0  0  0  1  0 ] (0.00000018)
[  0  4  0  0  0  0  1  0  0 ] (0.00000014)
[  0  4  0  0  0  1  0  0  0 ] (0.00000117)
[  0  4  0  0  1  0  0  0  0 ] (0.00000098)
[  0  4  0  1  0  0  0  0  0 ] (0.00000140)
[  0  4  1  0  0  0  0  0  0 ] (0.00000015)
[  0  5  0  0  0  0  0  0  0 ] (0.00000001)
[  1  0  0  0  0  0  0  0  0 ] (0.00000005)
[  1  0  0  0  0  0  0  0  1 ] (0.00001381)
[  1  0  0  0  0  0  0  0  2 ] (0.00000024)
[  1  0  0  0  0  0  0  0  3 ] (0.00048136)
[  1  0  0  0  0  0  0  0  4 ] (0.00000015)
[  1  0  0  0  0  0  0  1  0 ] (0.00000069)
[  1  0  0  0  0  0  0  1  1 ] (0.00001173)
[  1  0  0  0  0  0  0  1  2 ] (0.00056564)
[  1  0  0  0  0  0  0  1  3 ] (0.00000367)
[  1  0  0  0  0  0  0  2  0 ] (0.00000606)
[  1  0  0  0  0  0  0  2  1 ] (0.00002023)
[  1  0  0  0  0  0  0  2  2 ] (0.00000115)
[  1  0  0  0  0  0  0  3  0 ] (0.00014327)
[  1  0  0  0  0  0  0  3  1 ] (0.00007856)
[  1  0  0  0  0  0  0  4  0 ] (0.00037869)
[  1  0  0  0  0  0  1  0  0 ] (0.00000001)
[  1  0  0  0  0  0  1  0  1 ] (0.00002886)
[  1  0  0  0  0  0  1  0  2 ] (0.00001538)
[  1  0  0  0  0  0  1  0  3 ] (0.00000137)
[  1  0  0  0  0  0  1  1  0 ] (0.00000247)
[  1  0  0  0  0  0  1  1  1 ] (0.00313452)
[  1  0  0  0  0  0  1  1  2 ] (0.00040111)
[  1  0  0  0  0  0  1  2  0 ] (0.00000634)
[  1  0  0  0  0  0  1  2  1 ] (0.00000970)
[  1  0  0  0  0  0  1  3  0 ] (0.00057195)
[  1  0  0  0  0  0  2  0  0 ] (0.00001265)
[  1  0  0  0  0  0  2  0  1 ] (0.00000470)
[  1  0  0  0  0  0  2  0  2 ] (0.00004591)
[  1  0  0  0  0  0  2  1  0 ] (0.00085878)
[  1  0  0  0  0  0  2  1  1 ] (0.00050343)
[  1  0  0  0  0  0  2  2  0 ] (0.00000268)
[  1  0  0  0  0  0  3  0  0 ] (0.00003755)
[  1  0  0  0  0  0  3  0  1 ] (0.00042313)
[  1  0  0  0  0  0  3  1  0 ] (0.00010185)
[  1  0  0  0  0  0  4  0  0 ] (0.00010461)
[  1  0  0  0  0  1  0  0  0 ] (0.00000364)
[  1  0  0  0  0  1  0  0  1 ] (0.00003876)
[  1  0  0  0  0  1  0  0  2 ] (0.00001743)
[  1  0  0  0  0  1  0  0  3 ] (0.00000826)
[  1  0  0  0  0  1  0  1  0 ] (0.00000597)
[  1  0  0  0  0  1  0  1  1 ] (0.00075490)
[  1  0  0  0  0  1  0  1  2 ] (0.00009337)
[  1  0  0  0  0  1  0  2  0 ] (0.00000231)
[  1  0  0  0  0  1  0  2  1 ] (0.00002758)
[  1  0  0  0  0  1  0  3  0 ] (0.00526902)
[  1  0  0  0  0  1  1  0  0 ] (0.00001113)
[  1  0  0  0  0  1  1  0  1 ] (0.00004865)
[  1  0  0  0  0  1  1  0  2 ] (0.00005310)
[  1  0  0  0  0  1  1  1  0 ] (0.00057898)
[  1  0  0  0  0  1  1  1  1 ] (0.00029305)
[  1  0  0  0  0  1  1  2  0 ] (0.00001765)
[  1  0  0  0  0  1  2  0  0 ] (0.00001652)
[  1  0  0  0  0  1  2  0  1 ] (0.00013857)
[  1  0  0  0  0  1  2  1  0 ] (0.00748157)
[  1  0  0  0  0  1  3  0  0 ] (0.00018367)
[  1  0  0  0  0  2  0  0  0 ] (0.00000032)
[  1  0  0  0  0  2  0  0  1 ] (0.00000112)
[  1  0  0  0  0  2  0  0  2 ] (0.00009014)
[  1  0  0  0  0  2  0  1  0 ] (0.00001074)
[  1  0  0  0  0  2  0  1  1 ] (0.00058394)
[  1  0  0  0  0  2  0  2  0 ] (0.00001405)
[  1  0  0  0  0  2  1  0  0 ] (0.00028186)
[  1  0  0  0  0  2  1  0  1 ] (0.00397263)
[  1  0  0  0  0  2  1  1  0 ] (0.00000664)
[  1  0  0  0  0  2  2  0  0 ] (0.00000193)
[  1  0  0  0  0  3  0  0  0 ] (0.00001305)
[  1  0  0  0  0  3  0  0  1 ] (0.00016614)
[  1  0  0  0  0  3  0  1  0 ] (0.00012706)
[  1  0  0  0  0  3  1  0  0 ] (0.00002749)
[  1  0  0  0  0  4  0  0  0 ] (0.00001192)
[  1  0  0  0  1  0  0  0  0 ] (0.00000133)
[  1  0  0  0  1  0  0  0  1 ] (0.00022400)
[  1  0  0  0  1  0  0  0  2 ] (0.00005389)
[  1  0  0  0  1  0  0  0  3 ] (0.00022403)
[  1  0  0  0  1  0  0  1  0 ] (0.00000657)
[  1  0  0  0  1  0  0  1  1 ] (0.00019682)
[  1  0  0  0  1  0  0  1  2 ] (0.00004651)
[  1  0  0  0  1  0  0  2  0 ] (0.00027617)
[  1  0  0  0  1  0  0  2  1 ] (0.00000509)
[  1  0  0  0  1  0  0  3  0 ] (0.04964319)
[  1  0  0  0  1  0  1  0  0 ] (0.00044133)
[  1  0  0  0  1  0  1  0  1 ] (0.00024073)
[  1  0  0  0  1  0  1  0  2 ] (0.00040115)
[  1  0  0  0  1  0  1  1  0 ] (0.00019198)
[  1  0  0  0  1  0  1  1  1 ] (0.00003980)
[  1  0  0  0  1  0  1  2  0 ] (0.00026654)
[  1  0  0  0  1  0  2  0  0 ] (0.00004054)
[  1  0  0  0  1  0  2  0  1 ] (0.00000002)
[  1  0  0  0  1  0  2  1  0 ] (0.00031842)
[  1  0  0  0  1  0  3  0  0 ] (0.00002190)
[  1  0  0  0  1  1  0  0  0 ] (0.00000589)
[  1  0  0  0  1  1  0  0  1 ] (0.00000538)
[  1  0  0  0  1  1  0  0  2 ] (0.00010889)
[  1  0  0  0  1  1  0  1  0 ] (0.00005316)
[  1  0  0  0  1  1  0  1  1 ] (0.00111006)
[  1  0  0  0  1  1  0  2  0 ] (0.00005277)
[  1  0  0  0  1  1  1  0  0 ] (0.00001854)
[  1  0  0  0  1  1  1  0  1 ] (0.00037423)
[  1  0  0  0  1  1  1  1  0 ] (0.00035095)
[  1  0  0  0  1  1  2  0  0 ] (0.00001268)
[  1  0  0  0  1  2  0  0  0 ] (0.00000524)
[  1  0  0  0  1  2  0  0  1 ] (0.00000938)
[  1  0  0  0  1  2  0  1  0 ] (0.00003469)
[  1  0  0  0  1  2  1  0  0 ] (0.00000253)
[  1  0  0  0  1  3  0  0  0 ] (0.00000377)
[  1  0  0  0  2  0  0  0  0 ] (0.00000174)
[  1  0  0  0  2  0  0  0  1 ] (0.00002908)
[  1  0  0  0  2  0  0  0  2 ] (0.00001500)
[  1  0  0  0  2  0  0  1  0 ] (0.00007531)
[  1  0  0  0  2  0  0  1  1 ] (0.00189258)
[  1  0  0  0  2  0  0  2  0 ] (0.00012638)
[  1  0  0  0  2  0  1  0  0 ] (0.00003637)
[  1  0  0  0  2  0  1  0  1 ] (0.00056866)
[  1  0  0  0  2  0  1  1  0 ] (0.01600340)
[  1  0  0  0  2  0  2  0  0 ] (0.00000183)
[  1  0  0  0  2  1  0  0  0 ] (0.00000262)
[  1  0  0  0  2  1  0  0  1 ] (0.00004814)
[  1  0  0  0  2  1  0  1  0 ] (0.00001169)
[  1  0  0  0  2  1  1  0  0 ] (0.00000360)
[  1  0  0  0  2  2  0  0  0 ] (0.00000037)
[  1  0  0  0  3  0  0  0  0 ] (0.00000079)
[  1  0  0  0  3  0  0  0  1 ] (0.00000705)
[  1  0  0  0  3  0  0  1  0 ] (0.00013714)
[  1  0  0  0  3  0  1  0  0 ] (0.00000292)
[  1  0  0  0  3  1  0  0  0 ] (0.00000056)
[  1  0  0  0  4  0  0  0  0 ] (0.00005024)
[  1  0  0  1  0  0  0  0  0 ] (0.00000453)
[  1  0  0  1  0  0  0  0  1 ] (0.00002205)
[  1  0  0  1  0  0  0  0  2 ] (0.00016899)
[  1  0  0  1  0  0  0  0  3 ] (0.00059924)
[  1  0  0  1  0  0  0  1  0 ] (0.00000245)
[  1  0  0  1  0  0  0  1  1 ] (0.00005268)
[  1  0  0  1  0  0  0  1  2 ] (0.00000809)
[  1  0  0  1  0  0  0  2  0 ] (0.00001643)
[  1  0  0  1  0  0  0  2  1 ] (0.00000774)
[  1  0  0  1  0  0  0  3  0 ] (0.00005596)
[  1  0  0  1  0  0  1  0  0 ] (0.00000001)
[  1  0  0  1  0  0  1  0  1 ] (0.00005943)
[  1  0  0  1  0  0  1  0  2 ] (0.00009605)
[  1  0  0  1  0  0  1  1  0 ] (0.00000068)
[  1  0  0  1  0  0  1  1  1 ] (0.00002737)
[  1  0  0  1  0  0  1  2  0 ] (0.00005894)
[  1  0  0  1  0  0  2  0  0 ] (0.00009979)
[  1  0  0  1  0  0  2  0  1 ] (0.00070752)
[  1  0  0  1  0  0  2  1  0 ] (0.00063577)
[  1  0  0  1  0  0  3  0  0 ] (0.00016059)
[  1  0  0  1  0  1  0  0  0 ] (0.00000013)
[  1  0  0  1  0  1  0  0  1 ] (0.00003161)
[  1  0  0  1  0  1  0  0  2 ] (0.00018854)
[  1  0  0  1  0  1  0  1  0 ] (0.00003661)
[  1  0  0  1  0  1  0  1  1 ] (0.00001535)
[  1  0  0  1  0  1  0  2  0 ] (0.00052198)
[  1  0  0  1  0  1  1  0  0 ] (0.00002184)
[  1  0  0  1  0  1  1  0  1 ] (0.00018327)
[  1  0  0  1  0  1  1  1  0 ] (0.00206303)
[  1  0  0  1  0  1  2  0  0 ] (0.00000682)
[  1  0  0  1  0  2  0  0  0 ] (0.00000707)
[  1  0  0  1  0  2  0  0  1 ] (0.00002099)
[  1  0  0  1  0  2  0  1  0 ] (0.00001749)
[  1  0  0  1  0  2  1  0  0 ] (0.00001551)
[  1  0  0  1  0  3  0  0  0 ] (0.00000211)
[  1  0  0  1  1  0  0  0  0 ] (0.00000033)
[  1  0  0  1  1  0  0  0  1 ] (0.00000622)
[  1  0  0  1  1  0  0  0  2 ] (0.00001164)
[  1  0  0  1  1  0  0  1  0 ] (0.00003400)
[  1  0  0  1  1  0  0  1  1 ] (0.00095161)
[  1  0  0  1  1  0  0  2  0 ] (0.00000019)
[  1  0  0  1  1  0  1  0  0 ] (0.00000115)
[  1  0  0  1  1  0  1  0  1 ] (0.00094502)
[  1  0  0  1  1  0  1  1  0 ] (0.00000120)
[  1  0  0  1  1  0  2  0  0 ] (0.00002066)
[  1  0  0  1  1  1  0  0  0 ] (0.00000925)
[  1  0  0  1  1  1  0  0  1 ] (0.00004020)
[  1  0  0  1  1  1  0  1  0 ] (0.00001181)
[  1  0  0  1  1  1  1  0  0 ] (0.00000185)
[  1  0  0  1  1  2  0  0  0 ] (0.00000011)
[  1  0  0  1  2  0  0  0  0 ] (0.00003369)
[  1  0  0  1  2  0  0  0  1 ] (0.00008376)
[  1  0  0  1  2  0  0  1  0 ] (0.00001633)
[  1  0  0  1  2  0  1  0  0 ] (0.00020577)
[  1  0  0  1  2  1  0  0  0 ] (0.00000000)
[  1  0  0  1  3  0  0  0  0 ] (0.00000567)
[  1  0  0  2  0  0  0  0  0 ] (0.00000090)
[  1  0  0  2  0  0  0  0  1 ] (0.00000000)
[  1  0  0  2  0  0  0  0  2 ] (0.00000051)
[  1  0  0  2  0  0  0  1  0 ] (0.00011778)
[  1  0  0  2  0  0  0  1  1 ] (0.00083455)
[  1  0  0  2  0  0  0  2  0 ] (0.00000102)
[  1  0  0  2  0  0  1  0  0 ] (0.00000279)
[  1  0  0  2  0  0  1  0  1 ] (0.00000000)
[  1  0  0  2  0  0  1  1  0 ] (0.00072164)
[  1  0  0  2  0  0  2  0  0 ] (0.00000031)
[  1  0  0  2  0  1  0  0  0 ] (0.00000135)
[  1  0  0  2  0  1  0  0  1 ] (0.00000123)
[  1  0  0  2  0  1  0  1  0 ] (0.00003678)
[  1  0  0  2  0  1  1  0  0 ] (0.00001574)
[  1  0  0  2  0  2  0  0  0 ] (0.00000146)
[  1  0  0  2  1  0  0  0  0 ] (0.00000092)
[  1  0  0  2  1  0  0  0  1 ] (0.00001135)
[  1  0  0  2  1  0  0  1  0 ] (0.00002188)
[  1  0  0  2  1  0  1  0  0 ] (0.00000045)
[  1  0  0  2  1  1  0  0  0 ] (0.00000015)
[  1  0  0  2  2  0  0  0  0 ] (0.00000039)
[  1  0  0  3  0  0  0  0  0 ] (0.00000056)
[  1  0  0  3  0  0  0  0  1 ] (0.00000208)
[  1  0  0  3  0  0  0  1  0 ] (0.00000205)
[  1  0  0  3  0  0  1  0  0 ] (0.00000858)
[  1  0  0  3  0  1  0  0  0 ] (0.00000007)
[  1  0  0  3  1  0  0  0  0 ] (0.00000657)
[  1  0  0  4  0  0  0  0  0 ] (0.00000153)
[  1  0  1  0  0  0  0  0  0 ] (0.00000751)
[  1  0  1  0  0  0  0  0  1 ] (0.00000917)
[  1  0  1  0  0  0  0  0  2 ] (0.00000137)
[  1  0  1  0  0  0  0  0  3 ] (0.00410020)
[  1  0  1  0  0  0  0  1  0 ] (0.00018049)
[  1  0  1  0  0  0  0  1  1 ] (0.00025653)
[  1  0  1  0  0  0  0  1  2 ] (0.00110109)
[  1  0  1  0  0  0  0  2  0 ] (0.00000202)
[  1  0  1  0  0  0  0  2  1 ] (0.00033979)
[  1  0  1  0  0  0  0  3  0 ] (0.00079131)
[  1  0  1  0  0  0  1  0  0 ] (0.00013810)
[  1  0  1  0  0  0  1  0  1 ] (0.00027766)
[  1  0  1  0  0  0  1  0  2 ] (0.00726460)
[  1  0  1  0  0  0  1  1  0 ] (0.00099243)
[  1  0  1  0  0  0  1  1  1 ] (0.00015104)
[  1  0  1  0  0  0  1  2  0 ] (0.00003511)
[  1  0  1  0  0  0  2  0  0 ] (0.00083682)
[  1  0  1  0  0  0  2  0  1 ] (0.01378329)
[  1  0  1  0  0  0  2  1  0 ] (0.09469627)
[  1  0  1  0  0  0  3  0  0 ] (0.00009410)
[  1  0  1  0  0  1  0  0  0 ] (0.00000168)
[  1  0  1  0  0  1  0  0  1 ] (0.00000114)
[  1  0  1  0  0  1  0  0  2 ] (0.00011068)
[  1  0  1  0  0  1  0  1  0 ] (0.00002302)
[  1  0  1  0  0  1  0  1  1 ] (0.00142311)
[  1  0  1  0  0  1  0  2  0 ] (0.00023965)
[  1  0  1  0  0  1  1  0  0 ] (0.00063458)
[  1  0  1  0  0  1  1  0  1 ] (0.01940249)
[  1  0  1  0  0  1  1  1  0 ] (0.00308263)
[  1  0  1  0  0  1  2  0  0 ] (0.00014925)
[  1  0  1  0  0  2  0  0  0 ] (0.00000309)
[  1  0  1  0  0  2  0  0  1 ] (0.00000008)
[  1  0  1  0  0  2  0  1  0 ] (0.00002257)
[  1  0  1  0  0  2  1  0  0 ] (0.00000162)
[  1  0  1  0  0  3  0  0  0 ] (0.00000195)
[  1  0  1  0  1  0  0  0  0 ] (0.00000213)
[  1  0  1  0  1  0  0  0  1 ] (0.00000907)
[  1  0  1  0  1  0  0  0  2 ] (0.00025167)
[  1  0  1  0  1  0  0  1  0 ] (0.00012798)
[  1  0  1  0  1  0  0  1  1 ] (0.00146951)
[  1  0  1  0  1  0  0  2  0 ] (0.00012793)
[  1  0  1  0  1  0  1  0  0 ] (0.00029804)
[  1  0  1  0  1  0  1  0  1 ] (0.01191775)
[  1  0  1  0  1  0  1  1  0 ] (0.01264689)
[  1  0  1  0  1  0  2  0  0 ] (0.00067526)
[  1  0  1  0  1  1  0  0  0 ] (0.00000055)
[  1  0  1  0  1  1  0  0  1 ] (0.00000101)
[  1  0  1  0  1  1  0  1  0 ] (0.00017015)
[  1  0  1  0  1  1  1  0  0 ] (0.00016321)
[  1  0  1  0  1  2  0  0  0 ] (0.00000256)
[  1  0  1  0  2  0  0  0  0 ] (0.00002039)
[  1  0  1  0  2  0  0  0  1 ] (0.00000863)
[  1  0  1  0  2  0  0  1  0 ] (0.00003738)
[  1  0  1  0  2  0  1  0  0 ] (0.00000095)
[  1  0  1  0  2  1  0  0  0 ] (0.00000806)
[  1  0  1  0  3  0  0  0  0 ] (0.00002836)
[  1  0  1  1  0  0  0  0  0 ] (0.00000185)
[  1  0  1  1  0  0  0  0  1 ] (0.00001732)
[  1  0  1  1  0  0  0  0  2 ] (0.00001136)
[  1  0  1  1  0  0  0  1  0 ] (0.00000443)
[  1  0  1  1  0  0  0  1  1 ] (0.00011571)
[  1  0  1  1  0  0  0  2  0 ] (0.00000004)
[  1  0  1  1  0  0  1  0  0 ] (0.00057005)
[  1  0  1  1  0  0  1  0  1 ] (0.00395916)
[  1  0  1  1  0  0  1  1  0 ] (0.00125342)
[  1  0  1  1  0  0  2  0  0 ] (0.00001341)
[  1  0  1  1  0  1  0  0  0 ] (0.00003288)
[  1  0  1  1  0  1  0  0  1 ] (0.00002529)
[  1  0  1  1  0  1  0  1  0 ] (0.00005455)
[  1  0  1  1  0  1  1  0  0 ] (0.00011288)
[  1  0  1  1  0  2  0  0  0 ] (0.00000016)
[  1  0  1  1  1  0  0  0  0 ] (0.00000208)
[  1  0  1  1  1  0  0  0  1 ] (0.00007059)
[  1  0  1  1  1  0  0  1  0 ] (0.00023632)
[  1  0  1  1  1  0  1  0  0 ] (0.00001030)
[  1  0  1  1  1  1  0  0  0 ] (0.00000068)
[  1  0  1  1  2  0  0  0  0 ] (0.00000749)
[  1  0  1  2  0  0  0  0  0 ] (0.00000006)
[  1  0  1  2  0  0  0  0  1 ] (0.00000270)
[  1  0  1  2  0  0  0  1  0 ] (0.00000525)
[  1  0  1  2  0  0  1  0  0 ] (0.00000049)
[  1  0  1  2  0  1  0  0  0 ] (0.00000049)
[  1  0  1  2  1  0  0  0  0 ] (0.00000061)
[  1  0  1  3  0  0  0  0  0 ] (0.00000057)
[  1  0  2  0  0  0  0  0  0 ] (0.00000179)
[  1  0  2  0  0  0  0  0  1 ] (0.00001817)
[  1  0  2  0  0  0  0  0  2 ] (0.00000035)
[  1  0  2  0  0  0  0  1  0 ] (0.00000135)
[  1  0  2  0  0  0  0  1  1 ] (0.00001933)
[  1  0  2  0  0  0  0  2  0 ] (0.00000333)
[  1  0  2  0  0  0  1  0  0 ] (0.00001661)
[  1  0  2  0  0  0  1  0  1 ] (0.00016023)
[  1  0  2  0  0  0  1  1  0 ] (0.00072133)
[  1  0  2  0  0  0  2  0  0 ] (0.00000883)
[  1  0  2  0  0  1  0  0  0 ] (0.00000373)
[  1  0  2  0  0  1  0  0  1 ] (0.00002084)
[  1  0  2  0  0  1  0  1  0 ] (0.00000471)
[  1  0  2  0  0  1  1  0  0 ] (0.00000075)
[  1  0  2  0  0  2  0  0  0 ] (0.00000018)
[  1  0  2  0  1  0  0  0  0 ] (0.00000252)
[  1  0  2  0  1  0  0  0  1 ] (0.00001686)
[  1  0  2  0  1  0  0  1  0 ] (0.00000659)
[  1  0  2  0  1  0  1  0  0 ] (0.00000063)
[  1  0  2  0  1  1  0  0  0 ] (0.00000052)
[  1  0  2  0  2  0  0  0  0 ] (0.00000005)
[  1  0  2  1  0  0  0  0  0 ] (0.00000091)
[  1  0  2  1  0  0  0  0  1 ] (0.00000668)
[  1  0  2  1  0  0  0  1  0 ] (0.00000330)
[  1  0  2  1  0  0  1  0  0 ] (0.00000291)
[  1  0  2  1  0  1  0  0  0 ] (0.00000000)
[  1  0  2  1  1  0  0  0  0 ] (0.00000214)
[  1  0  2  2  0  0  0  0  0 ] (0.00000005)
[  1  0  3  0  0  0  0  0  0 ] (0.00000009)
[  1  0  3  0  0  0  0  0  1 ] (0.00000707)
[  1  0  3  0  0  0  0  1  0 ] (0.00002293)
[  1  0  3  0  0  0  1  0  0 ] (0.00000462)
[  1  0  3  0  0  1  0  0  0 ] (0.00000991)
[  1  0  3  0  1  0  0  0  0 ] (0.00000890)
[  1  0  3  1  0  0  0  0  0 ] (0.00000165)
[  1  0  4  0  0  0  0  0  0 ] (0.00000125)
[  1  1  0  0  0  0  0  0  0 ] (0.00000072)
[  1  1  0  0  0  0  0  0  1 ] (0.00000135)
[  1  1  0  0  0  0  0  0  2 ] (0.00000274)
[  1  1  0  0  0  0  0  0  3 ] (0.00138968)
[  1  1  0  0  0  0  0  1  0 ] (0.00000013)
[  1  1  0  0  0  0  0  1  1 ] (0.00010282)
[  1  1  0  0  0  0  0  1  2 ] (0.00000003)
[  1  1  0  0  0  0  0  2  0 ] (0.00000000)
[  1  1  0  0  0  0  0  2  1 ] (0.00006522)
[  1  1  0  0  0  0  0  3  0 ] (0.00000058)
[  1  1  0  0  0  0  1  0  0 ] (0.00001362)
[  1  1  0  0  0  0  1  0  1 ] (0.00005170)
[  1  1  0  0  0  0  1  0  2 ] (0.00000046)
[  1  1  0  0  0  0  1  1  0 ] (0.00025786)
[  1  1  0  0  0  0  1  1  1 ] (0.00000335)
[  1  1  0  0  0  0  1  2  0 ] (0.00077642)
[  1  1  0  0  0  0  2  0  0 ] (0.00034403)
[  1  1  0  0  0  0  2  0  1 ] (0.00163622)
[  1  1  0  0  0  0  2  1  0 ] (0.00088934)
[  1  1  0  0  0  0  3  0  0 ] (0.00005407)
[  1  1  0  0  0  1  0  0  0 ] (0.00001619)
[  1  1  0  0  0  1  0  0  1 ] (0.00000517)
[  1  1  0  0  0  1  0  0  2 ] (0.00022469)
[  1  1  0  0  0  1  0  1  0 ] (0.00000446)
[  1  1  0  0  0  1  0  1  1 ] (0.00228171)
[  1  1  0  0  0  1  0  2  0 ] (0.00046386)
[  1  1  0  0  0  1  1  0  0 ] (0.00046393)
[  1  1  0  0  0  1  1  0  1 ] (0.00631362)
[  1  1  0  0  0  1  1  1  0 ] (0.00314743)
[  1  1  0  0  0  1  2  0  0 ] (0.00002947)
[  1  1  0  0  0  2  0  0  0 ] (0.00000253)
[  1  1  0  0  0  2  0  0  1 ] (0.00007219)
[  1  1  0  0  0  2  0  1  0 ] (0.00004820)
[  1  1  0  0  0  2  1  0  0 ] (0.00000768)
[  1  1  0  0  0  3  0  0  0 ] (0.00000024)
[  1  1  0  0  1  0  0  0  0 ] (0.00000329)
[  1  1  0  0  1  0  0  0  1 ] (0.00000007)
[  1  1  0  0  1  0  0  0  2 ] (0.00003906)
[  1  1  0  0  1  0  0  1  0 ] (0.00002225)
[  1  1  0  0  1  0  0  1  1 ] (0.01193095)
[  1  1  0  0  1  0  0  2  0 ] (0.00061930)
[  1  1  0  0  1  0  1  0  0 ] (0.00011669)
[  1  1  0  0  1  0  1  0  1 ] (0.00110621)
[  1  1  0  0  1  0  1  1  0 ] (0.00807732)
[  1  1  0  0  1  0  2  0  0 ] (0.00002696)
[  1  1  0  0  1  1  0  0  0 ] (0.00004889)
[  1  1  0  0  1  1  0  0  1 ] (0.00009467)
[  1  1  0  0  1  1  0  1  0 ] (0.00037814)
[  1  1  0  0  1  1  1  0  0 ] (0.00011523)
[  1  1  0  0  1  2  0  0  0 ] (0.00000041)
[  1  1  0  0  2  0  0  0  0 ] (0.00003416)
[  1  1  0  0  2  0  0  0  1 ] (0.00002435)
[  1  1  0  0  2  0  0  1  0 ] (0.00000719)
[  1  1  0  0  2  0  1  0  0 ] (0.00000835)
[  1  1  0  0  2  1  0  0  0 ] (0.00000795)
[  1  1  0  0  3  0  0  0  0 ] (0.00001271)
[  1  1  0  1  0  0  0  0  0 ] (0.00000247)
[  1  1  0  1  0  0  0  0  1 ] (0.00000052)
[  1  1  0  1  0  0  0  0  2 ] (0.00000793)
[  1  1  0  1  0  0  0  1  0 ] (0.00000600)
[  1  1  0  1  0  0  0  1  1 ] (0.00194078)
[  1  1  0  1  0  0  0  2  0 ] (0.00001188)
[  1  1  0  1  0  0  1  0  0 ] (0.00005417)
[  1  1  0  1  0  0  1  0  1 ] (0.00138045)
[  1  1  0  1  0  0  1  1  0 ] (0.00179719)
[  1  1  0  1  0  0  2  0  0 ] (0.00000545)
[  1  1  0  1  0  1  0  0  0 ] (0.00000003)
[  1  1  0  1  0  1  0  0  1 ] (0.00000000)
[  1  1  0  1  0  1  0  1  0 ] (0.00000007)
[  1  1  0  1  0  1  1  0  0 ] (0.00001345)
[  1  1  0  1  0  2  0  0  0 ] (0.00000023)
[  1  1  0  1  1  0  0  0  0 ] (0.00003216)
[  1  1  0  1  1  0  0  0  1 ] (0.00000589)
[  1  1  0  1  1  0  0  1  0 ] (0.00004485)
[  1  1  0  1  1  0  1  0  0 ] (0.00000911)
[  1  1  0  1  1  1  0  0  0 ] (0.00000393)
[  1  1  0  1  2  0  0  0  0 ] (0.00000086)
[  1  1  0  2  0  0  0  0  0 ] (0.00000036)
[  1  1  0  2  0  0  0  0  1 ] (0.00000868)
[  1  1  0  2  0  0  0  1  0 ] (0.00001787)
[  1  1  0  2  0  0  1  0  0 ] (0.00000019)
[  1  1  0  2  0  1  0  0  0 ] (0.00000026)
[  1  1  0  2  1  0  0  0  0 ] (0.00000018)
[  1  1  0  3  0  0  0  0  0 ] (0.00000084)
[  1  1  1  0  0  0  0  0  0 ] (0.00000543)
[  1  1  1  0  0  0  0  0  1 ] (0.00000001)
[  1  1  1  0  0  0  0  0  2 ] (0.00005983)
[  1  1  1  0  0  0  0  1  0 ] (0.00000958)
[  1  1  1  0  0  0  0  1  1 ] (0.00046961)
[  1  1  1  0  0  0  0  2  0 ] (0.00006499)
[  1  1  1  0  0  0  1  0  0 ] (0.00000002)
[  1  1  1  0  0  0  1  0  1 ] (0.00021945)
[  1  1  1  0  0  0  1  1  0 ] (0.00122797)
[  1  1  1  0  0  0  2  0  0 ] (0.00020525)
[  1  1  1  0  0  1  0  0  0 ] (0.00000512)
[  1  1  1  0  0  1  0  0  1 ] (0.00000828)
[  1  1  1  0  0  1  0  1  0 ] (0.00000963)
[  1  1  1  0  0  1  1  0  0 ] (0.00001586)
[  1  1  1  0  0  2  0  0  0 ] (0.00000097)
[  1  1  1  0  1  0  0  0  0 ] (0.00002584)
[  1  1  1  0  1  0  0  0  1 ] (0.00004466)
[  1  1  1  0  1  0  0  1  0 ] (0.00000862)
[  1  1  1  0  1  0  1  0  0 ] (0.00001663)
[  1  1  1  0  1  1  0  0  0 ] (0.00000507)
[  1  1  1  0  2  0  0  0  0 ] (0.00000014)
[  1  1  1  1  0  0  0  0  0 ] (0.00000328)
[  1  1  1  1  0  0  0  0  1 ] (0.00000905)
[  1  1  1  1  0  0  0  1  0 ] (0.00000455)
[  1  1  1  1  0  0  1  0  0 ] (0.00003866)
[  1  1  1  1  0  1  0  0  0 ] (0.00000033)
[  1  1  1  1  1  0  0  0  0 ] (0.00000224)
[  1  1  1  2  0  0  0  0  0 ] (0.00000001)
[  1  1  2  0  0  0  0  0  0 ] (0.00000007)
[  1  1  2  0  0  0  0  0  1 ] (0.00000228)
[  1  1  2  0  0  0  0  1  0 ] (0.00000987)
[  1  1  2  0  0  0  1  0  0 ] (0.00000399)
[  1  1  2  0  0  1  0  0  0 ] (0.00000033)
[  1  1  2  0  1  0  0  0  0 ] (0.00000008)
[  1  1  2  1  0  0  0  0  0 ] (0.00000031)
[  1  1  3  0  0  0  0  0  0 ] (0.00000014)
[  1  2  0  0  0  0  0  0  0 ] (0.00000059)
[  1  2  0  0  0  0  0  0  1 ] (0.00000269)
[  1  2  0  0  0  0  0  0  2 ] (0.00000075)
[  1  2  0  0  0  0  0  1  0 ] (0.00002091)
[  1  2  0  0  0  0  0  1  1 ] (0.00019070)
[  1  2  0  0  0  0  0  2  0 ] (0.00000034)
[  1  2  0  0  0  0  1  0  0 ] (0.00000636)
[  1  2  0  0  0  0  1  0  1 ] (0.00000010)
[  1  2  0  0  0  0  1  1  0 ] (0.00047131)
[  1  2  0  0  0  0  2  0  0 ] (0.00000281)
[  1  2  0  0  0  1  0  0  0 ] (0.00000108)
[  1  2  0  0  0  1  0  0  1 ] (0.00000083)
[  1  2  0  0  0  1  0  1  0 ] (0.00001237)
[  1  2  0  0  0  1  1  0  0 ] (0.00000241)
[  1  2  0  0  0  2  0  0  0 ] (0.00000037)
[  1  2  0  0  1  0  0  0  0 ] (0.00000769)
[  1  2  0  0  1  0  0  0  1 ] (0.00001557)
[  1  2  0  0  1  0  0  1  0 ] (0.00000045)
[  1  2  0  0  1  0  1  0  0 ] (0.00000369)
[  1  2  0  0  1  1  0  0  0 ] (0.00000200)
[  1  2  0  0  2  0  0  0  0 ] (0.00000006)
[  1  2  0  1  0  0  0  0  0 ] (0.00000098)
[  1  2  0  1  0  0  0  0  1 ] (0.00000003)
[  1  2  0  1  0  0  0  1  0 ] (0.00000714)
[  1  2  0  1  0  0  1  0  0 ] (0.00000194)
[  1  2  0  1  0  1  0  0  0 ] (0.00000018)
[  1  2  0  1  1  0  0  0  0 ] (0.00000030)
[  1  2  0  2  0  0  0  0  0 ] (0.00000000)
[  1  2  1  0  0  0  0  0  0 ] (0.00000003)
[  1  2  1  0  0  0  0  0  1 ] (0.00000004)
[  1  2  1  0  0  0  0  1  0 ] (0.00002449)
[  1  2  1  0  0  0  1  0  0 ] (0.00001101)
[  1  2  1  0  0  1  0  0  0 ] (0.00000000)
[  1  2  1  0  1  0  0  0  0 ] (0.00000051)
[  1  2  1  1  0  0  0  0  0 ] (0.00000211)
[  1  2  2  0  0  0  0  0  0 ] (0.00000002)
[  1  3  0  0  0  0  0  0  0 ] (0.00000040)
[  1  3  0  0  0  0  0  0  1 ] (0.00000060)
[  1  3  0  0  0  0  0  1  0 ] (0.00000148)
[  1  3  0  0  0  0  1  0  0 ] (0.00000051)
[  1  3  0  0  0  1  0  0  0 ] (0.00000919)
[  1  3  0  0  1  0  0  0  0 ] (0.00000000)
[  1  3  0  1  0  0  0  0  0 ] (0.00000220)
[  1  3  1  0  0  0  0  0  0 ] (0.00000013)
[  1  4  0  0  0  0  0  0  0 ] (0.00000079)
[  2  0  0  0  0  0  0  0  0 ] (0.00000101)
[  2  0  0  0  0  0  0  0  1 ] (0.00000050)
[  2  0  0  0  0  0  0  0  2 ] (0.00003173)
[  2  0  0  0  0  0  0  0  3 ] (0.00009820)
[  2  0  0  0  0  0  0  1  0 ] (0.00006018)
[  2  0  0  0  0  0  0  1  1 ] (0.00000007)
[  2  0  0  0  0  0  0  1  2 ] (0.00013414)
[  2  0  0  0  0  0  0  2  0 ] (0.00000433)
[  2  0  0  0  0  0  0  2  1 ] (0.00019294)
[  2  0  0  0  0  0  0  3  0 ] (0.00040412)
[  2  0  0  0  0  0  1  0  0 ] (0.00001328)
[  2  0  0  0  0  0  1  0  1 ] (0.00001281)
[  2  0  0  0  0  0  1  0  2 ] (0.00143185)
[  2  0  0  0  0  0  1  1  0 ] (0.00002473)
[  2  0  0  0  0  0  1  1  1 ] (0.00032363)
[  2  0  0  0  0  0  1  2  0 ] (0.00026526)
[  2  0  0  0  0  0  2  0  0 ] (0.00005983)
[  2  0  0  0  0  0  2  0  1 ] (0.00046268)
[  2  0  0  0  0  0  2  1  0 ] (0.00022602)
[  2  0  0  0  0  0  3  0  0 ] (0.00000744)
[  2  0  0  0  0  1  0  0  0 ] (0.00000583)
[  2  0  0  0  0  1  0  0  1 ] (0.00000463)
[  2  0  0  0  0  1  0  0  2 ] (0.00010921)
[  2  0  0  0  0  1  0  1  0 ] (0.00003609)
[  2  0  0  0  0  1  0  1  1 ] (0.00076064)
[  2  0  0  0  0  1  0  2  0 ] (0.00008580)
[  2  0  0  0  0  1  1  0  0 ] (0.00004535)
[  2  0  0  0  0  1  1  0  1 ] (0.00070145)
[  2  0  0  0  0  1  1  1  0 ] (0.00175791)
[  2  0  0  0  0  1  2  0  0 ] (0.00000616)
[  2  0  0  0  0  2  0  0  0 ] (0.00000145)
[  2  0  0  0  0  2  0  0  1 ] (0.00000034)
[  2  0  0  0  0  2  0  1  0 ] (0.00004986)
[  2  0  0  0  0  2  1  0  0 ] (0.00000309)
[  2  0  0  0  0  3  0  0  0 ] (0.00000102)
[  2  0  0  0  1  0  0  0  0 ] (0.00001837)
[  2  0  0  0  1  0  0  0  1 ] (0.00001507)
[  2  0  0  0  1  0  0  0  2 ] (0.00000029)
[  2  0  0  0  1  0  0  1  0 ] (0.00000094)
[  2  0  0  0  1  0  0  1  1 ] (0.00037445)
[  2  0  0  0  1  0  0  2  0 ] (0.00016747)
[  2  0  0  0  1  0  1  0  0 ] (0.00010206)
[  2  0  0  0  1  0  1  0  1 ] (0.00044598)
[  2  0  0  0  1  0  1  1  0 ] (0.00000797)
[  2  0  0  0  1  0  2  0  0 ] (0.00001656)
[  2  0  0  0  1  1  0  0  0 ] (0.00000013)
[  2  0  0  0  1  1  0  0  1 ] (0.00003266)
[  2  0  0  0  1  1  0  1  0 ] (0.00000682)
[  2  0  0  0  1  1  1  0  0 ] (0.00003152)
[  2  0  0  0  1  2  0  0  0 ] (0.00000005)
[  2  0  0  0  2  0  0  0  0 ] (0.00000130)
[  2  0  0  0  2  0  0  0  1 ] (0.00000974)
[  2  0  0  0  2  0  0  1  0 ] (0.00000050)
[  2  0  0  0  2  0  1  0  0 ] (0.00000863)
[  2  0  0  0  2  1  0  0  0 ] (0.00000357)
[  2  0  0  0  3  0  0  0  0 ] (0.00000056)
[  2  0  0  1  0  0  0  0  0 ] (0.00000103)
[  2  0  0  1  0  0  0  0  1 ] (0.00002044)
[  2  0  0  1  0  0  0  0  2 ] (0.00000344)
[  2  0  0  1  0  0  0  1  0 ] (0.00010865)
[  2  0  0  1  0  0  0  1  1 ] (0.00092064)
[  2  0  0  1  0  0  0  2  0 ] (0.00005353)
[  2  0  0  1  0  0  1  0  0 ] (0.00004424)
[  2  0  0  1  0  0  1  0  1 ] (0.00031497)
[  2  0  0  1  0  0  1  1  0 ] (0.00061558)
[  2  0  0  1  0  0  2  0  0 ] (0.00000016)
[  2  0  0  1  0  1  0  0  0 ] (0.00000143)
[  2  0  0  1  0  1  0  0  1 ] (0.00002376)
[  2  0  0  1  0  1  0  1  0 ] (0.00002258)
[  2  0  0  1  0  1  1  0  0 ] (0.00003341)
[  2  0  0  1  0  2  0  0  0 ] (0.00000000)
[  2  0  0  1  1  0  0  0  0 ] (0.00000201)
[  2  0  0  1  1  0  0  0  1 ] (0.00000273)
[  2  0  0  1  1  0  0  1  0 ] (0.00001051)
[  2  0  0  1  1  0  1  0  0 ] (0.00000013)
[  2  0  0  1  1  1  0  0  0 ] (0.00000311)
[  2  0  0  1  2  0  0  0  0 ] (0.00000151)
[  2  0  0  2  0  0  0  0  0 ] (0.00000001)
[  2  0  0  2  0  0  0  0  1 ] (0.00000024)
[  2  0  0  2  0  0  0  1  0 ] (0.00000128)
[  2  0  0  2  0  0  1  0  0 ] (0.00000025)
[  2  0  0  2  0  1  0  0  0 ] (0.00000014)
[  2  0  0  2  1  0  0  0  0 ] (0.00000115)
[  2  0  0  3  0  0  0  0  0 ] (0.00000124)
[  2  0  1  0  0  0  0  0  0 ] (0.00000060)
[  2  0  1  0  0  0  0  0  1 ] (0.00000408)
[  2  0  1  0  0  0  0  0  2 ] (0.00001710)
[  2  0  1  0  0  0  0  1  0 ] (0.00000161)
[  2  0  1  0  0  0  0  1  1 ] (0.00002632)
[  2  0  1  0  0  0  0  2  0 ] (0.00000399)
[  2  0  1  0  0  0  1  0  0 ] (0.00003777)
[  2  0  1  0  0  0  1  0  1 ] (0.00000116)
[  2  0  1  0  0  0  1  1  0 ] (0.00002641)
[  2  0  1  0  0  0  2  0  0 ] (0.00001160)
[  2  0  1  0  0  1  0  0  0 ] (0.00001335)
[  2  0  1  0  0  1  0  0  1 ] (0.00005820)
[  2  0  1  0  0  1  0  1  0 ] (0.00007403)
[  2  0  1  0  0  1  1  0  0 ] (0.00000483)
[  2  0  1  0  0  2  0  0  0 ] (0.00000072)
[  2  0  1  0  1  0  0  0  0 ] (0.00001792)
[  2  0  1  0  1  0  0  0  1 ] (0.00001463)
[  2  0  1  0  1  0  0  1  0 ] (0.00019747)
[  2  0  1  0  1  0  1  0  0 ] (0.00002351)
[  2  0  1  0  1  1  0  0  0 ] (0.00000675)
[  2  0  1  0  2  0  0  0  0 ] (0.00000009)
[  2  0  1  1  0  0  0  0  0 ] (0.00000164)
[  2  0  1  1  0  0  0  0  1 ] (0.00000155)
[  2  0  1  1  0  0  0  1  0 ] (0.00000187)
[  2  0  1  1  0  0  1  0  0 ] (0.00000290)
[  2  0  1  1  0  1  0  0  0 ] (0.00000105)
[  2  0  1  1  1  0  0  0  0 ] (0.00000343)
[  2  0  1  2  0  0  0  0  0 ] (0.00000000)
[  2  0  2  0  0  0  0  0  0 ] (0.00000019)
[  2  0  2  0  0  0  0  0  1 ] (0.00000040)
[  2  0  2  0  0  0  0  1  0 ] (0.00000350)
[  2  0  2  0  0  0  1  0  0 ] (0.00000095)
[  2  0  2  0  0  1  0  0  0 ] (0.00000034)
[  2  0  2  0  1  0  0  0  0 ] (0.00000014)
[  2  0  2  1  0  0  0  0  0 ] (0.00000001)
[  2  0  3  0  0  0  0  0  0 ] (0.00000016)
[  2  1  0  0  0  0  0  0  0 ] (0.00000151)
[  2  1  0  0  0  0  0  0  1 ] (0.00000000)
[  2  1  0  0  0  0  0  0  2 ] (0.00009693)
[  2  1  0  0  0  0  0  1  0 ] (0.00008709)
[  2  1  0  0  0  0  0  1  1 ] (0.00150792)
[  2  1  0  0  0  0  0  2  0 ] (0.00001142)
[  2  1  0  0  0  0  1  0  0 ] (0.00000129)
[  2  1  0  0  0  0  1  0  1 ] (0.00005098)
[  2  1  0  0  0  0  1  1  0 ] (0.00003673)
[  2  1  0  0  0  0  2  0  0 ] (0.00000714)
[  2  1  0  0  0  1  0  0  0 ] (0.00000597)
[  2  1  0  0  0  1  0  0  1 ] (0.00000171)
[  2  1  0  0  0  1  0  1  0 ] (0.00009654)
[  2  1  0  0  0  1  1  0  0 ] (0.00000526)
[  2  1  0  0  0  2  0  0  0 ] (0.00000004)
[  2  1  0  0  1  0  0  0  0 ] (0.00000480)
[  2  1  0  0  1  0  0  0  1 ] (0.00001481)
[  2  1  0  0  1  0  0  1  0 ] (0.00052286)
[  2  1  0  0  1  0  1  0  0 ] (0.00000453)
[  2  1  0  0  1  1  0  0  0 ] (0.00000406)
[  2  1  0  0  2  0  0  0  0 ] (0.00000622)
[  2  1  0  1  0  0  0  0  0 ] (0.00000059)
[  2  1  0  1  0  0  0  0  1 ] (0.00000670)
[  2  1  0  1  0  0  0  1  0 ] (0.00000150)
[  2  1  0  1  0  0  1  0  0 ] (0.00000619)
[  2  1  0  1  0  1  0  0  0 ] (0.00000406)
[  2  1  0  1  1  0  0  0  0 ] (0.00000085)
[  2  1  0  2  0  0  0  0  0 ] (0.00000053)
[  2  1  1  0  0  0  0  0  0 ] (0.00000031)
[  2  1  1  0  0  0  0  0  1 ] (0.00000023)
[  2  1  1  0  0  0  0  1  0 ] (0.00002472)
[  2  1  1  0  0  0  1  0  0 ] (0.00001250)
[  2  1  1  0  0  1  0  0  0 ] (0.00000162)
[  2  1  1  0  1  0  0  0  0 ] (0.00000490)
[  2  1  1  1  0  0  0  0  0 ] (0.00000109)
[  2  1  2  0  0  0  0  0  0 ] (0.00000000)
[  2  2  0  0  0  0  0  0  0 ] (0.00000078)
[  2  2  0  0  0  0  0  0  1 ] (0.00000088)
[  2  2  0  0  0  0  0  1  0 ] (0.00000803)
[  2  2  0  0  0  0  1  0  0 ] (0.00001560)
[  2  2  0  0  0  1  0  0  0 ] (0.00000014)
[  2  2  0  0  1  0  0  0  0 ] (0.00000007)
[  2  2  0  1  0  0  0  0  0 ] (0.00000016)
[  2  2  1  0  0  0  0  0  0 ] (0.00000027)
[  2  3  0  0  0  0  0  0  0 ] (0.00000013)
[  3  0  0  0  0  0  0  0  0 ] (0.00000037)
[  3  0  0  0  0  0  0  0  1 ] (0.00000066)
[  3  0  0  0  0  0  0  0  2 ] (0.00000044)
[  3  0  0  0  0  0  0  1  0 ] (0.00001740)
[  3  0  0  0  0  0  0  1  1 ] (0.00004116)
[  3  0  0  0  0  0  0  2  0 ] (0.00000000)
[  3  0  0  0  0  0  1  0  0 ] (0.00000191)
[  3  0  0  0  0  0  1  0  1 ] (0.00005242)
[  3  0  0  0  0  0  1  1  0 ] (0.00001201)
[  3  0  0  0  0  0  2  0  0 ] (0.00000090)
[  3  0  0  0  0  1  0  0  0 ] (0.00000034)
[  3  0  0  0  0  1  0  0  1 ] (0.00000003)
[  3  0  0  0  0  1  0  1  0 ] (0.00000054)
[  3  0  0  0  0  1  1  0  0 ] (0.00000042)
[  3  0  0  0  0  2  0  0  0 ] (0.00000042)
[  3  0  0  0  1  0  0  0  0 ] (0.00000238)
[  3  0  0  0  1  0  0  0  1 ] (0.00000004)
[  3  0  0  0  1  0  0  1  0 ] (0.00000057)
[  3  0  0  0  1  0  1  0  0 ] (0.00000157)
[  3  0  0  0  1  1  0  0  0 ] (0.00000021)
[  3  0  0  0  2  0  0  0  0 ] (0.00000105)
[  3  0  0  1  0  0  0  0  0 ] (0.00000001)
[  3  0  0  1  0  0  0  0  1 ] (0.00000003)
[  3  0  0  1  0  0  0  1  0 ] (0.00000180)
[  3  0  0  1  0  0  1  0  0 ] (0.00000032)
[  3  0  0  1  0  1  0  0  0 ] (0.00000085)
[  3  0  0  1  1  0  0  0  0 ] (0.00000046)
[  3  0  0  2  0  0  0  0  0 ] (0.00000008)
[  3  0  1  0  0  0  0  0  0 ] (0.00000010)
[  3  0  1  0  0  0  0  0  1 ] (0.00000030)
[  3  0  1  0  0  0  0  1  0 ] (0.00000078)
[  3  0  1  0  0  0  1  0  0 ] (0.00000158)
[  3  0  1  0  0  1  0  0  0 ] (0.00000124)
[  3  0  1  0  1  0  0  0  0 ] (0.00000145)
[  3  0  1  1  0  0  0  0  0 ] (0.00000058)
[  3  0  2  0  0  0  0  0  0 ] (0.00000005)
[  3  1  0  0  0  0  0  0  0 ] (0.00000001)
[  3  1  0  0  0  0  0  0  1 ] (0.00000066)
[  3  1  0  0  0  0  0  1  0 ] (0.00000259)
[  3  1  0  0  0  0  1  0  0 ] (0.00000587)
[  3  1  0  0  0  1  0  0  0 ] (0.00000058)
[  3  1  0  0  1  0  0  0  0 ] (0.00000030)
[  3  1  0  1  0  0  0  0  0 ] (0.00000008)
[  3  1  1  0  0  0  0  0  0 ] (0.00000001)
[  3  2  0  0  0  0  0  0  0 ] (0.00000000)
[  4  0  0  0  0  0  0  0  0 ] (0.00000133)
[  4  0  0  0  0  0  0  0  1 ] (0.00004234)
[  4  0  0  0  0  0  0  1  0 ] (0.00001341)
[  4  0  0  0  0  0  1  0  0 ] (0.00000355)
[  4  0  0  0  0  1  0  0  0 ] (0.00000221)
[  4  0  0  0  1  0  0  0  0 ] (0.00000037)
[  4  0  0  1  0  0  0  0  0 ] (0.00000091)
[  4  0  1  0  0  0  0  0  0 ] (0.00000125)
[  4  1  0  0  0  0  0  0  0 ] (0.00000076)
[  5  0  0  0  0  0  0  0  0 ] (0.00000001)
