|  -898.831865285428 |   262.059564868649 

[  0  0  0  0  0  0  0  0  0 ] (0.00000433)
[  0  0  0  0  0  0  0  0  1 ] (0.00000833)
[  0  0  0  0  0  0  0  0  2 ] (0.00005338)
[  0  0  0  0  0  0  0  0  3 ] (0.00000043)
[  0  0  0  0  0  0  0  0  4 ] (0.00005033)
[  0  0  0  0  0  0  0  0  5 ] (0.00000343)
[  0  0  0  0  0  0  0  1  0 ] (0.00000488)
[  0  0  0  0  0  0  0  1  1 ] (0.00003171)
[  0  0  0  0  0  0  0  1  2 ] (0.00000784)
[  0  0  0  0  0  0  0  1  3 ] (0.00003282)
[  0  0  0  0  0  0  0  1  4 ] (0.00000033)
[  0  0  0  0  0  0  0  2  0 ] (0.00003122)
[  0  0  0  0  0  0  0  2  1 ] (0.00007132)
[  0  0  0  0  0  0  0  2  2 ] (0.00000361)
[  0  0  0  0  0  0  0  2  3 ] (0.00000124)
[  0  0  0  0  0  0  0  3  0 ] (0.00004392)
[  0  0  0  0  0  0  0  3  1 ] (0.00004685)
[  0  0  0  0  0  0  0  3  2 ] (0.00000066)
[  0  0  0  0  0  0  0  4  0 ] (0.00193261)
[  0  0  0  0  0  0  0  4  1 ] (0.00015783)
[  0  0  0  0  0  0  0  5  0 ] (0.00000191)
[  0  0  0  0  0  0  1  0  0 ] (0.00000919)
[  0  0  0  0  0  0  1  0  1 ] (0.00000571)
[  0  0  0  0  0  0  1  0  2 ] (0.00000007)
[  0  0  0  0  0  0  1  0  3 ] (0.00000044)
[  0  0  0  0  0  0  1  0  4 ] (0.00000009)
[  0  0  0  0  0  0  1  1  0 ] (0.00014069)
[  0  0  0  0  0  0  1  1  1 ] (0.00018333)
[  0  0  0  0  0  0  1  1  2 ] (0.00004882)
[  0  0  0  0  0  0  1  1  3 ] (0.00000189)
[  0  0  0  0  0  0  1  2  0 ] (0.00003436)
[  0  0  0  0  0  0  1  2  1 ] (0.00003042)
[  0  0  0  0  0  0  1  2  2 ] (0.00000009)
[  0  0  0  0  0  0  1  3  0 ] (0.00054325)
[  0  0  0  0  0  0  1  3  1 ] (0.00000234)
[  0  0  0  0  0  0  1  4  0 ] (0.00009064)
[  0  0  0  0  0  0  2  0  0 ] (0.00000041)
[  0  0  0  0  0  0  2  0  1 ] (0.00019313)
[  0  0  0  0  0  0  2  0  2 ] (0.00111549)
[  0  0  0  0  0  0  2  0  3 ] (0.00000159)
[  0  0  0  0  0  0  2  1  0 ] (0.00017438)
[  0  0  0  0  0  0  2  1  1 ] (0.00021155)
[  0  0  0  0  0  0  2  1  2 ] (0.00003866)
[  0  0  0  0  0  0  2  2  0 ] (0.00009736)
[  0  0  0  0  0  0  2  2  1 ] (0.00006697)
[  0  0  0  0  0  0  2  3  0 ] (0.00004004)
[  0  0  0  0  0  0  3  0  0 ] (0.00009862)
[  0  0  0  0  0  0  3  0  1 ] (0.00496899)
[  0  0  0  0  0  0  3  0  2 ] (0.00041278)
[  0  0  0  0  0  0  3  1  0 ] (0.01708168)
[  0  0  0  0  0  0  3  1  1 ] (0.00170209)
[  0  0  0  0  0  0  3  2  0 ] (0.00001843)
[  0  0  0  0  0  0  4  0  0 ] (0.00021244)
[  0  0  0  0  0  0  4  0  1 ] (0.00000967)
[  0  0  0  0  0  0  4  1  0 ] (0.00030975)
[  0  0  0  0  0  0  5  0  0 ] (0.00000878)
[  0  0  0  0  0  1  0  0  0 ] (0.00000229)
[  0  0  0  0  0  1  0  0  1 ] (0.00000272)
[  0  0  0  0  0  1  0  0  2 ] (0.00000142)
[  0  0  0  0  0  1  0  0  3 ] (0.00000580)
[  0  0  0  0  0  1  0  0  4 ] (0.00000012)
[  0  0  0  0  0  1  0  1  0 ] (0.00000891)
[  0  0  0  0  0  1  0  1  1 ] (0.00006906)
[  0  0  0  0  0  1  0  1  2 ] (0.00000068)
[  0  0  0  0  0  1  0  1  3 ] (0.00003399)
[  0  0  0  0  0  1  0  2  0 ] (0.00000655)
[  0  0  0  0  0  1  0  2  1 ] (0.00007491)
[  0  0  0  0  0  1  0  2  2 ] (0.00003266)
[  0  0  0  0  0  1  0  3  0 ] (0.00096236)
[  0  0  0  0  0  1  0  3  1 ] (0.00001630)
[  0  0  0  0  0  1  0  4  0 ] (0.00006342)
[  0  0  0  0  0  1  1  0  0 ] (0.00000515)
[  0  0  0  0  0  1  1  0  1 ] (0.00057823)
[  0  0  0  0  0  1  1  0  2 ] (0.00005903)
[  0  0  0  0  0  1  1  0  3 ] (0.00000197)
[  0  0  0  0  0  1  1  1  0 ] (0.00006047)
[  0  0  0  0  0  1  1  1  1 ] (0.00001104)
[  0  0  0  0  0  1  1  1  2 ] (0.00001172)
[  0  0  0  0  0  1  1  2  0 ] (0.00008312)
[  0  0  0  0  0  1  1  2  1 ] (0.00005194)
[  0  0  0  0  0  1  1  3  0 ] (0.00002207)
[  0  0  0  0  0  1  2  0  0 ] (0.00008938)
[  0  0  0  0  0  1  2  0  1 ] (0.00060066)
[  0  0  0  0  0  1  2  0  2 ] (0.00038628)
[  0  0  0  0  0  1  2  1  0 ] (0.00018302)
[  0  0  0  0  0  1  2  1  1 ] (0.00000400)
[  0  0  0  0  0  1  2  2  0 ] (0.00001508)
[  0  0  0  0  0  1  3  0  0 ] (0.00095044)
[  0  0  0  0  0  1  3  0  1 ] (0.00010586)
[  0  0  0  0  0  1  3  1  0 ] (0.00000028)
[  0  0  0  0  0  1  4  0  0 ] (0.00003214)
[  0  0  0  0  0  2  0  0  0 ] (0.00000000)
[  0  0  0  0  0  2  0  0  1 ] (0.00000763)
[  0  0  0  0  0  2  0  0  2 ] (0.00010669)
[  0  0  0  0  0  2  0  0  3 ] (0.00000046)
[  0  0  0  0  0  2  0  1  0 ] (0.00000126)
[  0  0  0  0  0  2  0  1  1 ] (0.00000043)
[  0  0  0  0  0  2  0  1  2 ] (0.00000031)
[  0  0  0  0  0  2  0  2  0 ] (0.00000106)
[  0  0  0  0  0  2  0  2  1 ] (0.00001547)
[  0  0  0  0  0  2  0  3  0 ] (0.00075309)
[  0  0  0  0  0  2  1  0  0 ] (0.00012378)
[  0  0  0  0  0  2  1  0  1 ] (0.00270571)
[  0  0  0  0  0  2  1  0  2 ] (0.00149246)
[  0  0  0  0  0  2  1  1  0 ] (0.00002797)
[  0  0  0  0  0  2  1  1  1 ] (0.00000199)
[  0  0  0  0  0  2  1  2  0 ] (0.00029205)
[  0  0  0  0  0  2  2  0  0 ] (0.00005729)
[  0  0  0  0  0  2  2  0  1 ] (0.00000048)
[  0  0  0  0  0  2  2  1  0 ] (0.00002423)
[  0  0  0  0  0  2  3  0  0 ] (0.00557440)
[  0  0  0  0  0  3  0  0  0 ] (0.00000154)
[  0  0  0  0  0  3  0  0  1 ] (0.00006602)
[  0  0  0  0  0  3  0  0  2 ] (0.00103650)
[  0  0  0  0  0  3  0  1  0 ] (0.00002675)
[  0  0  0  0  0  3  0  1  1 ] (0.00000268)
[  0  0  0  0  0  3  0  2  0 ] (0.00079352)
[  0  0  0  0  0  3  1  0  0 ] (0.00003183)
[  0  0  0  0  0  3  1  0  1 ] (0.00015413)
[  0  0  0  0  0  3  1  1  0 ] (0.00034103)
[  0  0  0  0  0  3  2  0  0 ] (0.00232676)
[  0  0  0  0  0  4  0  0  0 ] (0.00025046)
[  0  0  0  0  0  4  0  0  1 ] (0.00000526)
[  0  0  0  0  0  4  0  1  0 ] (0.00000729)
[  0  0  0  0  0  4  1  0  0 ] (0.11312313)
[  0  0  0  0  0  5  0  0  0 ] (0.00000473)
[  0  0  0  0  1  0  0  0  0 ] (0.00000532)
[  0  0  0  0  1  0  0  0  1 ] (0.00000088)
[  0  0  0  0  1  0  0  0  2 ] (0.00000000)
[  0  0  0  0  1  0  0  0  3 ] (0.00000087)
[  0  0  0  0  1  0  0  0  4 ] (0.00000001)
[  0  0  0  0  1  0  0  1  0 ] (0.00006239)
[  0  0  0  0  1  0  0  1  1 ] (0.00023564)
[  0  0  0  0  1  0  0  1  2 ] (0.00003986)
[  0  0  0  0  1  0  0  1  3 ] (0.00000120)
[  0  0  0  0  1  0  0  2  0 ] (0.00002002)
[  0  0  0  0  1  0  0  2  1 ] (0.00021022)
[  0  0  0  0  1  0  0  2  2 ] (0.00000565)
[  0  0  0  0  1  0  0  3  0 ] (0.00011192)
[  0  0  0  0  1  0  0  3  1 ] (0.00002630)
[  0  0  0  0  1  0  0  4  0 ] (0.00013366)
[  0  0  0  0  1  0  1  0  0 ] (0.00001278)
[  0  0  0  0  1  0  1  0  1 ] (0.00049350)
[  0  0  0  0  1  0  1  0  2 ] (0.00010062)
[  0  0  0  0  1  0  1  0  3 ] (0.00004382)
[  0  0  0  0  1  0  1  1  0 ] (0.00000365)
[  0  0  0  0  1  0  1  1  1 ] (0.00004542)
[  0  0  0  0  1  0  1  1  2 ] (0.00002027)
[  0  0  0  0  1  0  1  2  0 ] (0.00002102)
[  0  0  0  0  1  0  1  2  1 ] (0.00000129)
[  0  0  0  0  1  0  1  3  0 ] (0.00007617)
[  0  0  0  0  1  0  2  0  0 ] (0.00034296)
[  0  0  0  0  1  0  2  0  1 ] (0.00238531)
[  0  0  0  0  1  0  2  0  2 ] (0.00064967)
[  0  0  0  0  1  0  2  1  0 ] (0.00019572)
[  0  0  0  0  1  0  2  1  1 ] (0.00006206)
[  0  0  0  0  1  0  2  2  0 ] (0.00003156)
[  0  0  0  0  1  0  3  0  0 ] (0.00012238)
[  0  0  0  0  1  0  3  0  1 ] (0.00006518)
[  0  0  0  0  1  0  3  1  0 ] (0.00000032)
[  0  0  0  0  1  0  4  0  0 ] (0.00025853)
[  0  0  0  0  1  1  0  0  0 ] (0.00000710)
[  0  0  0  0  1  1  0  0  1 ] (0.00002238)
[  0  0  0  0  1  1  0  0  2 ] (0.00012874)
[  0  0  0  0  1  1  0  0  3 ] (0.00000245)
[  0  0  0  0  1  1  0  1  0 ] (0.00000608)
[  0  0  0  0  1  1  0  1  1 ] (0.00007238)
[  0  0  0  0  1  1  0  1  2 ] (0.00000596)
[  0  0  0  0  1  1  0  2  0 ] (0.00001290)
[  0  0  0  0  1  1  0  2  1 ] (0.00000027)
[  0  0  0  0  1  1  0  3  0 ] (0.00000058)
[  0  0  0  0  1  1  1  0  0 ] (0.00003072)
[  0  0  0  0  1  1  1  0  1 ] (0.01263806)
[  0  0  0  0  1  1  1  0  2 ] (0.00079327)
[  0  0  0  0  1  1  1  1  0 ] (0.00067047)
[  0  0  0  0  1  1  1  1  1 ] (0.00003115)
[  0  0  0  0  1  1  1  2  0 ] (0.00000310)
[  0  0  0  0  1  1  2  0  0 ] (0.00011266)
[  0  0  0  0  1  1  2  0  1 ] (0.00013096)
[  0  0  0  0  1  1  2  1  0 ] (0.00000107)
[  0  0  0  0  1  1  3  0  0 ] (0.00005799)
[  0  0  0  0  1  2  0  0  0 ] (0.00002096)
[  0  0  0  0  1  2  0  0  1 ] (0.00003229)
[  0  0  0  0  1  2  0  0  2 ] (0.00001705)
[  0  0  0  0  1  2  0  1  0 ] (0.00000795)
[  0  0  0  0  1  2  0  1  1 ] (0.00001891)
[  0  0  0  0  1  2  0  2  0 ] (0.00002839)
[  0  0  0  0  1  2  1  0  0 ] (0.00029241)
[  0  0  0  0  1  2  1  0  1 ] (0.00030668)
[  0  0  0  0  1  2  1  1  0 ] (0.00115319)
[  0  0  0  0  1  2  2  0  0 ] (0.00033754)
[  0  0  0  0  1  3  0  0  0 ] (0.00009809)
[  0  0  0  0  1  3  0  0  1 ] (0.00015227)
[  0  0  0  0  1  3  0  1  0 ] (0.00011410)
[  0  0  0  0  1  3  1  0  0 ] (0.01770784)
[  0  0  0  0  1  4  0  0  0 ] (0.00000457)
[  0  0  0  0  2  0  0  0  0 ] (0.00000150)
[  0  0  0  0  2  0  0  0  1 ] (0.00000260)
[  0  0  0  0  2  0  0  0  2 ] (0.00004720)
[  0  0  0  0  2  0  0  0  3 ] (0.00000131)
[  0  0  0  0  2  0  0  1  0 ] (0.00000061)
[  0  0  0  0  2  0  0  1  1 ] (0.00013545)
[  0  0  0  0  2  0  0  1  2 ] (0.00001747)
[  0  0  0  0  2  0  0  2  0 ] (0.00001886)
[  0  0  0  0  2  0  0  2  1 ] (0.00001754)
[  0  0  0  0  2  0  0  3  0 ] (0.00036042)
[  0  0  0  0  2  0  1  0  0 ] (0.00002300)
[  0  0  0  0  2  0  1  0  1 ] (0.00029522)
[  0  0  0  0  2  0  1  0  2 ] (0.00004209)
[  0  0  0  0  2  0  1  1  0 ] (0.00002610)
[  0  0  0  0  2  0  1  1  1 ] (0.00001350)
[  0  0  0  0  2  0  1  2  0 ] (0.00011529)
[  0  0  0  0  2  0  2  0  0 ] (0.00011030)
[  0  0  0  0  2  0  2  0  1 ] (0.00000380)
[  0  0  0  0  2  0  2  1  0 ] (0.00000427)
[  0  0  0  0  2  0  3  0  0 ] (0.00199919)
[  0  0  0  0  2  1  0  0  0 ] (0.00000002)
[  0  0  0  0  2  1  0  0  1 ] (0.00005519)
[  0  0  0  0  2  1  0  0  2 ] (0.00059781)
[  0  0  0  0  2  1  0  1  0 ] (0.00001387)
[  0  0  0  0  2  1  0  1  1 ] (0.00010754)
[  0  0  0  0  2  1  0  2  0 ] (0.00000030)
[  0  0  0  0  2  1  1  0  0 ] (0.00003208)
[  0  0  0  0  2  1  1  0  1 ] (0.00002335)
[  0  0  0  0  2  1  1  1  0 ] (0.00000198)
[  0  0  0  0  2  1  2  0  0 ] (0.00091324)
[  0  0  0  0  2  2  0  0  0 ] (0.00004864)
[  0  0  0  0  2  2  0  0  1 ] (0.00007092)
[  0  0  0  0  2  2  0  1  0 ] (0.00005357)
[  0  0  0  0  2  2  1  0  0 ] (0.00135734)
[  0  0  0  0  2  3  0  0  0 ] (0.00001534)
[  0  0  0  0  3  0  0  0  0 ] (0.00000064)
[  0  0  0  0  3  0  0  0  1 ] (0.00000000)
[  0  0  0  0  3  0  0  0  2 ] (0.00000092)
[  0  0  0  0  3  0  0  1  0 ] (0.00001898)
[  0  0  0  0  3  0  0  1  1 ] (0.00005294)
[  0  0  0  0  3  0  0  2  0 ] (0.00013061)
[  0  0  0  0  3  0  1  0  0 ] (0.00009706)
[  0  0  0  0  3  0  1  0  1 ] (0.00000212)
[  0  0  0  0  3  0  1  1  0 ] (0.00018998)
[  0  0  0  0  3  0  2  0  0 ] (0.00043090)
[  0  0  0  0  3  1  0  0  0 ] (0.00001492)
[  0  0  0  0  3  1  0  0  1 ] (0.00000077)
[  0  0  0  0  3  1  0  1  0 ] (0.00016099)
[  0  0  0  0  3  1  1  0  0 ] (0.00099140)
[  0  0  0  0  3  2  0  0  0 ] (0.00000711)
[  0  0  0  0  4  0  0  0  0 ] (0.00000523)
[  0  0  0  0  4  0  0  0  1 ] (0.00117359)
[  0  0  0  0  4  0  0  1  0 ] (0.00175158)
[  0  0  0  0  4  0  1  0  0 ] (0.00004674)
[  0  0  0  0  4  1  0  0  0 ] (0.00004754)
[  0  0  0  0  5  0  0  0  0 ] (0.00000041)
[  0  0  0  1  0  0  0  0  0 ] (0.00000399)
[  0  0  0  1  0  0  0  0  1 ] (0.00003014)
[  0  0  0  1  0  0  0  0  2 ] (0.00006143)
[  0  0  0  1  0  0  0  0  3 ] (0.00122460)
[  0  0  0  1  0  0  0  0  4 ] (0.00000714)
[  0  0  0  1  0  0  0  1  0 ] (0.00000587)
[  0  0  0  1  0  0  0  1  1 ] (0.00000101)
[  0  0  0  1  0  0  0  1  2 ] (0.00022498)
[  0  0  0  1  0  0  0  1  3 ] (0.00000010)
[  0  0  0  1  0  0  0  2  0 ] (0.00659849)
[  0  0  0  1  0  0  0  2  1 ] (0.02654828)
[  0  0  0  1  0  0  0  2  2 ] (0.00315850)
[  0  0  0  1  0  0  0  3  0 ] (0.00106443)
[  0  0  0  1  0  0  0  3  1 ] (0.00010339)
[  0  0  0  1  0  0  0  4  0 ] (0.00001818)
[  0  0  0  1  0  0  1  0  0 ] (0.00000222)
[  0  0  0  1  0  0  1  0  1 ] (0.00000921)
[  0  0  0  1  0  0  1  0  2 ] (0.00328349)
[  0  0  0  1  0  0  1  0  3 ] (0.00001925)
[  0  0  0  1  0  0  1  1  0 ] (0.00000005)
[  0  0  0  1  0  0  1  1  1 ] (0.00000014)
[  0  0  0  1  0  0  1  1  2 ] (0.00002475)
[  0  0  0  1  0  0  1  2  0 ] (0.00605035)
[  0  0  0  1  0  0  1  2  1 ] (0.00779770)
[  0  0  0  1  0  0  1  3  0 ] (0.00050622)
[  0  0  0  1  0  0  2  0  0 ] (0.00004258)
[  0  0  0  1  0  0  2  0  1 ] (0.00002895)
[  0  0  0  1  0  0  2  0  2 ] (0.00006832)
[  0  0  0  1  0  0  2  1  0 ] (0.00001940)
[  0  0  0  1  0  0  2  1  1 ] (0.00003625)
[  0  0  0  1  0  0  2  2  0 ] (0.00294913)
[  0  0  0  1  0  0  3  0  0 ] (0.00002529)
[  0  0  0  1  0  0  3  0  1 ] (0.00013841)
[  0  0  0  1  0  0  3  1  0 ] (0.00001597)
[  0  0  0  1  0  0  4  0  0 ] (0.00107891)
[  0  0  0  1  0  1  0  0  0 ] (0.00000297)
[  0  0  0  1  0  1  0  0  1 ] (0.00000001)
[  0  0  0  1  0  1  0  0  2 ] (0.00019070)
[  0  0  0  1  0  1  0  0  3 ] (0.00005000)
[  0  0  0  1  0  1  0  1  0 ] (0.00017697)
[  0  0  0  1  0  1  0  1  1 ] (0.00007077)
[  0  0  0  1  0  1  0  1  2 ] (0.00000208)
[  0  0  0  1  0  1  0  2  0 ] (0.00006804)
[  0  0  0  1  0  1  0  2  1 ] (0.00137323)
[  0  0  0  1  0  1  0  3  0 ] (0.00046770)
[  0  0  0  1  0  1  1  0  0 ] (0.00085128)
[  0  0  0  1  0  1  1  0  1 ] (0.00222647)
[  0  0  0  1  0  1  1  0  2 ] (0.00118869)
[  0  0  0  1  0  1  1  1  0 ] (0.00032100)
[  0  0  0  1  0  1  1  1  1 ] (0.00002402)
[  0  0  0  1  0  1  1  2  0 ] (0.00015150)
[  0  0  0  1  0  1  2  0  0 ] (0.00039179)
[  0  0  0  1  0  1  2  0  1 ] (0.00000198)
[  0  0  0  1  0  1  2  1  0 ] (0.00008838)
[  0  0  0  1  0  1  3  0  0 ] (0.02096954)
[  0  0  0  1  0  2  0  0  0 ] (0.00000566)
[  0  0  0  1  0  2  0  0  1 ] (0.00013312)
[  0  0  0  1  0  2  0  0  2 ] (0.00004333)
[  0  0  0  1  0  2  0  1  0 ] (0.00011332)
[  0  0  0  1  0  2  0  1  1 ] (0.00001000)
[  0  0  0  1  0  2  0  2  0 ] (0.00439576)
[  0  0  0  1  0  2  1  0  0 ] (0.00019259)
[  0  0  0  1  0  2  1  0  1 ] (0.00054244)
[  0  0  0  1  0  2  1  1  0 ] (0.00005733)
[  0  0  0  1  0  2  2  0  0 ] (0.00063970)
[  0  0  0  1  0  3  0  0  0 ] (0.00003577)
[  0  0  0  1  0  3  0  0  1 ] (0.00122477)
[  0  0  0  1  0  3  0  1  0 ] (0.00616189)
[  0  0  0  1  0  3  1  0  0 ] (0.00704579)
[  0  0  0  1  0  4  0  0  0 ] (0.00006529)
[  0  0  0  1  1  0  0  0  0 ] (0.00001142)
[  0  0  0  1  1  0  0  0  1 ] (0.00001128)
[  0  0  0  1  1  0  0  0  2 ] (0.00000084)
[  0  0  0  1  1  0  0  0  3 ] (0.00000040)
[  0  0  0  1  1  0  0  1  0 ] (0.00010578)
[  0  0  0  1  1  0  0  1  1 ] (0.00605667)
[  0  0  0  1  1  0  0  1  2 ] (0.00028062)
[  0  0  0  1  1  0  0  2  0 ] (0.00000545)
[  0  0  0  1  1  0  0  2  1 ] (0.00000243)
[  0  0  0  1  1  0  0  3  0 ] (0.00008755)
[  0  0  0  1  1  0  1  0  0 ] (0.00000856)
[  0  0  0  1  1  0  1  0  1 ] (0.00166301)
[  0  0  0  1  1  0  1  0  2 ] (0.00015858)
[  0  0  0  1  1  0  1  1  0 ] (0.00872114)
[  0  0  0  1  1  0  1  1  1 ] (0.00033656)
[  0  0  0  1  1  0  1  2  0 ] (0.00001636)
[  0  0  0  1  1  0  2  0  0 ] (0.00052547)
[  0  0  0  1  1  0  2  0  1 ] (0.00001031)
[  0  0  0  1  1  0  2  1  0 ] (0.00066008)
[  0  0  0  1  1  0  3  0  0 ] (0.00488133)
[  0  0  0  1  1  1  0  0  0 ] (0.00000002)
[  0  0  0  1  1  1  0  0  1 ] (0.00002196)
[  0  0  0  1  1  1  0  0  2 ] (0.00005612)
[  0  0  0  1  1  1  0  1  0 ] (0.00006518)
[  0  0  0  1  1  1  0  1  1 ] (0.00121226)
[  0  0  0  1  1  1  0  2  0 ] (0.00000788)
[  0  0  0  1  1  1  1  0  0 ] (0.00045860)
[  0  0  0  1  1  1  1  0  1 ] (0.00039956)
[  0  0  0  1  1  1  1  1  0 ] (0.00004694)
[  0  0  0  1  1  1  2  0  0 ] (0.00151675)
[  0  0  0  1  1  2  0  0  0 ] (0.00012025)
[  0  0  0  1  1  2  0  0  1 ] (0.00219590)
[  0  0  0  1  1  2  0  1  0 ] (0.00009603)
[  0  0  0  1  1  2  1  0  0 ] (0.00243825)
[  0  0  0  1  1  3  0  0  0 ] (0.00021274)
[  0  0  0  1  2  0  0  0  0 ] (0.00000742)
[  0  0  0  1  2  0  0  0  1 ] (0.00002167)
[  0  0  0  1  2  0  0  0  2 ] (0.00083619)
[  0  0  0  1  2  0  0  1  0 ] (0.00093890)
[  0  0  0  1  2  0  0  1  1 ] (0.00029872)
[  0  0  0  1  2  0  0  2  0 ] (0.00157159)
[  0  0  0  1  2  0  1  0  0 ] (0.00001791)
[  0  0  0  1  2  0  1  0  1 ] (0.00056209)
[  0  0  0  1  2  0  1  1  0 ] (0.00068762)
[  0  0  0  1  2  0  2  0  0 ] (0.00018889)
[  0  0  0  1  2  1  0  0  0 ] (0.00007649)
[  0  0  0  1  2  1  0  0  1 ] (0.00044987)
[  0  0  0  1  2  1  0  1  0 ] (0.01418901)
[  0  0  0  1  2  1  1  0  0 ] (0.00083292)
[  0  0  0  1  2  2  0  0  0 ] (0.00003578)
[  0  0  0  1  3  0  0  0  0 ] (0.00000001)
[  0  0  0  1  3  0  0  0  1 ] (0.00005573)
[  0  0  0  1  3  0  0  1  0 ] (0.00000010)
[  0  0  0  1  3  0  1  0  0 ] (0.00004211)
[  0  0  0  1  3  1  0  0  0 ] (0.00002674)
[  0  0  0  1  4  0  0  0  0 ] (0.00000247)
[  0  0  0  2  0  0  0  0  0 ] (0.00000060)
[  0  0  0  2  0  0  0  0  1 ] (0.00030198)
[  0  0  0  2  0  0  0  0  2 ] (0.00015147)
[  0  0  0  2  0  0  0  0  3 ] (0.00001130)
[  0  0  0  2  0  0  0  1  0 ] (0.00000029)
[  0  0  0  2  0  0  0  1  1 ] (0.00009080)
[  0  0  0  2  0  0  0  1  2 ] (0.00005123)
[  0  0  0  2  0  0  0  2  0 ] (0.00115410)
[  0  0  0  2  0  0  0  2  1 ] (0.00002594)
[  0  0  0  2  0  0  0  3  0 ] (0.07982573)
[  0  0  0  2  0  0  1  0  0 ] (0.00043614)
[  0  0  0  2  0  0  1  0  1 ] (0.00053080)
[  0  0  0  2  0  0  1  0  2 ] (0.00043586)
[  0  0  0  2  0  0  1  1  0 ] (0.00002516)
[  0  0  0  2  0  0  1  1  1 ] (0.00004716)
[  0  0  0  2  0  0  1  2  0 ] (0.00007507)
[  0  0  0  2  0  0  2  0  0 ] (0.00002425)
[  0  0  0  2  0  0  2  0  1 ] (0.00040774)
[  0  0  0  2  0  0  2  1  0 ] (0.00023143)
[  0  0  0  2  0  0  3  0  0 ] (0.00003527)
[  0  0  0  2  0  1  0  0  0 ] (0.00000002)
[  0  0  0  2  0  1  0  0  1 ] (0.00000324)
[  0  0  0  2  0  1  0  0  2 ] (0.00002495)
[  0  0  0  2  0  1  0  1  0 ] (0.00000685)
[  0  0  0  2  0  1  0  1  1 ] (0.00001567)
[  0  0  0  2  0  1  0  2  0 ] (0.00784265)
[  0  0  0  2  0  1  1  0  0 ] (0.00001335)
[  0  0  0  2  0  1  1  0  1 ] (0.00013436)
[  0  0  0  2  0  1  1  1  0 ] (0.00000428)
[  0  0  0  2  0  1  2  0  0 ] (0.00012150)
[  0  0  0  2  0  2  0  0  0 ] (0.00000689)
[  0  0  0  2  0  2  0  0  1 ] (0.00004501)
[  0  0  0  2  0  2  0  1  0 ] (0.00000879)
[  0  0  0  2  0  2  1  0  0 ] (0.00073953)
[  0  0  0  2  0  3  0  0  0 ] (0.00000175)
[  0  0  0  2  1  0  0  0  0 ] (0.00003543)
[  0  0  0  2  1  0  0  0  1 ] (0.00000293)
[  0  0  0  2  1  0  0  0  2 ] (0.00002282)
[  0  0  0  2  1  0  0  1  0 ] (0.00171312)
[  0  0  0  2  1  0  0  1  1 ] (0.00018871)
[  0  0  0  2  1  0  0  2  0 ] (0.00087410)
[  0  0  0  2  1  0  1  0  0 ] (0.00016302)
[  0  0  0  2  1  0  1  0  1 ] (0.00035112)
[  0  0  0  2  1  0  1  1  0 ] (0.00029559)
[  0  0  0  2  1  0  2  0  0 ] (0.00014230)
[  0  0  0  2  1  1  0  0  0 ] (0.00011889)
[  0  0  0  2  1  1  0  0  1 ] (0.00000906)
[  0  0  0  2  1  1  0  1  0 ] (0.01052600)
[  0  0  0  2  1  1  1  0  0 ] (0.00122419)
[  0  0  0  2  1  2  0  0  0 ] (0.00007699)
[  0  0  0  2  2  0  0  0  0 ] (0.00005201)
[  0  0  0  2  2  0  0  0  1 ] (0.00016162)
[  0  0  0  2  2  0  0  1  0 ] (0.00041062)
[  0  0  0  2  2  0  1  0  0 ] (0.00006171)
[  0  0  0  2  2  1  0  0  0 ] (0.00009448)
[  0  0  0  2  3  0  0  0  0 ] (0.00000108)
[  0  0  0  3  0  0  0  0  0 ] (0.00000133)
[  0  0  0  3  0  0  0  0  1 ] (0.00001895)
[  0  0  0  3  0  0  0  0  2 ] (0.00010729)
[  0  0  0  3  0  0  0  1  0 ] (0.00012015)
[  0  0  0  3  0  0  0  1  1 ] (0.00572928)
[  0  0  0  3  0  0  0  2  0 ] (0.00002832)
[  0  0  0  3  0  0  1  0  0 ] (0.00010383)
[  0  0  0  3  0  0  1  0  1 ] (0.00838034)
[  0  0  0  3  0  0  1  1  0 ] (0.01181588)
[  0  0  0  3  0  0  2  0  0 ] (0.00026557)
[  0  0  0  3  0  1  0  0  0 ] (0.00001203)
[  0  0  0  3  0  1  0  0  1 ] (0.00001343)
[  0  0  0  3  0  1  0  1  0 ] (0.00000776)
[  0  0  0  3  0  1  1  0  0 ] (0.00004835)
[  0  0  0  3  0  2  0  0  0 ] (0.00001257)
[  0  0  0  3  1  0  0  0  0 ] (0.00006407)
[  0  0  0  3  1  0  0  0  1 ] (0.00000999)
[  0  0  0  3  1  0  0  1  0 ] (0.00075620)
[  0  0  0  3  1  0  1  0  0 ] (0.00014646)
[  0  0  0  3  1  1  0  0  0 ] (0.00007019)
[  0  0  0  3  2  0  0  0  0 ] (0.00001038)
[  0  0  0  4  0  0  0  0  0 ] (0.00000163)
[  0  0  0  4  0  0  0  0  1 ] (0.00000223)
[  0  0  0  4  0  0  0  1  0 ] (0.00063292)
[  0  0  0  4  0  0  1  0  0 ] (0.00014209)
[  0  0  0  4  0  1  0  0  0 ] (0.00002950)
[  0  0  0  4  1  0  0  0  0 ] (0.00000486)
[  0  0  0  5  0  0  0  0  0 ] (0.00000255)
[  0  0  1  0  0  0  0  0  0 ] (0.00000002)
[  0  0  1  0  0  0  0  0  1 ] (0.00000645)
[  0  0  1  0  0  0  0  0  2 ] (0.00000042)
[  0  0  1  0  0  0  0  0  3 ] (0.00003370)
[  0  0  1  0  0  0  0  0  4 ] (0.00000237)
[  0  0  1  0  0  0  0  1  0 ] (0.00004546)
[  0  0  1  0  0  0  0  1  1 ] (0.00000481)
[  0  0  1  0  0  0  0  1  2 ] (0.00007108)
[  0  0  1  0  0  0  0  1  3 ] (0.00000059)
[  0  0  1  0  0  0  0  2  0 ] (0.00014527)
[  0  0  1  0  0  0  0  2  1 ] (0.00061319)
[  0  0  1  0  0  0  0  2  2 ] (0.00013187)
[  0  0  1  0  0  0  0  3  0 ] (0.00000764)
[  0  0  1  0  0  0  0  3  1 ] (0.00001578)
[  0  0  1  0  0  0  0  4  0 ] (0.00015266)
[  0  0  1  0  0  0  1  0  0 ] (0.00001692)
[  0  0  1  0  0  0  1  0  1 ] (0.00012196)
[  0  0  1  0  0  0  1  0  2 ] (0.00019923)
[  0  0  1  0  0  0  1  0  3 ] (0.00000655)
[  0  0  1  0  0  0  1  1  0 ] (0.00007833)
[  0  0  1  0  0  0  1  1  1 ] (0.00017958)
[  0  0  1  0  0  0  1  1  2 ] (0.00000116)
[  0  0  1  0  0  0  1  2  0 ] (0.00024451)
[  0  0  1  0  0  0  1  2  1 ] (0.00015034)
[  0  0  1  0  0  0  1  3  0 ] (0.00006302)
[  0  0  1  0  0  0  2  0  0 ] (0.00000003)
[  0  0  1  0  0  0  2  0  1 ] (0.00003359)
[  0  0  1  0  0  0  2  0  2 ] (0.00005756)
[  0  0  1  0  0  0  2  1  0 ] (0.00003236)
[  0  0  1  0  0  0  2  1  1 ] (0.00000612)
[  0  0  1  0  0  0  2  2  0 ] (0.00012257)
[  0  0  1  0  0  0  3  0  0 ] (0.00012337)
[  0  0  1  0  0  0  3  0  1 ] (0.00005502)
[  0  0  1  0  0  0  3  1  0 ] (0.00006060)
[  0  0  1  0  0  0  4  0  0 ] (0.00000000)
[  0  0  1  0  0  1  0  0  0 ] (0.00000225)
[  0  0  1  0  0  1  0  0  1 ] (0.00000136)
[  0  0  1  0  0  1  0  0  2 ] (0.00017143)
[  0  0  1  0  0  1  0  0  3 ] (0.00000229)
[  0  0  1  0  0  1  0  1  0 ] (0.00000360)
[  0  0  1  0  0  1  0  1  1 ] (0.00000630)
[  0  0  1  0  0  1  0  1  2 ] (0.00005470)
[  0  0  1  0  0  1  0  2  0 ] (0.00007335)
[  0  0  1  0  0  1  0  2  1 ] (0.00000368)
[  0  0  1  0  0  1  0  3  0 ] (0.00033465)
[  0  0  1  0  0  1  1  0  0 ] (0.00000939)
[  0  0  1  0  0  1  1  0  1 ] (0.00007093)
[  0  0  1  0  0  1  1  0  2 ] (0.00000020)
[  0  0  1  0  0  1  1  1  0 ] (0.00032350)
[  0  0  1  0  0  1  1  1  1 ] (0.00010586)
[  0  0  1  0  0  1  1  2  0 ] (0.00000432)
[  0  0  1  0  0  1  2  0  0 ] (0.00005343)
[  0  0  1  0  0  1  2  0  1 ] (0.00006497)
[  0  0  1  0  0  1  2  1  0 ] (0.00006791)
[  0  0  1  0  0  1  3  0  0 ] (0.00146175)
[  0  0  1  0  0  2  0  0  0 ] (0.00000002)
[  0  0  1  0  0  2  0  0  1 ] (0.00000054)
[  0  0  1  0  0  2  0  0  2 ] (0.00000047)
[  0  0  1  0  0  2  0  1  0 ] (0.00000154)
[  0  0  1  0  0  2  0  1  1 ] (0.00000273)
[  0  0  1  0  0  2  0  2  0 ] (0.00273965)
[  0  0  1  0  0  2  1  0  0 ] (0.00012088)
[  0  0  1  0  0  2  1  0  1 ] (0.00045323)
[  0  0  1  0  0  2  1  1  0 ] (0.00000030)
[  0  0  1  0  0  2  2  0  0 ] (0.00003023)
[  0  0  1  0  0  3  0  0  0 ] (0.00003271)
[  0  0  1  0  0  3  0  0  1 ] (0.00007739)
[  0  0  1  0  0  3  0  1  0 ] (0.00012926)
[  0  0  1  0  0  3  1  0  0 ] (0.00100877)
[  0  0  1  0  0  4  0  0  0 ] (0.00002738)
[  0  0  1  0  1  0  0  0  0 ] (0.00000006)
[  0  0  1  0  1  0  0  0  1 ] (0.00004740)
[  0  0  1  0  1  0  0  0  2 ] (0.00002046)
[  0  0  1  0  1  0  0  0  3 ] (0.00000076)
[  0  0  1  0  1  0  0  1  0 ] (0.00001235)
[  0  0  1  0  1  0  0  1  1 ] (0.00119810)
[  0  0  1  0  1  0  0  1  2 ] (0.00003422)
[  0  0  1  0  1  0  0  2  0 ] (0.00000770)
[  0  0  1  0  1  0  0  2  1 ] (0.00010790)
[  0  0  1  0  1  0  0  3  0 ] (0.00014499)
[  0  0  1  0  1  0  1  0  0 ] (0.00000886)
[  0  0  1  0  1  0  1  0  1 ] (0.00004937)
[  0  0  1  0  1  0  1  0  2 ] (0.00000086)
[  0  0  1  0  1  0  1  1  0 ] (0.00002103)
[  0  0  1  0  1  0  1  1  1 ] (0.00001959)
[  0  0  1  0  1  0  1  2  0 ] (0.00000141)
[  0  0  1  0  1  0  2  0  0 ] (0.00006046)
[  0  0  1  0  1  0  2  0  1 ] (0.00023784)
[  0  0  1  0  1  0  2  1  0 ] (0.00002702)
[  0  0  1  0  1  0  3  0  0 ] (0.00003759)
[  0  0  1  0  1  1  0  0  0 ] (0.00000345)
[  0  0  1  0  1  1  0  0  1 ] (0.00031109)
[  0  0  1  0  1  1  0  0  2 ] (0.00053164)
[  0  0  1  0  1  1  0  1  0 ] (0.00000884)
[  0  0  1  0  1  1  0  1  1 ] (0.00015380)
[  0  0  1  0  1  1  0  2  0 ] (0.00000183)
[  0  0  1  0  1  1  1  0  0 ] (0.00002708)
[  0  0  1  0  1  1  1  0  1 ] (0.00012108)
[  0  0  1  0  1  1  1  1  0 ] (0.00000038)
[  0  0  1  0  1  1  2  0  0 ] (0.00273073)
[  0  0  1  0  1  2  0  0  0 ] (0.00000368)
[  0  0  1  0  1  2  0  0  1 ] (0.00089730)
[  0  0  1  0  1  2  0  1  0 ] (0.00088875)
[  0  0  1  0  1  2  1  0  0 ] (0.00033003)
[  0  0  1  0  1  3  0  0  0 ] (0.00005181)
[  0  0  1  0  2  0  0  0  0 ] (0.00001965)
[  0  0  1  0  2  0  0  0  1 ] (0.00015292)
[  0  0  1  0  2  0  0  0  2 ] (0.00308835)
[  0  0  1  0  2  0  0  1  0 ] (0.00000505)
[  0  0  1  0  2  0  0  1  1 ] (0.00002184)
[  0  0  1  0  2  0  0  2  0 ] (0.00000155)
[  0  0  1  0  2  0  1  0  0 ] (0.00005372)
[  0  0  1  0  2  0  1  0  1 ] (0.00007098)
[  0  0  1  0  2  0  1  1  0 ] (0.00000876)
[  0  0  1  0  2  0  2  0  0 ] (0.00009235)
[  0  0  1  0  2  1  0  0  0 ] (0.00010605)
[  0  0  1  0  2  1  0  0  1 ] (0.00157208)
[  0  0  1  0  2  1  0  1  0 ] (0.00052548)
[  0  0  1  0  2  1  1  0  0 ] (0.00067513)
[  0  0  1  0  2  2  0  0  0 ] (0.00000201)
[  0  0  1  0  3  0  0  0  0 ] (0.00000013)
[  0  0  1  0  3  0  0  0  1 ] (0.00004400)
[  0  0  1  0  3  0  0  1  0 ] (0.00001842)
[  0  0  1  0  3  0  1  0  0 ] (0.00001160)
[  0  0  1  0  3  1  0  0  0 ] (0.00000028)
[  0  0  1  0  4  0  0  0  0 ] (0.00000097)
[  0  0  1  1  0  0  0  0  0 ] (0.00001807)
[  0  0  1  1  0  0  0  0  1 ] (0.00006469)
[  0  0  1  1  0  0  0  0  2 ] (0.00001706)
[  0  0  1  1  0  0  0  0  3 ] (0.00000388)
[  0  0  1  1  0  0  0  1  0 ] (0.00001655)
[  0  0  1  1  0  0  0  1  1 ] (0.00024160)
[  0  0  1  1  0  0  0  1  2 ] (0.00000057)
[  0  0  1  1  0  0  0  2  0 ] (0.00000720)
[  0  0  1  1  0  0  0  2  1 ] (0.00002223)
[  0  0  1  1  0  0  0  3  0 ] (0.00026412)
[  0  0  1  1  0  0  1  0  0 ] (0.00002885)
[  0  0  1  1  0  0  1  0  1 ] (0.00013788)
[  0  0  1  1  0  0  1  0  2 ] (0.00000002)
[  0  0  1  1  0  0  1  1  0 ] (0.00002380)
[  0  0  1  1  0  0  1  1  1 ] (0.00005738)
[  0  0  1  1  0  0  1  2  0 ] (0.00003260)
[  0  0  1  1  0  0  2  0  0 ] (0.00003844)
[  0  0  1  1  0  0  2  0  1 ] (0.00000299)
[  0  0  1  1  0  0  2  1  0 ] (0.00015731)
[  0  0  1  1  0  0  3  0  0 ] (0.00063643)
[  0  0  1  1  0  1  0  0  0 ] (0.00002654)
[  0  0  1  1  0  1  0  0  1 ] (0.00039833)
[  0  0  1  1  0  1  0  0  2 ] (0.00002101)
[  0  0  1  1  0  1  0  1  0 ] (0.00024350)
[  0  0  1  1  0  1  0  1  1 ] (0.00000168)
[  0  0  1  1  0  1  0  2  0 ] (0.00288067)
[  0  0  1  1  0  1  1  0  0 ] (0.00003208)
[  0  0  1  1  0  1  1  0  1 ] (0.00013993)
[  0  0  1  1  0  1  1  1  0 ] (0.00068517)
[  0  0  1  1  0  1  2  0  0 ] (0.00067237)
[  0  0  1  1  0  2  0  0  0 ] (0.00002374)
[  0  0  1  1  0  2  0  0  1 ] (0.00200505)
[  0  0  1  1  0  2  0  1  0 ] (0.00019133)
[  0  0  1  1  0  2  1  0  0 ] (0.00014458)
[  0  0  1  1  0  3  0  0  0 ] (0.00002263)
[  0  0  1  1  1  0  0  0  0 ] (0.00004401)
[  0  0  1  1  1  0  0  0  1 ] (0.00005352)
[  0  0  1  1  1  0  0  0  2 ] (0.00001566)
[  0  0  1  1  1  0  0  1  0 ] (0.00000863)
[  0  0  1  1  1  0  0  1  1 ] (0.00001345)
[  0  0  1  1  1  0  0  2  0 ] (0.00027735)
[  0  0  1  1  1  0  1  0  0 ] (0.00318989)
[  0  0  1  1  1  0  1  0  1 ] (0.00041439)
[  0  0  1  1  1  0  1  1  0 ] (0.00065540)
[  0  0  1  1  1  0  2  0  0 ] (0.00531813)
[  0  0  1  1  1  1  0  0  0 ] (0.00008154)
[  0  0  1  1  1  1  0  0  1 ] (0.00057902)
[  0  0  1  1  1  1  0  1  0 ] (0.00040204)
[  0  0  1  1  1  1  1  0  0 ] (0.01719929)
[  0  0  1  1  1  2  0  0  0 ] (0.00000016)
[  0  0  1  1  2  0  0  0  0 ] (0.00000671)
[  0  0  1  1  2  0  0  0  1 ] (0.00010590)
[  0  0  1  1  2  0  0  1  0 ] (0.00190871)
[  0  0  1  1  2  0  1  0  0 ] (0.00000173)
[  0  0  1  1  2  1  0  0  0 ] (0.00007843)
[  0  0  1  1  3  0  0  0  0 ] (0.00004635)
[  0  0  1  2  0  0  0  0  0 ] (0.00000632)
[  0  0  1  2  0  0  0  0  1 ] (0.00000011)
[  0  0  1  2  0  0  0  0  2 ] (0.00002304)
[  0  0  1  2  0  0  0  1  0 ] (0.00017215)
[  0  0  1  2  0  0  0  1  1 ] (0.00039792)
[  0  0  1  2  0  0  0  2  0 ] (0.00068808)
[  0  0  1  2  0  0  1  0  0 ] (0.00008334)
[  0  0  1  2  0  0  1  0  1 ] (0.00001021)
[  0  0  1  2  0  0  1  1  0 ] (0.00194654)
[  0  0  1  2  0  0  2  0  0 ] (0.00008094)
[  0  0  1  2  0  1  0  0  0 ] (0.00001835)
[  0  0  1  2  0  1  0  0  1 ] (0.00002633)
[  0  0  1  2  0  1  0  1  0 ] (0.00022054)
[  0  0  1  2  0  1  1  0  0 ] (0.00007975)
[  0  0  1  2  0  2  0  0  0 ] (0.00000950)
[  0  0  1  2  1  0  0  0  0 ] (0.00003980)
[  0  0  1  2  1  0  0  0  1 ] (0.00021081)
[  0  0  1  2  1  0  0  1  0 ] (0.00000399)
[  0  0  1  2  1  0  1  0  0 ] (0.00009606)
[  0  0  1  2  1  1  0  0  0 ] (0.00001069)
[  0  0  1  2  2  0  0  0  0 ] (0.00000279)
[  0  0  1  3  0  0  0  0  0 ] (0.00002589)
[  0  0  1  3  0  0  0  0  1 ] (0.00001139)
[  0  0  1  3  0  0  0  1  0 ] (0.00002749)
[  0  0  1  3  0  0  1  0  0 ] (0.00000037)
[  0  0  1  3  0  1  0  0  0 ] (0.00001768)
[  0  0  1  3  1  0  0  0  0 ] (0.00000555)
[  0  0  1  4  0  0  0  0  0 ] (0.00000829)
[  0  0  2  0  0  0  0  0  0 ] (0.00000085)
[  0  0  2  0  0  0  0  0  1 ] (0.00000029)
[  0  0  2  0  0  0  0  0  2 ] (0.00006592)
[  0  0  2  0  0  0  0  0  3 ] (0.00000852)
[  0  0  2  0  0  0  0  1  0 ] (0.00002517)
[  0  0  2  0  0  0  0  1  1 ] (0.00004339)
[  0  0  2  0  0  0  0  1  2 ] (0.00003005)
[  0  0  2  0  0  0  0  2  0 ] (0.00000113)
[  0  0  2  0  0  0  0  2  1 ] (0.00001261)
[  0  0  2  0  0  0  0  3  0 ] (0.00007141)
[  0  0  2  0  0  0  1  0  0 ] (0.00000239)
[  0  0  2  0  0  0  1  0  1 ] (0.00009512)
[  0  0  2  0  0  0  1  0  2 ] (0.00006293)
[  0  0  2  0  0  0  1  1  0 ] (0.00002028)
[  0  0  2  0  0  0  1  1  1 ] (0.00003543)
[  0  0  2  0  0  0  1  2  0 ] (0.00000001)
[  0  0  2  0  0  0  2  0  0 ] (0.00000124)
[  0  0  2  0  0  0  2  0  1 ] (0.00010049)
[  0  0  2  0  0  0  2  1  0 ] (0.00024459)
[  0  0  2  0  0  0  3  0  0 ] (0.00000022)
[  0  0  2  0  0  1  0  0  0 ] (0.00000086)
[  0  0  2  0  0  1  0  0  1 ] (0.00000220)
[  0  0  2  0  0  1  0  0  2 ] (0.00045368)
[  0  0  2  0  0  1  0  1  0 ] (0.00000705)
[  0  0  2  0  0  1  0  1  1 ] (0.00002744)
[  0  0  2  0  0  1  0  2  0 ] (0.00000195)
[  0  0  2  0  0  1  1  0  0 ] (0.00001311)
[  0  0  2  0  0  1  1  0  1 ] (0.00038586)
[  0  0  2  0  0  1  1  1  0 ] (0.00000055)
[  0  0  2  0  0  1  2  0  0 ] (0.00003803)
[  0  0  2  0  0  2  0  0  0 ] (0.00000028)
[  0  0  2  0  0  2  0  0  1 ] (0.00000174)
[  0  0  2  0  0  2  0  1  0 ] (0.00000142)
[  0  0  2  0  0  2  1  0  0 ] (0.00019602)
[  0  0  2  0  0  3  0  0  0 ] (0.00000040)
[  0  0  2  0  1  0  0  0  0 ] (0.00000376)
[  0  0  2  0  1  0  0  0  1 ] (0.00015663)
[  0  0  2  0  1  0  0  0  2 ] (0.00227508)
[  0  0  2  0  1  0  0  1  0 ] (0.00000617)
[  0  0  2  0  1  0  0  1  1 ] (0.00000709)
[  0  0  2  0  1  0  0  2  0 ] (0.00060209)
[  0  0  2  0  1  0  1  0  0 ] (0.00000652)
[  0  0  2  0  1  0  1  0  1 ] (0.00006345)
[  0  0  2  0  1  0  1  1  0 ] (0.00005545)
[  0  0  2  0  1  0  2  0  0 ] (0.00000004)
[  0  0  2  0  1  1  0  0  0 ] (0.00000030)
[  0  0  2  0  1  1  0  0  1 ] (0.00007210)
[  0  0  2  0  1  1  0  1  0 ] (0.00003875)
[  0  0  2  0  1  1  1  0  0 ] (0.00001918)
[  0  0  2  0  1  2  0  0  0 ] (0.00000002)
[  0  0  2  0  2  0  0  0  0 ] (0.00000864)
[  0  0  2  0  2  0  0  0  1 ] (0.00003617)
[  0  0  2  0  2  0  0  1  0 ] (0.00000704)
[  0  0  2  0  2  0  1  0  0 ] (0.00008112)
[  0  0  2  0  2  1  0  0  0 ] (0.00001297)
[  0  0  2  0  3  0  0  0  0 ] (0.00000443)
[  0  0  2  1  0  0  0  0  0 ] (0.00000001)
[  0  0  2  1  0  0  0  0  1 ] (0.00001725)
[  0  0  2  1  0  0  0  0  2 ] (0.00000763)
[  0  0  2  1  0  0  0  1  0 ] (0.00000024)
[  0  0  2  1  0  0  0  1  1 ] (0.00000310)
[  0  0  2  1  0  0  0  2  0 ] (0.00003495)
[  0  0  2  1  0  0  1  0  0 ] (0.00002934)
[  0  0  2  1  0  0  1  0  1 ] (0.00001727)
[  0  0  2  1  0  0  1  1  0 ] (0.00019950)
[  0  0  2  1  0  0  2  0  0 ] (0.00000987)
[  0  0  2  1  0  1  0  0  0 ] (0.00000017)
[  0  0  2  1  0  1  0  0  1 ] (0.00012958)
[  0  0  2  1  0  1  0  1  0 ] (0.00009215)
[  0  0  2  1  0  1  1  0  0 ] (0.00020347)
[  0  0  2  1  0  2  0  0  0 ] (0.00000005)
[  0  0  2  1  1  0  0  0  0 ] (0.00000357)
[  0  0  2  1  1  0  0  0  1 ] (0.00000753)
[  0  0  2  1  1  0  0  1  0 ] (0.00028077)
[  0  0  2  1  1  0  1  0  0 ] (0.00000046)
[  0  0  2  1  1  1  0  0  0 ] (0.00000411)
[  0  0  2  1  2  0  0  0  0 ] (0.00000000)
[  0  0  2  2  0  0  0  0  0 ] (0.00000291)
[  0  0  2  2  0  0  0  0  1 ] (0.00000061)
[  0  0  2  2  0  0  0  1  0 ] (0.00005388)
[  0  0  2  2  0  0  1  0  0 ] (0.00003595)
[  0  0  2  2  0  1  0  0  0 ] (0.00000561)
[  0  0  2  2  1  0  0  0  0 ] (0.00000015)
[  0  0  2  3  0  0  0  0  0 ] (0.00000201)
[  0  0  3  0  0  0  0  0  0 ] (0.00000002)
[  0  0  3  0  0  0  0  0  1 ] (0.00000316)
[  0  0  3  0  0  0  0  0  2 ] (0.00002628)
[  0  0  3  0  0  0  0  1  0 ] (0.00014228)
[  0  0  3  0  0  0  0  1  1 ] (0.00576046)
[  0  0  3  0  0  0  0  2  0 ] (0.00000398)
[  0  0  3  0  0  0  1  0  0 ] (0.00001055)
[  0  0  3  0  0  0  1  0  1 ] (0.00013782)
[  0  0  3  0  0  0  1  1  0 ] (0.00015087)
[  0  0  3  0  0  0  2  0  0 ] (0.00006013)
[  0  0  3  0  0  1  0  0  0 ] (0.00000017)
[  0  0  3  0  0  1  0  0  1 ] (0.00000284)
[  0  0  3  0  0  1  0  1  0 ] (0.00000011)
[  0  0  3  0  0  1  1  0  0 ] (0.00030301)
[  0  0  3  0  0  2  0  0  0 ] (0.00000316)
[  0  0  3  0  1  0  0  0  0 ] (0.00000903)
[  0  0  3  0  1  0  0  0  1 ] (0.00000144)
[  0  0  3  0  1  0  0  1  0 ] (0.00000367)
[  0  0  3  0  1  0  1  0  0 ] (0.00000202)
[  0  0  3  0  1  1  0  0  0 ] (0.00002072)
[  0  0  3  0  2  0  0  0  0 ] (0.00000011)
[  0  0  3  1  0  0  0  0  0 ] (0.00000048)
[  0  0  3  1  0  0  0  0  1 ] (0.00000798)
[  0  0  3  1  0  0  0  1  0 ] (0.00000234)
[  0  0  3  1  0  0  1  0  0 ] (0.00000315)
[  0  0  3  1  0  1  0  0  0 ] (0.00000214)
[  0  0  3  1  1  0  0  0  0 ] (0.00001233)
[  0  0  3  2  0  0  0  0  0 ] (0.00000146)
[  0  0  4  0  0  0  0  0  0 ] (0.00000009)
[  0  0  4  0  0  0  0  0  1 ] (0.00000008)
[  0  0  4  0  0  0  0  1  0 ] (0.00001294)
[  0  0  4  0  0  0  1  0  0 ] (0.00000810)
[  0  0  4  0  0  1  0  0  0 ] (0.00000080)
[  0  0  4  0  1  0  0  0  0 ] (0.00000017)
[  0  0  4  1  0  0  0  0  0 ] (0.00000058)
[  0  0  5  0  0  0  0  0  0 ] (0.00000006)
[  0  1  0  0  0  0  0  0  0 ] (0.00000606)
[  0  1  0  0  0  0  0  0  1 ] (0.00001335)
[  0  1  0  0  0  0  0  0  2 ] (0.00016752)
[  0  1  0  0  0  0  0  0  3 ] (0.00151272)
[  0  1  0  0  0  0  0  0  4 ] (0.00001774)
[  0  1  0  0  0  0  0  1  0 ] (0.00002177)
[  0  1  0  0  0  0  0  1  1 ] (0.00007752)
[  0  1  0  0  0  0  0  1  2 ] (0.00022503)
[  0  1  0  0  0  0  0  1  3 ] (0.00000809)
[  0  1  0  0  0  0  0  2  0 ] (0.00048716)
[  0  1  0  0  0  0  0  2  1 ] (0.00121771)
[  0  1  0  0  0  0  0  2  2 ] (0.00014856)
[  0  1  0  0  0  0  0  3  0 ] (0.00031218)
[  0  1  0  0  0  0  0  3  1 ] (0.00002275)
[  0  1  0  0  0  0  0  4  0 ] (0.00004069)
[  0  1  0  0  0  0  1  0  0 ] (0.00012044)
[  0  1  0  0  0  0  1  0  1 ] (0.00001228)
[  0  1  0  0  0  0  1  0  2 ] (0.00030460)
[  0  1  0  0  0  0  1  0  3 ] (0.00003312)
[  0  1  0  0  0  0  1  1  0 ] (0.00005519)
[  0  1  0  0  0  0  1  1  1 ] (0.00045364)
[  0  1  0  0  0  0  1  1  2 ] (0.00000032)
[  0  1  0  0  0  0  1  2  0 ] (0.00089113)
[  0  1  0  0  0  0  1  2  1 ] (0.00089776)
[  0  1  0  0  0  0  1  3  0 ] (0.00014196)
[  0  1  0  0  0  0  2  0  0 ] (0.00001198)
[  0  1  0  0  0  0  2  0  1 ] (0.00041096)
[  0  1  0  0  0  0  2  0  2 ] (0.00000980)
[  0  1  0  0  0  0  2  1  0 ] (0.00002856)
[  0  1  0  0  0  0  2  1  1 ] (0.00001572)
[  0  1  0  0  0  0  2  2  0 ] (0.00005782)
[  0  1  0  0  0  0  3  0  0 ] (0.00008813)
[  0  1  0  0  0  0  3  0  1 ] (0.00016592)
[  0  1  0  0  0  0  3  1  0 ] (0.00009990)
[  0  1  0  0  0  0  4  0  0 ] (0.00187518)
[  0  1  0  0  0  1  0  0  0 ] (0.00000017)
[  0  1  0  0  0  1  0  0  1 ] (0.00007651)
[  0  1  0  0  0  1  0  0  2 ] (0.00067036)
[  0  1  0  0  0  1  0  0  3 ] (0.00000352)
[  0  1  0  0  0  1  0  1  0 ] (0.00006316)
[  0  1  0  0  0  1  0  1  1 ] (0.00215756)
[  0  1  0  0  0  1  0  1  2 ] (0.00038692)
[  0  1  0  0  0  1  0  2  0 ] (0.00000116)
[  0  1  0  0  0  1  0  2  1 ] (0.00000059)
[  0  1  0  0  0  1  0  3  0 ] (0.00032882)
[  0  1  0  0  0  1  1  0  0 ] (0.00002141)
[  0  1  0  0  0  1  1  0  1 ] (0.00000023)
[  0  1  0  0  0  1  1  0  2 ] (0.00002477)
[  0  1  0  0  0  1  1  1  0 ] (0.00056974)
[  0  1  0  0  0  1  1  1  1 ] (0.00026718)
[  0  1  0  0  0  1  1  2  0 ] (0.00000034)
[  0  1  0  0  0  1  2  0  0 ] (0.00001090)
[  0  1  0  0  0  1  2  0  1 ] (0.00020966)
[  0  1  0  0  0  1  2  1  0 ] (0.00010676)
[  0  1  0  0  0  1  3  0  0 ] (0.00012877)
[  0  1  0  0  0  2  0  0  0 ] (0.00000213)
[  0  1  0  0  0  2  0  0  1 ] (0.00018470)
[  0  1  0  0  0  2  0  0  2 ] (0.00834048)
[  0  1  0  0  0  2  0  1  0 ] (0.00003391)
[  0  1  0  0  0  2  0  1  1 ] (0.00000939)
[  0  1  0  0  0  2  0  2  0 ] (0.00206156)
[  0  1  0  0  0  2  1  0  0 ] (0.00011865)
[  0  1  0  0  0  2  1  0  1 ] (0.00014894)
[  0  1  0  0  0  2  1  1  0 ] (0.00079741)
[  0  1  0  0  0  2  2  0  0 ] (0.00013402)
[  0  1  0  0  0  3  0  0  0 ] (0.00000260)
[  0  1  0  0  0  3  0  0  1 ] (0.00016238)
[  0  1  0  0  0  3  0  1  0 ] (0.00051255)
[  0  1  0  0  0  3  1  0  0 ] (0.00048709)
[  0  1  0  0  0  4  0  0  0 ] (0.00020843)
[  0  1  0  0  1  0  0  0  0 ] (0.00001668)
[  0  1  0  0  1  0  0  0  1 ] (0.00000290)
[  0  1  0  0  1  0  0  0  2 ] (0.00034871)
[  0  1  0  0  1  0  0  0  3 ] (0.00001411)
[  0  1  0  0  1  0  0  1  0 ] (0.00001379)
[  0  1  0  0  1  0  0  1  1 ] (0.00024808)
[  0  1  0  0  1  0  0  1  2 ] (0.00008132)
[  0  1  0  0  1  0  0  2  0 ] (0.00001401)
[  0  1  0  0  1  0  0  2  1 ] (0.00000544)
[  0  1  0  0  1  0  0  3  0 ] (0.00005397)
[  0  1  0  0  1  0  1  0  0 ] (0.00001460)
[  0  1  0  0  1  0  1  0  1 ] (0.00003109)
[  0  1  0  0  1  0  1  0  2 ] (0.00000993)
[  0  1  0  0  1  0  1  1  0 ] (0.00072039)
[  0  1  0  0  1  0  1  1  1 ] (0.00029666)
[  0  1  0  0  1  0  1  2  0 ] (0.00005805)
[  0  1  0  0  1  0  2  0  0 ] (0.00001509)
[  0  1  0  0  1  0  2  0  1 ] (0.00011890)
[  0  1  0  0  1  0  2  1  0 ] (0.00001021)
[  0  1  0  0  1  0  3  0  0 ] (0.00001383)
[  0  1  0  0  1  1  0  0  0 ] (0.00000078)
[  0  1  0  0  1  1  0  0  1 ] (0.00001807)
[  0  1  0  0  1  1  0  0  2 ] (0.00000757)
[  0  1  0  0  1  1  0  1  0 ] (0.00015292)
[  0  1  0  0  1  1  0  1  1 ] (0.00010385)
[  0  1  0  0  1  1  0  2  0 ] (0.00005787)
[  0  1  0  0  1  1  1  0  0 ] (0.00000395)
[  0  1  0  0  1  1  1  0  1 ] (0.00011524)
[  0  1  0  0  1  1  1  1  0 ] (0.00006808)
[  0  1  0  0  1  1  2  0  0 ] (0.00004363)
[  0  1  0  0  1  2  0  0  0 ] (0.00000009)
[  0  1  0  0  1  2  0  0  1 ] (0.00001208)
[  0  1  0  0  1  2  0  1  0 ] (0.00089017)
[  0  1  0  0  1  2  1  0  0 ] (0.00004048)
[  0  1  0  0  1  3  0  0  0 ] (0.00002408)
[  0  1  0  0  2  0  0  0  0 ] (0.00001479)
[  0  1  0  0  2  0  0  0  1 ] (0.00010514)
[  0  1  0  0  2  0  0  0  2 ] (0.00065883)
[  0  1  0  0  2  0  0  1  0 ] (0.00012952)
[  0  1  0  0  2  0  0  1  1 ] (0.00019233)
[  0  1  0  0  2  0  0  2  0 ] (0.00055381)
[  0  1  0  0  2  0  1  0  0 ] (0.00001105)
[  0  1  0  0  2  0  1  0  1 ] (0.00019954)
[  0  1  0  0  2  0  1  1  0 ] (0.00006910)
[  0  1  0  0  2  0  2  0  0 ] (0.00003924)
[  0  1  0  0  2  1  0  0  0 ] (0.00000806)
[  0  1  0  0  2  1  0  0  1 ] (0.00012973)
[  0  1  0  0  2  1  0  1  0 ] (0.00100859)
[  0  1  0  0  2  1  1  0  0 ] (0.00014490)
[  0  1  0  0  2  2  0  0  0 ] (0.00000009)
[  0  1  0  0  3  0  0  0  0 ] (0.00003868)
[  0  1  0  0  3  0  0  0  1 ] (0.00003519)
[  0  1  0  0  3  0  0  1  0 ] (0.00073071)
[  0  1  0  0  3  0  1  0  0 ] (0.00026354)
[  0  1  0  0  3  1  0  0  0 ] (0.00002030)
[  0  1  0  0  4  0  0  0  0 ] (0.00000150)
[  0  1  0  1  0  0  0  0  0 ] (0.00000048)
[  0  1  0  1  0  0  0  0  1 ] (0.00000687)
[  0  1  0  1  0  0  0  0  2 ] (0.00000851)
[  0  1  0  1  0  0  0  0  3 ] (0.00008765)
[  0  1  0  1  0  0  0  1  0 ] (0.00001404)
[  0  1  0  1  0  0  0  1  1 ] (0.00044289)
[  0  1  0  1  0  0  0  1  2 ] (0.00000058)
[  0  1  0  1  0  0  0  2  0 ] (0.00008289)
[  0  1  0  1  0  0  0  2  1 ] (0.00049795)
[  0  1  0  1  0  0  0  3  0 ] (0.00012119)
[  0  1  0  1  0  0  1  0  0 ] (0.00000285)
[  0  1  0  1  0  0  1  0  1 ] (0.00000492)
[  0  1  0  1  0  0  1  0  2 ] (0.00001916)
[  0  1  0  1  0  0  1  1  0 ] (0.00000246)
[  0  1  0  1  0  0  1  1  1 ] (0.00001315)
[  0  1  0  1  0  0  1  2  0 ] (0.00067478)
[  0  1  0  1  0  0  2  0  0 ] (0.00000171)
[  0  1  0  1  0  0  2  0  1 ] (0.00007724)
[  0  1  0  1  0  0  2  1  0 ] (0.00006469)
[  0  1  0  1  0  0  3  0  0 ] (0.00014087)
[  0  1  0  1  0  1  0  0  0 ] (0.00000000)
[  0  1  0  1  0  1  0  0  1 ] (0.00000041)
[  0  1  0  1  0  1  0  0  2 ] (0.00001054)
[  0  1  0  1  0  1  0  1  0 ] (0.00002267)
[  0  1  0  1  0  1  0  1  1 ] (0.00000645)
[  0  1  0  1  0  1  0  2  0 ] (0.00960146)
[  0  1  0  1  0  1  1  0  0 ] (0.00004656)
[  0  1  0  1  0  1  1  0  1 ] (0.00089066)
[  0  1  0  1  0  1  1  1  0 ] (0.00000792)
[  0  1  0  1  0  1  2  0  0 ] (0.00000128)
[  0  1  0  1  0  2  0  0  0 ] (0.00000419)
[  0  1  0  1  0  2  0  0  1 ] (0.00000003)
[  0  1  0  1  0  2  0  1  0 ] (0.00000009)
[  0  1  0  1  0  2  1  0  0 ] (0.00011571)
[  0  1  0  1  0  3  0  0  0 ] (0.00000035)
[  0  1  0  1  1  0  0  0  0 ] (0.00001211)
[  0  1  0  1  1  0  0  0  1 ] (0.00108602)
[  0  1  0  1  1  0  0  0  2 ] (0.00016085)
[  0  1  0  1  1  0  0  1  0 ] (0.00246956)
[  0  1  0  1  1  0  0  1  1 ] (0.00104193)
[  0  1  0  1  1  0  0  2  0 ] (0.00052750)
[  0  1  0  1  1  0  1  0  0 ] (0.00000020)
[  0  1  0  1  1  0  1  0  1 ] (0.00043160)
[  0  1  0  1  1  0  1  1  0 ] (0.00037586)
[  0  1  0  1  1  0  2  0  0 ] (0.00002773)
[  0  1  0  1  1  1  0  0  0 ] (0.00004473)
[  0  1  0  1  1  1  0  0  1 ] (0.00438972)
[  0  1  0  1  1  1  0  1  0 ] (0.02417677)
[  0  1  0  1  1  1  1  0  0 ] (0.00013508)
[  0  1  0  1  1  2  0  0  0 ] (0.00000149)
[  0  1  0  1  2  0  0  0  0 ] (0.00006289)
[  0  1  0  1  2  0  0  0  1 ] (0.00032860)
[  0  1  0  1  2  0  0  1  0 ] (0.00002143)
[  0  1  0  1  2  0  1  0  0 ] (0.00005215)
[  0  1  0  1  2  1  0  0  0 ] (0.00004592)
[  0  1  0  1  3  0  0  0  0 ] (0.00000070)
[  0  1  0  2  0  0  0  0  0 ] (0.00000508)
[  0  1  0  2  0  0  0  0  1 ] (0.00005387)
[  0  1  0  2  0  0  0  0  2 ] (0.00004091)
[  0  1  0  2  0  0  0  1  0 ] (0.00000401)
[  0  1  0  2  0  0  0  1  1 ] (0.00127886)
[  0  1  0  2  0  0  0  2  0 ] (0.00030907)
[  0  1  0  2  0  0  1  0  0 ] (0.00000297)
[  0  1  0  2  0  0  1  0  1 ] (0.00065315)
[  0  1  0  2  0  0  1  1  0 ] (0.00140554)
[  0  1  0  2  0  0  2  0  0 ] (0.00000205)
[  0  1  0  2  0  1  0  0  0 ] (0.00000009)
[  0  1  0  2  0  1  0  0  1 ] (0.00015820)
[  0  1  0  2  0  1  0  1  0 ] (0.00001702)
[  0  1  0  2  0  1  1  0  0 ] (0.00001153)
[  0  1  0  2  0  2  0  0  0 ] (0.00000000)
[  0  1  0  2  1  0  0  0  0 ] (0.00002805)
[  0  1  0  2  1  0  0  0  1 ] (0.00008391)
[  0  1  0  2  1  0  0  1  0 ] (0.00006912)
[  0  1  0  2  1  0  1  0  0 ] (0.00012985)
[  0  1  0  2  1  1  0  0  0 ] (0.00001169)
[  0  1  0  2  2  0  0  0  0 ] (0.00000103)
[  0  1  0  3  0  0  0  0  0 ] (0.00000255)
[  0  1  0  3  0  0  0  0  1 ] (0.00004732)
[  0  1  0  3  0  0  0  1  0 ] (0.00010277)
[  0  1  0  3  0  0  1  0  0 ] (0.00003638)
[  0  1  0  3  0  1  0  0  0 ] (0.00001496)
[  0  1  0  3  1  0  0  0  0 ] (0.00001601)
[  0  1  0  4  0  0  0  0  0 ] (0.00000092)
[  0  1  1  0  0  0  0  0  0 ] (0.00000000)
[  0  1  1  0  0  0  0  0  1 ] (0.00001376)
[  0  1  1  0  0  0  0  0  2 ] (0.00032261)
[  0  1  1  0  0  0  0  0  3 ] (0.00001163)
[  0  1  1  0  0  0  0  1  0 ] (0.00000342)
[  0  1  1  0  0  0  0  1  1 ] (0.00000292)
[  0  1  1  0  0  0  0  1  2 ] (0.00000555)
[  0  1  1  0  0  0  0  2  0 ] (0.00009801)
[  0  1  1  0  0  0  0  2  1 ] (0.00011955)
[  0  1  1  0  0  0  0  3  0 ] (0.00106846)
[  0  1  1  0  0  0  1  0  0 ] (0.00000356)
[  0  1  1  0  0  0  1  0  1 ] (0.00011092)
[  0  1  1  0  0  0  1  0  2 ] (0.00002957)
[  0  1  1  0  0  0  1  1  0 ] (0.00000437)
[  0  1  1  0  0  0  1  1  1 ] (0.00000276)
[  0  1  1  0  0  0  1  2  0 ] (0.00000060)
[  0  1  1  0  0  0  2  0  0 ] (0.00000143)
[  0  1  1  0  0  0  2  0  1 ] (0.00001686)
[  0  1  1  0  0  0  2  1  0 ] (0.00001101)
[  0  1  1  0  0  0  3  0  0 ] (0.00000226)
[  0  1  1  0  0  1  0  0  0 ] (0.00000476)
[  0  1  1  0  0  1  0  0  1 ] (0.00008527)
[  0  1  1  0  0  1  0  0  2 ] (0.00611816)
[  0  1  1  0  0  1  0  1  0 ] (0.00025459)
[  0  1  1  0  0  1  0  1  1 ] (0.00034254)
[  0  1  1  0  0  1  0  2  0 ] (0.01338264)
[  0  1  1  0  0  1  1  0  0 ] (0.00007114)
[  0  1  1  0  0  1  1  0  1 ] (0.00026377)
[  0  1  1  0  0  1  1  1  0 ] (0.00004925)
[  0  1  1  0  0  1  2  0  0 ] (0.00013943)
[  0  1  1  0  0  2  0  0  0 ] (0.00000001)
[  0  1  1  0  0  2  0  0  1 ] (0.00002920)
[  0  1  1  0  0  2  0  1  0 ] (0.00023337)
[  0  1  1  0  0  2  1  0  0 ] (0.00002932)
[  0  1  1  0  0  3  0  0  0 ] (0.00001001)
[  0  1  1  0  1  0  0  0  0 ] (0.00000012)
[  0  1  1  0  1  0  0  0  1 ] (0.00001646)
[  0  1  1  0  1  0  0  0  2 ] (0.00003231)
[  0  1  1  0  1  0  0  1  0 ] (0.00019856)
[  0  1  1  0  1  0  0  1  1 ] (0.00000012)
[  0  1  1  0  1  0  0  2  0 ] (0.00005110)
[  0  1  1  0  1  0  1  0  0 ] (0.00000169)
[  0  1  1  0  1  0  1  0  1 ] (0.00005996)
[  0  1  1  0  1  0  1  1  0 ] (0.00008563)
[  0  1  1  0  1  0  2  0  0 ] (0.00001880)
[  0  1  1  0  1  1  0  0  0 ] (0.00001659)
[  0  1  1  0  1  1  0  0  1 ] (0.00007921)
[  0  1  1  0  1  1  0  1  0 ] (0.00470830)
[  0  1  1  0  1  1  1  0  0 ] (0.00003897)
[  0  1  1  0  1  2  0  0  0 ] (0.00000131)
[  0  1  1  0  2  0  0  0  0 ] (0.00004876)
[  0  1  1  0  2  0  0  0  1 ] (0.00032329)
[  0  1  1  0  2  0  0  1  0 ] (0.00118130)
[  0  1  1  0  2  0  1  0  0 ] (0.00009722)
[  0  1  1  0  2  1  0  0  0 ] (0.00003135)
[  0  1  1  0  3  0  0  0  0 ] (0.00000734)
[  0  1  1  1  0  0  0  0  0 ] (0.00004038)
[  0  1  1  1  0  0  0  0  1 ] (0.00066543)
[  0  1  1  1  0  0  0  0  2 ] (0.00383810)
[  0  1  1  1  0  0  0  1  0 ] (0.00003439)
[  0  1  1  1  0  0  0  1  1 ] (0.00005036)
[  0  1  1  1  0  0  0  2  0 ] (0.00611197)
[  0  1  1  1  0  0  1  0  0 ] (0.00003896)
[  0  1  1  1  0  0  1  0  1 ] (0.00126160)
[  0  1  1  1  0  0  1  1  0 ] (0.00030520)
[  0  1  1  1  0  0  2  0  0 ] (0.00019823)
[  0  1  1  1  0  1  0  0  0 ] (0.00001389)
[  0  1  1  1  0  1  0  0  1 ] (0.00046588)
[  0  1  1  1  0  1  0  1  0 ] (0.00040812)
[  0  1  1  1  0  1  1  0  0 ] (0.00014525)
[  0  1  1  1  0  2  0  0  0 ] (0.00000362)
[  0  1  1  1  1  0  0  0  0 ] (0.00003463)
[  0  1  1  1  1  0  0  0  1 ] (0.00010175)
[  0  1  1  1  1  0  0  1  0 ] (0.00437793)
[  0  1  1  1  1  0  1  0  0 ] (0.00141241)
[  0  1  1  1  1  1  0  0  0 ] (0.00015480)
[  0  1  1  1  2  0  0  0  0 ] (0.00001096)
[  0  1  1  2  0  0  0  0  0 ] (0.00000304)
[  0  1  1  2  0  0  0  0  1 ] (0.00004973)
[  0  1  1  2  0  0  0  1  0 ] (0.00001501)
[  0  1  1  2  0  0  1  0  0 ] (0.00003683)
[  0  1  1  2  0  1  0  0  0 ] (0.00000494)
[  0  1  1  2  1  0  0  0  0 ] (0.00000021)
[  0  1  1  3  0  0  0  0  0 ] (0.00000002)
[  0  1  2  0  0  0  0  0  0 ] (0.00000197)
[  0  1  2  0  0  0  0  0  1 ] (0.00000001)
[  0  1  2  0  0  0  0  0  2 ] (0.00000198)
[  0  1  2  0  0  0  0  1  0 ] (0.00000001)
[  0  1  2  0  0  0  0  1  1 ] (0.00000974)
[  0  1  2  0  0  0  0  2  0 ] (0.00001405)
[  0  1  2  0  0  0  1  0  0 ] (0.00007590)
[  0  1  2  0  0  0  1  0  1 ] (0.00032960)
[  0  1  2  0  0  0  1  1  0 ] (0.00104116)
[  0  1  2  0  0  0  2  0  0 ] (0.00000005)
[  0  1  2  0  0  1  0  0  0 ] (0.00000077)
[  0  1  2  0  0  1  0  0  1 ] (0.00000792)
[  0  1  2  0  0  1  0  1  0 ] (0.00003112)
[  0  1  2  0  0  1  1  0  0 ] (0.00003665)
[  0  1  2  0  0  2  0  0  0 ] (0.00000004)
[  0  1  2  0  1  0  0  0  0 ] (0.00000082)
[  0  1  2  0  1  0  0  0  1 ] (0.00000821)
[  0  1  2  0  1  0  0  1  0 ] (0.00000008)
[  0  1  2  0  1  0  1  0  0 ] (0.00001490)
[  0  1  2  0  1  1  0  0  0 ] (0.00000122)
[  0  1  2  0  2  0  0  0  0 ] (0.00001117)
[  0  1  2  1  0  0  0  0  0 ] (0.00000054)
[  0  1  2  1  0  0  0  0  1 ] (0.00000004)
[  0  1  2  1  0  0  0  1  0 ] (0.00003054)
[  0  1  2  1  0  0  1  0  0 ] (0.00000484)
[  0  1  2  1  0  1  0  0  0 ] (0.00000005)
[  0  1  2  1  1  0  0  0  0 ] (0.00000040)
[  0  1  2  2  0  0  0  0  0 ] (0.00000147)
[  0  1  3  0  0  0  0  0  0 ] (0.00000089)
[  0  1  3  0  0  0  0  0  1 ] (0.00000106)
[  0  1  3  0  0  0  0  1  0 ] (0.00021675)
[  0  1  3  0  0  0  1  0  0 ] (0.00002363)
[  0  1  3  0  0  1  0  0  0 ] (0.00000531)
[  0  1  3  0  1  0  0  0  0 ] (0.00001313)
[  0  1  3  1  0  0  0  0  0 ] (0.00000910)
[  0  1  4  0  0  0  0  0  0 ] (0.00000045)
[  0  2  0  0  0  0  0  0  0 ] (0.00000043)
[  0  2  0  0  0  0  0  0  1 ] (0.00000048)
[  0  2  0  0  0  0  0  0  2 ] (0.00003208)
[  0  2  0  0  0  0  0  0  3 ] (0.00014333)
[  0  2  0  0  0  0  0  1  0 ] (0.00000933)
[  0  2  0  0  0  0  0  1  1 ] (0.00021607)
[  0  2  0  0  0  0  0  1  2 ] (0.00009360)
[  0  2  0  0  0  0  0  2  0 ] (0.00001388)
[  0  2  0  0  0  0  0  2  1 ] (0.00015657)
[  0  2  0  0  0  0  0  3  0 ] (0.00011535)
[  0  2  0  0  0  0  1  0  0 ] (0.00000257)
[  0  2  0  0  0  0  1  0  1 ] (0.00000002)
[  0  2  0  0  0  0  1  0  2 ] (0.00005262)
[  0  2  0  0  0  0  1  1  0 ] (0.00000400)
[  0  2  0  0  0  0  1  1  1 ] (0.00000181)
[  0  2  0  0  0  0  1  2  0 ] (0.00000639)
[  0  2  0  0  0  0  2  0  0 ] (0.00045867)
[  0  2  0  0  0  0  2  0  1 ] (0.00497939)
[  0  2  0  0  0  0  2  1  0 ] (0.00104294)
[  0  2  0  0  0  0  3  0  0 ] (0.00008065)
[  0  2  0  0  0  1  0  0  0 ] (0.00000005)
[  0  2  0  0  0  1  0  0  1 ] (0.00000067)
[  0  2  0  0  0  1  0  0  2 ] (0.00000074)
[  0  2  0  0  0  1  0  1  0 ] (0.00002329)
[  0  2  0  0  0  1  0  1  1 ] (0.00477451)
[  0  2  0  0  0  1  0  2  0 ] (0.00001001)
[  0  2  0  0  0  1  1  0  0 ] (0.00009964)
[  0  2  0  0  0  1  1  0  1 ] (0.00161970)
[  0  2  0  0  0  1  1  1  0 ] (0.00683955)
[  0  2  0  0  0  1  2  0  0 ] (0.00006159)
[  0  2  0  0  0  2  0  0  0 ] (0.00000180)
[  0  2  0  0  0  2  0  0  1 ] (0.00000030)
[  0  2  0  0  0  2  0  1  0 ] (0.00000546)
[  0  2  0  0  0  2  1  0  0 ] (0.00019374)
[  0  2  0  0  0  3  0  0  0 ] (0.00000318)
[  0  2  0  0  1  0  0  0  0 ] (0.00000004)
[  0  2  0  0  1  0  0  0  1 ] (0.00000438)
[  0  2  0  0  1  0  0  0  2 ] (0.00001722)
[  0  2  0  0  1  0  0  1  0 ] (0.00000017)
[  0  2  0  0  1  0  0  1  1 ] (0.00001510)
[  0  2  0  0  1  0  0  2  0 ] (0.00002903)
[  0  2  0  0  1  0  1  0  0 ] (0.00000236)
[  0  2  0  0  1  0  1  0  1 ] (0.00019242)
[  0  2  0  0  1  0  1  1  0 ] (0.00023262)
[  0  2  0  0  1  0  2  0  0 ] (0.00000309)
[  0  2  0  0  1  1  0  0  0 ] (0.00000161)
[  0  2  0  0  1  1  0  0  1 ] (0.00000349)
[  0  2  0  0  1  1  0  1  0 ] (0.00000485)
[  0  2  0  0  1  1  1  0  0 ] (0.00004925)
[  0  2  0  0  1  2  0  0  0 ] (0.00000116)
[  0  2  0  0  2  0  0  0  0 ] (0.00000014)
[  0  2  0  0  2  0  0  0  1 ] (0.00000285)
[  0  2  0  0  2  0  0  1  0 ] (0.00001740)
[  0  2  0  0  2  0  1  0  0 ] (0.00000494)
[  0  2  0  0  2  1  0  0  0 ] (0.00000250)
[  0  2  0  0  3  0  0  0  0 ] (0.00000006)
[  0  2  0  1  0  0  0  0  0 ] (0.00000078)
[  0  2  0  1  0  0  0  0  1 ] (0.00000072)
[  0  2  0  1  0  0  0  0  2 ] (0.00000146)
[  0  2  0  1  0  0  0  1  0 ] (0.00000343)
[  0  2  0  1  0  0  0  1  1 ] (0.00257297)
[  0  2  0  1  0  0  0  2  0 ] (0.00000151)
[  0  2  0  1  0  0  1  0  0 ] (0.00003931)
[  0  2  0  1  0  0  1  0  1 ] (0.00058319)
[  0  2  0  1  0  0  1  1  0 ] (0.00159124)
[  0  2  0  1  0  0  2  0  0 ] (0.00000072)
[  0  2  0  1  0  1  0  0  0 ] (0.00000000)
[  0  2  0  1  0  1  0  0  1 ] (0.00000085)
[  0  2  0  1  0  1  0  1  0 ] (0.00000077)
[  0  2  0  1  0  1  1  0  0 ] (0.00000065)
[  0  2  0  1  0  2  0  0  0 ] (0.00000007)
[  0  2  0  1  1  0  0  0  0 ] (0.00000401)
[  0  2  0  1  1  0  0  0  1 ] (0.00000575)
[  0  2  0  1  1  0  0  1  0 ] (0.00003856)
[  0  2  0  1  1  0  1  0  0 ] (0.00001426)
[  0  2  0  1  1  1  0  0  0 ] (0.00000068)
[  0  2  0  1  2  0  0  0  0 ] (0.00000003)
[  0  2  0  2  0  0  0  0  0 ] (0.00000001)
[  0  2  0  2  0  0  0  0  1 ] (0.00000184)
[  0  2  0  2  0  0  0  1  0 ] (0.00000156)
[  0  2  0  2  0  0  1  0  0 ] (0.00000014)
[  0  2  0  2  0  1  0  0  0 ] (0.00000000)
[  0  2  0  2  1  0  0  0  0 ] (0.00000018)
[  0  2  0  3  0  0  0  0  0 ] (0.00000086)
[  0  2  1  0  0  0  0  0  0 ] (0.00000238)
[  0  2  1  0  0  0  0  0  1 ] (0.00000087)
[  0  2  1  0  0  0  0  0  2 ] (0.00000001)
[  0  2  1  0  0  0  0  1  0 ] (0.00005342)
[  0  2  1  0  0  0  0  1  1 ] (0.00151925)
[  0  2  1  0  0  0  0  2  0 ] (0.00006515)
[  0  2  1  0  0  0  1  0  0 ] (0.00000900)
[  0  2  1  0  0  0  1  0  1 ] (0.00007051)
[  0  2  1  0  0  0  1  1  0 ] (0.00002058)
[  0  2  1  0  0  0  2  0  0 ] (0.00001508)
[  0  2  1  0  0  1  0  0  0 ] (0.00001316)
[  0  2  1  0  0  1  0  0  1 ] (0.00001201)
[  0  2  1  0  0  1  0  1  0 ] (0.00002138)
[  0  2  1  0  0  1  1  0  0 ] (0.00000290)
[  0  2  1  0  0  2  0  0  0 ] (0.00000076)
[  0  2  1  0  1  0  0  0  0 ] (0.00000039)
[  0  2  1  0  1  0  0  0  1 ] (0.00000050)
[  0  2  1  0  1  0  0  1  0 ] (0.00007233)
[  0  2  1  0  1  0  1  0  0 ] (0.00000871)
[  0  2  1  0  1  1  0  0  0 ] (0.00000036)
[  0  2  1  0  2  0  0  0  0 ] (0.00000032)
[  0  2  1  1  0  0  0  0  0 ] (0.00000191)
[  0  2  1  1  0  0  0  0  1 ] (0.00000338)
[  0  2  1  1  0  0  0  1  0 ] (0.00000407)
[  0  2  1  1  0  0  1  0  0 ] (0.00003644)
[  0  2  1  1  0  1  0  0  0 ] (0.00000236)
[  0  2  1  1  1  0  0  0  0 ] (0.00000340)
[  0  2  1  2  0  0  0  0  0 ] (0.00000005)
[  0  2  2  0  0  0  0  0  0 ] (0.00000120)
[  0  2  2  0  0  0  0  0  1 ] (0.00000014)
[  0  2  2  0  0  0  0  1  0 ] (0.00000000)
[  0  2  2  0  0  0  1  0  0 ] (0.00000002)
[  0  2  2  0  0  1  0  0  0 ] (0.00000015)
[  0  2  2  0  1  0  0  0  0 ] (0.00000002)
[  0  2  2  1  0  0  0  0  0 ] (0.00000002)
[  0  2  3  0  0  0  0  0  0 ] (0.00000085)
[  0  3  0  0  0  0  0  0  0 ] (0.00000078)
[  0  3  0  0  0  0  0  0  1 ] (0.00000791)
[  0  3  0  0  0  0  0  0  2 ] (0.00004559)
[  0  3  0  0  0  0  0  1  0 ] (0.00001996)
[  0  3  0  0  0  0  0  1  1 ] (0.00086931)
[  0  3  0  0  0  0  0  2  0 ] (0.00002284)
[  0  3  0  0  0  0  1  0  0 ] (0.00000752)
[  0  3  0  0  0  0  1  0  1 ] (0.00013869)
[  0  3  0  0  0  0  1  1  0 ] (0.00009480)
[  0  3  0  0  0  0  2  0  0 ] (0.00000143)
[  0  3  0  0  0  1  0  0  0 ] (0.00000010)
[  0  3  0  0  0  1  0  0  1 ] (0.00000000)
[  0  3  0  0  0  1  0  1  0 ] (0.00008142)
[  0  3  0  0  0  1  1  0  0 ] (0.00000382)
[  0  3  0  0  0  2  0  0  0 ] (0.00000243)
[  0  3  0  0  1  0  0  0  0 ] (0.00000011)
[  0  3  0  0  1  0  0  0  1 ] (0.00001804)
[  0  3  0  0  1  0  0  1  0 ] (0.00001651)
[  0  3  0  0  1  0  1  0  0 ] (0.00001408)
[  0  3  0  0  1  1  0  0  0 ] (0.00000255)
[  0  3  0  0  2  0  0  0  0 ] (0.00000005)
[  0  3  0  1  0  0  0  0  0 ] (0.00000008)
[  0  3  0  1  0  0  0  0  1 ] (0.00000254)
[  0  3  0  1  0  0  0  1  0 ] (0.00000991)
[  0  3  0  1  0  0  1  0  0 ] (0.00000028)
[  0  3  0  1  0  1  0  0  0 ] (0.00000064)
[  0  3  0  1  1  0  0  0  0 ] (0.00000150)
[  0  3  0  2  0  0  0  0  0 ] (0.00000047)
[  0  3  1  0  0  0  0  0  0 ] (0.00000005)
[  0  3  1  0  0  0  0  0  1 ] (0.00000010)
[  0  3  1  0  0  0  0  1  0 ] (0.00002118)
[  0  3  1  0  0  0  1  0  0 ] (0.00000178)
[  0  3  1  0  0  1  0  0  0 ] (0.00000142)
[  0  3  1  0  1  0  0  0  0 ] (0.00000350)
[  0  3  1  1  0  0  0  0  0 ] (0.00000233)
[  0  3  2  0  0  0  0  0  0 ] (0.00000080)
[  0  4  0  0  0  0  0  0  0 ] (0.00000017)
[  0  4  0  0  0  0  0  0  1 ] (0.00000743)
[  0  4  0  0  0  0  0  1  0 ] (0.00000031)
[  0  4  0  0  0  0  1  0  0 ] (0.00008725)
[  0  4  0  0  0  1  0  0  0 ] (0.00000519)
[  0  4  0  0  1  0  0  0  0 ] (0.00000145)
[  0  4  0  1  0  0  0  0  0 ] (0.00000044)
[  0  4  1  0  0  0  0  0  0 ] (0.00000004)
[  0  5  0  0  0  0  0  0  0 ] (0.00000004)
[  1  0  0  0  0  0  0  0  0 ] (0.00000111)
[  1  0  0  0  0  0  0  0  1 ] (0.00000253)
[  1  0  0  0  0  0  0  0  2 ] (0.00000059)
[  1  0  0  0  0  0  0  0  3 ] (0.00055571)
[  1  0  0  0  0  0  0  0  4 ] (0.00000008)
[  1  0  0  0  0  0  0  1  0 ] (0.00000755)
[  1  0  0  0  0  0  0  1  1 ] (0.00063578)
[  1  0  0  0  0  0  0  1  2 ] (0.02110017)
[  1  0  0  0  0  0  0  1  3 ] (0.00006608)
[  1  0  0  0  0  0  0  2  0 ] (0.00005584)
[  1  0  0  0  0  0  0  2  1 ] (0.00019526)
[  1  0  0  0  0  0  0  2  2 ] (0.00000007)
[  1  0  0  0  0  0  0  3  0 ] (0.00004562)
[  1  0  0  0  0  0  0  3  1 ] (0.00040675)
[  1  0  0  0  0  0  0  4  0 ] (0.00000204)
[  1  0  0  0  0  0  1  0  0 ] (0.00000144)
[  1  0  0  0  0  0  1  0  1 ] (0.00026666)
[  1  0  0  0  0  0  1  0  2 ] (0.00004019)
[  1  0  0  0  0  0  1  0  3 ] (0.00000422)
[  1  0  0  0  0  0  1  1  0 ] (0.00008357)
[  1  0  0  0  0  0  1  1  1 ] (0.00036584)
[  1  0  0  0  0  0  1  1  2 ] (0.00006366)
[  1  0  0  0  0  0  1  2  0 ] (0.00034501)
[  1  0  0  0  0  0  1  2  1 ] (0.00003662)
[  1  0  0  0  0  0  1  3  0 ] (0.00001803)
[  1  0  0  0  0  0  2  0  0 ] (0.00003502)
[  1  0  0  0  0  0  2  0  1 ] (0.00021881)
[  1  0  0  0  0  0  2  0  2 ] (0.00023678)
[  1  0  0  0  0  0  2  1  0 ] (0.00001860)
[  1  0  0  0  0  0  2  1  1 ] (0.00001941)
[  1  0  0  0  0  0  2  2  0 ] (0.00001331)
[  1  0  0  0  0  0  3  0  0 ] (0.00009555)
[  1  0  0  0  0  0  3  0  1 ] (0.00011479)
[  1  0  0  0  0  0  3  1  0 ] (0.00000356)
[  1  0  0  0  0  0  4  0  0 ] (0.00805283)
[  1  0  0  0  0  1  0  0  0 ] (0.00000030)
[  1  0  0  0  0  1  0  0  1 ] (0.00000588)
[  1  0  0  0  0  1  0  0  2 ] (0.00001773)
[  1  0  0  0  0  1  0  0  3 ] (0.00000743)
[  1  0  0  0  0  1  0  1  0 ] (0.00002414)
[  1  0  0  0  0  1  0  1  1 ] (0.00006152)
[  1  0  0  0  0  1  0  1  2 ] (0.00110901)
[  1  0  0  0  0  1  0  2  0 ] (0.00000874)
[  1  0  0  0  0  1  0  2  1 ] (0.00001171)
[  1  0  0  0  0  1  0  3  0 ] (0.00172603)
[  1  0  0  0  0  1  1  0  0 ] (0.00001350)
[  1  0  0  0  0  1  1  0  1 ] (0.00002572)
[  1  0  0  0  0  1  1  0  2 ] (0.00006794)
[  1  0  0  0  0  1  1  1  0 ] (0.00004536)
[  1  0  0  0  0  1  1  1  1 ] (0.00002369)
[  1  0  0  0  0  1  1  2  0 ] (0.00003145)
[  1  0  0  0  0  1  2  0  0 ] (0.00000274)
[  1  0  0  0  0  1  2  0  1 ] (0.00000014)
[  1  0  0  0  0  1  2  1  0 ] (0.00012630)
[  1  0  0  0  0  1  3  0  0 ] (0.00072011)
[  1  0  0  0  0  2  0  0  0 ] (0.00000145)
[  1  0  0  0  0  2  0  0  1 ] (0.00005038)
[  1  0  0  0  0  2  0  0  2 ] (0.00028838)
[  1  0  0  0  0  2  0  1  0 ] (0.00001287)
[  1  0  0  0  0  2  0  1  1 ] (0.00028317)
[  1  0  0  0  0  2  0  2  0 ] (0.00000009)
[  1  0  0  0  0  2  1  0  0 ] (0.00020557)
[  1  0  0  0  0  2  1  0  1 ] (0.00126417)
[  1  0  0  0  0  2  1  1  0 ] (0.00804887)
[  1  0  0  0  0  2  2  0  0 ] (0.00010686)
[  1  0  0  0  0  3  0  0  0 ] (0.00002114)
[  1  0  0  0  0  3  0  0  1 ] (0.00039884)
[  1  0  0  0  0  3  0  1  0 ] (0.00045421)
[  1  0  0  0  0  3  1  0  0 ] (0.00018484)
[  1  0  0  0  0  4  0  0  0 ] (0.00001135)
[  1  0  0  0  1  0  0  0  0 ] (0.00000372)
[  1  0  0  0  1  0  0  0  1 ] (0.00000766)
[  1  0  0  0  1  0  0  0  2 ] (0.00018537)
[  1  0  0  0  1  0  0  0  3 ] (0.00002346)
[  1  0  0  0  1  0  0  1  0 ] (0.00000236)
[  1  0  0  0  1  0  0  1  1 ] (0.00008290)
[  1  0  0  0  1  0  0  1  2 ] (0.00000479)
[  1  0  0  0  1  0  0  2  0 ] (0.00015976)
[  1  0  0  0  1  0  0  2  1 ] (0.00083952)
[  1  0  0  0  1  0  0  3  0 ] (0.00011701)
[  1  0  0  0  1  0  1  0  0 ] (0.00000196)
[  1  0  0  0  1  0  1  0  1 ] (0.00001496)
[  1  0  0  0  1  0  1  0  2 ] (0.00009189)
[  1  0  0  0  1  0  1  1  0 ] (0.00001495)
[  1  0  0  0  1  0  1  1  1 ] (0.00003077)
[  1  0  0  0  1  0  1  2  0 ] (0.00000948)
[  1  0  0  0  1  0  2  0  0 ] (0.00001154)
[  1  0  0  0  1  0  2  0  1 ] (0.00009273)
[  1  0  0  0  1  0  2  1  0 ] (0.00133327)
[  1  0  0  0  1  0  3  0  0 ] (0.00000180)
[  1  0  0  0  1  1  0  0  0 ] (0.00000422)
[  1  0  0  0  1  1  0  0  1 ] (0.00000208)
[  1  0  0  0  1  1  0  0  2 ] (0.00030261)
[  1  0  0  0  1  1  0  1  0 ] (0.00001728)
[  1  0  0  0  1  1  0  1  1 ] (0.00000117)
[  1  0  0  0  1  1  0  2  0 ] (0.02242058)
[  1  0  0  0  1  1  1  0  0 ] (0.00004865)
[  1  0  0  0  1  1  1  0  1 ] (0.00000798)
[  1  0  0  0  1  1  1  1  0 ] (0.00008995)
[  1  0  0  0  1  1  2  0  0 ] (0.00000153)
[  1  0  0  0  1  2  0  0  0 ] (0.00001934)
[  1  0  0  0  1  2  0  0  1 ] (0.00002089)
[  1  0  0  0  1  2  0  1  0 ] (0.00000334)
[  1  0  0  0  1  2  1  0  0 ] (0.00000944)
[  1  0  0  0  1  3  0  0  0 ] (0.00001304)
[  1  0  0  0  2  0  0  0  0 ] (0.00000129)
[  1  0  0  0  2  0  0  0  1 ] (0.00001762)
[  1  0  0  0  2  0  0  0  2 ] (0.00039289)
[  1  0  0  0  2  0  0  1  0 ] (0.00000523)
[  1  0  0  0  2  0  0  1  1 ] (0.00000329)
[  1  0  0  0  2  0  0  2  0 ] (0.00023261)
[  1  0  0  0  2  0  1  0  0 ] (0.00000532)
[  1  0  0  0  2  0  1  0  1 ] (0.00003238)
[  1  0  0  0  2  0  1  1  0 ] (0.00023340)
[  1  0  0  0  2  0  2  0  0 ] (0.00001388)
[  1  0  0  0  2  1  0  0  0 ] (0.00002774)
[  1  0  0  0  2  1  0  0  1 ] (0.00010285)
[  1  0  0  0  2  1  0  1  0 ] (0.00006661)
[  1  0  0  0  2  1  1  0  0 ] (0.00000060)
[  1  0  0  0  2  2  0  0  0 ] (0.00000072)
[  1  0  0  0  3  0  0  0  0 ] (0.00000145)
[  1  0  0  0  3  0  0  0  1 ] (0.00001697)
[  1  0  0  0  3  0  0  1  0 ] (0.00000008)
[  1  0  0  0  3  0  1  0  0 ] (0.00000038)
[  1  0  0  0  3  1  0  0  0 ] (0.00000077)
[  1  0  0  0  4  0  0  0  0 ] (0.00000906)
[  1  0  0  1  0  0  0  0  0 ] (0.00001043)
[  1  0  0  1  0  0  0  0  1 ] (0.00011096)
[  1  0  0  1  0  0  0  0  2 ] (0.00291403)
[  1  0  0  1  0  0  0  0  3 ] (0.00026083)
[  1  0  0  1  0  0  0  1  0 ] (0.00000177)
[  1  0  0  1  0  0  0  1  1 ] (0.00001041)
[  1  0  0  1  0  0  0  1  2 ] (0.00009049)
[  1  0  0  1  0  0  0  2  0 ] (0.00000586)
[  1  0  0  1  0  0  0  2  1 ] (0.00009522)
[  1  0  0  1  0  0  0  3  0 ] (0.00078306)
[  1  0  0  1  0  0  1  0  0 ] (0.00003297)
[  1  0  0  1  0  0  1  0  1 ] (0.00007183)
[  1  0  0  1  0  0  1  0  2 ] (0.00004853)
[  1  0  0  1  0  0  1  1  0 ] (0.00003114)
[  1  0  0  1  0  0  1  1  1 ] (0.00000436)
[  1  0  0  1  0  0  1  2  0 ] (0.00083201)
[  1  0  0  1  0  0  2  0  0 ] (0.00000104)
[  1  0  0  1  0  0  2  0  1 ] (0.00019146)
[  1  0  0  1  0  0  2  1  0 ] (0.00107683)
[  1  0  0  1  0  0  3  0  0 ] (0.00022587)
[  1  0  0  1  0  1  0  0  0 ] (0.00000865)
[  1  0  0  1  0  1  0  0  1 ] (0.00064546)
[  1  0  0  1  0  1  0  0  2 ] (0.01739093)
[  1  0  0  1  0  1  0  1  0 ] (0.00000000)
[  1  0  0  1  0  1  0  1  1 ] (0.00028406)
[  1  0  0  1  0  1  0  2  0 ] (0.00151157)
[  1  0  0  1  0  1  1  0  0 ] (0.00000857)
[  1  0  0  1  0  1  1  0  1 ] (0.00040980)
[  1  0  0  1  0  1  1  1  0 ] (0.00038907)
[  1  0  0  1  0  1  2  0  0 ] (0.00011269)
[  1  0  0  1  0  2  0  0  0 ] (0.00000032)
[  1  0  0  1  0  2  0  0  1 ] (0.00017958)
[  1  0  0  1  0  2  0  1  0 ] (0.00000589)
[  1  0  0  1  0  2  1  0  0 ] (0.00027388)
[  1  0  0  1  0  3  0  0  0 ] (0.00000373)
[  1  0  0  1  1  0  0  0  0 ] (0.00000001)
[  1  0  0  1  1  0  0  0  1 ] (0.00036897)
[  1  0  0  1  1  0  0  0  2 ] (0.00584551)
[  1  0  0  1  1  0  0  1  0 ] (0.00002623)
[  1  0  0  1  1  0  0  1  1 ] (0.00004751)
[  1  0  0  1  1  0  0  2  0 ] (0.00993036)
[  1  0  0  1  1  0  1  0  0 ] (0.00019847)
[  1  0  0  1  1  0  1  0  1 ] (0.00002086)
[  1  0  0  1  1  0  1  1  0 ] (0.00013939)
[  1  0  0  1  1  0  2  0  0 ] (0.00005776)
[  1  0  0  1  1  1  0  0  0 ] (0.00000241)
[  1  0  0  1  1  1  0  0  1 ] (0.00049176)
[  1  0  0  1  1  1  0  1  0 ] (0.00081033)
[  1  0  0  1  1  1  1  0  0 ] (0.00008662)
[  1  0  0  1  1  2  0  0  0 ] (0.00000009)
[  1  0  0  1  2  0  0  0  0 ] (0.00005912)
[  1  0  0  1  2  0  0  0  1 ] (0.00035793)
[  1  0  0  1  2  0  0  1  0 ] (0.00013351)
[  1  0  0  1  2  0  1  0  0 ] (0.00001459)
[  1  0  0  1  2  1  0  0  0 ] (0.00000550)
[  1  0  0  1  3  0  0  0  0 ] (0.00000663)
[  1  0  0  2  0  0  0  0  0 ] (0.00000798)
[  1  0  0  2  0  0  0  0  1 ] (0.00001601)
[  1  0  0  2  0  0  0  0  2 ] (0.00000134)
[  1  0  0  2  0  0  0  1  0 ] (0.00007711)
[  1  0  0  2  0  0  0  1  1 ] (0.00002285)
[  1  0  0  2  0  0  0  2  0 ] (0.00000979)
[  1  0  0  2  0  0  1  0  0 ] (0.00002815)
[  1  0  0  2  0  0  1  0  1 ] (0.00012169)
[  1  0  0  2  0  0  1  1  0 ] (0.00004682)
[  1  0  0  2  0  0  2  0  0 ] (0.00001060)
[  1  0  0  2  0  1  0  0  0 ] (0.00000474)
[  1  0  0  2  0  1  0  0  1 ] (0.00000920)
[  1  0  0  2  0  1  0  1  0 ] (0.00011290)
[  1  0  0  2  0  1  1  0  0 ] (0.00002573)
[  1  0  0  2  0  2  0  0  0 ] (0.00000173)
[  1  0  0  2  1  0  0  0  0 ] (0.00001859)
[  1  0  0  2  1  0  0  0  1 ] (0.00002178)
[  1  0  0  2  1  0  0  1  0 ] (0.00000005)
[  1  0  0  2  1  0  1  0  0 ] (0.00002338)
[  1  0  0  2  1  1  0  0  0 ] (0.00000439)
[  1  0  0  2  2  0  0  0  0 ] (0.00000018)
[  1  0  0  3  0  0  0  0  0 ] (0.00000011)
[  1  0  0  3  0  0  0  0  1 ] (0.00000000)
[  1  0  0  3  0  0  0  1  0 ] (0.00012544)
[  1  0  0  3  0  0  1  0  0 ] (0.00000101)
[  1  0  0  3  0  1  0  0  0 ] (0.00000127)
[  1  0  0  3  1  0  0  0  0 ] (0.00000036)
[  1  0  0  4  0  0  0  0  0 ] (0.00000249)
[  1  0  1  0  0  0  0  0  0 ] (0.00000424)
[  1  0  1  0  0  0  0  0  1 ] (0.00001411)
[  1  0  1  0  0  0  0  0  2 ] (0.00030329)
[  1  0  1  0  0  0  0  0  3 ] (0.00016871)
[  1  0  1  0  0  0  0  1  0 ] (0.00003113)
[  1  0  1  0  0  0  0  1  1 ] (0.00002634)
[  1  0  1  0  0  0  0  1  2 ] (0.00030484)
[  1  0  1  0  0  0  0  2  0 ] (0.00000329)
[  1  0  1  0  0  0  0  2  1 ] (0.00000058)
[  1  0  1  0  0  0  0  3  0 ] (0.00046217)
[  1  0  1  0  0  0  1  0  0 ] (0.00001108)
[  1  0  1  0  0  0  1  0  1 ] (0.00009867)
[  1  0  1  0  0  0  1  0  2 ] (0.00042696)
[  1  0  1  0  0  0  1  1  0 ] (0.00004892)
[  1  0  1  0  0  0  1  1  1 ] (0.00001593)
[  1  0  1  0  0  0  1  2  0 ] (0.00000520)
[  1  0  1  0  0  0  2  0  0 ] (0.00005876)
[  1  0  1  0  0  0  2  0  1 ] (0.00044518)
[  1  0  1  0  0  0  2  1  0 ] (0.00000954)
[  1  0  1  0  0  0  3  0  0 ] (0.00000017)
[  1  0  1  0  0  1  0  0  0 ] (0.00000044)
[  1  0  1  0  0  1  0  0  1 ] (0.00001245)
[  1  0  1  0  0  1  0  0  2 ] (0.00055730)
[  1  0  1  0  0  1  0  1  0 ] (0.00005132)
[  1  0  1  0  0  1  0  1  1 ] (0.00027020)
[  1  0  1  0  0  1  0  2  0 ] (0.00000017)
[  1  0  1  0  0  1  1  0  0 ] (0.00000199)
[  1  0  1  0  0  1  1  0  1 ] (0.00038412)
[  1  0  1  0  0  1  1  1  0 ] (0.00001510)
[  1  0  1  0  0  1  2  0  0 ] (0.00001748)
[  1  0  1  0  0  2  0  0  0 ] (0.00000035)
[  1  0  1  0  0  2  0  0  1 ] (0.00000124)
[  1  0  1  0  0  2  0  1  0 ] (0.00001380)
[  1  0  1  0  0  2  1  0  0 ] (0.00005626)
[  1  0  1  0  0  3  0  0  0 ] (0.00000162)
[  1  0  1  0  1  0  0  0  0 ] (0.00001581)
[  1  0  1  0  1  0  0  0  1 ] (0.00074195)
[  1  0  1  0  1  0  0  0  2 ] (0.00817628)
[  1  0  1  0  1  0  0  1  0 ] (0.00000071)
[  1  0  1  0  1  0  0  1  1 ] (0.00000174)
[  1  0  1  0  1  0  0  2  0 ] (0.00058186)
[  1  0  1  0  1  0  1  0  0 ] (0.00000253)
[  1  0  1  0  1  0  1  0  1 ] (0.00001749)
[  1  0  1  0  1  0  1  1  0 ] (0.00005847)
[  1  0  1  0  1  0  2  0  0 ] (0.00007009)
[  1  0  1  0  1  1  0  0  0 ] (0.00001651)
[  1  0  1  0  1  1  0  0  1 ] (0.00078566)
[  1  0  1  0  1  1  0  1  0 ] (0.00001204)
[  1  0  1  0  1  1  1  0  0 ] (0.00000005)
[  1  0  1  0  1  2  0  0  0 ] (0.00000625)
[  1  0  1  0  2  0  0  0  0 ] (0.00000020)
[  1  0  1  0  2  0  0  0  1 ] (0.00007717)
[  1  0  1  0  2  0  0  1  0 ] (0.00004633)
[  1  0  1  0  2  0  1  0  0 ] (0.00000076)
[  1  0  1  0  2  1  0  0  0 ] (0.00000442)
[  1  0  1  0  3  0  0  0  0 ] (0.00000328)
[  1  0  1  1  0  0  0  0  0 ] (0.00000304)
[  1  0  1  1  0  0  0  0  1 ] (0.00011010)
[  1  0  1  1  0  0  0  0  2 ] (0.00069676)
[  1  0  1  1  0  0  0  1  0 ] (0.00003919)
[  1  0  1  1  0  0  0  1  1 ] (0.00243371)
[  1  0  1  1  0  0  0  2  0 ] (0.00028852)
[  1  0  1  1  0  0  1  0  0 ] (0.00007188)
[  1  0  1  1  0  0  1  0  1 ] (0.00052494)
[  1  0  1  1  0  0  1  1  0 ] (0.00669100)
[  1  0  1  1  0  0  2  0  0 ] (0.00004022)
[  1  0  1  1  0  1  0  0  0 ] (0.00000218)
[  1  0  1  1  0  1  0  0  1 ] (0.00009020)
[  1  0  1  1  0  1  0  1  0 ] (0.00000112)
[  1  0  1  1  0  1  1  0  0 ] (0.00005774)
[  1  0  1  1  0  2  0  0  0 ] (0.00000133)
[  1  0  1  1  1  0  0  0  0 ] (0.00000395)
[  1  0  1  1  1  0  0  0  1 ] (0.00000001)
[  1  0  1  1  1  0  0  1  0 ] (0.00034680)
[  1  0  1  1  1  0  1  0  0 ] (0.00024685)
[  1  0  1  1  1  1  0  0  0 ] (0.00000497)
[  1  0  1  1  2  0  0  0  0 ] (0.00000566)
[  1  0  1  2  0  0  0  0  0 ] (0.00000148)
[  1  0  1  2  0  0  0  0  1 ] (0.00000508)
[  1  0  1  2  0  0  0  1  0 ] (0.00022626)
[  1  0  1  2  0  0  1  0  0 ] (0.00000025)
[  1  0  1  2  0  1  0  0  0 ] (0.00000001)
[  1  0  1  2  1  0  0  0  0 ] (0.00000181)
[  1  0  1  3  0  0  0  0  0 ] (0.00000001)
[  1  0  2  0  0  0  0  0  0 ] (0.00000003)
[  1  0  2  0  0  0  0  0  1 ] (0.00000125)
[  1  0  2  0  0  0  0  0  2 ] (0.00000322)
[  1  0  2  0  0  0  0  1  0 ] (0.00001217)
[  1  0  2  0  0  0  0  1  1 ] (0.00006659)
[  1  0  2  0  0  0  0  2  0 ] (0.00000352)
[  1  0  2  0  0  0  1  0  0 ] (0.00000373)
[  1  0  2  0  0  0  1  0  1 ] (0.00000019)
[  1  0  2  0  0  0  1  1  0 ] (0.00001296)
[  1  0  2  0  0  0  2  0  0 ] (0.00000083)
[  1  0  2  0  0  1  0  0  0 ] (0.00000001)
[  1  0  2  0  0  1  0  0  1 ] (0.00000027)
[  1  0  2  0  0  1  0  1  0 ] (0.00000442)
[  1  0  2  0  0  1  1  0  0 ] (0.00000141)
[  1  0  2  0  0  2  0  0  0 ] (0.00000001)
[  1  0  2  0  1  0  0  0  0 ] (0.00000064)
[  1  0  2  0  1  0  0  0  1 ] (0.00000158)
[  1  0  2  0  1  0  0  1  0 ] (0.00000100)
[  1  0  2  0  1  0  1  0  0 ] (0.00000621)
[  1  0  2  0  1  1  0  0  0 ] (0.00000063)
[  1  0  2  0  2  0  0  0  0 ] (0.00000075)
[  1  0  2  1  0  0  0  0  0 ] (0.00000410)
[  1  0  2  1  0  0  0  0  1 ] (0.00003471)
[  1  0  2  1  0  0  0  1  0 ] (0.00000410)
[  1  0  2  1  0  0  1  0  0 ] (0.00001125)
[  1  0  2  1  0  1  0  0  0 ] (0.00000643)
[  1  0  2  1  1  0  0  0  0 ] (0.00000089)
[  1  0  2  2  0  0  0  0  0 ] (0.00000002)
[  1  0  3  0  0  0  0  0  0 ] (0.00000010)
[  1  0  3  0  0  0  0  0  1 ] (0.00000104)
[  1  0  3  0  0  0  0  1  0 ] (0.00001076)
[  1  0  3  0  0  0  1  0  0 ] (0.00000369)
[  1  0  3  0  0  1  0  0  0 ] (0.00000008)
[  1  0  3  0  1  0  0  0  0 ] (0.00000000)
[  1  0  3  1  0  0  0  0  0 ] (0.00000988)
[  1  0  4  0  0  0  0  0  0 ] (0.00000000)
[  1  1  0  0  0  0  0  0  0 ] (0.00000003)
[  1  1  0  0  0  0  0  0  1 ] (0.00000016)
[  1  1  0  0  0  0  0  0  2 ] (0.00000651)
[  1  1  0  0  0  0  0  0  3 ] (0.00020759)
[  1  1  0  0  0  0  0  1  0 ] (0.00000023)
[  1  1  0  0  0  0  0  1  1 ] (0.00003471)
[  1  1  0  0  0  0  0  1  2 ] (0.00119153)
[  1  1  0  0  0  0  0  2  0 ] (0.00005296)
[  1  1  0  0  0  0  0  2  1 ] (0.00003577)
[  1  1  0  0  0  0  0  3  0 ] (0.00018394)
[  1  1  0  0  0  0  1  0  0 ] (0.00000270)
[  1  1  0  0  0  0  1  0  1 ] (0.00007102)
[  1  1  0  0  0  0  1  0  2 ] (0.00042340)
[  1  1  0  0  0  0  1  1  0 ] (0.00007051)
[  1  1  0  0  0  0  1  1  1 ] (0.00010526)
[  1  1  0  0  0  0  1  2  0 ] (0.00032194)
[  1  1  0  0  0  0  2  0  0 ] (0.00025971)
[  1  1  0  0  0  0  2  0  1 ] (0.00223309)
[  1  1  0  0  0  0  2  1  0 ] (0.00228931)
[  1  1  0  0  0  0  3  0  0 ] (0.00011249)
[  1  1  0  0  0  1  0  0  0 ] (0.00000002)
[  1  1  0  0  0  1  0  0  1 ] (0.00000356)
[  1  1  0  0  0  1  0  0  2 ] (0.00013213)
[  1  1  0  0  0  1  0  1  0 ] (0.00001217)
[  1  1  0  0  0  1  0  1  1 ] (0.00035252)
[  1  1  0  0  0  1  0  2  0 ] (0.00008469)
[  1  1  0  0  0  1  1  0  0 ] (0.00000150)
[  1  1  0  0  0  1  1  0  1 ] (0.00080735)
[  1  1  0  0  0  1  1  1  0 ] (0.00159116)
[  1  1  0  0  0  1  2  0  0 ] (0.00003661)
[  1  1  0  0  0  2  0  0  0 ] (0.00001231)
[  1  1  0  0  0  2  0  0  1 ] (0.00000661)
[  1  1  0  0  0  2  0  1  0 ] (0.00000554)
[  1  1  0  0  0  2  1  0  0 ] (0.00004141)
[  1  1  0  0  0  3  0  0  0 ] (0.00000552)
[  1  1  0  0  1  0  0  0  0 ] (0.00000652)
[  1  1  0  0  1  0  0  0  1 ] (0.00005651)
[  1  1  0  0  1  0  0  0  2 ] (0.00000553)
[  1  1  0  0  1  0  0  1  0 ] (0.00000271)
[  1  1  0  0  1  0  0  1  1 ] (0.00002460)
[  1  1  0  0  1  0  0  2  0 ] (0.00000760)
[  1  1  0  0  1  0  1  0  0 ] (0.00000513)
[  1  1  0  0  1  0  1  0  1 ] (0.00048829)
[  1  1  0  0  1  0  1  1  0 ] (0.00002121)
[  1  1  0  0  1  0  2  0  0 ] (0.00001607)
[  1  1  0  0  1  1  0  0  0 ] (0.00002118)
[  1  1  0  0  1  1  0  0  1 ] (0.00003076)
[  1  1  0  0  1  1  0  1  0 ] (0.00019947)
[  1  1  0  0  1  1  1  0  0 ] (0.00002910)
[  1  1  0  0  1  2  0  0  0 ] (0.00000125)
[  1  1  0  0  2  0  0  0  0 ] (0.00000061)
[  1  1  0  0  2  0  0  0  1 ] (0.00000019)
[  1  1  0  0  2  0  0  1  0 ] (0.00000292)
[  1  1  0  0  2  0  1  0  0 ] (0.00000151)
[  1  1  0  0  2  1  0  0  0 ] (0.00000101)
[  1  1  0  0  3  0  0  0  0 ] (0.00000120)
[  1  1  0  1  0  0  0  0  0 ] (0.00001857)
[  1  1  0  1  0  0  0  0  1 ] (0.00007161)
[  1  1  0  1  0  0  0  0  2 ] (0.00103088)
[  1  1  0  1  0  0  0  1  0 ] (0.00000235)
[  1  1  0  1  0  0  0  1  1 ] (0.00122070)
[  1  1  0  1  0  0  0  2  0 ] (0.00060955)
[  1  1  0  1  0  0  1  0  0 ] (0.00007551)
[  1  1  0  1  0  0  1  0  1 ] (0.00144280)
[  1  1  0  1  0  0  1  1  0 ] (0.00041828)
[  1  1  0  1  0  0  2  0  0 ] (0.00000300)
[  1  1  0  1  0  1  0  0  0 ] (0.00003527)
[  1  1  0  1  0  1  0  0  1 ] (0.00011450)
[  1  1  0  1  0  1  0  1  0 ] (0.00004110)
[  1  1  0  1  0  1  1  0  0 ] (0.00000898)
[  1  1  0  1  0  2  0  0  0 ] (0.00000473)
[  1  1  0  1  1  0  0  0  0 ] (0.00002045)
[  1  1  0  1  1  0  0  0  1 ] (0.00003535)
[  1  1  0  1  1  0  0  1  0 ] (0.00025245)
[  1  1  0  1  1  0  1  0  0 ] (0.00020930)
[  1  1  0  1  1  1  0  0  0 ] (0.00001761)
[  1  1  0  1  2  0  0  0  0 ] (0.00000069)
[  1  1  0  2  0  0  0  0  0 ] (0.00000045)
[  1  1  0  2  0  0  0  0  1 ] (0.00000090)
[  1  1  0  2  0  0  0  1  0 ] (0.00023470)
[  1  1  0  2  0  0  1  0  0 ] (0.00000000)
[  1  1  0  2  0  1  0  0  0 ] (0.00000009)
[  1  1  0  2  1  0  0  0  0 ] (0.00000199)
[  1  1  0  3  0  0  0  0  0 ] (0.00000056)
[  1  1  1  0  0  0  0  0  0 ] (0.00000698)
[  1  1  1  0  0  0  0  0  1 ] (0.00004819)
[  1  1  1  0  0  0  0  0  2 ] (0.00005285)
[  1  1  1  0  0  0  0  1  0 ] (0.00000236)
[  1  1  1  0  0  0  0  1  1 ] (0.00015198)
[  1  1  1  0  0  0  0  2  0 ] (0.00002810)
[  1  1  1  0  0  0  1  0  0 ] (0.00000640)
[  1  1  1  0  0  0  1  0  1 ] (0.00000019)
[  1  1  1  0  0  0  1  1  0 ] (0.00000722)
[  1  1  1  0  0  0  2  0  0 ] (0.00000617)
[  1  1  1  0  0  1  0  0  0 ] (0.00000805)
[  1  1  1  0  0  1  0  0  1 ] (0.00000065)
[  1  1  1  0  0  1  0  1  0 ] (0.00000251)
[  1  1  1  0  0  1  1  0  0 ] (0.00000000)
[  1  1  1  0  0  2  0  0  0 ] (0.00000054)
[  1  1  1  0  1  0  0  0  0 ] (0.00002823)
[  1  1  1  0  1  0  0  0  1 ] (0.00007495)
[  1  1  1  0  1  0  0  1  0 ] (0.00000775)
[  1  1  1  0  1  0  1  0  0 ] (0.00000707)
[  1  1  1  0  1  1  0  0  0 ] (0.00000111)
[  1  1  1  0  2  0  0  0  0 ] (0.00000002)
[  1  1  1  1  0  0  0  0  0 ] (0.00000029)
[  1  1  1  1  0  0  0  0  1 ] (0.00000589)
[  1  1  1  1  0  0  0  1  0 ] (0.00000607)
[  1  1  1  1  0  0  1  0  0 ] (0.00002060)
[  1  1  1  1  0  1  0  0  0 ] (0.00000714)
[  1  1  1  1  1  0  0  0  0 ] (0.00000038)
[  1  1  1  2  0  0  0  0  0 ] (0.00000007)
[  1  1  2  0  0  0  0  0  0 ] (0.00000018)
[  1  1  2  0  0  0  0  0  1 ] (0.00000000)
[  1  1  2  0  0  0  0  1  0 ] (0.00000417)
[  1  1  2  0  0  0  1  0  0 ] (0.00000193)
[  1  1  2  0  0  1  0  0  0 ] (0.00000004)
[  1  1  2  0  1  0  0  0  0 ] (0.00000001)
[  1  1  2  1  0  0  0  0  0 ] (0.00000047)
[  1  1  3  0  0  0  0  0  0 ] (0.00000057)
[  1  2  0  0  0  0  0  0  0 ] (0.00000246)
[  1  2  0  0  0  0  0  0  1 ] (0.00004752)
[  1  2  0  0  0  0  0  0  2 ] (0.00000432)
[  1  2  0  0  0  0  0  1  0 ] (0.00013674)
[  1  2  0  0  0  0  0  1  1 ] (0.00101507)
[  1  2  0  0  0  0  0  2  0 ] (0.00000070)
[  1  2  0  0  0  0  1  0  0 ] (0.00007889)
[  1  2  0  0  0  0  1  0  1 ] (0.00011540)
[  1  2  0  0  0  0  1  1  0 ] (0.00173711)
[  1  2  0  0  0  0  2  0  0 ] (0.00000527)
[  1  2  0  0  0  1  0  0  0 ] (0.00000144)
[  1  2  0  0  0  1  0  0  1 ] (0.00001304)
[  1  2  0  0  0  1  0  1  0 ] (0.00002265)
[  1  2  0  0  0  1  1  0  0 ] (0.00003195)
[  1  2  0  0  0  2  0  0  0 ] (0.00000076)
[  1  2  0  0  1  0  0  0  0 ] (0.00001261)
[  1  2  0  0  1  0  0  0  1 ] (0.00001089)
[  1  2  0  0  1  0  0  1  0 ] (0.00003125)
[  1  2  0  0  1  0  1  0  0 ] (0.00002864)
[  1  2  0  0  1  1  0  0  0 ] (0.00000037)
[  1  2  0  0  2  0  0  0  0 ] (0.00000024)
[  1  2  0  1  0  0  0  0  0 ] (0.00000114)
[  1  2  0  1  0  0  0  0  1 ] (0.00000004)
[  1  2  0  1  0  0  0  1  0 ] (0.00001468)
[  1  2  0  1  0  0  1  0  0 ] (0.00001997)
[  1  2  0  1  0  1  0  0  0 ] (0.00000024)
[  1  2  0  1  1  0  0  0  0 ] (0.00000070)
[  1  2  0  2  0  0  0  0  0 ] (0.00000000)
[  1  2  1  0  0  0  0  0  0 ] (0.00000001)
[  1  2  1  0  0  0  0  0  1 ] (0.00000108)
[  1  2  1  0  0  0  0  1  0 ] (0.00000613)
[  1  2  1  0  0  0  1  0  0 ] (0.00000475)
[  1  2  1  0  0  1  0  0  0 ] (0.00000000)
[  1  2  1  0  1  0  0  0  0 ] (0.00000047)
[  1  2  1  1  0  0  0  0  0 ] (0.00000013)
[  1  2  2  0  0  0  0  0  0 ] (0.00000001)
[  1  3  0  0  0  0  0  0  0 ] (0.00000054)
[  1  3  0  0  0  0  0  0  1 ] (0.00002054)
[  1  3  0  0  0  0  0  1  0 ] (0.00000346)
[  1  3  0  0  0  0  1  0  0 ] (0.00004407)
[  1  3  0  0  0  1  0  0  0 ] (0.00000000)
[  1  3  0  0  1  0  0  0  0 ] (0.00000104)
[  1  3  0  1  0  0  0  0  0 ] (0.00000067)
[  1  3  1  0  0  0  0  0  0 ] (0.00000010)
[  1  4  0  0  0  0  0  0  0 ] (0.00000010)
[  2  0  0  0  0  0  0  0  0 ] (0.00000055)
[  2  0  0  0  0  0  0  0  1 ] (0.00001294)
[  2  0  0  0  0  0  0  0  2 ] (0.00035220)
[  2  0  0  0  0  0  0  0  3 ] (0.00000002)
[  2  0  0  0  0  0  0  1  0 ] (0.00004610)
[  2  0  0  0  0  0  0  1  1 ] (0.00098878)
[  2  0  0  0  0  0  0  1  2 ] (0.00132576)
[  2  0  0  0  0  0  0  2  0 ] (0.00001176)
[  2  0  0  0  0  0  0  2  1 ] (0.00301512)
[  2  0  0  0  0  0  0  3  0 ] (0.00007822)
[  2  0  0  0  0  0  1  0  0 ] (0.00000091)
[  2  0  0  0  0  0  1  0  1 ] (0.00031375)
[  2  0  0  0  0  0  1  0  2 ] (0.00236119)
[  2  0  0  0  0  0  1  1  0 ] (0.00033754)
[  2  0  0  0  0  0  1  1  1 ] (0.00025943)
[  2  0  0  0  0  0  1  2  0 ] (0.00290965)
[  2  0  0  0  0  0  2  0  0 ] (0.00001403)
[  2  0  0  0  0  0  2  0  1 ] (0.00054797)
[  2  0  0  0  0  0  2  1  0 ] (0.00570491)
[  2  0  0  0  0  0  3  0  0 ] (0.00000982)
[  2  0  0  0  0  1  0  0  0 ] (0.00000206)
[  2  0  0  0  0  1  0  0  1 ] (0.00001649)
[  2  0  0  0  0  1  0  0  2 ] (0.00041443)
[  2  0  0  0  0  1  0  1  0 ] (0.00010098)
[  2  0  0  0  0  1  0  1  1 ] (0.00016396)
[  2  0  0  0  0  1  0  2  0 ] (0.00084011)
[  2  0  0  0  0  1  1  0  0 ] (0.00009802)
[  2  0  0  0  0  1  1  0  1 ] (0.00077461)
[  2  0  0  0  0  1  1  1  0 ] (0.01295103)
[  2  0  0  0  0  1  2  0  0 ] (0.00000010)
[  2  0  0  0  0  2  0  0  0 ] (0.00000256)
[  2  0  0  0  0  2  0  0  1 ] (0.00000081)
[  2  0  0  0  0  2  0  1  0 ] (0.00000681)
[  2  0  0  0  0  2  1  0  0 ] (0.00014634)
[  2  0  0  0  0  3  0  0  0 ] (0.00000102)
[  2  0  0  0  1  0  0  0  0 ] (0.00000026)
[  2  0  0  0  1  0  0  0  1 ] (0.00000440)
[  2  0  0  0  1  0  0  0  2 ] (0.00000466)
[  2  0  0  0  1  0  0  1  0 ] (0.00006383)
[  2  0  0  0  1  0  0  1  1 ] (0.00038506)
[  2  0  0  0  1  0  0  2  0 ] (0.00012054)
[  2  0  0  0  1  0  1  0  0 ] (0.00008045)
[  2  0  0  0  1  0  1  0  1 ] (0.00069277)
[  2  0  0  0  1  0  1  1  0 ] (0.00210195)
[  2  0  0  0  1  0  2  0  0 ] (0.00012039)
[  2  0  0  0  1  1  0  0  0 ] (0.00001289)
[  2  0  0  0  1  1  0  0  1 ] (0.00001547)
[  2  0  0  0  1  1  0  1  0 ] (0.00011884)
[  2  0  0  0  1  1  1  0  0 ] (0.00000179)
[  2  0  0  0  1  2  0  0  0 ] (0.00000137)
[  2  0  0  0  2  0  0  0  0 ] (0.00000225)
[  2  0  0  0  2  0  0  0  1 ] (0.00000029)
[  2  0  0  0  2  0  0  1  0 ] (0.00001511)
[  2  0  0  0  2  0  1  0  0 ] (0.00000255)
[  2  0  0  0  2  1  0  0  0 ] (0.00000102)
[  2  0  0  0  3  0  0  0  0 ] (0.00000400)
[  2  0  0  1  0  0  0  0  0 ] (0.00000001)
[  2  0  0  1  0  0  0  0  1 ] (0.00000209)
[  2  0  0  1  0  0  0  0  2 ] (0.00000950)
[  2  0  0  1  0  0  0  1  0 ] (0.00017595)
[  2  0  0  1  0  0  0  1  1 ] (0.00022241)
[  2  0  0  1  0  0  0  2  0 ] (0.00002605)
[  2  0  0  1  0  0  1  0  0 ] (0.00005041)
[  2  0  0  1  0  0  1  0  1 ] (0.00035450)
[  2  0  0  1  0  0  1  1  0 ] (0.00220234)
[  2  0  0  1  0  0  2  0  0 ] (0.00000382)
[  2  0  0  1  0  1  0  0  0 ] (0.00000493)
[  2  0  0  1  0  1  0  0  1 ] (0.00001439)
[  2  0  0  1  0  1  0  1  0 ] (0.00001317)
[  2  0  0  1  0  1  1  0  0 ] (0.00007206)
[  2  0  0  1  0  2  0  0  0 ] (0.00000178)
[  2  0  0  1  1  0  0  0  0 ] (0.00001474)
[  2  0  0  1  1  0  0  0  1 ] (0.00009078)
[  2  0  0  1  1  0  0  1  0 ] (0.00025550)
[  2  0  0  1  1  0  1  0  0 ] (0.00002899)
[  2  0  0  1  1  1  0  0  0 ] (0.00000132)
[  2  0  0  1  2  0  0  0  0 ] (0.00000000)
[  2  0  0  2  0  0  0  0  0 ] (0.00000039)
[  2  0  0  2  0  0  0  0  1 ] (0.00000365)
[  2  0  0  2  0  0  0  1  0 ] (0.00001046)
[  2  0  0  2  0  0  1  0  0 ] (0.00000185)
[  2  0  0  2  0  1  0  0  0 ] (0.00000006)
[  2  0  0  2  1  0  0  0  0 ] (0.00000002)
[  2  0  0  3  0  0  0  0  0 ] (0.00000011)
[  2  0  1  0  0  0  0  0  0 ] (0.00000398)
[  2  0  1  0  0  0  0  0  1 ] (0.00000108)
[  2  0  1  0  0  0  0  0  2 ] (0.00000771)
[  2  0  1  0  0  0  0  1  0 ] (0.00019741)
[  2  0  1  0  0  0  0  1  1 ] (0.00347113)
[  2  0  1  0  0  0  0  2  0 ] (0.00002328)
[  2  0  1  0  0  0  1  0  0 ] (0.00000861)
[  2  0  1  0  0  0  1  0  1 ] (0.00000104)
[  2  0  1  0  0  0  1  1  0 ] (0.00016626)
[  2  0  1  0  0  0  2  0  0 ] (0.00000799)
[  2  0  1  0  0  1  0  0  0 ] (0.00000196)
[  2  0  1  0  0  1  0  0  1 ] (0.00000010)
[  2  0  1  0  0  1  0  1  0 ] (0.00010201)
[  2  0  1  0  0  1  1  0  0 ] (0.00000255)
[  2  0  1  0  0  2  0  0  0 ] (0.00000027)
[  2  0  1  0  1  0  0  0  0 ] (0.00000093)
[  2  0  1  0  1  0  0  0  1 ] (0.00001292)
[  2  0  1  0  1  0  0  1  0 ] (0.00003443)
[  2  0  1  0  1  0  1  0  0 ] (0.00000026)
[  2  0  1  0  1  1  0  0  0 ] (0.00000166)
[  2  0  1  0  2  0  0  0  0 ] (0.00000009)
[  2  0  1  1  0  0  0  0  0 ] (0.00001018)
[  2  0  1  1  0  0  0  0  1 ] (0.00000307)
[  2  0  1  1  0  0  0  1  0 ] (0.00000466)
[  2  0  1  1  0  0  1  0  0 ] (0.00000295)
[  2  0  1  1  0  1  0  0  0 ] (0.00000099)
[  2  0  1  1  1  0  0  0  0 ] (0.00000082)
[  2  0  1  2  0  0  0  0  0 ] (0.00000009)
[  2  0  2  0  0  0  0  0  0 ] (0.00000020)
[  2  0  2  0  0  0  0  0  1 ] (0.00000002)
[  2  0  2  0  0  0  0  1  0 ] (0.00000094)
[  2  0  2  0  0  0  1  0  0 ] (0.00000049)
[  2  0  2  0  0  1  0  0  0 ] (0.00000002)
[  2  0  2  0  1  0  0  0  0 ] (0.00000010)
[  2  0  2  1  0  0  0  0  0 ] (0.00000011)
[  2  0  3  0  0  0  0  0  0 ] (0.00000135)
[  2  1  0  0  0  0  0  0  0 ] (0.00000141)
[  2  1  0  0  0  0  0  0  1 ] (0.00000076)
[  2  1  0  0  0  0  0  0  2 ] (0.00050508)
[  2  1  0  0  0  0  0  1  0 ] (0.00019560)
[  2  1  0  0  0  0  0  1  1 ] (0.00636172)
[  2  1  0  0  0  0  0  2  0 ] (0.00000119)
[  2  1  0  0  0  0  1  0  0 ] (0.00001174)
[  2  1  0  0  0  0  1  0  1 ] (0.00001971)
[  2  1  0  0  0  0  1  1  0 ] (0.00445539)
[  2  1  0  0  0  0  2  0  0 ] (0.00002425)
[  2  1  0  0  0  1  0  0  0 ] (0.00000547)
[  2  1  0  0  0  1  0  0  1 ] (0.00002734)
[  2  1  0  0  0  1  0  1  0 ] (0.00027426)
[  2  1  0  0  0  1  1  0  0 ] (0.00000266)
[  2  1  0  0  0  2  0  0  0 ] (0.00000321)
[  2  1  0  0  1  0  0  0  0 ] (0.00000843)
[  2  1  0  0  1  0  0  0  1 ] (0.00000021)
[  2  1  0  0  1  0  0  1  0 ] (0.00000969)
[  2  1  0  0  1  0  1  0  0 ] (0.00000135)
[  2  1  0  0  1  1  0  0  0 ] (0.00000043)
[  2  1  0  0  2  0  0  0  0 ] (0.00000002)
[  2  1  0  1  0  0  0  0  0 ] (0.00000873)
[  2  1  0  1  0  0  0  0  1 ] (0.00003398)
[  2  1  0  1  0  0  0  1  0 ] (0.00000084)
[  2  1  0  1  0  0  1  0  0 ] (0.00001245)
[  2  1  0  1  0  1  0  0  0 ] (0.00000228)
[  2  1  0  1  1  0  0  0  0 ] (0.00000081)
[  2  1  0  2  0  0  0  0  0 ] (0.00000000)
[  2  1  1  0  0  0  0  0  0 ] (0.00000087)
[  2  1  1  0  0  0  0  0  1 ] (0.00000000)
[  2  1  1  0  0  0  0  1  0 ] (0.00000523)
[  2  1  1  0  0  0  1  0  0 ] (0.00000205)
[  2  1  1  0  0  1  0  0  0 ] (0.00000013)
[  2  1  1  0  1  0  0  0  0 ] (0.00000007)
[  2  1  1  1  0  0  0  0  0 ] (0.00000033)
[  2  1  2  0  0  0  0  0  0 ] (0.00000004)
[  2  2  0  0  0  0  0  0  0 ] (0.00000000)
[  2  2  0  0  0  0  0  0  1 ] (0.00000394)
[  2  2  0  0  0  0  0  1  0 ] (0.00000007)
[  2  2  0  0  0  0  1  0  0 ] (0.00000012)
[  2  2  0  0  0  1  0  0  0 ] (0.00000126)
[  2  2  0  0  1  0  0  0  0 ] (0.00000075)
[  2  2  0  1  0  0  0  0  0 ] (0.00000060)
[  2  2  1  0  0  0  0  0  0 ] (0.00000001)
[  2  3  0  0  0  0  0  0  0 ] (0.00000214)
[  3  0  0  0  0  0  0  0  0 ] (0.00000009)
[  3  0  0  0  0  0  0  0  1 ] (0.00000459)
[  3  0  0  0  0  0  0  0  2 ] (0.00000873)
[  3  0  0  0  0  0  0  1  0 ] (0.00001567)
[  3  0  0  0  0  0  0  1  1 ] (0.00046183)
[  3  0  0  0  0  0  0  2  0 ] (0.00003457)
[  3  0  0  0  0  0  1  0  0 ] (0.00000384)
[  3  0  0  0  0  0  1  0  1 ] (0.00003054)
[  3  0  0  0  0  0  1  1  0 ] (0.00053821)
[  3  0  0  0  0  0  2  0  0 ] (0.00000036)
[  3  0  0  0  0  1  0  0  0 ] (0.00000049)
[  3  0  0  0  0  1  0  0  1 ] (0.00000808)
[  3  0  0  0  0  1  0  1  0 ] (0.00001226)
[  3  0  0  0  0  1  1  0  0 ] (0.00000081)
[  3  0  0  0  0  2  0  0  0 ] (0.00000105)
[  3  0  0  0  1  0  0  0  0 ] (0.00000033)
[  3  0  0  0  1  0  0  0  1 ] (0.00000018)
[  3  0  0  0  1  0  0  1  0 ] (0.00001037)
[  3  0  0  0  1  0  1  0  0 ] (0.00000078)
[  3  0  0  0  1  1  0  0  0 ] (0.00000057)
[  3  0  0  0  2  0  0  0  0 ] (0.00000020)
[  3  0  0  1  0  0  0  0  0 ] (0.00000082)
[  3  0  0  1  0  0  0  0  1 ] (0.00001099)
[  3  0  0  1  0  0  0  1  0 ] (0.00000185)
[  3  0  0  1  0  0  1  0  0 ] (0.00000090)
[  3  0  0  1  0  1  0  0  0 ] (0.00000003)
[  3  0  0  1  1  0  0  0  0 ] (0.00000023)
[  3  0  0  2  0  0  0  0  0 ] (0.00000000)
[  3  0  1  0  0  0  0  0  0 ] (0.00000063)
[  3  0  1  0  0  0  0  0  1 ] (0.00000235)
[  3  0  1  0  0  0  0  1  0 ] (0.00000929)
[  3  0  1  0  0  0  1  0  0 ] (0.00000196)
[  3  0  1  0  0  1  0  0  0 ] (0.00000022)
[  3  0  1  0  1  0  0  0  0 ] (0.00000026)
[  3  0  1  1  0  0  0  0  0 ] (0.00000036)
[  3  0  2  0  0  0  0  0  0 ] (0.00000000)
[  3  1  0  0  0  0  0  0  0 ] (0.00000000)
[  3  1  0  0  0  0  0  0  1 ] (0.00000000)
[  3  1  0  0  0  0  0  1  0 ] (0.00003268)
[  3  1  0  0  0  0  1  0  0 ] (0.00001342)
[  3  1  0  0  0  1  0  0  0 ] (0.00000157)
[  3  1  0  0  1  0  0  0  0 ] (0.00000033)
[  3  1  0  1  0  0  0  0  0 ] (0.00000002)
[  3  1  1  0  0  0  0  0  0 ] (0.00000001)
[  3  2  0  0  0  0  0  0  0 ] (0.00000039)
[  4  0  0  0  0  0  0  0  0 ] (0.00000029)
[  4  0  0  0  0  0  0  0  1 ] (0.00002611)
[  4  0  0  0  0  0  0  1  0 ] (0.00001684)
[  4  0  0  0  0  0  1  0  0 ] (0.00000053)
[  4  0  0  0  0  1  0  0  0 ] (0.00000047)
[  4  0  0  0  1  0  0  0  0 ] (0.00000396)
[  4  0  0  1  0  0  0  0  0 ] (0.00000928)
[  4  0  1  0  0  0  0  0  0 ] (0.00000001)
[  4  1  0  0  0  0  0  0  0 ] (0.00000118)
[  5  0  0  0  0  0  0  0  0 ] (0.00000046)
