|  -901.406440833281 |   259.484989320796 

[  0  0  0  0  0  0  0  0  0 ] (0.00000024)
[  0  0  0  0  0  0  0  0  1 ] (0.00002696)
[  0  0  0  0  0  0  0  0  2 ] (0.00001289)
[  0  0  0  0  0  0  0  0  3 ] (0.00027027)
[  0  0  0  0  0  0  0  0  4 ] (0.00003120)
[  0  0  0  0  0  0  0  0  5 ] (0.00000007)
[  0  0  0  0  0  0  0  1  0 ] (0.00003443)
[  0  0  0  0  0  0  0  1  1 ] (0.00021440)
[  0  0  0  0  0  0  0  1  2 ] (0.00085392)
[  0  0  0  0  0  0  0  1  3 ] (0.00000354)
[  0  0  0  0  0  0  0  1  4 ] (0.00000298)
[  0  0  0  0  0  0  0  2  0 ] (0.00018212)
[  0  0  0  0  0  0  0  2  1 ] (0.00013716)
[  0  0  0  0  0  0  0  2  2 ] (0.00015812)
[  0  0  0  0  0  0  0  2  3 ] (0.00000815)
[  0  0  0  0  0  0  0  3  0 ] (0.00000174)
[  0  0  0  0  0  0  0  3  1 ] (0.00002649)
[  0  0  0  0  0  0  0  3  2 ] (0.00002133)
[  0  0  0  0  0  0  0  4  0 ] (0.00181996)
[  0  0  0  0  0  0  0  4  1 ] (0.00018091)
[  0  0  0  0  0  0  0  5  0 ] (0.00004102)
[  0  0  0  0  0  0  1  0  0 ] (0.00000082)
[  0  0  0  0  0  0  1  0  1 ] (0.00003660)
[  0  0  0  0  0  0  1  0  2 ] (0.00294948)
[  0  0  0  0  0  0  1  0  3 ] (0.00015894)
[  0  0  0  0  0  0  1  0  4 ] (0.00004136)
[  0  0  0  0  0  0  1  1  0 ] (0.00012304)
[  0  0  0  0  0  0  1  1  1 ] (0.00008031)
[  0  0  0  0  0  0  1  1  2 ] (0.00006250)
[  0  0  0  0  0  0  1  1  3 ] (0.00000007)
[  0  0  0  0  0  0  1  2  0 ] (0.00028183)
[  0  0  0  0  0  0  1  2  1 ] (0.00070567)
[  0  0  0  0  0  0  1  2  2 ] (0.00006606)
[  0  0  0  0  0  0  1  3  0 ] (0.00006222)
[  0  0  0  0  0  0  1  3  1 ] (0.00014111)
[  0  0  0  0  0  0  1  4  0 ] (0.00034356)
[  0  0  0  0  0  0  2  0  0 ] (0.00003407)
[  0  0  0  0  0  0  2  0  1 ] (0.00018322)
[  0  0  0  0  0  0  2  0  2 ] (0.00004212)
[  0  0  0  0  0  0  2  0  3 ] (0.00000264)
[  0  0  0  0  0  0  2  1  0 ] (0.00002432)
[  0  0  0  0  0  0  2  1  1 ] (0.00014499)
[  0  0  0  0  0  0  2  1  2 ] (0.00001242)
[  0  0  0  0  0  0  2  2  0 ] (0.00163215)
[  0  0  0  0  0  0  2  2  1 ] (0.00040005)
[  0  0  0  0  0  0  2  3  0 ] (0.00000000)
[  0  0  0  0  0  0  3  0  0 ] (0.00031466)
[  0  0  0  0  0  0  3  0  1 ] (0.01010404)
[  0  0  0  0  0  0  3  0  2 ] (0.00039574)
[  0  0  0  0  0  0  3  1  0 ] (0.00310310)
[  0  0  0  0  0  0  3  1  1 ] (0.00022534)
[  0  0  0  0  0  0  3  2  0 ] (0.00002109)
[  0  0  0  0  0  0  4  0  0 ] (0.00005844)
[  0  0  0  0  0  0  4  0  1 ] (0.00000072)
[  0  0  0  0  0  0  4  1  0 ] (0.00000030)
[  0  0  0  0  0  0  5  0  0 ] (0.00001441)
[  0  0  0  0  0  1  0  0  0 ] (0.00001477)
[  0  0  0  0  0  1  0  0  1 ] (0.00000364)
[  0  0  0  0  0  1  0  0  2 ] (0.00052703)
[  0  0  0  0  0  1  0  0  3 ] (0.00369235)
[  0  0  0  0  0  1  0  0  4 ] (0.00000039)
[  0  0  0  0  0  1  0  1  0 ] (0.00002306)
[  0  0  0  0  0  1  0  1  1 ] (0.00020782)
[  0  0  0  0  0  1  0  1  2 ] (0.00000523)
[  0  0  0  0  0  1  0  1  3 ] (0.00001054)
[  0  0  0  0  0  1  0  2  0 ] (0.00126723)
[  0  0  0  0  0  1  0  2  1 ] (0.00471265)
[  0  0  0  0  0  1  0  2  2 ] (0.00032656)
[  0  0  0  0  0  1  0  3  0 ] (0.00051499)
[  0  0  0  0  0  1  0  3  1 ] (0.00001379)
[  0  0  0  0  0  1  0  4  0 ] (0.00015575)
[  0  0  0  0  0  1  1  0  0 ] (0.00000223)
[  0  0  0  0  0  1  1  0  1 ] (0.00044340)
[  0  0  0  0  0  1  1  0  2 ] (0.00092582)
[  0  0  0  0  0  1  1  0  3 ] (0.00001132)
[  0  0  0  0  0  1  1  1  0 ] (0.00005998)
[  0  0  0  0  0  1  1  1  1 ] (0.00000002)
[  0  0  0  0  0  1  1  1  2 ] (0.00001798)
[  0  0  0  0  0  1  1  2  0 ] (0.02417518)
[  0  0  0  0  0  1  1  2  1 ] (0.00208698)
[  0  0  0  0  0  1  1  3  0 ] (0.00027033)
[  0  0  0  0  0  1  2  0  0 ] (0.00001294)
[  0  0  0  0  0  1  2  0  1 ] (0.00012842)
[  0  0  0  0  0  1  2  0  2 ] (0.00000414)
[  0  0  0  0  0  1  2  1  0 ] (0.00018669)
[  0  0  0  0  0  1  2  1  1 ] (0.00005910)
[  0  0  0  0  0  1  2  2  0 ] (0.00184344)
[  0  0  0  0  0  1  3  0  0 ] (0.00000132)
[  0  0  0  0  0  1  3  0  1 ] (0.00000005)
[  0  0  0  0  0  1  3  1  0 ] (0.00004316)
[  0  0  0  0  0  1  4  0  0 ] (0.00000838)
[  0  0  0  0  0  2  0  0  0 ] (0.00000612)
[  0  0  0  0  0  2  0  0  1 ] (0.00000168)
[  0  0  0  0  0  2  0  0  2 ] (0.00053770)
[  0  0  0  0  0  2  0  0  3 ] (0.00000169)
[  0  0  0  0  0  2  0  1  0 ] (0.00034534)
[  0  0  0  0  0  2  0  1  1 ] (0.01164637)
[  0  0  0  0  0  2  0  1  2 ] (0.00047861)
[  0  0  0  0  0  2  0  2  0 ] (0.00013187)
[  0  0  0  0  0  2  0  2  1 ] (0.00012003)
[  0  0  0  0  0  2  0  3  0 ] (0.00001037)
[  0  0  0  0  0  2  1  0  0 ] (0.00001006)
[  0  0  0  0  0  2  1  0  1 ] (0.00000600)
[  0  0  0  0  0  2  1  0  2 ] (0.00006879)
[  0  0  0  0  0  2  1  1  0 ] (0.00031079)
[  0  0  0  0  0  2  1  1  1 ] (0.00046225)
[  0  0  0  0  0  2  1  2  0 ] (0.00000118)
[  0  0  0  0  0  2  2  0  0 ] (0.00000671)
[  0  0  0  0  0  2  2  0  1 ] (0.00001771)
[  0  0  0  0  0  2  2  1  0 ] (0.00049049)
[  0  0  0  0  0  2  3  0  0 ] (0.00011845)
[  0  0  0  0  0  3  0  0  0 ] (0.00000049)
[  0  0  0  0  0  3  0  0  1 ] (0.00007130)
[  0  0  0  0  0  3  0  0  2 ] (0.00026381)
[  0  0  0  0  0  3  0  1  0 ] (0.00001215)
[  0  0  0  0  0  3  0  1  1 ] (0.00001777)
[  0  0  0  0  0  3  0  2  0 ] (0.00000066)
[  0  0  0  0  0  3  1  0  0 ] (0.00000000)
[  0  0  0  0  0  3  1  0  1 ] (0.00009750)
[  0  0  0  0  0  3  1  1  0 ] (0.00001859)
[  0  0  0  0  0  3  2  0  0 ] (0.00038709)
[  0  0  0  0  0  4  0  0  0 ] (0.00005142)
[  0  0  0  0  0  4  0  0  1 ] (0.00000512)
[  0  0  0  0  0  4  0  1  0 ] (0.00060297)
[  0  0  0  0  0  4  1  0  0 ] (0.00906115)
[  0  0  0  0  0  5  0  0  0 ] (0.00003168)
[  0  0  0  0  1  0  0  0  0 ] (0.00001373)
[  0  0  0  0  1  0  0  0  1 ] (0.00004797)
[  0  0  0  0  1  0  0  0  2 ] (0.00047142)
[  0  0  0  0  1  0  0  0  3 ] (0.00220092)
[  0  0  0  0  1  0  0  0  4 ] (0.00002750)
[  0  0  0  0  1  0  0  1  0 ] (0.00002341)
[  0  0  0  0  1  0  0  1  1 ] (0.00002350)
[  0  0  0  0  1  0  0  1  2 ] (0.00007006)
[  0  0  0  0  1  0  0  1  3 ] (0.00000051)
[  0  0  0  0  1  0  0  2  0 ] (0.00033305)
[  0  0  0  0  1  0  0  2  1 ] (0.00000110)
[  0  0  0  0  1  0  0  2  2 ] (0.00000335)
[  0  0  0  0  1  0  0  3  0 ] (0.00084801)
[  0  0  0  0  1  0  0  3  1 ] (0.00003669)
[  0  0  0  0  1  0  0  4  0 ] (0.00014389)
[  0  0  0  0  1  0  1  0  0 ] (0.00000075)
[  0  0  0  0  1  0  1  0  1 ] (0.00134513)
[  0  0  0  0  1  0  1  0  2 ] (0.00002020)
[  0  0  0  0  1  0  1  0  3 ] (0.00000000)
[  0  0  0  0  1  0  1  1  0 ] (0.00022917)
[  0  0  0  0  1  0  1  1  1 ] (0.00001613)
[  0  0  0  0  1  0  1  1  2 ] (0.00000531)
[  0  0  0  0  1  0  1  2  0 ] (0.00249565)
[  0  0  0  0  1  0  1  2  1 ] (0.00060042)
[  0  0  0  0  1  0  1  3  0 ] (0.00000511)
[  0  0  0  0  1  0  2  0  0 ] (0.00248369)
[  0  0  0  0  1  0  2  0  1 ] (0.03554610)
[  0  0  0  0  1  0  2  0  2 ] (0.00725048)
[  0  0  0  0  1  0  2  1  0 ] (0.00222901)
[  0  0  0  0  1  0  2  1  1 ] (0.00041652)
[  0  0  0  0  1  0  2  2  0 ] (0.00064305)
[  0  0  0  0  1  0  3  0  0 ] (0.00104273)
[  0  0  0  0  1  0  3  0  1 ] (0.00001185)
[  0  0  0  0  1  0  3  1  0 ] (0.00004378)
[  0  0  0  0  1  0  4  0  0 ] (0.00006957)
[  0  0  0  0  1  1  0  0  0 ] (0.00003350)
[  0  0  0  0  1  1  0  0  1 ] (0.00004293)
[  0  0  0  0  1  1  0  0  2 ] (0.00013185)
[  0  0  0  0  1  1  0  0  3 ] (0.00017523)
[  0  0  0  0  1  1  0  1  0 ] (0.00067444)
[  0  0  0  0  1  1  0  1  1 ] (0.00006980)
[  0  0  0  0  1  1  0  1  2 ] (0.00000075)
[  0  0  0  0  1  1  0  2  0 ] (0.00003912)
[  0  0  0  0  1  1  0  2  1 ] (0.00000553)
[  0  0  0  0  1  1  0  3  0 ] (0.00014562)
[  0  0  0  0  1  1  1  0  0 ] (0.00004709)
[  0  0  0  0  1  1  1  0  1 ] (0.00164916)
[  0  0  0  0  1  1  1  0  2 ] (0.00000872)
[  0  0  0  0  1  1  1  1  0 ] (0.01659764)
[  0  0  0  0  1  1  1  1  1 ] (0.00199026)
[  0  0  0  0  1  1  1  2  0 ] (0.00003272)
[  0  0  0  0  1  1  2  0  0 ] (0.00079189)
[  0  0  0  0  1  1  2  0  1 ] (0.00156498)
[  0  0  0  0  1  1  2  1  0 ] (0.00029477)
[  0  0  0  0  1  1  3  0  0 ] (0.00001243)
[  0  0  0  0  1  2  0  0  0 ] (0.00006508)
[  0  0  0  0  1  2  0  0  1 ] (0.00012891)
[  0  0  0  0  1  2  0  0  2 ] (0.00009500)
[  0  0  0  0  1  2  0  1  0 ] (0.00000009)
[  0  0  0  0  1  2  0  1  1 ] (0.00000721)
[  0  0  0  0  1  2  0  2  0 ] (0.00036529)
[  0  0  0  0  1  2  1  0  0 ] (0.00023416)
[  0  0  0  0  1  2  1  0  1 ] (0.00000256)
[  0  0  0  0  1  2  1  1  0 ] (0.00040017)
[  0  0  0  0  1  2  2  0  0 ] (0.00023357)
[  0  0  0  0  1  3  0  0  0 ] (0.00008245)
[  0  0  0  0  1  3  0  0  1 ] (0.00055934)
[  0  0  0  0  1  3  0  1  0 ] (0.00049706)
[  0  0  0  0  1  3  1  0  0 ] (0.00274144)
[  0  0  0  0  1  4  0  0  0 ] (0.00013715)
[  0  0  0  0  2  0  0  0  0 ] (0.00000191)
[  0  0  0  0  2  0  0  0  1 ] (0.00000328)
[  0  0  0  0  2  0  0  0  2 ] (0.00017630)
[  0  0  0  0  2  0  0  0  3 ] (0.00000093)
[  0  0  0  0  2  0  0  1  0 ] (0.00001397)
[  0  0  0  0  2  0  0  1  1 ] (0.00148828)
[  0  0  0  0  2  0  0  1  2 ] (0.00017570)
[  0  0  0  0  2  0  0  2  0 ] (0.00000146)
[  0  0  0  0  2  0  0  2  1 ] (0.00000097)
[  0  0  0  0  2  0  0  3  0 ] (0.00008211)
[  0  0  0  0  2  0  1  0  0 ] (0.00013421)
[  0  0  0  0  2  0  1  0  1 ] (0.00016507)
[  0  0  0  0  2  0  1  0  2 ] (0.00006127)
[  0  0  0  0  2  0  1  1  0 ] (0.00017526)
[  0  0  0  0  2  0  1  1  1 ] (0.00000005)
[  0  0  0  0  2  0  1  2  0 ] (0.00010197)
[  0  0  0  0  2  0  2  0  0 ] (0.00001934)
[  0  0  0  0  2  0  2  0  1 ] (0.00004397)
[  0  0  0  0  2  0  2  1  0 ] (0.00004047)
[  0  0  0  0  2  0  3  0  0 ] (0.00191010)
[  0  0  0  0  2  1  0  0  0 ] (0.00000009)
[  0  0  0  0  2  1  0  0  1 ] (0.00000090)
[  0  0  0  0  2  1  0  0  2 ] (0.00006695)
[  0  0  0  0  2  1  0  1  0 ] (0.00001755)
[  0  0  0  0  2  1  0  1  1 ] (0.00051897)
[  0  0  0  0  2  1  0  2  0 ] (0.00040106)
[  0  0  0  0  2  1  1  0  0 ] (0.00009279)
[  0  0  0  0  2  1  1  0  1 ] (0.00000858)
[  0  0  0  0  2  1  1  1  0 ] (0.00004307)
[  0  0  0  0  2  1  2  0  0 ] (0.00002998)
[  0  0  0  0  2  2  0  0  0 ] (0.00002664)
[  0  0  0  0  2  2  0  0  1 ] (0.00006935)
[  0  0  0  0  2  2  0  1  0 ] (0.00085800)
[  0  0  0  0  2  2  1  0  0 ] (0.00033731)
[  0  0  0  0  2  3  0  0  0 ] (0.00001458)
[  0  0  0  0  3  0  0  0  0 ] (0.00001256)
[  0  0  0  0  3  0  0  0  1 ] (0.00003142)
[  0  0  0  0  3  0  0  0  2 ] (0.01644331)
[  0  0  0  0  3  0  0  1  0 ] (0.00000920)
[  0  0  0  0  3  0  0  1  1 ] (0.00006015)
[  0  0  0  0  3  0  0  2  0 ] (0.00608181)
[  0  0  0  0  3  0  1  0  0 ] (0.00042208)
[  0  0  0  0  3  0  1  0  1 ] (0.00013033)
[  0  0  0  0  3  0  1  1  0 ] (0.00197693)
[  0  0  0  0  3  0  2  0  0 ] (0.00023601)
[  0  0  0  0  3  1  0  0  0 ] (0.00006541)
[  0  0  0  0  3  1  0  0  1 ] (0.00052996)
[  0  0  0  0  3  1  0  1  0 ] (0.00122726)
[  0  0  0  0  3  1  1  0  0 ] (0.00003197)
[  0  0  0  0  3  2  0  0  0 ] (0.00000006)
[  0  0  0  0  4  0  0  0  0 ] (0.00002562)
[  0  0  0  0  4  0  0  0  1 ] (0.00040285)
[  0  0  0  0  4  0  0  1  0 ] (0.00079826)
[  0  0  0  0  4  0  1  0  0 ] (0.00097478)
[  0  0  0  0  4  1  0  0  0 ] (0.00012324)
[  0  0  0  0  5  0  0  0  0 ] (0.00008290)
[  0  0  0  1  0  0  0  0  0 ] (0.00000000)
[  0  0  0  1  0  0  0  0  1 ] (0.00000924)
[  0  0  0  1  0  0  0  0  2 ] (0.00000007)
[  0  0  0  1  0  0  0  0  3 ] (0.00012504)
[  0  0  0  1  0  0  0  0  4 ] (0.00001695)
[  0  0  0  1  0  0  0  1  0 ] (0.00002097)
[  0  0  0  1  0  0  0  1  1 ] (0.00006907)
[  0  0  0  1  0  0  0  1  2 ] (0.00009316)
[  0  0  0  1  0  0  0  1  3 ] (0.00002442)
[  0  0  0  1  0  0  0  2  0 ] (0.00005742)
[  0  0  0  1  0  0  0  2  1 ] (0.00000285)
[  0  0  0  1  0  0  0  2  2 ] (0.00000004)
[  0  0  0  1  0  0  0  3  0 ] (0.00023255)
[  0  0  0  1  0  0  0  3  1 ] (0.00000614)
[  0  0  0  1  0  0  0  4  0 ] (0.00000394)
[  0  0  0  1  0  0  1  0  0 ] (0.00003521)
[  0  0  0  1  0  0  1  0  1 ] (0.00003215)
[  0  0  0  1  0  0  1  0  2 ] (0.00013070)
[  0  0  0  1  0  0  1  0  3 ] (0.00002813)
[  0  0  0  1  0  0  1  1  0 ] (0.00015826)
[  0  0  0  1  0  0  1  1  1 ] (0.00001012)
[  0  0  0  1  0  0  1  1  2 ] (0.00001492)
[  0  0  0  1  0  0  1  2  0 ] (0.00008408)
[  0  0  0  1  0  0  1  2  1 ] (0.00005252)
[  0  0  0  1  0  0  1  3  0 ] (0.00000899)
[  0  0  0  1  0  0  2  0  0 ] (0.00000097)
[  0  0  0  1  0  0  2  0  1 ] (0.00000463)
[  0  0  0  1  0  0  2  0  2 ] (0.00000376)
[  0  0  0  1  0  0  2  1  0 ] (0.00007851)
[  0  0  0  1  0  0  2  1  1 ] (0.00000392)
[  0  0  0  1  0  0  2  2  0 ] (0.00000863)
[  0  0  0  1  0  0  3  0  0 ] (0.00007101)
[  0  0  0  1  0  0  3  0  1 ] (0.00000371)
[  0  0  0  1  0  0  3  1  0 ] (0.00005324)
[  0  0  0  1  0  0  4  0  0 ] (0.00000278)
[  0  0  0  1  0  1  0  0  0 ] (0.00000416)
[  0  0  0  1  0  1  0  0  1 ] (0.00002277)
[  0  0  0  1  0  1  0  0  2 ] (0.00000149)
[  0  0  0  1  0  1  0  0  3 ] (0.00000458)
[  0  0  0  1  0  1  0  1  0 ] (0.00000386)
[  0  0  0  1  0  1  0  1  1 ] (0.00277308)
[  0  0  0  1  0  1  0  1  2 ] (0.00014105)
[  0  0  0  1  0  1  0  2  0 ] (0.00004754)
[  0  0  0  1  0  1  0  2  1 ] (0.00006014)
[  0  0  0  1  0  1  0  3  0 ] (0.00000198)
[  0  0  0  1  0  1  1  0  0 ] (0.00000644)
[  0  0  0  1  0  1  1  0  1 ] (0.00010185)
[  0  0  0  1  0  1  1  0  2 ] (0.00000531)
[  0  0  0  1  0  1  1  1  0 ] (0.00006440)
[  0  0  0  1  0  1  1  1  1 ] (0.00001180)
[  0  0  0  1  0  1  1  2  0 ] (0.00007103)
[  0  0  0  1  0  1  2  0  0 ] (0.00010366)
[  0  0  0  1  0  1  2  0  1 ] (0.00000354)
[  0  0  0  1  0  1  2  1  0 ] (0.00001188)
[  0  0  0  1  0  1  3  0  0 ] (0.00792866)
[  0  0  0  1  0  2  0  0  0 ] (0.00000096)
[  0  0  0  1  0  2  0  0  1 ] (0.00001705)
[  0  0  0  1  0  2  0  0  2 ] (0.00005445)
[  0  0  0  1  0  2  0  1  0 ] (0.00003787)
[  0  0  0  1  0  2  0  1  1 ] (0.00023260)
[  0  0  0  1  0  2  0  2  0 ] (0.00043434)
[  0  0  0  1  0  2  1  0  0 ] (0.00000155)
[  0  0  0  1  0  2  1  0  1 ] (0.00003117)
[  0  0  0  1  0  2  1  1  0 ] (0.00000375)
[  0  0  0  1  0  2  2  0  0 ] (0.00006218)
[  0  0  0  1  0  3  0  0  0 ] (0.00000030)
[  0  0  0  1  0  3  0  0  1 ] (0.00063115)
[  0  0  0  1  0  3  0  1  0 ] (0.00002963)
[  0  0  0  1  0  3  1  0  0 ] (0.00031676)
[  0  0  0  1  0  4  0  0  0 ] (0.00001168)
[  0  0  0  1  1  0  0  0  0 ] (0.00001504)
[  0  0  0  1  1  0  0  0  1 ] (0.00000671)
[  0  0  0  1  1  0  0  0  2 ] (0.00010914)
[  0  0  0  1  1  0  0  0  3 ] (0.00001702)
[  0  0  0  1  1  0  0  1  0 ] (0.00000347)
[  0  0  0  1  1  0  0  1  1 ] (0.00003981)
[  0  0  0  1  1  0  0  1  2 ] (0.00001242)
[  0  0  0  1  1  0  0  2  0 ] (0.00001538)
[  0  0  0  1  1  0  0  2  1 ] (0.00016678)
[  0  0  0  1  1  0  0  3  0 ] (0.00028925)
[  0  0  0  1  1  0  1  0  0 ] (0.00000200)
[  0  0  0  1  1  0  1  0  1 ] (0.00180219)
[  0  0  0  1  1  0  1  0  2 ] (0.00001886)
[  0  0  0  1  1  0  1  1  0 ] (0.00000904)
[  0  0  0  1  1  0  1  1  1 ] (0.00002933)
[  0  0  0  1  1  0  1  2  0 ] (0.00006025)
[  0  0  0  1  1  0  2  0  0 ] (0.00001762)
[  0  0  0  1  1  0  2  0  1 ] (0.00002144)
[  0  0  0  1  1  0  2  1  0 ] (0.00002416)
[  0  0  0  1  1  0  3  0  0 ] (0.00183144)
[  0  0  0  1  1  1  0  0  0 ] (0.00001655)
[  0  0  0  1  1  1  0  0  1 ] (0.00003086)
[  0  0  0  1  1  1  0  0  2 ] (0.00000141)
[  0  0  0  1  1  1  0  1  0 ] (0.00008494)
[  0  0  0  1  1  1  0  1  1 ] (0.00001335)
[  0  0  0  1  1  1  0  2  0 ] (0.00045490)
[  0  0  0  1  1  1  1  0  0 ] (0.00033786)
[  0  0  0  1  1  1  1  0  1 ] (0.00000919)
[  0  0  0  1  1  1  1  1  0 ] (0.00006338)
[  0  0  0  1  1  1  2  0  0 ] (0.00018736)
[  0  0  0  1  1  2  0  0  0 ] (0.00001877)
[  0  0  0  1  1  2  0  0  1 ] (0.00009557)
[  0  0  0  1  1  2  0  1  0 ] (0.00000167)
[  0  0  0  1  1  2  1  0  0 ] (0.00196560)
[  0  0  0  1  1  3  0  0  0 ] (0.00000999)
[  0  0  0  1  2  0  0  0  0 ] (0.00000092)
[  0  0  0  1  2  0  0  0  1 ] (0.00033907)
[  0  0  0  1  2  0  0  0  2 ] (0.00025812)
[  0  0  0  1  2  0  0  1  0 ] (0.00009398)
[  0  0  0  1  2  0  0  1  1 ] (0.00001281)
[  0  0  0  1  2  0  0  2  0 ] (0.00001421)
[  0  0  0  1  2  0  1  0  0 ] (0.00012876)
[  0  0  0  1  2  0  1  0  1 ] (0.00000592)
[  0  0  0  1  2  0  1  1  0 ] (0.00000421)
[  0  0  0  1  2  0  2  0  0 ] (0.00022007)
[  0  0  0  1  2  1  0  0  0 ] (0.00000186)
[  0  0  0  1  2  1  0  0  1 ] (0.00165567)
[  0  0  0  1  2  1  0  1  0 ] (0.00092691)
[  0  0  0  1  2  1  1  0  0 ] (0.00086880)
[  0  0  0  1  2  2  0  0  0 ] (0.00000620)
[  0  0  0  1  3  0  0  0  0 ] (0.00000005)
[  0  0  0  1  3  0  0  0  1 ] (0.00005453)
[  0  0  0  1  3  0  0  1  0 ] (0.00122907)
[  0  0  0  1  3  0  1  0  0 ] (0.00019730)
[  0  0  0  1  3  1  0  0  0 ] (0.00000008)
[  0  0  0  1  4  0  0  0  0 ] (0.00000518)
[  0  0  0  2  0  0  0  0  0 ] (0.00000295)
[  0  0  0  2  0  0  0  0  1 ] (0.00000664)
[  0  0  0  2  0  0  0  0  2 ] (0.00002031)
[  0  0  0  2  0  0  0  0  3 ] (0.00009402)
[  0  0  0  2  0  0  0  1  0 ] (0.00000043)
[  0  0  0  2  0  0  0  1  1 ] (0.00002741)
[  0  0  0  2  0  0  0  1  2 ] (0.00000000)
[  0  0  0  2  0  0  0  2  0 ] (0.00024468)
[  0  0  0  2  0  0  0  2  1 ] (0.00072651)
[  0  0  0  2  0  0  0  3  0 ] (0.00012641)
[  0  0  0  2  0  0  1  0  0 ] (0.00000160)
[  0  0  0  2  0  0  1  0  1 ] (0.00003576)
[  0  0  0  2  0  0  1  0  2 ] (0.00000223)
[  0  0  0  2  0  0  1  1  0 ] (0.00004373)
[  0  0  0  2  0  0  1  1  1 ] (0.00001373)
[  0  0  0  2  0  0  1  2  0 ] (0.00001503)
[  0  0  0  2  0  0  2  0  0 ] (0.00000030)
[  0  0  0  2  0  0  2  0  1 ] (0.00002668)
[  0  0  0  2  0  0  2  1  0 ] (0.00006019)
[  0  0  0  2  0  0  3  0  0 ] (0.00004536)
[  0  0  0  2  0  1  0  0  0 ] (0.00000059)
[  0  0  0  2  0  1  0  0  1 ] (0.00009022)
[  0  0  0  2  0  1  0  0  2 ] (0.00003810)
[  0  0  0  2  0  1  0  1  0 ] (0.00002872)
[  0  0  0  2  0  1  0  1  1 ] (0.00009519)
[  0  0  0  2  0  1  0  2  0 ] (0.00414537)
[  0  0  0  2  0  1  1  0  0 ] (0.00001801)
[  0  0  0  2  0  1  1  0  1 ] (0.00000006)
[  0  0  0  2  0  1  1  1  0 ] (0.00026182)
[  0  0  0  2  0  1  2  0  0 ] (0.00000004)
[  0  0  0  2  0  2  0  0  0 ] (0.00000430)
[  0  0  0  2  0  2  0  0  1 ] (0.00012869)
[  0  0  0  2  0  2  0  1  0 ] (0.00001731)
[  0  0  0  2  0  2  1  0  0 ] (0.00013000)
[  0  0  0  2  0  3  0  0  0 ] (0.00000113)
[  0  0  0  2  1  0  0  0  0 ] (0.00004389)
[  0  0  0  2  1  0  0  0  1 ] (0.00000105)
[  0  0  0  2  1  0  0  0  2 ] (0.00004489)
[  0  0  0  2  1  0  0  1  0 ] (0.00000160)
[  0  0  0  2  1  0  0  1  1 ] (0.00000094)
[  0  0  0  2  1  0  0  2  0 ] (0.00000384)
[  0  0  0  2  1  0  1  0  0 ] (0.00035348)
[  0  0  0  2  1  0  1  0  1 ] (0.00007432)
[  0  0  0  2  1  0  1  1  0 ] (0.00000662)
[  0  0  0  2  1  0  2  0  0 ] (0.00008001)
[  0  0  0  2  1  1  0  0  0 ] (0.00014068)
[  0  0  0  2  1  1  0  0  1 ] (0.00003208)
[  0  0  0  2  1  1  0  1  0 ] (0.00001307)
[  0  0  0  2  1  1  1  0  0 ] (0.00170390)
[  0  0  0  2  1  2  0  0  0 ] (0.00013588)
[  0  0  0  2  2  0  0  0  0 ] (0.00005335)
[  0  0  0  2  2  0  0  0  1 ] (0.00021017)
[  0  0  0  2  2  0  0  1  0 ] (0.00001049)
[  0  0  0  2  2  0  1  0  0 ] (0.00019057)
[  0  0  0  2  2  1  0  0  0 ] (0.00004005)
[  0  0  0  2  3  0  0  0  0 ] (0.00000615)
[  0  0  0  3  0  0  0  0  0 ] (0.00000161)
[  0  0  0  3  0  0  0  0  1 ] (0.00000000)
[  0  0  0  3  0  0  0  0  2 ] (0.00000288)
[  0  0  0  3  0  0  0  1  0 ] (0.00000207)
[  0  0  0  3  0  0  0  1  1 ] (0.00260364)
[  0  0  0  3  0  0  0  2  0 ] (0.00000057)
[  0  0  0  3  0  0  1  0  0 ] (0.00036176)
[  0  0  0  3  0  0  1  0  1 ] (0.00895081)
[  0  0  0  3  0  0  1  1  0 ] (0.00272858)
[  0  0  0  3  0  0  2  0  0 ] (0.00000648)
[  0  0  0  3  0  1  0  0  0 ] (0.00000001)
[  0  0  0  3  0  1  0  0  1 ] (0.00000095)
[  0  0  0  3  0  1  0  1  0 ] (0.00001286)
[  0  0  0  3  0  1  1  0  0 ] (0.00018481)
[  0  0  0  3  0  2  0  0  0 ] (0.00000283)
[  0  0  0  3  1  0  0  0  0 ] (0.00001730)
[  0  0  0  3  1  0  0  0  1 ] (0.00000068)
[  0  0  0  3  1  0  0  1  0 ] (0.00000234)
[  0  0  0  3  1  0  1  0  0 ] (0.00006266)
[  0  0  0  3  1  1  0  0  0 ] (0.00005588)
[  0  0  0  3  2  0  0  0  0 ] (0.00000525)
[  0  0  0  4  0  0  0  0  0 ] (0.00000168)
[  0  0  0  4  0  0  0  0  1 ] (0.00000147)
[  0  0  0  4  0  0  0  1  0 ] (0.00003767)
[  0  0  0  4  0  0  1  0  0 ] (0.00001203)
[  0  0  0  4  0  1  0  0  0 ] (0.00000225)
[  0  0  0  4  1  0  0  0  0 ] (0.00000055)
[  0  0  0  5  0  0  0  0  0 ] (0.00000238)
[  0  0  1  0  0  0  0  0  0 ] (0.00000603)
[  0  0  1  0  0  0  0  0  1 ] (0.00000284)
[  0  0  1  0  0  0  0  0  2 ] (0.00014616)
[  0  0  1  0  0  0  0  0  3 ] (0.00053413)
[  0  0  1  0  0  0  0  0  4 ] (0.00000686)
[  0  0  1  0  0  0  0  1  0 ] (0.00009234)
[  0  0  1  0  0  0  0  1  1 ] (0.00107657)
[  0  0  1  0  0  0  0  1  2 ] (0.00002353)
[  0  0  1  0  0  0  0  1  3 ] (0.00003261)
[  0  0  1  0  0  0  0  2  0 ] (0.00022513)
[  0  0  1  0  0  0  0  2  1 ] (0.00436968)
[  0  0  1  0  0  0  0  2  2 ] (0.00048990)
[  0  0  1  0  0  0  0  3  0 ] (0.00007537)
[  0  0  1  0  0  0  0  3  1 ] (0.00000076)
[  0  0  1  0  0  0  0  4  0 ] (0.00016523)
[  0  0  1  0  0  0  1  0  0 ] (0.00000457)
[  0  0  1  0  0  0  1  0  1 ] (0.00013776)
[  0  0  1  0  0  0  1  0  2 ] (0.00000043)
[  0  0  1  0  0  0  1  0  3 ] (0.00004126)
[  0  0  1  0  0  0  1  1  0 ] (0.00001705)
[  0  0  1  0  0  0  1  1  1 ] (0.00001843)
[  0  0  1  0  0  0  1  1  2 ] (0.00000626)
[  0  0  1  0  0  0  1  2  0 ] (0.00000886)
[  0  0  1  0  0  0  1  2  1 ] (0.00022685)
[  0  0  1  0  0  0  1  3  0 ] (0.00004537)
[  0  0  1  0  0  0  2  0  0 ] (0.00000036)
[  0  0  1  0  0  0  2  0  1 ] (0.00000419)
[  0  0  1  0  0  0  2  0  2 ] (0.00000113)
[  0  0  1  0  0  0  2  1  0 ] (0.00006993)
[  0  0  1  0  0  0  2  1  1 ] (0.00007235)
[  0  0  1  0  0  0  2  2  0 ] (0.00000778)
[  0  0  1  0  0  0  3  0  0 ] (0.00000125)
[  0  0  1  0  0  0  3  0  1 ] (0.00013916)
[  0  0  1  0  0  0  3  1  0 ] (0.00025112)
[  0  0  1  0  0  0  4  0  0 ] (0.00001551)
[  0  0  1  0  0  1  0  0  0 ] (0.00000000)
[  0  0  1  0  0  1  0  0  1 ] (0.00000017)
[  0  0  1  0  0  1  0  0  2 ] (0.00006667)
[  0  0  1  0  0  1  0  0  3 ] (0.00000862)
[  0  0  1  0  0  1  0  1  0 ] (0.00001996)
[  0  0  1  0  0  1  0  1  1 ] (0.00184992)
[  0  0  1  0  0  1  0  1  2 ] (0.00008902)
[  0  0  1  0  0  1  0  2  0 ] (0.00022353)
[  0  0  1  0  0  1  0  2  1 ] (0.00000196)
[  0  0  1  0  0  1  0  3  0 ] (0.00000060)
[  0  0  1  0  0  1  1  0  0 ] (0.00001754)
[  0  0  1  0  0  1  1  0  1 ] (0.00126766)
[  0  0  1  0  0  1  1  0  2 ] (0.00016092)
[  0  0  1  0  0  1  1  1  0 ] (0.00006517)
[  0  0  1  0  0  1  1  1  1 ] (0.00000001)
[  0  0  1  0  0  1  1  2  0 ] (0.00000033)
[  0  0  1  0  0  1  2  0  0 ] (0.00003994)
[  0  0  1  0  0  1  2  0  1 ] (0.00001834)
[  0  0  1  0  0  1  2  1  0 ] (0.00001687)
[  0  0  1  0  0  1  3  0  0 ] (0.00263872)
[  0  0  1  0  0  2  0  0  0 ] (0.00000026)
[  0  0  1  0  0  2  0  0  1 ] (0.00000906)
[  0  0  1  0  0  2  0  0  2 ] (0.00200465)
[  0  0  1  0  0  2  0  1  0 ] (0.00002095)
[  0  0  1  0  0  2  0  1  1 ] (0.00012838)
[  0  0  1  0  0  2  0  2  0 ] (0.00303702)
[  0  0  1  0  0  2  1  0  0 ] (0.00003875)
[  0  0  1  0  0  2  1  0  1 ] (0.00014452)
[  0  0  1  0  0  2  1  1  0 ] (0.00001060)
[  0  0  1  0  0  2  2  0  0 ] (0.00007202)
[  0  0  1  0  0  3  0  0  0 ] (0.00000009)
[  0  0  1  0  0  3  0  0  1 ] (0.00046090)
[  0  0  1  0  0  3  0  1  0 ] (0.00010509)
[  0  0  1  0  0  3  1  0  0 ] (0.00022544)
[  0  0  1  0  0  4  0  0  0 ] (0.00000450)
[  0  0  1  0  1  0  0  0  0 ] (0.00001551)
[  0  0  1  0  1  0  0  0  1 ] (0.00027977)
[  0  0  1  0  1  0  0  0  2 ] (0.00032635)
[  0  0  1  0  1  0  0  0  3 ] (0.00008005)
[  0  0  1  0  1  0  0  1  0 ] (0.00047920)
[  0  0  1  0  1  0  0  1  1 ] (0.00166179)
[  0  0  1  0  1  0  0  1  2 ] (0.00000331)
[  0  0  1  0  1  0  0  2  0 ] (0.00000653)
[  0  0  1  0  1  0  0  2  1 ] (0.00007269)
[  0  0  1  0  1  0  0  3  0 ] (0.00003248)
[  0  0  1  0  1  0  1  0  0 ] (0.00108412)
[  0  0  1  0  1  0  1  0  1 ] (0.01000843)
[  0  0  1  0  1  0  1  0  2 ] (0.00116580)
[  0  0  1  0  1  0  1  1  0 ] (0.00391611)
[  0  0  1  0  1  0  1  1  1 ] (0.00088149)
[  0  0  1  0  1  0  1  2  0 ] (0.00013096)
[  0  0  1  0  1  0  2  0  0 ] (0.00003803)
[  0  0  1  0  1  0  2  0  1 ] (0.00000278)
[  0  0  1  0  1  0  2  1  0 ] (0.00022523)
[  0  0  1  0  1  0  3  0  0 ] (0.00552556)
[  0  0  1  0  1  1  0  0  0 ] (0.00002944)
[  0  0  1  0  1  1  0  0  1 ] (0.00112971)
[  0  0  1  0  1  1  0  0  2 ] (0.00002527)
[  0  0  1  0  1  1  0  1  0 ] (0.00043793)
[  0  0  1  0  1  1  0  1  1 ] (0.00000279)
[  0  0  1  0  1  1  0  2  0 ] (0.00012566)
[  0  0  1  0  1  1  1  0  0 ] (0.00021245)
[  0  0  1  0  1  1  1  0  1 ] (0.00111538)
[  0  0  1  0  1  1  1  1  0 ] (0.00033661)
[  0  0  1  0  1  1  2  0  0 ] (0.00004826)
[  0  0  1  0  1  2  0  0  0 ] (0.00003951)
[  0  0  1  0  1  2  0  0  1 ] (0.00626718)
[  0  0  1  0  1  2  0  1  0 ] (0.00444258)
[  0  0  1  0  1  2  1  0  0 ] (0.00000139)
[  0  0  1  0  1  3  0  0  0 ] (0.00000112)
[  0  0  1  0  2  0  0  0  0 ] (0.00000004)
[  0  0  1  0  2  0  0  0  1 ] (0.00013518)
[  0  0  1  0  2  0  0  0  2 ] (0.00027507)
[  0  0  1  0  2  0  0  1  0 ] (0.00000292)
[  0  0  1  0  2  0  0  1  1 ] (0.00002563)
[  0  0  1  0  2  0  0  2  0 ] (0.00020840)
[  0  0  1  0  2  0  1  0  0 ] (0.00003623)
[  0  0  1  0  2  0  1  0  1 ] (0.00006811)
[  0  0  1  0  2  0  1  1  0 ] (0.00008848)
[  0  0  1  0  2  0  2  0  0 ] (0.00001501)
[  0  0  1  0  2  1  0  0  0 ] (0.00000217)
[  0  0  1  0  2  1  0  0  1 ] (0.00076720)
[  0  0  1  0  2  1  0  1  0 ] (0.00000045)
[  0  0  1  0  2  1  1  0  0 ] (0.00038937)
[  0  0  1  0  2  2  0  0  0 ] (0.00000330)
[  0  0  1  0  3  0  0  0  0 ] (0.00002466)
[  0  0  1  0  3  0  0  0  1 ] (0.00016382)
[  0  0  1  0  3  0  0  1  0 ] (0.00042146)
[  0  0  1  0  3  0  1  0  0 ] (0.00000182)
[  0  0  1  0  3  1  0  0  0 ] (0.00001161)
[  0  0  1  0  4  0  0  0  0 ] (0.00001316)
[  0  0  1  1  0  0  0  0  0 ] (0.00000884)
[  0  0  1  1  0  0  0  0  1 ] (0.00000006)
[  0  0  1  1  0  0  0  0  2 ] (0.00003836)
[  0  0  1  1  0  0  0  0  3 ] (0.00018833)
[  0  0  1  1  0  0  0  1  0 ] (0.00006219)
[  0  0  1  1  0  0  0  1  1 ] (0.00099240)
[  0  0  1  1  0  0  0  1  2 ] (0.00004561)
[  0  0  1  1  0  0  0  2  0 ] (0.00001625)
[  0  0  1  1  0  0  0  2  1 ] (0.00005668)
[  0  0  1  1  0  0  0  3  0 ] (0.00017042)
[  0  0  1  1  0  0  1  0  0 ] (0.00000828)
[  0  0  1  1  0  0  1  0  1 ] (0.00024981)
[  0  0  1  1  0  0  1  0  2 ] (0.00017210)
[  0  0  1  1  0  0  1  1  0 ] (0.00000246)
[  0  0  1  1  0  0  1  1  1 ] (0.00004662)
[  0  0  1  1  0  0  1  2  0 ] (0.00020145)
[  0  0  1  1  0  0  2  0  0 ] (0.00021712)
[  0  0  1  1  0  0  2  0  1 ] (0.00041666)
[  0  0  1  1  0  0  2  1  0 ] (0.00010084)
[  0  0  1  1  0  0  3  0  0 ] (0.00039945)
[  0  0  1  1  0  1  0  0  0 ] (0.00002621)
[  0  0  1  1  0  1  0  0  1 ] (0.00018292)
[  0  0  1  1  0  1  0  0  2 ] (0.00002114)
[  0  0  1  1  0  1  0  1  0 ] (0.00000300)
[  0  0  1  1  0  1  0  1  1 ] (0.00029793)
[  0  0  1  1  0  1  0  2  0 ] (0.00088110)
[  0  0  1  1  0  1  1  0  0 ] (0.00011259)
[  0  0  1  1  0  1  1  0  1 ] (0.00007884)
[  0  0  1  1  0  1  1  1  0 ] (0.00002083)
[  0  0  1  1  0  1  2  0  0 ] (0.00068078)
[  0  0  1  1  0  2  0  0  0 ] (0.00007003)
[  0  0  1  1  0  2  0  0  1 ] (0.00065757)
[  0  0  1  1  0  2  0  1  0 ] (0.00009444)
[  0  0  1  1  0  2  1  0  0 ] (0.00010858)
[  0  0  1  1  0  3  0  0  0 ] (0.00009223)
[  0  0  1  1  1  0  0  0  0 ] (0.00001490)
[  0  0  1  1  1  0  0  0  1 ] (0.00000155)
[  0  0  1  1  1  0  0  0  2 ] (0.00150218)
[  0  0  1  1  1  0  0  1  0 ] (0.00019144)
[  0  0  1  1  1  0  0  1  1 ] (0.00014697)
[  0  0  1  1  1  0  0  2  0 ] (0.00000368)
[  0  0  1  1  1  0  1  0  0 ] (0.00032715)
[  0  0  1  1  1  0  1  0  1 ] (0.00074840)
[  0  0  1  1  1  0  1  1  0 ] (0.00012172)
[  0  0  1  1  1  0  2  0  0 ] (0.00088416)
[  0  0  1  1  1  1  0  0  0 ] (0.00006141)
[  0  0  1  1  1  1  0  0  1 ] (0.00027391)
[  0  0  1  1  1  1  0  1  0 ] (0.00003173)
[  0  0  1  1  1  1  1  0  0 ] (0.00229598)
[  0  0  1  1  1  2  0  0  0 ] (0.00005672)
[  0  0  1  1  2  0  0  0  0 ] (0.00010460)
[  0  0  1  1  2  0  0  0  1 ] (0.00092348)
[  0  0  1  1  2  0  0  1  0 ] (0.00344228)
[  0  0  1  1  2  0  1  0  0 ] (0.00002276)
[  0  0  1  1  2  1  0  0  0 ] (0.00019572)
[  0  0  1  1  3  0  0  0  0 ] (0.00000754)
[  0  0  1  2  0  0  0  0  0 ] (0.00000040)
[  0  0  1  2  0  0  0  0  1 ] (0.00009957)
[  0  0  1  2  0  0  0  0  2 ] (0.00001769)
[  0  0  1  2  0  0  0  1  0 ] (0.00000013)
[  0  0  1  2  0  0  0  1  1 ] (0.00004203)
[  0  0  1  2  0  0  0  2  0 ] (0.00147972)
[  0  0  1  2  0  0  1  0  0 ] (0.00002048)
[  0  0  1  2  0  0  1  0  1 ] (0.00011445)
[  0  0  1  2  0  0  1  1  0 ] (0.00002085)
[  0  0  1  2  0  0  2  0  0 ] (0.00000987)
[  0  0  1  2  0  1  0  0  0 ] (0.00000355)
[  0  0  1  2  0  1  0  0  1 ] (0.00021170)
[  0  0  1  2  0  1  0  1  0 ] (0.00000547)
[  0  0  1  2  0  1  1  0  0 ] (0.00005310)
[  0  0  1  2  0  2  0  0  0 ] (0.00000303)
[  0  0  1  2  1  0  0  0  0 ] (0.00001731)
[  0  0  1  2  1  0  0  0  1 ] (0.00004150)
[  0  0  1  2  1  0  0  1  0 ] (0.00097843)
[  0  0  1  2  1  0  1  0  0 ] (0.00023441)
[  0  0  1  2  1  1  0  0  0 ] (0.00001208)
[  0  0  1  2  2  0  0  0  0 ] (0.00000617)
[  0  0  1  3  0  0  0  0  0 ] (0.00000408)
[  0  0  1  3  0  0  0  0  1 ] (0.00002202)
[  0  0  1  3  0  0  0  1  0 ] (0.00002604)
[  0  0  1  3  0  0  1  0  0 ] (0.00001117)
[  0  0  1  3  0  1  0  0  0 ] (0.00000001)
[  0  0  1  3  1  0  0  0  0 ] (0.00000329)
[  0  0  1  4  0  0  0  0  0 ] (0.00002193)
[  0  0  2  0  0  0  0  0  0 ] (0.00000051)
[  0  0  2  0  0  0  0  0  1 ] (0.00001877)
[  0  0  2  0  0  0  0  0  2 ] (0.00010259)
[  0  0  2  0  0  0  0  0  3 ] (0.00000588)
[  0  0  2  0  0  0  0  1  0 ] (0.00000087)
[  0  0  2  0  0  0  0  1  1 ] (0.00002635)
[  0  0  2  0  0  0  0  1  2 ] (0.00000004)
[  0  0  2  0  0  0  0  2  0 ] (0.00000135)
[  0  0  2  0  0  0  0  2  1 ] (0.00036800)
[  0  0  2  0  0  0  0  3  0 ] (0.00041136)
[  0  0  2  0  0  0  1  0  0 ] (0.00000049)
[  0  0  2  0  0  0  1  0  1 ] (0.00001043)
[  0  0  2  0  0  0  1  0  2 ] (0.00000084)
[  0  0  2  0  0  0  1  1  0 ] (0.00000082)
[  0  0  2  0  0  0  1  1  1 ] (0.00001038)
[  0  0  2  0  0  0  1  2  0 ] (0.00008983)
[  0  0  2  0  0  0  2  0  0 ] (0.00000105)
[  0  0  2  0  0  0  2  0  1 ] (0.00000065)
[  0  0  2  0  0  0  2  1  0 ] (0.00010378)
[  0  0  2  0  0  0  3  0  0 ] (0.00000193)
[  0  0  2  0  0  1  0  0  0 ] (0.00000387)
[  0  0  2  0  0  1  0  0  1 ] (0.00009059)
[  0  0  2  0  0  1  0  0  2 ] (0.00102202)
[  0  0  2  0  0  1  0  1  0 ] (0.00000095)
[  0  0  2  0  0  1  0  1  1 ] (0.00004130)
[  0  0  2  0  0  1  0  2  0 ] (0.00056227)
[  0  0  2  0  0  1  1  0  0 ] (0.00000001)
[  0  0  2  0  0  1  1  0  1 ] (0.00003824)
[  0  0  2  0  0  1  1  1  0 ] (0.00000642)
[  0  0  2  0  0  1  2  0  0 ] (0.00000008)
[  0  0  2  0  0  2  0  0  0 ] (0.00000145)
[  0  0  2  0  0  2  0  0  1 ] (0.00003009)
[  0  0  2  0  0  2  0  1  0 ] (0.00000437)
[  0  0  2  0  0  2  1  0  0 ] (0.00001834)
[  0  0  2  0  0  3  0  0  0 ] (0.00000115)
[  0  0  2  0  1  0  0  0  0 ] (0.00000089)
[  0  0  2  0  1  0  0  0  1 ] (0.00000152)
[  0  0  2  0  1  0  0  0  2 ] (0.00135964)
[  0  0  2  0  1  0  0  1  0 ] (0.00001666)
[  0  0  2  0  1  0  0  1  1 ] (0.00003530)
[  0  0  2  0  1  0  0  2  0 ] (0.00011606)
[  0  0  2  0  1  0  1  0  0 ] (0.00003701)
[  0  0  2  0  1  0  1  0  1 ] (0.00007265)
[  0  0  2  0  1  0  1  1  0 ] (0.00028492)
[  0  0  2  0  1  0  2  0  0 ] (0.00010964)
[  0  0  2  0  1  1  0  0  0 ] (0.00001853)
[  0  0  2  0  1  1  0  0  1 ] (0.00020597)
[  0  0  2  0  1  1  0  1  0 ] (0.00005140)
[  0  0  2  0  1  1  1  0  0 ] (0.00011378)
[  0  0  2  0  1  2  0  0  0 ] (0.00003365)
[  0  0  2  0  2  0  0  0  0 ] (0.00000004)
[  0  0  2  0  2  0  0  0  1 ] (0.00002012)
[  0  0  2  0  2  0  0  1  0 ] (0.00002689)
[  0  0  2  0  2  0  1  0  0 ] (0.00002343)
[  0  0  2  0  2  1  0  0  0 ] (0.00000069)
[  0  0  2  0  3  0  0  0  0 ] (0.00000000)
[  0  0  2  1  0  0  0  0  0 ] (0.00000355)
[  0  0  2  1  0  0  0  0  1 ] (0.00003713)
[  0  0  2  1  0  0  0  0  2 ] (0.00012970)
[  0  0  2  1  0  0  0  1  0 ] (0.00001705)
[  0  0  2  1  0  0  0  1  1 ] (0.00010172)
[  0  0  2  1  0  0  0  2  0 ] (0.00003944)
[  0  0  2  1  0  0  1  0  0 ] (0.00000794)
[  0  0  2  1  0  0  1  0  1 ] (0.00056749)
[  0  0  2  1  0  0  1  1  0 ] (0.00016412)
[  0  0  2  1  0  0  2  0  0 ] (0.00013651)
[  0  0  2  1  0  1  0  0  0 ] (0.00000192)
[  0  0  2  1  0  1  0  0  1 ] (0.00001511)
[  0  0  2  1  0  1  0  1  0 ] (0.00003715)
[  0  0  2  1  0  1  1  0  0 ] (0.00000836)
[  0  0  2  1  0  2  0  0  0 ] (0.00000038)
[  0  0  2  1  1  0  0  0  0 ] (0.00001262)
[  0  0  2  1  1  0  0  0  1 ] (0.00000857)
[  0  0  2  1  1  0  0  1  0 ] (0.00082583)
[  0  0  2  1  1  0  1  0  0 ] (0.00001104)
[  0  0  2  1  1  1  0  0  0 ] (0.00000533)
[  0  0  2  1  2  0  0  0  0 ] (0.00000617)
[  0  0  2  2  0  0  0  0  0 ] (0.00000059)
[  0  0  2  2  0  0  0  0  1 ] (0.00001064)
[  0  0  2  2  0  0  0  1  0 ] (0.00000660)
[  0  0  2  2  0  0  1  0  0 ] (0.00000020)
[  0  0  2  2  0  1  0  0  0 ] (0.00000039)
[  0  0  2  2  1  0  0  0  0 ] (0.00001362)
[  0  0  2  3  0  0  0  0  0 ] (0.00000098)
[  0  0  3  0  0  0  0  0  0 ] (0.00000001)
[  0  0  3  0  0  0  0  0  1 ] (0.00000475)
[  0  0  3  0  0  0  0  0  2 ] (0.00001754)
[  0  0  3  0  0  0  0  1  0 ] (0.00002795)
[  0  0  3  0  0  0  0  1  1 ] (0.00010774)
[  0  0  3  0  0  0  0  2  0 ] (0.00000312)
[  0  0  3  0  0  0  1  0  0 ] (0.00000583)
[  0  0  3  0  0  0  1  0  1 ] (0.00005874)
[  0  0  3  0  0  0  1  1  0 ] (0.00043455)
[  0  0  3  0  0  0  2  0  0 ] (0.00000845)
[  0  0  3  0  0  1  0  0  0 ] (0.00000029)
[  0  0  3  0  0  1  0  0  1 ] (0.00000106)
[  0  0  3  0  0  1  0  1  0 ] (0.00000915)
[  0  0  3  0  0  1  1  0  0 ] (0.00004395)
[  0  0  3  0  0  2  0  0  0 ] (0.00000019)
[  0  0  3  0  1  0  0  0  0 ] (0.00000029)
[  0  0  3  0  1  0  0  0  1 ] (0.00000182)
[  0  0  3  0  1  0  0  1  0 ] (0.00007937)
[  0  0  3  0  1  0  1  0  0 ] (0.00001974)
[  0  0  3  0  1  1  0  0  0 ] (0.00001370)
[  0  0  3  0  2  0  0  0  0 ] (0.00000038)
[  0  0  3  1  0  0  0  0  0 ] (0.00000027)
[  0  0  3  1  0  0  0  0  1 ] (0.00000067)
[  0  0  3  1  0  0  0  1  0 ] (0.00009418)
[  0  0  3  1  0  0  1  0  0 ] (0.00001560)
[  0  0  3  1  0  1  0  0  0 ] (0.00000012)
[  0  0  3  1  1  0  0  0  0 ] (0.00001194)
[  0  0  3  2  0  0  0  0  0 ] (0.00000108)
[  0  0  4  0  0  0  0  0  0 ] (0.00000223)
[  0  0  4  0  0  0  0  0  1 ] (0.00001778)
[  0  0  4  0  0  0  0  1  0 ] (0.00014211)
[  0  0  4  0  0  0  1  0  0 ] (0.00000006)
[  0  0  4  0  0  1  0  0  0 ] (0.00000183)
[  0  0  4  0  1  0  0  0  0 ] (0.00000083)
[  0  0  4  1  0  0  0  0  0 ] (0.00001311)
[  0  0  5  0  0  0  0  0  0 ] (0.00000079)
[  0  1  0  0  0  0  0  0  0 ] (0.00000003)
[  0  1  0  0  0  0  0  0  1 ] (0.00010003)
[  0  1  0  0  0  0  0  0  2 ] (0.00010001)
[  0  1  0  0  0  0  0  0  3 ] (0.00328581)
[  0  1  0  0  0  0  0  0  4 ] (0.00004120)
[  0  1  0  0  0  0  0  1  0 ] (0.00007332)
[  0  1  0  0  0  0  0  1  1 ] (0.00008005)
[  0  1  0  0  0  0  0  1  2 ] (0.00009702)
[  0  1  0  0  0  0  0  1  3 ] (0.00000010)
[  0  1  0  0  0  0  0  2  0 ] (0.00623414)
[  0  1  0  0  0  0  0  2  1 ] (0.06369067)
[  0  1  0  0  0  0  0  2  2 ] (0.01061265)
[  0  1  0  0  0  0  0  3  0 ] (0.00004749)
[  0  1  0  0  0  0  0  3  1 ] (0.00008931)
[  0  1  0  0  0  0  0  4  0 ] (0.00000071)
[  0  1  0  0  0  0  1  0  0 ] (0.00014706)
[  0  1  0  0  0  0  1  0  1 ] (0.00035362)
[  0  1  0  0  0  0  1  0  2 ] (0.00750225)
[  0  1  0  0  0  0  1  0  3 ] (0.00002428)
[  0  1  0  0  0  0  1  1  0 ] (0.00019735)
[  0  1  0  0  0  0  1  1  1 ] (0.00023949)
[  0  1  0  0  0  0  1  1  2 ] (0.00000555)
[  0  1  0  0  0  0  1  2  0 ] (0.00000166)
[  0  1  0  0  0  0  1  2  1 ] (0.00412312)
[  0  1  0  0  0  0  1  3  0 ] (0.00009462)
[  0  1  0  0  0  0  2  0  0 ] (0.00004492)
[  0  1  0  0  0  0  2  0  1 ] (0.00050388)
[  0  1  0  0  0  0  2  0  2 ] (0.00045328)
[  0  1  0  0  0  0  2  1  0 ] (0.00005485)
[  0  1  0  0  0  0  2  1  1 ] (0.00000449)
[  0  1  0  0  0  0  2  2  0 ] (0.00169579)
[  0  1  0  0  0  0  3  0  0 ] (0.00000296)
[  0  1  0  0  0  0  3  0  1 ] (0.00023723)
[  0  1  0  0  0  0  3  1  0 ] (0.00031541)
[  0  1  0  0  0  0  4  0  0 ] (0.00260061)
[  0  1  0  0  0  1  0  0  0 ] (0.00000378)
[  0  1  0  0  0  1  0  0  1 ] (0.00005842)
[  0  1  0  0  0  1  0  0  2 ] (0.00044547)
[  0  1  0  0  0  1  0  0  3 ] (0.00011841)
[  0  1  0  0  0  1  0  1  0 ] (0.00002105)
[  0  1  0  0  0  1  0  1  1 ] (0.00000931)
[  0  1  0  0  0  1  0  1  2 ] (0.00000811)
[  0  1  0  0  0  1  0  2  0 ] (0.00015200)
[  0  1  0  0  0  1  0  2  1 ] (0.00211847)
[  0  1  0  0  0  1  0  3  0 ] (0.00048846)
[  0  1  0  0  0  1  1  0  0 ] (0.00000743)
[  0  1  0  0  0  1  1  0  1 ] (0.00059829)
[  0  1  0  0  0  1  1  0  2 ] (0.00013369)
[  0  1  0  0  0  1  1  1  0 ] (0.00004944)
[  0  1  0  0  0  1  1  1  1 ] (0.00002551)
[  0  1  0  0  0  1  1  2  0 ] (0.00020440)
[  0  1  0  0  0  1  2  0  0 ] (0.00000125)
[  0  1  0  0  0  1  2  0  1 ] (0.00000040)
[  0  1  0  0  0  1  2  1  0 ] (0.00002922)
[  0  1  0  0  0  1  3  0  0 ] (0.00000123)
[  0  1  0  0  0  2  0  0  0 ] (0.00000004)
[  0  1  0  0  0  2  0  0  1 ] (0.00002653)
[  0  1  0  0  0  2  0  0  2 ] (0.00426931)
[  0  1  0  0  0  2  0  1  0 ] (0.00004029)
[  0  1  0  0  0  2  0  1  1 ] (0.00002676)
[  0  1  0  0  0  2  0  2  0 ] (0.01673336)
[  0  1  0  0  0  2  1  0  0 ] (0.00003305)
[  0  1  0  0  0  2  1  0  1 ] (0.00000671)
[  0  1  0  0  0  2  1  1  0 ] (0.00068425)
[  0  1  0  0  0  2  2  0  0 ] (0.00003392)
[  0  1  0  0  0  3  0  0  0 ] (0.00000041)
[  0  1  0  0  0  3  0  0  1 ] (0.00011379)
[  0  1  0  0  0  3  0  1  0 ] (0.00008605)
[  0  1  0  0  0  3  1  0  0 ] (0.00003194)
[  0  1  0  0  0  4  0  0  0 ] (0.00000741)
[  0  1  0  0  1  0  0  0  0 ] (0.00000062)
[  0  1  0  0  1  0  0  0  1 ] (0.00005845)
[  0  1  0  0  1  0  0  0  2 ] (0.00124146)
[  0  1  0  0  1  0  0  0  3 ] (0.00005343)
[  0  1  0  0  1  0  0  1  0 ] (0.00329127)
[  0  1  0  0  1  0  0  1  1 ] (0.07991243)
[  0  1  0  0  1  0  0  1  2 ] (0.00584631)
[  0  1  0  0  1  0  0  2  0 ] (0.00005522)
[  0  1  0  0  1  0  0  2  1 ] (0.00003565)
[  0  1  0  0  1  0  0  3  0 ] (0.00035633)
[  0  1  0  0  1  0  1  0  0 ] (0.00091895)
[  0  1  0  0  1  0  1  0  1 ] (0.00624432)
[  0  1  0  0  1  0  1  0  2 ] (0.00099184)
[  0  1  0  0  1  0  1  1  0 ] (0.00120862)
[  0  1  0  0  1  0  1  1  1 ] (0.00252418)
[  0  1  0  0  1  0  1  2  0 ] (0.00030188)
[  0  1  0  0  1  0  2  0  0 ] (0.00004166)
[  0  1  0  0  1  0  2  0  1 ] (0.00000441)
[  0  1  0  0  1  0  2  1  0 ] (0.00178137)
[  0  1  0  0  1  0  3  0  0 ] (0.01835572)
[  0  1  0  0  1  1  0  0  0 ] (0.00000070)
[  0  1  0  0  1  1  0  0  1 ] (0.00001965)
[  0  1  0  0  1  1  0  0  2 ] (0.00002989)
[  0  1  0  0  1  1  0  1  0 ] (0.00008366)
[  0  1  0  0  1  1  0  1  1 ] (0.00482874)
[  0  1  0  0  1  1  0  2  0 ] (0.00001718)
[  0  1  0  0  1  1  1  0  0 ] (0.00000526)
[  0  1  0  0  1  1  1  0  1 ] (0.00022564)
[  0  1  0  0  1  1  1  1  0 ] (0.00030694)
[  0  1  0  0  1  1  2  0  0 ] (0.00002188)
[  0  1  0  0  1  2  0  0  0 ] (0.00000926)
[  0  1  0  0  1  2  0  0  1 ] (0.00004532)
[  0  1  0  0  1  2  0  1  0 ] (0.00014776)
[  0  1  0  0  1  2  1  0  0 ] (0.00019078)
[  0  1  0  0  1  3  0  0  0 ] (0.00000016)
[  0  1  0  0  2  0  0  0  0 ] (0.00000016)
[  0  1  0  0  2  0  0  0  1 ] (0.00016055)
[  0  1  0  0  2  0  0  0  2 ] (0.00025702)
[  0  1  0  0  2  0  0  1  0 ] (0.00010716)
[  0  1  0  0  2  0  0  1  1 ] (0.00001928)
[  0  1  0  0  2  0  0  2  0 ] (0.00051471)
[  0  1  0  0  2  0  1  0  0 ] (0.00004362)
[  0  1  0  0  2  0  1  0  1 ] (0.00185262)
[  0  1  0  0  2  0  1  1  0 ] (0.00018454)
[  0  1  0  0  2  0  2  0  0 ] (0.00000983)
[  0  1  0  0  2  1  0  0  0 ] (0.00004334)
[  0  1  0  0  2  1  0  0  1 ] (0.00088873)
[  0  1  0  0  2  1  0  1  0 ] (0.00070822)
[  0  1  0  0  2  1  1  0  0 ] (0.00012607)
[  0  1  0  0  2  2  0  0  0 ] (0.00000197)
[  0  1  0  0  3  0  0  0  0 ] (0.00017480)
[  0  1  0  0  3  0  0  0  1 ] (0.00023161)
[  0  1  0  0  3  0  0  1  0 ] (0.00118636)
[  0  1  0  0  3  0  1  0  0 ] (0.00057906)
[  0  1  0  0  3  1  0  0  0 ] (0.00000387)
[  0  1  0  0  4  0  0  0  0 ] (0.00000685)
[  0  1  0  1  0  0  0  0  0 ] (0.00000013)
[  0  1  0  1  0  0  0  0  1 ] (0.00001110)
[  0  1  0  1  0  0  0  0  2 ] (0.00000057)
[  0  1  0  1  0  0  0  0  3 ] (0.00006290)
[  0  1  0  1  0  0  0  1  0 ] (0.00000165)
[  0  1  0  1  0  0  0  1  1 ] (0.00017827)
[  0  1  0  1  0  0  0  1  2 ] (0.00001798)
[  0  1  0  1  0  0  0  2  0 ] (0.00001149)
[  0  1  0  1  0  0  0  2  1 ] (0.00005346)
[  0  1  0  1  0  0  0  3  0 ] (0.00010924)
[  0  1  0  1  0  0  1  0  0 ] (0.00007292)
[  0  1  0  1  0  0  1  0  1 ] (0.00001533)
[  0  1  0  1  0  0  1  0  2 ] (0.00010612)
[  0  1  0  1  0  0  1  1  0 ] (0.00003749)
[  0  1  0  1  0  0  1  1  1 ] (0.00002942)
[  0  1  0  1  0  0  1  2  0 ] (0.00013376)
[  0  1  0  1  0  0  2  0  0 ] (0.00000651)
[  0  1  0  1  0  0  2  0  1 ] (0.00005612)
[  0  1  0  1  0  0  2  1  0 ] (0.00000447)
[  0  1  0  1  0  0  3  0  0 ] (0.00039882)
[  0  1  0  1  0  1  0  0  0 ] (0.00000044)
[  0  1  0  1  0  1  0  0  1 ] (0.00000008)
[  0  1  0  1  0  1  0  0  2 ] (0.00034167)
[  0  1  0  1  0  1  0  1  0 ] (0.00002906)
[  0  1  0  1  0  1  0  1  1 ] (0.00000701)
[  0  1  0  1  0  1  0  2  0 ] (0.00145355)
[  0  1  0  1  0  1  1  0  0 ] (0.00003135)
[  0  1  0  1  0  1  1  0  1 ] (0.00003926)
[  0  1  0  1  0  1  1  1  0 ] (0.00025073)
[  0  1  0  1  0  1  2  0  0 ] (0.00000544)
[  0  1  0  1  0  2  0  0  0 ] (0.00000012)
[  0  1  0  1  0  2  0  0  1 ] (0.00000702)
[  0  1  0  1  0  2  0  1  0 ] (0.00019465)
[  0  1  0  1  0  2  1  0  0 ] (0.00000809)
[  0  1  0  1  0  3  0  0  0 ] (0.00000451)
[  0  1  0  1  1  0  0  0  0 ] (0.00000028)
[  0  1  0  1  1  0  0  0  1 ] (0.00056786)
[  0  1  0  1  1  0  0  0  2 ] (0.00197464)
[  0  1  0  1  1  0  0  1  0 ] (0.00000049)
[  0  1  0  1  1  0  0  1  1 ] (0.00000041)
[  0  1  0  1  1  0  0  2  0 ] (0.00011144)
[  0  1  0  1  1  0  1  0  0 ] (0.00001948)
[  0  1  0  1  1  0  1  0  1 ] (0.00027132)
[  0  1  0  1  1  0  1  1  0 ] (0.00005680)
[  0  1  0  1  1  0  2  0  0 ] (0.00006213)
[  0  1  0  1  1  1  0  0  0 ] (0.00005250)
[  0  1  0  1  1  1  0  0  1 ] (0.00157956)
[  0  1  0  1  1  1  0  1  0 ] (0.00021446)
[  0  1  0  1  1  1  1  0  0 ] (0.00020200)
[  0  1  0  1  1  2  0  0  0 ] (0.00003188)
[  0  1  0  1  2  0  0  0  0 ] (0.00002733)
[  0  1  0  1  2  0  0  0  1 ] (0.00006369)
[  0  1  0  1  2  0  0  1  0 ] (0.00214121)
[  0  1  0  1  2  0  1  0  0 ] (0.00007707)
[  0  1  0  1  2  1  0  0  0 ] (0.00000464)
[  0  1  0  1  3  0  0  0  0 ] (0.00000082)
[  0  1  0  2  0  0  0  0  0 ] (0.00000229)
[  0  1  0  2  0  0  0  0  1 ] (0.00001411)
[  0  1  0  2  0  0  0  0  2 ] (0.00032418)
[  0  1  0  2  0  0  0  1  0 ] (0.00001959)
[  0  1  0  2  0  0  0  1  1 ] (0.00000122)
[  0  1  0  2  0  0  0  2  0 ] (0.00104369)
[  0  1  0  2  0  0  1  0  0 ] (0.00000068)
[  0  1  0  2  0  0  1  0  1 ] (0.00005177)
[  0  1  0  2  0  0  1  1  0 ] (0.00030714)
[  0  1  0  2  0  0  2  0  0 ] (0.00000532)
[  0  1  0  2  0  1  0  0  0 ] (0.00000005)
[  0  1  0  2  0  1  0  0  1 ] (0.00000240)
[  0  1  0  2  0  1  0  1  0 ] (0.00013121)
[  0  1  0  2  0  1  1  0  0 ] (0.00000131)
[  0  1  0  2  0  2  0  0  0 ] (0.00000027)
[  0  1  0  2  1  0  0  0  0 ] (0.00000283)
[  0  1  0  2  1  0  0  0  1 ] (0.00002675)
[  0  1  0  2  1  0  0  1  0 ] (0.00000805)
[  0  1  0  2  1  0  1  0  0 ] (0.00002414)
[  0  1  0  2  1  1  0  0  0 ] (0.00000008)
[  0  1  0  2  2  0  0  0  0 ] (0.00000203)
[  0  1  0  3  0  0  0  0  0 ] (0.00001459)
[  0  1  0  3  0  0  0  0  1 ] (0.00009287)
[  0  1  0  3  0  0  0  1  0 ] (0.00020266)
[  0  1  0  3  0  0  1  0  0 ] (0.00001218)
[  0  1  0  3  0  1  0  0  0 ] (0.00000247)
[  0  1  0  3  1  0  0  0  0 ] (0.00001948)
[  0  1  0  4  0  0  0  0  0 ] (0.00000024)
[  0  1  1  0  0  0  0  0  0 ] (0.00000020)
[  0  1  1  0  0  0  0  0  1 ] (0.00002039)
[  0  1  1  0  0  0  0  0  2 ] (0.00147056)
[  0  1  1  0  0  0  0  0  3 ] (0.00004220)
[  0  1  1  0  0  0  0  1  0 ] (0.00002299)
[  0  1  1  0  0  0  0  1  1 ] (0.00013618)
[  0  1  1  0  0  0  0  1  2 ] (0.00011870)
[  0  1  1  0  0  0  0  2  0 ] (0.00014432)
[  0  1  1  0  0  0  0  2  1 ] (0.00008355)
[  0  1  1  0  0  0  0  3  0 ] (0.00128872)
[  0  1  1  0  0  0  1  0  0 ] (0.00001387)
[  0  1  1  0  0  0  1  0  1 ] (0.00002016)
[  0  1  1  0  0  0  1  0  2 ] (0.00004327)
[  0  1  1  0  0  0  1  1  0 ] (0.00012242)
[  0  1  1  0  0  0  1  1  1 ] (0.00002287)
[  0  1  1  0  0  0  1  2  0 ] (0.00001799)
[  0  1  1  0  0  0  2  0  0 ] (0.00000222)
[  0  1  1  0  0  0  2  0  1 ] (0.00000000)
[  0  1  1  0  0  0  2  1  0 ] (0.00000347)
[  0  1  1  0  0  0  3  0  0 ] (0.00004294)
[  0  1  1  0  0  1  0  0  0 ] (0.00000863)
[  0  1  1  0  0  1  0  0  1 ] (0.00015542)
[  0  1  1  0  0  1  0  0  2 ] (0.03318417)
[  0  1  1  0  0  1  0  1  0 ] (0.00001689)
[  0  1  1  0  0  1  0  1  1 ] (0.00000007)
[  0  1  1  0  0  1  0  2  0 ] (0.00375276)
[  0  1  1  0  0  1  1  0  0 ] (0.00000114)
[  0  1  1  0  0  1  1  0  1 ] (0.00000288)
[  0  1  1  0  0  1  1  1  0 ] (0.00000093)
[  0  1  1  0  0  1  2  0  0 ] (0.00014338)
[  0  1  1  0  0  2  0  0  0 ] (0.00000009)
[  0  1  1  0  0  2  0  0  1 ] (0.00001663)
[  0  1  1  0  0  2  0  1  0 ] (0.00003331)
[  0  1  1  0  0  2  1  0  0 ] (0.00000013)
[  0  1  1  0  0  3  0  0  0 ] (0.00001485)
[  0  1  1  0  1  0  0  0  0 ] (0.00000477)
[  0  1  1  0  1  0  0  0  1 ] (0.00006775)
[  0  1  1  0  1  0  0  0  2 ] (0.00037163)
[  0  1  1  0  1  0  0  1  0 ] (0.00000022)
[  0  1  1  0  1  0  0  1  1 ] (0.00113615)
[  0  1  1  0  1  0  0  2  0 ] (0.00156387)
[  0  1  1  0  1  0  1  0  0 ] (0.00000699)
[  0  1  1  0  1  0  1  0  1 ] (0.00086238)
[  0  1  1  0  1  0  1  1  0 ] (0.00000154)
[  0  1  1  0  1  0  2  0  0 ] (0.00034236)
[  0  1  1  0  1  1  0  0  0 ] (0.00008481)
[  0  1  1  0  1  1  0  0  1 ] (0.00137109)
[  0  1  1  0  1  1  0  1  0 ] (0.00000610)
[  0  1  1  0  1  1  1  0  0 ] (0.00017142)
[  0  1  1  0  1  2  0  0  0 ] (0.00001673)
[  0  1  1  0  2  0  0  0  0 ] (0.00000058)
[  0  1  1  0  2  0  0  0  1 ] (0.00010907)
[  0  1  1  0  2  0  0  1  0 ] (0.00002644)
[  0  1  1  0  2  0  1  0  0 ] (0.00000371)
[  0  1  1  0  2  1  0  0  0 ] (0.00000967)
[  0  1  1  0  3  0  0  0  0 ] (0.00000001)
[  0  1  1  1  0  0  0  0  0 ] (0.00000488)
[  0  1  1  1  0  0  0  0  1 ] (0.00004756)
[  0  1  1  1  0  0  0  0  2 ] (0.00069705)
[  0  1  1  1  0  0  0  1  0 ] (0.00011034)
[  0  1  1  1  0  0  0  1  1 ] (0.00142403)
[  0  1  1  1  0  0  0  2  0 ] (0.00121848)
[  0  1  1  1  0  0  1  0  0 ] (0.00000449)
[  0  1  1  1  0  0  1  0  1 ] (0.00281847)
[  0  1  1  1  0  0  1  1  0 ] (0.00000174)
[  0  1  1  1  0  0  2  0  0 ] (0.00011455)
[  0  1  1  1  0  1  0  0  0 ] (0.00000000)
[  0  1  1  1  0  1  0  0  1 ] (0.00000053)
[  0  1  1  1  0  1  0  1  0 ] (0.00027608)
[  0  1  1  1  0  1  1  0  0 ] (0.00000386)
[  0  1  1  1  0  2  0  0  0 ] (0.00000096)
[  0  1  1  1  1  0  0  0  0 ] (0.00009580)
[  0  1  1  1  1  0  0  0  1 ] (0.00260819)
[  0  1  1  1  1  0  0  1  0 ] (0.00580134)
[  0  1  1  1  1  0  1  0  0 ] (0.00073635)
[  0  1  1  1  1  1  0  0  0 ] (0.00002311)
[  0  1  1  1  2  0  0  0  0 ] (0.00000016)
[  0  1  1  2  0  0  0  0  0 ] (0.00000393)
[  0  1  1  2  0  0  0  0  1 ] (0.00000070)
[  0  1  1  2  0  0  0  1  0 ] (0.00008017)
[  0  1  1  2  0  0  1  0  0 ] (0.00000011)
[  0  1  1  2  0  1  0  0  0 ] (0.00000227)
[  0  1  1  2  1  0  0  0  0 ] (0.00000233)
[  0  1  1  3  0  0  0  0  0 ] (0.00000408)
[  0  1  2  0  0  0  0  0  0 ] (0.00000050)
[  0  1  2  0  0  0  0  0  1 ] (0.00000724)
[  0  1  2  0  0  0  0  0  2 ] (0.00000007)
[  0  1  2  0  0  0  0  1  0 ] (0.00000204)
[  0  1  2  0  0  0  0  1  1 ] (0.00027198)
[  0  1  2  0  0  0  0  2  0 ] (0.00033686)
[  0  1  2  0  0  0  1  0  0 ] (0.00000028)
[  0  1  2  0  0  0  1  0  1 ] (0.00005330)
[  0  1  2  0  0  0  1  1  0 ] (0.00320248)
[  0  1  2  0  0  0  2  0  0 ] (0.00000086)
[  0  1  2  0  0  1  0  0  0 ] (0.00000196)
[  0  1  2  0  0  1  0  0  1 ] (0.00000967)
[  0  1  2  0  0  1  0  1  0 ] (0.00003607)
[  0  1  2  0  0  1  1  0  0 ] (0.00001430)
[  0  1  2  0  0  2  0  0  0 ] (0.00000067)
[  0  1  2  0  1  0  0  0  0 ] (0.00004164)
[  0  1  2  0  1  0  0  0  1 ] (0.00013275)
[  0  1  2  0  1  0  0  1  0 ] (0.00000078)
[  0  1  2  0  1  0  1  0  0 ] (0.00000086)
[  0  1  2  0  1  1  0  0  0 ] (0.00001353)
[  0  1  2  0  2  0  0  0  0 ] (0.00000018)
[  0  1  2  1  0  0  0  0  0 ] (0.00000187)
[  0  1  2  1  0  0  0  0  1 ] (0.00000072)
[  0  1  2  1  0  0  0  1  0 ] (0.00003912)
[  0  1  2  1  0  0  1  0  0 ] (0.00003363)
[  0  1  2  1  0  1  0  0  0 ] (0.00000287)
[  0  1  2  1  1  0  0  0  0 ] (0.00000089)
[  0  1  2  2  0  0  0  0  0 ] (0.00000003)
[  0  1  3  0  0  0  0  0  0 ] (0.00000031)
[  0  1  3  0  0  0  0  0  1 ] (0.00001955)
[  0  1  3  0  0  0  0  1  0 ] (0.00007911)
[  0  1  3  0  0  0  1  0  0 ] (0.00001057)
[  0  1  3  0  0  1  0  0  0 ] (0.00000006)
[  0  1  3  0  1  0  0  0  0 ] (0.00000239)
[  0  1  3  1  0  0  0  0  0 ] (0.00000604)
[  0  1  4  0  0  0  0  0  0 ] (0.00000101)
[  0  2  0  0  0  0  0  0  0 ] (0.00000019)
[  0  2  0  0  0  0  0  0  1 ] (0.00000730)
[  0  2  0  0  0  0  0  0  2 ] (0.00000066)
[  0  2  0  0  0  0  0  0  3 ] (0.00059124)
[  0  2  0  0  0  0  0  1  0 ] (0.00001345)
[  0  2  0  0  0  0  0  1  1 ] (0.00005985)
[  0  2  0  0  0  0  0  1  2 ] (0.00000291)
[  0  2  0  0  0  0  0  2  0 ] (0.00000524)
[  0  2  0  0  0  0  0  2  1 ] (0.00000001)
[  0  2  0  0  0  0  0  3  0 ] (0.00040167)
[  0  2  0  0  0  0  1  0  0 ] (0.00000102)
[  0  2  0  0  0  0  1  0  1 ] (0.00011202)
[  0  2  0  0  0  0  1  0  2 ] (0.00022166)
[  0  2  0  0  0  0  1  1  0 ] (0.00003888)
[  0  2  0  0  0  0  1  1  1 ] (0.00001508)
[  0  2  0  0  0  0  1  2  0 ] (0.00199642)
[  0  2  0  0  0  0  2  0  0 ] (0.00016774)
[  0  2  0  0  0  0  2  0  1 ] (0.00205043)
[  0  2  0  0  0  0  2  1  0 ] (0.00639591)
[  0  2  0  0  0  0  3  0  0 ] (0.00002585)
[  0  2  0  0  0  1  0  0  0 ] (0.00000088)
[  0  2  0  0  0  1  0  0  1 ] (0.00000385)
[  0  2  0  0  0  1  0  0  2 ] (0.00013520)
[  0  2  0  0  0  1  0  1  0 ] (0.00000591)
[  0  2  0  0  0  1  0  1  1 ] (0.00045847)
[  0  2  0  0  0  1  0  2  0 ] (0.00011748)
[  0  2  0  0  0  1  1  0  0 ] (0.00005591)
[  0  2  0  0  0  1  1  0  1 ] (0.00155082)
[  0  2  0  0  0  1  1  1  0 ] (0.00115528)
[  0  2  0  0  0  1  2  0  0 ] (0.00000131)
[  0  2  0  0  0  2  0  0  0 ] (0.00000135)
[  0  2  0  0  0  2  0  0  1 ] (0.00000090)
[  0  2  0  0  0  2  0  1  0 ] (0.00000956)
[  0  2  0  0  0  2  1  0  0 ] (0.00000026)
[  0  2  0  0  0  3  0  0  0 ] (0.00000001)
[  0  2  0  0  1  0  0  0  0 ] (0.00000257)
[  0  2  0  0  1  0  0  0  1 ] (0.00006134)
[  0  2  0  0  1  0  0  0  2 ] (0.00039370)
[  0  2  0  0  1  0  0  1  0 ] (0.00000197)
[  0  2  0  0  1  0  0  1  1 ] (0.00031811)
[  0  2  0  0  1  0  0  2  0 ] (0.00400756)
[  0  2  0  0  1  0  1  0  0 ] (0.00001172)
[  0  2  0  0  1  0  1  0  1 ] (0.00101856)
[  0  2  0  0  1  0  1  1  0 ] (0.00832351)
[  0  2  0  0  1  0  2  0  0 ] (0.00015085)
[  0  2  0  0  1  1  0  0  0 ] (0.00000034)
[  0  2  0  0  1  1  0  0  1 ] (0.00002846)
[  0  2  0  0  1  1  0  1  0 ] (0.00009847)
[  0  2  0  0  1  1  1  0  0 ] (0.00001412)
[  0  2  0  0  1  2  0  0  0 ] (0.00000001)
[  0  2  0  0  2  0  0  0  0 ] (0.00001190)
[  0  2  0  0  2  0  0  0  1 ] (0.00000782)
[  0  2  0  0  2  0  0  1  0 ] (0.00006381)
[  0  2  0  0  2  0  1  0  0 ] (0.00001509)
[  0  2  0  0  2  1  0  0  0 ] (0.00000251)
[  0  2  0  0  3  0  0  0  0 ] (0.00001203)
[  0  2  0  1  0  0  0  0  0 ] (0.00000815)
[  0  2  0  1  0  0  0  0  1 ] (0.00004242)
[  0  2  0  1  0  0  0  0  2 ] (0.00055740)
[  0  2  0  1  0  0  0  1  0 ] (0.00000137)
[  0  2  0  1  0  0  0  1  1 ] (0.00003418)
[  0  2  0  1  0  0  0  2  0 ] (0.00061478)
[  0  2  0  1  0  0  1  0  0 ] (0.00064545)
[  0  2  0  1  0  0  1  0  1 ] (0.00961704)
[  0  2  0  1  0  0  1  1  0 ] (0.00093476)
[  0  2  0  1  0  0  2  0  0 ] (0.00000474)
[  0  2  0  1  0  1  0  0  0 ] (0.00000028)
[  0  2  0  1  0  1  0  0  1 ] (0.00000788)
[  0  2  0  1  0  1  0  1  0 ] (0.00000055)
[  0  2  0  1  0  1  1  0  0 ] (0.00007932)
[  0  2  0  1  0  2  0  0  0 ] (0.00000013)
[  0  2  0  1  1  0  0  0  0 ] (0.00000000)
[  0  2  0  1  1  0  0  0  1 ] (0.00001085)
[  0  2  0  1  1  0  0  1  0 ] (0.00019211)
[  0  2  0  1  1  0  1  0  0 ] (0.00003438)
[  0  2  0  1  1  1  0  0  0 ] (0.00000072)
[  0  2  0  1  2  0  0  0  0 ] (0.00000245)
[  0  2  0  2  0  0  0  0  0 ] (0.00000000)
[  0  2  0  2  0  0  0  0  1 ] (0.00000117)
[  0  2  0  2  0  0  0  1  0 ] (0.00000021)
[  0  2  0  2  0  0  1  0  0 ] (0.00000775)
[  0  2  0  2  0  1  0  0  0 ] (0.00000013)
[  0  2  0  2  1  0  0  0  0 ] (0.00000054)
[  0  2  0  3  0  0  0  0  0 ] (0.00000235)
[  0  2  1  0  0  0  0  0  0 ] (0.00000002)
[  0  2  1  0  0  0  0  0  1 ] (0.00000769)
[  0  2  1  0  0  0  0  0  2 ] (0.00000243)
[  0  2  1  0  0  0  0  1  0 ] (0.00000310)
[  0  2  1  0  0  0  0  1  1 ] (0.00011670)
[  0  2  1  0  0  0  0  2  0 ] (0.00011376)
[  0  2  1  0  0  0  1  0  0 ] (0.00002109)
[  0  2  1  0  0  0  1  0  1 ] (0.00008554)
[  0  2  1  0  0  0  1  1  0 ] (0.00169097)
[  0  2  1  0  0  0  2  0  0 ] (0.00001260)
[  0  2  1  0  0  1  0  0  0 ] (0.00000009)
[  0  2  1  0  0  1  0  0  1 ] (0.00003592)
[  0  2  1  0  0  1  0  1  0 ] (0.00000025)
[  0  2  1  0  0  1  1  0  0 ] (0.00003274)
[  0  2  1  0  0  2  0  0  0 ] (0.00000064)
[  0  2  1  0  1  0  0  0  0 ] (0.00004304)
[  0  2  1  0  1  0  0  0  1 ] (0.00016323)
[  0  2  1  0  1  0  0  1  0 ] (0.00001359)
[  0  2  1  0  1  0  1  0  0 ] (0.00000138)
[  0  2  1  0  1  1  0  0  0 ] (0.00000839)
[  0  2  1  0  2  0  0  0  0 ] (0.00000163)
[  0  2  1  1  0  0  0  0  0 ] (0.00000341)
[  0  2  1  1  0  0  0  0  1 ] (0.00000094)
[  0  2  1  1  0  0  0  1  0 ] (0.00002061)
[  0  2  1  1  0  0  1  0  0 ] (0.00000006)
[  0  2  1  1  0  1  0  0  0 ] (0.00000031)
[  0  2  1  1  1  0  0  0  0 ] (0.00000005)
[  0  2  1  2  0  0  0  0  0 ] (0.00000000)
[  0  2  2  0  0  0  0  0  0 ] (0.00000001)
[  0  2  2  0  0  0  0  0  1 ] (0.00000000)
[  0  2  2  0  0  0  0  1  0 ] (0.00000168)
[  0  2  2  0  0  0  1  0  0 ] (0.00000044)
[  0  2  2  0  0  1  0  0  0 ] (0.00000020)
[  0  2  2  0  1  0  0  0  0 ] (0.00000000)
[  0  2  2  1  0  0  0  0  0 ] (0.00000000)
[  0  2  3  0  0  0  0  0  0 ] (0.00000020)
[  0  3  0  0  0  0  0  0  0 ] (0.00000766)
[  0  3  0  0  0  0  0  0  1 ] (0.00003313)
[  0  3  0  0  0  0  0  0  2 ] (0.00000031)
[  0  3  0  0  0  0  0  1  0 ] (0.00007542)
[  0  3  0  0  0  0  0  1  1 ] (0.00046432)
[  0  3  0  0  0  0  0  2  0 ] (0.00017875)
[  0  3  0  0  0  0  1  0  0 ] (0.00000560)
[  0  3  0  0  0  0  1  0  1 ] (0.00020988)
[  0  3  0  0  0  0  1  1  0 ] (0.00003041)
[  0  3  0  0  0  0  2  0  0 ] (0.00002546)
[  0  3  0  0  0  1  0  0  0 ] (0.00000006)
[  0  3  0  0  0  1  0  0  1 ] (0.00002285)
[  0  3  0  0  0  1  0  1  0 ] (0.00000269)
[  0  3  0  0  0  1  1  0  0 ] (0.00000219)
[  0  3  0  0  0  2  0  0  0 ] (0.00000165)
[  0  3  0  0  1  0  0  0  0 ] (0.00000007)
[  0  3  0  0  1  0  0  0  1 ] (0.00000434)
[  0  3  0  0  1  0  0  1  0 ] (0.00017234)
[  0  3  0  0  1  0  1  0  0 ] (0.00010688)
[  0  3  0  0  1  1  0  0  0 ] (0.00000051)
[  0  3  0  0  2  0  0  0  0 ] (0.00000100)
[  0  3  0  1  0  0  0  0  0 ] (0.00000014)
[  0  3  0  1  0  0  0  0  1 ] (0.00000060)
[  0  3  0  1  0  0  0  1  0 ] (0.00000060)
[  0  3  0  1  0  0  1  0  0 ] (0.00002483)
[  0  3  0  1  0  1  0  0  0 ] (0.00000079)
[  0  3  0  1  1  0  0  0  0 ] (0.00001306)
[  0  3  0  2  0  0  0  0  0 ] (0.00000012)
[  0  3  1  0  0  0  0  0  0 ] (0.00000034)
[  0  3  1  0  0  0  0  0  1 ] (0.00000943)
[  0  3  1  0  0  0  0  1  0 ] (0.00000329)
[  0  3  1  0  0  0  1  0  0 ] (0.00000547)
[  0  3  1  0  0  1  0  0  0 ] (0.00000383)
[  0  3  1  0  1  0  0  0  0 ] (0.00002911)
[  0  3  1  1  0  0  0  0  0 ] (0.00000012)
[  0  3  2  0  0  0  0  0  0 ] (0.00000068)
[  0  4  0  0  0  0  0  0  0 ] (0.00000016)
[  0  4  0  0  0  0  0  0  1 ] (0.00000830)
[  0  4  0  0  0  0  0  1  0 ] (0.00000547)
[  0  4  0  0  0  0  1  0  0 ] (0.00001864)
[  0  4  0  0  0  1  0  0  0 ] (0.00000046)
[  0  4  0  0  1  0  0  0  0 ] (0.00000000)
[  0  4  0  1  0  0  0  0  0 ] (0.00001329)
[  0  4  1  0  0  0  0  0  0 ] (0.00000002)
[  0  5  0  0  0  0  0  0  0 ] (0.00000012)
[  1  0  0  0  0  0  0  0  0 ] (0.00000102)
[  1  0  0  0  0  0  0  0  1 ] (0.00002114)
[  1  0  0  0  0  0  0  0  2 ] (0.00000035)
[  1  0  0  0  0  0  0  0  3 ] (0.00364885)
[  1  0  0  0  0  0  0  0  4 ] (0.00000889)
[  1  0  0  0  0  0  0  1  0 ] (0.00000012)
[  1  0  0  0  0  0  0  1  1 ] (0.00000220)
[  1  0  0  0  0  0  0  1  2 ] (0.00023016)
[  1  0  0  0  0  0  0  1  3 ] (0.00000063)
[  1  0  0  0  0  0  0  2  0 ] (0.00012299)
[  1  0  0  0  0  0  0  2  1 ] (0.00051305)
[  1  0  0  0  0  0  0  2  2 ] (0.00019896)
[  1  0  0  0  0  0  0  3  0 ] (0.00001162)
[  1  0  0  0  0  0  0  3  1 ] (0.00003405)
[  1  0  0  0  0  0  0  4  0 ] (0.00015802)
[  1  0  0  0  0  0  1  0  0 ] (0.00000000)
[  1  0  0  0  0  0  1  0  1 ] (0.00055656)
[  1  0  0  0  0  0  1  0  2 ] (0.00098166)
[  1  0  0  0  0  0  1  0  3 ] (0.00013438)
[  1  0  0  0  0  0  1  1  0 ] (0.00000209)
[  1  0  0  0  0  0  1  1  1 ] (0.00017146)
[  1  0  0  0  0  0  1  1  2 ] (0.00001657)
[  1  0  0  0  0  0  1  2  0 ] (0.00002446)
[  1  0  0  0  0  0  1  2  1 ] (0.00008541)
[  1  0  0  0  0  0  1  3  0 ] (0.00002003)
[  1  0  0  0  0  0  2  0  0 ] (0.00001711)
[  1  0  0  0  0  0  2  0  1 ] (0.00051311)
[  1  0  0  0  0  0  2  0  2 ] (0.00045289)
[  1  0  0  0  0  0  2  1  0 ] (0.00002939)
[  1  0  0  0  0  0  2  1  1 ] (0.00005021)
[  1  0  0  0  0  0  2  2  0 ] (0.00100255)
[  1  0  0  0  0  0  3  0  0 ] (0.00002777)
[  1  0  0  0  0  0  3  0  1 ] (0.00001681)
[  1  0  0  0  0  0  3  1  0 ] (0.00035515)
[  1  0  0  0  0  0  4  0  0 ] (0.02578977)
[  1  0  0  0  0  1  0  0  0 ] (0.00000146)
[  1  0  0  0  0  1  0  0  1 ] (0.00002585)
[  1  0  0  0  0  1  0  0  2 ] (0.00000508)
[  1  0  0  0  0  1  0  0  3 ] (0.00019179)
[  1  0  0  0  0  1  0  1  0 ] (0.00000200)
[  1  0  0  0  0  1  0  1  1 ] (0.00000354)
[  1  0  0  0  0  1  0  1  2 ] (0.00004261)
[  1  0  0  0  0  1  0  2  0 ] (0.00000012)
[  1  0  0  0  0  1  0  2  1 ] (0.00001547)
[  1  0  0  0  0  1  0  3  0 ] (0.00033672)
[  1  0  0  0  0  1  1  0  0 ] (0.00002617)
[  1  0  0  0  0  1  1  0  1 ] (0.00005346)
[  1  0  0  0  0  1  1  0  2 ] (0.00036381)
[  1  0  0  0  0  1  1  1  0 ] (0.00026247)
[  1  0  0  0  0  1  1  1  1 ] (0.00001549)
[  1  0  0  0  0  1  1  2  0 ] (0.00029562)
[  1  0  0  0  0  1  2  0  0 ] (0.00002499)
[  1  0  0  0  0  1  2  0  1 ] (0.00018238)
[  1  0  0  0  0  1  2  1  0 ] (0.00038910)
[  1  0  0  0  0  1  3  0  0 ] (0.00029133)
[  1  0  0  0  0  2  0  0  0 ] (0.00000055)
[  1  0  0  0  0  2  0  0  1 ] (0.00001556)
[  1  0  0  0  0  2  0  0  2 ] (0.00014693)
[  1  0  0  0  0  2  0  1  0 ] (0.00000081)
[  1  0  0  0  0  2  0  1  1 ] (0.00018155)
[  1  0  0  0  0  2  0  2  0 ] (0.00075697)
[  1  0  0  0  0  2  1  0  0 ] (0.00003575)
[  1  0  0  0  0  2  1  0  1 ] (0.00114590)
[  1  0  0  0  0  2  1  1  0 ] (0.00000116)
[  1  0  0  0  0  2  2  0  0 ] (0.00000416)
[  1  0  0  0  0  3  0  0  0 ] (0.00000001)
[  1  0  0  0  0  3  0  0  1 ] (0.00000687)
[  1  0  0  0  0  3  0  1  0 ] (0.00000706)
[  1  0  0  0  0  3  1  0  0 ] (0.00002897)
[  1  0  0  0  0  4  0  0  0 ] (0.00000077)
[  1  0  0  0  1  0  0  0  0 ] (0.00000010)
[  1  0  0  0  1  0  0  0  1 ] (0.00005496)
[  1  0  0  0  1  0  0  0  2 ] (0.00001801)
[  1  0  0  0  1  0  0  0  3 ] (0.00000108)
[  1  0  0  0  1  0  0  1  0 ] (0.00008196)
[  1  0  0  0  1  0  0  1  1 ] (0.00033768)
[  1  0  0  0  1  0  0  1  2 ] (0.00000704)
[  1  0  0  0  1  0  0  2  0 ] (0.00008275)
[  1  0  0  0  1  0  0  2  1 ] (0.00047092)
[  1  0  0  0  1  0  0  3  0 ] (0.00055516)
[  1  0  0  0  1  0  1  0  0 ] (0.00000038)
[  1  0  0  0  1  0  1  0  1 ] (0.00010978)
[  1  0  0  0  1  0  1  0  2 ] (0.00029787)
[  1  0  0  0  1  0  1  1  0 ] (0.00000314)
[  1  0  0  0  1  0  1  1  1 ] (0.00000040)
[  1  0  0  0  1  0  1  2  0 ] (0.00002986)
[  1  0  0  0  1  0  2  0  0 ] (0.00000017)
[  1  0  0  0  1  0  2  0  1 ] (0.00000013)
[  1  0  0  0  1  0  2  1  0 ] (0.00189963)
[  1  0  0  0  1  0  3  0  0 ] (0.00000297)
[  1  0  0  0  1  1  0  0  0 ] (0.00003529)
[  1  0  0  0  1  1  0  0  1 ] (0.00000948)
[  1  0  0  0  1  1  0  0  2 ] (0.00032565)
[  1  0  0  0  1  1  0  1  0 ] (0.00000103)
[  1  0  0  0  1  1  0  1  1 ] (0.00006225)
[  1  0  0  0  1  1  0  2  0 ] (0.00404692)
[  1  0  0  0  1  1  1  0  0 ] (0.00005185)
[  1  0  0  0  1  1  1  0  1 ] (0.00017446)
[  1  0  0  0  1  1  1  1  0 ] (0.00000893)
[  1  0  0  0  1  1  2  0  0 ] (0.00004616)
[  1  0  0  0  1  2  0  0  0 ] (0.00000983)
[  1  0  0  0  1  2  0  0  1 ] (0.00006457)
[  1  0  0  0  1  2  0  1  0 ] (0.00016391)
[  1  0  0  0  1  2  1  0  0 ] (0.00000184)
[  1  0  0  0  1  3  0  0  0 ] (0.00000950)
[  1  0  0  0  2  0  0  0  0 ] (0.00001162)
[  1  0  0  0  2  0  0  0  1 ] (0.00001067)
[  1  0  0  0  2  0  0  0  2 ] (0.00020546)
[  1  0  0  0  2  0  0  1  0 ] (0.00005785)
[  1  0  0  0  2  0  0  1  1 ] (0.00013001)
[  1  0  0  0  2  0  0  2  0 ] (0.00001176)
[  1  0  0  0  2  0  1  0  0 ] (0.00002518)
[  1  0  0  0  2  0  1  0  1 ] (0.00158371)
[  1  0  0  0  2  0  1  1  0 ] (0.00062133)
[  1  0  0  0  2  0  2  0  0 ] (0.00000675)
[  1  0  0  0  2  1  0  0  0 ] (0.00001833)
[  1  0  0  0  2  1  0  0  1 ] (0.00005056)
[  1  0  0  0  2  1  0  1  0 ] (0.00010968)
[  1  0  0  0  2  1  1  0  0 ] (0.00000606)
[  1  0  0  0  2  2  0  0  0 ] (0.00000696)
[  1  0  0  0  3  0  0  0  0 ] (0.00000806)
[  1  0  0  0  3  0  0  0  1 ] (0.00013266)
[  1  0  0  0  3  0  0  1  0 ] (0.00011858)
[  1  0  0  0  3  0  1  0  0 ] (0.00018342)
[  1  0  0  0  3  1  0  0  0 ] (0.00000213)
[  1  0  0  0  4  0  0  0  0 ] (0.00000104)
[  1  0  0  1  0  0  0  0  0 ] (0.00000001)
[  1  0  0  1  0  0  0  0  1 ] (0.00007724)
[  1  0  0  1  0  0  0  0  2 ] (0.00007806)
[  1  0  0  1  0  0  0  0  3 ] (0.00018166)
[  1  0  0  1  0  0  0  1  0 ] (0.00009219)
[  1  0  0  1  0  0  0  1  1 ] (0.00013798)
[  1  0  0  1  0  0  0  1  2 ] (0.00003907)
[  1  0  0  1  0  0  0  2  0 ] (0.00000311)
[  1  0  0  1  0  0  0  2  1 ] (0.00018409)
[  1  0  0  1  0  0  0  3  0 ] (0.00365358)
[  1  0  0  1  0  0  1  0  0 ] (0.00001393)
[  1  0  0  1  0  0  1  0  1 ] (0.00000854)
[  1  0  0  1  0  0  1  0  2 ] (0.00001741)
[  1  0  0  1  0  0  1  1  0 ] (0.00000001)
[  1  0  0  1  0  0  1  1  1 ] (0.00001191)
[  1  0  0  1  0  0  1  2  0 ] (0.00003042)
[  1  0  0  1  0  0  2  0  0 ] (0.00000016)
[  1  0  0  1  0  0  2  0  1 ] (0.00006995)
[  1  0  0  1  0  0  2  1  0 ] (0.00007425)
[  1  0  0  1  0  0  3  0  0 ] (0.00004170)
[  1  0  0  1  0  1  0  0  0 ] (0.00000076)
[  1  0  0  1  0  1  0  0  1 ] (0.00011663)
[  1  0  0  1  0  1  0  0  2 ] (0.00081568)
[  1  0  0  1  0  1  0  1  0 ] (0.00000202)
[  1  0  0  1  0  1  0  1  1 ] (0.00046700)
[  1  0  0  1  0  1  0  2  0 ] (0.00082246)
[  1  0  0  1  0  1  1  0  0 ] (0.00001474)
[  1  0  0  1  0  1  1  0  1 ] (0.00071850)
[  1  0  0  1  0  1  1  1  0 ] (0.00028047)
[  1  0  0  1  0  1  2  0  0 ] (0.00000390)
[  1  0  0  1  0  2  0  0  0 ] (0.00000003)
[  1  0  0  1  0  2  0  0  1 ] (0.00006544)
[  1  0  0  1  0  2  0  1  0 ] (0.00004116)
[  1  0  0  1  0  2  1  0  0 ] (0.00004001)
[  1  0  0  1  0  3  0  0  0 ] (0.00000060)
[  1  0  0  1  1  0  0  0  0 ] (0.00000096)
[  1  0  0  1  1  0  0  0  1 ] (0.00000690)
[  1  0  0  1  1  0  0  0  2 ] (0.00164875)
[  1  0  0  1  1  0  0  1  0 ] (0.00000000)
[  1  0  0  1  1  0  0  1  1 ] (0.00000029)
[  1  0  0  1  1  0  0  2  0 ] (0.01007247)
[  1  0  0  1  1  0  1  0  0 ] (0.00000395)
[  1  0  0  1  1  0  1  0  1 ] (0.00010617)
[  1  0  0  1  1  0  1  1  0 ] (0.00024292)
[  1  0  0  1  1  0  2  0  0 ] (0.00000312)
[  1  0  0  1  1  1  0  0  0 ] (0.00000036)
[  1  0  0  1  1  1  0  0  1 ] (0.00002917)
[  1  0  0  1  1  1  0  1  0 ] (0.00011458)
[  1  0  0  1  1  1  1  0  0 ] (0.00000128)
[  1  0  0  1  1  2  0  0  0 ] (0.00000378)
[  1  0  0  1  2  0  0  0  0 ] (0.00001248)
[  1  0  0  1  2  0  0  0  1 ] (0.00001091)
[  1  0  0  1  2  0  0  1  0 ] (0.00016740)
[  1  0  0  1  2  0  1  0  0 ] (0.00001205)
[  1  0  0  1  2  1  0  0  0 ] (0.00000291)
[  1  0  0  1  3  0  0  0  0 ] (0.00000191)
[  1  0  0  2  0  0  0  0  0 ] (0.00000021)
[  1  0  0  2  0  0  0  0  1 ] (0.00000170)
[  1  0  0  2  0  0  0  0  2 ] (0.00000001)
[  1  0  0  2  0  0  0  1  0 ] (0.00002041)
[  1  0  0  2  0  0  0  1  1 ] (0.00002135)
[  1  0  0  2  0  0  0  2  0 ] (0.00004741)
[  1  0  0  2  0  0  1  0  0 ] (0.00003318)
[  1  0  0  2  0  0  1  0  1 ] (0.00028734)
[  1  0  0  2  0  0  1  1  0 ] (0.00018436)
[  1  0  0  2  0  0  2  0  0 ] (0.00001727)
[  1  0  0  2  0  1  0  0  0 ] (0.00000006)
[  1  0  0  2  0  1  0  0  1 ] (0.00000004)
[  1  0  0  2  0  1  0  1  0 ] (0.00000055)
[  1  0  0  2  0  1  1  0  0 ] (0.00000624)
[  1  0  0  2  0  2  0  0  0 ] (0.00000012)
[  1  0  0  2  1  0  0  0  0 ] (0.00000002)
[  1  0  0  2  1  0  0  0  1 ] (0.00000000)
[  1  0  0  2  1  0  0  1  0 ] (0.00004287)
[  1  0  0  2  1  0  1  0  0 ] (0.00000201)
[  1  0  0  2  1  1  0  0  0 ] (0.00000364)
[  1  0  0  2  2  0  0  0  0 ] (0.00000296)
[  1  0  0  3  0  0  0  0  0 ] (0.00000011)
[  1  0  0  3  0  0  0  0  1 ] (0.00001801)
[  1  0  0  3  0  0  0  1  0 ] (0.00001539)
[  1  0  0  3  0  0  1  0  0 ] (0.00000119)
[  1  0  0  3  0  1  0  0  0 ] (0.00000104)
[  1  0  0  3  1  0  0  0  0 ] (0.00000004)
[  1  0  0  4  0  0  0  0  0 ] (0.00000104)
[  1  0  1  0  0  0  0  0  0 ] (0.00000209)
[  1  0  1  0  0  0  0  0  1 ] (0.00004359)
[  1  0  1  0  0  0  0  0  2 ] (0.00029627)
[  1  0  1  0  0  0  0  0  3 ] (0.00010618)
[  1  0  1  0  0  0  0  1  0 ] (0.00001077)
[  1  0  1  0  0  0  0  1  1 ] (0.00005006)
[  1  0  1  0  0  0  0  1  2 ] (0.00002126)
[  1  0  1  0  0  0  0  2  0 ] (0.00002966)
[  1  0  1  0  0  0  0  2  1 ] (0.00021386)
[  1  0  1  0  0  0  0  3  0 ] (0.00021438)
[  1  0  1  0  0  0  1  0  0 ] (0.00004396)
[  1  0  1  0  0  0  1  0  1 ] (0.00002151)
[  1  0  1  0  0  0  1  0  2 ] (0.00005641)
[  1  0  1  0  0  0  1  1  0 ] (0.00000829)
[  1  0  1  0  0  0  1  1  1 ] (0.00000191)
[  1  0  1  0  0  0  1  2  0 ] (0.00006323)
[  1  0  1  0  0  0  2  0  0 ] (0.00002176)
[  1  0  1  0  0  0  2  0  1 ] (0.00008995)
[  1  0  1  0  0  0  2  1  0 ] (0.00022221)
[  1  0  1  0  0  0  3  0  0 ] (0.00016115)
[  1  0  1  0  0  1  0  0  0 ] (0.00000031)
[  1  0  1  0  0  1  0  0  1 ] (0.00000210)
[  1  0  1  0  0  1  0  0  2 ] (0.00021151)
[  1  0  1  0  0  1  0  1  0 ] (0.00000763)
[  1  0  1  0  0  1  0  1  1 ] (0.00001798)
[  1  0  1  0  0  1  0  2  0 ] (0.00009005)
[  1  0  1  0  0  1  1  0  0 ] (0.00002228)
[  1  0  1  0  0  1  1  0  1 ] (0.00029845)
[  1  0  1  0  0  1  1  1  0 ] (0.00004737)
[  1  0  1  0  0  1  2  0  0 ] (0.00001144)
[  1  0  1  0  0  2  0  0  0 ] (0.00000044)
[  1  0  1  0  0  2  0  0  1 ] (0.00002453)
[  1  0  1  0  0  2  0  1  0 ] (0.00000131)
[  1  0  1  0  0  2  1  0  0 ] (0.00001193)
[  1  0  1  0  0  3  0  0  0 ] (0.00000002)
[  1  0  1  0  1  0  0  0  0 ] (0.00000769)
[  1  0  1  0  1  0  0  0  1 ] (0.00015401)
[  1  0  1  0  1  0  0  0  2 ] (0.00000428)
[  1  0  1  0  1  0  0  1  0 ] (0.00001097)
[  1  0  1  0  1  0  0  1  1 ] (0.00008270)
[  1  0  1  0  1  0  0  2  0 ] (0.00012324)
[  1  0  1  0  1  0  1  0  0 ] (0.00003083)
[  1  0  1  0  1  0  1  0  1 ] (0.00000001)
[  1  0  1  0  1  0  1  1  0 ] (0.00031545)
[  1  0  1  0  1  0  2  0  0 ] (0.00000013)
[  1  0  1  0  1  1  0  0  0 ] (0.00001489)
[  1  0  1  0  1  1  0  0  1 ] (0.00011540)
[  1  0  1  0  1  1  0  1  0 ] (0.00002627)
[  1  0  1  0  1  1  1  0  0 ] (0.00001507)
[  1  0  1  0  1  2  0  0  0 ] (0.00000019)
[  1  0  1  0  2  0  0  0  0 ] (0.00000087)
[  1  0  1  0  2  0  0  0  1 ] (0.00000321)
[  1  0  1  0  2  0  0  1  0 ] (0.00004025)
[  1  0  1  0  2  0  1  0  0 ] (0.00000958)
[  1  0  1  0  2  1  0  0  0 ] (0.00000000)
[  1  0  1  0  3  0  0  0  0 ] (0.00000190)
[  1  0  1  1  0  0  0  0  0 ] (0.00000138)
[  1  0  1  1  0  0  0  0  1 ] (0.00001443)
[  1  0  1  1  0  0  0  0  2 ] (0.00007852)
[  1  0  1  1  0  0  0  1  0 ] (0.00000005)
[  1  0  1  1  0  0  0  1  1 ] (0.00007942)
[  1  0  1  1  0  0  0  2  0 ] (0.00019581)
[  1  0  1  1  0  0  1  0  0 ] (0.00000143)
[  1  0  1  1  0  0  1  0  1 ] (0.00019891)
[  1  0  1  1  0  0  1  1  0 ] (0.00079010)
[  1  0  1  1  0  0  2  0  0 ] (0.00000143)
[  1  0  1  1  0  1  0  0  0 ] (0.00000019)
[  1  0  1  1  0  1  0  0  1 ] (0.00004193)
[  1  0  1  1  0  1  0  1  0 ] (0.00002573)
[  1  0  1  1  0  1  1  0  0 ] (0.00000294)
[  1  0  1  1  0  2  0  0  0 ] (0.00000068)
[  1  0  1  1  1  0  0  0  0 ] (0.00000003)
[  1  0  1  1  1  0  0  0  1 ] (0.00002786)
[  1  0  1  1  1  0  0  1  0 ] (0.00008374)
[  1  0  1  1  1  0  1  0  0 ] (0.00005720)
[  1  0  1  1  1  1  0  0  0 ] (0.00000895)
[  1  0  1  1  2  0  0  0  0 ] (0.00000856)
[  1  0  1  2  0  0  0  0  0 ] (0.00000049)
[  1  0  1  2  0  0  0  0  1 ] (0.00000312)
[  1  0  1  2  0  0  0  1  0 ] (0.00000021)
[  1  0  1  2  0  0  1  0  0 ] (0.00000001)
[  1  0  1  2  0  1  0  0  0 ] (0.00000017)
[  1  0  1  2  1  0  0  0  0 ] (0.00000001)
[  1  0  1  3  0  0  0  0  0 ] (0.00000119)
[  1  0  2  0  0  0  0  0  0 ] (0.00000551)
[  1  0  2  0  0  0  0  0  1 ] (0.00002509)
[  1  0  2  0  0  0  0  0  2 ] (0.00000834)
[  1  0  2  0  0  0  0  1  0 ] (0.00047110)
[  1  0  2  0  0  0  0  1  1 ] (0.00516795)
[  1  0  2  0  0  0  0  2  0 ] (0.00000561)
[  1  0  2  0  0  0  1  0  0 ] (0.00001405)
[  1  0  2  0  0  0  1  0  1 ] (0.00004700)
[  1  0  2  0  0  0  1  1  0 ] (0.00109926)
[  1  0  2  0  0  0  2  0  0 ] (0.00000010)
[  1  0  2  0  0  1  0  0  0 ] (0.00000108)
[  1  0  2  0  0  1  0  0  1 ] (0.00001145)
[  1  0  2  0  0  1  0  1  0 ] (0.00003409)
[  1  0  2  0  0  1  1  0  0 ] (0.00000313)
[  1  0  2  0  0  2  0  0  0 ] (0.00000000)
[  1  0  2  0  1  0  0  0  0 ] (0.00001034)
[  1  0  2  0  1  0  0  0  1 ] (0.00000270)
[  1  0  2  0  1  0  0  1  0 ] (0.00000001)
[  1  0  2  0  1  0  1  0  0 ] (0.00003584)
[  1  0  2  0  1  1  0  0  0 ] (0.00000019)
[  1  0  2  0  2  0  0  0  0 ] (0.00000030)
[  1  0  2  1  0  0  0  0  0 ] (0.00000037)
[  1  0  2  1  0  0  0  0  1 ] (0.00000000)
[  1  0  2  1  0  0  0  1  0 ] (0.00000338)
[  1  0  2  1  0  0  1  0  0 ] (0.00000126)
[  1  0  2  1  0  1  0  0  0 ] (0.00000014)
[  1  0  2  1  1  0  0  0  0 ] (0.00000007)
[  1  0  2  2  0  0  0  0  0 ] (0.00000000)
[  1  0  3  0  0  0  0  0  0 ] (0.00000003)
[  1  0  3  0  0  0  0  0  1 ] (0.00000056)
[  1  0  3  0  0  0  0  1  0 ] (0.00000000)
[  1  0  3  0  0  0  1  0  0 ] (0.00000212)
[  1  0  3  0  0  1  0  0  0 ] (0.00000038)
[  1  0  3  0  1  0  0  0  0 ] (0.00000014)
[  1  0  3  1  0  0  0  0  0 ] (0.00000022)
[  1  0  4  0  0  0  0  0  0 ] (0.00000019)
[  1  1  0  0  0  0  0  0  0 ] (0.00001707)
[  1  1  0  0  0  0  0  0  1 ] (0.00000114)
[  1  1  0  0  0  0  0  0  2 ] (0.00021852)
[  1  1  0  0  0  0  0  0  3 ] (0.00050448)
[  1  1  0  0  0  0  0  1  0 ] (0.00001121)
[  1  1  0  0  0  0  0  1  1 ] (0.00003559)
[  1  1  0  0  0  0  0  1  2 ] (0.00016000)
[  1  1  0  0  0  0  0  2  0 ] (0.00000388)
[  1  1  0  0  0  0  0  2  1 ] (0.00206224)
[  1  1  0  0  0  0  0  3  0 ] (0.00111340)
[  1  1  0  0  0  0  1  0  0 ] (0.00003273)
[  1  1  0  0  0  0  1  0  1 ] (0.00034584)
[  1  1  0  0  0  0  1  0  2 ] (0.00071477)
[  1  1  0  0  0  0  1  1  0 ] (0.00007857)
[  1  1  0  0  0  0  1  1  1 ] (0.00008465)
[  1  1  0  0  0  0  1  2  0 ] (0.00096969)
[  1  1  0  0  0  0  2  0  0 ] (0.00109075)
[  1  1  0  0  0  0  2  0  1 ] (0.01610521)
[  1  1  0  0  0  0  2  1  0 ] (0.00037953)
[  1  1  0  0  0  0  3  0  0 ] (0.00020313)
[  1  1  0  0  0  1  0  0  0 ] (0.00000264)
[  1  1  0  0  0  1  0  0  1 ] (0.00009069)
[  1  1  0  0  0  1  0  0  2 ] (0.00005119)
[  1  1  0  0  0  1  0  1  0 ] (0.00002790)
[  1  1  0  0  0  1  0  1  1 ] (0.00016076)
[  1  1  0  0  0  1  0  2  0 ] (0.00003653)
[  1  1  0  0  0  1  1  0  0 ] (0.00000387)
[  1  1  0  0  0  1  1  0  1 ] (0.00041007)
[  1  1  0  0  0  1  1  1  0 ] (0.00083873)
[  1  1  0  0  0  1  2  0  0 ] (0.00002504)
[  1  1  0  0  0  2  0  0  0 ] (0.00000040)
[  1  1  0  0  0  2  0  0  1 ] (0.00000135)
[  1  1  0  0  0  2  0  1  0 ] (0.00001182)
[  1  1  0  0  0  2  1  0  0 ] (0.00000123)
[  1  1  0  0  0  3  0  0  0 ] (0.00000004)
[  1  1  0  0  1  0  0  0  0 ] (0.00000226)
[  1  1  0  0  1  0  0  0  1 ] (0.00014176)
[  1  1  0  0  1  0  0  0  2 ] (0.00221279)
[  1  1  0  0  1  0  0  1  0 ] (0.00005271)
[  1  1  0  0  1  0  0  1  1 ] (0.00002123)
[  1  1  0  0  1  0  0  2  0 ] (0.00293182)
[  1  1  0  0  1  0  1  0  0 ] (0.00000284)
[  1  1  0  0  1  0  1  0  1 ] (0.00081865)
[  1  1  0  0  1  0  1  1  0 ] (0.00086893)
[  1  1  0  0  1  0  2  0  0 ] (0.00014012)
[  1  1  0  0  1  1  0  0  0 ] (0.00000936)
[  1  1  0  0  1  1  0  0  1 ] (0.00012931)
[  1  1  0  0  1  1  0  1  0 ] (0.00005082)
[  1  1  0  0  1  1  1  0  0 ] (0.00003707)
[  1  1  0  0  1  2  0  0  0 ] (0.00000248)
[  1  1  0  0  2  0  0  0  0 ] (0.00002041)
[  1  1  0  0  2  0  0  0  1 ] (0.00004365)
[  1  1  0  0  2  0  0  1  0 ] (0.00000005)
[  1  1  0  0  2  0  1  0  0 ] (0.00010842)
[  1  1  0  0  2  1  0  0  0 ] (0.00000073)
[  1  1  0  0  3  0  0  0  0 ] (0.00001185)
[  1  1  0  1  0  0  0  0  0 ] (0.00000001)
[  1  1  0  1  0  0  0  0  1 ] (0.00003198)
[  1  1  0  1  0  0  0  0  2 ] (0.00009077)
[  1  1  0  1  0  0  0  1  0 ] (0.00004222)
[  1  1  0  1  0  0  0  1  1 ] (0.00309077)
[  1  1  0  1  0  0  0  2  0 ] (0.00002929)
[  1  1  0  1  0  0  1  0  0 ] (0.00008837)
[  1  1  0  1  0  0  1  0  1 ] (0.00184476)
[  1  1  0  1  0  0  1  1  0 ] (0.00686388)
[  1  1  0  1  0  0  2  0  0 ] (0.00004692)
[  1  1  0  1  0  1  0  0  0 ] (0.00000348)
[  1  1  0  1  0  1  0  0  1 ] (0.00007256)
[  1  1  0  1  0  1  0  1  0 ] (0.00003554)
[  1  1  0  1  0  1  1  0  0 ] (0.00000254)
[  1  1  0  1  0  2  0  0  0 ] (0.00000008)
[  1  1  0  1  1  0  0  0  0 ] (0.00000040)
[  1  1  0  1  1  0  0  0  1 ] (0.00000598)
[  1  1  0  1  1  0  0  1  0 ] (0.00000582)
[  1  1  0  1  1  0  1  0  0 ] (0.00006961)
[  1  1  0  1  1  1  0  0  0 ] (0.00000009)
[  1  1  0  1  2  0  0  0  0 ] (0.00000520)
[  1  1  0  2  0  0  0  0  0 ] (0.00000022)
[  1  1  0  2  0  0  0  0  1 ] (0.00000002)
[  1  1  0  2  0  0  0  1  0 ] (0.00000549)
[  1  1  0  2  0  0  1  0  0 ] (0.00000196)
[  1  1  0  2  0  1  0  0  0 ] (0.00000002)
[  1  1  0  2  1  0  0  0  0 ] (0.00000001)
[  1  1  0  3  0  0  0  0  0 ] (0.00000283)
[  1  1  1  0  0  0  0  0  0 ] (0.00000095)
[  1  1  1  0  0  0  0  0  1 ] (0.00003009)
[  1  1  1  0  0  0  0  0  2 ] (0.00000322)
[  1  1  1  0  0  0  0  1  0 ] (0.00003829)
[  1  1  1  0  0  0  0  1  1 ] (0.00001006)
[  1  1  1  0  0  0  0  2  0 ] (0.00012348)
[  1  1  1  0  0  0  1  0  0 ] (0.00018638)
[  1  1  1  0  0  0  1  0  1 ] (0.00237552)
[  1  1  1  0  0  0  1  1  0 ] (0.00130625)
[  1  1  1  0  0  0  2  0  0 ] (0.00004723)
[  1  1  1  0  0  1  0  0  0 ] (0.00000571)
[  1  1  1  0  0  1  0  0  1 ] (0.00001525)
[  1  1  1  0  0  1  0  1  0 ] (0.00000612)
[  1  1  1  0  0  1  1  0  0 ] (0.00000603)
[  1  1  1  0  0  2  0  0  0 ] (0.00000116)
[  1  1  1  0  1  0  0  0  0 ] (0.00000101)
[  1  1  1  0  1  0  0  0  1 ] (0.00054927)
[  1  1  1  0  1  0  0  1  0 ] (0.00018353)
[  1  1  1  0  1  0  1  0  0 ] (0.00000006)
[  1  1  1  0  1  1  0  0  0 ] (0.00000003)
[  1  1  1  0  2  0  0  0  0 ] (0.00000138)
[  1  1  1  1  0  0  0  0  0 ] (0.00000885)
[  1  1  1  1  0  0  0  0  1 ] (0.00000729)
[  1  1  1  1  0  0  0  1  0 ] (0.00000073)
[  1  1  1  1  0  0  1  0  0 ] (0.00008502)
[  1  1  1  1  0  1  0  0  0 ] (0.00000048)
[  1  1  1  1  1  0  0  0  0 ] (0.00000035)
[  1  1  1  2  0  0  0  0  0 ] (0.00000000)
[  1  1  2  0  0  0  0  0  0 ] (0.00000021)
[  1  1  2  0  0  0  0  0  1 ] (0.00000021)
[  1  1  2  0  0  0  0  1  0 ] (0.00000686)
[  1  1  2  0  0  0  1  0  0 ] (0.00000001)
[  1  1  2  0  0  1  0  0  0 ] (0.00000002)
[  1  1  2  0  1  0  0  0  0 ] (0.00000000)
[  1  1  2  1  0  0  0  0  0 ] (0.00000080)
[  1  1  3  0  0  0  0  0  0 ] (0.00000031)
[  1  2  0  0  0  0  0  0  0 ] (0.00000002)
[  1  2  0  0  0  0  0  0  1 ] (0.00000361)
[  1  2  0  0  0  0  0  0  2 ] (0.00000452)
[  1  2  0  0  0  0  0  1  0 ] (0.00000358)
[  1  2  0  0  0  0  0  1  1 ] (0.00059020)
[  1  2  0  0  0  0  0  2  0 ] (0.00000012)
[  1  2  0  0  0  0  1  0  0 ] (0.00001144)
[  1  2  0  0  0  0  1  0  1 ] (0.00018084)
[  1  2  0  0  0  0  1  1  0 ] (0.00097255)
[  1  2  0  0  0  0  2  0  0 ] (0.00007255)
[  1  2  0  0  0  1  0  0  0 ] (0.00000247)
[  1  2  0  0  0  1  0  0  1 ] (0.00001587)
[  1  2  0  0  0  1  0  1  0 ] (0.00002858)
[  1  2  0  0  0  1  1  0  0 ] (0.00000371)
[  1  2  0  0  0  2  0  0  0 ] (0.00000014)
[  1  2  0  0  1  0  0  0  0 ] (0.00003812)
[  1  2  0  0  1  0  0  0  1 ] (0.00030016)
[  1  2  0  0  1  0  0  1  0 ] (0.00000311)
[  1  2  0  0  1  0  1  0  0 ] (0.00000079)
[  1  2  0  0  1  1  0  0  0 ] (0.00000026)
[  1  2  0  0  2  0  0  0  0 ] (0.00000128)
[  1  2  0  1  0  0  0  0  0 ] (0.00000020)
[  1  2  0  1  0  0  0  0  1 ] (0.00000368)
[  1  2  0  1  0  0  0  1  0 ] (0.00001371)
[  1  2  0  1  0  0  1  0  0 ] (0.00000540)
[  1  2  0  1  0  1  0  0  0 ] (0.00000000)
[  1  2  0  1  1  0  0  0  0 ] (0.00000005)
[  1  2  0  2  0  0  0  0  0 ] (0.00000001)
[  1  2  1  0  0  0  0  0  0 ] (0.00000040)
[  1  2  1  0  0  0  0  0  1 ] (0.00000043)
[  1  2  1  0  0  0  0  1  0 ] (0.00001049)
[  1  2  1  0  0  0  1  0  0 ] (0.00000015)
[  1  2  1  0  0  1  0  0  0 ] (0.00000007)
[  1  2  1  0  1  0  0  0  0 ] (0.00000079)
[  1  2  1  1  0  0  0  0  0 ] (0.00000035)
[  1  2  2  0  0  0  0  0  0 ] (0.00000000)
[  1  3  0  0  0  0  0  0  0 ] (0.00000000)
[  1  3  0  0  0  0  0  0  1 ] (0.00000059)
[  1  3  0  0  0  0  0  1  0 ] (0.00000966)
[  1  3  0  0  0  0  1  0  0 ] (0.00000120)
[  1  3  0  0  0  1  0  0  0 ] (0.00000040)
[  1  3  0  0  1  0  0  0  0 ] (0.00000516)
[  1  3  0  1  0  0  0  0  0 ] (0.00000053)
[  1  3  1  0  0  0  0  0  0 ] (0.00000192)
[  1  4  0  0  0  0  0  0  0 ] (0.00000095)
[  2  0  0  0  0  0  0  0  0 ] (0.00001932)
[  2  0  0  0  0  0  0  0  1 ] (0.00000400)
[  2  0  0  0  0  0  0  0  2 ] (0.00007297)
[  2  0  0  0  0  0  0  0  3 ] (0.00856446)
[  2  0  0  0  0  0  0  1  0 ] (0.00005073)
[  2  0  0  0  0  0  0  1  1 ] (0.00001374)
[  2  0  0  0  0  0  0  1  2 ] (0.00000103)
[  2  0  0  0  0  0  0  2  0 ] (0.00007049)
[  2  0  0  0  0  0  0  2  1 ] (0.00840727)
[  2  0  0  0  0  0  0  3  0 ] (0.00045062)
[  2  0  0  0  0  0  1  0  0 ] (0.00000011)
[  2  0  0  0  0  0  1  0  1 ] (0.00020623)
[  2  0  0  0  0  0  1  0  2 ] (0.00947788)
[  2  0  0  0  0  0  1  1  0 ] (0.00000003)
[  2  0  0  0  0  0  1  1  1 ] (0.00005606)
[  2  0  0  0  0  0  1  2  0 ] (0.02299566)
[  2  0  0  0  0  0  2  0  0 ] (0.00007993)
[  2  0  0  0  0  0  2  0  1 ] (0.00009755)
[  2  0  0  0  0  0  2  1  0 ] (0.00022018)
[  2  0  0  0  0  0  3  0  0 ] (0.00004580)
[  2  0  0  0  0  1  0  0  0 ] (0.00000515)
[  2  0  0  0  0  1  0  0  1 ] (0.00000627)
[  2  0  0  0  0  1  0  0  2 ] (0.00077938)
[  2  0  0  0  0  1  0  1  0 ] (0.00022288)
[  2  0  0  0  0  1  0  1  1 ] (0.00414580)
[  2  0  0  0  0  1  0  2  0 ] (0.00009111)
[  2  0  0  0  0  1  1  0  0 ] (0.00063810)
[  2  0  0  0  0  1  1  0  1 ] (0.00878700)
[  2  0  0  0  0  1  1  1  0 ] (0.00087044)
[  2  0  0  0  0  1  2  0  0 ] (0.00014006)
[  2  0  0  0  0  2  0  0  0 ] (0.00000864)
[  2  0  0  0  0  2  0  0  1 ] (0.00002788)
[  2  0  0  0  0  2  0  1  0 ] (0.00000054)
[  2  0  0  0  0  2  1  0  0 ] (0.00012714)
[  2  0  0  0  0  3  0  0  0 ] (0.00000700)
[  2  0  0  0  1  0  0  0  0 ] (0.00000188)
[  2  0  0  0  1  0  0  0  1 ] (0.00000094)
[  2  0  0  0  1  0  0  0  2 ] (0.00001094)
[  2  0  0  0  1  0  0  1  0 ] (0.00024352)
[  2  0  0  0  1  0  0  1  1 ] (0.00086865)
[  2  0  0  0  1  0  0  2  0 ] (0.00000158)
[  2  0  0  0  1  0  1  0  0 ] (0.00014631)
[  2  0  0  0  1  0  1  0  1 ] (0.00205186)
[  2  0  0  0  1  0  1  1  0 ] (0.01863993)
[  2  0  0  0  1  0  2  0  0 ] (0.00003313)
[  2  0  0  0  1  1  0  0  0 ] (0.00000123)
[  2  0  0  0  1  1  0  0  1 ] (0.00000172)
[  2  0  0  0  1  1  0  1  0 ] (0.00014158)
[  2  0  0  0  1  1  1  0  0 ] (0.00002954)
[  2  0  0  0  1  2  0  0  0 ] (0.00000011)
[  2  0  0  0  2  0  0  0  0 ] (0.00000557)
[  2  0  0  0  2  0  0  0  1 ] (0.00000366)
[  2  0  0  0  2  0  0  1  0 ] (0.00000370)
[  2  0  0  0  2  0  1  0  0 ] (0.00003891)
[  2  0  0  0  2  1  0  0  0 ] (0.00000002)
[  2  0  0  0  3  0  0  0  0 ] (0.00005028)
[  2  0  0  1  0  0  0  0  0 ] (0.00000000)
[  2  0  0  1  0  0  0  0  1 ] (0.00003833)
[  2  0  0  1  0  0  0  0  2 ] (0.00000054)
[  2  0  0  1  0  0  0  1  0 ] (0.00002618)
[  2  0  0  1  0  0  0  1  1 ] (0.00001176)
[  2  0  0  1  0  0  0  2  0 ] (0.00001326)
[  2  0  0  1  0  0  1  0  0 ] (0.00004390)
[  2  0  0  1  0  0  1  0  1 ] (0.00027471)
[  2  0  0  1  0  0  1  1  0 ] (0.00017751)
[  2  0  0  1  0  0  2  0  0 ] (0.00000851)
[  2  0  0  1  0  1  0  0  0 ] (0.00000097)
[  2  0  0  1  0  1  0  0  1 ] (0.00000475)
[  2  0  0  1  0  1  0  1  0 ] (0.00000900)
[  2  0  0  1  0  1  1  0  0 ] (0.00000165)
[  2  0  0  1  0  2  0  0  0 ] (0.00000063)
[  2  0  0  1  1  0  0  0  0 ] (0.00002832)
[  2  0  0  1  1  0  0  0  1 ] (0.00009713)
[  2  0  0  1  1  0  0  1  0 ] (0.00001151)
[  2  0  0  1  1  0  1  0  0 ] (0.00001061)
[  2  0  0  1  1  1  0  0  0 ] (0.00000365)
[  2  0  0  1  2  0  0  0  0 ] (0.00000010)
[  2  0  0  2  0  0  0  0  0 ] (0.00000017)
[  2  0  0  2  0  0  0  0  1 ] (0.00000084)
[  2  0  0  2  0  0  0  1  0 ] (0.00000062)
[  2  0  0  2  0  0  1  0  0 ] (0.00000067)
[  2  0  0  2  0  1  0  0  0 ] (0.00000013)
[  2  0  0  2  1  0  0  0  0 ] (0.00000014)
[  2  0  0  3  0  0  0  0  0 ] (0.00000002)
[  2  0  1  0  0  0  0  0  0 ] (0.00000001)
[  2  0  1  0  0  0  0  0  1 ] (0.00000021)
[  2  0  1  0  0  0  0  0  2 ] (0.00014235)
[  2  0  1  0  0  0  0  1  0 ] (0.00006032)
[  2  0  1  0  0  0  0  1  1 ] (0.00064868)
[  2  0  1  0  0  0  0  2  0 ] (0.00006196)
[  2  0  1  0  0  0  1  0  0 ] (0.00001454)
[  2  0  1  0  0  0  1  0  1 ] (0.00027760)
[  2  0  1  0  0  0  1  1  0 ] (0.00060346)
[  2  0  1  0  0  0  2  0  0 ] (0.00007468)
[  2  0  1  0  0  1  0  0  0 ] (0.00000337)
[  2  0  1  0  0  1  0  0  1 ] (0.00001385)
[  2  0  1  0  0  1  0  1  0 ] (0.00000162)
[  2  0  1  0  0  1  1  0  0 ] (0.00003001)
[  2  0  1  0  0  2  0  0  0 ] (0.00000042)
[  2  0  1  0  1  0  0  0  0 ] (0.00000913)
[  2  0  1  0  1  0  0  0  1 ] (0.00000526)
[  2  0  1  0  1  0  0  1  0 ] (0.00000607)
[  2  0  1  0  1  0  1  0  0 ] (0.00000314)
[  2  0  1  0  1  1  0  0  0 ] (0.00000298)
[  2  0  1  0  2  0  0  0  0 ] (0.00000018)
[  2  0  1  1  0  0  0  0  0 ] (0.00000019)
[  2  0  1  1  0  0  0  0  1 ] (0.00000082)
[  2  0  1  1  0  0  0  1  0 ] (0.00000000)
[  2  0  1  1  0  0  1  0  0 ] (0.00000282)
[  2  0  1  1  0  1  0  0  0 ] (0.00000007)
[  2  0  1  1  1  0  0  0  0 ] (0.00000124)
[  2  0  1  2  0  0  0  0  0 ] (0.00000009)
[  2  0  2  0  0  0  0  0  0 ] (0.00000074)
[  2  0  2  0  0  0  0  0  1 ] (0.00000110)
[  2  0  2  0  0  0  0  1  0 ] (0.00000001)
[  2  0  2  0  0  0  1  0  0 ] (0.00000066)
[  2  0  2  0  0  1  0  0  0 ] (0.00000027)
[  2  0  2  0  1  0  0  0  0 ] (0.00000049)
[  2  0  2  1  0  0  0  0  0 ] (0.00000012)
[  2  0  3  0  0  0  0  0  0 ] (0.00000003)
[  2  1  0  0  0  0  0  0  0 ] (0.00000026)
[  2  1  0  0  0  0  0  0  1 ] (0.00000070)
[  2  1  0  0  0  0  0  0  2 ] (0.00063903)
[  2  1  0  0  0  0  0  1  0 ] (0.00025763)
[  2  1  0  0  0  0  0  1  1 ] (0.00171659)
[  2  1  0  0  0  0  0  2  0 ] (0.00059833)
[  2  1  0  0  0  0  1  0  0 ] (0.00014064)
[  2  1  0  0  0  0  1  0  1 ] (0.00231233)
[  2  1  0  0  0  0  1  1  0 ] (0.00309327)
[  2  1  0  0  0  0  2  0  0 ] (0.00002366)
[  2  1  0  0  0  1  0  0  0 ] (0.00001021)
[  2  1  0  0  0  1  0  0  1 ] (0.00005710)
[  2  1  0  0  0  1  0  1  0 ] (0.00000027)
[  2  1  0  0  0  1  1  0  0 ] (0.00008050)
[  2  1  0  0  0  2  0  0  0 ] (0.00000403)
[  2  1  0  0  1  0  0  0  0 ] (0.00001301)
[  2  1  0  0  1  0  0  0  1 ] (0.00019248)
[  2  1  0  0  1  0  0  1  0 ] (0.00062549)
[  2  1  0  0  1  0  1  0  0 ] (0.00007369)
[  2  1  0  0  1  1  0  0  0 ] (0.00000396)
[  2  1  0  0  2  0  0  0  0 ] (0.00000131)
[  2  1  0  1  0  0  0  0  0 ] (0.00000305)
[  2  1  0  1  0  0  0  0  1 ] (0.00000017)
[  2  1  0  1  0  0  0  1  0 ] (0.00005913)
[  2  1  0  1  0  0  1  0  0 ] (0.00000005)
[  2  1  0  1  0  1  0  0  0 ] (0.00000017)
[  2  1  0  1  1  0  0  0  0 ] (0.00000092)
[  2  1  0  2  0  0  0  0  0 ] (0.00000004)
[  2  1  1  0  0  0  0  0  0 ] (0.00000038)
[  2  1  1  0  0  0  0  0  1 ] (0.00000129)
[  2  1  1  0  0  0  0  1  0 ] (0.00000202)
[  2  1  1  0  0  0  1  0  0 ] (0.00000358)
[  2  1  1  0  0  1  0  0  0 ] (0.00000026)
[  2  1  1  0  1  0  0  0  0 ] (0.00000096)
[  2  1  1  1  0  0  0  0  0 ] (0.00000316)
[  2  1  2  0  0  0  0  0  0 ] (0.00000028)
[  2  2  0  0  0  0  0  0  0 ] (0.00000114)
[  2  2  0  0  0  0  0  0  1 ] (0.00000923)
[  2  2  0  0  0  0  0  1  0 ] (0.00001018)
[  2  2  0  0  0  0  1  0  0 ] (0.00001428)
[  2  2  0  0  0  1  0  0  0 ] (0.00000046)
[  2  2  0  0  1  0  0  0  0 ] (0.00000009)
[  2  2  0  1  0  0  0  0  0 ] (0.00000000)
[  2  2  1  0  0  0  0  0  0 ] (0.00000017)
[  2  3  0  0  0  0  0  0  0 ] (0.00000131)
[  3  0  0  0  0  0  0  0  0 ] (0.00000005)
[  3  0  0  0  0  0  0  0  1 ] (0.00000119)
[  3  0  0  0  0  0  0  0  2 ] (0.00002977)
[  3  0  0  0  0  0  0  1  0 ] (0.00000020)
[  3  0  0  0  0  0  0  1  1 ] (0.00003255)
[  3  0  0  0  0  0  0  2  0 ] (0.00002000)
[  3  0  0  0  0  0  1  0  0 ] (0.00001736)
[  3  0  0  0  0  0  1  0  1 ] (0.00023884)
[  3  0  0  0  0  0  1  1  0 ] (0.00000105)
[  3  0  0  0  0  0  2  0  0 ] (0.00000673)
[  3  0  0  0  0  1  0  0  0 ] (0.00000000)
[  3  0  0  0  0  1  0  0  1 ] (0.00000122)
[  3  0  0  0  0  1  0  1  0 ] (0.00000916)
[  3  0  0  0  0  1  1  0  0 ] (0.00001938)
[  3  0  0  0  0  2  0  0  0 ] (0.00000002)
[  3  0  0  0  1  0  0  0  0 ] (0.00000023)
[  3  0  0  0  1  0  0  0  1 ] (0.00000176)
[  3  0  0  0  1  0  0  1  0 ] (0.00001600)
[  3  0  0  0  1  0  1  0  0 ] (0.00000092)
[  3  0  0  0  1  1  0  0  0 ] (0.00000000)
[  3  0  0  0  2  0  0  0  0 ] (0.00000014)
[  3  0  0  1  0  0  0  0  0 ] (0.00000003)
[  3  0  0  1  0  0  0  0  1 ] (0.00000032)
[  3  0  0  1  0  0  0  1  0 ] (0.00000428)
[  3  0  0  1  0  0  1  0  0 ] (0.00000025)
[  3  0  0  1  0  1  0  0  0 ] (0.00000005)
[  3  0  0  1  1  0  0  0  0 ] (0.00000025)
[  3  0  0  2  0  0  0  0  0 ] (0.00000016)
[  3  0  1  0  0  0  0  0  0 ] (0.00000004)
[  3  0  1  0  0  0  0  0  1 ] (0.00000003)
[  3  0  1  0  0  0  0  1  0 ] (0.00000201)
[  3  0  1  0  0  0  1  0  0 ] (0.00000437)
[  3  0  1  0  0  1  0  0  0 ] (0.00000006)
[  3  0  1  0  1  0  0  0  0 ] (0.00000012)
[  3  0  1  1  0  0  0  0  0 ] (0.00000001)
[  3  0  2  0  0  0  0  0  0 ] (0.00000022)
[  3  1  0  0  0  0  0  0  0 ] (0.00000041)
[  3  1  0  0  0  0  0  0  1 ] (0.00000136)
[  3  1  0  0  0  0  0  1  0 ] (0.00000275)
[  3  1  0  0  0  0  1  0  0 ] (0.00001787)
[  3  1  0  0  0  1  0  0  0 ] (0.00000231)
[  3  1  0  0  1  0  0  0  0 ] (0.00000159)
[  3  1  0  1  0  0  0  0  0 ] (0.00000012)
[  3  1  1  0  0  0  0  0  0 ] (0.00000016)
[  3  2  0  0  0  0  0  0  0 ] (0.00000029)
[  4  0  0  0  0  0  0  0  0 ] (0.00000003)
[  4  0  0  0  0  0  0  0  1 ] (0.00001218)
[  4  0  0  0  0  0  0  1  0 ] (0.00000543)
[  4  0  0  0  0  0  1  0  0 ] (0.00000061)
[  4  0  0  0  0  1  0  0  0 ] (0.00000000)
[  4  0  0  0  1  0  0  0  0 ] (0.00000792)
[  4  0  0  1  0  0  0  0  0 ] (0.00000015)
[  4  0  1  0  0  0  0  0  0 ] (0.00000001)
[  4  1  0  0  0  0  0  0  0 ] (0.00000287)
[  5  0  0  0  0  0  0  0  0 ] (0.00000057)
