|  -875.726133435979 |   285.165296718098 

[  0  0  0  0  0  0  0  0  0 ] (0.00000314)
[  0  0  0  0  0  0  0  0  1 ] (0.00000054)
[  0  0  0  0  0  0  0  0  2 ] (0.00001074)
[  0  0  0  0  0  0  0  0  3 ] (0.00002018)
[  0  0  0  0  0  0  0  0  4 ] (0.00000469)
[  0  0  0  0  0  0  0  0  5 ] (0.00000140)
[  0  0  0  0  0  0  0  1  0 ] (0.00000142)
[  0  0  0  0  0  0  0  1  1 ] (0.00000176)
[  0  0  0  0  0  0  0  1  2 ] (0.00001835)
[  0  0  0  0  0  0  0  1  3 ] (0.00002855)
[  0  0  0  0  0  0  0  1  4 ] (0.00000091)
[  0  0  0  0  0  0  0  2  0 ] (0.00003737)
[  0  0  0  0  0  0  0  2  1 ] (0.00001566)
[  0  0  0  0  0  0  0  2  2 ] (0.00036253)
[  0  0  0  0  0  0  0  2  3 ] (0.00000290)
[  0  0  0  0  0  0  0  3  0 ] (0.00003456)
[  0  0  0  0  0  0  0  3  1 ] (0.00025535)
[  0  0  0  0  0  0  0  3  2 ] (0.00000550)
[  0  0  0  0  0  0  0  4  0 ] (0.00001551)
[  0  0  0  0  0  0  0  4  1 ] (0.00000527)
[  0  0  0  0  0  0  0  5  0 ] (0.00000006)
[  0  0  0  0  0  0  1  0  0 ] (0.00000163)
[  0  0  0  0  0  0  1  0  1 ] (0.00001053)
[  0  0  0  0  0  0  1  0  2 ] (0.00005187)
[  0  0  0  0  0  0  1  0  3 ] (0.00002087)
[  0  0  0  0  0  0  1  0  4 ] (0.00001321)
[  0  0  0  0  0  0  1  1  0 ] (0.00000196)
[  0  0  0  0  0  0  1  1  1 ] (0.00000005)
[  0  0  0  0  0  0  1  1  2 ] (0.00000026)
[  0  0  0  0  0  0  1  1  3 ] (0.00000549)
[  0  0  0  0  0  0  1  2  0 ] (0.00003895)
[  0  0  0  0  0  0  1  2  1 ] (0.00000329)
[  0  0  0  0  0  0  1  2  2 ] (0.00004262)
[  0  0  0  0  0  0  1  3  0 ] (0.00010492)
[  0  0  0  0  0  0  1  3  1 ] (0.00004026)
[  0  0  0  0  0  0  1  4  0 ] (0.00003938)
[  0  0  0  0  0  0  2  0  0 ] (0.00003014)
[  0  0  0  0  0  0  2  0  1 ] (0.00022806)
[  0  0  0  0  0  0  2  0  2 ] (0.00095518)
[  0  0  0  0  0  0  2  0  3 ] (0.00008490)
[  0  0  0  0  0  0  2  1  0 ] (0.00000215)
[  0  0  0  0  0  0  2  1  1 ] (0.00005979)
[  0  0  0  0  0  0  2  1  2 ] (0.00000110)
[  0  0  0  0  0  0  2  2  0 ] (0.00004410)
[  0  0  0  0  0  0  2  2  1 ] (0.00003668)
[  0  0  0  0  0  0  2  3  0 ] (0.00008050)
[  0  0  0  0  0  0  3  0  0 ] (0.00003563)
[  0  0  0  0  0  0  3  0  1 ] (0.00003945)
[  0  0  0  0  0  0  3  0  2 ] (0.00007080)
[  0  0  0  0  0  0  3  1  0 ] (0.00007995)
[  0  0  0  0  0  0  3  1  1 ] (0.00000119)
[  0  0  0  0  0  0  3  2  0 ] (0.00002875)
[  0  0  0  0  0  0  4  0  0 ] (0.00014163)
[  0  0  0  0  0  0  4  0  1 ] (0.00018007)
[  0  0  0  0  0  0  4  1  0 ] (0.00000093)
[  0  0  0  0  0  0  5  0  0 ] (0.00010486)
[  0  0  0  0  0  1  0  0  0 ] (0.00000001)
[  0  0  0  0  0  1  0  0  1 ] (0.00000000)
[  0  0  0  0  0  1  0  0  2 ] (0.00000344)
[  0  0  0  0  0  1  0  0  3 ] (0.00402474)
[  0  0  0  0  0  1  0  0  4 ] (0.00000898)
[  0  0  0  0  0  1  0  1  0 ] (0.00000134)
[  0  0  0  0  0  1  0  1  1 ] (0.00000005)
[  0  0  0  0  0  1  0  1  2 ] (0.00012317)
[  0  0  0  0  0  1  0  1  3 ] (0.00000061)
[  0  0  0  0  0  1  0  2  0 ] (0.00002283)
[  0  0  0  0  0  1  0  2  1 ] (0.00031845)
[  0  0  0  0  0  1  0  2  2 ] (0.00003568)
[  0  0  0  0  0  1  0  3  0 ] (0.00002218)
[  0  0  0  0  0  1  0  3  1 ] (0.00001920)
[  0  0  0  0  0  1  0  4  0 ] (0.00000406)
[  0  0  0  0  0  1  1  0  0 ] (0.00000015)
[  0  0  0  0  0  1  1  0  1 ] (0.00010496)
[  0  0  0  0  0  1  1  0  2 ] (0.00027945)
[  0  0  0  0  0  1  1  0  3 ] (0.00000759)
[  0  0  0  0  0  1  1  1  0 ] (0.00000026)
[  0  0  0  0  0  1  1  1  1 ] (0.00005712)
[  0  0  0  0  0  1  1  1  2 ] (0.00006493)
[  0  0  0  0  0  1  1  2  0 ] (0.00007041)
[  0  0  0  0  0  1  1  2  1 ] (0.00000043)
[  0  0  0  0  0  1  1  3  0 ] (0.00000878)
[  0  0  0  0  0  1  2  0  0 ] (0.00000100)
[  0  0  0  0  0  1  2  0  1 ] (0.00004037)
[  0  0  0  0  0  1  2  0  2 ] (0.00003224)
[  0  0  0  0  0  1  2  1  0 ] (0.00000905)
[  0  0  0  0  0  1  2  1  1 ] (0.00001849)
[  0  0  0  0  0  1  2  2  0 ] (0.00003866)
[  0  0  0  0  0  1  3  0  0 ] (0.00000684)
[  0  0  0  0  0  1  3  0  1 ] (0.00012623)
[  0  0  0  0  0  1  3  1  0 ] (0.00001169)
[  0  0  0  0  0  1  4  0  0 ] (0.00196463)
[  0  0  0  0  0  2  0  0  0 ] (0.00000603)
[  0  0  0  0  0  2  0  0  1 ] (0.00000515)
[  0  0  0  0  0  2  0  0  2 ] (0.00000708)
[  0  0  0  0  0  2  0  0  3 ] (0.00031212)
[  0  0  0  0  0  2  0  1  0 ] (0.00000514)
[  0  0  0  0  0  2  0  1  1 ] (0.00008661)
[  0  0  0  0  0  2  0  1  2 ] (0.00004585)
[  0  0  0  0  0  2  0  2  0 ] (0.00000006)
[  0  0  0  0  0  2  0  2  1 ] (0.00036824)
[  0  0  0  0  0  2  0  3  0 ] (0.00098557)
[  0  0  0  0  0  2  1  0  0 ] (0.00001336)
[  0  0  0  0  0  2  1  0  1 ] (0.00024836)
[  0  0  0  0  0  2  1  0  2 ] (0.00001486)
[  0  0  0  0  0  2  1  1  0 ] (0.00000570)
[  0  0  0  0  0  2  1  1  1 ] (0.00000005)
[  0  0  0  0  0  2  1  2  0 ] (0.00002960)
[  0  0  0  0  0  2  2  0  0 ] (0.00000938)
[  0  0  0  0  0  2  2  0  1 ] (0.00012972)
[  0  0  0  0  0  2  2  1  0 ] (0.00016551)
[  0  0  0  0  0  2  3  0  0 ] (0.00000221)
[  0  0  0  0  0  3  0  0  0 ] (0.00000356)
[  0  0  0  0  0  3  0  0  1 ] (0.00000827)
[  0  0  0  0  0  3  0  0  2 ] (0.00266809)
[  0  0  0  0  0  3  0  1  0 ] (0.00000543)
[  0  0  0  0  0  3  0  1  1 ] (0.00000068)
[  0  0  0  0  0  3  0  2  0 ] (0.00001133)
[  0  0  0  0  0  3  1  0  0 ] (0.00003815)
[  0  0  0  0  0  3  1  0  1 ] (0.00076282)
[  0  0  0  0  0  3  1  1  0 ] (0.00023853)
[  0  0  0  0  0  3  2  0  0 ] (0.00000829)
[  0  0  0  0  0  4  0  0  0 ] (0.00000331)
[  0  0  0  0  0  4  0  0  1 ] (0.00094179)
[  0  0  0  0  0  4  0  1  0 ] (0.00008847)
[  0  0  0  0  0  4  1  0  0 ] (0.00000332)
[  0  0  0  0  0  5  0  0  0 ] (0.00001757)
[  0  0  0  0  1  0  0  0  0 ] (0.00000000)
[  0  0  0  0  1  0  0  0  1 ] (0.00000006)
[  0  0  0  0  1  0  0  0  2 ] (0.00000963)
[  0  0  0  0  1  0  0  0  3 ] (0.00001903)
[  0  0  0  0  1  0  0  0  4 ] (0.00000001)
[  0  0  0  0  1  0  0  1  0 ] (0.00003614)
[  0  0  0  0  1  0  0  1  1 ] (0.00002004)
[  0  0  0  0  1  0  0  1  2 ] (0.00309888)
[  0  0  0  0  1  0  0  1  3 ] (0.00000000)
[  0  0  0  0  1  0  0  2  0 ] (0.00000003)
[  0  0  0  0  1  0  0  2  1 ] (0.00005456)
[  0  0  0  0  1  0  0  2  2 ] (0.00001458)
[  0  0  0  0  1  0  0  3  0 ] (0.00001086)
[  0  0  0  0  1  0  0  3  1 ] (0.00000039)
[  0  0  0  0  1  0  0  4  0 ] (0.00016593)
[  0  0  0  0  1  0  1  0  0 ] (0.00000020)
[  0  0  0  0  1  0  1  0  1 ] (0.00000865)
[  0  0  0  0  1  0  1  0  2 ] (0.00010051)
[  0  0  0  0  1  0  1  0  3 ] (0.00001690)
[  0  0  0  0  1  0  1  1  0 ] (0.00004108)
[  0  0  0  0  1  0  1  1  1 ] (0.00002585)
[  0  0  0  0  1  0  1  1  2 ] (0.00003645)
[  0  0  0  0  1  0  1  2  0 ] (0.00000976)
[  0  0  0  0  1  0  1  2  1 ] (0.00000010)
[  0  0  0  0  1  0  1  3  0 ] (0.00000885)
[  0  0  0  0  1  0  2  0  0 ] (0.00000636)
[  0  0  0  0  1  0  2  0  1 ] (0.00004879)
[  0  0  0  0  1  0  2  0  2 ] (0.00006895)
[  0  0  0  0  1  0  2  1  0 ] (0.00003160)
[  0  0  0  0  1  0  2  1  1 ] (0.00002748)
[  0  0  0  0  1  0  2  2  0 ] (0.00000000)
[  0  0  0  0  1  0  3  0  0 ] (0.00000211)
[  0  0  0  0  1  0  3  0  1 ] (0.00003958)
[  0  0  0  0  1  0  3  1  0 ] (0.00001902)
[  0  0  0  0  1  0  4  0  0 ] (0.00007422)
[  0  0  0  0  1  1  0  0  0 ] (0.00000013)
[  0  0  0  0  1  1  0  0  1 ] (0.00000005)
[  0  0  0  0  1  1  0  0  2 ] (0.00013610)
[  0  0  0  0  1  1  0  0  3 ] (0.00001526)
[  0  0  0  0  1  1  0  1  0 ] (0.00000217)
[  0  0  0  0  1  1  0  1  1 ] (0.00007521)
[  0  0  0  0  1  1  0  1  2 ] (0.00018094)
[  0  0  0  0  1  1  0  2  0 ] (0.00001195)
[  0  0  0  0  1  1  0  2  1 ] (0.00000057)
[  0  0  0  0  1  1  0  3  0 ] (0.00000585)
[  0  0  0  0  1  1  1  0  0 ] (0.00000145)
[  0  0  0  0  1  1  1  0  1 ] (0.00000906)
[  0  0  0  0  1  1  1  0  2 ] (0.00000471)
[  0  0  0  0  1  1  1  1  0 ] (0.00005890)
[  0  0  0  0  1  1  1  1  1 ] (0.00000095)
[  0  0  0  0  1  1  1  2  0 ] (0.00000215)
[  0  0  0  0  1  1  2  0  0 ] (0.00000070)
[  0  0  0  0  1  1  2  0  1 ] (0.00003743)
[  0  0  0  0  1  1  2  1  0 ] (0.00028316)
[  0  0  0  0  1  1  3  0  0 ] (0.00011757)
[  0  0  0  0  1  2  0  0  0 ] (0.00000083)
[  0  0  0  0  1  2  0  0  1 ] (0.00000088)
[  0  0  0  0  1  2  0  0  2 ] (0.00032731)
[  0  0  0  0  1  2  0  1  0 ] (0.00000074)
[  0  0  0  0  1  2  0  1  1 ] (0.00018645)
[  0  0  0  0  1  2  0  2  0 ] (0.00030185)
[  0  0  0  0  1  2  1  0  0 ] (0.00000167)
[  0  0  0  0  1  2  1  0  1 ] (0.00000341)
[  0  0  0  0  1  2  1  1  0 ] (0.00006208)
[  0  0  0  0  1  2  2  0  0 ] (0.00000042)
[  0  0  0  0  1  3  0  0  0 ] (0.00000026)
[  0  0  0  0  1  3  0  0  1 ] (0.00000562)
[  0  0  0  0  1  3  0  1  0 ] (0.00014071)
[  0  0  0  0  1  3  1  0  0 ] (0.00000095)
[  0  0  0  0  1  4  0  0  0 ] (0.00000052)
[  0  0  0  0  2  0  0  0  0 ] (0.00000635)
[  0  0  0  0  2  0  0  0  1 ] (0.00000635)
[  0  0  0  0  2  0  0  0  2 ] (0.00074609)
[  0  0  0  0  2  0  0  0  3 ] (0.00034266)
[  0  0  0  0  2  0  0  1  0 ] (0.00000359)
[  0  0  0  0  2  0  0  1  1 ] (0.00000626)
[  0  0  0  0  2  0  0  1  2 ] (0.00001162)
[  0  0  0  0  2  0  0  2  0 ] (0.00000081)
[  0  0  0  0  2  0  0  2  1 ] (0.00014087)
[  0  0  0  0  2  0  0  3  0 ] (0.00088782)
[  0  0  0  0  2  0  1  0  0 ] (0.00002053)
[  0  0  0  0  2  0  1  0  1 ] (0.00004577)
[  0  0  0  0  2  0  1  0  2 ] (0.00000507)
[  0  0  0  0  2  0  1  1  0 ] (0.00000582)
[  0  0  0  0  2  0  1  1  1 ] (0.00000139)
[  0  0  0  0  2  0  1  2  0 ] (0.00006211)
[  0  0  0  0  2  0  2  0  0 ] (0.00002302)
[  0  0  0  0  2  0  2  0  1 ] (0.00018173)
[  0  0  0  0  2  0  2  1  0 ] (0.00001485)
[  0  0  0  0  2  0  3  0  0 ] (0.00003198)
[  0  0  0  0  2  1  0  0  0 ] (0.00003322)
[  0  0  0  0  2  1  0  0  1 ] (0.00026503)
[  0  0  0  0  2  1  0  0  2 ] (0.00428267)
[  0  0  0  0  2  1  0  1  0 ] (0.00000380)
[  0  0  0  0  2  1  0  1  1 ] (0.00000002)
[  0  0  0  0  2  1  0  2  0 ] (0.00013536)
[  0  0  0  0  2  1  1  0  0 ] (0.00000240)
[  0  0  0  0  2  1  1  0  1 ] (0.00012704)
[  0  0  0  0  2  1  1  1  0 ] (0.00000871)
[  0  0  0  0  2  1  2  0  0 ] (0.00002779)
[  0  0  0  0  2  2  0  0  0 ] (0.00002037)
[  0  0  0  0  2  2  0  0  1 ] (0.00009113)
[  0  0  0  0  2  2  0  1  0 ] (0.00002237)
[  0  0  0  0  2  2  1  0  0 ] (0.00000010)
[  0  0  0  0  2  3  0  0  0 ] (0.00005107)
[  0  0  0  0  3  0  0  0  0 ] (0.00000134)
[  0  0  0  0  3  0  0  0  1 ] (0.00004164)
[  0  0  0  0  3  0  0  0  2 ] (0.00043015)
[  0  0  0  0  3  0  0  1  0 ] (0.00000890)
[  0  0  0  0  3  0  0  1  1 ] (0.00001348)
[  0  0  0  0  3  0  0  2  0 ] (0.00173444)
[  0  0  0  0  3  0  1  0  0 ] (0.00034917)
[  0  0  0  0  3  0  1  0  1 ] (0.00595235)
[  0  0  0  0  3  0  1  1  0 ] (0.00109349)
[  0  0  0  0  3  0  2  0  0 ] (0.00000763)
[  0  0  0  0  3  1  0  0  0 ] (0.00000456)
[  0  0  0  0  3  1  0  0  1 ] (0.00000103)
[  0  0  0  0  3  1  0  1  0 ] (0.00002984)
[  0  0  0  0  3  1  1  0  0 ] (0.00000775)
[  0  0  0  0  3  2  0  0  0 ] (0.00000016)
[  0  0  0  0  4  0  0  0  0 ] (0.00000000)
[  0  0  0  0  4  0  0  0  1 ] (0.00000165)
[  0  0  0  0  4  0  0  1  0 ] (0.00009508)
[  0  0  0  0  4  0  1  0  0 ] (0.00000457)
[  0  0  0  0  4  1  0  0  0 ] (0.00000088)
[  0  0  0  0  5  0  0  0  0 ] (0.00004683)
[  0  0  0  1  0  0  0  0  0 ] (0.00000063)
[  0  0  0  1  0  0  0  0  1 ] (0.00000931)
[  0  0  0  1  0  0  0  0  2 ] (0.00002873)
[  0  0  0  1  0  0  0  0  3 ] (0.00018786)
[  0  0  0  1  0  0  0  0  4 ] (0.00000666)
[  0  0  0  1  0  0  0  1  0 ] (0.00002699)
[  0  0  0  1  0  0  0  1  1 ] (0.00000089)
[  0  0  0  1  0  0  0  1  2 ] (0.00246506)
[  0  0  0  1  0  0  0  1  3 ] (0.00002624)
[  0  0  0  1  0  0  0  2  0 ] (0.00003970)
[  0  0  0  1  0  0  0  2  1 ] (0.00000002)
[  0  0  0  1  0  0  0  2  2 ] (0.00000000)
[  0  0  0  1  0  0  0  3  0 ] (0.00005345)
[  0  0  0  1  0  0  0  3  1 ] (0.00017491)
[  0  0  0  1  0  0  0  4  0 ] (0.00041897)
[  0  0  0  1  0  0  1  0  0 ] (0.00000137)
[  0  0  0  1  0  0  1  0  1 ] (0.00007236)
[  0  0  0  1  0  0  1  0  2 ] (0.00001653)
[  0  0  0  1  0  0  1  0  3 ] (0.00001140)
[  0  0  0  1  0  0  1  1  0 ] (0.00000084)
[  0  0  0  1  0  0  1  1  1 ] (0.00048777)
[  0  0  0  1  0  0  1  1  2 ] (0.00010267)
[  0  0  0  1  0  0  1  2  0 ] (0.00000038)
[  0  0  0  1  0  0  1  2  1 ] (0.00000308)
[  0  0  0  1  0  0  1  3  0 ] (0.00001818)
[  0  0  0  1  0  0  2  0  0 ] (0.00000288)
[  0  0  0  1  0  0  2  0  1 ] (0.00000244)
[  0  0  0  1  0  0  2  0  2 ] (0.00000092)
[  0  0  0  1  0  0  2  1  0 ] (0.00002719)
[  0  0  0  1  0  0  2  1  1 ] (0.00015151)
[  0  0  0  1  0  0  2  2  0 ] (0.00013969)
[  0  0  0  1  0  0  3  0  0 ] (0.00000887)
[  0  0  0  1  0  0  3  0  1 ] (0.00000000)
[  0  0  0  1  0  0  3  1  0 ] (0.00007760)
[  0  0  0  1  0  0  4  0  0 ] (0.00081860)
[  0  0  0  1  0  1  0  0  0 ] (0.00000049)
[  0  0  0  1  0  1  0  0  1 ] (0.00001110)
[  0  0  0  1  0  1  0  0  2 ] (0.00034349)
[  0  0  0  1  0  1  0  0  3 ] (0.00049022)
[  0  0  0  1  0  1  0  1  0 ] (0.00000713)
[  0  0  0  1  0  1  0  1  1 ] (0.00041223)
[  0  0  0  1  0  1  0  1  2 ] (0.00005212)
[  0  0  0  1  0  1  0  2  0 ] (0.00003736)
[  0  0  0  1  0  1  0  2  1 ] (0.00002268)
[  0  0  0  1  0  1  0  3  0 ] (0.00288117)
[  0  0  0  1  0  1  1  0  0 ] (0.00000739)
[  0  0  0  1  0  1  1  0  1 ] (0.00001258)
[  0  0  0  1  0  1  1  0  2 ] (0.00000503)
[  0  0  0  1  0  1  1  1  0 ] (0.00000393)
[  0  0  0  1  0  1  1  1  1 ] (0.00000077)
[  0  0  0  1  0  1  1  2  0 ] (0.00002088)
[  0  0  0  1  0  1  2  0  0 ] (0.00001056)
[  0  0  0  1  0  1  2  0  1 ] (0.00028862)
[  0  0  0  1  0  1  2  1  0 ] (0.00004362)
[  0  0  0  1  0  1  3  0  0 ] (0.00001586)
[  0  0  0  1  0  2  0  0  0 ] (0.00000043)
[  0  0  0  1  0  2  0  0  1 ] (0.00000283)
[  0  0  0  1  0  2  0  0  2 ] (0.00057739)
[  0  0  0  1  0  2  0  1  0 ] (0.00001490)
[  0  0  0  1  0  2  0  1  1 ] (0.00004669)
[  0  0  0  1  0  2  0  2  0 ] (0.00015688)
[  0  0  0  1  0  2  1  0  0 ] (0.00000001)
[  0  0  0  1  0  2  1  0  1 ] (0.00031248)
[  0  0  0  1  0  2  1  1  0 ] (0.00162024)
[  0  0  0  1  0  2  2  0  0 ] (0.00000219)
[  0  0  0  1  0  3  0  0  0 ] (0.00000000)
[  0  0  0  1  0  3  0  0  1 ] (0.00000799)
[  0  0  0  1  0  3  0  1  0 ] (0.00000163)
[  0  0  0  1  0  3  1  0  0 ] (0.00001590)
[  0  0  0  1  0  4  0  0  0 ] (0.00000061)
[  0  0  0  1  1  0  0  0  0 ] (0.00000603)
[  0  0  0  1  1  0  0  0  1 ] (0.00001179)
[  0  0  0  1  1  0  0  0  2 ] (0.00002758)
[  0  0  0  1  1  0  0  0  3 ] (0.00002127)
[  0  0  0  1  1  0  0  1  0 ] (0.00005467)
[  0  0  0  1  1  0  0  1  1 ] (0.00008195)
[  0  0  0  1  1  0  0  1  2 ] (0.00000031)
[  0  0  0  1  1  0  0  2  0 ] (0.00010546)
[  0  0  0  1  1  0  0  2  1 ] (0.00049799)
[  0  0  0  1  1  0  0  3  0 ] (0.00088643)
[  0  0  0  1  1  0  1  0  0 ] (0.00002551)
[  0  0  0  1  1  0  1  0  1 ] (0.00002436)
[  0  0  0  1  1  0  1  0  2 ] (0.00005442)
[  0  0  0  1  1  0  1  1  0 ] (0.00003520)
[  0  0  0  1  1  0  1  1  1 ] (0.00001977)
[  0  0  0  1  1  0  1  2  0 ] (0.00012425)
[  0  0  0  1  1  0  2  0  0 ] (0.00000259)
[  0  0  0  1  1  0  2  0  1 ] (0.00002572)
[  0  0  0  1  1  0  2  1  0 ] (0.00020894)
[  0  0  0  1  1  0  3  0  0 ] (0.00000301)
[  0  0  0  1  1  1  0  0  0 ] (0.00000238)
[  0  0  0  1  1  1  0  0  1 ] (0.00003407)
[  0  0  0  1  1  1  0  0  2 ] (0.00022907)
[  0  0  0  1  1  1  0  1  0 ] (0.00007576)
[  0  0  0  1  1  1  0  1  1 ] (0.00004246)
[  0  0  0  1  1  1  0  2  0 ] (0.01198272)
[  0  0  0  1  1  1  1  0  0 ] (0.00007856)
[  0  0  0  1  1  1  1  0  1 ] (0.00031867)
[  0  0  0  1  1  1  1  1  0 ] (0.00015996)
[  0  0  0  1  1  1  2  0  0 ] (0.00004780)
[  0  0  0  1  1  2  0  0  0 ] (0.00000001)
[  0  0  0  1  1  2  0  0  1 ] (0.00018310)
[  0  0  0  1  1  2  0  1  0 ] (0.00020918)
[  0  0  0  1  1  2  1  0  0 ] (0.00005274)
[  0  0  0  1  1  3  0  0  0 ] (0.00000344)
[  0  0  0  1  2  0  0  0  0 ] (0.00001148)
[  0  0  0  1  2  0  0  0  1 ] (0.00012755)
[  0  0  0  1  2  0  0  0  2 ] (0.00063803)
[  0  0  0  1  2  0  0  1  0 ] (0.00000059)
[  0  0  0  1  2  0  0  1  1 ] (0.00000844)
[  0  0  0  1  2  0  0  2  0 ] (0.00070737)
[  0  0  0  1  2  0  1  0  0 ] (0.00000490)
[  0  0  0  1  2  0  1  0  1 ] (0.00009707)
[  0  0  0  1  2  0  1  1  0 ] (0.00002118)
[  0  0  0  1  2  0  2  0  0 ] (0.00001122)
[  0  0  0  1  2  1  0  0  0 ] (0.00002212)
[  0  0  0  1  2  1  0  0  1 ] (0.00029783)
[  0  0  0  1  2  1  0  1  0 ] (0.00007828)
[  0  0  0  1  2  1  1  0  0 ] (0.00000331)
[  0  0  0  1  2  2  0  0  0 ] (0.00001186)
[  0  0  0  1  3  0  0  0  0 ] (0.00000015)
[  0  0  0  1  3  0  0  0  1 ] (0.00001137)
[  0  0  0  1  3  0  0  1  0 ] (0.00000396)
[  0  0  0  1  3  0  1  0  0 ] (0.00000001)
[  0  0  0  1  3  1  0  0  0 ] (0.00000168)
[  0  0  0  1  4  0  0  0  0 ] (0.00000427)
[  0  0  0  2  0  0  0  0  0 ] (0.00000383)
[  0  0  0  2  0  0  0  0  1 ] (0.00002634)
[  0  0  0  2  0  0  0  0  2 ] (0.00003724)
[  0  0  0  2  0  0  0  0  3 ] (0.00022984)
[  0  0  0  2  0  0  0  1  0 ] (0.00000040)
[  0  0  0  2  0  0  0  1  1 ] (0.00036078)
[  0  0  0  2  0  0  0  1  2 ] (0.00238095)
[  0  0  0  2  0  0  0  2  0 ] (0.00002703)
[  0  0  0  2  0  0  0  2  1 ] (0.00000005)
[  0  0  0  2  0  0  0  3  0 ] (0.00031863)
[  0  0  0  2  0  0  1  0  0 ] (0.00000260)
[  0  0  0  2  0  0  1  0  1 ] (0.00001381)
[  0  0  0  2  0  0  1  0  2 ] (0.00000653)
[  0  0  0  2  0  0  1  1  0 ] (0.00010244)
[  0  0  0  2  0  0  1  1  1 ] (0.00003330)
[  0  0  0  2  0  0  1  2  0 ] (0.00071479)
[  0  0  0  2  0  0  2  0  0 ] (0.00011600)
[  0  0  0  2  0  0  2  0  1 ] (0.00071127)
[  0  0  0  2  0  0  2  1  0 ] (0.00002144)
[  0  0  0  2  0  0  3  0  0 ] (0.00000880)
[  0  0  0  2  0  1  0  0  0 ] (0.00000731)
[  0  0  0  2  0  1  0  0  1 ] (0.00009132)
[  0  0  0  2  0  1  0  0  2 ] (0.00002641)
[  0  0  0  2  0  1  0  1  0 ] (0.00007829)
[  0  0  0  2  0  1  0  1  1 ] (0.00101991)
[  0  0  0  2  0  1  0  2  0 ] (0.00000015)
[  0  0  0  2  0  1  1  0  0 ] (0.00000720)
[  0  0  0  2  0  1  1  0  1 ] (0.00010213)
[  0  0  0  2  0  1  1  1  0 ] (0.00250766)
[  0  0  0  2  0  1  2  0  0 ] (0.00006349)
[  0  0  0  2  0  2  0  0  0 ] (0.00000456)
[  0  0  0  2  0  2  0  0  1 ] (0.00011922)
[  0  0  0  2  0  2  0  1  0 ] (0.00006657)
[  0  0  0  2  0  2  1  0  0 ] (0.00000180)
[  0  0  0  2  0  3  0  0  0 ] (0.00000392)
[  0  0  0  2  1  0  0  0  0 ] (0.00000039)
[  0  0  0  2  1  0  0  0  1 ] (0.00000028)
[  0  0  0  2  1  0  0  0  2 ] (0.00009509)
[  0  0  0  2  1  0  0  1  0 ] (0.00000042)
[  0  0  0  2  1  0  0  1  1 ] (0.00000000)
[  0  0  0  2  1  0  0  2  0 ] (0.00001971)
[  0  0  0  2  1  0  1  0  0 ] (0.00000936)
[  0  0  0  2  1  0  1  0  1 ] (0.00000772)
[  0  0  0  2  1  0  1  1  0 ] (0.00014223)
[  0  0  0  2  1  0  2  0  0 ] (0.00000072)
[  0  0  0  2  1  1  0  0  0 ] (0.00001320)
[  0  0  0  2  1  1  0  0  1 ] (0.00000578)
[  0  0  0  2  1  1  0  1  0 ] (0.00000280)
[  0  0  0  2  1  1  1  0  0 ] (0.00005806)
[  0  0  0  2  1  2  0  0  0 ] (0.00000522)
[  0  0  0  2  2  0  0  0  0 ] (0.00000012)
[  0  0  0  2  2  0  0  0  1 ] (0.00000213)
[  0  0  0  2  2  0  0  1  0 ] (0.00001092)
[  0  0  0  2  2  0  1  0  0 ] (0.00000066)
[  0  0  0  2  2  1  0  0  0 ] (0.00000003)
[  0  0  0  2  3  0  0  0  0 ] (0.00000219)
[  0  0  0  3  0  0  0  0  0 ] (0.00000127)
[  0  0  0  3  0  0  0  0  1 ] (0.00003247)
[  0  0  0  3  0  0  0  0  2 ] (0.00006910)
[  0  0  0  3  0  0  0  1  0 ] (0.00005883)
[  0  0  0  3  0  0  0  1  1 ] (0.00014369)
[  0  0  0  3  0  0  0  2  0 ] (0.00022949)
[  0  0  0  3  0  0  1  0  0 ] (0.00000127)
[  0  0  0  3  0  0  1  0  1 ] (0.00000508)
[  0  0  0  3  0  0  1  1  0 ] (0.00022154)
[  0  0  0  3  0  0  2  0  0 ] (0.00000933)
[  0  0  0  3  0  1  0  0  0 ] (0.00000041)
[  0  0  0  3  0  1  0  0  1 ] (0.00002271)
[  0  0  0  3  0  1  0  1  0 ] (0.00003041)
[  0  0  0  3  0  1  1  0  0 ] (0.00000069)
[  0  0  0  3  0  2  0  0  0 ] (0.00000019)
[  0  0  0  3  1  0  0  0  0 ] (0.00000795)
[  0  0  0  3  1  0  0  0  1 ] (0.00001306)
[  0  0  0  3  1  0  0  1  0 ] (0.00002524)
[  0  0  0  3  1  0  1  0  0 ] (0.00001072)
[  0  0  0  3  1  1  0  0  0 ] (0.00000731)
[  0  0  0  3  2  0  0  0  0 ] (0.00000000)
[  0  0  0  4  0  0  0  0  0 ] (0.00000010)
[  0  0  0  4  0  0  0  0  1 ] (0.00000698)
[  0  0  0  4  0  0  0  1  0 ] (0.00000056)
[  0  0  0  4  0  0  1  0  0 ] (0.00000450)
[  0  0  0  4  0  1  0  0  0 ] (0.00000024)
[  0  0  0  4  1  0  0  0  0 ] (0.00000001)
[  0  0  0  5  0  0  0  0  0 ] (0.00000380)
[  0  0  1  0  0  0  0  0  0 ] (0.00000871)
[  0  0  1  0  0  0  0  0  1 ] (0.00001757)
[  0  0  1  0  0  0  0  0  2 ] (0.00003659)
[  0  0  1  0  0  0  0  0  3 ] (0.00004591)
[  0  0  1  0  0  0  0  0  4 ] (0.00000020)
[  0  0  1  0  0  0  0  1  0 ] (0.00000142)
[  0  0  1  0  0  0  0  1  1 ] (0.00000710)
[  0  0  1  0  0  0  0  1  2 ] (0.00014813)
[  0  0  1  0  0  0  0  1  3 ] (0.00000343)
[  0  0  1  0  0  0  0  2  0 ] (0.00002533)
[  0  0  1  0  0  0  0  2  1 ] (0.00016149)
[  0  0  1  0  0  0  0  2  2 ] (0.00001784)
[  0  0  1  0  0  0  0  3  0 ] (0.00000707)
[  0  0  1  0  0  0  0  3  1 ] (0.00000414)
[  0  0  1  0  0  0  0  4  0 ] (0.00000155)
[  0  0  1  0  0  0  1  0  0 ] (0.00000097)
[  0  0  1  0  0  0  1  0  1 ] (0.00051438)
[  0  0  1  0  0  0  1  0  2 ] (0.00205063)
[  0  0  1  0  0  0  1  0  3 ] (0.00003530)
[  0  0  1  0  0  0  1  1  0 ] (0.00000097)
[  0  0  1  0  0  0  1  1  1 ] (0.00009012)
[  0  0  1  0  0  0  1  1  2 ] (0.00000011)
[  0  0  1  0  0  0  1  2  0 ] (0.00000000)
[  0  0  1  0  0  0  1  2  1 ] (0.00000358)
[  0  0  1  0  0  0  1  3  0 ] (0.00002680)
[  0  0  1  0  0  0  2  0  0 ] (0.00001062)
[  0  0  1  0  0  0  2  0  1 ] (0.00013965)
[  0  0  1  0  0  0  2  0  2 ] (0.00068178)
[  0  0  1  0  0  0  2  1  0 ] (0.00000487)
[  0  0  1  0  0  0  2  1  1 ] (0.00000545)
[  0  0  1  0  0  0  2  2  0 ] (0.00077618)
[  0  0  1  0  0  0  3  0  0 ] (0.00002938)
[  0  0  1  0  0  0  3  0  1 ] (0.00043713)
[  0  0  1  0  0  0  3  1  0 ] (0.00003333)
[  0  0  1  0  0  0  4  0  0 ] (0.02658293)
[  0  0  1  0  0  1  0  0  0 ] (0.00000317)
[  0  0  1  0  0  1  0  0  1 ] (0.00003138)
[  0  0  1  0  0  1  0  0  2 ] (0.00000007)
[  0  0  1  0  0  1  0  0  3 ] (0.00009245)
[  0  0  1  0  0  1  0  1  0 ] (0.00001947)
[  0  0  1  0  0  1  0  1  1 ] (0.00006353)
[  0  0  1  0  0  1  0  1  2 ] (0.00000217)
[  0  0  1  0  0  1  0  2  0 ] (0.00003430)
[  0  0  1  0  0  1  0  2  1 ] (0.00002152)
[  0  0  1  0  0  1  0  3  0 ] (0.00035619)
[  0  0  1  0  0  1  1  0  0 ] (0.00000370)
[  0  0  1  0  0  1  1  0  1 ] (0.00009393)
[  0  0  1  0  0  1  1  0  2 ] (0.00044000)
[  0  0  1  0  0  1  1  1  0 ] (0.00000000)
[  0  0  1  0  0  1  1  1  1 ] (0.00001289)
[  0  0  1  0  0  1  1  2  0 ] (0.00019121)
[  0  0  1  0  0  1  2  0  0 ] (0.00000138)
[  0  0  1  0  0  1  2  0  1 ] (0.00005355)
[  0  0  1  0  0  1  2  1  0 ] (0.00001133)
[  0  0  1  0  0  1  3  0  0 ] (0.00001859)
[  0  0  1  0  0  2  0  0  0 ] (0.00000044)
[  0  0  1  0  0  2  0  0  1 ] (0.00001083)
[  0  0  1  0  0  2  0  0  2 ] (0.00000049)
[  0  0  1  0  0  2  0  1  0 ] (0.00004169)
[  0  0  1  0  0  2  0  1  1 ] (0.00005122)
[  0  0  1  0  0  2  0  2  0 ] (0.00002072)
[  0  0  1  0  0  2  1  0  0 ] (0.00001170)
[  0  0  1  0  0  2  1  0  1 ] (0.00015240)
[  0  0  1  0  0  2  1  1  0 ] (0.00359868)
[  0  0  1  0  0  2  2  0  0 ] (0.00000070)
[  0  0  1  0  0  3  0  0  0 ] (0.00000321)
[  0  0  1  0  0  3  0  0  1 ] (0.00004482)
[  0  0  1  0  0  3  0  1  0 ] (0.00001714)
[  0  0  1  0  0  3  1  0  0 ] (0.00001419)
[  0  0  1  0  0  4  0  0  0 ] (0.00000107)
[  0  0  1  0  1  0  0  0  0 ] (0.00000480)
[  0  0  1  0  1  0  0  0  1 ] (0.00008517)
[  0  0  1  0  1  0  0  0  2 ] (0.00001075)
[  0  0  1  0  1  0  0  0  3 ] (0.00010188)
[  0  0  1  0  1  0  0  1  0 ] (0.00006009)
[  0  0  1  0  1  0  0  1  1 ] (0.00003977)
[  0  0  1  0  1  0  0  1  2 ] (0.00006815)
[  0  0  1  0  1  0  0  2  0 ] (0.00000028)
[  0  0  1  0  1  0  0  2  1 ] (0.00002535)
[  0  0  1  0  1  0  0  3  0 ] (0.00087398)
[  0  0  1  0  1  0  1  0  0 ] (0.00000687)
[  0  0  1  0  1  0  1  0  1 ] (0.00005577)
[  0  0  1  0  1  0  1  0  2 ] (0.00000076)
[  0  0  1  0  1  0  1  1  0 ] (0.00000470)
[  0  0  1  0  1  0  1  1  1 ] (0.00000379)
[  0  0  1  0  1  0  1  2  0 ] (0.00040732)
[  0  0  1  0  1  0  2  0  0 ] (0.00004534)
[  0  0  1  0  1  0  2  0  1 ] (0.00027698)
[  0  0  1  0  1  0  2  1  0 ] (0.00035301)
[  0  0  1  0  1  0  3  0  0 ] (0.00051397)
[  0  0  1  0  1  1  0  0  0 ] (0.00000015)
[  0  0  1  0  1  1  0  0  1 ] (0.00002434)
[  0  0  1  0  1  1  0  0  2 ] (0.00009213)
[  0  0  1  0  1  1  0  1  0 ] (0.00000783)
[  0  0  1  0  1  1  0  1  1 ] (0.00000332)
[  0  0  1  0  1  1  0  2  0 ] (0.00022740)
[  0  0  1  0  1  1  1  0  0 ] (0.00000072)
[  0  0  1  0  1  1  1  0  1 ] (0.00000017)
[  0  0  1  0  1  1  1  1  0 ] (0.00000184)
[  0  0  1  0  1  1  2  0  0 ] (0.00002697)
[  0  0  1  0  1  2  0  0  0 ] (0.00000329)
[  0  0  1  0  1  2  0  0  1 ] (0.00000050)
[  0  0  1  0  1  2  0  1  0 ] (0.00000192)
[  0  0  1  0  1  2  1  0  0 ] (0.00001570)
[  0  0  1  0  1  3  0  0  0 ] (0.00000009)
[  0  0  1  0  2  0  0  0  0 ] (0.00003234)
[  0  0  1  0  2  0  0  0  1 ] (0.00025577)
[  0  0  1  0  2  0  0  0  2 ] (0.00075563)
[  0  0  1  0  2  0  0  1  0 ] (0.00001830)
[  0  0  1  0  2  0  0  1  1 ] (0.00019226)
[  0  0  1  0  2  0  0  2  0 ] (0.00050265)
[  0  0  1  0  2  0  1  0  0 ] (0.00006410)
[  0  0  1  0  2  0  1  0  1 ] (0.00093469)
[  0  0  1  0  2  0  1  1  0 ] (0.00066813)
[  0  0  1  0  2  0  2  0  0 ] (0.00000766)
[  0  0  1  0  2  1  0  0  0 ] (0.00006599)
[  0  0  1  0  2  1  0  0  1 ] (0.00076947)
[  0  0  1  0  2  1  0  1  0 ] (0.00003811)
[  0  0  1  0  2  1  1  0  0 ] (0.00000006)
[  0  0  1  0  2  2  0  0  0 ] (0.00002339)
[  0  0  1  0  3  0  0  0  0 ] (0.00000574)
[  0  0  1  0  3  0  0  0  1 ] (0.00012839)
[  0  0  1  0  3  0  0  1  0 ] (0.00001509)
[  0  0  1  0  3  0  1  0  0 ] (0.00000443)
[  0  0  1  0  3  1  0  0  0 ] (0.00000917)
[  0  0  1  0  4  0  0  0  0 ] (0.00000066)
[  0  0  1  1  0  0  0  0  0 ] (0.00000032)
[  0  0  1  1  0  0  0  0  1 ] (0.00000015)
[  0  0  1  1  0  0  0  0  2 ] (0.00001976)
[  0  0  1  1  0  0  0  0  3 ] (0.00108058)
[  0  0  1  1  0  0  0  1  0 ] (0.00000451)
[  0  0  1  1  0  0  0  1  1 ] (0.00014500)
[  0  0  1  1  0  0  0  1  2 ] (0.00004721)
[  0  0  1  1  0  0  0  2  0 ] (0.00000176)
[  0  0  1  1  0  0  0  2  1 ] (0.00003656)
[  0  0  1  1  0  0  0  3  0 ] (0.00064919)
[  0  0  1  1  0  0  1  0  0 ] (0.00001220)
[  0  0  1  1  0  0  1  0  1 ] (0.00000093)
[  0  0  1  1  0  0  1  0  2 ] (0.00002639)
[  0  0  1  1  0  0  1  1  0 ] (0.00000591)
[  0  0  1  1  0  0  1  1  1 ] (0.00000008)
[  0  0  1  1  0  0  1  2  0 ] (0.00056378)
[  0  0  1  1  0  0  2  0  0 ] (0.00023812)
[  0  0  1  1  0  0  2  0  1 ] (0.00209868)
[  0  0  1  1  0  0  2  1  0 ] (0.00293999)
[  0  0  1  1  0  0  3  0  0 ] (0.00000428)
[  0  0  1  1  0  1  0  0  0 ] (0.00000676)
[  0  0  1  1  0  1  0  0  1 ] (0.00006994)
[  0  0  1  1  0  1  0  0  2 ] (0.00018523)
[  0  0  1  1  0  1  0  1  0 ] (0.00006877)
[  0  0  1  1  0  1  0  1  1 ] (0.00482375)
[  0  0  1  1  0  1  0  2  0 ] (0.00031082)
[  0  0  1  1  0  1  1  0  0 ] (0.00002938)
[  0  0  1  1  0  1  1  0  1 ] (0.00032263)
[  0  0  1  1  0  1  1  1  0 ] (0.01067803)
[  0  0  1  1  0  1  2  0  0 ] (0.00012797)
[  0  0  1  1  0  2  0  0  0 ] (0.00000013)
[  0  0  1  1  0  2  0  0  1 ] (0.00001211)
[  0  0  1  1  0  2  0  1  0 ] (0.00000029)
[  0  0  1  1  0  2  1  0  0 ] (0.00000396)
[  0  0  1  1  0  3  0  0  0 ] (0.00000092)
[  0  0  1  1  1  0  0  0  0 ] (0.00001040)
[  0  0  1  1  1  0  0  0  1 ] (0.00097248)
[  0  0  1  1  1  0  0  0  2 ] (0.00632270)
[  0  0  1  1  1  0  0  1  0 ] (0.00000541)
[  0  0  1  1  1  0  0  1  1 ] (0.00002397)
[  0  0  1  1  1  0  0  2  0 ] (0.01335636)
[  0  0  1  1  1  0  1  0  0 ] (0.00007425)
[  0  0  1  1  1  0  1  0  1 ] (0.00140976)
[  0  0  1  1  1  0  1  1  0 ] (0.00039481)
[  0  0  1  1  1  0  2  0  0 ] (0.00009927)
[  0  0  1  1  1  1  0  0  0 ] (0.00004297)
[  0  0  1  1  1  1  0  0  1 ] (0.00105785)
[  0  0  1  1  1  1  0  1  0 ] (0.00066953)
[  0  0  1  1  1  1  1  0  0 ] (0.00000776)
[  0  0  1  1  1  2  0  0  0 ] (0.00000406)
[  0  0  1  1  2  0  0  0  0 ] (0.00000003)
[  0  0  1  1  2  0  0  0  1 ] (0.00000353)
[  0  0  1  1  2  0  0  1  0 ] (0.00008304)
[  0  0  1  1  2  0  1  0  0 ] (0.00000779)
[  0  0  1  1  2  1  0  0  0 ] (0.00000754)
[  0  0  1  1  3  0  0  0  0 ] (0.00000357)
[  0  0  1  2  0  0  0  0  0 ] (0.00000392)
[  0  0  1  2  0  0  0  0  1 ] (0.00001124)
[  0  0  1  2  0  0  0  0  2 ] (0.00000064)
[  0  0  1  2  0  0  0  1  0 ] (0.00068340)
[  0  0  1  2  0  0  0  1  1 ] (0.00229121)
[  0  0  1  2  0  0  0  2  0 ] (0.00002027)
[  0  0  1  2  0  0  1  0  0 ] (0.00006140)
[  0  0  1  2  0  0  1  0  1 ] (0.00030748)
[  0  0  1  2  0  0  1  1  0 ] (0.00252648)
[  0  0  1  2  0  0  2  0  0 ] (0.00000325)
[  0  0  1  2  0  1  0  0  0 ] (0.00000003)
[  0  0  1  2  0  1  0  0  1 ] (0.00000700)
[  0  0  1  2  0  1  0  1  0 ] (0.00048230)
[  0  0  1  2  0  1  1  0  0 ] (0.00001299)
[  0  0  1  2  0  2  0  0  0 ] (0.00000001)
[  0  0  1  2  1  0  0  0  0 ] (0.00000588)
[  0  0  1  2  1  0  0  0  1 ] (0.00000009)
[  0  0  1  2  1  0  0  1  0 ] (0.00001544)
[  0  0  1  2  1  0  1  0  0 ] (0.00004634)
[  0  0  1  2  1  1  0  0  0 ] (0.00000310)
[  0  0  1  2  2  0  0  0  0 ] (0.00000040)
[  0  0  1  3  0  0  0  0  0 ] (0.00000037)
[  0  0  1  3  0  0  0  0  1 ] (0.00000833)
[  0  0  1  3  0  0  0  1  0 ] (0.00003667)
[  0  0  1  3  0  0  1  0  0 ] (0.00000000)
[  0  0  1  3  0  1  0  0  0 ] (0.00000149)
[  0  0  1  3  1  0  0  0  0 ] (0.00000135)
[  0  0  1  4  0  0  0  0  0 ] (0.00001063)
[  0  0  2  0  0  0  0  0  0 ] (0.00012341)
[  0  0  2  0  0  0  0  0  1 ] (0.00041761)
[  0  0  2  0  0  0  0  0  2 ] (0.00008344)
[  0  0  2  0  0  0  0  0  3 ] (0.01772812)
[  0  0  2  0  0  0  0  1  0 ] (0.00002214)
[  0  0  2  0  0  0  0  1  1 ] (0.00002519)
[  0  0  2  0  0  0  0  1  2 ] (0.00000027)
[  0  0  2  0  0  0  0  2  0 ] (0.00182199)
[  0  0  2  0  0  0  0  2  1 ] (0.05155401)
[  0  0  2  0  0  0  0  3  0 ] (0.00278877)
[  0  0  2  0  0  0  1  0  0 ] (0.00014416)
[  0  0  2  0  0  0  1  0  1 ] (0.00047726)
[  0  0  2  0  0  0  1  0  2 ] (0.02775582)
[  0  0  2  0  0  0  1  1  0 ] (0.00001274)
[  0  0  2  0  0  0  1  1  1 ] (0.00052356)
[  0  0  2  0  0  0  1  2  0 ] (0.02250362)
[  0  0  2  0  0  0  2  0  0 ] (0.00515783)
[  0  0  2  0  0  0  2  0  1 ] (0.02625285)
[  0  0  2  0  0  0  2  1  0 ] (0.00005777)
[  0  0  2  0  0  0  3  0  0 ] (0.00928869)
[  0  0  2  0  0  1  0  0  0 ] (0.00004185)
[  0  0  2  0  0  1  0  0  1 ] (0.00018866)
[  0  0  2  0  0  1  0  0  2 ] (0.00008938)
[  0  0  2  0  0  1  0  1  0 ] (0.00040386)
[  0  0  2  0  0  1  0  1  1 ] (0.00664400)
[  0  0  2  0  0  1  0  2  0 ] (0.00073510)
[  0  0  2  0  0  1  1  0  0 ] (0.00000168)
[  0  0  2  0  0  1  1  0  1 ] (0.00001380)
[  0  0  2  0  0  1  1  1  0 ] (0.00172459)
[  0  0  2  0  0  1  2  0  0 ] (0.00071687)
[  0  0  2  0  0  2  0  0  0 ] (0.00000769)
[  0  0  2  0  0  2  0  0  1 ] (0.00005473)
[  0  0  2  0  0  2  0  1  0 ] (0.00002021)
[  0  0  2  0  0  2  1  0  0 ] (0.00000570)
[  0  0  2  0  0  3  0  0  0 ] (0.00000501)
[  0  0  2  0  1  0  0  0  0 ] (0.00002917)
[  0  0  2  0  1  0  0  0  1 ] (0.00038624)
[  0  0  2  0  1  0  0  0  2 ] (0.00035128)
[  0  0  2  0  1  0  0  1  0 ] (0.00012438)
[  0  0  2  0  1  0  0  1  1 ] (0.10515957)
[  0  0  2  0  1  0  0  2  0 ] (0.00104761)
[  0  0  2  0  1  0  1  0  0 ] (0.00084656)
[  0  0  2  0  1  0  1  0  1 ] (0.02047621)
[  0  0  2  0  1  0  1  1  0 ] (0.19065555)
[  0  0  2  0  1  0  2  0  0 ] (0.00016318)
[  0  0  2  0  1  1  0  0  0 ] (0.00000024)
[  0  0  2  0  1  1  0  0  1 ] (0.00003721)
[  0  0  2  0  1  1  0  1  0 ] (0.00030763)
[  0  0  2  0  1  1  1  0  0 ] (0.00017003)
[  0  0  2  0  1  2  0  0  0 ] (0.00000098)
[  0  0  2  0  2  0  0  0  0 ] (0.00013520)
[  0  0  2  0  2  0  0  0  1 ] (0.00026979)
[  0  0  2  0  2  0  0  1  0 ] (0.00005314)
[  0  0  2  0  2  0  1  0  0 ] (0.00016195)
[  0  0  2  0  2  1  0  0  0 ] (0.00004642)
[  0  0  2  0  3  0  0  0  0 ] (0.00042382)
[  0  0  2  1  0  0  0  0  0 ] (0.00000395)
[  0  0  2  1  0  0  0  0  1 ] (0.00004549)
[  0  0  2  1  0  0  0  0  2 ] (0.00010288)
[  0  0  2  1  0  0  0  1  0 ] (0.00059790)
[  0  0  2  1  0  0  0  1  1 ] (0.01381551)
[  0  0  2  1  0  0  0  2  0 ] (0.00004647)
[  0  0  2  1  0  0  1  0  0 ] (0.00007611)
[  0  0  2  1  0  0  1  0  1 ] (0.00117950)
[  0  0  2  1  0  0  1  1  0 ] (0.00000379)
[  0  0  2  1  0  0  2  0  0 ] (0.00007565)
[  0  0  2  1  0  1  0  0  0 ] (0.00000341)
[  0  0  2  1  0  1  0  0  1 ] (0.00000218)
[  0  0  2  1  0  1  0  1  0 ] (0.00010424)
[  0  0  2  1  0  1  1  0  0 ] (0.00000332)
[  0  0  2  1  0  2  0  0  0 ] (0.00000004)
[  0  0  2  1  1  0  0  0  0 ] (0.00003445)
[  0  0  2  1  1  0  0  0  1 ] (0.00078942)
[  0  0  2  1  1  0  0  1  0 ] (0.00012864)
[  0  0  2  1  1  0  1  0  0 ] (0.00000278)
[  0  0  2  1  1  1  0  0  0 ] (0.00002593)
[  0  0  2  1  2  0  0  0  0 ] (0.00000057)
[  0  0  2  2  0  0  0  0  0 ] (0.00000000)
[  0  0  2  2  0  0  0  0  1 ] (0.00000711)
[  0  0  2  2  0  0  0  1  0 ] (0.00000742)
[  0  0  2  2  0  0  1  0  0 ] (0.00002698)
[  0  0  2  2  0  1  0  0  0 ] (0.00000001)
[  0  0  2  2  1  0  0  0  0 ] (0.00000032)
[  0  0  2  3  0  0  0  0  0 ] (0.00000000)
[  0  0  3  0  0  0  0  0  0 ] (0.00000218)
[  0  0  3  0  0  0  0  0  1 ] (0.00002356)
[  0  0  3  0  0  0  0  0  2 ] (0.00011628)
[  0  0  3  0  0  0  0  1  0 ] (0.00002597)
[  0  0  3  0  0  0  0  1  1 ] (0.00009936)
[  0  0  3  0  0  0  0  2  0 ] (0.00034186)
[  0  0  3  0  0  0  1  0  0 ] (0.00007919)
[  0  0  3  0  0  0  1  0  1 ] (0.00025912)
[  0  0  3  0  0  0  1  1  0 ] (0.00005027)
[  0  0  3  0  0  0  2  0  0 ] (0.00010761)
[  0  0  3  0  0  1  0  0  0 ] (0.00000002)
[  0  0  3  0  0  1  0  0  1 ] (0.00000260)
[  0  0  3  0  0  1  0  1  0 ] (0.00002175)
[  0  0  3  0  0  1  1  0  0 ] (0.00000970)
[  0  0  3  0  0  2  0  0  0 ] (0.00000031)
[  0  0  3  0  1  0  0  0  0 ] (0.00000000)
[  0  0  3  0  1  0  0  0  1 ] (0.00000001)
[  0  0  3  0  1  0  0  1  0 ] (0.00008480)
[  0  0  3  0  1  0  1  0  0 ] (0.00000049)
[  0  0  3  0  1  1  0  0  0 ] (0.00000004)
[  0  0  3  0  2  0  0  0  0 ] (0.00000121)
[  0  0  3  1  0  0  0  0  0 ] (0.00000013)
[  0  0  3  1  0  0  0  0  1 ] (0.00001454)
[  0  0  3  1  0  0  0  1  0 ] (0.00003371)
[  0  0  3  1  0  0  1  0  0 ] (0.00000013)
[  0  0  3  1  0  1  0  0  0 ] (0.00000094)
[  0  0  3  1  1  0  0  0  0 ] (0.00001232)
[  0  0  3  2  0  0  0  0  0 ] (0.00000077)
[  0  0  4  0  0  0  0  0  0 ] (0.00002214)
[  0  0  4  0  0  0  0  0  1 ] (0.00032997)
[  0  0  4  0  0  0  0  1  0 ] (0.00009749)
[  0  0  4  0  0  0  1  0  0 ] (0.00019306)
[  0  0  4  0  0  1  0  0  0 ] (0.00000035)
[  0  0  4  0  1  0  0  0  0 ] (0.00003855)
[  0  0  4  1  0  0  0  0  0 ] (0.00000143)
[  0  0  5  0  0  0  0  0  0 ] (0.00000072)
[  0  1  0  0  0  0  0  0  0 ] (0.00000462)
[  0  1  0  0  0  0  0  0  1 ] (0.00004111)
[  0  1  0  0  0  0  0  0  2 ] (0.00001661)
[  0  1  0  0  0  0  0  0  3 ] (0.00026578)
[  0  1  0  0  0  0  0  0  4 ] (0.00000714)
[  0  1  0  0  0  0  0  1  0 ] (0.00000208)
[  0  1  0  0  0  0  0  1  1 ] (0.00003581)
[  0  1  0  0  0  0  0  1  2 ] (0.00078952)
[  0  1  0  0  0  0  0  1  3 ] (0.00011718)
[  0  1  0  0  0  0  0  2  0 ] (0.00000104)
[  0  1  0  0  0  0  0  2  1 ] (0.00000457)
[  0  1  0  0  0  0  0  2  2 ] (0.00001757)
[  0  1  0  0  0  0  0  3  0 ] (0.00003556)
[  0  1  0  0  0  0  0  3  1 ] (0.00008033)
[  0  1  0  0  0  0  0  4  0 ] (0.00001077)
[  0  1  0  0  0  0  1  0  0 ] (0.00000001)
[  0  1  0  0  0  0  1  0  1 ] (0.00000848)
[  0  1  0  0  0  0  1  0  2 ] (0.00004820)
[  0  1  0  0  0  0  1  0  3 ] (0.00002045)
[  0  1  0  0  0  0  1  1  0 ] (0.00003286)
[  0  1  0  0  0  0  1  1  1 ] (0.00288655)
[  0  1  0  0  0  0  1  1  2 ] (0.00063594)
[  0  1  0  0  0  0  1  2  0 ] (0.00001829)
[  0  1  0  0  0  0  1  2  1 ] (0.00001615)
[  0  1  0  0  0  0  1  3  0 ] (0.00000013)
[  0  1  0  0  0  0  2  0  0 ] (0.00000852)
[  0  1  0  0  0  0  2  0  1 ] (0.00000536)
[  0  1  0  0  0  0  2  0  2 ] (0.00061683)
[  0  1  0  0  0  0  2  1  0 ] (0.00000434)
[  0  1  0  0  0  0  2  1  1 ] (0.00003692)
[  0  1  0  0  0  0  2  2  0 ] (0.00001148)
[  0  1  0  0  0  0  3  0  0 ] (0.00001694)
[  0  1  0  0  0  0  3  0  1 ] (0.00012391)
[  0  1  0  0  0  0  3  1  0 ] (0.00131645)
[  0  1  0  0  0  0  4  0  0 ] (0.00065974)
[  0  1  0  0  0  1  0  0  0 ] (0.00000082)
[  0  1  0  0  0  1  0  0  1 ] (0.00000772)
[  0  1  0  0  0  1  0  0  2 ] (0.00001630)
[  0  1  0  0  0  1  0  0  3 ] (0.00016384)
[  0  1  0  0  0  1  0  1  0 ] (0.00001541)
[  0  1  0  0  0  1  0  1  1 ] (0.00008341)
[  0  1  0  0  0  1  0  1  2 ] (0.00016710)
[  0  1  0  0  0  1  0  2  0 ] (0.00000001)
[  0  1  0  0  0  1  0  2  1 ] (0.00000120)
[  0  1  0  0  0  1  0  3  0 ] (0.00016776)
[  0  1  0  0  0  1  1  0  0 ] (0.00000085)
[  0  1  0  0  0  1  1  0  1 ] (0.00015619)
[  0  1  0  0  0  1  1  0  2 ] (0.00099170)
[  0  1  0  0  0  1  1  1  0 ] (0.00007572)
[  0  1  0  0  0  1  1  1  1 ] (0.00010073)
[  0  1  0  0  0  1  1  2  0 ] (0.00003811)
[  0  1  0  0  0  1  2  0  0 ] (0.00000046)
[  0  1  0  0  0  1  2  0  1 ] (0.00000561)
[  0  1  0  0  0  1  2  1  0 ] (0.00082661)
[  0  1  0  0  0  1  3  0  0 ] (0.00000294)
[  0  1  0  0  0  2  0  0  0 ] (0.00000009)
[  0  1  0  0  0  2  0  0  1 ] (0.00000120)
[  0  1  0  0  0  2  0  0  2 ] (0.00000009)
[  0  1  0  0  0  2  0  1  0 ] (0.00007798)
[  0  1  0  0  0  2  0  1  1 ] (0.00050139)
[  0  1  0  0  0  2  0  2  0 ] (0.00000347)
[  0  1  0  0  0  2  1  0  0 ] (0.00003831)
[  0  1  0  0  0  2  1  0  1 ] (0.00087747)
[  0  1  0  0  0  2  1  1  0 ] (0.00168311)
[  0  1  0  0  0  2  2  0  0 ] (0.00000174)
[  0  1  0  0  0  3  0  0  0 ] (0.00000004)
[  0  1  0  0  0  3  0  0  1 ] (0.00002527)
[  0  1  0  0  0  3  0  1  0 ] (0.00005958)
[  0  1  0  0  0  3  1  0  0 ] (0.00002606)
[  0  1  0  0  0  4  0  0  0 ] (0.00000216)
[  0  1  0  0  1  0  0  0  0 ] (0.00000213)
[  0  1  0  0  1  0  0  0  1 ] (0.00001995)
[  0  1  0  0  1  0  0  0  2 ] (0.00006243)
[  0  1  0  0  1  0  0  0  3 ] (0.00000304)
[  0  1  0  0  1  0  0  1  0 ] (0.00000032)
[  0  1  0  0  1  0  0  1  1 ] (0.00000604)
[  0  1  0  0  1  0  0  1  2 ] (0.00000029)
[  0  1  0  0  1  0  0  2  0 ] (0.00000017)
[  0  1  0  0  1  0  0  2  1 ] (0.00004257)
[  0  1  0  0  1  0  0  3  0 ] (0.00325660)
[  0  1  0  0  1  0  1  0  0 ] (0.00004297)
[  0  1  0  0  1  0  1  0  1 ] (0.00000280)
[  0  1  0  0  1  0  1  0  2 ] (0.00027501)
[  0  1  0  0  1  0  1  1  0 ] (0.00004662)
[  0  1  0  0  1  0  1  1  1 ] (0.00002893)
[  0  1  0  0  1  0  1  2  0 ] (0.00002169)
[  0  1  0  0  1  0  2  0  0 ] (0.00001543)
[  0  1  0  0  1  0  2  0  1 ] (0.00045884)
[  0  1  0  0  1  0  2  1  0 ] (0.00002387)
[  0  1  0  0  1  0  3  0  0 ] (0.00000176)
[  0  1  0  0  1  1  0  0  0 ] (0.00000167)
[  0  1  0  0  1  1  0  0  1 ] (0.00001367)
[  0  1  0  0  1  1  0  0  2 ] (0.00018066)
[  0  1  0  0  1  1  0  1  0 ] (0.00000004)
[  0  1  0  0  1  1  0  1  1 ] (0.00000049)
[  0  1  0  0  1  1  0  2  0 ] (0.00064700)
[  0  1  0  0  1  1  1  0  0 ] (0.00000144)
[  0  1  0  0  1  1  1  0  1 ] (0.00058358)
[  0  1  0  0  1  1  1  1  0 ] (0.00002154)
[  0  1  0  0  1  1  2  0  0 ] (0.00002504)
[  0  1  0  0  1  2  0  0  0 ] (0.00001471)
[  0  1  0  0  1  2  0  0  1 ] (0.00003735)
[  0  1  0  0  1  2  0  1  0 ] (0.00000016)
[  0  1  0  0  1  2  1  0  0 ] (0.00001060)
[  0  1  0  0  1  3  0  0  0 ] (0.00000037)
[  0  1  0  0  2  0  0  0  0 ] (0.00000557)
[  0  1  0  0  2  0  0  0  1 ] (0.00005005)
[  0  1  0  0  2  0  0  0  2 ] (0.00008348)
[  0  1  0  0  2  0  0  1  0 ] (0.00000094)
[  0  1  0  0  2  0  0  1  1 ] (0.00004574)
[  0  1  0  0  2  0  0  2  0 ] (0.00000889)
[  0  1  0  0  2  0  1  0  0 ] (0.00001294)
[  0  1  0  0  2  0  1  0  1 ] (0.00000648)
[  0  1  0  0  2  0  1  1  0 ] (0.00036549)
[  0  1  0  0  2  0  2  0  0 ] (0.00000495)
[  0  1  0  0  2  1  0  0  0 ] (0.00000903)
[  0  1  0  0  2  1  0  0  1 ] (0.00011716)
[  0  1  0  0  2  1  0  1  0 ] (0.00000688)
[  0  1  0  0  2  1  1  0  0 ] (0.00004293)
[  0  1  0  0  2  2  0  0  0 ] (0.00000340)
[  0  1  0  0  3  0  0  0  0 ] (0.00000060)
[  0  1  0  0  3  0  0  0  1 ] (0.00000131)
[  0  1  0  0  3  0  0  1  0 ] (0.00000337)
[  0  1  0  0  3  0  1  0  0 ] (0.00000009)
[  0  1  0  0  3  1  0  0  0 ] (0.00000015)
[  0  1  0  0  4  0  0  0  0 ] (0.00000015)
[  0  1  0  1  0  0  0  0  0 ] (0.00002267)
[  0  1  0  1  0  0  0  0  1 ] (0.00009469)
[  0  1  0  1  0  0  0  0  2 ] (0.00010067)
[  0  1  0  1  0  0  0  0  3 ] (0.00184644)
[  0  1  0  1  0  0  0  1  0 ] (0.00010225)
[  0  1  0  1  0  0  0  1  1 ] (0.00009330)
[  0  1  0  1  0  0  0  1  2 ] (0.00121040)
[  0  1  0  1  0  0  0  2  0 ] (0.00005001)
[  0  1  0  1  0  0  0  2  1 ] (0.00007042)
[  0  1  0  1  0  0  0  3  0 ] (0.00376424)
[  0  1  0  1  0  0  1  0  0 ] (0.00002248)
[  0  1  0  1  0  0  1  0  1 ] (0.00000155)
[  0  1  0  1  0  0  1  0  2 ] (0.00018081)
[  0  1  0  1  0  0  1  1  0 ] (0.00003233)
[  0  1  0  1  0  0  1  1  1 ] (0.00014628)
[  0  1  0  1  0  0  1  2  0 ] (0.00008237)
[  0  1  0  1  0  0  2  0  0 ] (0.00007953)
[  0  1  0  1  0  0  2  0  1 ] (0.00064279)
[  0  1  0  1  0  0  2  1  0 ] (0.00063848)
[  0  1  0  1  0  0  3  0  0 ] (0.00003940)
[  0  1  0  1  0  1  0  0  0 ] (0.00000634)
[  0  1  0  1  0  1  0  0  1 ] (0.00010306)
[  0  1  0  1  0  1  0  0  2 ] (0.00012049)
[  0  1  0  1  0  1  0  1  0 ] (0.00003903)
[  0  1  0  1  0  1  0  1  1 ] (0.00063572)
[  0  1  0  1  0  1  0  2  0 ] (0.00000279)
[  0  1  0  1  0  1  1  0  0 ] (0.00000021)
[  0  1  0  1  0  1  1  0  1 ] (0.00002128)
[  0  1  0  1  0  1  1  1  0 ] (0.00071625)
[  0  1  0  1  0  1  2  0  0 ] (0.00000133)
[  0  1  0  1  0  2  0  0  0 ] (0.00000347)
[  0  1  0  1  0  2  0  0  1 ] (0.00004331)
[  0  1  0  1  0  2  0  1  0 ] (0.00000555)
[  0  1  0  1  0  2  1  0  0 ] (0.00000021)
[  0  1  0  1  0  3  0  0  0 ] (0.00000528)
[  0  1  0  1  1  0  0  0  0 ] (0.00001607)
[  0  1  0  1  1  0  0  0  1 ] (0.00018590)
[  0  1  0  1  1  0  0  0  2 ] (0.00040220)
[  0  1  0  1  1  0  0  1  0 ] (0.00004615)
[  0  1  0  1  1  0  0  1  1 ] (0.00017595)
[  0  1  0  1  1  0  0  2  0 ] (0.00130943)
[  0  1  0  1  1  0  1  0  0 ] (0.00000254)
[  0  1  0  1  1  0  1  0  1 ] (0.00022686)
[  0  1  0  1  1  0  1  1  0 ] (0.00001509)
[  0  1  0  1  1  0  2  0  0 ] (0.00004144)
[  0  1  0  1  1  1  0  0  0 ] (0.00000172)
[  0  1  0  1  1  1  0  0  1 ] (0.00007924)
[  0  1  0  1  1  1  0  1  0 ] (0.00009762)
[  0  1  0  1  1  1  1  0  0 ] (0.00000604)
[  0  1  0  1  1  2  0  0  0 ] (0.00000278)
[  0  1  0  1  2  0  0  0  0 ] (0.00000554)
[  0  1  0  1  2  0  0  0  1 ] (0.00003528)
[  0  1  0  1  2  0  0  1  0 ] (0.00003932)
[  0  1  0  1  2  0  1  0  0 ] (0.00002316)
[  0  1  0  1  2  1  0  0  0 ] (0.00000777)
[  0  1  0  1  3  0  0  0  0 ] (0.00000077)
[  0  1  0  2  0  0  0  0  0 ] (0.00000805)
[  0  1  0  2  0  0  0  0  1 ] (0.00000964)
[  0  1  0  2  0  0  0  0  2 ] (0.00000788)
[  0  1  0  2  0  0  0  1  0 ] (0.00515005)
[  0  1  0  2  0  0  0  1  1 ] (0.03336369)
[  0  1  0  2  0  0  0  2  0 ] (0.00000283)
[  0  1  0  2  0  0  1  0  0 ] (0.00000030)
[  0  1  0  2  0  0  1  0  1 ] (0.00000009)
[  0  1  0  2  0  0  1  1  0 ] (0.01408009)
[  0  1  0  2  0  0  2  0  0 ] (0.00000018)
[  0  1  0  2  0  1  0  0  0 ] (0.00000458)
[  0  1  0  2  0  1  0  0  1 ] (0.00001629)
[  0  1  0  2  0  1  0  1  0 ] (0.00135997)
[  0  1  0  2  0  1  1  0  0 ] (0.00000146)
[  0  1  0  2  0  2  0  0  0 ] (0.00000259)
[  0  1  0  2  1  0  0  0  0 ] (0.00011714)
[  0  1  0  2  1  0  0  0  1 ] (0.00022036)
[  0  1  0  2  1  0  0  1  0 ] (0.00000204)
[  0  1  0  2  1  0  1  0  0 ] (0.00027156)
[  0  1  0  2  1  1  0  0  0 ] (0.00001385)
[  0  1  0  2  2  0  0  0  0 ] (0.00000030)
[  0  1  0  3  0  0  0  0  0 ] (0.00000048)
[  0  1  0  3  0  0  0  0  1 ] (0.00000073)
[  0  1  0  3  0  0  0  1  0 ] (0.00003479)
[  0  1  0  3  0  0  1  0  0 ] (0.00000001)
[  0  1  0  3  0  1  0  0  0 ] (0.00000005)
[  0  1  0  3  1  0  0  0  0 ] (0.00000093)
[  0  1  0  4  0  0  0  0  0 ] (0.00010970)
[  0  1  1  0  0  0  0  0  0 ] (0.00000372)
[  0  1  1  0  0  0  0  0  1 ] (0.00003797)
[  0  1  1  0  0  0  0  0  2 ] (0.00000014)
[  0  1  1  0  0  0  0  0  3 ] (0.00794842)
[  0  1  1  0  0  0  0  1  0 ] (0.00004932)
[  0  1  1  0  0  0  0  1  1 ] (0.00005864)
[  0  1  1  0  0  0  0  1  2 ] (0.00052564)
[  0  1  1  0  0  0  0  2  0 ] (0.00000355)
[  0  1  1  0  0  0  0  2  1 ] (0.00439832)
[  0  1  1  0  0  0  0  3  0 ] (0.00001551)
[  0  1  1  0  0  0  1  0  0 ] (0.00000025)
[  0  1  1  0  0  0  1  0  1 ] (0.00027649)
[  0  1  1  0  0  0  1  0  2 ] (0.00196567)
[  0  1  1  0  0  0  1  1  0 ] (0.00004713)
[  0  1  1  0  0  0  1  1  1 ] (0.00000552)
[  0  1  1  0  0  0  1  2  0 ] (0.00455829)
[  0  1  1  0  0  0  2  0  0 ] (0.00146892)
[  0  1  1  0  0  0  2  0  1 ] (0.01278486)
[  0  1  1  0  0  0  2  1  0 ] (0.00171536)
[  0  1  1  0  0  0  3  0  0 ] (0.00011100)
[  0  1  1  0  0  1  0  0  0 ] (0.00000270)
[  0  1  1  0  0  1  0  0  1 ] (0.00000000)
[  0  1  1  0  0  1  0  0  2 ] (0.00002534)
[  0  1  1  0  0  1  0  1  0 ] (0.00000065)
[  0  1  1  0  0  1  0  1  1 ] (0.00021005)
[  0  1  1  0  0  1  0  2  0 ] (0.00001708)
[  0  1  1  0  0  1  1  0  0 ] (0.00000014)
[  0  1  1  0  0  1  1  0  1 ] (0.00004164)
[  0  1  1  0  0  1  1  1  0 ] (0.00002976)
[  0  1  1  0  0  1  2  0  0 ] (0.00011128)
[  0  1  1  0  0  2  0  0  0 ] (0.00000171)
[  0  1  1  0  0  2  0  0  1 ] (0.00000541)
[  0  1  1  0  0  2  0  1  0 ] (0.00000044)
[  0  1  1  0  0  2  1  0  0 ] (0.00000017)
[  0  1  1  0  0  3  0  0  0 ] (0.00000015)
[  0  1  1  0  1  0  0  0  0 ] (0.00000017)
[  0  1  1  0  1  0  0  0  1 ] (0.00000373)
[  0  1  1  0  1  0  0  0  2 ] (0.00008182)
[  0  1  1  0  1  0  0  1  0 ] (0.00005206)
[  0  1  1  0  1  0  0  1  1 ] (0.00079178)
[  0  1  1  0  1  0  0  2  0 ] (0.00020926)
[  0  1  1  0  1  0  1  0  0 ] (0.00000786)
[  0  1  1  0  1  0  1  0  1 ] (0.00011952)
[  0  1  1  0  1  0  1  1  0 ] (0.00159913)
[  0  1  1  0  1  0  2  0  0 ] (0.00008944)
[  0  1  1  0  1  1  0  0  0 ] (0.00000044)
[  0  1  1  0  1  1  0  0  1 ] (0.00000015)
[  0  1  1  0  1  1  0  1  0 ] (0.00005952)
[  0  1  1  0  1  1  1  0  0 ] (0.00000000)
[  0  1  1  0  1  2  0  0  0 ] (0.00000071)
[  0  1  1  0  2  0  0  0  0 ] (0.00000484)
[  0  1  1  0  2  0  0  0  1 ] (0.00009179)
[  0  1  1  0  2  0  0  1  0 ] (0.00000051)
[  0  1  1  0  2  0  1  0  0 ] (0.00000311)
[  0  1  1  0  2  1  0  0  0 ] (0.00001087)
[  0  1  1  0  3  0  0  0  0 ] (0.00000022)
[  0  1  1  1  0  0  0  0  0 ] (0.00001462)
[  0  1  1  1  0  0  0  0  1 ] (0.00008658)
[  0  1  1  1  0  0  0  0  2 ] (0.00017919)
[  0  1  1  1  0  0  0  1  0 ] (0.00010434)
[  0  1  1  1  0  0  0  1  1 ] (0.00111419)
[  0  1  1  1  0  0  0  2  0 ] (0.00068075)
[  0  1  1  1  0  0  1  0  0 ] (0.00022857)
[  0  1  1  1  0  0  1  0  1 ] (0.00186234)
[  0  1  1  1  0  0  1  1  0 ] (0.00062165)
[  0  1  1  1  0  0  2  0  0 ] (0.00000025)
[  0  1  1  1  0  1  0  0  0 ] (0.00000420)
[  0  1  1  1  0  1  0  0  1 ] (0.00001727)
[  0  1  1  1  0  1  0  1  0 ] (0.00003257)
[  0  1  1  1  0  1  1  0  0 ] (0.00002831)
[  0  1  1  1  0  2  0  0  0 ] (0.00000067)
[  0  1  1  1  1  0  0  0  0 ] (0.00000016)
[  0  1  1  1  1  0  0  0  1 ] (0.00000176)
[  0  1  1  1  1  0  0  1  0 ] (0.00004164)
[  0  1  1  1  1  0  1  0  0 ] (0.00000004)
[  0  1  1  1  1  1  0  0  0 ] (0.00000026)
[  0  1  1  1  2  0  0  0  0 ] (0.00000393)
[  0  1  1  2  0  0  0  0  0 ] (0.00000054)
[  0  1  1  2  0  0  0  0  1 ] (0.00000502)
[  0  1  1  2  0  0  0  1  0 ] (0.00002901)
[  0  1  1  2  0  0  1  0  0 ] (0.00002156)
[  0  1  1  2  0  1  0  0  0 ] (0.00000121)
[  0  1  1  2  1  0  0  0  0 ] (0.00000229)
[  0  1  1  3  0  0  0  0  0 ] (0.00000043)
[  0  1  2  0  0  0  0  0  0 ] (0.00000000)
[  0  1  2  0  0  0  0  0  1 ] (0.00001434)
[  0  1  2  0  0  0  0  0  2 ] (0.00001403)
[  0  1  2  0  0  0  0  1  0 ] (0.00000597)
[  0  1  2  0  0  0  0  1  1 ] (0.00028321)
[  0  1  2  0  0  0  0  2  0 ] (0.00001998)
[  0  1  2  0  0  0  1  0  0 ] (0.00048333)
[  0  1  2  0  0  0  1  0  1 ] (0.00403277)
[  0  1  2  0  0  0  1  1  0 ] (0.00000002)
[  0  1  2  0  0  0  2  0  0 ] (0.00000048)
[  0  1  2  0  0  1  0  0  0 ] (0.00000000)
[  0  1  2  0  0  1  0  0  1 ] (0.00000044)
[  0  1  2  0  0  1  0  1  0 ] (0.00001769)
[  0  1  2  0  0  1  1  0  0 ] (0.00011215)
[  0  1  2  0  0  2  0  0  0 ] (0.00000019)
[  0  1  2  0  1  0  0  0  0 ] (0.00003263)
[  0  1  2  0  1  0  0  0  1 ] (0.00004690)
[  0  1  2  0  1  0  0  1  0 ] (0.00016192)
[  0  1  2  0  1  0  1  0  0 ] (0.00000048)
[  0  1  2  0  1  1  0  0  0 ] (0.00000195)
[  0  1  2  0  2  0  0  0  0 ] (0.00001463)
[  0  1  2  1  0  0  0  0  0 ] (0.00000709)
[  0  1  2  1  0  0  0  0  1 ] (0.00000626)
[  0  1  2  1  0  0  0  1  0 ] (0.00001486)
[  0  1  2  1  0  0  1  0  0 ] (0.00000166)
[  0  1  2  1  0  1  0  0  0 ] (0.00000014)
[  0  1  2  1  1  0  0  0  0 ] (0.00000207)
[  0  1  2  2  0  0  0  0  0 ] (0.00000051)
[  0  1  3  0  0  0  0  0  0 ] (0.00000001)
[  0  1  3  0  0  0  0  0  1 ] (0.00000187)
[  0  1  3  0  0  0  0  1  0 ] (0.00000806)
[  0  1  3  0  0  0  1  0  0 ] (0.00000664)
[  0  1  3  0  0  1  0  0  0 ] (0.00000001)
[  0  1  3  0  1  0  0  0  0 ] (0.00000029)
[  0  1  3  1  0  0  0  0  0 ] (0.00000017)
[  0  1  4  0  0  0  0  0  0 ] (0.00000523)
[  0  2  0  0  0  0  0  0  0 ] (0.00000885)
[  0  2  0  0  0  0  0  0  1 ] (0.00008279)
[  0  2  0  0  0  0  0  0  2 ] (0.00004438)
[  0  2  0  0  0  0  0  0  3 ] (0.00758144)
[  0  2  0  0  0  0  0  1  0 ] (0.00000804)
[  0  2  0  0  0  0  0  1  1 ] (0.00000052)
[  0  2  0  0  0  0  0  1  2 ] (0.00130799)
[  0  2  0  0  0  0  0  2  0 ] (0.00024034)
[  0  2  0  0  0  0  0  2  1 ] (0.00017791)
[  0  2  0  0  0  0  0  3  0 ] (0.00067688)
[  0  2  0  0  0  0  1  0  0 ] (0.00006367)
[  0  2  0  0  0  0  1  0  1 ] (0.00039899)
[  0  2  0  0  0  0  1  0  2 ] (0.00202381)
[  0  2  0  0  0  0  1  1  0 ] (0.00002635)
[  0  2  0  0  0  0  1  1  1 ] (0.00002821)
[  0  2  0  0  0  0  1  2  0 ] (0.00207444)
[  0  2  0  0  0  0  2  0  0 ] (0.00000567)
[  0  2  0  0  0  0  2  0  1 ] (0.00023618)
[  0  2  0  0  0  0  2  1  0 ] (0.00022334)
[  0  2  0  0  0  0  3  0  0 ] (0.00000053)
[  0  2  0  0  0  1  0  0  0 ] (0.00000439)
[  0  2  0  0  0  1  0  0  1 ] (0.00001133)
[  0  2  0  0  0  1  0  0  2 ] (0.00000590)
[  0  2  0  0  0  1  0  1  0 ] (0.00004680)
[  0  2  0  0  0  1  0  1  1 ] (0.00048182)
[  0  2  0  0  0  1  0  2  0 ] (0.00000743)
[  0  2  0  0  0  1  1  0  0 ] (0.00003530)
[  0  2  0  0  0  1  1  0  1 ] (0.00031631)
[  0  2  0  0  0  1  1  1  0 ] (0.00025216)
[  0  2  0  0  0  1  2  0  0 ] (0.00000030)
[  0  2  0  0  0  2  0  0  0 ] (0.00000010)
[  0  2  0  0  0  2  0  0  1 ] (0.00000446)
[  0  2  0  0  0  2  0  1  0 ] (0.00000020)
[  0  2  0  0  0  2  1  0  0 ] (0.00000835)
[  0  2  0  0  0  3  0  0  0 ] (0.00000001)
[  0  2  0  0  1  0  0  0  0 ] (0.00000443)
[  0  2  0  0  1  0  0  0  1 ] (0.00001908)
[  0  2  0  0  1  0  0  0  2 ] (0.00003828)
[  0  2  0  0  1  0  0  1  0 ] (0.00012849)
[  0  2  0  0  1  0  0  1  1 ] (0.00033315)
[  0  2  0  0  1  0  0  2  0 ] (0.00000061)
[  0  2  0  0  1  0  1  0  0 ] (0.00000002)
[  0  2  0  0  1  0  1  0  1 ] (0.00000468)
[  0  2  0  0  1  0  1  1  0 ] (0.00052895)
[  0  2  0  0  1  0  2  0  0 ] (0.00000082)
[  0  2  0  0  1  1  0  0  0 ] (0.00000016)
[  0  2  0  0  1  1  0  0  1 ] (0.00000015)
[  0  2  0  0  1  1  0  1  0 ] (0.00000603)
[  0  2  0  0  1  1  1  0  0 ] (0.00000018)
[  0  2  0  0  1  2  0  0  0 ] (0.00000024)
[  0  2  0  0  2  0  0  0  0 ] (0.00000060)
[  0  2  0  0  2  0  0  0  1 ] (0.00000024)
[  0  2  0  0  2  0  0  1  0 ] (0.00000000)
[  0  2  0  0  2  0  1  0  0 ] (0.00000102)
[  0  2  0  0  2  1  0  0  0 ] (0.00000050)
[  0  2  0  0  3  0  0  0  0 ] (0.00000076)
[  0  2  0  1  0  0  0  0  0 ] (0.00000789)
[  0  2  0  1  0  0  0  0  1 ] (0.00000509)
[  0  2  0  1  0  0  0  0  2 ] (0.00000190)
[  0  2  0  1  0  0  0  1  0 ] (0.00452340)
[  0  2  0  1  0  0  0  1  1 ] (0.03790600)
[  0  2  0  1  0  0  0  2  0 ] (0.00004169)
[  0  2  0  1  0  0  1  0  0 ] (0.00000208)
[  0  2  0  1  0  0  1  0  1 ] (0.00004378)
[  0  2  0  1  0  0  1  1  0 ] (0.01596580)
[  0  2  0  1  0  0  2  0  0 ] (0.00000171)
[  0  2  0  1  0  1  0  0  0 ] (0.00000322)
[  0  2  0  1  0  1  0  0  1 ] (0.00001141)
[  0  2  0  1  0  1  0  1  0 ] (0.00040379)
[  0  2  0  1  0  1  1  0  0 ] (0.00000952)
[  0  2  0  1  0  2  0  0  0 ] (0.00000139)
[  0  2  0  1  1  0  0  0  0 ] (0.00012846)
[  0  2  0  1  1  0  0  0  1 ] (0.00026298)
[  0  2  0  1  1  0  0  1  0 ] (0.00014894)
[  0  2  0  1  1  0  1  0  0 ] (0.00033113)
[  0  2  0  1  1  1  0  0  0 ] (0.00000621)
[  0  2  0  1  2  0  0  0  0 ] (0.00000002)
[  0  2  0  2  0  0  0  0  0 ] (0.00001623)
[  0  2  0  2  0  0  0  0  1 ] (0.00003800)
[  0  2  0  2  0  0  0  1  0 ] (0.00013335)
[  0  2  0  2  0  0  1  0  0 ] (0.00001742)
[  0  2  0  2  0  1  0  0  0 ] (0.00000486)
[  0  2  0  2  1  0  0  0  0 ] (0.00000489)
[  0  2  0  3  0  0  0  0  0 ] (0.00003067)
[  0  2  1  0  0  0  0  0  0 ] (0.00000020)
[  0  2  1  0  0  0  0  0  1 ] (0.00000531)
[  0  2  1  0  0  0  0  0  2 ] (0.00000062)
[  0  2  1  0  0  0  0  1  0 ] (0.00015204)
[  0  2  1  0  0  0  0  1  1 ] (0.00120582)
[  0  2  1  0  0  0  0  2  0 ] (0.00001941)
[  0  2  1  0  0  0  1  0  0 ] (0.00001579)
[  0  2  1  0  0  0  1  0  1 ] (0.00010780)
[  0  2  1  0  0  0  1  1  0 ] (0.00045459)
[  0  2  1  0  0  0  2  0  0 ] (0.00000301)
[  0  2  1  0  0  1  0  0  0 ] (0.00000019)
[  0  2  1  0  0  1  0  0  1 ] (0.00000454)
[  0  2  1  0  0  1  0  1  0 ] (0.00000592)
[  0  2  1  0  0  1  1  0  0 ] (0.00000188)
[  0  2  1  0  0  2  0  0  0 ] (0.00000018)
[  0  2  1  0  1  0  0  0  0 ] (0.00000259)
[  0  2  1  0  1  0  0  0  1 ] (0.00000455)
[  0  2  1  0  1  0  0  1  0 ] (0.00034815)
[  0  2  1  0  1  0  1  0  0 ] (0.00001436)
[  0  2  1  0  1  1  0  0  0 ] (0.00000012)
[  0  2  1  0  2  0  0  0  0 ] (0.00000273)
[  0  2  1  1  0  0  0  0  0 ] (0.00000718)
[  0  2  1  1  0  0  0  0  1 ] (0.00005247)
[  0  2  1  1  0  0  0  1  0 ] (0.00000170)
[  0  2  1  1  0  0  1  0  0 ] (0.00001947)
[  0  2  1  1  0  1  0  0  0 ] (0.00000175)
[  0  2  1  1  1  0  0  0  0 ] (0.00000350)
[  0  2  1  2  0  0  0  0  0 ] (0.00000011)
[  0  2  2  0  0  0  0  0  0 ] (0.00000223)
[  0  2  2  0  0  0  0  0  1 ] (0.00000732)
[  0  2  2  0  0  0  0  1  0 ] (0.00000044)
[  0  2  2  0  0  0  1  0  0 ] (0.00000276)
[  0  2  2  0  0  1  0  0  0 ] (0.00000005)
[  0  2  2  0  1  0  0  0  0 ] (0.00000113)
[  0  2  2  1  0  0  0  0  0 ] (0.00000003)
[  0  2  3  0  0  0  0  0  0 ] (0.00000008)
[  0  3  0  0  0  0  0  0  0 ] (0.00000004)
[  0  3  0  0  0  0  0  0  1 ] (0.00000211)
[  0  3  0  0  0  0  0  0  2 ] (0.00000009)
[  0  3  0  0  0  0  0  1  0 ] (0.00002186)
[  0  3  0  0  0  0  0  1  1 ] (0.00033300)
[  0  3  0  0  0  0  0  2  0 ] (0.00000012)
[  0  3  0  0  0  0  1  0  0 ] (0.00000006)
[  0  3  0  0  0  0  1  0  1 ] (0.00000110)
[  0  3  0  0  0  0  1  1  0 ] (0.00003673)
[  0  3  0  0  0  0  2  0  0 ] (0.00000283)
[  0  3  0  0  0  1  0  0  0 ] (0.00000082)
[  0  3  0  0  0  1  0  0  1 ] (0.00001104)
[  0  3  0  0  0  1  0  1  0 ] (0.00000266)
[  0  3  0  0  0  1  1  0  0 ] (0.00000015)
[  0  3  0  0  0  2  0  0  0 ] (0.00000121)
[  0  3  0  0  1  0  0  0  0 ] (0.00000012)
[  0  3  0  0  1  0  0  0  1 ] (0.00000197)
[  0  3  0  0  1  0  0  1  0 ] (0.00000198)
[  0  3  0  0  1  0  1  0  0 ] (0.00000289)
[  0  3  0  0  1  1  0  0  0 ] (0.00000001)
[  0  3  0  0  2  0  0  0  0 ] (0.00000018)
[  0  3  0  1  0  0  0  0  0 ] (0.00000353)
[  0  3  0  1  0  0  0  0  1 ] (0.00001316)
[  0  3  0  1  0  0  0  1  0 ] (0.00001828)
[  0  3  0  1  0  0  1  0  0 ] (0.00000551)
[  0  3  0  1  0  1  0  0  0 ] (0.00000052)
[  0  3  0  1  1  0  0  0  0 ] (0.00000011)
[  0  3  0  2  0  0  0  0  0 ] (0.00000144)
[  0  3  1  0  0  0  0  0  0 ] (0.00000146)
[  0  3  1  0  0  0  0  0  1 ] (0.00000228)
[  0  3  1  0  0  0  0  1  0 ] (0.00000598)
[  0  3  1  0  0  0  1  0  0 ] (0.00000111)
[  0  3  1  0  0  1  0  0  0 ] (0.00000004)
[  0  3  1  0  1  0  0  0  0 ] (0.00000059)
[  0  3  1  1  0  0  0  0  0 ] (0.00000204)
[  0  3  2  0  0  0  0  0  0 ] (0.00000456)
[  0  4  0  0  0  0  0  0  0 ] (0.00000884)
[  0  4  0  0  0  0  0  0  1 ] (0.00007286)
[  0  4  0  0  0  0  0  1  0 ] (0.00000592)
[  0  4  0  0  0  0  1  0  0 ] (0.00000485)
[  0  4  0  0  0  1  0  0  0 ] (0.00000306)
[  0  4  0  0  1  0  0  0  0 ] (0.00000297)
[  0  4  0  1  0  0  0  0  0 ] (0.00000215)
[  0  4  1  0  0  0  0  0  0 ] (0.00000136)
[  0  5  0  0  0  0  0  0  0 ] (0.00000504)
[  1  0  0  0  0  0  0  0  0 ] (0.00000107)
[  1  0  0  0  0  0  0  0  1 ] (0.00000018)
[  1  0  0  0  0  0  0  0  2 ] (0.00000003)
[  1  0  0  0  0  0  0  0  3 ] (0.00027327)
[  1  0  0  0  0  0  0  0  4 ] (0.00002997)
[  1  0  0  0  0  0  0  1  0 ] (0.00000229)
[  1  0  0  0  0  0  0  1  1 ] (0.00000635)
[  1  0  0  0  0  0  0  1  2 ] (0.00002331)
[  1  0  0  0  0  0  0  1  3 ] (0.00000703)
[  1  0  0  0  0  0  0  2  0 ] (0.00000310)
[  1  0  0  0  0  0  0  2  1 ] (0.00007322)
[  1  0  0  0  0  0  0  2  2 ] (0.00009107)
[  1  0  0  0  0  0  0  3  0 ] (0.00000074)
[  1  0  0  0  0  0  0  3  1 ] (0.00000001)
[  1  0  0  0  0  0  0  4  0 ] (0.00005584)
[  1  0  0  0  0  0  1  0  0 ] (0.00000006)
[  1  0  0  0  0  0  1  0  1 ] (0.00006720)
[  1  0  0  0  0  0  1  0  2 ] (0.00002170)
[  1  0  0  0  0  0  1  0  3 ] (0.00024049)
[  1  0  0  0  0  0  1  1  0 ] (0.00000031)
[  1  0  0  0  0  0  1  1  1 ] (0.00000711)
[  1  0  0  0  0  0  1  1  2 ] (0.00002977)
[  1  0  0  0  0  0  1  2  0 ] (0.00000399)
[  1  0  0  0  0  0  1  2  1 ] (0.00000115)
[  1  0  0  0  0  0  1  3  0 ] (0.00006174)
[  1  0  0  0  0  0  2  0  0 ] (0.00000093)
[  1  0  0  0  0  0  2  0  1 ] (0.00001235)
[  1  0  0  0  0  0  2  0  2 ] (0.00000115)
[  1  0  0  0  0  0  2  1  0 ] (0.00000560)
[  1  0  0  0  0  0  2  1  1 ] (0.00000405)
[  1  0  0  0  0  0  2  2  0 ] (0.00000019)
[  1  0  0  0  0  0  3  0  0 ] (0.00000228)
[  1  0  0  0  0  0  3  0  1 ] (0.00014211)
[  1  0  0  0  0  0  3  1  0 ] (0.00000450)
[  1  0  0  0  0  0  4  0  0 ] (0.00029129)
[  1  0  0  0  0  1  0  0  0 ] (0.00000049)
[  1  0  0  0  0  1  0  0  1 ] (0.00000523)
[  1  0  0  0  0  1  0  0  2 ] (0.00000733)
[  1  0  0  0  0  1  0  0  3 ] (0.00050317)
[  1  0  0  0  0  1  0  1  0 ] (0.00000027)
[  1  0  0  0  0  1  0  1  1 ] (0.00000168)
[  1  0  0  0  0  1  0  1  2 ] (0.00008889)
[  1  0  0  0  0  1  0  2  0 ] (0.00000001)
[  1  0  0  0  0  1  0  2  1 ] (0.00021568)
[  1  0  0  0  0  1  0  3  0 ] (0.00002260)
[  1  0  0  0  0  1  1  0  0 ] (0.00000270)
[  1  0  0  0  0  1  1  0  1 ] (0.00000351)
[  1  0  0  0  0  1  1  0  2 ] (0.00000027)
[  1  0  0  0  0  1  1  1  0 ] (0.00000015)
[  1  0  0  0  0  1  1  1  1 ] (0.00000170)
[  1  0  0  0  0  1  1  2  0 ] (0.00001772)
[  1  0  0  0  0  1  2  0  0 ] (0.00000096)
[  1  0  0  0  0  1  2  0  1 ] (0.00000080)
[  1  0  0  0  0  1  2  1  0 ] (0.00084548)
[  1  0  0  0  0  1  3  0  0 ] (0.00000001)
[  1  0  0  0  0  2  0  0  0 ] (0.00000226)
[  1  0  0  0  0  2  0  0  1 ] (0.00000611)
[  1  0  0  0  0  2  0  0  2 ] (0.00001111)
[  1  0  0  0  0  2  0  1  0 ] (0.00024488)
[  1  0  0  0  0  2  0  1  1 ] (0.00348451)
[  1  0  0  0  0  2  0  2  0 ] (0.00000004)
[  1  0  0  0  0  2  1  0  0 ] (0.00000266)
[  1  0  0  0  0  2  1  0  1 ] (0.00000045)
[  1  0  0  0  0  2  1  1  0 ] (0.00154214)
[  1  0  0  0  0  2  2  0  0 ] (0.00000491)
[  1  0  0  0  0  3  0  0  0 ] (0.00000072)
[  1  0  0  0  0  3  0  0  1 ] (0.00002287)
[  1  0  0  0  0  3  0  1  0 ] (0.00000476)
[  1  0  0  0  0  3  1  0  0 ] (0.00000596)
[  1  0  0  0  0  4  0  0  0 ] (0.00000396)
[  1  0  0  0  1  0  0  0  0 ] (0.00000026)
[  1  0  0  0  1  0  0  0  1 ] (0.00000433)
[  1  0  0  0  1  0  0  0  2 ] (0.00001001)
[  1  0  0  0  1  0  0  0  3 ] (0.00000349)
[  1  0  0  0  1  0  0  1  0 ] (0.00001154)
[  1  0  0  0  1  0  0  1  1 ] (0.00000079)
[  1  0  0  0  1  0  0  1  2 ] (0.00000101)
[  1  0  0  0  1  0  0  2  0 ] (0.00000060)
[  1  0  0  0  1  0  0  2  1 ] (0.00000266)
[  1  0  0  0  1  0  0  3  0 ] (0.00000968)
[  1  0  0  0  1  0  1  0  0 ] (0.00000042)
[  1  0  0  0  1  0  1  0  1 ] (0.00001737)
[  1  0  0  0  1  0  1  0  2 ] (0.00004190)
[  1  0  0  0  1  0  1  1  0 ] (0.00010511)
[  1  0  0  0  1  0  1  1  1 ] (0.00004178)
[  1  0  0  0  1  0  1  2  0 ] (0.00000009)
[  1  0  0  0  1  0  2  0  0 ] (0.00000209)
[  1  0  0  0  1  0  2  0  1 ] (0.00001669)
[  1  0  0  0  1  0  2  1  0 ] (0.00012749)
[  1  0  0  0  1  0  3  0  0 ] (0.00000559)
[  1  0  0  0  1  1  0  0  0 ] (0.00000016)
[  1  0  0  0  1  1  0  0  1 ] (0.00000451)
[  1  0  0  0  1  1  0  0  2 ] (0.00000084)
[  1  0  0  0  1  1  0  1  0 ] (0.00000051)
[  1  0  0  0  1  1  0  1  1 ] (0.00032848)
[  1  0  0  0  1  1  0  2  0 ] (0.00001852)
[  1  0  0  0  1  1  1  0  0 ] (0.00001465)
[  1  0  0  0  1  1  1  0  1 ] (0.00035222)
[  1  0  0  0  1  1  1  1  0 ] (0.00014343)
[  1  0  0  0  1  1  2  0  0 ] (0.00001844)
[  1  0  0  0  1  2  0  0  0 ] (0.00000583)
[  1  0  0  0  1  2  0  0  1 ] (0.00000835)
[  1  0  0  0  1  2  0  1  0 ] (0.00000006)
[  1  0  0  0  1  2  1  0  0 ] (0.00001202)
[  1  0  0  0  1  3  0  0  0 ] (0.00000022)
[  1  0  0  0  2  0  0  0  0 ] (0.00000104)
[  1  0  0  0  2  0  0  0  1 ] (0.00000396)
[  1  0  0  0  2  0  0  0  2 ] (0.00000164)
[  1  0  0  0  2  0  0  1  0 ] (0.00000024)
[  1  0  0  0  2  0  0  1  1 ] (0.00000013)
[  1  0  0  0  2  0  0  2  0 ] (0.00000054)
[  1  0  0  0  2  0  1  0  0 ] (0.00000667)
[  1  0  0  0  2  0  1  0  1 ] (0.00005353)
[  1  0  0  0  2  0  1  1  0 ] (0.00000297)
[  1  0  0  0  2  0  2  0  0 ] (0.00000000)
[  1  0  0  0  2  1  0  0  0 ] (0.00000013)
[  1  0  0  0  2  1  0  0  1 ] (0.00000056)
[  1  0  0  0  2  1  0  1  0 ] (0.00000106)
[  1  0  0  0  2  1  1  0  0 ] (0.00000039)
[  1  0  0  0  2  2  0  0  0 ] (0.00000011)
[  1  0  0  0  3  0  0  0  0 ] (0.00000002)
[  1  0  0  0  3  0  0  0  1 ] (0.00000624)
[  1  0  0  0  3  0  0  1  0 ] (0.00000132)
[  1  0  0  0  3  0  1  0  0 ] (0.00000395)
[  1  0  0  0  3  1  0  0  0 ] (0.00000000)
[  1  0  0  0  4  0  0  0  0 ] (0.00000047)
[  1  0  0  1  0  0  0  0  0 ] (0.00000014)
[  1  0  0  1  0  0  0  0  1 ] (0.00000537)
[  1  0  0  1  0  0  0  0  2 ] (0.00000125)
[  1  0  0  1  0  0  0  0  3 ] (0.00002741)
[  1  0  0  1  0  0  0  1  0 ] (0.00000024)
[  1  0  0  1  0  0  0  1  1 ] (0.00000898)
[  1  0  0  1  0  0  0  1  2 ] (0.00025277)
[  1  0  0  1  0  0  0  2  0 ] (0.00000060)
[  1  0  0  1  0  0  0  2  1 ] (0.00012807)
[  1  0  0  1  0  0  0  3  0 ] (0.00003520)
[  1  0  0  1  0  0  1  0  0 ] (0.00000038)
[  1  0  0  1  0  0  1  0  1 ] (0.00001726)
[  1  0  0  1  0  0  1  0  2 ] (0.00030791)
[  1  0  0  1  0  0  1  1  0 ] (0.00001620)
[  1  0  0  1  0  0  1  1  1 ] (0.00000175)
[  1  0  0  1  0  0  1  2  0 ] (0.00019681)
[  1  0  0  1  0  0  2  0  0 ] (0.00004686)
[  1  0  0  1  0  0  2  0  1 ] (0.00041878)
[  1  0  0  1  0  0  2  1  0 ] (0.00041717)
[  1  0  0  1  0  0  3  0  0 ] (0.00001017)
[  1  0  0  1  0  1  0  0  0 ] (0.00000090)
[  1  0  0  1  0  1  0  0  1 ] (0.00000353)
[  1  0  0  1  0  1  0  0  2 ] (0.00000152)
[  1  0  0  1  0  1  0  1  0 ] (0.00000124)
[  1  0  0  1  0  1  0  1  1 ] (0.00059241)
[  1  0  0  1  0  1  0  2  0 ] (0.00003906)
[  1  0  0  1  0  1  1  0  0 ] (0.00001142)
[  1  0  0  1  0  1  1  0  1 ] (0.00031952)
[  1  0  0  1  0  1  1  1  0 ] (0.00049653)
[  1  0  0  1  0  1  2  0  0 ] (0.00000000)
[  1  0  0  1  0  2  0  0  0 ] (0.00000412)
[  1  0  0  1  0  2  0  0  1 ] (0.00000014)
[  1  0  0  1  0  2  0  1  0 ] (0.00000000)
[  1  0  0  1  0  2  1  0  0 ] (0.00000066)
[  1  0  0  1  0  3  0  0  0 ] (0.00000000)
[  1  0  0  1  1  0  0  0  0 ] (0.00000517)
[  1  0  0  1  1  0  0  0  1 ] (0.00000028)
[  1  0  0  1  1  0  0  0  2 ] (0.00000391)
[  1  0  0  1  1  0  0  1  0 ] (0.00001981)
[  1  0  0  1  1  0  0  1  1 ] (0.00050542)
[  1  0  0  1  1  0  0  2  0 ] (0.00004494)
[  1  0  0  1  1  0  1  0  0 ] (0.00002825)
[  1  0  0  1  1  0  1  0  1 ] (0.00017789)
[  1  0  0  1  1  0  1  1  0 ] (0.00004013)
[  1  0  0  1  1  0  2  0  0 ] (0.00001051)
[  1  0  0  1  1  1  0  0  0 ] (0.00001528)
[  1  0  0  1  1  1  0  0  1 ] (0.00000517)
[  1  0  0  1  1  1  0  1  0 ] (0.00001282)
[  1  0  0  1  1  1  1  0  0 ] (0.00005118)
[  1  0  0  1  1  2  0  0  0 ] (0.00000157)
[  1  0  0  1  2  0  0  0  0 ] (0.00000004)
[  1  0  0  1  2  0  0  0  1 ] (0.00000036)
[  1  0  0  1  2  0  0  1  0 ] (0.00000252)
[  1  0  0  1  2  0  1  0  0 ] (0.00000159)
[  1  0  0  1  2  1  0  0  0 ] (0.00000037)
[  1  0  0  1  3  0  0  0  0 ] (0.00000134)
[  1  0  0  2  0  0  0  0  0 ] (0.00000630)
[  1  0  0  2  0  0  0  0  1 ] (0.00005443)
[  1  0  0  2  0  0  0  0  2 ] (0.00002192)
[  1  0  0  2  0  0  0  1  0 ] (0.00000000)
[  1  0  0  2  0  0  0  1  1 ] (0.00000479)
[  1  0  0  2  0  0  0  2  0 ] (0.00003121)
[  1  0  0  2  0  0  1  0  0 ] (0.00001486)
[  1  0  0  2  0  0  1  0  1 ] (0.00004512)
[  1  0  0  2  0  0  1  1  0 ] (0.00000380)
[  1  0  0  2  0  0  2  0  0 ] (0.00000185)
[  1  0  0  2  0  1  0  0  0 ] (0.00000490)
[  1  0  0  2  0  1  0  0  1 ] (0.00001287)
[  1  0  0  2  0  1  0  1  0 ] (0.00000002)
[  1  0  0  2  0  1  1  0  0 ] (0.00000300)
[  1  0  0  2  0  2  0  0  0 ] (0.00000036)
[  1  0  0  2  1  0  0  0  0 ] (0.00000001)
[  1  0  0  2  1  0  0  0  1 ] (0.00000004)
[  1  0  0  2  1  0  0  1  0 ] (0.00000247)
[  1  0  0  2  1  0  1  0  0 ] (0.00000003)
[  1  0  0  2  1  1  0  0  0 ] (0.00000022)
[  1  0  0  2  2  0  0  0  0 ] (0.00000001)
[  1  0  0  3  0  0  0  0  0 ] (0.00000002)
[  1  0  0  3  0  0  0  0  1 ] (0.00000029)
[  1  0  0  3  0  0  0  1  0 ] (0.00000112)
[  1  0  0  3  0  0  1  0  0 ] (0.00000093)
[  1  0  0  3  0  1  0  0  0 ] (0.00000021)
[  1  0  0  3  1  0  0  0  0 ] (0.00000020)
[  1  0  0  4  0  0  0  0  0 ] (0.00000002)
[  1  0  1  0  0  0  0  0  0 ] (0.00000012)
[  1  0  1  0  0  0  0  0  1 ] (0.00000055)
[  1  0  1  0  0  0  0  0  2 ] (0.00000006)
[  1  0  1  0  0  0  0  0  3 ] (0.00156054)
[  1  0  1  0  0  0  0  1  0 ] (0.00000000)
[  1  0  1  0  0  0  0  1  1 ] (0.00007750)
[  1  0  1  0  0  0  0  1  2 ] (0.00013271)
[  1  0  1  0  0  0  0  2  0 ] (0.00000131)
[  1  0  1  0  0  0  0  2  1 ] (0.00025765)
[  1  0  1  0  0  0  0  3  0 ] (0.00000666)
[  1  0  1  0  0  0  1  0  0 ] (0.00000001)
[  1  0  1  0  0  0  1  0  1 ] (0.00000297)
[  1  0  1  0  0  0  1  0  2 ] (0.00000181)
[  1  0  1  0  0  0  1  1  0 ] (0.00000532)
[  1  0  1  0  0  0  1  1  1 ] (0.00004331)
[  1  0  1  0  0  0  1  2  0 ] (0.00001791)
[  1  0  1  0  0  0  2  0  0 ] (0.00003060)
[  1  0  1  0  0  0  2  0  1 ] (0.00016174)
[  1  0  1  0  0  0  2  1  0 ] (0.00041664)
[  1  0  1  0  0  0  3  0  0 ] (0.00000648)
[  1  0  1  0  0  1  0  0  0 ] (0.00000315)
[  1  0  1  0  0  1  0  0  1 ] (0.00000463)
[  1  0  1  0  0  1  0  0  2 ] (0.00000270)
[  1  0  1  0  0  1  0  1  0 ] (0.00018369)
[  1  0  1  0  0  1  0  1  1 ] (0.00440182)
[  1  0  1  0  0  1  0  2  0 ] (0.00001630)
[  1  0  1  0  0  1  1  0  0 ] (0.00004337)
[  1  0  1  0  0  1  1  0  1 ] (0.00018636)
[  1  0  1  0  0  1  1  1  0 ] (0.00027534)
[  1  0  1  0  0  1  2  0  0 ] (0.00000974)
[  1  0  1  0  0  2  0  0  0 ] (0.00000064)
[  1  0  1  0  0  2  0  0  1 ] (0.00000146)
[  1  0  1  0  0  2  0  1  0 ] (0.00000323)
[  1  0  1  0  0  2  1  0  0 ] (0.00000174)
[  1  0  1  0  0  3  0  0  0 ] (0.00000035)
[  1  0  1  0  1  0  0  0  0 ] (0.00000095)
[  1  0  1  0  1  0  0  0  1 ] (0.00000008)
[  1  0  1  0  1  0  0  0  2 ] (0.00004677)
[  1  0  1  0  1  0  0  1  0 ] (0.00002423)
[  1  0  1  0  1  0  0  1  1 ] (0.00001798)
[  1  0  1  0  1  0  0  2  0 ] (0.00001131)
[  1  0  1  0  1  0  1  0  0 ] (0.00021808)
[  1  0  1  0  1  0  1  0  1 ] (0.00185086)
[  1  0  1  0  1  0  1  1  0 ] (0.00000000)
[  1  0  1  0  1  0  2  0  0 ] (0.00011275)
[  1  0  1  0  1  1  0  0  0 ] (0.00000000)
[  1  0  1  0  1  1  0  0  1 ] (0.00000961)
[  1  0  1  0  1  1  0  1  0 ] (0.00003583)
[  1  0  1  0  1  1  1  0  0 ] (0.00006399)
[  1  0  1  0  1  2  0  0  0 ] (0.00000077)
[  1  0  1  0  2  0  0  0  0 ] (0.00000050)
[  1  0  1  0  2  0  0  0  1 ] (0.00000000)
[  1  0  1  0  2  0  0  1  0 ] (0.00000050)
[  1  0  1  0  2  0  1  0  0 ] (0.00000032)
[  1  0  1  0  2  1  0  0  0 ] (0.00000001)
[  1  0  1  0  3  0  0  0  0 ] (0.00000001)
[  1  0  1  1  0  0  0  0  0 ] (0.00000261)
[  1  0  1  1  0  0  0  0  1 ] (0.00002824)
[  1  0  1  1  0  0  0  0  2 ] (0.00000458)
[  1  0  1  1  0  0  0  1  0 ] (0.00050274)
[  1  0  1  1  0  0  0  1  1 ] (0.00241823)
[  1  0  1  1  0  0  0  2  0 ] (0.00001962)
[  1  0  1  1  0  0  1  0  0 ] (0.00000068)
[  1  0  1  1  0  0  1  0  1 ] (0.00003713)
[  1  0  1  1  0  0  1  1  0 ] (0.00317833)
[  1  0  1  1  0  0  2  0  0 ] (0.00001015)
[  1  0  1  1  0  1  0  0  0 ] (0.00000592)
[  1  0  1  1  0  1  0  0  1 ] (0.00000859)
[  1  0  1  1  0  1  0  1  0 ] (0.00004058)
[  1  0  1  1  0  1  1  0  0 ] (0.00001587)
[  1  0  1  1  0  2  0  0  0 ] (0.00000009)
[  1  0  1  1  1  0  0  0  0 ] (0.00000998)
[  1  0  1  1  1  0  0  0  1 ] (0.00002261)
[  1  0  1  1  1  0  0  1  0 ] (0.00006120)
[  1  0  1  1  1  0  1  0  0 ] (0.00010870)
[  1  0  1  1  1  1  0  0  0 ] (0.00000001)
[  1  0  1  1  2  0  0  0  0 ] (0.00000051)
[  1  0  1  2  0  0  0  0  0 ] (0.00000031)
[  1  0  1  2  0  0  0  0  1 ] (0.00000043)
[  1  0  1  2  0  0  0  1  0 ] (0.00000760)
[  1  0  1  2  0  0  1  0  0 ] (0.00000387)
[  1  0  1  2  0  1  0  0  0 ] (0.00000090)
[  1  0  1  2  1  0  0  0  0 ] (0.00000001)
[  1  0  1  3  0  0  0  0  0 ] (0.00000303)
[  1  0  2  0  0  0  0  0  0 ] (0.00000646)
[  1  0  2  0  0  0  0  0  1 ] (0.00000082)
[  1  0  2  0  0  0  0  0  2 ] (0.00000930)
[  1  0  2  0  0  0  0  1  0 ] (0.00016335)
[  1  0  2  0  0  0  0  1  1 ] (0.00003244)
[  1  0  2  0  0  0  0  2  0 ] (0.00000056)
[  1  0  2  0  0  0  1  0  0 ] (0.00029368)
[  1  0  2  0  0  0  1  0  1 ] (0.00035066)
[  1  0  2  0  0  0  1  1  0 ] (0.00023218)
[  1  0  2  0  0  0  2  0  0 ] (0.00000074)
[  1  0  2  0  0  1  0  0  0 ] (0.00000114)
[  1  0  2  0  0  1  0  0  1 ] (0.00000337)
[  1  0  2  0  0  1  0  1  0 ] (0.00000035)
[  1  0  2  0  0  1  1  0  0 ] (0.00000765)
[  1  0  2  0  0  2  0  0  0 ] (0.00000002)
[  1  0  2  0  1  0  0  0  0 ] (0.00010354)
[  1  0  2  0  1  0  0  0  1 ] (0.00007841)
[  1  0  2  0  1  0  0  1  0 ] (0.00006027)
[  1  0  2  0  1  0  1  0  0 ] (0.00011188)
[  1  0  2  0  1  1  0  0  0 ] (0.00000033)
[  1  0  2  0  2  0  0  0  0 ] (0.00000366)
[  1  0  2  1  0  0  0  0  0 ] (0.00000026)
[  1  0  2  1  0  0  0  0  1 ] (0.00000088)
[  1  0  2  1  0  0  0  1  0 ] (0.00000518)
[  1  0  2  1  0  0  1  0  0 ] (0.00001790)
[  1  0  2  1  0  1  0  0  0 ] (0.00000031)
[  1  0  2  1  1  0  0  0  0 ] (0.00000531)
[  1  0  2  2  0  0  0  0  0 ] (0.00000001)
[  1  0  3  0  0  0  0  0  0 ] (0.00000020)
[  1  0  3  0  0  0  0  0  1 ] (0.00000002)
[  1  0  3  0  0  0  0  1  0 ] (0.00000048)
[  1  0  3  0  0  0  1  0  0 ] (0.00001003)
[  1  0  3  0  0  1  0  0  0 ] (0.00000045)
[  1  0  3  0  1  0  0  0  0 ] (0.00000238)
[  1  0  3  1  0  0  0  0  0 ] (0.00000002)
[  1  0  4  0  0  0  0  0  0 ] (0.00000421)
[  1  1  0  0  0  0  0  0  0 ] (0.00000089)
[  1  1  0  0  0  0  0  0  1 ] (0.00000300)
[  1  1  0  0  0  0  0  0  2 ] (0.00001910)
[  1  1  0  0  0  0  0  0  3 ] (0.02151436)
[  1  1  0  0  0  0  0  1  0 ] (0.00001726)
[  1  1  0  0  0  0  0  1  1 ] (0.00004194)
[  1  1  0  0  0  0  0  1  2 ] (0.00000262)
[  1  1  0  0  0  0  0  2  0 ] (0.00016080)
[  1  1  0  0  0  0  0  2  1 ] (0.00088050)
[  1  1  0  0  0  0  0  3  0 ] (0.00000183)
[  1  1  0  0  0  0  1  0  0 ] (0.00000002)
[  1  1  0  0  0  0  1  0  1 ] (0.00012561)
[  1  1  0  0  0  0  1  0  2 ] (0.00086826)
[  1  1  0  0  0  0  1  1  0 ] (0.00000120)
[  1  1  0  0  0  0  1  1  1 ] (0.00011583)
[  1  1  0  0  0  0  1  2  0 ] (0.00444877)
[  1  1  0  0  0  0  2  0  0 ] (0.00019741)
[  1  1  0  0  0  0  2  0  1 ] (0.00167043)
[  1  1  0  0  0  0  2  1  0 ] (0.00009462)
[  1  1  0  0  0  0  3  0  0 ] (0.00000194)
[  1  1  0  0  0  1  0  0  0 ] (0.00001207)
[  1  1  0  0  0  1  0  0  1 ] (0.00005832)
[  1  1  0  0  0  1  0  0  2 ] (0.00006119)
[  1  1  0  0  0  1  0  1  0 ] (0.00000187)
[  1  1  0  0  0  1  0  1  1 ] (0.00008067)
[  1  1  0  0  0  1  0  2  0 ] (0.00004612)
[  1  1  0  0  0  1  1  0  0 ] (0.00000028)
[  1  1  0  0  0  1  1  0  1 ] (0.00000327)
[  1  1  0  0  0  1  1  1  0 ] (0.00003071)
[  1  1  0  0  0  1  2  0  0 ] (0.00001475)
[  1  1  0  0  0  2  0  0  0 ] (0.00000800)
[  1  1  0  0  0  2  0  0  1 ] (0.00001628)
[  1  1  0  0  0  2  0  1  0 ] (0.00001010)
[  1  1  0  0  0  2  1  0  0 ] (0.00000082)
[  1  1  0  0  0  3  0  0  0 ] (0.00000155)
[  1  1  0  0  1  0  0  0  0 ] (0.00000022)
[  1  1  0  0  1  0  0  0  1 ] (0.00000700)
[  1  1  0  0  1  0  0  0  2 ] (0.00001764)
[  1  1  0  0  1  0  0  1  0 ] (0.00002004)
[  1  1  0  0  1  0  0  1  1 ] (0.00046985)
[  1  1  0  0  1  0  0  2  0 ] (0.00000353)
[  1  1  0  0  1  0  1  0  0 ] (0.00000104)
[  1  1  0  0  1  0  1  0  1 ] (0.00000282)
[  1  1  0  0  1  0  1  1  0 ] (0.00038600)
[  1  1  0  0  1  0  2  0  0 ] (0.00000238)
[  1  1  0  0  1  1  0  0  0 ] (0.00000004)
[  1  1  0  0  1  1  0  0  1 ] (0.00000042)
[  1  1  0  0  1  1  0  1  0 ] (0.00000038)
[  1  1  0  0  1  1  1  0  0 ] (0.00000134)
[  1  1  0  0  1  2  0  0  0 ] (0.00000048)
[  1  1  0  0  2  0  0  0  0 ] (0.00000012)
[  1  1  0  0  2  0  0  0  1 ] (0.00002013)
[  1  1  0  0  2  0  0  1  0 ] (0.00000260)
[  1  1  0  0  2  0  1  0  0 ] (0.00000009)
[  1  1  0  0  2  1  0  0  0 ] (0.00000007)
[  1  1  0  0  3  0  0  0  0 ] (0.00000003)
[  1  1  0  1  0  0  0  0  0 ] (0.00001914)
[  1  1  0  1  0  0  0  0  1 ] (0.00008280)
[  1  1  0  1  0  0  0  0  2 ] (0.00011086)
[  1  1  0  1  0  0  0  1  0 ] (0.00006250)
[  1  1  0  1  0  0  0  1  1 ] (0.00046535)
[  1  1  0  1  0  0  0  2  0 ] (0.00019997)
[  1  1  0  1  0  0  1  0  0 ] (0.00010202)
[  1  1  0  1  0  0  1  0  1 ] (0.00045344)
[  1  1  0  1  0  0  1  1  0 ] (0.00000108)
[  1  1  0  1  0  0  2  0  0 ] (0.00002079)
[  1  1  0  1  0  1  0  0  0 ] (0.00000127)
[  1  1  0  1  0  1  0  0  1 ] (0.00000003)
[  1  1  0  1  0  1  0  1  0 ] (0.00003384)
[  1  1  0  1  0  1  1  0  0 ] (0.00000866)
[  1  1  0  1  0  2  0  0  0 ] (0.00000019)
[  1  1  0  1  1  0  0  0  0 ] (0.00000615)
[  1  1  0  1  1  0  0  0  1 ] (0.00003981)
[  1  1  0  1  1  0  0  1  0 ] (0.00011007)
[  1  1  0  1  1  0  1  0  0 ] (0.00000441)
[  1  1  0  1  1  1  0  0  0 ] (0.00000288)
[  1  1  0  1  2  0  0  0  0 ] (0.00000045)
[  1  1  0  2  0  0  0  0  0 ] (0.00000006)
[  1  1  0  2  0  0  0  0  1 ] (0.00005453)
[  1  1  0  2  0  0  0  1  0 ] (0.00004271)
[  1  1  0  2  0  0  1  0  0 ] (0.00001106)
[  1  1  0  2  0  1  0  0  0 ] (0.00000135)
[  1  1  0  2  1  0  0  0  0 ] (0.00000380)
[  1  1  0  3  0  0  0  0  0 ] (0.00000000)
[  1  1  1  0  0  0  0  0  0 ] (0.00000157)
[  1  1  1  0  0  0  0  0  1 ] (0.00000722)
[  1  1  1  0  0  0  0  0  2 ] (0.00003344)
[  1  1  1  0  0  0  0  1  0 ] (0.00018525)
[  1  1  1  0  0  0  0  1  1 ] (0.00127522)
[  1  1  1  0  0  0  0  2  0 ] (0.00002963)
[  1  1  1  0  0  0  1  0  0 ] (0.00001638)
[  1  1  1  0  0  0  1  0  1 ] (0.00002687)
[  1  1  1  0  0  0  1  1  0 ] (0.00064587)
[  1  1  1  0  0  0  2  0  0 ] (0.00000001)
[  1  1  1  0  0  1  0  0  0 ] (0.00000023)
[  1  1  1  0  0  1  0  0  1 ] (0.00000000)
[  1  1  1  0  0  1  0  1  0 ] (0.00000054)
[  1  1  1  0  0  1  1  0  0 ] (0.00000073)
[  1  1  1  0  0  2  0  0  0 ] (0.00000000)
[  1  1  1  0  1  0  0  0  0 ] (0.00001720)
[  1  1  1  0  1  0  0  0  1 ] (0.00003185)
[  1  1  1  0  1  0  0  1  0 ] (0.00002972)
[  1  1  1  0  1  0  1  0  0 ] (0.00002552)
[  1  1  1  0  1  1  0  0  0 ] (0.00000031)
[  1  1  1  0  2  0  0  0  0 ] (0.00000017)
[  1  1  1  1  0  0  0  0  0 ] (0.00000064)
[  1  1  1  1  0  0  0  0  1 ] (0.00001410)
[  1  1  1  1  0  0  0  1  0 ] (0.00010545)
[  1  1  1  1  0  0  1  0  0 ] (0.00000063)
[  1  1  1  1  0  1  0  0  0 ] (0.00000010)
[  1  1  1  1  1  0  0  0  0 ] (0.00000380)
[  1  1  1  2  0  0  0  0  0 ] (0.00000678)
[  1  1  2  0  0  0  0  0  0 ] (0.00000030)
[  1  1  2  0  0  0  0  0  1 ] (0.00000040)
[  1  1  2  0  0  0  0  1  0 ] (0.00000069)
[  1  1  2  0  0  0  1  0  0 ] (0.00000112)
[  1  1  2  0  0  1  0  0  0 ] (0.00000044)
[  1  1  2  0  1  0  0  0  0 ] (0.00000183)
[  1  1  2  1  0  0  0  0  0 ] (0.00000285)
[  1  1  3  0  0  0  0  0  0 ] (0.00000000)
[  1  2  0  0  0  0  0  0  0 ] (0.00000470)
[  1  2  0  0  0  0  0  0  1 ] (0.00002795)
[  1  2  0  0  0  0  0  0  2 ] (0.00000788)
[  1  2  0  0  0  0  0  1  0 ] (0.00032712)
[  1  2  0  0  0  0  0  1  1 ] (0.00105165)
[  1  2  0  0  0  0  0  2  0 ] (0.00002054)
[  1  2  0  0  0  0  1  0  0 ] (0.00000478)
[  1  2  0  0  0  0  1  0  1 ] (0.00013739)
[  1  2  0  0  0  0  1  1  0 ] (0.00017639)
[  1  2  0  0  0  0  2  0  0 ] (0.00000044)
[  1  2  0  0  0  1  0  0  0 ] (0.00000043)
[  1  2  0  0  0  1  0  0  1 ] (0.00000000)
[  1  2  0  0  0  1  0  1  0 ] (0.00001370)
[  1  2  0  0  0  1  1  0  0 ] (0.00000090)
[  1  2  0  0  0  2  0  0  0 ] (0.00000014)
[  1  2  0  0  1  0  0  0  0 ] (0.00000563)
[  1  2  0  0  1  0  0  0  1 ] (0.00000129)
[  1  2  0  0  1  0  0  1  0 ] (0.00003729)
[  1  2  0  0  1  0  1  0  0 ] (0.00000034)
[  1  2  0  0  1  1  0  0  0 ] (0.00000006)
[  1  2  0  0  2  0  0  0  0 ] (0.00000011)
[  1  2  0  1  0  0  0  0  0 ] (0.00000090)
[  1  2  0  1  0  0  0  0  1 ] (0.00009750)
[  1  2  0  1  0  0  0  1  0 ] (0.00003083)
[  1  2  0  1  0  0  1  0  0 ] (0.00004458)
[  1  2  0  1  0  1  0  0  0 ] (0.00000440)
[  1  2  0  1  1  0  0  0  0 ] (0.00000094)
[  1  2  0  2  0  0  0  0  0 ] (0.00000396)
[  1  2  1  0  0  0  0  0  0 ] (0.00000009)
[  1  2  1  0  0  0  0  0  1 ] (0.00000829)
[  1  2  1  0  0  0  0  1  0 ] (0.00000324)
[  1  2  1  0  0  0  1  0  0 ] (0.00000542)
[  1  2  1  0  0  1  0  0  0 ] (0.00000044)
[  1  2  1  0  1  0  0  0  0 ] (0.00000237)
[  1  2  1  1  0  0  0  0  0 ] (0.00000072)
[  1  2  2  0  0  0  0  0  0 ] (0.00000001)
[  1  3  0  0  0  0  0  0  0 ] (0.00000648)
[  1  3  0  0  0  0  0  0  1 ] (0.00000589)
[  1  3  0  0  0  0  0  1  0 ] (0.00000271)
[  1  3  0  0  0  0  1  0  0 ] (0.00000206)
[  1  3  0  0  0  1  0  0  0 ] (0.00000008)
[  1  3  0  0  1  0  0  0  0 ] (0.00000048)
[  1  3  0  1  0  0  0  0  0 ] (0.00000049)
[  1  3  1  0  0  0  0  0  0 ] (0.00000034)
[  1  4  0  0  0  0  0  0  0 ] (0.00000030)
[  2  0  0  0  0  0  0  0  0 ] (0.00000321)
[  2  0  0  0  0  0  0  0  1 ] (0.00004309)
[  2  0  0  0  0  0  0  0  2 ] (0.00006841)
[  2  0  0  0  0  0  0  0  3 ] (0.00143005)
[  2  0  0  0  0  0  0  1  0 ] (0.00000031)
[  2  0  0  0  0  0  0  1  1 ] (0.00000057)
[  2  0  0  0  0  0  0  1  2 ] (0.00003215)
[  2  0  0  0  0  0  0  2  0 ] (0.00000052)
[  2  0  0  0  0  0  0  2  1 ] (0.00007418)
[  2  0  0  0  0  0  0  3  0 ] (0.00002257)
[  2  0  0  0  0  0  1  0  0 ] (0.00009290)
[  2  0  0  0  0  0  1  0  1 ] (0.00063973)
[  2  0  0  0  0  0  1  0  2 ] (0.00132519)
[  2  0  0  0  0  0  1  1  0 ] (0.00000671)
[  2  0  0  0  0  0  1  1  1 ] (0.00000686)
[  2  0  0  0  0  0  1  2  0 ] (0.00005004)
[  2  0  0  0  0  0  2  0  0 ] (0.00013174)
[  2  0  0  0  0  0  2  0  1 ] (0.00051960)
[  2  0  0  0  0  0  2  1  0 ] (0.00001265)
[  2  0  0  0  0  0  3  0  0 ] (0.00001990)
[  2  0  0  0  0  1  0  0  0 ] (0.00000075)
[  2  0  0  0  0  1  0  0  1 ] (0.00001755)
[  2  0  0  0  0  1  0  0  2 ] (0.00004829)
[  2  0  0  0  0  1  0  1  0 ] (0.00001905)
[  2  0  0  0  0  1  0  1  1 ] (0.00012918)
[  2  0  0  0  0  1  0  2  0 ] (0.00000122)
[  2  0  0  0  0  1  1  0  0 ] (0.00014507)
[  2  0  0  0  0  1  1  0  1 ] (0.00100242)
[  2  0  0  0  0  1  1  1  0 ] (0.00012741)
[  2  0  0  0  0  1  2  0  0 ] (0.00001778)
[  2  0  0  0  0  2  0  0  0 ] (0.00000910)
[  2  0  0  0  0  2  0  0  1 ] (0.00001792)
[  2  0  0  0  0  2  0  1  0 ] (0.00000389)
[  2  0  0  0  0  2  1  0  0 ] (0.00001716)
[  2  0  0  0  0  3  0  0  0 ] (0.00000170)
[  2  0  0  0  1  0  0  0  0 ] (0.00000002)
[  2  0  0  0  1  0  0  0  1 ] (0.00000003)
[  2  0  0  0  1  0  0  0  2 ] (0.00000008)
[  2  0  0  0  1  0  0  1  0 ] (0.00000331)
[  2  0  0  0  1  0  0  1  1 ] (0.00018762)
[  2  0  0  0  1  0  0  2  0 ] (0.00000061)
[  2  0  0  0  1  0  1  0  0 ] (0.00000069)
[  2  0  0  0  1  0  1  0  1 ] (0.00000538)
[  2  0  0  0  1  0  1  1  0 ] (0.00005657)
[  2  0  0  0  1  0  2  0  0 ] (0.00000055)
[  2  0  0  0  1  1  0  0  0 ] (0.00000015)
[  2  0  0  0  1  1  0  0  1 ] (0.00000075)
[  2  0  0  0  1  1  0  1  0 ] (0.00000005)
[  2  0  0  0  1  1  1  0  0 ] (0.00000222)
[  2  0  0  0  1  2  0  0  0 ] (0.00000027)
[  2  0  0  0  2  0  0  0  0 ] (0.00000002)
[  2  0  0  0  2  0  0  0  1 ] (0.00000027)
[  2  0  0  0  2  0  0  1  0 ] (0.00000014)
[  2  0  0  0  2  0  1  0  0 ] (0.00000030)
[  2  0  0  0  2  1  0  0  0 ] (0.00000009)
[  2  0  0  0  3  0  0  0  0 ] (0.00000014)
[  2  0  0  1  0  0  0  0  0 ] (0.00000024)
[  2  0  0  1  0  0  0  0  1 ] (0.00000160)
[  2  0  0  1  0  0  0  0  2 ] (0.00000051)
[  2  0  0  1  0  0  0  1  0 ] (0.00007772)
[  2  0  0  1  0  0  0  1  1 ] (0.00044638)
[  2  0  0  1  0  0  0  2  0 ] (0.00000001)
[  2  0  0  1  0  0  1  0  0 ] (0.00000021)
[  2  0  0  1  0  0  1  0  1 ] (0.00000195)
[  2  0  0  1  0  0  1  1  0 ] (0.00039347)
[  2  0  0  1  0  0  2  0  0 ] (0.00000293)
[  2  0  0  1  0  1  0  0  0 ] (0.00000006)
[  2  0  0  1  0  1  0  0  1 ] (0.00000011)
[  2  0  0  1  0  1  0  1  0 ] (0.00000609)
[  2  0  0  1  0  1  1  0  0 ] (0.00000043)
[  2  0  0  1  0  2  0  0  0 ] (0.00000005)
[  2  0  0  1  1  0  0  0  0 ] (0.00000320)
[  2  0  0  1  1  0  0  0  1 ] (0.00000458)
[  2  0  0  1  1  0  0  1  0 ] (0.00000397)
[  2  0  0  1  1  0  1  0  0 ] (0.00001029)
[  2  0  0  1  1  1  0  0  0 ] (0.00000046)
[  2  0  0  1  2  0  0  0  0 ] (0.00000009)
[  2  0  0  2  0  0  0  0  0 ] (0.00000038)
[  2  0  0  2  0  0  0  0  1 ] (0.00000012)
[  2  0  0  2  0  0  0  1  0 ] (0.00000255)
[  2  0  0  2  0  0  1  0  0 ] (0.00000105)
[  2  0  0  2  0  1  0  0  0 ] (0.00000025)
[  2  0  0  2  1  0  0  0  0 ] (0.00000008)
[  2  0  0  3  0  0  0  0  0 ] (0.00000037)
[  2  0  1  0  0  0  0  0  0 ] (0.00000029)
[  2  0  1  0  0  0  0  0  1 ] (0.00000481)
[  2  0  1  0  0  0  0  0  2 ] (0.00000911)
[  2  0  1  0  0  0  0  1  0 ] (0.00001933)
[  2  0  1  0  0  0  0  1  1 ] (0.00008528)
[  2  0  1  0  0  0  0  2  0 ] (0.00001971)
[  2  0  1  0  0  0  1  0  0 ] (0.00004071)
[  2  0  1  0  0  0  1  0  1 ] (0.00019670)
[  2  0  1  0  0  0  1  1  0 ] (0.00000287)
[  2  0  1  0  0  0  2  0  0 ] (0.00001249)
[  2  0  1  0  0  1  0  0  0 ] (0.00000028)
[  2  0  1  0  0  1  0  0  1 ] (0.00000556)
[  2  0  1  0  0  1  0  1  0 ] (0.00001404)
[  2  0  1  0  0  1  1  0  0 ] (0.00001523)
[  2  0  1  0  0  2  0  0  0 ] (0.00000088)
[  2  0  1  0  1  0  0  0  0 ] (0.00000359)
[  2  0  1  0  1  0  0  0  1 ] (0.00001338)
[  2  0  1  0  1  0  0  1  0 ] (0.00000328)
[  2  0  1  0  1  0  1  0  0 ] (0.00001002)
[  2  0  1  0  1  1  0  0  0 ] (0.00000125)
[  2  0  1  0  2  0  0  0  0 ] (0.00000022)
[  2  0  1  1  0  0  0  0  0 ] (0.00000171)
[  2  0  1  1  0  0  0  0  1 ] (0.00000098)
[  2  0  1  1  0  0  0  1  0 ] (0.00000001)
[  2  0  1  1  0  0  1  0  0 ] (0.00000005)
[  2  0  1  1  0  1  0  0  0 ] (0.00000006)
[  2  0  1  1  1  0  0  0  0 ] (0.00000012)
[  2  0  1  2  0  0  0  0  0 ] (0.00000000)
[  2  0  2  0  0  0  0  0  0 ] (0.00000208)
[  2  0  2  0  0  0  0  0  1 ] (0.00000394)
[  2  0  2  0  0  0  0  1  0 ] (0.00000010)
[  2  0  2  0  0  0  1  0  0 ] (0.00000020)
[  2  0  2  0  0  1  0  0  0 ] (0.00000044)
[  2  0  2  0  1  0  0  0  0 ] (0.00000017)
[  2  0  2  1  0  0  0  0  0 ] (0.00000073)
[  2  0  3  0  0  0  0  0  0 ] (0.00000019)
[  2  1  0  0  0  0  0  0  0 ] (0.00002218)
[  2  1  0  0  0  0  0  0  1 ] (0.00012558)
[  2  1  0  0  0  0  0  0  2 ] (0.00012232)
[  2  1  0  0  0  0  0  1  0 ] (0.00000165)
[  2  1  0  0  0  0  0  1  1 ] (0.00000691)
[  2  1  0  0  0  0  0  2  0 ] (0.00000291)
[  2  1  0  0  0  0  1  0  0 ] (0.00009988)
[  2  1  0  0  0  0  1  0  1 ] (0.00093596)
[  2  1  0  0  0  0  1  1  0 ] (0.00002076)
[  2  1  0  0  0  0  2  0  0 ] (0.00002033)
[  2  1  0  0  0  1  0  0  0 ] (0.00001125)
[  2  1  0  0  0  1  0  0  1 ] (0.00005333)
[  2  1  0  0  0  1  0  1  0 ] (0.00000008)
[  2  1  0  0  0  1  1  0  0 ] (0.00004665)
[  2  1  0  0  0  2  0  0  0 ] (0.00000395)
[  2  1  0  0  1  0  0  0  0 ] (0.00000180)
[  2  1  0  0  1  0  0  0  1 ] (0.00000166)
[  2  1  0  0  1  0  0  1  0 ] (0.00000000)
[  2  1  0  0  1  0  1  0  0 ] (0.00000169)
[  2  1  0  0  1  1  0  0  0 ] (0.00000036)
[  2  1  0  0  2  0  0  0  0 ] (0.00000002)
[  2  1  0  1  0  0  0  0  0 ] (0.00000543)
[  2  1  0  1  0  0  0  0  1 ] (0.00001074)
[  2  1  0  1  0  0  0  1  0 ] (0.00000071)
[  2  1  0  1  0  0  1  0  0 ] (0.00000017)
[  2  1  0  1  0  1  0  0  0 ] (0.00000073)
[  2  1  0  1  1  0  0  0  0 ] (0.00000067)
[  2  1  0  2  0  0  0  0  0 ] (0.00000195)
[  2  1  1  0  0  0  0  0  0 ] (0.00000101)
[  2  1  1  0  0  0  0  0  1 ] (0.00001918)
[  2  1  1  0  0  0  0  1  0 ] (0.00000000)
[  2  1  1  0  0  0  1  0  0 ] (0.00000272)
[  2  1  1  0  0  1  0  0  0 ] (0.00000009)
[  2  1  1  0  1  0  0  0  0 ] (0.00000010)
[  2  1  1  1  0  0  0  0  0 ] (0.00000369)
[  2  1  2  0  0  0  0  0  0 ] (0.00000040)
[  2  2  0  0  0  0  0  0  0 ] (0.00000021)
[  2  2  0  0  0  0  0  0  1 ] (0.00000115)
[  2  2  0  0  0  0  0  1  0 ] (0.00000691)
[  2  2  0  0  0  0  1  0  0 ] (0.00004564)
[  2  2  0  0  0  1  0  0  0 ] (0.00000059)
[  2  2  0  0  1  0  0  0  0 ] (0.00000058)
[  2  2  0  1  0  0  0  0  0 ] (0.00000339)
[  2  2  1  0  0  0  0  0  0 ] (0.00000052)
[  2  3  0  0  0  0  0  0  0 ] (0.00000341)
[  3  0  0  0  0  0  0  0  0 ] (0.00000037)
[  3  0  0  0  0  0  0  0  1 ] (0.00000248)
[  3  0  0  0  0  0  0  0  2 ] (0.00000100)
[  3  0  0  0  0  0  0  1  0 ] (0.00000032)
[  3  0  0  0  0  0  0  1  1 ] (0.00000005)
[  3  0  0  0  0  0  0  2  0 ] (0.00000011)
[  3  0  0  0  0  0  1  0  0 ] (0.00000965)
[  3  0  0  0  0  0  1  0  1 ] (0.00004963)
[  3  0  0  0  0  0  1  1  0 ] (0.00000189)
[  3  0  0  0  0  0  2  0  0 ] (0.00000044)
[  3  0  0  0  0  1  0  0  0 ] (0.00000094)
[  3  0  0  0  0  1  0  0  1 ] (0.00000397)
[  3  0  0  0  0  1  0  1  0 ] (0.00000000)
[  3  0  0  0  0  1  1  0  0 ] (0.00000257)
[  3  0  0  0  0  2  0  0  0 ] (0.00000001)
[  3  0  0  0  1  0  0  0  0 ] (0.00000003)
[  3  0  0  0  1  0  0  0  1 ] (0.00000012)
[  3  0  0  0  1  0  0  1  0 ] (0.00000002)
[  3  0  0  0  1  0  1  0  0 ] (0.00000007)
[  3  0  0  0  1  1  0  0  0 ] (0.00000000)
[  3  0  0  0  2  0  0  0  0 ] (0.00000000)
[  3  0  0  1  0  0  0  0  0 ] (0.00000015)
[  3  0  0  1  0  0  0  0  1 ] (0.00000155)
[  3  0  0  1  0  0  0  1  0 ] (0.00000011)
[  3  0  0  1  0  0  1  0  0 ] (0.00000043)
[  3  0  0  1  0  1  0  0  0 ] (0.00000009)
[  3  0  0  1  1  0  0  0  0 ] (0.00000001)
[  3  0  0  2  0  0  0  0  0 ] (0.00000001)
[  3  0  1  0  0  0  0  0  0 ] (0.00000069)
[  3  0  1  0  0  0  0  0  1 ] (0.00000143)
[  3  0  1  0  0  0  0  1  0 ] (0.00000029)
[  3  0  1  0  0  0  1  0  0 ] (0.00000021)
[  3  0  1  0  0  1  0  0  0 ] (0.00000057)
[  3  0  1  0  1  0  0  0  0 ] (0.00000012)
[  3  0  1  1  0  0  0  0  0 ] (0.00000042)
[  3  0  2  0  0  0  0  0  0 ] (0.00000016)
[  3  1  0  0  0  0  0  0  0 ] (0.00000004)
[  3  1  0  0  0  0  0  0  1 ] (0.00000235)
[  3  1  0  0  0  0  0  1  0 ] (0.00000016)
[  3  1  0  0  0  0  1  0  0 ] (0.00000707)
[  3  1  0  0  0  1  0  0  0 ] (0.00000066)
[  3  1  0  0  1  0  0  0  0 ] (0.00000014)
[  3  1  0  1  0  0  0  0  0 ] (0.00000007)
[  3  1  1  0  0  0  0  0  0 ] (0.00000042)
[  3  2  0  0  0  0  0  0  0 ] (0.00000081)
[  4  0  0  0  0  0  0  0  0 ] (0.00000031)
[  4  0  0  0  0  0  0  0  1 ] (0.00000084)
[  4  0  0  0  0  0  0  1  0 ] (0.00000127)
[  4  0  0  0  0  0  1  0  0 ] (0.00000016)
[  4  0  0  0  0  1  0  0  0 ] (0.00000019)
[  4  0  0  0  1  0  0  0  0 ] (0.00000005)
[  4  0  0  1  0  0  0  0  0 ] (0.00000054)
[  4  0  1  0  0  0  0  0  0 ] (0.00000010)
[  4  1  0  0  0  0  0  0  0 ] (0.00000014)
[  5  0  0  0  0  0  0  0  0 ] (0.00000049)
