| -1090.319977062754 |    70.571453091322 

[  0  0  0  0  0  0  0  0  0 ] (0.00031970)
[  0  0  0  0  0  0  0  0  1 ] (0.00094892)
[  0  0  0  0  0  0  0  0  2 ] (0.00002035)
[  0  0  0  0  0  0  0  0  3 ] (0.00000199)
[  0  0  0  0  0  0  0  0  4 ] (0.00000024)
[  0  0  0  0  0  0  0  0  5 ] (0.00000000)
[  0  0  0  0  0  0  0  1  0 ] (0.00000510)
[  0  0  0  0  0  0  0  1  1 ] (0.00000005)
[  0  0  0  0  0  0  0  1  2 ] (0.00000035)
[  0  0  0  0  0  0  0  1  3 ] (0.00000024)
[  0  0  0  0  0  0  0  1  4 ] (0.00000000)
[  0  0  0  0  0  0  0  2  0 ] (0.00026111)
[  0  0  0  0  0  0  0  2  1 ] (0.00001564)
[  0  0  0  0  0  0  0  2  2 ] (0.00000001)
[  0  0  0  0  0  0  0  2  3 ] (0.00000043)
[  0  0  0  0  0  0  0  3  0 ] (0.00019315)
[  0  0  0  0  0  0  0  3  1 ] (0.00000135)
[  0  0  0  0  0  0  0  3  2 ] (0.00000032)
[  0  0  0  0  0  0  0  4  0 ] (0.00000003)
[  0  0  0  0  0  0  0  4  1 ] (0.00000002)
[  0  0  0  0  0  0  0  5  0 ] (0.00000125)
[  0  0  0  0  0  0  1  0  0 ] (0.03569525)
[  0  0  0  0  0  0  1  0  1 ] (0.00062066)
[  0  0  0  0  0  0  1  0  2 ] (0.00000609)
[  0  0  0  0  0  0  1  0  3 ] (0.00000275)
[  0  0  0  0  0  0  1  0  4 ] (0.00000014)
[  0  0  0  0  0  0  1  1  0 ] (0.00001018)
[  0  0  0  0  0  0  1  1  1 ] (0.00000051)
[  0  0  0  0  0  0  1  1  2 ] (0.00000015)
[  0  0  0  0  0  0  1  1  3 ] (0.00000007)
[  0  0  0  0  0  0  1  2  0 ] (0.00004566)
[  0  0  0  0  0  0  1  2  1 ] (0.00002419)
[  0  0  0  0  0  0  1  2  2 ] (0.00000017)
[  0  0  0  0  0  0  1  3  0 ] (0.00000791)
[  0  0  0  0  0  0  1  3  1 ] (0.00003484)
[  0  0  0  0  0  0  1  4  0 ] (0.00000001)
[  0  0  0  0  0  0  2  0  0 ] (0.00004501)
[  0  0  0  0  0  0  2  0  1 ] (0.00002989)
[  0  0  0  0  0  0  2  0  2 ] (0.00000074)
[  0  0  0  0  0  0  2  0  3 ] (0.00000019)
[  0  0  0  0  0  0  2  1  0 ] (0.00000047)
[  0  0  0  0  0  0  2  1  1 ] (0.00000001)
[  0  0  0  0  0  0  2  1  2 ] (0.00000000)
[  0  0  0  0  0  0  2  2  0 ] (0.00001152)
[  0  0  0  0  0  0  2  2  1 ] (0.00000242)
[  0  0  0  0  0  0  2  3  0 ] (0.00001682)
[  0  0  0  0  0  0  3  0  0 ] (0.00001349)
[  0  0  0  0  0  0  3  0  1 ] (0.00000517)
[  0  0  0  0  0  0  3  0  2 ] (0.00000001)
[  0  0  0  0  0  0  3  1  0 ] (0.00000013)
[  0  0  0  0  0  0  3  1  1 ] (0.00000001)
[  0  0  0  0  0  0  3  2  0 ] (0.00002358)
[  0  0  0  0  0  0  4  0  0 ] (0.00004009)
[  0  0  0  0  0  0  4  0  1 ] (0.00013478)
[  0  0  0  0  0  0  4  1  0 ] (0.00000101)
[  0  0  0  0  0  0  5  0  0 ] (0.00000017)
[  0  0  0  0  0  1  0  0  0 ] (0.00298027)
[  0  0  0  0  0  1  0  0  1 ] (0.00000009)
[  0  0  0  0  0  1  0  0  2 ] (0.00000008)
[  0  0  0  0  0  1  0  0  3 ] (0.00000083)
[  0  0  0  0  0  1  0  0  4 ] (0.00000025)
[  0  0  0  0  0  1  0  1  0 ] (0.00000001)
[  0  0  0  0  0  1  0  1  1 ] (0.00000370)
[  0  0  0  0  0  1  0  1  2 ] (0.00000007)
[  0  0  0  0  0  1  0  1  3 ] (0.00000001)
[  0  0  0  0  0  1  0  2  0 ] (0.00000024)
[  0  0  0  0  0  1  0  2  1 ] (0.00000111)
[  0  0  0  0  0  1  0  2  2 ] (0.00000011)
[  0  0  0  0  0  1  0  3  0 ] (0.00000006)
[  0  0  0  0  0  1  0  3  1 ] (0.00000239)
[  0  0  0  0  0  1  0  4  0 ] (0.00000000)
[  0  0  0  0  0  1  1  0  0 ] (0.00006150)
[  0  0  0  0  0  1  1  0  1 ] (0.00004595)
[  0  0  0  0  0  1  1  0  2 ] (0.00000050)
[  0  0  0  0  0  1  1  0  3 ] (0.00000233)
[  0  0  0  0  0  1  1  1  0 ] (0.00000101)
[  0  0  0  0  0  1  1  1  1 ] (0.00000004)
[  0  0  0  0  0  1  1  1  2 ] (0.00000004)
[  0  0  0  0  0  1  1  2  0 ] (0.00000174)
[  0  0  0  0  0  1  1  2  1 ] (0.00000007)
[  0  0  0  0  0  1  1  3  0 ] (0.00000399)
[  0  0  0  0  0  1  2  0  0 ] (0.00000272)
[  0  0  0  0  0  1  2  0  1 ] (0.00000475)
[  0  0  0  0  0  1  2  0  2 ] (0.00000016)
[  0  0  0  0  0  1  2  1  0 ] (0.00000019)
[  0  0  0  0  0  1  2  1  1 ] (0.00000003)
[  0  0  0  0  0  1  2  2  0 ] (0.00000002)
[  0  0  0  0  0  1  3  0  0 ] (0.00002067)
[  0  0  0  0  0  1  3  0  1 ] (0.00000879)
[  0  0  0  0  0  1  3  1  0 ] (0.00000040)
[  0  0  0  0  0  1  4  0  0 ] (0.00000443)
[  0  0  0  0  0  2  0  0  0 ] (0.00001614)
[  0  0  0  0  0  2  0  0  1 ] (0.00000297)
[  0  0  0  0  0  2  0  0  2 ] (0.00000004)
[  0  0  0  0  0  2  0  0  3 ] (0.00000011)
[  0  0  0  0  0  2  0  1  0 ] (0.00001890)
[  0  0  0  0  0  2  0  1  1 ] (0.00000010)
[  0  0  0  0  0  2  0  1  2 ] (0.00000000)
[  0  0  0  0  0  2  0  2  0 ] (0.00000029)
[  0  0  0  0  0  2  0  2  1 ] (0.00000002)
[  0  0  0  0  0  2  0  3  0 ] (0.00000029)
[  0  0  0  0  0  2  1  0  0 ] (0.00000000)
[  0  0  0  0  0  2  1  0  1 ] (0.00000050)
[  0  0  0  0  0  2  1  0  2 ] (0.00000022)
[  0  0  0  0  0  2  1  1  0 ] (0.00000001)
[  0  0  0  0  0  2  1  1  1 ] (0.00000001)
[  0  0  0  0  0  2  1  2  0 ] (0.00000011)
[  0  0  0  0  0  2  2  0  0 ] (0.00000027)
[  0  0  0  0  0  2  2  0  1 ] (0.00000005)
[  0  0  0  0  0  2  2  1  0 ] (0.00000000)
[  0  0  0  0  0  2  3  0  0 ] (0.00000002)
[  0  0  0  0  0  3  0  0  0 ] (0.00028419)
[  0  0  0  0  0  3  0  0  1 ] (0.00000002)
[  0  0  0  0  0  3  0  0  2 ] (0.00000011)
[  0  0  0  0  0  3  0  1  0 ] (0.00000561)
[  0  0  0  0  0  3  0  1  1 ] (0.00000017)
[  0  0  0  0  0  3  0  2  0 ] (0.00000019)
[  0  0  0  0  0  3  1  0  0 ] (0.00000330)
[  0  0  0  0  0  3  1  0  1 ] (0.00000131)
[  0  0  0  0  0  3  1  1  0 ] (0.00000000)
[  0  0  0  0  0  3  2  0  0 ] (0.00000006)
[  0  0  0  0  0  4  0  0  0 ] (0.00000282)
[  0  0  0  0  0  4  0  0  1 ] (0.00000028)
[  0  0  0  0  0  4  0  1  0 ] (0.00000044)
[  0  0  0  0  0  4  1  0  0 ] (0.00000006)
[  0  0  0  0  0  5  0  0  0 ] (0.00000051)
[  0  0  0  0  1  0  0  0  0 ] (0.00144033)
[  0  0  0  0  1  0  0  0  1 ] (0.00004520)
[  0  0  0  0  1  0  0  0  2 ] (0.00000090)
[  0  0  0  0  1  0  0  0  3 ] (0.00000000)
[  0  0  0  0  1  0  0  0  4 ] (0.00000000)
[  0  0  0  0  1  0  0  1  0 ] (0.00023148)
[  0  0  0  0  1  0  0  1  1 ] (0.00002809)
[  0  0  0  0  1  0  0  1  2 ] (0.00000035)
[  0  0  0  0  1  0  0  1  3 ] (0.00000026)
[  0  0  0  0  1  0  0  2  0 ] (0.00000001)
[  0  0  0  0  1  0  0  2  1 ] (0.00000012)
[  0  0  0  0  1  0  0  2  2 ] (0.00000002)
[  0  0  0  0  1  0  0  3  0 ] (0.00000002)
[  0  0  0  0  1  0  0  3  1 ] (0.00000044)
[  0  0  0  0  1  0  0  4  0 ] (0.00000016)
[  0  0  0  0  1  0  1  0  0 ] (0.00000409)
[  0  0  0  0  1  0  1  0  1 ] (0.00000028)
[  0  0  0  0  1  0  1  0  2 ] (0.00000020)
[  0  0  0  0  1  0  1  0  3 ] (0.00000002)
[  0  0  0  0  1  0  1  1  0 ] (0.00017043)
[  0  0  0  0  1  0  1  1  1 ] (0.00000447)
[  0  0  0  0  1  0  1  1  2 ] (0.00000012)
[  0  0  0  0  1  0  1  2  0 ] (0.00000100)
[  0  0  0  0  1  0  1  2  1 ] (0.00000001)
[  0  0  0  0  1  0  1  3  0 ] (0.00000232)
[  0  0  0  0  1  0  2  0  0 ] (0.00000015)
[  0  0  0  0  1  0  2  0  1 ] (0.00000072)
[  0  0  0  0  1  0  2  0  2 ] (0.00000007)
[  0  0  0  0  1  0  2  1  0 ] (0.00000571)
[  0  0  0  0  1  0  2  1  1 ] (0.00000108)
[  0  0  0  0  1  0  2  2  0 ] (0.00000001)
[  0  0  0  0  1  0  3  0  0 ] (0.00000109)
[  0  0  0  0  1  0  3  0  1 ] (0.00000097)
[  0  0  0  0  1  0  3  1  0 ] (0.00003075)
[  0  0  0  0  1  0  4  0  0 ] (0.00000060)
[  0  0  0  0  1  1  0  0  0 ] (0.00076412)
[  0  0  0  0  1  1  0  0  1 ] (0.00002377)
[  0  0  0  0  1  1  0  0  2 ] (0.00000085)
[  0  0  0  0  1  1  0  0  3 ] (0.00000021)
[  0  0  0  0  1  1  0  1  0 ] (0.00000408)
[  0  0  0  0  1  1  0  1  1 ] (0.00000094)
[  0  0  0  0  1  1  0  1  2 ] (0.00000000)
[  0  0  0  0  1  1  0  2  0 ] (0.00000008)
[  0  0  0  0  1  1  0  2  1 ] (0.00000022)
[  0  0  0  0  1  1  0  3  0 ] (0.00000002)
[  0  0  0  0  1  1  1  0  0 ] (0.00002389)
[  0  0  0  0  1  1  1  0  1 ] (0.00000031)
[  0  0  0  0  1  1  1  0  2 ] (0.00000001)
[  0  0  0  0  1  1  1  1  0 ] (0.00000235)
[  0  0  0  0  1  1  1  1  1 ] (0.00000000)
[  0  0  0  0  1  1  1  2  0 ] (0.00000014)
[  0  0  0  0  1  1  2  0  0 ] (0.00000010)
[  0  0  0  0  1  1  2  0  1 ] (0.00000039)
[  0  0  0  0  1  1  2  1  0 ] (0.00000009)
[  0  0  0  0  1  1  3  0  0 ] (0.00000014)
[  0  0  0  0  1  2  0  0  0 ] (0.00000065)
[  0  0  0  0  1  2  0  0  1 ] (0.00000016)
[  0  0  0  0  1  2  0  0  2 ] (0.00000010)
[  0  0  0  0  1  2  0  1  0 ] (0.00000004)
[  0  0  0  0  1  2  0  1  1 ] (0.00000002)
[  0  0  0  0  1  2  0  2  0 ] (0.00000000)
[  0  0  0  0  1  2  1  0  0 ] (0.00000000)
[  0  0  0  0  1  2  1  0  1 ] (0.00000001)
[  0  0  0  0  1  2  1  1  0 ] (0.00000022)
[  0  0  0  0  1  2  2  0  0 ] (0.00000002)
[  0  0  0  0  1  3  0  0  0 ] (0.00000699)
[  0  0  0  0  1  3  0  0  1 ] (0.00000002)
[  0  0  0  0  1  3  0  1  0 ] (0.00000016)
[  0  0  0  0  1  3  1  0  0 ] (0.00000036)
[  0  0  0  0  1  4  0  0  0 ] (0.00000008)
[  0  0  0  0  2  0  0  0  0 ] (0.52901891)
[  0  0  0  0  2  0  0  0  1 ] (0.00507073)
[  0  0  0  0  2  0  0  0  2 ] (0.00007584)
[  0  0  0  0  2  0  0  0  3 ] (0.00000630)
[  0  0  0  0  2  0  0  1  0 ] (0.00000062)
[  0  0  0  0  2  0  0  1  1 ] (0.00005976)
[  0  0  0  0  2  0  0  1  2 ] (0.00000479)
[  0  0  0  0  2  0  0  2  0 ] (0.00012187)
[  0  0  0  0  2  0  0  2  1 ] (0.00017555)
[  0  0  0  0  2  0  0  3  0 ] (0.00003027)
[  0  0  0  0  2  0  1  0  0 ] (0.00576822)
[  0  0  0  0  2  0  1  0  1 ] (0.00007616)
[  0  0  0  0  2  0  1  0  2 ] (0.00001398)
[  0  0  0  0  2  0  1  1  0 ] (0.00002773)
[  0  0  0  0  2  0  1  1  1 ] (0.00000012)
[  0  0  0  0  2  0  1  2  0 ] (0.00022303)
[  0  0  0  0  2  0  2  0  0 ] (0.00002886)
[  0  0  0  0  2  0  2  0  1 ] (0.00027144)
[  0  0  0  0  2  0  2  1  0 ] (0.00000319)
[  0  0  0  0  2  0  3  0  0 ] (0.00004439)
[  0  0  0  0  2  1  0  0  0 ] (0.04483446)
[  0  0  0  0  2  1  0  0  1 ] (0.00019639)
[  0  0  0  0  2  1  0  0  2 ] (0.00003392)
[  0  0  0  0  2  1  0  1  0 ] (0.00006622)
[  0  0  0  0  2  1  0  1  1 ] (0.00000997)
[  0  0  0  0  2  1  0  2  0 ] (0.00000112)
[  0  0  0  0  2  1  1  0  0 ] (0.00040270)
[  0  0  0  0  2  1  1  0  1 ] (0.00000664)
[  0  0  0  0  2  1  1  1  0 ] (0.00000008)
[  0  0  0  0  2  1  2  0  0 ] (0.00001689)
[  0  0  0  0  2  2  0  0  0 ] (0.00059878)
[  0  0  0  0  2  2  0  0  1 ] (0.00000001)
[  0  0  0  0  2  2  0  1  0 ] (0.00000119)
[  0  0  0  0  2  2  1  0  0 ] (0.00000253)
[  0  0  0  0  2  3  0  0  0 ] (0.00037195)
[  0  0  0  0  3  0  0  0  0 ] (0.00399127)
[  0  0  0  0  3  0  0  0  1 ] (0.00020319)
[  0  0  0  0  3  0  0  0  2 ] (0.00000153)
[  0  0  0  0  3  0  0  1  0 ] (0.00000010)
[  0  0  0  0  3  0  0  1  1 ] (0.00000016)
[  0  0  0  0  3  0  0  2  0 ] (0.00000124)
[  0  0  0  0  3  0  1  0  0 ] (0.00023223)
[  0  0  0  0  3  0  1  0  1 ] (0.00002277)
[  0  0  0  0  3  0  1  1  0 ] (0.00000458)
[  0  0  0  0  3  0  2  0  0 ] (0.00000464)
[  0  0  0  0  3  1  0  0  0 ] (0.00180954)
[  0  0  0  0  3  1  0  0  1 ] (0.00001022)
[  0  0  0  0  3  1  0  1  0 ] (0.00000351)
[  0  0  0  0  3  1  1  0  0 ] (0.00004535)
[  0  0  0  0  3  2  0  0  0 ] (0.00001884)
[  0  0  0  0  4  0  0  0  0 ] (0.00001068)
[  0  0  0  0  4  0  0  0  1 ] (0.00000139)
[  0  0  0  0  4  0  0  1  0 ] (0.00002376)
[  0  0  0  0  4  0  1  0  0 ] (0.00007894)
[  0  0  0  0  4  1  0  0  0 ] (0.00000002)
[  0  0  0  0  5  0  0  0  0 ] (0.00157210)
[  0  0  0  1  0  0  0  0  0 ] (0.00010831)
[  0  0  0  1  0  0  0  0  1 ] (0.00000508)
[  0  0  0  1  0  0  0  0  2 ] (0.00000001)
[  0  0  0  1  0  0  0  0  3 ] (0.00000001)
[  0  0  0  1  0  0  0  0  4 ] (0.00000002)
[  0  0  0  1  0  0  0  1  0 ] (0.00000281)
[  0  0  0  1  0  0  0  1  1 ] (0.00000066)
[  0  0  0  1  0  0  0  1  2 ] (0.00000014)
[  0  0  0  1  0  0  0  1  3 ] (0.00000004)
[  0  0  0  1  0  0  0  2  0 ] (0.00000001)
[  0  0  0  1  0  0  0  2  1 ] (0.00000003)
[  0  0  0  1  0  0  0  2  2 ] (0.00000000)
[  0  0  0  1  0  0  0  3  0 ] (0.00000012)
[  0  0  0  1  0  0  0  3  1 ] (0.00000010)
[  0  0  0  1  0  0  0  4  0 ] (0.00000002)
[  0  0  0  1  0  0  1  0  0 ] (0.00000394)
[  0  0  0  1  0  0  1  0  1 ] (0.00000064)
[  0  0  0  1  0  0  1  0  2 ] (0.00000023)
[  0  0  0  1  0  0  1  0  3 ] (0.00000010)
[  0  0  0  1  0  0  1  1  0 ] (0.00000421)
[  0  0  0  1  0  0  1  1  1 ] (0.00000280)
[  0  0  0  1  0  0  1  1  2 ] (0.00000006)
[  0  0  0  1  0  0  1  2  0 ] (0.00000020)
[  0  0  0  1  0  0  1  2  1 ] (0.00000002)
[  0  0  0  1  0  0  1  3  0 ] (0.00000046)
[  0  0  0  1  0  0  2  0  0 ] (0.00000483)
[  0  0  0  1  0  0  2  0  1 ] (0.00000103)
[  0  0  0  1  0  0  2  0  2 ] (0.00000002)
[  0  0  0  1  0  0  2  1  0 ] (0.00000044)
[  0  0  0  1  0  0  2  1  1 ] (0.00000004)
[  0  0  0  1  0  0  2  2  0 ] (0.00000000)
[  0  0  0  1  0  0  3  0  0 ] (0.00000044)
[  0  0  0  1  0  0  3  0  1 ] (0.00000288)
[  0  0  0  1  0  0  3  1  0 ] (0.00000055)
[  0  0  0  1  0  0  4  0  0 ] (0.00000309)
[  0  0  0  1  0  1  0  0  0 ] (0.00017003)
[  0  0  0  1  0  1  0  0  1 ] (0.00000157)
[  0  0  0  1  0  1  0  0  2 ] (0.00000002)
[  0  0  0  1  0  1  0  0  3 ] (0.00000002)
[  0  0  0  1  0  1  0  1  0 ] (0.00000110)
[  0  0  0  1  0  1  0  1  1 ] (0.00000078)
[  0  0  0  1  0  1  0  1  2 ] (0.00000006)
[  0  0  0  1  0  1  0  2  0 ] (0.00000002)
[  0  0  0  1  0  1  0  2  1 ] (0.00000008)
[  0  0  0  1  0  1  0  3  0 ] (0.00000003)
[  0  0  0  1  0  1  1  0  0 ] (0.00000062)
[  0  0  0  1  0  1  1  0  1 ] (0.00000357)
[  0  0  0  1  0  1  1  0  2 ] (0.00000020)
[  0  0  0  1  0  1  1  1  0 ] (0.00000025)
[  0  0  0  1  0  1  1  1  1 ] (0.00000020)
[  0  0  0  1  0  1  1  2  0 ] (0.00000001)
[  0  0  0  1  0  1  2  0  0 ] (0.00000030)
[  0  0  0  1  0  1  2  0  1 ] (0.00000002)
[  0  0  0  1  0  1  2  1  0 ] (0.00000010)
[  0  0  0  1  0  1  3  0  0 ] (0.00000024)
[  0  0  0  1  0  2  0  0  0 ] (0.00000962)
[  0  0  0  1  0  2  0  0  1 ] (0.00000003)
[  0  0  0  1  0  2  0  0  2 ] (0.00000001)
[  0  0  0  1  0  2  0  1  0 ] (0.00000006)
[  0  0  0  1  0  2  0  1  1 ] (0.00000000)
[  0  0  0  1  0  2  0  2  0 ] (0.00000000)
[  0  0  0  1  0  2  1  0  0 ] (0.00000000)
[  0  0  0  1  0  2  1  0  1 ] (0.00000006)
[  0  0  0  1  0  2  1  1  0 ] (0.00000003)
[  0  0  0  1  0  2  2  0  0 ] (0.00000000)
[  0  0  0  1  0  3  0  0  0 ] (0.00000538)
[  0  0  0  1  0  3  0  0  1 ] (0.00000003)
[  0  0  0  1  0  3  0  1  0 ] (0.00000000)
[  0  0  0  1  0  3  1  0  0 ] (0.00000000)
[  0  0  0  1  0  4  0  0  0 ] (0.00000000)
[  0  0  0  1  1  0  0  0  0 ] (0.00386301)
[  0  0  0  1  1  0  0  0  1 ] (0.00008384)
[  0  0  0  1  1  0  0  0  2 ] (0.00000065)
[  0  0  0  1  1  0  0  0  3 ] (0.00000039)
[  0  0  0  1  1  0  0  1  0 ] (0.00000015)
[  0  0  0  1  1  0  0  1  1 ] (0.00000129)
[  0  0  0  1  1  0  0  1  2 ] (0.00000012)
[  0  0  0  1  1  0  0  2  0 ] (0.00000147)
[  0  0  0  1  1  0  0  2  1 ] (0.00000104)
[  0  0  0  1  1  0  0  3  0 ] (0.00000058)
[  0  0  0  1  1  0  1  0  0 ] (0.00009856)
[  0  0  0  1  1  0  1  0  1 ] (0.00000254)
[  0  0  0  1  1  0  1  0  2 ] (0.00000021)
[  0  0  0  1  1  0  1  1  0 ] (0.00000008)
[  0  0  0  1  1  0  1  1  1 ] (0.00000000)
[  0  0  0  1  1  0  1  2  0 ] (0.00000147)
[  0  0  0  1  1  0  2  0  0 ] (0.00000200)
[  0  0  0  1  1  0  2  0  1 ] (0.00000216)
[  0  0  0  1  1  0  2  1  0 ] (0.00000012)
[  0  0  0  1  1  0  3  0  0 ] (0.00000253)
[  0  0  0  1  1  1  0  0  0 ] (0.00181186)
[  0  0  0  1  1  1  0  0  1 ] (0.00000065)
[  0  0  0  1  1  1  0  0  2 ] (0.00000039)
[  0  0  0  1  1  1  0  1  0 ] (0.00000472)
[  0  0  0  1  1  1  0  1  1 ] (0.00000008)
[  0  0  0  1  1  1  0  2  0 ] (0.00000003)
[  0  0  0  1  1  1  1  0  0 ] (0.00000383)
[  0  0  0  1  1  1  1  0  1 ] (0.00000062)
[  0  0  0  1  1  1  1  1  0 ] (0.00000010)
[  0  0  0  1  1  1  2  0  0 ] (0.00000055)
[  0  0  0  1  1  2  0  0  0 ] (0.00000295)
[  0  0  0  1  1  2  0  0  1 ] (0.00000003)
[  0  0  0  1  1  2  0  1  0 ] (0.00000012)
[  0  0  0  1  1  2  1  0  0 ] (0.00000003)
[  0  0  0  1  1  3  0  0  0 ] (0.00000329)
[  0  0  0  1  2  0  0  0  0 ] (0.00007633)
[  0  0  0  1  2  0  0  0  1 ] (0.00000768)
[  0  0  0  1  2  0  0  0  2 ] (0.00000174)
[  0  0  0  1  2  0  0  1  0 ] (0.00000341)
[  0  0  0  1  2  0  0  1  1 ] (0.00003491)
[  0  0  0  1  2  0  0  2  0 ] (0.00000195)
[  0  0  0  1  2  0  1  0  0 ] (0.00004237)
[  0  0  0  1  2  0  1  0  1 ] (0.00002321)
[  0  0  0  1  2  0  1  1  0 ] (0.00000593)
[  0  0  0  1  2  0  2  0  0 ] (0.00000661)
[  0  0  0  1  2  1  0  0  0 ] (0.00000859)
[  0  0  0  1  2  1  0  0  1 ] (0.00002225)
[  0  0  0  1  2  1  0  1  0 ] (0.00000002)
[  0  0  0  1  2  1  1  0  0 ] (0.00001910)
[  0  0  0  1  2  2  0  0  0 ] (0.00000243)
[  0  0  0  1  3  0  0  0  0 ] (0.00008592)
[  0  0  0  1  3  0  0  0  1 ] (0.00000018)
[  0  0  0  1  3  0  0  1  0 ] (0.00000050)
[  0  0  0  1  3  0  1  0  0 ] (0.00000056)
[  0  0  0  1  3  1  0  0  0 ] (0.00000375)
[  0  0  0  1  4  0  0  0  0 ] (0.00000197)
[  0  0  0  2  0  0  0  0  0 ] (0.00127009)
[  0  0  0  2  0  0  0  0  1 ] (0.00000191)
[  0  0  0  2  0  0  0  0  2 ] (0.00000002)
[  0  0  0  2  0  0  0  0  3 ] (0.00000001)
[  0  0  0  2  0  0  0  1  0 ] (0.00000029)
[  0  0  0  2  0  0  0  1  1 ] (0.00000380)
[  0  0  0  2  0  0  0  1  2 ] (0.00000015)
[  0  0  0  2  0  0  0  2  0 ] (0.00000121)
[  0  0  0  2  0  0  0  2  1 ] (0.00000063)
[  0  0  0  2  0  0  0  3  0 ] (0.00000030)
[  0  0  0  2  0  0  1  0  0 ] (0.00009171)
[  0  0  0  2  0  0  1  0  1 ] (0.00002594)
[  0  0  0  2  0  0  1  0  2 ] (0.00000076)
[  0  0  0  2  0  0  1  1  0 ] (0.00000008)
[  0  0  0  2  0  0  1  1  1 ] (0.00000001)
[  0  0  0  2  0  0  1  2  0 ] (0.00000121)
[  0  0  0  2  0  0  2  0  0 ] (0.00000000)
[  0  0  0  2  0  0  2  0  1 ] (0.00000103)
[  0  0  0  2  0  0  2  1  0 ] (0.00000002)
[  0  0  0  2  0  0  3  0  0 ] (0.00000001)
[  0  0  0  2  0  1  0  0  0 ] (0.00002881)
[  0  0  0  2  0  1  0  0  1 ] (0.00000014)
[  0  0  0  2  0  1  0  0  2 ] (0.00000015)
[  0  0  0  2  0  1  0  1  0 ] (0.00000937)
[  0  0  0  2  0  1  0  1  1 ] (0.00000074)
[  0  0  0  2  0  1  0  2  0 ] (0.00000057)
[  0  0  0  2  0  1  1  0  0 ] (0.00004848)
[  0  0  0  2  0  1  1  0  1 ] (0.00000407)
[  0  0  0  2  0  1  1  1  0 ] (0.00000021)
[  0  0  0  2  0  1  2  0  0 ] (0.00000002)
[  0  0  0  2  0  2  0  0  0 ] (0.00003361)
[  0  0  0  2  0  2  0  0  1 ] (0.00000033)
[  0  0  0  2  0  2  0  1  0 ] (0.00000024)
[  0  0  0  2  0  2  1  0  0 ] (0.00000188)
[  0  0  0  2  0  3  0  0  0 ] (0.00000172)
[  0  0  0  2  1  0  0  0  0 ] (0.00004499)
[  0  0  0  2  1  0  0  0  1 ] (0.00000463)
[  0  0  0  2  1  0  0  0  2 ] (0.00000021)
[  0  0  0  2  1  0  0  1  0 ] (0.00000111)
[  0  0  0  2  1  0  0  1  1 ] (0.00000029)
[  0  0  0  2  1  0  0  2  0 ] (0.00000007)
[  0  0  0  2  1  0  1  0  0 ] (0.00000007)
[  0  0  0  2  1  0  1  0  1 ] (0.00000029)
[  0  0  0  2  1  0  1  1  0 ] (0.00000018)
[  0  0  0  2  1  0  2  0  0 ] (0.00000008)
[  0  0  0  2  1  1  0  0  0 ] (0.00000562)
[  0  0  0  2  1  1  0  0  1 ] (0.00000279)
[  0  0  0  2  1  1  0  1  0 ] (0.00000001)
[  0  0  0  2  1  1  1  0  0 ] (0.00000085)
[  0  0  0  2  1  2  0  0  0 ] (0.00000008)
[  0  0  0  2  2  0  0  0  0 ] (0.00021475)
[  0  0  0  2  2  0  0  0  1 ] (0.00001102)
[  0  0  0  2  2  0  0  1  0 ] (0.00000015)
[  0  0  0  2  2  0  1  0  0 ] (0.00004921)
[  0  0  0  2  2  1  0  0  0 ] (0.00073102)
[  0  0  0  2  3  0  0  0  0 ] (0.00005684)
[  0  0  0  3  0  0  0  0  0 ] (0.00006061)
[  0  0  0  3  0  0  0  0  1 ] (0.00000069)
[  0  0  0  3  0  0  0  0  2 ] (0.00000002)
[  0  0  0  3  0  0  0  1  0 ] (0.00000000)
[  0  0  0  3  0  0  0  1  1 ] (0.00000050)
[  0  0  0  3  0  0  0  2  0 ] (0.00000004)
[  0  0  0  3  0  0  1  0  0 ] (0.00001534)
[  0  0  0  3  0  0  1  0  1 ] (0.00000922)
[  0  0  0  3  0  0  1  1  0 ] (0.00000004)
[  0  0  0  3  0  0  2  0  0 ] (0.00000306)
[  0  0  0  3  0  1  0  0  0 ] (0.00009040)
[  0  0  0  3  0  1  0  0  1 ] (0.00000005)
[  0  0  0  3  0  1  0  1  0 ] (0.00000143)
[  0  0  0  3  0  1  1  0  0 ] (0.00006066)
[  0  0  0  3  0  2  0  0  0 ] (0.00000175)
[  0  0  0  3  1  0  0  0  0 ] (0.00003054)
[  0  0  0  3  1  0  0  0  1 ] (0.00000024)
[  0  0  0  3  1  0  0  1  0 ] (0.00000037)
[  0  0  0  3  1  0  1  0  0 ] (0.00000025)
[  0  0  0  3  1  1  0  0  0 ] (0.00000012)
[  0  0  0  3  2  0  0  0  0 ] (0.00001826)
[  0  0  0  4  0  0  0  0  0 ] (0.00002975)
[  0  0  0  4  0  0  0  0  1 ] (0.00000025)
[  0  0  0  4  0  0  0  1  0 ] (0.00000630)
[  0  0  0  4  0  0  1  0  0 ] (0.00000034)
[  0  0  0  4  0  1  0  0  0 ] (0.00001145)
[  0  0  0  4  1  0  0  0  0 ] (0.00064169)
[  0  0  0  5  0  0  0  0  0 ] (0.00003072)
[  0  0  1  0  0  0  0  0  0 ] (0.00702297)
[  0  0  1  0  0  0  0  0  1 ] (0.00028249)
[  0  0  1  0  0  0  0  0  2 ] (0.00000084)
[  0  0  1  0  0  0  0  0  3 ] (0.00000565)
[  0  0  1  0  0  0  0  0  4 ] (0.00000001)
[  0  0  1  0  0  0  0  1  0 ] (0.00002696)
[  0  0  1  0  0  0  0  1  1 ] (0.00000179)
[  0  0  1  0  0  0  0  1  2 ] (0.00000023)
[  0  0  1  0  0  0  0  1  3 ] (0.00000007)
[  0  0  1  0  0  0  0  2  0 ] (0.00000043)
[  0  0  1  0  0  0  0  2  1 ] (0.00000222)
[  0  0  1  0  0  0  0  2  2 ] (0.00000035)
[  0  0  1  0  0  0  0  3  0 ] (0.00000014)
[  0  0  1  0  0  0  0  3  1 ] (0.00000630)
[  0  0  1  0  0  0  0  4  0 ] (0.00000001)
[  0  0  1  0  0  0  1  0  0 ] (0.00006316)
[  0  0  1  0  0  0  1  0  1 ] (0.00004111)
[  0  0  1  0  0  0  1  0  2 ] (0.00000306)
[  0  0  1  0  0  0  1  0  3 ] (0.00000069)
[  0  0  1  0  0  0  1  1  0 ] (0.00000787)
[  0  0  1  0  0  0  1  1  1 ] (0.00000036)
[  0  0  1  0  0  0  1  1  2 ] (0.00000002)
[  0  0  1  0  0  0  1  2  0 ] (0.00000527)
[  0  0  1  0  0  0  1  2  1 ] (0.00000001)
[  0  0  1  0  0  0  1  3  0 ] (0.00001251)
[  0  0  1  0  0  0  2  0  0 ] (0.00000524)
[  0  0  1  0  0  0  2  0  1 ] (0.00000148)
[  0  0  1  0  0  0  2  0  2 ] (0.00000009)
[  0  0  1  0  0  0  2  1  0 ] (0.00000004)
[  0  0  1  0  0  0  2  1  1 ] (0.00000001)
[  0  0  1  0  0  0  2  2  0 ] (0.00000000)
[  0  0  1  0  0  0  3  0  0 ] (0.00004187)
[  0  0  1  0  0  0  3  0  1 ] (0.00000000)
[  0  0  1  0  0  0  3  1  0 ] (0.00000001)
[  0  0  1  0  0  0  4  0  0 ] (0.00000606)
[  0  0  1  0  0  1  0  0  0 ] (0.07093727)
[  0  0  1  0  0  1  0  0  1 ] (0.00017522)
[  0  0  1  0  0  1  0  0  2 ] (0.00000004)
[  0  0  1  0  0  1  0  0  3 ] (0.00000114)
[  0  0  1  0  0  1  0  1  0 ] (0.00001696)
[  0  0  1  0  0  1  0  1  1 ] (0.00000103)
[  0  0  1  0  0  1  0  1  2 ] (0.00000026)
[  0  0  1  0  0  1  0  2  0 ] (0.00000973)
[  0  0  1  0  0  1  0  2  1 ] (0.00002113)
[  0  0  1  0  0  1  0  3  0 ] (0.00000239)
[  0  0  1  0  0  1  1  0  0 ] (0.00003390)
[  0  0  1  0  0  1  1  0  1 ] (0.00000433)
[  0  0  1  0  0  1  1  0  2 ] (0.00000015)
[  0  0  1  0  0  1  1  1  0 ] (0.00000031)
[  0  0  1  0  0  1  1  1  1 ] (0.00000009)
[  0  0  1  0  0  1  1  2  0 ] (0.00002656)
[  0  0  1  0  0  1  2  0  0 ] (0.00001066)
[  0  0  1  0  0  1  2  0  1 ] (0.00003439)
[  0  0  1  0  0  1  2  1  0 ] (0.00000040)
[  0  0  1  0  0  1  3  0  0 ] (0.00000604)
[  0  0  1  0  0  2  0  0  0 ] (0.00029577)
[  0  0  1  0  0  2  0  0  1 ] (0.00000119)
[  0  0  1  0  0  2  0  0  2 ] (0.00000671)
[  0  0  1  0  0  2  0  1  0 ] (0.00000494)
[  0  0  1  0  0  2  0  1  1 ] (0.00000024)
[  0  0  1  0  0  2  0  2  0 ] (0.00000001)
[  0  0  1  0  0  2  1  0  0 ] (0.00000092)
[  0  0  1  0  0  2  1  0  1 ] (0.00000175)
[  0  0  1  0  0  2  1  1  0 ] (0.00000022)
[  0  0  1  0  0  2  2  0  0 ] (0.00000210)
[  0  0  1  0  0  3  0  0  0 ] (0.00041678)
[  0  0  1  0  0  3  0  0  1 ] (0.00000010)
[  0  0  1  0  0  3  0  1  0 ] (0.00000025)
[  0  0  1  0  0  3  1  0  0 ] (0.00000031)
[  0  0  1  0  0  4  0  0  0 ] (0.00001393)
[  0  0  1  0  1  0  0  0  0 ] (0.00551980)
[  0  0  1  0  1  0  0  0  1 ] (0.00005664)
[  0  0  1  0  1  0  0  0  2 ] (0.00000048)
[  0  0  1  0  1  0  0  0  3 ] (0.00000051)
[  0  0  1  0  1  0  0  1  0 ] (0.00001377)
[  0  0  1  0  1  0  0  1  1 ] (0.00000083)
[  0  0  1  0  1  0  0  1  2 ] (0.00000003)
[  0  0  1  0  1  0  0  2  0 ] (0.00000131)
[  0  0  1  0  1  0  0  2  1 ] (0.00000227)
[  0  0  1  0  1  0  0  3  0 ] (0.00000058)
[  0  0  1  0  1  0  1  0  0 ] (0.00002373)
[  0  0  1  0  1  0  1  0  1 ] (0.00000110)
[  0  0  1  0  1  0  1  0  2 ] (0.00000005)
[  0  0  1  0  1  0  1  1  0 ] (0.00000220)
[  0  0  1  0  1  0  1  1  1 ] (0.00000010)
[  0  0  1  0  1  0  1  2  0 ] (0.00000190)
[  0  0  1  0  1  0  2  0  0 ] (0.00000074)
[  0  0  1  0  1  0  2  0  1 ] (0.00000261)
[  0  0  1  0  1  0  2  1  0 ] (0.00000002)
[  0  0  1  0  1  0  3  0  0 ] (0.00000105)
[  0  0  1  0  1  1  0  0  0 ] (0.00042751)
[  0  0  1  0  1  1  0  0  1 ] (0.00000000)
[  0  0  1  0  1  1  0  0  2 ] (0.00000001)
[  0  0  1  0  1  1  0  1  0 ] (0.00001375)
[  0  0  1  0  1  1  0  1  1 ] (0.00000220)
[  0  0  1  0  1  1  0  2  0 ] (0.00000000)
[  0  0  1  0  1  1  1  0  0 ] (0.00000012)
[  0  0  1  0  1  1  1  0  1 ] (0.00000011)
[  0  0  1  0  1  1  1  1  0 ] (0.00003377)
[  0  0  1  0  1  1  2  0  0 ] (0.00000072)
[  0  0  1  0  1  2  0  0  0 ] (0.00003448)
[  0  0  1  0  1  2  0  0  1 ] (0.00000149)
[  0  0  1  0  1  2  0  1  0 ] (0.00000020)
[  0  0  1  0  1  2  1  0  0 ] (0.00000055)
[  0  0  1  0  1  3  0  0  0 ] (0.00000413)
[  0  0  1  0  2  0  0  0  0 ] (0.03911408)
[  0  0  1  0  2  0  0  0  1 ] (0.00027828)
[  0  0  1  0  2  0  0  0  2 ] (0.00000826)
[  0  0  1  0  2  0  0  1  0 ] (0.00003113)
[  0  0  1  0  2  0  0  1  1 ] (0.00000866)
[  0  0  1  0  2  0  0  2  0 ] (0.00000001)
[  0  0  1  0  2  0  1  0  0 ] (0.00004798)
[  0  0  1  0  2  0  1  0  1 ] (0.00008678)
[  0  0  1  0  2  0  1  1  0 ] (0.00000719)
[  0  0  1  0  2  0  2  0  0 ] (0.00001950)
[  0  0  1  0  2  1  0  0  0 ] (0.00174852)
[  0  0  1  0  2  1  0  0  1 ] (0.00001466)
[  0  0  1  0  2  1  0  1  0 ] (0.00003491)
[  0  0  1  0  2  1  1  0  0 ] (0.00000066)
[  0  0  1  0  2  2  0  0  0 ] (0.00004392)
[  0  0  1  0  3  0  0  0  0 ] (0.00189191)
[  0  0  1  0  3  0  0  0  1 ] (0.00000355)
[  0  0  1  0  3  0  0  1  0 ] (0.00000555)
[  0  0  1  0  3  0  1  0  0 ] (0.00000671)
[  0  0  1  0  3  1  0  0  0 ] (0.00012782)
[  0  0  1  0  4  0  0  0  0 ] (0.00000975)
[  0  0  1  1  0  0  0  0  0 ] (0.00068726)
[  0  0  1  1  0  0  0  0  1 ] (0.00000604)
[  0  0  1  1  0  0  0  0  2 ] (0.00000017)
[  0  0  1  1  0  0  0  0  3 ] (0.00000053)
[  0  0  1  1  0  0  0  1  0 ] (0.00001833)
[  0  0  1  1  0  0  0  1  1 ] (0.00000006)
[  0  0  1  1  0  0  0  1  2 ] (0.00000002)
[  0  0  1  1  0  0  0  2  0 ] (0.00000035)
[  0  0  1  1  0  0  0  2  1 ] (0.00000013)
[  0  0  1  1  0  0  0  3  0 ] (0.00000032)
[  0  0  1  1  0  0  1  0  0 ] (0.00002232)
[  0  0  1  1  0  0  1  0  1 ] (0.00000234)
[  0  0  1  1  0  0  1  0  2 ] (0.00000002)
[  0  0  1  1  0  0  1  1  0 ] (0.00000347)
[  0  0  1  1  0  0  1  1  1 ] (0.00000002)
[  0  0  1  1  0  0  1  2  0 ] (0.00000026)
[  0  0  1  1  0  0  2  0  0 ] (0.00000301)
[  0  0  1  1  0  0  2  0  1 ] (0.00000112)
[  0  0  1  1  0  0  2  1  0 ] (0.00000009)
[  0  0  1  1  0  0  3  0  0 ] (0.00000303)
[  0  0  1  1  0  1  0  0  0 ] (0.00017708)
[  0  0  1  1  0  1  0  0  1 ] (0.00000015)
[  0  0  1  1  0  1  0  0  2 ] (0.00000023)
[  0  0  1  1  0  1  0  1  0 ] (0.00000113)
[  0  0  1  1  0  1  0  1  1 ] (0.00000615)
[  0  0  1  1  0  1  0  2  0 ] (0.00000011)
[  0  0  1  1  0  1  1  0  0 ] (0.00001231)
[  0  0  1  1  0  1  1  0  1 ] (0.00000743)
[  0  0  1  1  0  1  1  1  0 ] (0.00000277)
[  0  0  1  1  0  1  2  0  0 ] (0.00000160)
[  0  0  1  1  0  2  0  0  0 ] (0.00000521)
[  0  0  1  1  0  2  0  0  1 ] (0.00000274)
[  0  0  1  1  0  2  0  1  0 ] (0.00000008)
[  0  0  1  1  0  2  1  0  0 ] (0.00000059)
[  0  0  1  1  0  3  0  0  0 ] (0.00000109)
[  0  0  1  1  1  0  0  0  0 ] (0.00117639)
[  0  0  1  1  1  0  0  0  1 ] (0.00003063)
[  0  0  1  1  1  0  0  0  2 ] (0.00000065)
[  0  0  1  1  1  0  0  1  0 ] (0.00000261)
[  0  0  1  1  1  0  0  1  1 ] (0.00000001)
[  0  0  1  1  1  0  0  2  0 ] (0.00000050)
[  0  0  1  1  1  0  1  0  0 ] (0.00011806)
[  0  0  1  1  1  0  1  0  1 ] (0.00000124)
[  0  0  1  1  1  0  1  1  0 ] (0.00000000)
[  0  0  1  1  1  0  2  0  0 ] (0.00000000)
[  0  0  1  1  1  1  0  0  0 ] (0.00009054)
[  0  0  1  1  1  1  0  0  1 ] (0.00000395)
[  0  0  1  1  1  1  0  1  0 ] (0.00000142)
[  0  0  1  1  1  1  1  0  0 ] (0.00000129)
[  0  0  1  1  1  2  0  0  0 ] (0.00000303)
[  0  0  1  1  2  0  0  0  0 ] (0.00067577)
[  0  0  1  1  2  0  0  0  1 ] (0.00000043)
[  0  0  1  1  2  0  0  1  0 ] (0.00003341)
[  0  0  1  1  2  0  1  0  0 ] (0.00005467)
[  0  0  1  1  2  1  0  0  0 ] (0.00003593)
[  0  0  1  1  3  0  0  0  0 ] (0.00000007)
[  0  0  1  2  0  0  0  0  0 ] (0.03097167)
[  0  0  1  2  0  0  0  0  1 ] (0.00011242)
[  0  0  1  2  0  0  0  0  2 ] (0.00000161)
[  0  0  1  2  0  0  0  1  0 ] (0.00001156)
[  0  0  1  2  0  0  0  1  1 ] (0.00000023)
[  0  0  1  2  0  0  0  2  0 ] (0.00000004)
[  0  0  1  2  0  0  1  0  0 ] (0.00005952)
[  0  0  1  2  0  0  1  0  1 ] (0.00000017)
[  0  0  1  2  0  0  1  1  0 ] (0.00000001)
[  0  0  1  2  0  0  2  0  0 ] (0.00000038)
[  0  0  1  2  0  1  0  0  0 ] (0.00579879)
[  0  0  1  2  0  1  0  0  1 ] (0.00002970)
[  0  0  1  2  0  1  0  1  0 ] (0.00000540)
[  0  0  1  2  0  1  1  0  0 ] (0.00002016)
[  0  0  1  2  0  2  0  0  0 ] (0.00000746)
[  0  0  1  2  1  0  0  0  0 ] (0.00005840)
[  0  0  1  2  1  0  0  0  1 ] (0.00000000)
[  0  0  1  2  1  0  0  1  0 ] (0.00000213)
[  0  0  1  2  1  0  1  0  0 ] (0.00000025)
[  0  0  1  2  1  1  0  0  0 ] (0.00002159)
[  0  0  1  2  2  0  0  0  0 ] (0.00003739)
[  0  0  1  3  0  0  0  0  0 ] (0.00473899)
[  0  0  1  3  0  0  0  0  1 ] (0.00000929)
[  0  0  1  3  0  0  0  1  0 ] (0.00000077)
[  0  0  1  3  0  0  1  0  0 ] (0.00000666)
[  0  0  1  3  0  1  0  0  0 ] (0.00040513)
[  0  0  1  3  1  0  0  0  0 ] (0.00002119)
[  0  0  1  4  0  0  0  0  0 ] (0.00004330)
[  0  0  2  0  0  0  0  0  0 ] (0.00035042)
[  0  0  2  0  0  0  0  0  1 ] (0.00000062)
[  0  0  2  0  0  0  0  0  2 ] (0.00000023)
[  0  0  2  0  0  0  0  0  3 ] (0.00000024)
[  0  0  2  0  0  0  0  1  0 ] (0.00000926)
[  0  0  2  0  0  0  0  1  1 ] (0.00000054)
[  0  0  2  0  0  0  0  1  2 ] (0.00000000)
[  0  0  2  0  0  0  0  2  0 ] (0.00000056)
[  0  0  2  0  0  0  0  2  1 ] (0.00000028)
[  0  0  2  0  0  0  0  3  0 ] (0.00000026)
[  0  0  2  0  0  0  1  0  0 ] (0.00001136)
[  0  0  2  0  0  0  1  0  1 ] (0.00000452)
[  0  0  2  0  0  0  1  0  2 ] (0.00000004)
[  0  0  2  0  0  0  1  1  0 ] (0.00000000)
[  0  0  2  0  0  0  1  1  1 ] (0.00000004)
[  0  0  2  0  0  0  1  2  0 ] (0.00000028)
[  0  0  2  0  0  0  2  0  0 ] (0.00000166)
[  0  0  2  0  0  0  2  0  1 ] (0.00000006)
[  0  0  2  0  0  0  2  1  0 ] (0.00000000)
[  0  0  2  0  0  0  3  0  0 ] (0.00000193)
[  0  0  2  0  0  1  0  0  0 ] (0.00048221)
[  0  0  2  0  0  1  0  0  1 ] (0.00000116)
[  0  0  2  0  0  1  0  0  2 ] (0.00000007)
[  0  0  2  0  0  1  0  1  0 ] (0.00000200)
[  0  0  2  0  0  1  0  1  1 ] (0.00000002)
[  0  0  2  0  0  1  0  2  0 ] (0.00000001)
[  0  0  2  0  0  1  1  0  0 ] (0.00000168)
[  0  0  2  0  0  1  1  0  1 ] (0.00000955)
[  0  0  2  0  0  1  1  1  0 ] (0.00000000)
[  0  0  2  0  0  1  2  0  0 ] (0.00000163)
[  0  0  2  0  0  2  0  0  0 ] (0.00003359)
[  0  0  2  0  0  2  0  0  1 ] (0.00000041)
[  0  0  2  0  0  2  0  1  0 ] (0.00000014)
[  0  0  2  0  0  2  1  0  0 ] (0.00000232)
[  0  0  2  0  0  3  0  0  0 ] (0.00001080)
[  0  0  2  0  1  0  0  0  0 ] (0.00016559)
[  0  0  2  0  1  0  0  0  1 ] (0.00001146)
[  0  0  2  0  1  0  0  0  2 ] (0.00000019)
[  0  0  2  0  1  0  0  1  0 ] (0.00000095)
[  0  0  2  0  1  0  0  1  1 ] (0.00000003)
[  0  0  2  0  1  0  0  2  0 ] (0.00000001)
[  0  0  2  0  1  0  1  0  0 ] (0.00000050)
[  0  0  2  0  1  0  1  0  1 ] (0.00000026)
[  0  0  2  0  1  0  1  1  0 ] (0.00000035)
[  0  0  2  0  1  0  2  0  0 ] (0.00000015)
[  0  0  2  0  1  1  0  0  0 ] (0.00000140)
[  0  0  2  0  1  1  0  0  1 ] (0.00000480)
[  0  0  2  0  1  1  0  1  0 ] (0.00000004)
[  0  0  2  0  1  1  1  0  0 ] (0.00000004)
[  0  0  2  0  1  2  0  0  0 ] (0.00000105)
[  0  0  2  0  2  0  0  0  0 ] (0.00039893)
[  0  0  2  0  2  0  0  0  1 ] (0.00003734)
[  0  0  2  0  2  0  0  1  0 ] (0.00000533)
[  0  0  2  0  2  0  1  0  0 ] (0.00001348)
[  0  0  2  0  2  1  0  0  0 ] (0.00037247)
[  0  0  2  0  3  0  0  0  0 ] (0.00001347)
[  0  0  2  1  0  0  0  0  0 ] (0.00042458)
[  0  0  2  1  0  0  0  0  1 ] (0.00001150)
[  0  0  2  1  0  0  0  0  2 ] (0.00000055)
[  0  0  2  1  0  0  0  1  0 ] (0.00000006)
[  0  0  2  1  0  0  0  1  1 ] (0.00000002)
[  0  0  2  1  0  0  0  2  0 ] (0.00000000)
[  0  0  2  1  0  0  1  0  0 ] (0.00000076)
[  0  0  2  1  0  0  1  0  1 ] (0.00000019)
[  0  0  2  1  0  0  1  1  0 ] (0.00000012)
[  0  0  2  1  0  0  2  0  0 ] (0.00000004)
[  0  0  2  1  0  1  0  0  0 ] (0.00002516)
[  0  0  2  1  0  1  0  0  1 ] (0.00000050)
[  0  0  2  1  0  1  0  1  0 ] (0.00000126)
[  0  0  2  1  0  1  1  0  0 ] (0.00000138)
[  0  0  2  1  0  2  0  0  0 ] (0.00000332)
[  0  0  2  1  1  0  0  0  0 ] (0.00049528)
[  0  0  2  1  1  0  0  0  1 ] (0.00000256)
[  0  0  2  1  1  0  0  1  0 ] (0.00000087)
[  0  0  2  1  1  0  1  0  0 ] (0.00000075)
[  0  0  2  1  1  1  0  0  0 ] (0.00020617)
[  0  0  2  1  2  0  0  0  0 ] (0.00002999)
[  0  0  2  2  0  0  0  0  0 ] (0.00093520)
[  0  0  2  2  0  0  0  0  1 ] (0.00000667)
[  0  0  2  2  0  0  0  1  0 ] (0.00000011)
[  0  0  2  2  0  0  1  0  0 ] (0.00000268)
[  0  0  2  2  0  1  0  0  0 ] (0.00018550)
[  0  0  2  2  1  0  0  0  0 ] (0.00000003)
[  0  0  2  3  0  0  0  0  0 ] (0.00000811)
[  0  0  3  0  0  0  0  0  0 ] (0.02579606)
[  0  0  3  0  0  0  0  0  1 ] (0.00003925)
[  0  0  3  0  0  0  0  0  2 ] (0.00000210)
[  0  0  3  0  0  0  0  1  0 ] (0.00000591)
[  0  0  3  0  0  0  0  1  1 ] (0.00000000)
[  0  0  3  0  0  0  0  2  0 ] (0.00000029)
[  0  0  3  0  0  0  1  0  0 ] (0.00002767)
[  0  0  3  0  0  0  1  0  1 ] (0.00000080)
[  0  0  3  0  0  0  1  1  0 ] (0.00000014)
[  0  0  3  0  0  0  2  0  0 ] (0.00000093)
[  0  0  3  0  0  1  0  0  0 ] (0.00057611)
[  0  0  3  0  0  1  0  0  1 ] (0.00000066)
[  0  0  3  0  0  1  0  1  0 ] (0.00000084)
[  0  0  3  0  0  1  1  0  0 ] (0.00000740)
[  0  0  3  0  0  2  0  0  0 ] (0.00000000)
[  0  0  3  0  1  0  0  0  0 ] (0.00015901)
[  0  0  3  0  1  0  0  0  1 ] (0.00000271)
[  0  0  3  0  1  0  0  1  0 ] (0.00000064)
[  0  0  3  0  1  0  1  0  0 ] (0.00000191)
[  0  0  3  0  1  1  0  0  0 ] (0.00000038)
[  0  0  3  0  2  0  0  0  0 ] (0.00032427)
[  0  0  3  1  0  0  0  0  0 ] (0.00003252)
[  0  0  3  1  0  0  0  0  1 ] (0.00000495)
[  0  0  3  1  0  0  0  1  0 ] (0.00000523)
[  0  0  3  1  0  0  1  0  0 ] (0.00000219)
[  0  0  3  1  0  1  0  0  0 ] (0.00000056)
[  0  0  3  1  1  0  0  0  0 ] (0.00017981)
[  0  0  3  2  0  0  0  0  0 ] (0.00030464)
[  0  0  4  0  0  0  0  0  0 ] (0.00412528)
[  0  0  4  0  0  0  0  0  1 ] (0.00000176)
[  0  0  4  0  0  0  0  1  0 ] (0.00000194)
[  0  0  4  0  0  0  1  0  0 ] (0.00000004)
[  0  0  4  0  0  1  0  0  0 ] (0.00021382)
[  0  0  4  0  1  0  0  0  0 ] (0.00000335)
[  0  0  4  1  0  0  0  0  0 ] (0.00001505)
[  0  0  5  0  0  0  0  0  0 ] (0.00002384)
[  0  1  0  0  0  0  0  0  0 ] (0.00028649)
[  0  1  0  0  0  0  0  0  1 ] (0.00010438)
[  0  1  0  0  0  0  0  0  2 ] (0.00000155)
[  0  1  0  0  0  0  0  0  3 ] (0.00000018)
[  0  1  0  0  0  0  0  0  4 ] (0.00000012)
[  0  1  0  0  0  0  0  1  0 ] (0.00002497)
[  0  1  0  0  0  0  0  1  1 ] (0.00000001)
[  0  1  0  0  0  0  0  1  2 ] (0.00000000)
[  0  1  0  0  0  0  0  1  3 ] (0.00000001)
[  0  1  0  0  0  0  0  2  0 ] (0.00000269)
[  0  1  0  0  0  0  0  2  1 ] (0.00000000)
[  0  1  0  0  0  0  0  2  2 ] (0.00000000)
[  0  1  0  0  0  0  0  3  0 ] (0.00000187)
[  0  1  0  0  0  0  0  3  1 ] (0.00000012)
[  0  1  0  0  0  0  0  4  0 ] (0.00000002)
[  0  1  0  0  0  0  1  0  0 ] (0.00002341)
[  0  1  0  0  0  0  1  0  1 ] (0.00001478)
[  0  1  0  0  0  0  1  0  2 ] (0.00000081)
[  0  1  0  0  0  0  1  0  3 ] (0.00000083)
[  0  1  0  0  0  0  1  1  0 ] (0.00000619)
[  0  1  0  0  0  0  1  1  1 ] (0.00000004)
[  0  1  0  0  0  0  1  1  2 ] (0.00000000)
[  0  1  0  0  0  0  1  2  0 ] (0.00000009)
[  0  1  0  0  0  0  1  2  1 ] (0.00000008)
[  0  1  0  0  0  0  1  3  0 ] (0.00000005)
[  0  1  0  0  0  0  2  0  0 ] (0.00000004)
[  0  1  0  0  0  0  2  0  1 ] (0.00000275)
[  0  1  0  0  0  0  2  0  2 ] (0.00000001)
[  0  1  0  0  0  0  2  1  0 ] (0.00000040)
[  0  1  0  0  0  0  2  1  1 ] (0.00000007)
[  0  1  0  0  0  0  2  2  0 ] (0.00000000)
[  0  1  0  0  0  0  3  0  0 ] (0.00000116)
[  0  1  0  0  0  0  3  0  1 ] (0.00000539)
[  0  1  0  0  0  0  3  1  0 ] (0.00000067)
[  0  1  0  0  0  0  4  0  0 ] (0.00000595)
[  0  1  0  0  0  1  0  0  0 ] (0.00017905)
[  0  1  0  0  0  1  0  0  1 ] (0.00000141)
[  0  1  0  0  0  1  0  0  2 ] (0.00000024)
[  0  1  0  0  0  1  0  0  3 ] (0.00000015)
[  0  1  0  0  0  1  0  1  0 ] (0.00001934)
[  0  1  0  0  0  1  0  1  1 ] (0.00000037)
[  0  1  0  0  0  1  0  1  2 ] (0.00000003)
[  0  1  0  0  0  1  0  2  0 ] (0.00000030)
[  0  1  0  0  0  1  0  2  1 ] (0.00000009)
[  0  1  0  0  0  1  0  3  0 ] (0.00000037)
[  0  1  0  0  0  1  1  0  0 ] (0.00000061)
[  0  1  0  0  0  1  1  0  1 ] (0.00000087)
[  0  1  0  0  0  1  1  0  2 ] (0.00000005)
[  0  1  0  0  0  1  1  1  0 ] (0.00000186)
[  0  1  0  0  0  1  1  1  1 ] (0.00000014)
[  0  1  0  0  0  1  1  2  0 ] (0.00000017)
[  0  1  0  0  0  1  2  0  0 ] (0.00000076)
[  0  1  0  0  0  1  2  0  1 ] (0.00000056)
[  0  1  0  0  0  1  2  1  0 ] (0.00000000)
[  0  1  0  0  0  1  3  0  0 ] (0.00000146)
[  0  1  0  0  0  2  0  0  0 ] (0.00000029)
[  0  1  0  0  0  2  0  0  1 ] (0.00000022)
[  0  1  0  0  0  2  0  0  2 ] (0.00000011)
[  0  1  0  0  0  2  0  1  0 ] (0.00000049)
[  0  1  0  0  0  2  0  1  1 ] (0.00000000)
[  0  1  0  0  0  2  0  2  0 ] (0.00000001)
[  0  1  0  0  0  2  1  0  0 ] (0.00000079)
[  0  1  0  0  0  2  1  0  1 ] (0.00000015)
[  0  1  0  0  0  2  1  1  0 ] (0.00000005)
[  0  1  0  0  0  2  2  0  0 ] (0.00000000)
[  0  1  0  0  0  3  0  0  0 ] (0.00000000)
[  0  1  0  0  0  3  0  0  1 ] (0.00000013)
[  0  1  0  0  0  3  0  1  0 ] (0.00000012)
[  0  1  0  0  0  3  1  0  0 ] (0.00000078)
[  0  1  0  0  0  4  0  0  0 ] (0.00000091)
[  0  1  0  0  1  0  0  0  0 ] (0.00111455)
[  0  1  0  0  1  0  0  0  1 ] (0.00002426)
[  0  1  0  0  1  0  0  0  2 ] (0.00000001)
[  0  1  0  0  1  0  0  0  3 ] (0.00000060)
[  0  1  0  0  1  0  0  1  0 ] (0.00000001)
[  0  1  0  0  1  0  0  1  1 ] (0.00000046)
[  0  1  0  0  1  0  0  1  2 ] (0.00000007)
[  0  1  0  0  1  0  0  2  0 ] (0.00000049)
[  0  1  0  0  1  0  0  2  1 ] (0.00000044)
[  0  1  0  0  1  0  0  3  0 ] (0.00000042)
[  0  1  0  0  1  0  1  0  0 ] (0.00003752)
[  0  1  0  0  1  0  1  0  1 ] (0.00000003)
[  0  1  0  0  1  0  1  0  2 ] (0.00000001)
[  0  1  0  0  1  0  1  1  0 ] (0.00000901)
[  0  1  0  0  1  0  1  1  1 ] (0.00000009)
[  0  1  0  0  1  0  1  2  0 ] (0.00000022)
[  0  1  0  0  1  0  2  0  0 ] (0.00000424)
[  0  1  0  0  1  0  2  0  1 ] (0.00000118)
[  0  1  0  0  1  0  2  1  0 ] (0.00000010)
[  0  1  0  0  1  0  3  0  0 ] (0.00000895)
[  0  1  0  0  1  1  0  0  0 ] (0.00012178)
[  0  1  0  0  1  1  0  0  1 ] (0.00000124)
[  0  1  0  0  1  1  0  0  2 ] (0.00000000)
[  0  1  0  0  1  1  0  1  0 ] (0.00000033)
[  0  1  0  0  1  1  0  1  1 ] (0.00000013)
[  0  1  0  0  1  1  0  2  0 ] (0.00000007)
[  0  1  0  0  1  1  1  0  0 ] (0.00000780)
[  0  1  0  0  1  1  1  0  1 ] (0.00000003)
[  0  1  0  0  1  1  1  1  0 ] (0.00000020)
[  0  1  0  0  1  1  2  0  0 ] (0.00000020)
[  0  1  0  0  1  2  0  0  0 ] (0.00000142)
[  0  1  0  0  1  2  0  0  1 ] (0.00000008)
[  0  1  0  0  1  2  0  1  0 ] (0.00000000)
[  0  1  0  0  1  2  1  0  0 ] (0.00000007)
[  0  1  0  0  1  3  0  0  0 ] (0.00000159)
[  0  1  0  0  2  0  0  0  0 ] (0.01080303)
[  0  1  0  0  2  0  0  0  1 ] (0.00000453)
[  0  1  0  0  2  0  0  0  2 ] (0.00004087)
[  0  1  0  0  2  0  0  1  0 ] (0.00001412)
[  0  1  0  0  2  0  0  1  1 ] (0.00000005)
[  0  1  0  0  2  0  0  2  0 ] (0.00000542)
[  0  1  0  0  2  0  1  0  0 ] (0.00000561)
[  0  1  0  0  2  0  1  0  1 ] (0.00005902)
[  0  1  0  0  2  0  1  1  0 ] (0.00000188)
[  0  1  0  0  2  0  2  0  0 ] (0.00000731)
[  0  1  0  0  2  1  0  0  0 ] (0.00045963)
[  0  1  0  0  2  1  0  0  1 ] (0.00000063)
[  0  1  0  0  2  1  0  1  0 ] (0.00000006)
[  0  1  0  0  2  1  1  0  0 ] (0.00000122)
[  0  1  0  0  2  2  0  0  0 ] (0.00004190)
[  0  1  0  0  3  0  0  0  0 ] (0.00027389)
[  0  1  0  0  3  0  0  0  1 ] (0.00000108)
[  0  1  0  0  3  0  0  1  0 ] (0.00000403)
[  0  1  0  0  3  0  1  0  0 ] (0.00000800)
[  0  1  0  0  3  1  0  0  0 ] (0.00000336)
[  0  1  0  0  4  0  0  0  0 ] (0.00016670)
[  0  1  0  1  0  0  0  0  0 ] (0.00030332)
[  0  1  0  1  0  0  0  0  1 ] (0.00000012)
[  0  1  0  1  0  0  0  0  2 ] (0.00000002)
[  0  1  0  1  0  0  0  0  3 ] (0.00000000)
[  0  1  0  1  0  0  0  1  0 ] (0.00000033)
[  0  1  0  1  0  0  0  1  1 ] (0.00000002)
[  0  1  0  1  0  0  0  1  2 ] (0.00000002)
[  0  1  0  1  0  0  0  2  0 ] (0.00000011)
[  0  1  0  1  0  0  0  2  1 ] (0.00000009)
[  0  1  0  1  0  0  0  3  0 ] (0.00000036)
[  0  1  0  1  0  0  1  0  0 ] (0.00000101)
[  0  1  0  1  0  0  1  0  1 ] (0.00000002)
[  0  1  0  1  0  0  1  0  2 ] (0.00000001)
[  0  1  0  1  0  0  1  1  0 ] (0.00000040)
[  0  1  0  1  0  0  1  1  1 ] (0.00000001)
[  0  1  0  1  0  0  1  2  0 ] (0.00000006)
[  0  1  0  1  0  0  2  0  0 ] (0.00000104)
[  0  1  0  1  0  0  2  0  1 ] (0.00000023)
[  0  1  0  1  0  0  2  1  0 ] (0.00000001)
[  0  1  0  1  0  0  3  0  0 ] (0.00000114)
[  0  1  0  1  0  1  0  0  0 ] (0.00000115)
[  0  1  0  1  0  1  0  0  1 ] (0.00000027)
[  0  1  0  1  0  1  0  0  2 ] (0.00000001)
[  0  1  0  1  0  1  0  1  0 ] (0.00000017)
[  0  1  0  1  0  1  0  1  1 ] (0.00000000)
[  0  1  0  1  0  1  0  2  0 ] (0.00000004)
[  0  1  0  1  0  1  1  0  0 ] (0.00000165)
[  0  1  0  1  0  1  1  0  1 ] (0.00000004)
[  0  1  0  1  0  1  1  1  0 ] (0.00000000)
[  0  1  0  1  0  1  2  0  0 ] (0.00000004)
[  0  1  0  1  0  2  0  0  0 ] (0.00000112)
[  0  1  0  1  0  2  0  0  1 ] (0.00000000)
[  0  1  0  1  0  2  0  1  0 ] (0.00000000)
[  0  1  0  1  0  2  1  0  0 ] (0.00000002)
[  0  1  0  1  0  3  0  0  0 ] (0.00000000)
[  0  1  0  1  1  0  0  0  0 ] (0.00000056)
[  0  1  0  1  1  0  0  0  1 ] (0.00000003)
[  0  1  0  1  1  0  0  0  2 ] (0.00000079)
[  0  1  0  1  1  0  0  1  0 ] (0.00000253)
[  0  1  0  1  1  0  0  1  1 ] (0.00000035)
[  0  1  0  1  1  0  0  2  0 ] (0.00000000)
[  0  1  0  1  1  0  1  0  0 ] (0.00000032)
[  0  1  0  1  1  0  1  0  1 ] (0.00000009)
[  0  1  0  1  1  0  1  1  0 ] (0.00000036)
[  0  1  0  1  1  0  2  0  0 ] (0.00000002)
[  0  1  0  1  1  1  0  0  0 ] (0.00000001)
[  0  1  0  1  1  1  0  0  1 ] (0.00000000)
[  0  1  0  1  1  1  0  1  0 ] (0.00000059)
[  0  1  0  1  1  1  1  0  0 ] (0.00000054)
[  0  1  0  1  1  2  0  0  0 ] (0.00000028)
[  0  1  0  1  2  0  0  0  0 ] (0.00005165)
[  0  1  0  1  2  0  0  0  1 ] (0.00000181)
[  0  1  0  1  2  0  0  1  0 ] (0.00001254)
[  0  1  0  1  2  0  1  0  0 ] (0.00000016)
[  0  1  0  1  2  1  0  0  0 ] (0.00000334)
[  0  1  0  1  3  0  0  0  0 ] (0.00001150)
[  0  1  0  2  0  0  0  0  0 ] (0.00010494)
[  0  1  0  2  0  0  0  0  1 ] (0.00000002)
[  0  1  0  2  0  0  0  0  2 ] (0.00000003)
[  0  1  0  2  0  0  0  1  0 ] (0.00000617)
[  0  1  0  2  0  0  0  1  1 ] (0.00000026)
[  0  1  0  2  0  0  0  2  0 ] (0.00000018)
[  0  1  0  2  0  0  1  0  0 ] (0.00000390)
[  0  1  0  2  0  0  1  0  1 ] (0.00000135)
[  0  1  0  2  0  0  1  1  0 ] (0.00000000)
[  0  1  0  2  0  0  2  0  0 ] (0.00000013)
[  0  1  0  2  0  1  0  0  0 ] (0.00001058)
[  0  1  0  2  0  1  0  0  1 ] (0.00000000)
[  0  1  0  2  0  1  0  1  0 ] (0.00000304)
[  0  1  0  2  0  1  1  0  0 ] (0.00000028)
[  0  1  0  2  0  2  0  0  0 ] (0.00000006)
[  0  1  0  2  1  0  0  0  0 ] (0.00001112)
[  0  1  0  2  1  0  0  0  1 ] (0.00000002)
[  0  1  0  2  1  0  0  1  0 ] (0.00000053)
[  0  1  0  2  1  0  1  0  0 ] (0.00000035)
[  0  1  0  2  1  1  0  0  0 ] (0.00000556)
[  0  1  0  2  2  0  0  0  0 ] (0.00001622)
[  0  1  0  3  0  0  0  0  0 ] (0.00000012)
[  0  1  0  3  0  0  0  0  1 ] (0.00000035)
[  0  1  0  3  0  0  0  1  0 ] (0.00000023)
[  0  1  0  3  0  0  1  0  0 ] (0.00000478)
[  0  1  0  3  0  1  0  0  0 ] (0.00000120)
[  0  1  0  3  1  0  0  0  0 ] (0.00000394)
[  0  1  0  4  0  0  0  0  0 ] (0.00000540)
[  0  1  1  0  0  0  0  0  0 ] (0.00229659)
[  0  1  1  0  0  0  0  0  1 ] (0.00000598)
[  0  1  1  0  0  0  0  0  2 ] (0.00000555)
[  0  1  1  0  0  0  0  0  3 ] (0.00000275)
[  0  1  1  0  0  0  0  1  0 ] (0.00000658)
[  0  1  1  0  0  0  0  1  1 ] (0.00000428)
[  0  1  1  0  0  0  0  1  2 ] (0.00000035)
[  0  1  1  0  0  0  0  2  0 ] (0.00000018)
[  0  1  1  0  0  0  0  2  1 ] (0.00000111)
[  0  1  1  0  0  0  0  3  0 ] (0.00000003)
[  0  1  1  0  0  0  1  0  0 ] (0.00000514)
[  0  1  1  0  0  0  1  0  1 ] (0.00000003)
[  0  1  1  0  0  0  1  0  2 ] (0.00000008)
[  0  1  1  0  0  0  1  1  0 ] (0.00000869)
[  0  1  1  0  0  0  1  1  1 ] (0.00000000)
[  0  1  1  0  0  0  1  2  0 ] (0.00000077)
[  0  1  1  0  0  0  2  0  0 ] (0.00000632)
[  0  1  1  0  0  0  2  0  1 ] (0.00000209)
[  0  1  1  0  0  0  2  1  0 ] (0.00000002)
[  0  1  1  0  0  0  3  0  0 ] (0.00000422)
[  0  1  1  0  0  1  0  0  0 ] (0.00003870)
[  0  1  1  0  0  1  0  0  1 ] (0.00000145)
[  0  1  1  0  0  1  0  0  2 ] (0.00001042)
[  0  1  1  0  0  1  0  1  0 ] (0.00002018)
[  0  1  1  0  0  1  0  1  1 ] (0.00000045)
[  0  1  1  0  0  1  0  2  0 ] (0.00000028)
[  0  1  1  0  0  1  1  0  0 ] (0.00000035)
[  0  1  1  0  0  1  1  0  1 ] (0.00001500)
[  0  1  1  0  0  1  1  1  0 ] (0.00000089)
[  0  1  1  0  0  1  2  0  0 ] (0.00000209)
[  0  1  1  0  0  2  0  0  0 ] (0.00000966)
[  0  1  1  0  0  2  0  0  1 ] (0.00000037)
[  0  1  1  0  0  2  0  1  0 ] (0.00000105)
[  0  1  1  0  0  2  1  0  0 ] (0.00000004)
[  0  1  1  0  0  3  0  0  0 ] (0.00000041)
[  0  1  1  0  1  0  0  0  0 ] (0.00000859)
[  0  1  1  0  1  0  0  0  1 ] (0.00000230)
[  0  1  1  0  1  0  0  0  2 ] (0.00000048)
[  0  1  1  0  1  0  0  1  0 ] (0.00000912)
[  0  1  1  0  1  0  0  1  1 ] (0.00000014)
[  0  1  1  0  1  0  0  2  0 ] (0.00000000)
[  0  1  1  0  1  0  1  0  0 ] (0.00000531)
[  0  1  1  0  1  0  1  0  1 ] (0.00000224)
[  0  1  1  0  1  0  1  1  0 ] (0.00000130)
[  0  1  1  0  1  0  2  0  0 ] (0.00000063)
[  0  1  1  0  1  1  0  0  0 ] (0.00000395)
[  0  1  1  0  1  1  0  0  1 ] (0.00000044)
[  0  1  1  0  1  1  0  1  0 ] (0.00000687)
[  0  1  1  0  1  1  1  0  0 ] (0.00000642)
[  0  1  1  0  1  2  0  0  0 ] (0.00000000)
[  0  1  1  0  2  0  0  0  0 ] (0.00043710)
[  0  1  1  0  2  0  0  0  1 ] (0.00000958)
[  0  1  1  0  2  0  0  1  0 ] (0.00005752)
[  0  1  1  0  2  0  1  0  0 ] (0.00003378)
[  0  1  1  0  2  1  0  0  0 ] (0.00002393)
[  0  1  1  0  3  0  0  0  0 ] (0.00001915)
[  0  1  1  1  0  0  0  0  0 ] (0.00013928)
[  0  1  1  1  0  0  0  0  1 ] (0.00000062)
[  0  1  1  1  0  0  0  0  2 ] (0.00000002)
[  0  1  1  1  0  0  0  1  0 ] (0.00002558)
[  0  1  1  1  0  0  0  1  1 ] (0.00000016)
[  0  1  1  1  0  0  0  2  0 ] (0.00000009)
[  0  1  1  1  0  0  1  0  0 ] (0.00000074)
[  0  1  1  1  0  0  1  0  1 ] (0.00000001)
[  0  1  1  1  0  0  1  1  0 ] (0.00000000)
[  0  1  1  1  0  0  2  0  0 ] (0.00000000)
[  0  1  1  1  0  1  0  0  0 ] (0.00000251)
[  0  1  1  1  0  1  0  0  1 ] (0.00000212)
[  0  1  1  1  0  1  0  1  0 ] (0.00000652)
[  0  1  1  1  0  1  1  0  0 ] (0.00000124)
[  0  1  1  1  0  2  0  0  0 ] (0.00000197)
[  0  1  1  1  1  0  0  0  0 ] (0.00000083)
[  0  1  1  1  1  0  0  0  1 ] (0.00000116)
[  0  1  1  1  1  0  0  1  0 ] (0.00000189)
[  0  1  1  1  1  0  1  0  0 ] (0.00000009)
[  0  1  1  1  1  1  0  0  0 ] (0.00000338)
[  0  1  1  1  2  0  0  0  0 ] (0.00000346)
[  0  1  1  2  0  0  0  0  0 ] (0.00049897)
[  0  1  1  2  0  0  0  0  1 ] (0.00000059)
[  0  1  1  2  0  0  0  1  0 ] (0.00000000)
[  0  1  1  2  0  0  1  0  0 ] (0.00000554)
[  0  1  1  2  0  1  0  0  0 ] (0.00007484)
[  0  1  1  2  1  0  0  0  0 ] (0.00000695)
[  0  1  1  3  0  0  0  0  0 ] (0.00005574)
[  0  1  2  0  0  0  0  0  0 ] (0.00223641)
[  0  1  2  0  0  0  0  0  1 ] (0.00003827)
[  0  1  2  0  0  0  0  0  2 ] (0.00000018)
[  0  1  2  0  0  0  0  1  0 ] (0.00001128)
[  0  1  2  0  0  0  0  1  1 ] (0.00000016)
[  0  1  2  0  0  0  0  2  0 ] (0.00000015)
[  0  1  2  0  0  0  1  0  0 ] (0.00000019)
[  0  1  2  0  0  0  1  0  1 ] (0.00000018)
[  0  1  2  0  0  0  1  1  0 ] (0.00000000)
[  0  1  2  0  0  0  2  0  0 ] (0.00000007)
[  0  1  2  0  0  1  0  0  0 ] (0.00021378)
[  0  1  2  0  0  1  0  0  1 ] (0.00000646)
[  0  1  2  0  0  1  0  1  0 ] (0.00000641)
[  0  1  2  0  0  1  1  0  0 ] (0.00000052)
[  0  1  2  0  0  2  0  0  0 ] (0.00000709)
[  0  1  2  0  1  0  0  0  0 ] (0.00000001)
[  0  1  2  0  1  0  0  0  1 ] (0.00000012)
[  0  1  2  0  1  0  0  1  0 ] (0.00000026)
[  0  1  2  0  1  0  1  0  0 ] (0.00000006)
[  0  1  2  0  1  1  0  0  0 ] (0.00000012)
[  0  1  2  0  2  0  0  0  0 ] (0.00000808)
[  0  1  2  1  0  0  0  0  0 ] (0.00000407)
[  0  1  2  1  0  0  0  0  1 ] (0.00000000)
[  0  1  2  1  0  0  0  1  0 ] (0.00000082)
[  0  1  2  1  0  0  1  0  0 ] (0.00000054)
[  0  1  2  1  0  1  0  0  0 ] (0.00000473)
[  0  1  2  1  1  0  0  0  0 ] (0.00000612)
[  0  1  2  2  0  0  0  0  0 ] (0.00000348)
[  0  1  3  0  0  0  0  0  0 ] (0.00032716)
[  0  1  3  0  0  0  0  0  1 ] (0.00000412)
[  0  1  3  0  0  0  0  1  0 ] (0.00001404)
[  0  1  3  0  0  0  1  0  0 ] (0.00000286)
[  0  1  3  0  0  1  0  0  0 ] (0.00001302)
[  0  1  3  0  1  0  0  0  0 ] (0.00000445)
[  0  1  3  1  0  0  0  0  0 ] (0.00000140)
[  0  1  4  0  0  0  0  0  0 ] (0.00000333)
[  0  2  0  0  0  0  0  0  0 ] (0.00017292)
[  0  2  0  0  0  0  0  0  1 ] (0.00000058)
[  0  2  0  0  0  0  0  0  2 ] (0.00000019)
[  0  2  0  0  0  0  0  0  3 ] (0.00000000)
[  0  2  0  0  0  0  0  1  0 ] (0.00005435)
[  0  2  0  0  0  0  0  1  1 ] (0.00000369)
[  0  2  0  0  0  0  0  1  2 ] (0.00000001)
[  0  2  0  0  0  0  0  2  0 ] (0.00000070)
[  0  2  0  0  0  0  0  2  1 ] (0.00000004)
[  0  2  0  0  0  0  0  3  0 ] (0.00000128)
[  0  2  0  0  0  0  1  0  0 ] (0.00001507)
[  0  2  0  0  0  0  1  0  1 ] (0.00002741)
[  0  2  0  0  0  0  1  0  2 ] (0.00000081)
[  0  2  0  0  0  0  1  1  0 ] (0.00000025)
[  0  2  0  0  0  0  1  1  1 ] (0.00000001)
[  0  2  0  0  0  0  1  2  0 ] (0.00000009)
[  0  2  0  0  0  0  2  0  0 ] (0.00001876)
[  0  2  0  0  0  0  2  0  1 ] (0.00000110)
[  0  2  0  0  0  0  2  1  0 ] (0.00000000)
[  0  2  0  0  0  0  3  0  0 ] (0.00002160)
[  0  2  0  0  0  1  0  0  0 ] (0.00007448)
[  0  2  0  0  0  1  0  0  1 ] (0.00000324)
[  0  2  0  0  0  1  0  0  2 ] (0.00000000)
[  0  2  0  0  0  1  0  1  0 ] (0.00001017)
[  0  2  0  0  0  1  0  1  1 ] (0.00000027)
[  0  2  0  0  0  1  0  2  0 ] (0.00000004)
[  0  2  0  0  0  1  1  0  0 ] (0.00000094)
[  0  2  0  0  0  1  1  0  1 ] (0.00000086)
[  0  2  0  0  0  1  1  1  0 ] (0.00000001)
[  0  2  0  0  0  1  2  0  0 ] (0.00000007)
[  0  2  0  0  0  2  0  0  0 ] (0.00000780)
[  0  2  0  0  0  2  0  0  1 ] (0.00000031)
[  0  2  0  0  0  2  0  1  0 ] (0.00000010)
[  0  2  0  0  0  2  1  0  0 ] (0.00000002)
[  0  2  0  0  0  3  0  0  0 ] (0.00000474)
[  0  2  0  0  1  0  0  0  0 ] (0.00000031)
[  0  2  0  0  1  0  0  0  1 ] (0.00001106)
[  0  2  0  0  1  0  0  0  2 ] (0.00000031)
[  0  2  0  0  1  0  0  1  0 ] (0.00000748)
[  0  2  0  0  1  0  0  1  1 ] (0.00000023)
[  0  2  0  0  1  0  0  2  0 ] (0.00000019)
[  0  2  0  0  1  0  1  0  0 ] (0.00000039)
[  0  2  0  0  1  0  1  0  1 ] (0.00000001)
[  0  2  0  0  1  0  1  1  0 ] (0.00000036)
[  0  2  0  0  1  0  2  0  0 ] (0.00000000)
[  0  2  0  0  1  1  0  0  0 ] (0.00000116)
[  0  2  0  0  1  1  0  0  1 ] (0.00000099)
[  0  2  0  0  1  1  0  1  0 ] (0.00000002)
[  0  2  0  0  1  1  1  0  0 ] (0.00000096)
[  0  2  0  0  1  2  0  0  0 ] (0.00000004)
[  0  2  0  0  2  0  0  0  0 ] (0.00117220)
[  0  2  0  0  2  0  0  0  1 ] (0.00001237)
[  0  2  0  0  2  0  0  1  0 ] (0.00000002)
[  0  2  0  0  2  0  1  0  0 ] (0.00000061)
[  0  2  0  0  2  1  0  0  0 ] (0.00011109)
[  0  2  0  0  3  0  0  0  0 ] (0.00018509)
[  0  2  0  1  0  0  0  0  0 ] (0.00031015)
[  0  2  0  1  0  0  0  0  1 ] (0.00000158)
[  0  2  0  1  0  0  0  0  2 ] (0.00000007)
[  0  2  0  1  0  0  0  1  0 ] (0.00000004)
[  0  2  0  1  0  0  0  1  1 ] (0.00000022)
[  0  2  0  1  0  0  0  2  0 ] (0.00000001)
[  0  2  0  1  0  0  1  0  0 ] (0.00000036)
[  0  2  0  1  0  0  1  0  1 ] (0.00000002)
[  0  2  0  1  0  0  1  1  0 ] (0.00000006)
[  0  2  0  1  0  0  2  0  0 ] (0.00000000)
[  0  2  0  1  0  1  0  0  0 ] (0.00002394)
[  0  2  0  1  0  1  0  0  1 ] (0.00000018)
[  0  2  0  1  0  1  0  1  0 ] (0.00000005)
[  0  2  0  1  0  1  1  0  0 ] (0.00000001)
[  0  2  0  1  0  2  0  0  0 ] (0.00000015)
[  0  2  0  1  1  0  0  0  0 ] (0.00075790)
[  0  2  0  1  1  0  0  0  1 ] (0.00000220)
[  0  2  0  1  1  0  0  1  0 ] (0.00000063)
[  0  2  0  1  1  0  1  0  0 ] (0.00000008)
[  0  2  0  1  1  1  0  0  0 ] (0.00001612)
[  0  2  0  1  2  0  0  0  0 ] (0.00000150)
[  0  2  0  2  0  0  0  0  0 ] (0.00008237)
[  0  2  0  2  0  0  0  0  1 ] (0.00000137)
[  0  2  0  2  0  0  0  1  0 ] (0.00000034)
[  0  2  0  2  0  0  1  0  0 ] (0.00000003)
[  0  2  0  2  0  1  0  0  0 ] (0.00000635)
[  0  2  0  2  1  0  0  0  0 ] (0.00000152)
[  0  2  0  3  0  0  0  0  0 ] (0.00006819)
[  0  2  1  0  0  0  0  0  0 ] (0.07141380)
[  0  2  1  0  0  0  0  0  1 ] (0.00044530)
[  0  2  1  0  0  0  0  0  2 ] (0.00000048)
[  0  2  1  0  0  0  0  1  0 ] (0.00000609)
[  0  2  1  0  0  0  0  1  1 ] (0.00000540)
[  0  2  1  0  0  0  0  2  0 ] (0.00000000)
[  0  2  1  0  0  0  1  0  0 ] (0.00000009)
[  0  2  1  0  0  0  1  0  1 ] (0.00002645)
[  0  2  1  0  0  0  1  1  0 ] (0.00000203)
[  0  2  1  0  0  0  2  0  0 ] (0.00000460)
[  0  2  1  0  0  1  0  0  0 ] (0.00228226)
[  0  2  1  0  0  1  0  0  1 ] (0.00001860)
[  0  2  1  0  0  1  0  1  0 ] (0.00000624)
[  0  2  1  0  0  1  1  0  0 ] (0.00000035)
[  0  2  1  0  0  2  0  0  0 ] (0.00002109)
[  0  2  1  0  1  0  0  0  0 ] (0.00005919)
[  0  2  1  0  1  0  0  0  1 ] (0.00000023)
[  0  2  1  0  1  0  0  1  0 ] (0.00004397)
[  0  2  1  0  1  0  1  0  0 ] (0.00001979)
[  0  2  1  0  1  1  0  0  0 ] (0.00000187)
[  0  2  1  0  2  0  0  0  0 ] (0.00000272)
[  0  2  1  1  0  0  0  0  0 ] (0.00001902)
[  0  2  1  1  0  0  0  0  1 ] (0.00000519)
[  0  2  1  1  0  0  0  1  0 ] (0.00002307)
[  0  2  1  1  0  0  1  0  0 ] (0.00000692)
[  0  2  1  1  0  1  0  0  0 ] (0.00000372)
[  0  2  1  1  1  0  0  0  0 ] (0.00004031)
[  0  2  1  2  0  0  0  0  0 ] (0.00004225)
[  0  2  2  0  0  0  0  0  0 ] (0.00000580)
[  0  2  2  0  0  0  0  0  1 ] (0.00001106)
[  0  2  2  0  0  0  0  1  0 ] (0.00001610)
[  0  2  2  0  0  0  1  0  0 ] (0.00000136)
[  0  2  2  0  0  1  0  0  0 ] (0.00000338)
[  0  2  2  0  1  0  0  0  0 ] (0.00000067)
[  0  2  2  1  0  0  0  0  0 ] (0.00002311)
[  0  2  3  0  0  0  0  0  0 ] (0.00000201)
[  0  3  0  0  0  0  0  0  0 ] (0.00010788)
[  0  3  0  0  0  0  0  0  1 ] (0.00000078)
[  0  3  0  0  0  0  0  0  2 ] (0.00000022)
[  0  3  0  0  0  0  0  1  0 ] (0.00000012)
[  0  3  0  0  0  0  0  1  1 ] (0.00000023)
[  0  3  0  0  0  0  0  2  0 ] (0.00000016)
[  0  3  0  0  0  0  1  0  0 ] (0.00002178)
[  0  3  0  0  0  0  1  0  1 ] (0.00000367)
[  0  3  0  0  0  0  1  1  0 ] (0.00000157)
[  0  3  0  0  0  0  2  0  0 ] (0.00000006)
[  0  3  0  0  0  1  0  0  0 ] (0.00000012)
[  0  3  0  0  0  1  0  0  1 ] (0.00000226)
[  0  3  0  0  0  1  0  1  0 ] (0.00000367)
[  0  3  0  0  0  1  1  0  0 ] (0.00000367)
[  0  3  0  0  0  2  0  0  0 ] (0.00000159)
[  0  3  0  0  1  0  0  0  0 ] (0.00001031)
[  0  3  0  0  1  0  0  0  1 ] (0.00000010)
[  0  3  0  0  1  0  0  1  0 ] (0.00000013)
[  0  3  0  0  1  0  1  0  0 ] (0.00000440)
[  0  3  0  0  1  1  0  0  0 ] (0.00000049)
[  0  3  0  0  2  0  0  0  0 ] (0.00035903)
[  0  3  0  1  0  0  0  0  0 ] (0.00010610)
[  0  3  0  1  0  0  0  0  1 ] (0.00000037)
[  0  3  0  1  0  0  0  1  0 ] (0.00000002)
[  0  3  0  1  0  0  1  0  0 ] (0.00000529)
[  0  3  0  1  0  1  0  0  0 ] (0.00000126)
[  0  3  0  1  1  0  0  0  0 ] (0.00003181)
[  0  3  0  2  0  0  0  0  0 ] (0.00000741)
[  0  3  1  0  0  0  0  0  0 ] (0.00125651)
[  0  3  1  0  0  0  0  0  1 ] (0.00000394)
[  0  3  1  0  0  0  0  1  0 ] (0.00000001)
[  0  3  1  0  0  0  1  0  0 ] (0.00000349)
[  0  3  1  0  0  1  0  0  0 ] (0.00006149)
[  0  3  1  0  1  0  0  0  0 ] (0.00000039)
[  0  3  1  1  0  0  0  0  0 ] (0.00000000)
[  0  3  2  0  0  0  0  0  0 ] (0.00000309)
[  0  4  0  0  0  0  0  0  0 ] (0.00000226)
[  0  4  0  0  0  0  0  0  1 ] (0.00000308)
[  0  4  0  0  0  0  0  1  0 ] (0.00003588)
[  0  4  0  0  0  0  1  0  0 ] (0.00000020)
[  0  4  0  0  0  1  0  0  0 ] (0.00000388)
[  0  4  0  0  1  0  0  0  0 ] (0.00000940)
[  0  4  0  1  0  0  0  0  0 ] (0.00000332)
[  0  4  1  0  0  0  0  0  0 ] (0.00011099)
[  0  5  0  0  0  0  0  0  0 ] (0.00000083)
[  1  0  0  0  0  0  0  0  0 ] (0.00000780)
[  1  0  0  0  0  0  0  0  1 ] (0.00001316)
[  1  0  0  0  0  0  0  0  2 ] (0.00000000)
[  1  0  0  0  0  0  0  0  3 ] (0.00000002)
[  1  0  0  0  0  0  0  0  4 ] (0.00000000)
[  1  0  0  0  0  0  0  1  0 ] (0.00004112)
[  1  0  0  0  0  0  0  1  1 ] (0.00000025)
[  1  0  0  0  0  0  0  1  2 ] (0.00000000)
[  1  0  0  0  0  0  0  1  3 ] (0.00000000)
[  1  0  0  0  0  0  0  2  0 ] (0.00000039)
[  1  0  0  0  0  0  0  2  1 ] (0.00000007)
[  1  0  0  0  0  0  0  2  2 ] (0.00000000)
[  1  0  0  0  0  0  0  3  0 ] (0.00000060)
[  1  0  0  0  0  0  0  3  1 ] (0.00000011)
[  1  0  0  0  0  0  0  4  0 ] (0.00000002)
[  1  0  0  0  0  0  1  0  0 ] (0.00005911)
[  1  0  0  0  0  0  1  0  1 ] (0.00000022)
[  1  0  0  0  0  0  1  0  2 ] (0.00000068)
[  1  0  0  0  0  0  1  0  3 ] (0.00000058)
[  1  0  0  0  0  0  1  1  0 ] (0.00000435)
[  1  0  0  0  0  0  1  1  1 ] (0.00000123)
[  1  0  0  0  0  0  1  1  2 ] (0.00000013)
[  1  0  0  0  0  0  1  2  0 ] (0.00000171)
[  1  0  0  0  0  0  1  2  1 ] (0.00000000)
[  1  0  0  0  0  0  1  3  0 ] (0.00000289)
[  1  0  0  0  0  0  2  0  0 ] (0.00000043)
[  1  0  0  0  0  0  2  0  1 ] (0.00000007)
[  1  0  0  0  0  0  2  0  2 ] (0.00000002)
[  1  0  0  0  0  0  2  1  0 ] (0.00000268)
[  1  0  0  0  0  0  2  1  1 ] (0.00000018)
[  1  0  0  0  0  0  2  2  0 ] (0.00000003)
[  1  0  0  0  0  0  3  0  0 ] (0.00000537)
[  1  0  0  0  0  0  3  0  1 ] (0.00000012)
[  1  0  0  0  0  0  3  1  0 ] (0.00000465)
[  1  0  0  0  0  0  4  0  0 ] (0.00000031)
[  1  0  0  0  0  1  0  0  0 ] (0.00003790)
[  1  0  0  0  0  1  0  0  1 ] (0.00000627)
[  1  0  0  0  0  1  0  0  2 ] (0.00000000)
[  1  0  0  0  0  1  0  0  3 ] (0.00000001)
[  1  0  0  0  0  1  0  1  0 ] (0.00004679)
[  1  0  0  0  0  1  0  1  1 ] (0.00000135)
[  1  0  0  0  0  1  0  1  2 ] (0.00000005)
[  1  0  0  0  0  1  0  2  0 ] (0.00000003)
[  1  0  0  0  0  1  0  2  1 ] (0.00000001)
[  1  0  0  0  0  1  0  3  0 ] (0.00000003)
[  1  0  0  0  0  1  1  0  0 ] (0.00001035)
[  1  0  0  0  0  1  1  0  1 ] (0.00000392)
[  1  0  0  0  0  1  1  0  2 ] (0.00000014)
[  1  0  0  0  0  1  1  1  0 ] (0.00000922)
[  1  0  0  0  0  1  1  1  1 ] (0.00000000)
[  1  0  0  0  0  1  1  2  0 ] (0.00000003)
[  1  0  0  0  0  1  2  0  0 ] (0.00000332)
[  1  0  0  0  0  1  2  0  1 ] (0.00000005)
[  1  0  0  0  0  1  2  1  0 ] (0.00000000)
[  1  0  0  0  0  1  3  0  0 ] (0.00000320)
[  1  0  0  0  0  2  0  0  0 ] (0.00000010)
[  1  0  0  0  0  2  0  0  1 ] (0.00000002)
[  1  0  0  0  0  2  0  0  2 ] (0.00000003)
[  1  0  0  0  0  2  0  1  0 ] (0.00000008)
[  1  0  0  0  0  2  0  1  1 ] (0.00000002)
[  1  0  0  0  0  2  0  2  0 ] (0.00000004)
[  1  0  0  0  0  2  1  0  0 ] (0.00000370)
[  1  0  0  0  0  2  1  0  1 ] (0.00000027)
[  1  0  0  0  0  2  1  1  0 ] (0.00000033)
[  1  0  0  0  0  2  2  0  0 ] (0.00000013)
[  1  0  0  0  0  3  0  0  0 ] (0.00000392)
[  1  0  0  0  0  3  0  0  1 ] (0.00000002)
[  1  0  0  0  0  3  0  1  0 ] (0.00000000)
[  1  0  0  0  0  3  1  0  0 ] (0.00000134)
[  1  0  0  0  0  4  0  0  0 ] (0.00000059)
[  1  0  0  0  1  0  0  0  0 ] (0.00044790)
[  1  0  0  0  1  0  0  0  1 ] (0.00000165)
[  1  0  0  0  1  0  0  0  2 ] (0.00000011)
[  1  0  0  0  1  0  0  0  3 ] (0.00000009)
[  1  0  0  0  1  0  0  1  0 ] (0.00001291)
[  1  0  0  0  1  0  0  1  1 ] (0.00000088)
[  1  0  0  0  1  0  0  1  2 ] (0.00000001)
[  1  0  0  0  1  0  0  2  0 ] (0.00000002)
[  1  0  0  0  1  0  0  2  1 ] (0.00000012)
[  1  0  0  0  1  0  0  3  0 ] (0.00000018)
[  1  0  0  0  1  0  1  0  0 ] (0.00001289)
[  1  0  0  0  1  0  1  0  1 ] (0.00000036)
[  1  0  0  0  1  0  1  0  2 ] (0.00000002)
[  1  0  0  0  1  0  1  1  0 ] (0.00000075)
[  1  0  0  0  1  0  1  1  1 ] (0.00000001)
[  1  0  0  0  1  0  1  2  0 ] (0.00000024)
[  1  0  0  0  1  0  2  0  0 ] (0.00000323)
[  1  0  0  0  1  0  2  0  1 ] (0.00000088)
[  1  0  0  0  1  0  2  1  0 ] (0.00000001)
[  1  0  0  0  1  0  3  0  0 ] (0.00000923)
[  1  0  0  0  1  1  0  0  0 ] (0.00007910)
[  1  0  0  0  1  1  0  0  1 ] (0.00000280)
[  1  0  0  0  1  1  0  0  2 ] (0.00000011)
[  1  0  0  0  1  1  0  1  0 ] (0.00000003)
[  1  0  0  0  1  1  0  1  1 ] (0.00000009)
[  1  0  0  0  1  1  0  2  0 ] (0.00000000)
[  1  0  0  0  1  1  1  0  0 ] (0.00000005)
[  1  0  0  0  1  1  1  0  1 ] (0.00000020)
[  1  0  0  0  1  1  1  1  0 ] (0.00000000)
[  1  0  0  0  1  1  2  0  0 ] (0.00000000)
[  1  0  0  0  1  2  0  0  0 ] (0.00000136)
[  1  0  0  0  1  2  0  0  1 ] (0.00000001)
[  1  0  0  0  1  2  0  1  0 ] (0.00000000)
[  1  0  0  0  1  2  1  0  0 ] (0.00000002)
[  1  0  0  0  1  3  0  0  0 ] (0.00000510)
[  1  0  0  0  2  0  0  0  0 ] (0.00005286)
[  1  0  0  0  2  0  0  0  1 ] (0.00001623)
[  1  0  0  0  2  0  0  0  2 ] (0.00000352)
[  1  0  0  0  2  0  0  1  0 ] (0.00011909)
[  1  0  0  0  2  0  0  1  1 ] (0.00000371)
[  1  0  0  0  2  0  0  2  0 ] (0.00003425)
[  1  0  0  0  2  0  1  0  0 ] (0.00008152)
[  1  0  0  0  2  0  1  0  1 ] (0.00000206)
[  1  0  0  0  2  0  1  1  0 ] (0.00004225)
[  1  0  0  0  2  0  2  0  0 ] (0.00000113)
[  1  0  0  0  2  1  0  0  0 ] (0.00009715)
[  1  0  0  0  2  1  0  0  1 ] (0.00005664)
[  1  0  0  0  2  1  0  1  0 ] (0.00013587)
[  1  0  0  0  2  1  1  0  0 ] (0.00009684)
[  1  0  0  0  2  2  0  0  0 ] (0.00001822)
[  1  0  0  0  3  0  0  0  0 ] (0.00000266)
[  1  0  0  0  3  0  0  0  1 ] (0.00000210)
[  1  0  0  0  3  0  0  1  0 ] (0.00002060)
[  1  0  0  0  3  0  1  0  0 ] (0.00000535)
[  1  0  0  0  3  1  0  0  0 ] (0.00000124)
[  1  0  0  0  4  0  0  0  0 ] (0.00014307)
[  1  0  0  1  0  0  0  0  0 ] (0.00003750)
[  1  0  0  1  0  0  0  0  1 ] (0.00000270)
[  1  0  0  1  0  0  0  0  2 ] (0.00000001)
[  1  0  0  1  0  0  0  0  3 ] (0.00000004)
[  1  0  0  1  0  0  0  1  0 ] (0.00000069)
[  1  0  0  1  0  0  0  1  1 ] (0.00000002)
[  1  0  0  1  0  0  0  1  2 ] (0.00000002)
[  1  0  0  1  0  0  0  2  0 ] (0.00000018)
[  1  0  0  1  0  0  0  2  1 ] (0.00000006)
[  1  0  0  1  0  0  0  3  0 ] (0.00000021)
[  1  0  0  1  0  0  1  0  0 ] (0.00000319)
[  1  0  0  1  0  0  1  0  1 ] (0.00001393)
[  1  0  0  1  0  0  1  0  2 ] (0.00000043)
[  1  0  0  1  0  0  1  1  0 ] (0.00000186)
[  1  0  0  1  0  0  1  1  1 ] (0.00000002)
[  1  0  0  1  0  0  1  2  0 ] (0.00000000)
[  1  0  0  1  0  0  2  0  0 ] (0.00000143)
[  1  0  0  1  0  0  2  0  1 ] (0.00000060)
[  1  0  0  1  0  0  2  1  0 ] (0.00000004)
[  1  0  0  1  0  0  3  0  0 ] (0.00000209)
[  1  0  0  1  0  1  0  0  0 ] (0.00018533)
[  1  0  0  1  0  1  0  0  1 ] (0.00000323)
[  1  0  0  1  0  1  0  0  2 ] (0.00000002)
[  1  0  0  1  0  1  0  1  0 ] (0.00000024)
[  1  0  0  1  0  1  0  1  1 ] (0.00000006)
[  1  0  0  1  0  1  0  2  0 ] (0.00000008)
[  1  0  0  1  0  1  1  0  0 ] (0.00000248)
[  1  0  0  1  0  1  1  0  1 ] (0.00000000)
[  1  0  0  1  0  1  1  1  0 ] (0.00000000)
[  1  0  0  1  0  1  2  0  0 ] (0.00000012)
[  1  0  0  1  0  2  0  0  0 ] (0.00000777)
[  1  0  0  1  0  2  0  0  1 ] (0.00000001)
[  1  0  0  1  0  2  0  1  0 ] (0.00000003)
[  1  0  0  1  0  2  1  0  0 ] (0.00000083)
[  1  0  0  1  0  3  0  0  0 ] (0.00000239)
[  1  0  0  1  1  0  0  0  0 ] (0.00016944)
[  1  0  0  1  1  0  0  0  1 ] (0.00000195)
[  1  0  0  1  1  0  0  0  2 ] (0.00000014)
[  1  0  0  1  1  0  0  1  0 ] (0.00000505)
[  1  0  0  1  1  0  0  1  1 ] (0.00000002)
[  1  0  0  1  1  0  0  2  0 ] (0.00000014)
[  1  0  0  1  1  0  1  0  0 ] (0.00000185)
[  1  0  0  1  1  0  1  0  1 ] (0.00000002)
[  1  0  0  1  1  0  1  1  0 ] (0.00000002)
[  1  0  0  1  1  0  2  0  0 ] (0.00000004)
[  1  0  0  1  1  1  0  0  0 ] (0.00004034)
[  1  0  0  1  1  1  0  0  1 ] (0.00000001)
[  1  0  0  1  1  1  0  1  0 ] (0.00000002)
[  1  0  0  1  1  1  1  0  0 ] (0.00000157)
[  1  0  0  1  1  2  0  0  0 ] (0.00000000)
[  1  0  0  1  2  0  0  0  0 ] (0.00002882)
[  1  0  0  1  2  0  0  0  1 ] (0.00010073)
[  1  0  0  1  2  0  0  1  0 ] (0.00012257)
[  1  0  0  1  2  0  1  0  0 ] (0.00004043)
[  1  0  0  1  2  1  0  0  0 ] (0.00019701)
[  1  0  0  1  3  0  0  0  0 ] (0.00001463)
[  1  0  0  2  0  0  0  0  0 ] (0.00000197)
[  1  0  0  2  0  0  0  0  1 ] (0.00000339)
[  1  0  0  2  0  0  0  0  2 ] (0.00000012)
[  1  0  0  2  0  0  0  1  0 ] (0.00003079)
[  1  0  0  2  0  0  0  1  1 ] (0.00000012)
[  1  0  0  2  0  0  0  2  0 ] (0.00000021)
[  1  0  0  2  0  0  1  0  0 ] (0.00000334)
[  1  0  0  2  0  0  1  0  1 ] (0.00000000)
[  1  0  0  2  0  0  1  1  0 ] (0.00000007)
[  1  0  0  2  0  0  2  0  0 ] (0.00000000)
[  1  0  0  2  0  1  0  0  0 ] (0.00000952)
[  1  0  0  2  0  1  0  0  1 ] (0.00000125)
[  1  0  0  2  0  1  0  1  0 ] (0.00000707)
[  1  0  0  2  0  1  1  0  0 ] (0.00000020)
[  1  0  0  2  0  2  0  0  0 ] (0.00000139)
[  1  0  0  2  1  0  0  0  0 ] (0.00000011)
[  1  0  0  2  1  0  0  0  1 ] (0.00000156)
[  1  0  0  2  1  0  0  1  0 ] (0.00000208)
[  1  0  0  2  1  0  1  0  0 ] (0.00000211)
[  1  0  0  2  1  1  0  0  0 ] (0.00000171)
[  1  0  0  2  2  0  0  0  0 ] (0.00001511)
[  1  0  0  3  0  0  0  0  0 ] (0.00000261)
[  1  0  0  3  0  0  0  0  1 ] (0.00000327)
[  1  0  0  3  0  0  0  1  0 ] (0.00000827)
[  1  0  0  3  0  0  1  0  0 ] (0.00000104)
[  1  0  0  3  0  1  0  0  0 ] (0.00000543)
[  1  0  0  3  1  0  0  0  0 ] (0.00000036)
[  1  0  0  4  0  0  0  0  0 ] (0.00000233)
[  1  0  1  0  0  0  0  0  0 ] (0.00000115)
[  1  0  1  0  0  0  0  0  1 ] (0.00000153)
[  1  0  1  0  0  0  0  0  2 ] (0.00000025)
[  1  0  1  0  0  0  0  0  3 ] (0.00000026)
[  1  0  1  0  0  0  0  1  0 ] (0.00000026)
[  1  0  1  0  0  0  0  1  1 ] (0.00000020)
[  1  0  1  0  0  0  0  1  2 ] (0.00000015)
[  1  0  1  0  0  0  0  2  0 ] (0.00000214)
[  1  0  1  0  0  0  0  2  1 ] (0.00000002)
[  1  0  1  0  0  0  0  3  0 ] (0.00000410)
[  1  0  1  0  0  0  1  0  0 ] (0.00002721)
[  1  0  1  0  0  0  1  0  1 ] (0.00000211)
[  1  0  1  0  0  0  1  0  2 ] (0.00000001)
[  1  0  1  0  0  0  1  1  0 ] (0.00000865)
[  1  0  1  0  0  0  1  1  1 ] (0.00000000)
[  1  0  1  0  0  0  1  2  0 ] (0.00000000)
[  1  0  1  0  0  0  2  0  0 ] (0.00000534)
[  1  0  1  0  0  0  2  0  1 ] (0.00000037)
[  1  0  1  0  0  0  2  1  0 ] (0.00000003)
[  1  0  1  0  0  0  3  0  0 ] (0.00000467)
[  1  0  1  0  0  1  0  0  0 ] (0.00046830)
[  1  0  1  0  0  1  0  0  1 ] (0.00000076)
[  1  0  1  0  0  1  0  0  2 ] (0.00000000)
[  1  0  1  0  0  1  0  1  0 ] (0.00001267)
[  1  0  1  0  0  1  0  1  1 ] (0.00000057)
[  1  0  1  0  0  1  0  2  0 ] (0.00000191)
[  1  0  1  0  0  1  1  0  0 ] (0.00006135)
[  1  0  1  0  0  1  1  0  1 ] (0.00000041)
[  1  0  1  0  0  1  1  1  0 ] (0.00000499)
[  1  0  1  0  0  1  2  0  0 ] (0.00000024)
[  1  0  1  0  0  2  0  0  0 ] (0.00001141)
[  1  0  1  0  0  2  0  0  1 ] (0.00000578)
[  1  0  1  0  0  2  0  1  0 ] (0.00001314)
[  1  0  1  0  0  2  1  0  0 ] (0.00000621)
[  1  0  1  0  0  3  0  0  0 ] (0.00003102)
[  1  0  1  0  1  0  0  0  0 ] (0.00037740)
[  1  0  1  0  1  0  0  0  1 ] (0.00000880)
[  1  0  1  0  1  0  0  0  2 ] (0.00000017)
[  1  0  1  0  1  0  0  1  0 ] (0.00001001)
[  1  0  1  0  1  0  0  1  1 ] (0.00000002)
[  1  0  1  0  1  0  0  2  0 ] (0.00000013)
[  1  0  1  0  1  0  1  0  0 ] (0.00000649)
[  1  0  1  0  1  0  1  0  1 ] (0.00000046)
[  1  0  1  0  1  0  1  1  0 ] (0.00000002)
[  1  0  1  0  1  0  2  0  0 ] (0.00000001)
[  1  0  1  0  1  1  0  0  0 ] (0.00013838)
[  1  0  1  0  1  1  0  0  1 ] (0.00000011)
[  1  0  1  0  1  1  0  1  0 ] (0.00000861)
[  1  0  1  0  1  1  1  0  0 ] (0.00000699)
[  1  0  1  0  1  2  0  0  0 ] (0.00000332)
[  1  0  1  0  2  0  0  0  0 ] (0.00033890)
[  1  0  1  0  2  0  0  0  1 ] (0.00001982)
[  1  0  1  0  2  0  0  1  0 ] (0.00000185)
[  1  0  1  0  2  0  1  0  0 ] (0.00004143)
[  1  0  1  0  2  1  0  0  0 ] (0.00034366)
[  1  0  1  0  3  0  0  0  0 ] (0.00003553)
[  1  0  1  1  0  0  0  0  0 ] (0.00013937)
[  1  0  1  1  0  0  0  0  1 ] (0.00000100)
[  1  0  1  1  0  0  0  0  2 ] (0.00000033)
[  1  0  1  1  0  0  0  1  0 ] (0.00002313)
[  1  0  1  1  0  0  0  1  1 ] (0.00000001)
[  1  0  1  1  0  0  0  2  0 ] (0.00000018)
[  1  0  1  1  0  0  1  0  0 ] (0.00002821)
[  1  0  1  1  0  0  1  0  1 ] (0.00000021)
[  1  0  1  1  0  0  1  1  0 ] (0.00000003)
[  1  0  1  1  0  0  2  0  0 ] (0.00000018)
[  1  0  1  1  0  1  0  0  0 ] (0.00002395)
[  1  0  1  1  0  1  0  0  1 ] (0.00001029)
[  1  0  1  1  0  1  0  1  0 ] (0.00000756)
[  1  0  1  1  0  1  1  0  0 ] (0.00000056)
[  1  0  1  1  0  2  0  0  0 ] (0.00001600)
[  1  0  1  1  1  0  0  0  0 ] (0.00005533)
[  1  0  1  1  1  0  0  0  1 ] (0.00000001)
[  1  0  1  1  1  0  0  1  0 ] (0.00000071)
[  1  0  1  1  1  0  1  0  0 ] (0.00000000)
[  1  0  1  1  1  1  0  0  0 ] (0.00001009)
[  1  0  1  1  2  0  0  0  0 ] (0.00000088)
[  1  0  1  2  0  0  0  0  0 ] (0.00017716)
[  1  0  1  2  0  0  0  0  1 ] (0.00000228)
[  1  0  1  2  0  0  0  1  0 ] (0.00000162)
[  1  0  1  2  0  0  1  0  0 ] (0.00001052)
[  1  0  1  2  0  1  0  0  0 ] (0.00007458)
[  1  0  1  2  1  0  0  0  0 ] (0.00000104)
[  1  0  1  3  0  0  0  0  0 ] (0.00007797)
[  1  0  2  0  0  0  0  0  0 ] (0.00002787)
[  1  0  2  0  0  0  0  0  1 ] (0.00000014)
[  1  0  2  0  0  0  0  0  2 ] (0.00000003)
[  1  0  2  0  0  0  0  1  0 ] (0.00000000)
[  1  0  2  0  0  0  0  1  1 ] (0.00000000)
[  1  0  2  0  0  0  0  2  0 ] (0.00000004)
[  1  0  2  0  0  0  1  0  0 ] (0.00000552)
[  1  0  2  0  0  0  1  0  1 ] (0.00000008)
[  1  0  2  0  0  0  1  1  0 ] (0.00000007)
[  1  0  2  0  0  0  2  0  0 ] (0.00000001)
[  1  0  2  0  0  1  0  0  0 ] (0.00001381)
[  1  0  2  0  0  1  0  0  1 ] (0.00000303)
[  1  0  2  0  0  1  0  1  0 ] (0.00000002)
[  1  0  2  0  0  1  1  0  0 ] (0.00001272)
[  1  0  2  0  0  2  0  0  0 ] (0.00001244)
[  1  0  2  0  1  0  0  0  0 ] (0.00004241)
[  1  0  2  0  1  0  0  0  1 ] (0.00000023)
[  1  0  2  0  1  0  0  1  0 ] (0.00000004)
[  1  0  2  0  1  0  1  0  0 ] (0.00000000)
[  1  0  2  0  1  1  0  0  0 ] (0.00000330)
[  1  0  2  0  2  0  0  0  0 ] (0.00000074)
[  1  0  2  1  0  0  0  0  0 ] (0.00026291)
[  1  0  2  1  0  0  0  0  1 ] (0.00000108)
[  1  0  2  1  0  0  0  1  0 ] (0.00000049)
[  1  0  2  1  0  0  1  0  0 ] (0.00000006)
[  1  0  2  1  0  1  0  0  0 ] (0.00003209)
[  1  0  2  1  1  0  0  0  0 ] (0.00000872)
[  1  0  2  2  0  0  0  0  0 ] (0.00000485)
[  1  0  3  0  0  0  0  0  0 ] (0.00003160)
[  1  0  3  0  0  0  0  0  1 ] (0.00000956)
[  1  0  3  0  0  0  0  1  0 ] (0.00000087)
[  1  0  3  0  0  0  1  0  0 ] (0.00000499)
[  1  0  3  0  0  1  0  0  0 ] (0.00002378)
[  1  0  3  0  1  0  0  0  0 ] (0.00000717)
[  1  0  3  1  0  0  0  0  0 ] (0.00014108)
[  1  0  4  0  0  0  0  0  0 ] (0.00010863)
[  1  1  0  0  0  0  0  0  0 ] (0.00008434)
[  1  1  0  0  0  0  0  0  1 ] (0.00000063)
[  1  1  0  0  0  0  0  0  2 ] (0.00000038)
[  1  1  0  0  0  0  0  0  3 ] (0.00000036)
[  1  1  0  0  0  0  0  1  0 ] (0.00001268)
[  1  1  0  0  0  0  0  1  1 ] (0.00000086)
[  1  1  0  0  0  0  0  1  2 ] (0.00000010)
[  1  1  0  0  0  0  0  2  0 ] (0.00000000)
[  1  1  0  0  0  0  0  2  1 ] (0.00000001)
[  1  1  0  0  0  0  0  3  0 ] (0.00000011)
[  1  1  0  0  0  0  1  0  0 ] (0.00000899)
[  1  1  0  0  0  0  1  0  1 ] (0.00000396)
[  1  1  0  0  0  0  1  0  2 ] (0.00000000)
[  1  1  0  0  0  0  1  1  0 ] (0.00002041)
[  1  1  0  0  0  0  1  1  1 ] (0.00000084)
[  1  1  0  0  0  0  1  2  0 ] (0.00000000)
[  1  1  0  0  0  0  2  0  0 ] (0.00000127)
[  1  1  0  0  0  0  2  0  1 ] (0.00000004)
[  1  1  0  0  0  0  2  1  0 ] (0.00000018)
[  1  1  0  0  0  0  3  0  0 ] (0.00000095)
[  1  1  0  0  0  1  0  0  0 ] (0.00019532)
[  1  1  0  0  0  1  0  0  1 ] (0.00000234)
[  1  1  0  0  0  1  0  0  2 ] (0.00000006)
[  1  1  0  0  0  1  0  1  0 ] (0.00000401)
[  1  1  0  0  0  1  0  1  1 ] (0.00000000)
[  1  1  0  0  0  1  0  2  0 ] (0.00000000)
[  1  1  0  0  0  1  1  0  0 ] (0.00000915)
[  1  1  0  0  0  1  1  0  1 ] (0.00000018)
[  1  1  0  0  0  1  1  1  0 ] (0.00000021)
[  1  1  0  0  0  1  2  0  0 ] (0.00000020)
[  1  1  0  0  0  2  0  0  0 ] (0.00000046)
[  1  1  0  0  0  2  0  0  1 ] (0.00000002)
[  1  1  0  0  0  2  0  1  0 ] (0.00000003)
[  1  1  0  0  0  2  1  0  0 ] (0.00000064)
[  1  1  0  0  0  3  0  0  0 ] (0.00000030)
[  1  1  0  0  1  0  0  0  0 ] (0.00065797)
[  1  1  0  0  1  0  0  0  1 ] (0.00000364)
[  1  1  0  0  1  0  0  0  2 ] (0.00000008)
[  1  1  0  0  1  0  0  1  0 ] (0.00000148)
[  1  1  0  0  1  0  0  1  1 ] (0.00000006)
[  1  1  0  0  1  0  0  2  0 ] (0.00000000)
[  1  1  0  0  1  0  1  0  0 ] (0.00002005)
[  1  1  0  0  1  0  1  0  1 ] (0.00000037)
[  1  1  0  0  1  0  1  1  0 ] (0.00000003)
[  1  1  0  0  1  0  2  0  0 ] (0.00000001)
[  1  1  0  0  1  1  0  0  0 ] (0.00004793)
[  1  1  0  0  1  1  0  0  1 ] (0.00000043)
[  1  1  0  0  1  1  0  1  0 ] (0.00000244)
[  1  1  0  0  1  1  1  0  0 ] (0.00000027)
[  1  1  0  0  1  2  0  0  0 ] (0.00000014)
[  1  1  0  0  2  0  0  0  0 ] (0.00007386)
[  1  1  0  0  2  0  0  0  1 ] (0.00003157)
[  1  1  0  0  2  0  0  1  0 ] (0.00025381)
[  1  1  0  0  2  0  1  0  0 ] (0.00000366)
[  1  1  0  0  2  1  0  0  0 ] (0.00003074)
[  1  1  0  0  3  0  0  0  0 ] (0.00000002)
[  1  1  0  1  0  0  0  0  0 ] (0.00138849)
[  1  1  0  1  0  0  0  0  1 ] (0.00000413)
[  1  1  0  1  0  0  0  0  2 ] (0.00000005)
[  1  1  0  1  0  0  0  1  0 ] (0.00000416)
[  1  1  0  1  0  0  0  1  1 ] (0.00000014)
[  1  1  0  1  0  0  0  2  0 ] (0.00000005)
[  1  1  0  1  0  0  1  0  0 ] (0.00002276)
[  1  1  0  1  0  0  1  0  1 ] (0.00000027)
[  1  1  0  1  0  0  1  1  0 ] (0.00000073)
[  1  1  0  1  0  0  2  0  0 ] (0.00000001)
[  1  1  0  1  0  1  0  0  0 ] (0.00006946)
[  1  1  0  1  0  1  0  0  1 ] (0.00000007)
[  1  1  0  1  0  1  0  1  0 ] (0.00000074)
[  1  1  0  1  0  1  1  0  0 ] (0.00000186)
[  1  1  0  1  0  2  0  0  0 ] (0.00000143)
[  1  1  0  1  1  0  0  0  0 ] (0.00000165)
[  1  1  0  1  1  0  0  0  1 ] (0.00000006)
[  1  1  0  1  1  0  0  1  0 ] (0.00000317)
[  1  1  0  1  1  0  1  0  0 ] (0.00000001)
[  1  1  0  1  1  1  0  0  0 ] (0.00000011)
[  1  1  0  1  2  0  0  0  0 ] (0.00004778)
[  1  1  0  2  0  0  0  0  0 ] (0.00004072)
[  1  1  0  2  0  0  0  0  1 ] (0.00000000)
[  1  1  0  2  0  0  0  1  0 ] (0.00000085)
[  1  1  0  2  0  0  1  0  0 ] (0.00000100)
[  1  1  0  2  0  1  0  0  0 ] (0.00000824)
[  1  1  0  2  1  0  0  0  0 ] (0.00000844)
[  1  1  0  3  0  0  0  0  0 ] (0.00000463)
[  1  1  1  0  0  0  0  0  0 ] (0.00043598)
[  1  1  1  0  0  0  0  0  1 ] (0.00000157)
[  1  1  1  0  0  0  0  0  2 ] (0.00000000)
[  1  1  1  0  0  0  0  1  0 ] (0.00001622)
[  1  1  1  0  0  0  0  1  1 ] (0.00000050)
[  1  1  1  0  0  0  0  2  0 ] (0.00000002)
[  1  1  1  0  0  0  1  0  0 ] (0.00000572)
[  1  1  1  0  0  0  1  0  1 ] (0.00000014)
[  1  1  1  0  0  0  1  1  0 ] (0.00000003)
[  1  1  1  0  0  0  2  0  0 ] (0.00000007)
[  1  1  1  0  0  1  0  0  0 ] (0.00000026)
[  1  1  1  0  0  1  0  0  1 ] (0.00000672)
[  1  1  1  0  0  1  0  1  0 ] (0.00003924)
[  1  1  1  0  0  1  1  0  0 ] (0.00000255)
[  1  1  1  0  0  2  0  0  0 ] (0.00000559)
[  1  1  1  0  1  0  0  0  0 ] (0.00015184)
[  1  1  1  0  1  0  0  0  1 ] (0.00000036)
[  1  1  1  0  1  0  0  1  0 ] (0.00000336)
[  1  1  1  0  1  0  1  0  0 ] (0.00000399)
[  1  1  1  0  1  1  0  0  0 ] (0.00002411)
[  1  1  1  0  2  0  0  0  0 ] (0.00000237)
[  1  1  1  1  0  0  0  0  0 ] (0.00010765)
[  1  1  1  1  0  0  0  0  1 ] (0.00000001)
[  1  1  1  1  0  0  0  1  0 ] (0.00000048)
[  1  1  1  1  0  0  1  0  0 ] (0.00000055)
[  1  1  1  1  0  1  0  0  0 ] (0.00003779)
[  1  1  1  1  1  0  0  0  0 ] (0.00000473)
[  1  1  1  2  0  0  0  0  0 ] (0.00000001)
[  1  1  2  0  0  0  0  0  0 ] (0.00004284)
[  1  1  2  0  0  0  0  0  1 ] (0.00000011)
[  1  1  2  0  0  0  0  1  0 ] (0.00000152)
[  1  1  2  0  0  0  1  0  0 ] (0.00000003)
[  1  1  2  0  0  1  0  0  0 ] (0.00000129)
[  1  1  2  0  1  0  0  0  0 ] (0.00000824)
[  1  1  2  1  0  0  0  0  0 ] (0.00000007)
[  1  1  3  0  0  0  0  0  0 ] (0.00001160)
[  1  2  0  0  0  0  0  0  0 ] (0.00005576)
[  1  2  0  0  0  0  0  0  1 ] (0.00000456)
[  1  2  0  0  0  0  0  0  2 ] (0.00000020)
[  1  2  0  0  0  0  0  1  0 ] (0.00009987)
[  1  2  0  0  0  0  0  1  1 ] (0.00000260)
[  1  2  0  0  0  0  0  2  0 ] (0.00000002)
[  1  2  0  0  0  0  1  0  0 ] (0.00003541)
[  1  2  0  0  0  0  1  0  1 ] (0.00000011)
[  1  2  0  0  0  0  1  1  0 ] (0.00000577)
[  1  2  0  0  0  0  2  0  0 ] (0.00000015)
[  1  2  0  0  0  1  0  0  0 ] (0.00000000)
[  1  2  0  0  0  1  0  0  1 ] (0.00000018)
[  1  2  0  0  0  1  0  1  0 ] (0.00000001)
[  1  2  0  0  0  1  1  0  0 ] (0.00000185)
[  1  2  0  0  0  2  0  0  0 ] (0.00000009)
[  1  2  0  0  1  0  0  0  0 ] (0.00000201)
[  1  2  0  0  1  0  0  0  1 ] (0.00000174)
[  1  2  0  0  1  0  0  1  0 ] (0.00000562)
[  1  2  0  0  1  0  1  0  0 ] (0.00000070)
[  1  2  0  0  1  1  0  0  0 ] (0.00000107)
[  1  2  0  0  2  0  0  0  0 ] (0.00000640)
[  1  2  0  1  0  0  0  0  0 ] (0.00008854)
[  1  2  0  1  0  0  0  0  1 ] (0.00000615)
[  1  2  0  1  0  0  0  1  0 ] (0.00000026)
[  1  2  0  1  0  0  1  0  0 ] (0.00000152)
[  1  2  0  1  0  1  0  0  0 ] (0.00000081)
[  1  2  0  1  1  0  0  0  0 ] (0.00000843)
[  1  2  0  2  0  0  0  0  0 ] (0.00000016)
[  1  2  1  0  0  0  0  0  0 ] (0.00007331)
[  1  2  1  0  0  0  0  0  1 ] (0.00000465)
[  1  2  1  0  0  0  0  1  0 ] (0.00007537)
[  1  2  1  0  0  0  1  0  0 ] (0.00001044)
[  1  2  1  0  0  1  0  0  0 ] (0.00001279)
[  1  2  1  0  1  0  0  0  0 ] (0.00005474)
[  1  2  1  1  0  0  0  0  0 ] (0.00000243)
[  1  2  2  0  0  0  0  0  0 ] (0.00000162)
[  1  3  0  0  0  0  0  0  0 ] (0.00209142)
[  1  3  0  0  0  0  0  0  1 ] (0.00001122)
[  1  3  0  0  0  0  0  1  0 ] (0.00000003)
[  1  3  0  0  0  0  1  0  0 ] (0.00000221)
[  1  3  0  0  0  1  0  0  0 ] (0.00000492)
[  1  3  0  0  1  0  0  0  0 ] (0.00000698)
[  1  3  0  1  0  0  0  0  0 ] (0.00001419)
[  1  3  1  0  0  0  0  0  0 ] (0.00000057)
[  1  4  0  0  0  0  0  0  0 ] (0.00000474)
[  2  0  0  0  0  0  0  0  0 ] (0.00044589)
[  2  0  0  0  0  0  0  0  1 ] (0.00000206)
[  2  0  0  0  0  0  0  0  2 ] (0.00000130)
[  2  0  0  0  0  0  0  0  3 ] (0.00000040)
[  2  0  0  0  0  0  0  1  0 ] (0.00000140)
[  2  0  0  0  0  0  0  1  1 ] (0.00000002)
[  2  0  0  0  0  0  0  1  2 ] (0.00000001)
[  2  0  0  0  0  0  0  2  0 ] (0.00000043)
[  2  0  0  0  0  0  0  2  1 ] (0.00000001)
[  2  0  0  0  0  0  0  3  0 ] (0.00000045)
[  2  0  0  0  0  0  1  0  0 ] (0.00038822)
[  2  0  0  0  0  0  1  0  1 ] (0.00002444)
[  2  0  0  0  0  0  1  0  2 ] (0.00000000)
[  2  0  0  0  0  0  1  1  0 ] (0.00000040)
[  2  0  0  0  0  0  1  1  1 ] (0.00000044)
[  2  0  0  0  0  0  1  2  0 ] (0.00000001)
[  2  0  0  0  0  0  2  0  0 ] (0.00001790)
[  2  0  0  0  0  0  2  0  1 ] (0.00000026)
[  2  0  0  0  0  0  2  1  0 ] (0.00000002)
[  2  0  0  0  0  0  3  0  0 ] (0.00001002)
[  2  0  0  0  0  1  0  0  0 ] (0.00132789)
[  2  0  0  0  0  1  0  0  1 ] (0.00000665)
[  2  0  0  0  0  1  0  0  2 ] (0.00000001)
[  2  0  0  0  0  1  0  1  0 ] (0.00000099)
[  2  0  0  0  0  1  0  1  1 ] (0.00000034)
[  2  0  0  0  0  1  0  2  0 ] (0.00000008)
[  2  0  0  0  0  1  1  0  0 ] (0.00005319)
[  2  0  0  0  0  1  1  0  1 ] (0.00000024)
[  2  0  0  0  0  1  1  1  0 ] (0.00000014)
[  2  0  0  0  0  1  2  0  0 ] (0.00000071)
[  2  0  0  0  0  2  0  0  0 ] (0.00002591)
[  2  0  0  0  0  2  0  0  1 ] (0.00000000)
[  2  0  0  0  0  2  0  1  0 ] (0.00000072)
[  2  0  0  0  0  2  1  0  0 ] (0.00000163)
[  2  0  0  0  0  3  0  0  0 ] (0.00000551)
[  2  0  0  0  1  0  0  0  0 ] (0.00073177)
[  2  0  0  0  1  0  0  0  1 ] (0.00000374)
[  2  0  0  0  1  0  0  0  2 ] (0.00000004)
[  2  0  0  0  1  0  0  1  0 ] (0.00000624)
[  2  0  0  0  1  0  0  1  1 ] (0.00000033)
[  2  0  0  0  1  0  0  2  0 ] (0.00000002)
[  2  0  0  0  1  0  1  0  0 ] (0.00000194)
[  2  0  0  0  1  0  1  0  1 ] (0.00000000)
[  2  0  0  0  1  0  1  1  0 ] (0.00000060)
[  2  0  0  0  1  0  2  0  0 ] (0.00000002)
[  2  0  0  0  1  1  0  0  0 ] (0.00013907)
[  2  0  0  0  1  1  0  0  1 ] (0.00000194)
[  2  0  0  0  1  1  0  1  0 ] (0.00000491)
[  2  0  0  0  1  1  1  0  0 ] (0.00000011)
[  2  0  0  0  1  2  0  0  0 ] (0.00000021)
[  2  0  0  0  2  0  0  0  0 ] (0.00283229)
[  2  0  0  0  2  0  0  0  1 ] (0.00023439)
[  2  0  0  0  2  0  0  1  0 ] (0.00000006)
[  2  0  0  0  2  0  1  0  0 ] (0.00010905)
[  2  0  0  0  2  1  0  0  0 ] (0.00111972)
[  2  0  0  0  3  0  0  0  0 ] (0.00001113)
[  2  0  0  1  0  0  0  0  0 ] (0.00029620)
[  2  0  0  1  0  0  0  0  1 ] (0.00000048)
[  2  0  0  1  0  0  0  0  2 ] (0.00000000)
[  2  0  0  1  0  0  0  1  0 ] (0.00001193)
[  2  0  0  1  0  0  0  1  1 ] (0.00000004)
[  2  0  0  1  0  0  0  2  0 ] (0.00000000)
[  2  0  0  1  0  0  1  0  0 ] (0.00000055)
[  2  0  0  1  0  0  1  0  1 ] (0.00000027)
[  2  0  0  1  0  0  1  1  0 ] (0.00000010)
[  2  0  0  1  0  0  2  0  0 ] (0.00000026)
[  2  0  0  1  0  1  0  0  0 ] (0.00000780)
[  2  0  0  1  0  1  0  0  1 ] (0.00000082)
[  2  0  0  1  0  1  0  1  0 ] (0.00000006)
[  2  0  0  1  0  1  1  0  0 ] (0.00000017)
[  2  0  0  1  0  2  0  0  0 ] (0.00000060)
[  2  0  0  1  1  0  0  0  0 ] (0.00000463)
[  2  0  0  1  1  0  0  0  1 ] (0.00000094)
[  2  0  0  1  1  0  0  1  0 ] (0.00000000)
[  2  0  0  1  1  0  1  0  0 ] (0.00000044)
[  2  0  0  1  1  1  0  0  0 ] (0.00001702)
[  2  0  0  1  2  0  0  0  0 ] (0.00000588)
[  2  0  0  2  0  0  0  0  0 ] (0.00013627)
[  2  0  0  2  0  0  0  0  1 ] (0.00000160)
[  2  0  0  2  0  0  0  1  0 ] (0.00000071)
[  2  0  0  2  0  0  1  0  0 ] (0.00000085)
[  2  0  0  2  0  1  0  0  0 ] (0.00004192)
[  2  0  0  2  1  0  0  0  0 ] (0.00000000)
[  2  0  0  3  0  0  0  0  0 ] (0.00001424)
[  2  0  1  0  0  0  0  0  0 ] (0.00145325)
[  2  0  1  0  0  0  0  0  1 ] (0.00001292)
[  2  0  1  0  0  0  0  0  2 ] (0.00000061)
[  2  0  1  0  0  0  0  1  0 ] (0.00000172)
[  2  0  1  0  0  0  0  1  1 ] (0.00000049)
[  2  0  1  0  0  0  0  2  0 ] (0.00000004)
[  2  0  1  0  0  0  1  0  0 ] (0.00000777)
[  2  0  1  0  0  0  1  0  1 ] (0.00000002)
[  2  0  1  0  0  0  1  1  0 ] (0.00000055)
[  2  0  1  0  0  0  2  0  0 ] (0.00000023)
[  2  0  1  0  0  1  0  0  0 ] (0.00021253)
[  2  0  1  0  0  1  0  0  1 ] (0.00002705)
[  2  0  1  0  0  1  0  1  0 ] (0.00000122)
[  2  0  1  0  0  1  1  0  0 ] (0.00000920)
[  2  0  1  0  0  2  0  0  0 ] (0.00007840)
[  2  0  1  0  1  0  0  0  0 ] (0.00005879)
[  2  0  1  0  1  0  0  0  1 ] (0.00000205)
[  2  0  1  0  1  0  0  1  0 ] (0.00000003)
[  2  0  1  0  1  0  1  0  0 ] (0.00000276)
[  2  0  1  0  1  1  0  0  0 ] (0.00002257)
[  2  0  1  0  2  0  0  0  0 ] (0.00000009)
[  2  0  1  1  0  0  0  0  0 ] (0.00011874)
[  2  0  1  1  0  0  0  0  1 ] (0.00000003)
[  2  0  1  1  0  0  0  1  0 ] (0.00000326)
[  2  0  1  1  0  0  1  0  0 ] (0.00000040)
[  2  0  1  1  0  1  0  0  0 ] (0.00004737)
[  2  0  1  1  1  0  0  0  0 ] (0.00000106)
[  2  0  1  2  0  0  0  0  0 ] (0.00003349)
[  2  0  2  0  0  0  0  0  0 ] (0.00020853)
[  2  0  2  0  0  0  0  0  1 ] (0.00000489)
[  2  0  2  0  0  0  0  1  0 ] (0.00000002)
[  2  0  2  0  0  0  1  0  0 ] (0.00000185)
[  2  0  2  0  0  1  0  0  0 ] (0.00005425)
[  2  0  2  0  1  0  0  0  0 ] (0.00000058)
[  2  0  2  1  0  0  0  0  0 ] (0.00000213)
[  2  0  3  0  0  0  0  0  0 ] (0.00000494)
[  2  1  0  0  0  0  0  0  0 ] (0.00004432)
[  2  1  0  0  0  0  0  0  1 ] (0.00000000)
[  2  1  0  0  0  0  0  0  2 ] (0.00000002)
[  2  1  0  0  0  0  0  1  0 ] (0.00000225)
[  2  1  0  0  0  0  0  1  1 ] (0.00000017)
[  2  1  0  0  0  0  0  2  0 ] (0.00000203)
[  2  1  0  0  0  0  1  0  0 ] (0.00027535)
[  2  1  0  0  0  0  1  0  1 ] (0.00000880)
[  2  1  0  0  0  0  1  1  0 ] (0.00000086)
[  2  1  0  0  0  0  2  0  0 ] (0.00000958)
[  2  1  0  0  0  1  0  0  0 ] (0.00043797)
[  2  1  0  0  0  1  0  0  1 ] (0.00000001)
[  2  1  0  0  0  1  0  1  0 ] (0.00000222)
[  2  1  0  0  0  1  1  0  0 ] (0.00000066)
[  2  1  0  0  0  2  0  0  0 ] (0.00000045)
[  2  1  0  0  1  0  0  0  0 ] (0.00004803)
[  2  1  0  0  1  0  0  0  1 ] (0.00000087)
[  2  1  0  0  1  0  0  1  0 ] (0.00000109)
[  2  1  0  0  1  0  1  0  0 ] (0.00000473)
[  2  1  0  0  1  1  0  0  0 ] (0.00001623)
[  2  1  0  0  2  0  0  0  0 ] (0.00229681)
[  2  1  0  1  0  0  0  0  0 ] (0.00002088)
[  2  1  0  1  0  0  0  0  1 ] (0.00000002)
[  2  1  0  1  0  0  0  1  0 ] (0.00000462)
[  2  1  0  1  0  0  1  0  0 ] (0.00000329)
[  2  1  0  1  0  1  0  0  0 ] (0.00000485)
[  2  1  0  1  1  0  0  0  0 ] (0.00000185)
[  2  1  0  2  0  0  0  0  0 ] (0.00010763)
[  2  1  1  0  0  0  0  0  0 ] (0.00057032)
[  2  1  1  0  0  0  0  0  1 ] (0.00000052)
[  2  1  1  0  0  0  0  1  0 ] (0.00000033)
[  2  1  1  0  0  0  1  0  0 ] (0.00000030)
[  2  1  1  0  0  1  0  0  0 ] (0.00014987)
[  2  1  1  0  1  0  0  0  0 ] (0.00004242)
[  2  1  1  1  0  0  0  0  0 ] (0.00001462)
[  2  1  2  0  0  0  0  0  0 ] (0.00000982)
[  2  2  0  0  0  0  0  0  0 ] (0.00231743)
[  2  2  0  0  0  0  0  0  1 ] (0.00002367)
[  2  2  0  0  0  0  0  1  0 ] (0.00000062)
[  2  2  0  0  0  0  1  0  0 ] (0.00002360)
[  2  2  0  0  0  1  0  0  0 ] (0.00011581)
[  2  2  0  0  1  0  0  0  0 ] (0.00000292)
[  2  2  0  1  0  0  0  0  0 ] (0.00000029)
[  2  2  1  0  0  0  0  0  0 ] (0.00000058)
[  2  3  0  0  0  0  0  0  0 ] (0.00021504)
[  3  0  0  0  0  0  0  0  0 ] (0.00006087)
[  3  0  0  0  0  0  0  0  1 ] (0.00000001)
[  3  0  0  0  0  0  0  0  2 ] (0.00000010)
[  3  0  0  0  0  0  0  1  0 ] (0.00000019)
[  3  0  0  0  0  0  0  1  1 ] (0.00000003)
[  3  0  0  0  0  0  0  2  0 ] (0.00000002)
[  3  0  0  0  0  0  1  0  0 ] (0.00002709)
[  3  0  0  0  0  0  1  0  1 ] (0.00000000)
[  3  0  0  0  0  0  1  1  0 ] (0.00000001)
[  3  0  0  0  0  0  2  0  0 ] (0.00000006)
[  3  0  0  0  0  1  0  0  0 ] (0.00040371)
[  3  0  0  0  0  1  0  0  1 ] (0.00000198)
[  3  0  0  0  0  1  0  1  0 ] (0.00000209)
[  3  0  0  0  0  1  1  0  0 ] (0.00000508)
[  3  0  0  0  0  2  0  0  0 ] (0.00000333)
[  3  0  0  0  1  0  0  0  0 ] (0.00027570)
[  3  0  0  0  1  0  0  0  1 ] (0.00000679)
[  3  0  0  0  1  0  0  1  0 ] (0.00000000)
[  3  0  0  0  1  0  1  0  0 ] (0.00000370)
[  3  0  0  0  1  1  0  0  0 ] (0.00001679)
[  3  0  0  0  2  0  0  0  0 ] (0.00006136)
[  3  0  0  1  0  0  0  0  0 ] (0.00157827)
[  3  0  0  1  0  0  0  0  1 ] (0.00000346)
[  3  0  0  1  0  0  0  1  0 ] (0.00000004)
[  3  0  0  1  0  0  1  0  0 ] (0.00000587)
[  3  0  0  1  0  1  0  0  0 ] (0.00006788)
[  3  0  0  1  1  0  0  0  0 ] (0.00000870)
[  3  0  0  2  0  0  0  0  0 ] (0.00001461)
[  3  0  1  0  0  0  0  0  0 ] (0.00132277)
[  3  0  1  0  0  0  0  0  1 ] (0.00000978)
[  3  0  1  0  0  0  0  1  0 ] (0.00000136)
[  3  0  1  0  0  0  1  0  0 ] (0.00000001)
[  3  0  1  0  0  1  0  0  0 ] (0.00002187)
[  3  0  1  0  1  0  0  0  0 ] (0.00003071)
[  3  0  1  1  0  0  0  0  0 ] (0.00000058)
[  3  0  2  0  0  0  0  0  0 ] (0.00001519)
[  3  1  0  0  0  0  0  0  0 ] (0.00010515)
[  3  1  0  0  0  0  0  0  1 ] (0.00000005)
[  3  1  0  0  0  0  0  1  0 ] (0.00000037)
[  3  1  0  0  0  0  1  0  0 ] (0.00000009)
[  3  1  0  0  0  1  0  0  0 ] (0.00008801)
[  3  1  0  0  1  0  0  0  0 ] (0.00002532)
[  3  1  0  1  0  0  0  0  0 ] (0.00002270)
[  3  1  1  0  0  0  0  0  0 ] (0.00001886)
[  3  2  0  0  0  0  0  0  0 ] (0.00029635)
[  4  0  0  0  0  0  0  0  0 ] (0.00002926)
[  4  0  0  0  0  0  0  0  1 ] (0.00000078)
[  4  0  0  0  0  0  0  1  0 ] (0.00000496)
[  4  0  0  0  0  0  1  0  0 ] (0.00000123)
[  4  0  0  0  0  1  0  0  0 ] (0.00003263)
[  4  0  0  0  1  0  0  0  0 ] (0.00005209)
[  4  0  0  1  0  0  0  0  0 ] (0.00048534)
[  4  0  1  0  0  0  0  0  0 ] (0.00001086)
[  4  1  0  0  0  0  0  0  0 ] (0.00062603)
[  5  0  0  0  0  0  0  0  0 ] (0.00108320)
