|  -855.923959763829 |   304.967470390248 

[  0  0  0  0  0  0  0  0  0 ] (0.00000030)
[  0  0  0  0  0  0  0  0  1 ] (0.00000046)
[  0  0  0  0  0  0  0  0  2 ] (0.00000563)
[  0  0  0  0  0  0  0  0  3 ] (0.00001892)
[  0  0  0  0  0  0  0  0  4 ] (0.00019157)
[  0  0  0  0  0  0  0  0  5 ] (0.00000280)
[  0  0  0  0  0  0  0  1  0 ] (0.00001335)
[  0  0  0  0  0  0  0  1  1 ] (0.00001292)
[  0  0  0  0  0  0  0  1  2 ] (0.00004861)
[  0  0  0  0  0  0  0  1  3 ] (0.00032429)
[  0  0  0  0  0  0  0  1  4 ] (0.00002279)
[  0  0  0  0  0  0  0  2  0 ] (0.00000036)
[  0  0  0  0  0  0  0  2  1 ] (0.00007520)
[  0  0  0  0  0  0  0  2  2 ] (0.00043199)
[  0  0  0  0  0  0  0  2  3 ] (0.00001810)
[  0  0  0  0  0  0  0  3  0 ] (0.00000099)
[  0  0  0  0  0  0  0  3  1 ] (0.00005476)
[  0  0  0  0  0  0  0  3  2 ] (0.00000421)
[  0  0  0  0  0  0  0  4  0 ] (0.00002815)
[  0  0  0  0  0  0  0  4  1 ] (0.00000000)
[  0  0  0  0  0  0  0  5  0 ] (0.00000096)
[  0  0  0  0  0  0  1  0  0 ] (0.00000076)
[  0  0  0  0  0  0  1  0  1 ] (0.00000535)
[  0  0  0  0  0  0  1  0  2 ] (0.00000304)
[  0  0  0  0  0  0  1  0  3 ] (0.00150125)
[  0  0  0  0  0  0  1  0  4 ] (0.00001506)
[  0  0  0  0  0  0  1  1  0 ] (0.00005127)
[  0  0  0  0  0  0  1  1  1 ] (0.00022876)
[  0  0  0  0  0  0  1  1  2 ] (0.00038845)
[  0  0  0  0  0  0  1  1  3 ] (0.00006015)
[  0  0  0  0  0  0  1  2  0 ] (0.00004507)
[  0  0  0  0  0  0  1  2  1 ] (0.00028298)
[  0  0  0  0  0  0  1  2  2 ] (0.00000096)
[  0  0  0  0  0  0  1  3  0 ] (0.00001164)
[  0  0  0  0  0  0  1  3  1 ] (0.00008167)
[  0  0  0  0  0  0  1  4  0 ] (0.00013816)
[  0  0  0  0  0  0  2  0  0 ] (0.00003495)
[  0  0  0  0  0  0  2  0  1 ] (0.00000799)
[  0  0  0  0  0  0  2  0  2 ] (0.00019859)
[  0  0  0  0  0  0  2  0  3 ] (0.00000002)
[  0  0  0  0  0  0  2  1  0 ] (0.00103557)
[  0  0  0  0  0  0  2  1  1 ] (0.00486025)
[  0  0  0  0  0  0  2  1  2 ] (0.00250450)
[  0  0  0  0  0  0  2  2  0 ] (0.00009421)
[  0  0  0  0  0  0  2  2  1 ] (0.00005140)
[  0  0  0  0  0  0  2  3  0 ] (0.00019380)
[  0  0  0  0  0  0  3  0  0 ] (0.00002396)
[  0  0  0  0  0  0  3  0  1 ] (0.00001294)
[  0  0  0  0  0  0  3  0  2 ] (0.00018855)
[  0  0  0  0  0  0  3  1  0 ] (0.00041875)
[  0  0  0  0  0  0  3  1  1 ] (0.00009512)
[  0  0  0  0  0  0  3  2  0 ] (0.00032994)
[  0  0  0  0  0  0  4  0  0 ] (0.00005457)
[  0  0  0  0  0  0  4  0  1 ] (0.00030678)
[  0  0  0  0  0  0  4  1  0 ] (0.00120255)
[  0  0  0  0  0  0  5  0  0 ] (0.00001343)
[  0  0  0  0  0  1  0  0  0 ] (0.00000228)
[  0  0  0  0  0  1  0  0  1 ] (0.00000107)
[  0  0  0  0  0  1  0  0  2 ] (0.00000045)
[  0  0  0  0  0  1  0  0  3 ] (0.00005595)
[  0  0  0  0  0  1  0  0  4 ] (0.00007741)
[  0  0  0  0  0  1  0  1  0 ] (0.00008412)
[  0  0  0  0  0  1  0  1  1 ] (0.00077059)
[  0  0  0  0  0  1  0  1  2 ] (0.00184615)
[  0  0  0  0  0  1  0  1  3 ] (0.00044607)
[  0  0  0  0  0  1  0  2  0 ] (0.00000424)
[  0  0  0  0  0  1  0  2  1 ] (0.00051832)
[  0  0  0  0  0  1  0  2  2 ] (0.00056981)
[  0  0  0  0  0  1  0  3  0 ] (0.00000022)
[  0  0  0  0  0  1  0  3  1 ] (0.00003803)
[  0  0  0  0  0  1  0  4  0 ] (0.00210637)
[  0  0  0  0  0  1  1  0  0 ] (0.00000363)
[  0  0  0  0  0  1  1  0  1 ] (0.00002761)
[  0  0  0  0  0  1  1  0  2 ] (0.00016172)
[  0  0  0  0  0  1  1  0  3 ] (0.00002131)
[  0  0  0  0  0  1  1  1  0 ] (0.00075228)
[  0  0  0  0  0  1  1  1  1 ] (0.04260142)
[  0  0  0  0  0  1  1  1  2 ] (0.00570925)
[  0  0  0  0  0  1  1  2  0 ] (0.00004903)
[  0  0  0  0  0  1  1  2  1 ] (0.00014206)
[  0  0  0  0  0  1  1  3  0 ] (0.00000948)
[  0  0  0  0  0  1  2  0  0 ] (0.00003394)
[  0  0  0  0  0  1  2  0  1 ] (0.00010738)
[  0  0  0  0  0  1  2  0  2 ] (0.00131945)
[  0  0  0  0  0  1  2  1  0 ] (0.00063304)
[  0  0  0  0  0  1  2  1  1 ] (0.00013690)
[  0  0  0  0  0  1  2  2  0 ] (0.00002818)
[  0  0  0  0  0  1  3  0  0 ] (0.00000074)
[  0  0  0  0  0  1  3  0  1 ] (0.00111091)
[  0  0  0  0  0  1  3  1  0 ] (0.01242198)
[  0  0  0  0  0  1  4  0  0 ] (0.00169410)
[  0  0  0  0  0  2  0  0  0 ] (0.00000254)
[  0  0  0  0  0  2  0  0  1 ] (0.00000113)
[  0  0  0  0  0  2  0  0  2 ] (0.00000096)
[  0  0  0  0  0  2  0  0  3 ] (0.00023203)
[  0  0  0  0  0  2  0  1  0 ] (0.00031316)
[  0  0  0  0  0  2  0  1  1 ] (0.00055187)
[  0  0  0  0  0  2  0  1  2 ] (0.00037798)
[  0  0  0  0  0  2  0  2  0 ] (0.00013361)
[  0  0  0  0  0  2  0  2  1 ] (0.00330890)
[  0  0  0  0  0  2  0  3  0 ] (0.00028245)
[  0  0  0  0  0  2  1  0  0 ] (0.00002489)
[  0  0  0  0  0  2  1  0  1 ] (0.00001734)
[  0  0  0  0  0  2  1  0  2 ] (0.00009341)
[  0  0  0  0  0  2  1  1  0 ] (0.00196870)
[  0  0  0  0  0  2  1  1  1 ] (0.00001125)
[  0  0  0  0  0  2  1  2  0 ] (0.00708865)
[  0  0  0  0  0  2  2  0  0 ] (0.00026488)
[  0  0  0  0  0  2  2  0  1 ] (0.00178604)
[  0  0  0  0  0  2  2  1  0 ] (0.01199932)
[  0  0  0  0  0  2  3  0  0 ] (0.00000400)
[  0  0  0  0  0  3  0  0  0 ] (0.00000230)
[  0  0  0  0  0  3  0  0  1 ] (0.00001467)
[  0  0  0  0  0  3  0  0  2 ] (0.00000037)
[  0  0  0  0  0  3  0  1  0 ] (0.00004501)
[  0  0  0  0  0  3  0  1  1 ] (0.01657870)
[  0  0  0  0  0  3  0  2  0 ] (0.00004222)
[  0  0  0  0  0  3  1  0  0 ] (0.00000940)
[  0  0  0  0  0  3  1  0  1 ] (0.00050510)
[  0  0  0  0  0  3  1  1  0 ] (0.00982605)
[  0  0  0  0  0  3  2  0  0 ] (0.00006152)
[  0  0  0  0  0  4  0  0  0 ] (0.00000125)
[  0  0  0  0  0  4  0  0  1 ] (0.00005018)
[  0  0  0  0  0  4  0  1  0 ] (0.00007113)
[  0  0  0  0  0  4  1  0  0 ] (0.00000466)
[  0  0  0  0  0  5  0  0  0 ] (0.00000110)
[  0  0  0  0  1  0  0  0  0 ] (0.00000034)
[  0  0  0  0  1  0  0  0  1 ] (0.00000450)
[  0  0  0  0  1  0  0  0  2 ] (0.00000623)
[  0  0  0  0  1  0  0  0  3 ] (0.00016147)
[  0  0  0  0  1  0  0  0  4 ] (0.00001512)
[  0  0  0  0  1  0  0  1  0 ] (0.00002284)
[  0  0  0  0  1  0  0  1  1 ] (0.00000558)
[  0  0  0  0  1  0  0  1  2 ] (0.00061533)
[  0  0  0  0  1  0  0  1  3 ] (0.00000132)
[  0  0  0  0  1  0  0  2  0 ] (0.00000740)
[  0  0  0  0  1  0  0  2  1 ] (0.00004185)
[  0  0  0  0  1  0  0  2  2 ] (0.00007595)
[  0  0  0  0  1  0  0  3  0 ] (0.00021157)
[  0  0  0  0  1  0  0  3  1 ] (0.00003291)
[  0  0  0  0  1  0  0  4  0 ] (0.00014582)
[  0  0  0  0  1  0  1  0  0 ] (0.00000129)
[  0  0  0  0  1  0  1  0  1 ] (0.00000148)
[  0  0  0  0  1  0  1  0  2 ] (0.00033389)
[  0  0  0  0  1  0  1  0  3 ] (0.00000447)
[  0  0  0  0  1  0  1  1  0 ] (0.00007659)
[  0  0  0  0  1  0  1  1  1 ] (0.00317049)
[  0  0  0  0  1  0  1  1  2 ] (0.00061283)
[  0  0  0  0  1  0  1  2  0 ] (0.00016366)
[  0  0  0  0  1  0  1  2  1 ] (0.00001324)
[  0  0  0  0  1  0  1  3  0 ] (0.00025046)
[  0  0  0  0  1  0  2  0  0 ] (0.00000287)
[  0  0  0  0  1  0  2  0  1 ] (0.00000311)
[  0  0  0  0  1  0  2  0  2 ] (0.00010143)
[  0  0  0  0  1  0  2  1  0 ] (0.00011328)
[  0  0  0  0  1  0  2  1  1 ] (0.00003340)
[  0  0  0  0  1  0  2  2  0 ] (0.00000145)
[  0  0  0  0  1  0  3  0  0 ] (0.00001803)
[  0  0  0  0  1  0  3  0  1 ] (0.00017386)
[  0  0  0  0  1  0  3  1  0 ] (0.00161973)
[  0  0  0  0  1  0  4  0  0 ] (0.00373624)
[  0  0  0  0  1  1  0  0  0 ] (0.00000026)
[  0  0  0  0  1  1  0  0  1 ] (0.00018574)
[  0  0  0  0  1  1  0  0  2 ] (0.00002114)
[  0  0  0  0  1  1  0  0  3 ] (0.00055870)
[  0  0  0  0  1  1  0  1  0 ] (0.00001519)
[  0  0  0  0  1  1  0  1  1 ] (0.00144564)
[  0  0  0  0  1  1  0  1  2 ] (0.00004146)
[  0  0  0  0  1  1  0  2  0 ] (0.00019690)
[  0  0  0  0  1  1  0  2  1 ] (0.00088275)
[  0  0  0  0  1  1  0  3  0 ] (0.00917561)
[  0  0  0  0  1  1  1  0  0 ] (0.00007786)
[  0  0  0  0  1  1  1  0  1 ] (0.00063758)
[  0  0  0  0  1  1  1  0  2 ] (0.00169397)
[  0  0  0  0  1  1  1  1  0 ] (0.00044332)
[  0  0  0  0  1  1  1  1  1 ] (0.00029283)
[  0  0  0  0  1  1  1  2  0 ] (0.00024731)
[  0  0  0  0  1  1  2  0  0 ] (0.00031696)
[  0  0  0  0  1  1  2  0  1 ] (0.00209349)
[  0  0  0  0  1  1  2  1  0 ] (0.00211002)
[  0  0  0  0  1  1  3  0  0 ] (0.00003636)
[  0  0  0  0  1  2  0  0  0 ] (0.00000604)
[  0  0  0  0  1  2  0  0  1 ] (0.00000042)
[  0  0  0  0  1  2  0  0  2 ] (0.00001677)
[  0  0  0  0  1  2  0  1  0 ] (0.00015005)
[  0  0  0  0  1  2  0  1  1 ] (0.00083570)
[  0  0  0  0  1  2  0  2  0 ] (0.00046908)
[  0  0  0  0  1  2  1  0  0 ] (0.00010436)
[  0  0  0  0  1  2  1  0  1 ] (0.00730761)
[  0  0  0  0  1  2  1  1  0 ] (0.01077737)
[  0  0  0  0  1  2  2  0  0 ] (0.00032380)
[  0  0  0  0  1  3  0  0  0 ] (0.00001532)
[  0  0  0  0  1  3  0  0  1 ] (0.00001193)
[  0  0  0  0  1  3  0  1  0 ] (0.00002000)
[  0  0  0  0  1  3  1  0  0 ] (0.00000048)
[  0  0  0  0  1  4  0  0  0 ] (0.00001919)
[  0  0  0  0  2  0  0  0  0 ] (0.00000510)
[  0  0  0  0  2  0  0  0  1 ] (0.00000086)
[  0  0  0  0  2  0  0  0  2 ] (0.00002176)
[  0  0  0  0  2  0  0  0  3 ] (0.00184360)
[  0  0  0  0  2  0  0  1  0 ] (0.00000525)
[  0  0  0  0  2  0  0  1  1 ] (0.00150778)
[  0  0  0  0  2  0  0  1  2 ] (0.00190940)
[  0  0  0  0  2  0  0  2  0 ] (0.00000486)
[  0  0  0  0  2  0  0  2  1 ] (0.00177781)
[  0  0  0  0  2  0  0  3  0 ] (0.00000263)
[  0  0  0  0  2  0  1  0  0 ] (0.00004660)
[  0  0  0  0  2  0  1  0  1 ] (0.00048543)
[  0  0  0  0  2  0  1  0  2 ] (0.00362863)
[  0  0  0  0  2  0  1  1  0 ] (0.00149901)
[  0  0  0  0  2  0  1  1  1 ] (0.00056965)
[  0  0  0  0  2  0  1  2  0 ] (0.00148705)
[  0  0  0  0  2  0  2  0  0 ] (0.00028741)
[  0  0  0  0  2  0  2  0  1 ] (0.00188052)
[  0  0  0  0  2  0  2  1  0 ] (0.00902574)
[  0  0  0  0  2  0  3  0  0 ] (0.00001298)
[  0  0  0  0  2  1  0  0  0 ] (0.00002967)
[  0  0  0  0  2  1  0  0  1 ] (0.00027654)
[  0  0  0  0  2  1  0  0  2 ] (0.00020935)
[  0  0  0  0  2  1  0  1  0 ] (0.00005616)
[  0  0  0  0  2  1  0  1  1 ] (0.00949408)
[  0  0  0  0  2  1  0  2  0 ] (0.00012072)
[  0  0  0  0  2  1  1  0  0 ] (0.00094286)
[  0  0  0  0  2  1  1  0  1 ] (0.01150128)
[  0  0  0  0  2  1  1  1  0 ] (0.00238145)
[  0  0  0  0  2  1  2  0  0 ] (0.00007918)
[  0  0  0  0  2  2  0  0  0 ] (0.00000129)
[  0  0  0  0  2  2  0  0  1 ] (0.00005249)
[  0  0  0  0  2  2  0  1  0 ] (0.00000194)
[  0  0  0  0  2  2  1  0  0 ] (0.00010134)
[  0  0  0  0  2  3  0  0  0 ] (0.00000817)
[  0  0  0  0  3  0  0  0  0 ] (0.00000000)
[  0  0  0  0  3  0  0  0  1 ] (0.00000000)
[  0  0  0  0  3  0  0  0  2 ] (0.00000392)
[  0  0  0  0  3  0  0  1  0 ] (0.00029761)
[  0  0  0  0  3  0  0  1  1 ] (0.00088376)
[  0  0  0  0  3  0  0  2  0 ] (0.00000111)
[  0  0  0  0  3  0  1  0  0 ] (0.00000573)
[  0  0  0  0  3  0  1  0  1 ] (0.00000679)
[  0  0  0  0  3  0  1  1  0 ] (0.00278768)
[  0  0  0  0  3  0  2  0  0 ] (0.00003952)
[  0  0  0  0  3  1  0  0  0 ] (0.00000111)
[  0  0  0  0  3  1  0  0  1 ] (0.00005335)
[  0  0  0  0  3  1  0  1  0 ] (0.00025508)
[  0  0  0  0  3  1  1  0  0 ] (0.00000673)
[  0  0  0  0  3  2  0  0  0 ] (0.00001092)
[  0  0  0  0  4  0  0  0  0 ] (0.00003420)
[  0  0  0  0  4  0  0  0  1 ] (0.00000219)
[  0  0  0  0  4  0  0  1  0 ] (0.00007511)
[  0  0  0  0  4  0  1  0  0 ] (0.00013871)
[  0  0  0  0  4  1  0  0  0 ] (0.00000874)
[  0  0  0  0  5  0  0  0  0 ] (0.00002022)
[  0  0  0  1  0  0  0  0  0 ] (0.00001418)
[  0  0  0  1  0  0  0  0  1 ] (0.00000632)
[  0  0  0  1  0  0  0  0  2 ] (0.00000362)
[  0  0  0  1  0  0  0  0  3 ] (0.00015054)
[  0  0  0  1  0  0  0  0  4 ] (0.00020507)
[  0  0  0  1  0  0  0  1  0 ] (0.00001398)
[  0  0  0  1  0  0  0  1  1 ] (0.00001292)
[  0  0  0  1  0  0  0  1  2 ] (0.00061846)
[  0  0  0  1  0  0  0  1  3 ] (0.00005389)
[  0  0  0  1  0  0  0  2  0 ] (0.00000057)
[  0  0  0  1  0  0  0  2  1 ] (0.00003585)
[  0  0  0  1  0  0  0  2  2 ] (0.00009380)
[  0  0  0  1  0  0  0  3  0 ] (0.00006636)
[  0  0  0  1  0  0  0  3  1 ] (0.00001060)
[  0  0  0  1  0  0  0  4  0 ] (0.00007321)
[  0  0  0  1  0  0  1  0  0 ] (0.00004320)
[  0  0  0  1  0  0  1  0  1 ] (0.00007353)
[  0  0  0  1  0  0  1  0  2 ] (0.00146115)
[  0  0  0  1  0  0  1  0  3 ] (0.00054533)
[  0  0  0  1  0  0  1  1  0 ] (0.00001369)
[  0  0  0  1  0  0  1  1  1 ] (0.00214848)
[  0  0  0  1  0  0  1  1  2 ] (0.00041973)
[  0  0  0  1  0  0  1  2  0 ] (0.00000258)
[  0  0  0  1  0  0  1  2  1 ] (0.00001528)
[  0  0  0  1  0  0  1  3  0 ] (0.00102328)
[  0  0  0  1  0  0  2  0  0 ] (0.00000013)
[  0  0  0  1  0  0  2  0  1 ] (0.00011179)
[  0  0  0  1  0  0  2  0  2 ] (0.00008781)
[  0  0  0  1  0  0  2  1  0 ] (0.00152559)
[  0  0  0  1  0  0  2  1  1 ] (0.00458540)
[  0  0  0  1  0  0  2  2  0 ] (0.00002558)
[  0  0  0  1  0  0  3  0  0 ] (0.00031887)
[  0  0  0  1  0  0  3  0  1 ] (0.01285829)
[  0  0  0  1  0  0  3  1  0 ] (0.00452993)
[  0  0  0  1  0  0  4  0  0 ] (0.00214938)
[  0  0  0  1  0  1  0  0  0 ] (0.00001095)
[  0  0  0  1  0  1  0  0  1 ] (0.00000170)
[  0  0  0  1  0  1  0  0  2 ] (0.00000012)
[  0  0  0  1  0  1  0  0  3 ] (0.00005595)
[  0  0  0  1  0  1  0  1  0 ] (0.00004551)
[  0  0  0  1  0  1  0  1  1 ] (0.00054541)
[  0  0  0  1  0  1  0  1  2 ] (0.00122171)
[  0  0  0  1  0  1  0  2  0 ] (0.00000009)
[  0  0  0  1  0  1  0  2  1 ] (0.00035192)
[  0  0  0  1  0  1  0  3  0 ] (0.00000420)
[  0  0  0  1  0  1  1  0  0 ] (0.00003498)
[  0  0  0  1  0  1  1  0  1 ] (0.00009800)
[  0  0  0  1  0  1  1  0  2 ] (0.00046655)
[  0  0  0  1  0  1  1  1  0 ] (0.00178545)
[  0  0  0  1  0  1  1  1  1 ] (0.00006784)
[  0  0  0  1  0  1  1  2  0 ] (0.00000800)
[  0  0  0  1  0  1  2  0  0 ] (0.00000241)
[  0  0  0  1  0  1  2  0  1 ] (0.00000000)
[  0  0  0  1  0  1  2  1  0 ] (0.11320263)
[  0  0  0  1  0  1  3  0  0 ] (0.00000007)
[  0  0  0  1  0  2  0  0  0 ] (0.00005283)
[  0  0  0  1  0  2  0  0  1 ] (0.00009393)
[  0  0  0  1  0  2  0  0  2 ] (0.00004308)
[  0  0  0  1  0  2  0  1  0 ] (0.00021546)
[  0  0  0  1  0  2  0  1  1 ] (0.00160378)
[  0  0  0  1  0  2  0  2  0 ] (0.00018882)
[  0  0  0  1  0  2  1  0  0 ] (0.00035621)
[  0  0  0  1  0  2  1  0  1 ] (0.00063882)
[  0  0  0  1  0  2  1  1  0 ] (0.00279793)
[  0  0  0  1  0  2  2  0  0 ] (0.00001484)
[  0  0  0  1  0  3  0  0  0 ] (0.00004076)
[  0  0  0  1  0  3  0  0  1 ] (0.00002190)
[  0  0  0  1  0  3  0  1  0 ] (0.00007586)
[  0  0  0  1  0  3  1  0  0 ] (0.00025561)
[  0  0  0  1  0  4  0  0  0 ] (0.00004956)
[  0  0  0  1  1  0  0  0  0 ] (0.00000062)
[  0  0  0  1  1  0  0  0  1 ] (0.00000888)
[  0  0  0  1  1  0  0  0  2 ] (0.00010309)
[  0  0  0  1  1  0  0  0  3 ] (0.00019809)
[  0  0  0  1  1  0  0  1  0 ] (0.00000300)
[  0  0  0  1  1  0  0  1  1 ] (0.00017205)
[  0  0  0  1  1  0  0  1  2 ] (0.00000264)
[  0  0  0  1  1  0  0  2  0 ] (0.00003278)
[  0  0  0  1  1  0  0  2  1 ] (0.00031451)
[  0  0  0  1  1  0  0  3  0 ] (0.00126615)
[  0  0  0  1  1  0  1  0  0 ] (0.00002838)
[  0  0  0  1  1  0  1  0  1 ] (0.00013402)
[  0  0  0  1  1  0  1  0  2 ] (0.00012567)
[  0  0  0  1  1  0  1  1  0 ] (0.00059355)
[  0  0  0  1  1  0  1  1  1 ] (0.00003823)
[  0  0  0  1  1  0  1  2  0 ] (0.00046324)
[  0  0  0  1  1  0  2  0  0 ] (0.00000017)
[  0  0  0  1  1  0  2  0  1 ] (0.00055670)
[  0  0  0  1  1  0  2  1  0 ] (0.00296725)
[  0  0  0  1  1  0  3  0  0 ] (0.00000092)
[  0  0  0  1  1  1  0  0  0 ] (0.00000153)
[  0  0  0  1  1  1  0  0  1 ] (0.00000914)
[  0  0  0  1  1  1  0  0  2 ] (0.00035550)
[  0  0  0  1  1  1  0  1  0 ] (0.00015871)
[  0  0  0  1  1  1  0  1  1 ] (0.00003342)
[  0  0  0  1  1  1  0  2  0 ] (0.00132475)
[  0  0  0  1  1  1  1  0  0 ] (0.00004561)
[  0  0  0  1  1  1  1  0  1 ] (0.00000027)
[  0  0  0  1  1  1  1  1  0 ] (0.01018689)
[  0  0  0  1  1  1  2  0  0 ] (0.00070948)
[  0  0  0  1  1  2  0  0  0 ] (0.00004110)
[  0  0  0  1  1  2  0  0  1 ] (0.00005534)
[  0  0  0  1  1  2  0  1  0 ] (0.00021960)
[  0  0  0  1  1  2  1  0  0 ] (0.00009751)
[  0  0  0  1  1  3  0  0  0 ] (0.00000115)
[  0  0  0  1  2  0  0  0  0 ] (0.00000193)
[  0  0  0  1  2  0  0  0  1 ] (0.00003096)
[  0  0  0  1  2  0  0  0  2 ] (0.00004037)
[  0  0  0  1  2  0  0  1  0 ] (0.00000141)
[  0  0  0  1  2  0  0  1  1 ] (0.00423731)
[  0  0  0  1  2  0  0  2  0 ] (0.00004273)
[  0  0  0  1  2  0  1  0  0 ] (0.00017048)
[  0  0  0  1  2  0  1  0  1 ] (0.00199055)
[  0  0  0  1  2  0  1  1  0 ] (0.00559231)
[  0  0  0  1  2  0  2  0  0 ] (0.00000008)
[  0  0  0  1  2  1  0  0  0 ] (0.00000101)
[  0  0  0  1  2  1  0  0  1 ] (0.00000047)
[  0  0  0  1  2  1  0  1  0 ] (0.00002073)
[  0  0  0  1  2  1  1  0  0 ] (0.00006788)
[  0  0  0  1  2  2  0  0  0 ] (0.00000327)
[  0  0  0  1  3  0  0  0  0 ] (0.00000026)
[  0  0  0  1  3  0  0  0  1 ] (0.00000070)
[  0  0  0  1  3  0  0  1  0 ] (0.00007733)
[  0  0  0  1  3  0  1  0  0 ] (0.00000001)
[  0  0  0  1  3  1  0  0  0 ] (0.00000797)
[  0  0  0  1  4  0  0  0  0 ] (0.00005763)
[  0  0  0  2  0  0  0  0  0 ] (0.00000307)
[  0  0  0  2  0  0  0  0  1 ] (0.00000544)
[  0  0  0  2  0  0  0  0  2 ] (0.00003087)
[  0  0  0  2  0  0  0  0  3 ] (0.00035425)
[  0  0  0  2  0  0  0  1  0 ] (0.00039219)
[  0  0  0  2  0  0  0  1  1 ] (0.00044615)
[  0  0  0  2  0  0  0  1  2 ] (0.05710045)
[  0  0  0  2  0  0  0  2  0 ] (0.00000161)
[  0  0  0  2  0  0  0  2  1 ] (0.00013873)
[  0  0  0  2  0  0  0  3  0 ] (0.00000651)
[  0  0  0  2  0  0  1  0  0 ] (0.00001014)
[  0  0  0  2  0  0  1  0  1 ] (0.00025694)
[  0  0  0  2  0  0  1  0  2 ] (0.00077543)
[  0  0  0  2  0  0  1  1  0 ] (0.00419069)
[  0  0  0  2  0  0  1  1  1 ] (0.00120740)
[  0  0  0  2  0  0  1  2  0 ] (0.00003091)
[  0  0  0  2  0  0  2  0  0 ] (0.00015439)
[  0  0  0  2  0  0  2  0  1 ] (0.00033259)
[  0  0  0  2  0  0  2  1  0 ] (0.00083912)
[  0  0  0  2  0  0  3  0  0 ] (0.00000052)
[  0  0  0  2  0  1  0  0  0 ] (0.00000011)
[  0  0  0  2  0  1  0  0  1 ] (0.00000008)
[  0  0  0  2  0  1  0  0  2 ] (0.00001062)
[  0  0  0  2  0  1  0  1  0 ] (0.00361464)
[  0  0  0  2  0  1  0  1  1 ] (0.00338126)
[  0  0  0  2  0  1  0  2  0 ] (0.00004240)
[  0  0  0  2  0  1  1  0  0 ] (0.00000579)
[  0  0  0  2  0  1  1  0  1 ] (0.00014024)
[  0  0  0  2  0  1  1  1  0 ] (0.02707847)
[  0  0  0  2  0  1  2  0  0 ] (0.00013888)
[  0  0  0  2  0  2  0  0  0 ] (0.00000000)
[  0  0  0  2  0  2  0  0  1 ] (0.00000000)
[  0  0  0  2  0  2  0  1  0 ] (0.00094940)
[  0  0  0  2  0  2  1  0  0 ] (0.00000859)
[  0  0  0  2  0  3  0  0  0 ] (0.00000011)
[  0  0  0  2  1  0  0  0  0 ] (0.00002636)
[  0  0  0  2  1  0  0  0  1 ] (0.00000990)
[  0  0  0  2  1  0  0  0  2 ] (0.00006158)
[  0  0  0  2  1  0  0  1  0 ] (0.00000423)
[  0  0  0  2  1  0  0  1  1 ] (0.00029329)
[  0  0  0  2  1  0  0  2  0 ] (0.00006093)
[  0  0  0  2  1  0  1  0  0 ] (0.00002013)
[  0  0  0  2  1  0  1  0  1 ] (0.00063923)
[  0  0  0  2  1  0  1  1  0 ] (0.00014006)
[  0  0  0  2  1  0  2  0  0 ] (0.00006250)
[  0  0  0  2  1  1  0  0  0 ] (0.00015269)
[  0  0  0  2  1  1  0  0  1 ] (0.00002923)
[  0  0  0  2  1  1  0  1  0 ] (0.00000066)
[  0  0  0  2  1  1  1  0  0 ] (0.00031509)
[  0  0  0  2  1  2  0  0  0 ] (0.00003971)
[  0  0  0  2  2  0  0  0  0 ] (0.00000095)
[  0  0  0  2  2  0  0  0  1 ] (0.00000972)
[  0  0  0  2  2  0  0  1  0 ] (0.00000011)
[  0  0  0  2  2  0  1  0  0 ] (0.00000108)
[  0  0  0  2  2  1  0  0  0 ] (0.00000304)
[  0  0  0  2  3  0  0  0  0 ] (0.00000003)
[  0  0  0  3  0  0  0  0  0 ] (0.00000012)
[  0  0  0  3  0  0  0  0  1 ] (0.00000000)
[  0  0  0  3  0  0  0  0  2 ] (0.00000367)
[  0  0  0  3  0  0  0  1  0 ] (0.00010410)
[  0  0  0  3  0  0  0  1  1 ] (0.00006591)
[  0  0  0  3  0  0  0  2  0 ] (0.00000864)
[  0  0  0  3  0  0  1  0  0 ] (0.00000010)
[  0  0  0  3  0  0  1  0  1 ] (0.00009694)
[  0  0  0  3  0  0  1  1  0 ] (0.00044178)
[  0  0  0  3  0  0  2  0  0 ] (0.00008865)
[  0  0  0  3  0  1  0  0  0 ] (0.00000004)
[  0  0  0  3  0  1  0  0  1 ] (0.00000028)
[  0  0  0  3  0  1  0  1  0 ] (0.00024577)
[  0  0  0  3  0  1  1  0  0 ] (0.00000079)
[  0  0  0  3  0  2  0  0  0 ] (0.00000060)
[  0  0  0  3  1  0  0  0  0 ] (0.00000301)
[  0  0  0  3  1  0  0  0  1 ] (0.00000116)
[  0  0  0  3  1  0  0  1  0 ] (0.00000542)
[  0  0  0  3  1  0  1  0  0 ] (0.00000104)
[  0  0  0  3  1  1  0  0  0 ] (0.00000275)
[  0  0  0  3  2  0  0  0  0 ] (0.00000001)
[  0  0  0  4  0  0  0  0  0 ] (0.00004901)
[  0  0  0  4  0  0  0  0  1 ] (0.00000174)
[  0  0  0  4  0  0  0  1  0 ] (0.00000072)
[  0  0  0  4  0  0  1  0  0 ] (0.00025107)
[  0  0  0  4  0  1  0  0  0 ] (0.00016952)
[  0  0  0  4  1  0  0  0  0 ] (0.00000023)
[  0  0  0  5  0  0  0  0  0 ] (0.00000052)
[  0  0  1  0  0  0  0  0  0 ] (0.00000055)
[  0  0  1  0  0  0  0  0  1 ] (0.00000000)
[  0  0  1  0  0  0  0  0  2 ] (0.00001858)
[  0  0  1  0  0  0  0  0  3 ] (0.00010961)
[  0  0  1  0  0  0  0  0  4 ] (0.00003762)
[  0  0  1  0  0  0  0  1  0 ] (0.00002090)
[  0  0  1  0  0  0  0  1  1 ] (0.00000690)
[  0  0  1  0  0  0  0  1  2 ] (0.00069376)
[  0  0  1  0  0  0  0  1  3 ] (0.00000263)
[  0  0  1  0  0  0  0  2  0 ] (0.00000589)
[  0  0  1  0  0  0  0  2  1 ] (0.00016819)
[  0  0  1  0  0  0  0  2  2 ] (0.00039612)
[  0  0  1  0  0  0  0  3  0 ] (0.00006125)
[  0  0  1  0  0  0  0  3  1 ] (0.00007961)
[  0  0  1  0  0  0  0  4  0 ] (0.00018266)
[  0  0  1  0  0  0  1  0  0 ] (0.00000826)
[  0  0  1  0  0  0  1  0  1 ] (0.00010004)
[  0  0  1  0  0  0  1  0  2 ] (0.00011708)
[  0  0  1  0  0  0  1  0  3 ] (0.00001743)
[  0  0  1  0  0  0  1  1  0 ] (0.00021234)
[  0  0  1  0  0  0  1  1  1 ] (0.00184483)
[  0  0  1  0  0  0  1  1  2 ] (0.00051723)
[  0  0  1  0  0  0  1  2  0 ] (0.00026678)
[  0  0  1  0  0  0  1  2  1 ] (0.00064844)
[  0  0  1  0  0  0  1  3  0 ] (0.00022948)
[  0  0  1  0  0  0  2  0  0 ] (0.00000017)
[  0  0  1  0  0  0  2  0  1 ] (0.00019690)
[  0  0  1  0  0  0  2  0  2 ] (0.00509386)
[  0  0  1  0  0  0  2  1  0 ] (0.00024023)
[  0  0  1  0  0  0  2  1  1 ] (0.00100066)
[  0  0  1  0  0  0  2  2  0 ] (0.00483118)
[  0  0  1  0  0  0  3  0  0 ] (0.00031924)
[  0  0  1  0  0  0  3  0  1 ] (0.00378722)
[  0  0  1  0  0  0  3  1  0 ] (0.00782293)
[  0  0  1  0  0  0  4  0  0 ] (0.00064052)
[  0  0  1  0  0  1  0  0  0 ] (0.00000057)
[  0  0  1  0  0  1  0  0  1 ] (0.00000120)
[  0  0  1  0  0  1  0  0  2 ] (0.00000004)
[  0  0  1  0  0  1  0  0  3 ] (0.00005694)
[  0  0  1  0  0  1  0  1  0 ] (0.00061391)
[  0  0  1  0  0  1  0  1  1 ] (0.00176963)
[  0  0  1  0  0  1  0  1  2 ] (0.00354385)
[  0  0  1  0  0  1  0  2  0 ] (0.00009426)
[  0  0  1  0  0  1  0  2  1 ] (0.00594031)
[  0  0  1  0  0  1  0  3  0 ] (0.00103545)
[  0  0  1  0  0  1  1  0  0 ] (0.00003207)
[  0  0  1  0  0  1  1  0  1 ] (0.00002192)
[  0  0  1  0  0  1  1  0  2 ] (0.00262858)
[  0  0  1  0  0  1  1  1  0 ] (0.00240450)
[  0  0  1  0  0  1  1  1  1 ] (0.00004602)
[  0  0  1  0  0  1  1  2  0 ] (0.01090406)
[  0  0  1  0  0  1  2  0  0 ] (0.00006862)
[  0  0  1  0  0  1  2  0  1 ] (0.00045262)
[  0  0  1  0  0  1  2  1  0 ] (0.03197078)
[  0  0  1  0  0  1  3  0  0 ] (0.00001452)
[  0  0  1  0  0  2  0  0  0 ] (0.00001083)
[  0  0  1  0  0  2  0  0  1 ] (0.00008413)
[  0  0  1  0  0  2  0  0  2 ] (0.00002164)
[  0  0  1  0  0  2  0  1  0 ] (0.00333856)
[  0  0  1  0  0  2  0  1  1 ] (0.03293459)
[  0  0  1  0  0  2  0  2  0 ] (0.00000064)
[  0  0  1  0  0  2  1  0  0 ] (0.00001805)
[  0  0  1  0  0  2  1  0  1 ] (0.00025578)
[  0  0  1  0  0  2  1  1  0 ] (0.01113238)
[  0  0  1  0  0  2  2  0  0 ] (0.00001653)
[  0  0  1  0  0  3  0  0  0 ] (0.00000099)
[  0  0  1  0  0  3  0  0  1 ] (0.00006508)
[  0  0  1  0  0  3  0  1  0 ] (0.00038900)
[  0  0  1  0  0  3  1  0  0 ] (0.00000084)
[  0  0  1  0  0  4  0  0  0 ] (0.00000004)
[  0  0  1  0  1  0  0  0  0 ] (0.00000477)
[  0  0  1  0  1  0  0  0  1 ] (0.00000046)
[  0  0  1  0  1  0  0  0  2 ] (0.00001049)
[  0  0  1  0  1  0  0  0  3 ] (0.00018387)
[  0  0  1  0  1  0  0  1  0 ] (0.00003810)
[  0  0  1  0  1  0  0  1  1 ] (0.00027539)
[  0  0  1  0  1  0  0  1  2 ] (0.00001998)
[  0  0  1  0  1  0  0  2  0 ] (0.00005741)
[  0  0  1  0  1  0  0  2  1 ] (0.00003733)
[  0  0  1  0  1  0  0  3  0 ] (0.00015793)
[  0  0  1  0  1  0  1  0  0 ] (0.00002805)
[  0  0  1  0  1  0  1  0  1 ] (0.00052408)
[  0  0  1  0  1  0  1  0  2 ] (0.00449258)
[  0  0  1  0  1  0  1  1  0 ] (0.00192925)
[  0  0  1  0  1  0  1  1  1 ] (0.00139277)
[  0  0  1  0  1  0  1  2  0 ] (0.00022521)
[  0  0  1  0  1  0  2  0  0 ] (0.00081496)
[  0  0  1  0  1  0  2  0  1 ] (0.00444381)
[  0  0  1  0  1  0  2  1  0 ] (0.00964554)
[  0  0  1  0  1  0  3  0  0 ] (0.00003706)
[  0  0  1  0  1  1  0  0  0 ] (0.00001923)
[  0  0  1  0  1  1  0  0  1 ] (0.00002915)
[  0  0  1  0  1  1  0  0  2 ] (0.00005285)
[  0  0  1  0  1  1  0  1  0 ] (0.00021655)
[  0  0  1  0  1  1  0  1  1 ] (0.00226182)
[  0  0  1  0  1  1  0  2  0 ] (0.00030332)
[  0  0  1  0  1  1  1  0  0 ] (0.00038396)
[  0  0  1  0  1  1  1  0  1 ] (0.01557302)
[  0  0  1  0  1  1  1  1  0 ] (0.01950613)
[  0  0  1  0  1  1  2  0  0 ] (0.00143395)
[  0  0  1  0  1  2  0  0  0 ] (0.00016320)
[  0  0  1  0  1  2  0  0  1 ] (0.00035062)
[  0  0  1  0  1  2  0  1  0 ] (0.00001873)
[  0  0  1  0  1  2  1  0  0 ] (0.00011435)
[  0  0  1  0  1  3  0  0  0 ] (0.00003789)
[  0  0  1  0  2  0  0  0  0 ] (0.00002257)
[  0  0  1  0  2  0  0  0  1 ] (0.00000172)
[  0  0  1  0  2  0  0  0  2 ] (0.00000215)
[  0  0  1  0  2  0  0  1  0 ] (0.00008513)
[  0  0  1  0  2  0  0  1  1 ] (0.00502955)
[  0  0  1  0  2  0  0  2  0 ] (0.00000363)
[  0  0  1  0  2  0  1  0  0 ] (0.00033877)
[  0  0  1  0  2  0  1  0  1 ] (0.00108227)
[  0  0  1  0  2  0  1  1  0 ] (0.00304556)
[  0  0  1  0  2  0  2  0  0 ] (0.00007109)
[  0  0  1  0  2  1  0  0  0 ] (0.00010482)
[  0  0  1  0  2  1  0  0  1 ] (0.00020502)
[  0  0  1  0  2  1  0  1  0 ] (0.00003663)
[  0  0  1  0  2  1  1  0  0 ] (0.00027549)
[  0  0  1  0  2  2  0  0  0 ] (0.00001392)
[  0  0  1  0  3  0  0  0  0 ] (0.00001918)
[  0  0  1  0  3  0  0  0  1 ] (0.00000649)
[  0  0  1  0  3  0  0  1  0 ] (0.00001112)
[  0  0  1  0  3  0  1  0  0 ] (0.00004397)
[  0  0  1  0  3  1  0  0  0 ] (0.00006851)
[  0  0  1  0  4  0  0  0  0 ] (0.00001236)
[  0  0  1  1  0  0  0  0  0 ] (0.00000537)
[  0  0  1  1  0  0  0  0  1 ] (0.00000519)
[  0  0  1  1  0  0  0  0  2 ] (0.00000091)
[  0  0  1  1  0  0  0  0  3 ] (0.00008674)
[  0  0  1  1  0  0  0  1  0 ] (0.00001992)
[  0  0  1  1  0  0  0  1  1 ] (0.00034434)
[  0  0  1  1  0  0  0  1  2 ] (0.00046468)
[  0  0  1  1  0  0  0  2  0 ] (0.00000012)
[  0  0  1  1  0  0  0  2  1 ] (0.00000333)
[  0  0  1  1  0  0  0  3  0 ] (0.00000005)
[  0  0  1  1  0  0  1  0  0 ] (0.00001949)
[  0  0  1  1  0  0  1  0  1 ] (0.00012659)
[  0  0  1  1  0  0  1  0  2 ] (0.00008298)
[  0  0  1  1  0  0  1  1  0 ] (0.00008882)
[  0  0  1  1  0  0  1  1  1 ] (0.00014999)
[  0  0  1  1  0  0  1  2  0 ] (0.00035028)
[  0  0  1  1  0  0  2  0  0 ] (0.00000395)
[  0  0  1  1  0  0  2  0  1 ] (0.00020840)
[  0  0  1  1  0  0  2  1  0 ] (0.01862570)
[  0  0  1  1  0  0  3  0  0 ] (0.00007942)
[  0  0  1  1  0  1  0  0  0 ] (0.00004592)
[  0  0  1  1  0  1  0  0  1 ] (0.00001887)
[  0  0  1  1  0  1  0  0  2 ] (0.00002328)
[  0  0  1  1  0  1  0  1  0 ] (0.00000223)
[  0  0  1  1  0  1  0  1  1 ] (0.00056256)
[  0  0  1  1  0  1  0  2  0 ] (0.00029998)
[  0  0  1  1  0  1  1  0  0 ] (0.00019960)
[  0  0  1  1  0  1  1  0  1 ] (0.00005606)
[  0  0  1  1  0  1  1  1  0 ] (0.00198276)
[  0  0  1  1  0  1  2  0  0 ] (0.00000264)
[  0  0  1  1  0  2  0  0  0 ] (0.00007002)
[  0  0  1  1  0  2  0  0  1 ] (0.00007773)
[  0  0  1  1  0  2  0  1  0 ] (0.00000529)
[  0  0  1  1  0  2  1  0  0 ] (0.00025536)
[  0  0  1  1  0  3  0  0  0 ] (0.00006916)
[  0  0  1  1  1  0  0  0  0 ] (0.00000114)
[  0  0  1  1  1  0  0  0  1 ] (0.00002767)
[  0  0  1  1  1  0  0  0  2 ] (0.00004160)
[  0  0  1  1  1  0  0  1  0 ] (0.00003230)
[  0  0  1  1  1  0  0  1  1 ] (0.00000170)
[  0  0  1  1  1  0  0  2  0 ] (0.00004059)
[  0  0  1  1  1  0  1  0  0 ] (0.00017156)
[  0  0  1  1  1  0  1  0  1 ] (0.00337686)
[  0  0  1  1  1  0  1  1  0 ] (0.00271478)
[  0  0  1  1  1  0  2  0  0 ] (0.00044777)
[  0  0  1  1  1  1  0  0  0 ] (0.00001254)
[  0  0  1  1  1  1  0  0  1 ] (0.00000883)
[  0  0  1  1  1  1  0  1  0 ] (0.00002129)
[  0  0  1  1  1  1  1  0  0 ] (0.00011474)
[  0  0  1  1  1  2  0  0  0 ] (0.00000037)
[  0  0  1  1  2  0  0  0  0 ] (0.00000556)
[  0  0  1  1  2  0  0  0  1 ] (0.00000209)
[  0  0  1  1  2  0  0  1  0 ] (0.00001069)
[  0  0  1  1  2  0  1  0  0 ] (0.00000367)
[  0  0  1  1  2  1  0  0  0 ] (0.00000097)
[  0  0  1  1  3  0  0  0  0 ] (0.00000396)
[  0  0  1  2  0  0  0  0  0 ] (0.00000148)
[  0  0  1  2  0  0  0  0  1 ] (0.00000504)
[  0  0  1  2  0  0  0  0  2 ] (0.00000837)
[  0  0  1  2  0  0  0  1  0 ] (0.00356825)
[  0  0  1  2  0  0  0  1  1 ] (0.00750920)
[  0  0  1  2  0  0  0  2  0 ] (0.00002375)
[  0  0  1  2  0  0  1  0  0 ] (0.00000003)
[  0  0  1  2  0  0  1  0  1 ] (0.00008071)
[  0  0  1  2  0  0  1  1  0 ] (0.01183632)
[  0  0  1  2  0  0  2  0  0 ] (0.00007875)
[  0  0  1  2  0  1  0  0  0 ] (0.00000070)
[  0  0  1  2  0  1  0  0  1 ] (0.00000581)
[  0  0  1  2  0  1  0  1  0 ] (0.00240133)
[  0  0  1  2  0  1  1  0  0 ] (0.00000510)
[  0  0  1  2  0  2  0  0  0 ] (0.00000014)
[  0  0  1  2  1  0  0  0  0 ] (0.00014473)
[  0  0  1  2  1  0  0  0  1 ] (0.00006552)
[  0  0  1  2  1  0  0  1  0 ] (0.00000148)
[  0  0  1  2  1  0  1  0  0 ] (0.00033995)
[  0  0  1  2  1  1  0  0  0 ] (0.00008679)
[  0  0  1  2  2  0  0  0  0 ] (0.00000094)
[  0  0  1  3  0  0  0  0  0 ] (0.00000001)
[  0  0  1  3  0  0  0  0  1 ] (0.00000002)
[  0  0  1  3  0  0  0  1  0 ] (0.00025701)
[  0  0  1  3  0  0  1  0  0 ] (0.00000098)
[  0  0  1  3  0  1  0  0  0 ] (0.00000061)
[  0  0  1  3  1  0  0  0  0 ] (0.00000351)
[  0  0  1  4  0  0  0  0  0 ] (0.00013236)
[  0  0  2  0  0  0  0  0  0 ] (0.00000177)
[  0  0  2  0  0  0  0  0  1 ] (0.00001134)
[  0  0  2  0  0  0  0  0  2 ] (0.00000284)
[  0  0  2  0  0  0  0  0  3 ] (0.00026459)
[  0  0  2  0  0  0  0  1  0 ] (0.00006336)
[  0  0  2  0  0  0  0  1  1 ] (0.00042041)
[  0  0  2  0  0  0  0  1  2 ] (0.00218994)
[  0  0  2  0  0  0  0  2  0 ] (0.00002704)
[  0  0  2  0  0  0  0  2  1 ] (0.00030062)
[  0  0  2  0  0  0  0  3  0 ] (0.00000107)
[  0  0  2  0  0  0  1  0  0 ] (0.00002937)
[  0  0  2  0  0  0  1  0  1 ] (0.00016121)
[  0  0  2  0  0  0  1  0  2 ] (0.00077358)
[  0  0  2  0  0  0  1  1  0 ] (0.00000487)
[  0  0  2  0  0  0  1  1  1 ] (0.00009290)
[  0  0  2  0  0  0  1  2  0 ] (0.00000769)
[  0  0  2  0  0  0  2  0  0 ] (0.00009836)
[  0  0  2  0  0  0  2  0  1 ] (0.00039814)
[  0  0  2  0  0  0  2  1  0 ] (0.00077717)
[  0  0  2  0  0  0  3  0  0 ] (0.00002955)
[  0  0  2  0  0  1  0  0  0 ] (0.00000093)
[  0  0  2  0  0  1  0  0  1 ] (0.00001617)
[  0  0  2  0  0  1  0  0  2 ] (0.00001170)
[  0  0  2  0  0  1  0  1  0 ] (0.00013486)
[  0  0  2  0  0  1  0  1  1 ] (0.00039244)
[  0  0  2  0  0  1  0  2  0 ] (0.00000368)
[  0  0  2  0  0  1  1  0  0 ] (0.00000315)
[  0  0  2  0  0  1  1  0  1 ] (0.00000793)
[  0  0  2  0  0  1  1  1  0 ] (0.00009824)
[  0  0  2  0  0  1  2  0  0 ] (0.00000833)
[  0  0  2  0  0  2  0  0  0 ] (0.00000067)
[  0  0  2  0  0  2  0  0  1 ] (0.00000007)
[  0  0  2  0  0  2  0  1  0 ] (0.00002036)
[  0  0  2  0  0  2  1  0  0 ] (0.00000888)
[  0  0  2  0  0  3  0  0  0 ] (0.00000013)
[  0  0  2  0  1  0  0  0  0 ] (0.00000191)
[  0  0  2  0  1  0  0  0  1 ] (0.00001083)
[  0  0  2  0  1  0  0  0  2 ] (0.00000371)
[  0  0  2  0  1  0  0  1  0 ] (0.00000523)
[  0  0  2  0  1  0  0  1  1 ] (0.00001714)
[  0  0  2  0  1  0  0  2  0 ] (0.00001782)
[  0  0  2  0  1  0  1  0  0 ] (0.00000611)
[  0  0  2  0  1  0  1  0  1 ] (0.00005327)
[  0  0  2  0  1  0  1  1  0 ] (0.00009863)
[  0  0  2  0  1  0  2  0  0 ] (0.00003535)
[  0  0  2  0  1  1  0  0  0 ] (0.00001365)
[  0  0  2  0  1  1  0  0  1 ] (0.00002552)
[  0  0  2  0  1  1  0  1  0 ] (0.00001350)
[  0  0  2  0  1  1  1  0  0 ] (0.00000614)
[  0  0  2  0  1  2  0  0  0 ] (0.00000126)
[  0  0  2  0  2  0  0  0  0 ] (0.00000962)
[  0  0  2  0  2  0  0  0  1 ] (0.00001372)
[  0  0  2  0  2  0  0  1  0 ] (0.00000279)
[  0  0  2  0  2  0  1  0  0 ] (0.00001250)
[  0  0  2  0  2  1  0  0  0 ] (0.00000693)
[  0  0  2  0  3  0  0  0  0 ] (0.00000126)
[  0  0  2  1  0  0  0  0  0 ] (0.00000698)
[  0  0  2  1  0  0  0  0  1 ] (0.00001157)
[  0  0  2  1  0  0  0  0  2 ] (0.00001451)
[  0  0  2  1  0  0  0  1  0 ] (0.00001283)
[  0  0  2  1  0  0  0  1  1 ] (0.00000655)
[  0  0  2  1  0  0  0  2  0 ] (0.00003570)
[  0  0  2  1  0  0  1  0  0 ] (0.00003491)
[  0  0  2  1  0  0  1  0  1 ] (0.00000973)
[  0  0  2  1  0  0  1  1  0 ] (0.00032231)
[  0  0  2  1  0  0  2  0  0 ] (0.00000012)
[  0  0  2  1  0  1  0  0  0 ] (0.00001057)
[  0  0  2  1  0  1  0  0  1 ] (0.00001616)
[  0  0  2  1  0  1  0  1  0 ] (0.00001763)
[  0  0  2  1  0  1  1  0  0 ] (0.00002540)
[  0  0  2  1  0  2  0  0  0 ] (0.00001609)
[  0  0  2  1  1  0  0  0  0 ] (0.00000069)
[  0  0  2  1  1  0  0  0  1 ] (0.00000075)
[  0  0  2  1  1  0  0  1  0 ] (0.00011615)
[  0  0  2  1  1  0  1  0  0 ] (0.00001828)
[  0  0  2  1  1  1  0  0  0 ] (0.00000314)
[  0  0  2  1  2  0  0  0  0 ] (0.00000178)
[  0  0  2  2  0  0  0  0  0 ] (0.00000021)
[  0  0  2  2  0  0  0  0  1 ] (0.00000057)
[  0  0  2  2  0  0  0  1  0 ] (0.00008807)
[  0  0  2  2  0  0  1  0  0 ] (0.00000484)
[  0  0  2  2  0  1  0  0  0 ] (0.00000066)
[  0  0  2  2  1  0  0  0  0 ] (0.00000558)
[  0  0  2  3  0  0  0  0  0 ] (0.00000016)
[  0  0  3  0  0  0  0  0  0 ] (0.00000274)
[  0  0  3  0  0  0  0  0  1 ] (0.00001381)
[  0  0  3  0  0  0  0  0  2 ] (0.00000002)
[  0  0  3  0  0  0  0  1  0 ] (0.00000144)
[  0  0  3  0  0  0  0  1  1 ] (0.00000023)
[  0  0  3  0  0  0  0  2  0 ] (0.00001696)
[  0  0  3  0  0  0  1  0  0 ] (0.00000385)
[  0  0  3  0  0  0  1  0  1 ] (0.00001513)
[  0  0  3  0  0  0  1  1  0 ] (0.00000318)
[  0  0  3  0  0  0  2  0  0 ] (0.00002942)
[  0  0  3  0  0  1  0  0  0 ] (0.00000267)
[  0  0  3  0  0  1  0  0  1 ] (0.00003829)
[  0  0  3  0  0  1  0  1  0 ] (0.00005170)
[  0  0  3  0  0  1  1  0  0 ] (0.00000234)
[  0  0  3  0  0  2  0  0  0 ] (0.00000107)
[  0  0  3  0  1  0  0  0  0 ] (0.00000012)
[  0  0  3  0  1  0  0  0  1 ] (0.00000210)
[  0  0  3  0  1  0  0  1  0 ] (0.00000005)
[  0  0  3  0  1  0  1  0  0 ] (0.00002501)
[  0  0  3  0  1  1  0  0  0 ] (0.00001464)
[  0  0  3  0  2  0  0  0  0 ] (0.00000891)
[  0  0  3  1  0  0  0  0  0 ] (0.00000584)
[  0  0  3  1  0  0  0  0  1 ] (0.00000533)
[  0  0  3  1  0  0  0  1  0 ] (0.00000108)
[  0  0  3  1  0  0  1  0  0 ] (0.00001288)
[  0  0  3  1  0  1  0  0  0 ] (0.00000941)
[  0  0  3  1  1  0  0  0  0 ] (0.00000035)
[  0  0  3  2  0  0  0  0  0 ] (0.00000034)
[  0  0  4  0  0  0  0  0  0 ] (0.00000058)
[  0  0  4  0  0  0  0  0  1 ] (0.00000650)
[  0  0  4  0  0  0  0  1  0 ] (0.00004007)
[  0  0  4  0  0  0  1  0  0 ] (0.00000606)
[  0  0  4  0  0  1  0  0  0 ] (0.00000119)
[  0  0  4  0  1  0  0  0  0 ] (0.00000279)
[  0  0  4  1  0  0  0  0  0 ] (0.00000131)
[  0  0  5  0  0  0  0  0  0 ] (0.00000006)
[  0  1  0  0  0  0  0  0  0 ] (0.00000081)
[  0  1  0  0  0  0  0  0  1 ] (0.00000150)
[  0  1  0  0  0  0  0  0  2 ] (0.00000001)
[  0  1  0  0  0  0  0  0  3 ] (0.00000730)
[  0  1  0  0  0  0  0  0  4 ] (0.00000678)
[  0  1  0  0  0  0  0  1  0 ] (0.00000044)
[  0  1  0  0  0  0  0  1  1 ] (0.00002485)
[  0  1  0  0  0  0  0  1  2 ] (0.00002558)
[  0  1  0  0  0  0  0  1  3 ] (0.00000160)
[  0  1  0  0  0  0  0  2  0 ] (0.00001421)
[  0  1  0  0  0  0  0  2  1 ] (0.00015579)
[  0  1  0  0  0  0  0  2  2 ] (0.00019203)
[  0  1  0  0  0  0  0  3  0 ] (0.00001517)
[  0  1  0  0  0  0  0  3  1 ] (0.00001974)
[  0  1  0  0  0  0  0  4  0 ] (0.00000287)
[  0  1  0  0  0  0  1  0  0 ] (0.00000183)
[  0  1  0  0  0  0  1  0  1 ] (0.00000026)
[  0  1  0  0  0  0  1  0  2 ] (0.00019407)
[  0  1  0  0  0  0  1  0  3 ] (0.00000539)
[  0  1  0  0  0  0  1  1  0 ] (0.00046832)
[  0  1  0  0  0  0  1  1  1 ] (0.00094495)
[  0  1  0  0  0  0  1  1  2 ] (0.00062998)
[  0  1  0  0  0  0  1  2  0 ] (0.00005182)
[  0  1  0  0  0  0  1  2  1 ] (0.00002126)
[  0  1  0  0  0  0  1  3  0 ] (0.00090969)
[  0  1  0  0  0  0  2  0  0 ] (0.00000257)
[  0  1  0  0  0  0  2  0  1 ] (0.00003948)
[  0  1  0  0  0  0  2  0  2 ] (0.00001043)
[  0  1  0  0  0  0  2  1  0 ] (0.00007408)
[  0  1  0  0  0  0  2  1  1 ] (0.00049536)
[  0  1  0  0  0  0  2  2  0 ] (0.00006778)
[  0  1  0  0  0  0  3  0  0 ] (0.00002886)
[  0  1  0  0  0  0  3  0  1 ] (0.00030891)
[  0  1  0  0  0  0  3  1  0 ] (0.00851239)
[  0  1  0  0  0  0  4  0  0 ] (0.00000670)
[  0  1  0  0  0  1  0  0  0 ] (0.00000167)
[  0  1  0  0  0  1  0  0  1 ] (0.00000307)
[  0  1  0  0  0  1  0  0  2 ] (0.00001822)
[  0  1  0  0  0  1  0  0  3 ] (0.00136703)
[  0  1  0  0  0  1  0  1  0 ] (0.00000018)
[  0  1  0  0  0  1  0  1  1 ] (0.00036632)
[  0  1  0  0  0  1  0  1  2 ] (0.00042080)
[  0  1  0  0  0  1  0  2  0 ] (0.00000946)
[  0  1  0  0  0  1  0  2  1 ] (0.00362353)
[  0  1  0  0  0  1  0  3  0 ] (0.00004330)
[  0  1  0  0  0  1  1  0  0 ] (0.00000164)
[  0  1  0  0  0  1  1  0  1 ] (0.00027421)
[  0  1  0  0  0  1  1  0  2 ] (0.00847356)
[  0  1  0  0  0  1  1  1  0 ] (0.00014954)
[  0  1  0  0  0  1  1  1  1 ] (0.00033464)
[  0  1  0  0  0  1  1  2  0 ] (0.00295971)
[  0  1  0  0  0  1  2  0  0 ] (0.00000079)
[  0  1  0  0  0  1  2  0  1 ] (0.00046199)
[  0  1  0  0  0  1  2  1  0 ] (0.00050299)
[  0  1  0  0  0  1  3  0  0 ] (0.00024552)
[  0  1  0  0  0  2  0  0  0 ] (0.00000005)
[  0  1  0  0  0  2  0  0  1 ] (0.00000100)
[  0  1  0  0  0  2  0  0  2 ] (0.00002746)
[  0  1  0  0  0  2  0  1  0 ] (0.00082041)
[  0  1  0  0  0  2  0  1  1 ] (0.00808218)
[  0  1  0  0  0  2  0  2  0 ] (0.00008409)
[  0  1  0  0  0  2  1  0  0 ] (0.00000617)
[  0  1  0  0  0  2  1  0  1 ] (0.00007145)
[  0  1  0  0  0  2  1  1  0 ] (0.00235432)
[  0  1  0  0  0  2  2  0  0 ] (0.00001333)
[  0  1  0  0  0  3  0  0  0 ] (0.00000000)
[  0  1  0  0  0  3  0  0  1 ] (0.00000540)
[  0  1  0  0  0  3  0  1  0 ] (0.00001223)
[  0  1  0  0  0  3  1  0  0 ] (0.00001743)
[  0  1  0  0  0  4  0  0  0 ] (0.00000003)
[  0  1  0  0  1  0  0  0  0 ] (0.00000448)
[  0  1  0  0  1  0  0  0  1 ] (0.00000626)
[  0  1  0  0  1  0  0  0  2 ] (0.00001720)
[  0  1  0  0  1  0  0  0  3 ] (0.00094108)
[  0  1  0  0  1  0  0  1  0 ] (0.00000934)
[  0  1  0  0  1  0  0  1  1 ] (0.00013328)
[  0  1  0  0  1  0  0  1  2 ] (0.00000438)
[  0  1  0  0  1  0  0  2  0 ] (0.00003432)
[  0  1  0  0  1  0  0  2  1 ] (0.00239579)
[  0  1  0  0  1  0  0  3  0 ] (0.00010732)
[  0  1  0  0  1  0  1  0  0 ] (0.00000938)
[  0  1  0  0  1  0  1  0  1 ] (0.00005018)
[  0  1  0  0  1  0  1  0  2 ] (0.00001735)
[  0  1  0  0  1  0  1  1  0 ] (0.00014141)
[  0  1  0  0  1  0  1  1  1 ] (0.00012694)
[  0  1  0  0  1  0  1  2  0 ] (0.00387873)
[  0  1  0  0  1  0  2  0  0 ] (0.00034633)
[  0  1  0  0  1  0  2  0  1 ] (0.00313208)
[  0  1  0  0  1  0  2  1  0 ] (0.00165951)
[  0  1  0  0  1  0  3  0  0 ] (0.00000645)
[  0  1  0  0  1  1  0  0  0 ] (0.00000010)
[  0  1  0  0  1  1  0  0  1 ] (0.00002070)
[  0  1  0  0  1  1  0  0  2 ] (0.00001023)
[  0  1  0  0  1  1  0  1  0 ] (0.00010348)
[  0  1  0  0  1  1  0  1  1 ] (0.00410643)
[  0  1  0  0  1  1  0  2  0 ] (0.00006182)
[  0  1  0  0  1  1  1  0  0 ] (0.00000112)
[  0  1  0  0  1  1  1  0  1 ] (0.00015480)
[  0  1  0  0  1  1  1  1  0 ] (0.00011022)
[  0  1  0  0  1  1  2  0  0 ] (0.00001696)
[  0  1  0  0  1  2  0  0  0 ] (0.00001605)
[  0  1  0  0  1  2  0  0  1 ] (0.00004133)
[  0  1  0  0  1  2  0  1  0 ] (0.00002262)
[  0  1  0  0  1  2  1  0  0 ] (0.00012278)
[  0  1  0  0  1  3  0  0  0 ] (0.00000084)
[  0  1  0  0  2  0  0  0  0 ] (0.00000302)
[  0  1  0  0  2  0  0  0  1 ] (0.00000637)
[  0  1  0  0  2  0  0  0  2 ] (0.00003931)
[  0  1  0  0  2  0  0  1  0 ] (0.00021984)
[  0  1  0  0  2  0  0  1  1 ] (0.00240680)
[  0  1  0  0  2  0  0  2  0 ] (0.00000087)
[  0  1  0  0  2  0  1  0  0 ] (0.00006727)
[  0  1  0  0  2  0  1  0  1 ] (0.00062090)
[  0  1  0  0  2  0  1  1  0 ] (0.00005629)
[  0  1  0  0  2  0  2  0  0 ] (0.00000137)
[  0  1  0  0  2  1  0  0  0 ] (0.00000210)
[  0  1  0  0  2  1  0  0  1 ] (0.00000898)
[  0  1  0  0  2  1  0  1  0 ] (0.00007105)
[  0  1  0  0  2  1  1  0  0 ] (0.00000034)
[  0  1  0  0  2  2  0  0  0 ] (0.00000016)
[  0  1  0  0  3  0  0  0  0 ] (0.00000270)
[  0  1  0  0  3  0  0  0  1 ] (0.00000682)
[  0  1  0  0  3  0  0  1  0 ] (0.00000088)
[  0  1  0  0  3  0  1  0  0 ] (0.00001225)
[  0  1  0  0  3  1  0  0  0 ] (0.00000006)
[  0  1  0  0  4  0  0  0  0 ] (0.00000001)
[  0  1  0  1  0  0  0  0  0 ] (0.00000926)
[  0  1  0  1  0  0  0  0  1 ] (0.00000435)
[  0  1  0  1  0  0  0  0  2 ] (0.00000357)
[  0  1  0  1  0  0  0  0  3 ] (0.00120916)
[  0  1  0  1  0  0  0  1  0 ] (0.00002371)
[  0  1  0  1  0  0  0  1  1 ] (0.00000645)
[  0  1  0  1  0  0  0  1  2 ] (0.00178389)
[  0  1  0  1  0  0  0  2  0 ] (0.00000002)
[  0  1  0  1  0  0  0  2  1 ] (0.00011037)
[  0  1  0  1  0  0  0  3  0 ] (0.00000347)
[  0  1  0  1  0  0  1  0  0 ] (0.00008465)
[  0  1  0  1  0  0  1  0  1 ] (0.00137795)
[  0  1  0  1  0  0  1  0  2 ] (0.00727048)
[  0  1  0  1  0  0  1  1  0 ] (0.00029470)
[  0  1  0  1  0  0  1  1  1 ] (0.00001891)
[  0  1  0  1  0  0  1  2  0 ] (0.00001522)
[  0  1  0  1  0  0  2  0  0 ] (0.00075809)
[  0  1  0  1  0  0  2  0  1 ] (0.00393841)
[  0  1  0  1  0  0  2  1  0 ] (0.00005809)
[  0  1  0  1  0  0  3  0  0 ] (0.00010582)
[  0  1  0  1  0  1  0  0  0 ] (0.00000866)
[  0  1  0  1  0  1  0  0  1 ] (0.00002645)
[  0  1  0  1  0  1  0  0  2 ] (0.00000222)
[  0  1  0  1  0  1  0  1  0 ] (0.00074629)
[  0  1  0  1  0  1  0  1  1 ] (0.00410188)
[  0  1  0  1  0  1  0  2  0 ] (0.00000361)
[  0  1  0  1  0  1  1  0  0 ] (0.00017857)
[  0  1  0  1  0  1  1  0  1 ] (0.00240582)
[  0  1  0  1  0  1  1  1  0 ] (0.00388811)
[  0  1  0  1  0  1  2  0  0 ] (0.00002766)
[  0  1  0  1  0  2  0  0  0 ] (0.00003252)
[  0  1  0  1  0  2  0  0  1 ] (0.00008472)
[  0  1  0  1  0  2  0  1  0 ] (0.00004453)
[  0  1  0  1  0  2  1  0  0 ] (0.00000043)
[  0  1  0  1  0  3  0  0  0 ] (0.00000812)
[  0  1  0  1  1  0  0  0  0 ] (0.00000028)
[  0  1  0  1  1  0  0  0  1 ] (0.00002393)
[  0  1  0  1  1  0  0  0  2 ] (0.00002552)
[  0  1  0  1  1  0  0  1  0 ] (0.00000002)
[  0  1  0  1  1  0  0  1  1 ] (0.00022583)
[  0  1  0  1  1  0  0  2  0 ] (0.00003227)
[  0  1  0  1  1  0  1  0  0 ] (0.00007475)
[  0  1  0  1  1  0  1  0  1 ] (0.00129725)
[  0  1  0  1  1  0  1  1  0 ] (0.00028541)
[  0  1  0  1  1  0  2  0  0 ] (0.00000090)
[  0  1  0  1  1  1  0  0  0 ] (0.00000699)
[  0  1  0  1  1  1  0  0  1 ] (0.00000213)
[  0  1  0  1  1  1  0  1  0 ] (0.00000236)
[  0  1  0  1  1  1  1  0  0 ] (0.00000034)
[  0  1  0  1  1  2  0  0  0 ] (0.00000045)
[  0  1  0  1  2  0  0  0  0 ] (0.00000392)
[  0  1  0  1  2  0  0  0  1 ] (0.00000637)
[  0  1  0  1  2  0  0  1  0 ] (0.00000058)
[  0  1  0  1  2  0  1  0  0 ] (0.00002418)
[  0  1  0  1  2  1  0  0  0 ] (0.00000056)
[  0  1  0  1  3  0  0  0  0 ] (0.00000050)
[  0  1  0  2  0  0  0  0  0 ] (0.00000007)
[  0  1  0  2  0  0  0  0  1 ] (0.00000112)
[  0  1  0  2  0  0  0  0  2 ] (0.00000026)
[  0  1  0  2  0  0  0  1  0 ] (0.00055079)
[  0  1  0  2  0  0  0  1  1 ] (0.00103129)
[  0  1  0  2  0  0  0  2  0 ] (0.00000659)
[  0  1  0  2  0  0  1  0  0 ] (0.00002075)
[  0  1  0  2  0  0  1  0  1 ] (0.00004647)
[  0  1  0  2  0  0  1  1  0 ] (0.00050579)
[  0  1  0  2  0  0  2  0  0 ] (0.00000298)
[  0  1  0  2  0  1  0  0  0 ] (0.00000312)
[  0  1  0  2  0  1  0  0  1 ] (0.00000426)
[  0  1  0  2  0  1  0  1  0 ] (0.00044553)
[  0  1  0  2  0  1  1  0  0 ] (0.00000114)
[  0  1  0  2  0  2  0  0  0 ] (0.00000117)
[  0  1  0  2  1  0  0  0  0 ] (0.00002767)
[  0  1  0  2  1  0  0  0  1 ] (0.00000950)
[  0  1  0  2  1  0  0  1  0 ] (0.00000542)
[  0  1  0  2  1  0  1  0  0 ] (0.00005529)
[  0  1  0  2  1  1  0  0  0 ] (0.00003037)
[  0  1  0  2  2  0  0  0  0 ] (0.00000000)
[  0  1  0  3  0  0  0  0  0 ] (0.00000373)
[  0  1  0  3  0  0  0  0  1 ] (0.00000928)
[  0  1  0  3  0  0  0  1  0 ] (0.00004990)
[  0  1  0  3  0  0  1  0  0 ] (0.00000005)
[  0  1  0  3  0  1  0  0  0 ] (0.00000993)
[  0  1  0  3  1  0  0  0  0 ] (0.00000796)
[  0  1  0  4  0  0  0  0  0 ] (0.00002192)
[  0  1  1  0  0  0  0  0  0 ] (0.00000001)
[  0  1  1  0  0  0  0  0  1 ] (0.00001682)
[  0  1  1  0  0  0  0  0  2 ] (0.00002300)
[  0  1  1  0  0  0  0  0  3 ] (0.00034100)
[  0  1  1  0  0  0  0  1  0 ] (0.00001767)
[  0  1  1  0  0  0  0  1  1 ] (0.00004337)
[  0  1  1  0  0  0  0  1  2 ] (0.00081111)
[  0  1  1  0  0  0  0  2  0 ] (0.00007381)
[  0  1  1  0  0  0  0  2  1 ] (0.00006977)
[  0  1  1  0  0  0  0  3  0 ] (0.00001069)
[  0  1  1  0  0  0  1  0  0 ] (0.00003132)
[  0  1  1  0  0  0  1  0  1 ] (0.00027315)
[  0  1  1  0  0  0  1  0  2 ] (0.00137474)
[  0  1  1  0  0  0  1  1  0 ] (0.00004221)
[  0  1  1  0  0  0  1  1  1 ] (0.00001809)
[  0  1  1  0  0  0  1  2  0 ] (0.00076513)
[  0  1  1  0  0  0  2  0  0 ] (0.00000447)
[  0  1  1  0  0  0  2  0  1 ] (0.00002678)
[  0  1  1  0  0  0  2  1  0 ] (0.00001755)
[  0  1  1  0  0  0  3  0  0 ] (0.00000492)
[  0  1  1  0  0  1  0  0  0 ] (0.00000299)
[  0  1  1  0  0  1  0  0  1 ] (0.00000014)
[  0  1  1  0  0  1  0  0  2 ] (0.00000946)
[  0  1  1  0  0  1  0  1  0 ] (0.00054764)
[  0  1  1  0  0  1  0  1  1 ] (0.00512332)
[  0  1  1  0  0  1  0  2  0 ] (0.00000041)
[  0  1  1  0  0  1  1  0  0 ] (0.00000041)
[  0  1  1  0  0  1  1  0  1 ] (0.00002428)
[  0  1  1  0  0  1  1  1  0 ] (0.00196298)
[  0  1  1  0  0  1  2  0  0 ] (0.00002066)
[  0  1  1  0  0  2  0  0  0 ] (0.00000454)
[  0  1  1  0  0  2  0  0  1 ] (0.00000063)
[  0  1  1  0  0  2  0  1  0 ] (0.00012834)
[  0  1  1  0  0  2  1  0  0 ] (0.00000014)
[  0  1  1  0  0  3  0  0  0 ] (0.00000191)
[  0  1  1  0  1  0  0  0  0 ] (0.00000003)
[  0  1  1  0  1  0  0  0  1 ] (0.00000003)
[  0  1  1  0  1  0  0  0  2 ] (0.00001274)
[  0  1  1  0  1  0  0  1  0 ] (0.00017487)
[  0  1  1  0  1  0  0  1  1 ] (0.00296932)
[  0  1  1  0  1  0  0  2  0 ] (0.00000154)
[  0  1  1  0  1  0  1  0  0 ] (0.00007239)
[  0  1  1  0  1  0  1  0  1 ] (0.00081280)
[  0  1  1  0  1  0  1  1  0 ] (0.00011162)
[  0  1  1  0  1  0  2  0  0 ] (0.00002568)
[  0  1  1  0  1  1  0  0  0 ] (0.00000355)
[  0  1  1  0  1  1  0  0  1 ] (0.00001141)
[  0  1  1  0  1  1  0  1  0 ] (0.00003996)
[  0  1  1  0  1  1  1  0  0 ] (0.00001731)
[  0  1  1  0  1  2  0  0  0 ] (0.00000536)
[  0  1  1  0  2  0  0  0  0 ] (0.00000098)
[  0  1  1  0  2  0  0  0  1 ] (0.00001212)
[  0  1  1  0  2  0  0  1  0 ] (0.00002981)
[  0  1  1  0  2  0  1  0  0 ] (0.00000109)
[  0  1  1  0  2  1  0  0  0 ] (0.00000025)
[  0  1  1  0  3  0  0  0  0 ] (0.00000231)
[  0  1  1  1  0  0  0  0  0 ] (0.00002031)
[  0  1  1  1  0  0  0  0  1 ] (0.00005440)
[  0  1  1  1  0  0  0  0  2 ] (0.00001050)
[  0  1  1  1  0  0  0  1  0 ] (0.00000560)
[  0  1  1  1  0  0  0  1  1 ] (0.00006718)
[  0  1  1  1  0  0  0  2  0 ] (0.00001849)
[  0  1  1  1  0  0  1  0  0 ] (0.00003127)
[  0  1  1  1  0  0  1  0  1 ] (0.00067247)
[  0  1  1  1  0  0  1  1  0 ] (0.00005094)
[  0  1  1  1  0  0  2  0  0 ] (0.00008884)
[  0  1  1  1  0  1  0  0  0 ] (0.00004472)
[  0  1  1  1  0  1  0  0  1 ] (0.00006886)
[  0  1  1  1  0  1  0  1  0 ] (0.00000248)
[  0  1  1  1  0  1  1  0  0 ] (0.00000771)
[  0  1  1  1  0  2  0  0  0 ] (0.00001637)
[  0  1  1  1  1  0  0  0  0 ] (0.00000969)
[  0  1  1  1  1  0  0  0  1 ] (0.00002183)
[  0  1  1  1  1  0  0  1  0 ] (0.00003145)
[  0  1  1  1  1  0  1  0  0 ] (0.00000165)
[  0  1  1  1  1  1  0  0  0 ] (0.00000231)
[  0  1  1  1  2  0  0  0  0 ] (0.00000045)
[  0  1  1  2  0  0  0  0  0 ] (0.00000030)
[  0  1  1  2  0  0  0  0  1 ] (0.00000027)
[  0  1  1  2  0  0  0  1  0 ] (0.00035331)
[  0  1  1  2  0  0  1  0  0 ] (0.00000483)
[  0  1  1  2  0  1  0  0  0 ] (0.00000005)
[  0  1  1  2  1  0  0  0  0 ] (0.00002579)
[  0  1  1  3  0  0  0  0  0 ] (0.00000009)
[  0  1  2  0  0  0  0  0  0 ] (0.00000119)
[  0  1  2  0  0  0  0  0  1 ] (0.00000362)
[  0  1  2  0  0  0  0  0  2 ] (0.00000940)
[  0  1  2  0  0  0  0  1  0 ] (0.00002282)
[  0  1  2  0  0  0  0  1  1 ] (0.00014680)
[  0  1  2  0  0  0  0  2  0 ] (0.00000105)
[  0  1  2  0  0  0  1  0  0 ] (0.00001062)
[  0  1  2  0  0  0  1  0  1 ] (0.00004148)
[  0  1  2  0  0  0  1  1  0 ] (0.00006719)
[  0  1  2  0  0  0  2  0  0 ] (0.00000793)
[  0  1  2  0  0  1  0  0  0 ] (0.00000058)
[  0  1  2  0  0  1  0  0  1 ] (0.00000184)
[  0  1  2  0  0  1  0  1  0 ] (0.00001925)
[  0  1  2  0  0  1  1  0  0 ] (0.00000184)
[  0  1  2  0  0  2  0  0  0 ] (0.00000015)
[  0  1  2  0  1  0  0  0  0 ] (0.00000306)
[  0  1  2  0  1  0  0  0  1 ] (0.00000808)
[  0  1  2  0  1  0  0  1  0 ] (0.00000002)
[  0  1  2  0  1  0  1  0  0 ] (0.00000215)
[  0  1  2  0  1  1  0  0  0 ] (0.00000126)
[  0  1  2  0  2  0  0  0  0 ] (0.00000002)
[  0  1  2  1  0  0  0  0  0 ] (0.00000630)
[  0  1  2  1  0  0  0  0  1 ] (0.00000936)
[  0  1  2  1  0  0  0  1  0 ] (0.00000030)
[  0  1  2  1  0  0  1  0  0 ] (0.00000020)
[  0  1  2  1  0  1  0  0  0 ] (0.00000598)
[  0  1  2  1  1  0  0  0  0 ] (0.00000000)
[  0  1  2  2  0  0  0  0  0 ] (0.00000012)
[  0  1  3  0  0  0  0  0  0 ] (0.00000004)
[  0  1  3  0  0  0  0  0  1 ] (0.00000001)
[  0  1  3  0  0  0  0  1  0 ] (0.00000175)
[  0  1  3  0  0  0  1  0  0 ] (0.00000356)
[  0  1  3  0  0  1  0  0  0 ] (0.00000001)
[  0  1  3  0  1  0  0  0  0 ] (0.00000112)
[  0  1  3  1  0  0  0  0  0 ] (0.00000482)
[  0  1  4  0  0  0  0  0  0 ] (0.00000001)
[  0  2  0  0  0  0  0  0  0 ] (0.00000044)
[  0  2  0  0  0  0  0  0  1 ] (0.00000177)
[  0  2  0  0  0  0  0  0  2 ] (0.00000000)
[  0  2  0  0  0  0  0  0  3 ] (0.00000248)
[  0  2  0  0  0  0  0  1  0 ] (0.00000912)
[  0  2  0  0  0  0  0  1  1 ] (0.00003636)
[  0  2  0  0  0  0  0  1  2 ] (0.00009176)
[  0  2  0  0  0  0  0  2  0 ] (0.00000021)
[  0  2  0  0  0  0  0  2  1 ] (0.00003808)
[  0  2  0  0  0  0  0  3  0 ] (0.00000837)
[  0  2  0  0  0  0  1  0  0 ] (0.00000166)
[  0  2  0  0  0  0  1  0  1 ] (0.00000557)
[  0  2  0  0  0  0  1  0  2 ] (0.00001078)
[  0  2  0  0  0  0  1  1  0 ] (0.00000754)
[  0  2  0  0  0  0  1  1  1 ] (0.00000029)
[  0  2  0  0  0  0  1  2  0 ] (0.00002149)
[  0  2  0  0  0  0  2  0  0 ] (0.00000398)
[  0  2  0  0  0  0  2  0  1 ] (0.00002774)
[  0  2  0  0  0  0  2  1  0 ] (0.00008553)
[  0  2  0  0  0  0  3  0  0 ] (0.00001134)
[  0  2  0  0  0  1  0  0  0 ] (0.00000000)
[  0  2  0  0  0  1  0  0  1 ] (0.00000002)
[  0  2  0  0  0  1  0  0  2 ] (0.00000400)
[  0  2  0  0  0  1  0  1  0 ] (0.00001074)
[  0  2  0  0  0  1  0  1  1 ] (0.00001271)
[  0  2  0  0  0  1  0  2  0 ] (0.00000406)
[  0  2  0  0  0  1  1  0  0 ] (0.00000198)
[  0  2  0  0  0  1  1  0  1 ] (0.00002196)
[  0  2  0  0  0  1  1  1  0 ] (0.00003935)
[  0  2  0  0  0  1  2  0  0 ] (0.00000244)
[  0  2  0  0  0  2  0  0  0 ] (0.00000026)
[  0  2  0  0  0  2  0  0  1 ] (0.00000031)
[  0  2  0  0  0  2  0  1  0 ] (0.00000579)
[  0  2  0  0  0  2  1  0  0 ] (0.00000069)
[  0  2  0  0  0  3  0  0  0 ] (0.00000015)
[  0  2  0  0  1  0  0  0  0 ] (0.00000259)
[  0  2  0  0  1  0  0  0  1 ] (0.00000510)
[  0  2  0  0  1  0  0  0  2 ] (0.00001015)
[  0  2  0  0  1  0  0  1  0 ] (0.00003172)
[  0  2  0  0  1  0  0  1  1 ] (0.00013202)
[  0  2  0  0  1  0  0  2  0 ] (0.00002017)
[  0  2  0  0  1  0  1  0  0 ] (0.00002399)
[  0  2  0  0  1  0  1  0  1 ] (0.00004776)
[  0  2  0  0  1  0  1  1  0 ] (0.00001629)
[  0  2  0  0  1  0  2  0  0 ] (0.00000291)
[  0  2  0  0  1  1  0  0  0 ] (0.00000016)
[  0  2  0  0  1  1  0  0  1 ] (0.00000001)
[  0  2  0  0  1  1  0  1  0 ] (0.00001265)
[  0  2  0  0  1  1  1  0  0 ] (0.00000372)
[  0  2  0  0  1  2  0  0  0 ] (0.00000131)
[  0  2  0  0  2  0  0  0  0 ] (0.00000054)
[  0  2  0  0  2  0  0  0  1 ] (0.00000217)
[  0  2  0  0  2  0  0  1  0 ] (0.00001971)
[  0  2  0  0  2  0  1  0  0 ] (0.00000017)
[  0  2  0  0  2  1  0  0  0 ] (0.00000013)
[  0  2  0  0  3  0  0  0  0 ] (0.00000048)
[  0  2  0  1  0  0  0  0  0 ] (0.00000013)
[  0  2  0  1  0  0  0  0  1 ] (0.00000070)
[  0  2  0  1  0  0  0  0  2 ] (0.00000066)
[  0  2  0  1  0  0  0  1  0 ] (0.00000054)
[  0  2  0  1  0  0  0  1  1 ] (0.00001074)
[  0  2  0  1  0  0  0  2  0 ] (0.00000266)
[  0  2  0  1  0  0  1  0  0 ] (0.00001105)
[  0  2  0  1  0  0  1  0  1 ] (0.00006917)
[  0  2  0  1  0  0  1  1  0 ] (0.00000250)
[  0  2  0  1  0  0  2  0  0 ] (0.00001474)
[  0  2  0  1  0  1  0  0  0 ] (0.00000000)
[  0  2  0  1  0  1  0  0  1 ] (0.00000003)
[  0  2  0  1  0  1  0  1  0 ] (0.00000609)
[  0  2  0  1  0  1  1  0  0 ] (0.00000336)
[  0  2  0  1  0  2  0  0  0 ] (0.00000004)
[  0  2  0  1  1  0  0  0  0 ] (0.00000228)
[  0  2  0  1  1  0  0  0  1 ] (0.00000796)
[  0  2  0  1  1  0  0  1  0 ] (0.00000731)
[  0  2  0  1  1  0  1  0  0 ] (0.00000173)
[  0  2  0  1  1  1  0  0  0 ] (0.00000003)
[  0  2  0  1  2  0  0  0  0 ] (0.00000013)
[  0  2  0  2  0  0  0  0  0 ] (0.00000003)
[  0  2  0  2  0  0  0  0  1 ] (0.00000044)
[  0  2  0  2  0  0  0  1  0 ] (0.00000128)
[  0  2  0  2  0  0  1  0  0 ] (0.00000072)
[  0  2  0  2  0  1  0  0  0 ] (0.00000012)
[  0  2  0  2  1  0  0  0  0 ] (0.00000071)
[  0  2  0  3  0  0  0  0  0 ] (0.00000006)
[  0  2  1  0  0  0  0  0  0 ] (0.00000063)
[  0  2  1  0  0  0  0  0  1 ] (0.00000535)
[  0  2  1  0  0  0  0  0  2 ] (0.00000542)
[  0  2  1  0  0  0  0  1  0 ] (0.00001231)
[  0  2  1  0  0  0  0  1  1 ] (0.00004128)
[  0  2  1  0  0  0  0  2  0 ] (0.00000125)
[  0  2  1  0  0  0  1  0  0 ] (0.00000070)
[  0  2  1  0  0  0  1  0  1 ] (0.00000008)
[  0  2  1  0  0  0  1  1  0 ] (0.00002732)
[  0  2  1  0  0  0  2  0  0 ] (0.00000120)
[  0  2  1  0  0  1  0  0  0 ] (0.00000001)
[  0  2  1  0  0  1  0  0  1 ] (0.00000034)
[  0  2  1  0  0  1  0  1  0 ] (0.00001015)
[  0  2  1  0  0  1  1  0  0 ] (0.00000009)
[  0  2  1  0  0  2  0  0  0 ] (0.00000040)
[  0  2  1  0  1  0  0  0  0 ] (0.00000000)
[  0  2  1  0  1  0  0  0  1 ] (0.00000035)
[  0  2  1  0  1  0  0  1  0 ] (0.00000832)
[  0  2  1  0  1  0  1  0  0 ] (0.00000080)
[  0  2  1  0  1  1  0  0  0 ] (0.00000174)
[  0  2  1  0  2  0  0  0  0 ] (0.00000088)
[  0  2  1  1  0  0  0  0  0 ] (0.00000000)
[  0  2  1  1  0  0  0  0  1 ] (0.00000003)
[  0  2  1  1  0  0  0  1  0 ] (0.00000077)
[  0  2  1  1  0  0  1  0  0 ] (0.00000461)
[  0  2  1  1  0  1  0  0  0 ] (0.00000009)
[  0  2  1  1  1  0  0  0  0 ] (0.00000047)
[  0  2  1  2  0  0  0  0  0 ] (0.00000026)
[  0  2  2  0  0  0  0  0  0 ] (0.00000015)
[  0  2  2  0  0  0  0  0  1 ] (0.00000062)
[  0  2  2  0  0  0  0  1  0 ] (0.00000154)
[  0  2  2  0  0  0  1  0  0 ] (0.00000038)
[  0  2  2  0  0  1  0  0  0 ] (0.00000015)
[  0  2  2  0  1  0  0  0  0 ] (0.00000019)
[  0  2  2  1  0  0  0  0  0 ] (0.00000000)
[  0  2  3  0  0  0  0  0  0 ] (0.00000005)
[  0  3  0  0  0  0  0  0  0 ] (0.00000003)
[  0  3  0  0  0  0  0  0  1 ] (0.00000008)
[  0  3  0  0  0  0  0  0  2 ] (0.00000202)
[  0  3  0  0  0  0  0  1  0 ] (0.00000001)
[  0  3  0  0  0  0  0  1  1 ] (0.00000519)
[  0  3  0  0  0  0  0  2  0 ] (0.00000101)
[  0  3  0  0  0  0  1  0  0 ] (0.00000001)
[  0  3  0  0  0  0  1  0  1 ] (0.00000051)
[  0  3  0  0  0  0  1  1  0 ] (0.00002062)
[  0  3  0  0  0  0  2  0  0 ] (0.00000029)
[  0  3  0  0  0  1  0  0  0 ] (0.00000000)
[  0  3  0  0  0  1  0  0  1 ] (0.00000012)
[  0  3  0  0  0  1  0  1  0 ] (0.00000011)
[  0  3  0  0  0  1  1  0  0 ] (0.00000005)
[  0  3  0  0  0  2  0  0  0 ] (0.00000016)
[  0  3  0  0  1  0  0  0  0 ] (0.00000096)
[  0  3  0  0  1  0  0  0  1 ] (0.00000156)
[  0  3  0  0  1  0  0  1  0 ] (0.00000070)
[  0  3  0  0  1  0  1  0  0 ] (0.00000870)
[  0  3  0  0  1  1  0  0  0 ] (0.00000002)
[  0  3  0  0  2  0  0  0  0 ] (0.00000136)
[  0  3  0  1  0  0  0  0  0 ] (0.00000247)
[  0  3  0  1  0  0  0  0  1 ] (0.00001376)
[  0  3  0  1  0  0  0  1  0 ] (0.00000079)
[  0  3  0  1  0  0  1  0  0 ] (0.00001116)
[  0  3  0  1  0  1  0  0  0 ] (0.00000012)
[  0  3  0  1  1  0  0  0  0 ] (0.00000094)
[  0  3  0  2  0  0  0  0  0 ] (0.00000023)
[  0  3  1  0  0  0  0  0  0 ] (0.00000059)
[  0  3  1  0  0  0  0  0  1 ] (0.00000654)
[  0  3  1  0  0  0  0  1  0 ] (0.00000465)
[  0  3  1  0  0  0  1  0  0 ] (0.00000335)
[  0  3  1  0  0  1  0  0  0 ] (0.00000029)
[  0  3  1  0  1  0  0  0  0 ] (0.00000063)
[  0  3  1  1  0  0  0  0  0 ] (0.00000011)
[  0  3  2  0  0  0  0  0  0 ] (0.00000017)
[  0  4  0  0  0  0  0  0  0 ] (0.00000020)
[  0  4  0  0  0  0  0  0  1 ] (0.00000060)
[  0  4  0  0  0  0  0  1  0 ] (0.00000177)
[  0  4  0  0  0  0  1  0  0 ] (0.00000121)
[  0  4  0  0  0  1  0  0  0 ] (0.00000001)
[  0  4  0  0  1  0  0  0  0 ] (0.00000060)
[  0  4  0  1  0  0  0  0  0 ] (0.00000025)
[  0  4  1  0  0  0  0  0  0 ] (0.00000009)
[  0  5  0  0  0  0  0  0  0 ] (0.00000006)
[  1  0  0  0  0  0  0  0  0 ] (0.00000039)
[  1  0  0  0  0  0  0  0  1 ] (0.00000248)
[  1  0  0  0  0  0  0  0  2 ] (0.00000000)
[  1  0  0  0  0  0  0  0  3 ] (0.00000665)
[  1  0  0  0  0  0  0  0  4 ] (0.00008151)
[  1  0  0  0  0  0  0  1  0 ] (0.00000006)
[  1  0  0  0  0  0  0  1  1 ] (0.00001075)
[  1  0  0  0  0  0  0  1  2 ] (0.00015251)
[  1  0  0  0  0  0  0  1  3 ] (0.00001076)
[  1  0  0  0  0  0  0  2  0 ] (0.00000003)
[  1  0  0  0  0  0  0  2  1 ] (0.00003920)
[  1  0  0  0  0  0  0  2  2 ] (0.00044929)
[  1  0  0  0  0  0  0  3  0 ] (0.00003378)
[  1  0  0  0  0  0  0  3  1 ] (0.00083573)
[  1  0  0  0  0  0  0  4  0 ] (0.00000263)
[  1  0  0  0  0  0  1  0  0 ] (0.00000029)
[  1  0  0  0  0  0  1  0  1 ] (0.00000441)
[  1  0  0  0  0  0  1  0  2 ] (0.00005525)
[  1  0  0  0  0  0  1  0  3 ] (0.00004288)
[  1  0  0  0  0  0  1  1  0 ] (0.00009532)
[  1  0  0  0  0  0  1  1  1 ] (0.00004851)
[  1  0  0  0  0  0  1  1  2 ] (0.00016085)
[  1  0  0  0  0  0  1  2  0 ] (0.00000499)
[  1  0  0  0  0  0  1  2  1 ] (0.00005360)
[  1  0  0  0  0  0  1  3  0 ] (0.00000034)
[  1  0  0  0  0  0  2  0  0 ] (0.00001789)
[  1  0  0  0  0  0  2  0  1 ] (0.00012300)
[  1  0  0  0  0  0  2  0  2 ] (0.00030966)
[  1  0  0  0  0  0  2  1  0 ] (0.00003632)
[  1  0  0  0  0  0  2  1  1 ] (0.00007333)
[  1  0  0  0  0  0  2  2  0 ] (0.00036467)
[  1  0  0  0  0  0  3  0  0 ] (0.00000077)
[  1  0  0  0  0  0  3  0  1 ] (0.00013285)
[  1  0  0  0  0  0  3  1  0 ] (0.00021771)
[  1  0  0  0  0  0  4  0  0 ] (0.00032834)
[  1  0  0  0  0  1  0  0  0 ] (0.00000622)
[  1  0  0  0  0  1  0  0  1 ] (0.00002077)
[  1  0  0  0  0  1  0  0  2 ] (0.00000261)
[  1  0  0  0  0  1  0  0  3 ] (0.00008216)
[  1  0  0  0  0  1  0  1  0 ] (0.00003075)
[  1  0  0  0  0  1  0  1  1 ] (0.00005997)
[  1  0  0  0  0  1  0  1  2 ] (0.00028799)
[  1  0  0  0  0  1  0  2  0 ] (0.00002959)
[  1  0  0  0  0  1  0  2  1 ] (0.00038436)
[  1  0  0  0  0  1  0  3  0 ] (0.00021905)
[  1  0  0  0  0  1  1  0  0 ] (0.00000236)
[  1  0  0  0  0  1  1  0  1 ] (0.00000054)
[  1  0  0  0  0  1  1  0  2 ] (0.00099108)
[  1  0  0  0  0  1  1  1  0 ] (0.00005909)
[  1  0  0  0  0  1  1  1  1 ] (0.00000211)
[  1  0  0  0  0  1  1  2  0 ] (0.00001944)
[  1  0  0  0  0  1  2  0  0 ] (0.00019394)
[  1  0  0  0  0  1  2  0  1 ] (0.00023165)
[  1  0  0  0  0  1  2  1  0 ] (0.00066646)
[  1  0  0  0  0  1  3  0  0 ] (0.00003862)
[  1  0  0  0  0  2  0  0  0 ] (0.00000000)
[  1  0  0  0  0  2  0  0  1 ] (0.00000203)
[  1  0  0  0  0  2  0  0  2 ] (0.00001327)
[  1  0  0  0  0  2  0  1  0 ] (0.00003391)
[  1  0  0  0  0  2  0  1  1 ] (0.00038086)
[  1  0  0  0  0  2  0  2  0 ] (0.00000032)
[  1  0  0  0  0  2  1  0  0 ] (0.00000140)
[  1  0  0  0  0  2  1  0  1 ] (0.00001234)
[  1  0  0  0  0  2  1  1  0 ] (0.00004459)
[  1  0  0  0  0  2  2  0  0 ] (0.00000001)
[  1  0  0  0  0  3  0  0  0 ] (0.00000249)
[  1  0  0  0  0  3  0  0  1 ] (0.00001308)
[  1  0  0  0  0  3  0  1  0 ] (0.00000723)
[  1  0  0  0  0  3  1  0  0 ] (0.00000733)
[  1  0  0  0  0  4  0  0  0 ] (0.00000050)
[  1  0  0  0  1  0  0  0  0 ] (0.00000085)
[  1  0  0  0  1  0  0  0  1 ] (0.00000829)
[  1  0  0  0  1  0  0  0  2 ] (0.00000582)
[  1  0  0  0  1  0  0  0  3 ] (0.00055767)
[  1  0  0  0  1  0  0  1  0 ] (0.00001765)
[  1  0  0  0  1  0  0  1  1 ] (0.00006105)
[  1  0  0  0  1  0  0  1  2 ] (0.00037768)
[  1  0  0  0  1  0  0  2  0 ] (0.00000522)
[  1  0  0  0  1  0  0  2  1 ] (0.00013050)
[  1  0  0  0  1  0  0  3  0 ] (0.00011981)
[  1  0  0  0  1  0  1  0  0 ] (0.00004395)
[  1  0  0  0  1  0  1  0  1 ] (0.00017869)
[  1  0  0  0  1  0  1  0  2 ] (0.00209666)
[  1  0  0  0  1  0  1  1  0 ] (0.00001957)
[  1  0  0  0  1  0  1  1  1 ] (0.00046270)
[  1  0  0  0  1  0  1  2  0 ] (0.00002614)
[  1  0  0  0  1  0  2  0  0 ] (0.00002341)
[  1  0  0  0  1  0  2  0  1 ] (0.00015944)
[  1  0  0  0  1  0  2  1  0 ] (0.00055615)
[  1  0  0  0  1  0  3  0  0 ] (0.00000020)
[  1  0  0  0  1  1  0  0  0 ] (0.00000154)
[  1  0  0  0  1  1  0  0  1 ] (0.00000021)
[  1  0  0  0  1  1  0  0  2 ] (0.00000000)
[  1  0  0  0  1  1  0  1  0 ] (0.00080329)
[  1  0  0  0  1  1  0  1  1 ] (0.00542494)
[  1  0  0  0  1  1  0  2  0 ] (0.00000226)
[  1  0  0  0  1  1  1  0  0 ] (0.00011636)
[  1  0  0  0  1  1  1  0  1 ] (0.00045875)
[  1  0  0  0  1  1  1  1  0 ] (0.00336129)
[  1  0  0  0  1  1  2  0  0 ] (0.00012483)
[  1  0  0  0  1  2  0  0  0 ] (0.00001237)
[  1  0  0  0  1  2  0  0  1 ] (0.00003013)
[  1  0  0  0  1  2  0  1  0 ] (0.00002127)
[  1  0  0  0  1  2  1  0  0 ] (0.00000210)
[  1  0  0  0  1  3  0  0  0 ] (0.00000000)
[  1  0  0  0  2  0  0  0  0 ] (0.00000421)
[  1  0  0  0  2  0  0  0  1 ] (0.00000687)
[  1  0  0  0  2  0  0  0  2 ] (0.00003118)
[  1  0  0  0  2  0  0  1  0 ] (0.00000637)
[  1  0  0  0  2  0  0  1  1 ] (0.00001822)
[  1  0  0  0  2  0  0  2  0 ] (0.00001323)
[  1  0  0  0  2  0  1  0  0 ] (0.00000012)
[  1  0  0  0  2  0  1  0  1 ] (0.00001729)
[  1  0  0  0  2  0  1  1  0 ] (0.00003297)
[  1  0  0  0  2  0  2  0  0 ] (0.00000295)
[  1  0  0  0  2  1  0  0  0 ] (0.00000055)
[  1  0  0  0  2  1  0  0  1 ] (0.00000501)
[  1  0  0  0  2  1  0  1  0 ] (0.00000004)
[  1  0  0  0  2  1  1  0  0 ] (0.00000020)
[  1  0  0  0  2  2  0  0  0 ] (0.00000041)
[  1  0  0  0  3  0  0  0  0 ] (0.00000195)
[  1  0  0  0  3  0  0  0  1 ] (0.00000007)
[  1  0  0  0  3  0  0  1  0 ] (0.00000751)
[  1  0  0  0  3  0  1  0  0 ] (0.00000003)
[  1  0  0  0  3  1  0  0  0 ] (0.00001545)
[  1  0  0  0  4  0  0  0  0 ] (0.00000099)
[  1  0  0  1  0  0  0  0  0 ] (0.00000499)
[  1  0  0  1  0  0  0  0  1 ] (0.00000169)
[  1  0  0  1  0  0  0  0  2 ] (0.00000000)
[  1  0  0  1  0  0  0  0  3 ] (0.00031439)
[  1  0  0  1  0  0  0  1  0 ] (0.00001075)
[  1  0  0  1  0  0  0  1  1 ] (0.00035134)
[  1  0  0  1  0  0  0  1  2 ] (0.00493657)
[  1  0  0  1  0  0  0  2  0 ] (0.00005485)
[  1  0  0  1  0  0  0  2  1 ] (0.00020764)
[  1  0  0  1  0  0  0  3  0 ] (0.00000001)
[  1  0  0  1  0  0  1  0  0 ] (0.00008736)
[  1  0  0  1  0  0  1  0  1 ] (0.00061768)
[  1  0  0  1  0  0  1  0  2 ] (0.00208313)
[  1  0  0  1  0  0  1  1  0 ] (0.00000881)
[  1  0  0  1  0  0  1  1  1 ] (0.00043893)
[  1  0  0  1  0  0  1  2  0 ] (0.00007818)
[  1  0  0  1  0  0  2  0  0 ] (0.00031948)
[  1  0  0  1  0  0  2  0  1 ] (0.00090244)
[  1  0  0  1  0  0  2  1  0 ] (0.00001009)
[  1  0  0  1  0  0  3  0  0 ] (0.00002085)
[  1  0  0  1  0  1  0  0  0 ] (0.00000023)
[  1  0  0  1  0  1  0  0  1 ] (0.00000019)
[  1  0  0  1  0  1  0  0  2 ] (0.00001541)
[  1  0  0  1  0  1  0  1  0 ] (0.00003132)
[  1  0  0  1  0  1  0  1  1 ] (0.00007759)
[  1  0  0  1  0  1  0  2  0 ] (0.00000055)
[  1  0  0  1  0  1  1  0  0 ] (0.00009174)
[  1  0  0  1  0  1  1  0  1 ] (0.00062285)
[  1  0  0  1  0  1  1  1  0 ] (0.00036412)
[  1  0  0  1  0  1  2  0  0 ] (0.00000459)
[  1  0  0  1  0  2  0  0  0 ] (0.00000444)
[  1  0  0  1  0  2  0  0  1 ] (0.00000152)
[  1  0  0  1  0  2  0  1  0 ] (0.00000008)
[  1  0  0  1  0  2  1  0  0 ] (0.00000234)
[  1  0  0  1  0  3  0  0  0 ] (0.00000045)
[  1  0  0  1  1  0  0  0  0 ] (0.00000020)
[  1  0  0  1  1  0  0  0  1 ] (0.00000518)
[  1  0  0  1  1  0  0  0  2 ] (0.00009099)
[  1  0  0  1  1  0  0  1  0 ] (0.00001364)
[  1  0  0  1  1  0  0  1  1 ] (0.00021425)
[  1  0  0  1  1  0  0  2  0 ] (0.00000007)
[  1  0  0  1  1  0  1  0  0 ] (0.00000750)
[  1  0  0  1  1  0  1  0  1 ] (0.00001373)
[  1  0  0  1  1  0  1  1  0 ] (0.00000786)
[  1  0  0  1  1  0  2  0  0 ] (0.00000003)
[  1  0  0  1  1  1  0  0  0 ] (0.00000278)
[  1  0  0  1  1  1  0  0  1 ] (0.00000869)
[  1  0  0  1  1  1  0  1  0 ] (0.00000553)
[  1  0  0  1  1  1  1  0  0 ] (0.00000320)
[  1  0  0  1  1  2  0  0  0 ] (0.00000005)
[  1  0  0  1  2  0  0  0  0 ] (0.00000141)
[  1  0  0  1  2  0  0  0  1 ] (0.00000035)
[  1  0  0  1  2  0  0  1  0 ] (0.00000115)
[  1  0  0  1  2  0  1  0  0 ] (0.00000020)
[  1  0  0  1  2  1  0  0  0 ] (0.00000001)
[  1  0  0  1  3  0  0  0  0 ] (0.00000008)
[  1  0  0  2  0  0  0  0  0 ] (0.00000079)
[  1  0  0  2  0  0  0  0  1 ] (0.00002192)
[  1  0  0  2  0  0  0  0  2 ] (0.00000516)
[  1  0  0  2  0  0  0  1  0 ] (0.00002237)
[  1  0  0  2  0  0  0  1  1 ] (0.00004931)
[  1  0  0  2  0  0  0  2  0 ] (0.00000151)
[  1  0  0  2  0  0  1  0  0 ] (0.00002413)
[  1  0  0  2  0  0  1  0  1 ] (0.00004487)
[  1  0  0  2  0  0  1  1  0 ] (0.00000005)
[  1  0  0  2  0  0  2  0  0 ] (0.00000012)
[  1  0  0  2  0  1  0  0  0 ] (0.00001031)
[  1  0  0  2  0  1  0  0  1 ] (0.00000006)
[  1  0  0  2  0  1  0  1  0 ] (0.00000906)
[  1  0  0  2  0  1  1  0  0 ] (0.00000001)
[  1  0  0  2  0  2  0  0  0 ] (0.00000007)
[  1  0  0  2  1  0  0  0  0 ] (0.00000042)
[  1  0  0  2  1  0  0  0  1 ] (0.00000746)
[  1  0  0  2  1  0  0  1  0 ] (0.00001181)
[  1  0  0  2  1  0  1  0  0 ] (0.00000009)
[  1  0  0  2  1  1  0  0  0 ] (0.00000148)
[  1  0  0  2  2  0  0  0  0 ] (0.00000000)
[  1  0  0  3  0  0  0  0  0 ] (0.00000050)
[  1  0  0  3  0  0  0  0  1 ] (0.00000001)
[  1  0  0  3  0  0  0  1  0 ] (0.00000202)
[  1  0  0  3  0  0  1  0  0 ] (0.00000322)
[  1  0  0  3  0  1  0  0  0 ] (0.00000059)
[  1  0  0  3  1  0  0  0  0 ] (0.00000004)
[  1  0  0  4  0  0  0  0  0 ] (0.00000002)
[  1  0  1  0  0  0  0  0  0 ] (0.00000187)
[  1  0  1  0  0  0  0  0  1 ] (0.00000661)
[  1  0  1  0  0  0  0  0  2 ] (0.00001921)
[  1  0  1  0  0  0  0  0  3 ] (0.00000166)
[  1  0  1  0  0  0  0  1  0 ] (0.00000110)
[  1  0  1  0  0  0  0  1  1 ] (0.00000707)
[  1  0  1  0  0  0  0  1  2 ] (0.00000459)
[  1  0  1  0  0  0  0  2  0 ] (0.00000623)
[  1  0  1  0  0  0  0  2  1 ] (0.00002134)
[  1  0  1  0  0  0  0  3  0 ] (0.00002288)
[  1  0  1  0  0  0  1  0  0 ] (0.00002089)
[  1  0  1  0  0  0  1  0  1 ] (0.00001949)
[  1  0  1  0  0  0  1  0  2 ] (0.00000031)
[  1  0  1  0  0  0  1  1  0 ] (0.00000005)
[  1  0  1  0  0  0  1  1  1 ] (0.00013558)
[  1  0  1  0  0  0  1  2  0 ] (0.00000363)
[  1  0  1  0  0  0  2  0  0 ] (0.00003836)
[  1  0  1  0  0  0  2  0  1 ] (0.00000001)
[  1  0  1  0  0  0  2  1  0 ] (0.00012363)
[  1  0  1  0  0  0  3  0  0 ] (0.00000233)
[  1  0  1  0  0  1  0  0  0 ] (0.00000807)
[  1  0  1  0  0  1  0  0  1 ] (0.00010767)
[  1  0  1  0  0  1  0  0  2 ] (0.00003188)
[  1  0  1  0  0  1  0  1  0 ] (0.00000627)
[  1  0  1  0  0  1  0  1  1 ] (0.00000097)
[  1  0  1  0  0  1  0  2  0 ] (0.00000452)
[  1  0  1  0  0  1  1  0  0 ] (0.00003668)
[  1  0  1  0  0  1  1  0  1 ] (0.00039935)
[  1  0  1  0  0  1  1  1  0 ] (0.00001568)
[  1  0  1  0  0  1  2  0  0 ] (0.00000204)
[  1  0  1  0  0  2  0  0  0 ] (0.00000770)
[  1  0  1  0  0  2  0  0  1 ] (0.00000209)
[  1  0  1  0  0  2  0  1  0 ] (0.00000470)
[  1  0  1  0  0  2  1  0  0 ] (0.00000005)
[  1  0  1  0  0  3  0  0  0 ] (0.00000083)
[  1  0  1  0  1  0  0  0  0 ] (0.00000699)
[  1  0  1  0  1  0  0  0  1 ] (0.00002333)
[  1  0  1  0  1  0  0  0  2 ] (0.00001156)
[  1  0  1  0  1  0  0  1  0 ] (0.00000086)
[  1  0  1  0  1  0  0  1  1 ] (0.00014334)
[  1  0  1  0  1  0  0  2  0 ] (0.00000387)
[  1  0  1  0  1  0  1  0  0 ] (0.00003996)
[  1  0  1  0  1  0  1  0  1 ] (0.00008805)
[  1  0  1  0  1  0  1  1  0 ] (0.00013526)
[  1  0  1  0  1  0  2  0  0 ] (0.00007792)
[  1  0  1  0  1  1  0  0  0 ] (0.00000679)
[  1  0  1  0  1  1  0  0  1 ] (0.00000528)
[  1  0  1  0  1  1  0  1  0 ] (0.00000685)
[  1  0  1  0  1  1  1  0  0 ] (0.00000960)
[  1  0  1  0  1  2  0  0  0 ] (0.00000120)
[  1  0  1  0  2  0  0  0  0 ] (0.00000008)
[  1  0  1  0  2  0  0  0  1 ] (0.00000016)
[  1  0  1  0  2  0  0  1  0 ] (0.00000094)
[  1  0  1  0  2  0  1  0  0 ] (0.00000188)
[  1  0  1  0  2  1  0  0  0 ] (0.00000106)
[  1  0  1  0  3  0  0  0  0 ] (0.00000056)
[  1  0  1  1  0  0  0  0  0 ] (0.00000720)
[  1  0  1  1  0  0  0  0  1 ] (0.00003914)
[  1  0  1  1  0  0  0  0  2 ] (0.00001984)
[  1  0  1  1  0  0  0  1  0 ] (0.00003782)
[  1  0  1  1  0  0  0  1  1 ] (0.00002175)
[  1  0  1  1  0  0  0  2  0 ] (0.00000182)
[  1  0  1  1  0  0  1  0  0 ] (0.00003053)
[  1  0  1  1  0  0  1  0  1 ] (0.00014989)
[  1  0  1  1  0  0  1  1  0 ] (0.00002876)
[  1  0  1  1  0  0  2  0  0 ] (0.00002195)
[  1  0  1  1  0  1  0  0  0 ] (0.00000485)
[  1  0  1  1  0  1  0  0  1 ] (0.00000516)
[  1  0  1  1  0  1  0  1  0 ] (0.00007196)
[  1  0  1  1  0  1  1  0  0 ] (0.00000468)
[  1  0  1  1  0  2  0  0  0 ] (0.00000139)
[  1  0  1  1  1  0  0  0  0 ] (0.00000398)
[  1  0  1  1  1  0  0  0  1 ] (0.00000443)
[  1  0  1  1  1  0  0  1  0 ] (0.00000792)
[  1  0  1  1  1  0  1  0  0 ] (0.00000517)
[  1  0  1  1  1  1  0  0  0 ] (0.00000049)
[  1  0  1  1  2  0  0  0  0 ] (0.00000017)
[  1  0  1  2  0  0  0  0  0 ] (0.00000256)
[  1  0  1  2  0  0  0  0  1 ] (0.00000376)
[  1  0  1  2  0  0  0  1  0 ] (0.00000666)
[  1  0  1  2  0  0  1  0  0 ] (0.00000011)
[  1  0  1  2  0  1  0  0  0 ] (0.00000083)
[  1  0  1  2  1  0  0  0  0 ] (0.00000180)
[  1  0  1  3  0  0  0  0  0 ] (0.00000001)
[  1  0  2  0  0  0  0  0  0 ] (0.00000000)
[  1  0  2  0  0  0  0  0  1 ] (0.00000029)
[  1  0  2  0  0  0  0  0  2 ] (0.00000079)
[  1  0  2  0  0  0  0  1  0 ] (0.00000076)
[  1  0  2  0  0  0  0  1  1 ] (0.00000447)
[  1  0  2  0  0  0  0  2  0 ] (0.00000090)
[  1  0  2  0  0  0  1  0  0 ] (0.00000189)
[  1  0  2  0  0  0  1  0  1 ] (0.00000624)
[  1  0  2  0  0  0  1  1  0 ] (0.00000297)
[  1  0  2  0  0  0  2  0  0 ] (0.00000065)
[  1  0  2  0  0  1  0  0  0 ] (0.00000119)
[  1  0  2  0  0  1  0  0  1 ] (0.00000157)
[  1  0  2  0  0  1  0  1  0 ] (0.00000123)
[  1  0  2  0  0  1  1  0  0 ] (0.00000005)
[  1  0  2  0  0  2  0  0  0 ] (0.00000056)
[  1  0  2  0  1  0  0  0  0 ] (0.00000009)
[  1  0  2  0  1  0  0  0  1 ] (0.00000028)
[  1  0  2  0  1  0  0  1  0 ] (0.00000261)
[  1  0  2  0  1  0  1  0  0 ] (0.00000194)
[  1  0  2  0  1  1  0  0  0 ] (0.00000017)
[  1  0  2  0  2  0  0  0  0 ] (0.00000000)
[  1  0  2  1  0  0  0  0  0 ] (0.00000027)
[  1  0  2  1  0  0  0  0  1 ] (0.00000048)
[  1  0  2  1  0  0  0  1  0 ] (0.00000141)
[  1  0  2  1  0  0  1  0  0 ] (0.00000222)
[  1  0  2  1  0  1  0  0  0 ] (0.00000008)
[  1  0  2  1  1  0  0  0  0 ] (0.00000005)
[  1  0  2  2  0  0  0  0  0 ] (0.00000044)
[  1  0  3  0  0  0  0  0  0 ] (0.00000017)
[  1  0  3  0  0  0  0  0  1 ] (0.00000011)
[  1  0  3  0  0  0  0  1  0 ] (0.00000333)
[  1  0  3  0  0  0  1  0  0 ] (0.00000260)
[  1  0  3  0  0  1  0  0  0 ] (0.00000099)
[  1  0  3  0  1  0  0  0  0 ] (0.00000073)
[  1  0  3  1  0  0  0  0  0 ] (0.00000042)
[  1  0  4  0  0  0  0  0  0 ] (0.00000002)
[  1  1  0  0  0  0  0  0  0 ] (0.00000407)
[  1  1  0  0  0  0  0  0  1 ] (0.00000473)
[  1  1  0  0  0  0  0  0  2 ] (0.00000000)
[  1  1  0  0  0  0  0  0  3 ] (0.00006232)
[  1  1  0  0  0  0  0  1  0 ] (0.00000577)
[  1  1  0  0  0  0  0  1  1 ] (0.00010643)
[  1  1  0  0  0  0  0  1  2 ] (0.00121174)
[  1  1  0  0  0  0  0  2  0 ] (0.00001077)
[  1  1  0  0  0  0  0  2  1 ] (0.00006735)
[  1  1  0  0  0  0  0  3  0 ] (0.00006578)
[  1  1  0  0  0  0  1  0  0 ] (0.00000084)
[  1  1  0  0  0  0  1  0  1 ] (0.00000297)
[  1  1  0  0  0  0  1  0  2 ] (0.00002913)
[  1  1  0  0  0  0  1  1  0 ] (0.00005733)
[  1  1  0  0  0  0  1  1  1 ] (0.00046047)
[  1  1  0  0  0  0  1  2  0 ] (0.00000173)
[  1  1  0  0  0  0  2  0  0 ] (0.00005789)
[  1  1  0  0  0  0  2  0  1 ] (0.00017351)
[  1  1  0  0  0  0  2  1  0 ] (0.00000894)
[  1  1  0  0  0  0  3  0  0 ] (0.00002509)
[  1  1  0  0  0  1  0  0  0 ] (0.00000005)
[  1  1  0  0  0  1  0  0  1 ] (0.00000358)
[  1  1  0  0  0  1  0  0  2 ] (0.00000045)
[  1  1  0  0  0  1  0  1  0 ] (0.00000283)
[  1  1  0  0  0  1  0  1  1 ] (0.00012867)
[  1  1  0  0  0  1  0  2  0 ] (0.00000427)
[  1  1  0  0  0  1  1  0  0 ] (0.00000151)
[  1  1  0  0  0  1  1  0  1 ] (0.00020149)
[  1  1  0  0  0  1  1  1  0 ] (0.00002180)
[  1  1  0  0  0  1  2  0  0 ] (0.00000136)
[  1  1  0  0  0  2  0  0  0 ] (0.00000054)
[  1  1  0  0  0  2  0  0  1 ] (0.00000202)
[  1  1  0  0  0  2  0  1  0 ] (0.00000963)
[  1  1  0  0  0  2  1  0  0 ] (0.00000300)
[  1  1  0  0  0  3  0  0  0 ] (0.00000000)
[  1  1  0  0  1  0  0  0  0 ] (0.00000041)
[  1  1  0  0  1  0  0  0  1 ] (0.00000208)
[  1  1  0  0  1  0  0  0  2 ] (0.00003567)
[  1  1  0  0  1  0  0  1  0 ] (0.00014147)
[  1  1  0  0  1  0  0  1  1 ] (0.00038092)
[  1  1  0  0  1  0  0  2  0 ] (0.00000032)
[  1  1  0  0  1  0  1  0  0 ] (0.00001250)
[  1  1  0  0  1  0  1  0  1 ] (0.00004994)
[  1  1  0  0  1  0  1  1  0 ] (0.00061088)
[  1  1  0  0  1  0  2  0  0 ] (0.00001620)
[  1  1  0  0  1  1  0  0  0 ] (0.00000140)
[  1  1  0  0  1  1  0  0  1 ] (0.00000026)
[  1  1  0  0  1  1  0  1  0 ] (0.00000109)
[  1  1  0  0  1  1  1  0  0 ] (0.00000001)
[  1  1  0  0  1  2  0  0  0 ] (0.00000174)
[  1  1  0  0  2  0  0  0  0 ] (0.00000369)
[  1  1  0  0  2  0  0  0  1 ] (0.00001926)
[  1  1  0  0  2  0  0  1  0 ] (0.00000004)
[  1  1  0  0  2  0  1  0  0 ] (0.00000055)
[  1  1  0  0  2  1  0  0  0 ] (0.00000067)
[  1  1  0  0  3  0  0  0  0 ] (0.00000229)
[  1  1  0  1  0  0  0  0  0 ] (0.00000085)
[  1  1  0  1  0  0  0  0  1 ] (0.00000718)
[  1  1  0  1  0  0  0  0  2 ] (0.00001285)
[  1  1  0  1  0  0  0  1  0 ] (0.00001162)
[  1  1  0  1  0  0  0  1  1 ] (0.00004152)
[  1  1  0  1  0  0  0  2  0 ] (0.00000089)
[  1  1  0  1  0  0  1  0  0 ] (0.00000030)
[  1  1  0  1  0  0  1  0  1 ] (0.00001056)
[  1  1  0  1  0  0  1  1  0 ] (0.00021890)
[  1  1  0  1  0  0  2  0  0 ] (0.00000682)
[  1  1  0  1  0  1  0  0  0 ] (0.00000108)
[  1  1  0  1  0  1  0  0  1 ] (0.00000021)
[  1  1  0  1  0  1  0  1  0 ] (0.00000129)
[  1  1  0  1  0  1  1  0  0 ] (0.00000820)
[  1  1  0  1  0  2  0  0  0 ] (0.00000063)
[  1  1  0  1  1  0  0  0  0 ] (0.00000002)
[  1  1  0  1  1  0  0  0  1 ] (0.00000026)
[  1  1  0  1  1  0  0  1  0 ] (0.00000220)
[  1  1  0  1  1  0  1  0  0 ] (0.00001004)
[  1  1  0  1  1  1  0  0  0 ] (0.00000105)
[  1  1  0  1  2  0  0  0  0 ] (0.00000003)
[  1  1  0  2  0  0  0  0  0 ] (0.00000089)
[  1  1  0  2  0  0  0  0  1 ] (0.00000063)
[  1  1  0  2  0  0  0  1  0 ] (0.00000000)
[  1  1  0  2  0  0  1  0  0 ] (0.00000611)
[  1  1  0  2  0  1  0  0  0 ] (0.00000353)
[  1  1  0  2  1  0  0  0  0 ] (0.00000004)
[  1  1  0  3  0  0  0  0  0 ] (0.00000027)
[  1  1  1  0  0  0  0  0  0 ] (0.00000102)
[  1  1  1  0  0  0  0  0  1 ] (0.00000177)
[  1  1  1  0  0  0  0  0  2 ] (0.00000251)
[  1  1  1  0  0  0  0  1  0 ] (0.00000004)
[  1  1  1  0  0  0  0  1  1 ] (0.00001091)
[  1  1  1  0  0  0  0  2  0 ] (0.00000308)
[  1  1  1  0  0  0  1  0  0 ] (0.00000095)
[  1  1  1  0  0  0  1  0  1 ] (0.00001259)
[  1  1  1  0  0  0  1  1  0 ] (0.00000006)
[  1  1  1  0  0  0  2  0  0 ] (0.00000320)
[  1  1  1  0  0  1  0  0  0 ] (0.00000185)
[  1  1  1  0  0  1  0  0  1 ] (0.00000742)
[  1  1  1  0  0  1  0  1  0 ] (0.00000043)
[  1  1  1  0  0  1  1  0  0 ] (0.00001018)
[  1  1  1  0  0  2  0  0  0 ] (0.00000366)
[  1  1  1  0  1  0  0  0  0 ] (0.00000051)
[  1  1  1  0  1  0  0  0  1 ] (0.00000008)
[  1  1  1  0  1  0  0  1  0 ] (0.00000133)
[  1  1  1  0  1  0  1  0  0 ] (0.00000043)
[  1  1  1  0  1  1  0  0  0 ] (0.00000001)
[  1  1  1  0  2  0  0  0  0 ] (0.00000123)
[  1  1  1  1  0  0  0  0  0 ] (0.00000003)
[  1  1  1  1  0  0  0  0  1 ] (0.00000013)
[  1  1  1  1  0  0  0  1  0 ] (0.00001051)
[  1  1  1  1  0  0  1  0  0 ] (0.00001004)
[  1  1  1  1  0  1  0  0  0 ] (0.00000002)
[  1  1  1  1  1  0  0  0  0 ] (0.00000221)
[  1  1  1  2  0  0  0  0  0 ] (0.00000272)
[  1  1  2  0  0  0  0  0  0 ] (0.00000043)
[  1  1  2  0  0  0  0  0  1 ] (0.00000288)
[  1  1  2  0  0  0  0  1  0 ] (0.00000006)
[  1  1  2  0  0  0  1  0  0 ] (0.00000002)
[  1  1  2  0  0  1  0  0  0 ] (0.00000008)
[  1  1  2  0  1  0  0  0  0 ] (0.00000028)
[  1  1  2  1  0  0  0  0  0 ] (0.00000003)
[  1  1  3  0  0  0  0  0  0 ] (0.00000032)
[  1  2  0  0  0  0  0  0  0 ] (0.00000003)
[  1  2  0  0  0  0  0  0  1 ] (0.00000093)
[  1  2  0  0  0  0  0  0  2 ] (0.00000327)
[  1  2  0  0  0  0  0  1  0 ] (0.00000344)
[  1  2  0  0  0  0  0  1  1 ] (0.00001005)
[  1  2  0  0  0  0  0  2  0 ] (0.00000098)
[  1  2  0  0  0  0  1  0  0 ] (0.00000028)
[  1  2  0  0  0  0  1  0  1 ] (0.00000000)
[  1  2  0  0  0  0  1  1  0 ] (0.00000036)
[  1  2  0  0  0  0  2  0  0 ] (0.00000006)
[  1  2  0  0  0  1  0  0  0 ] (0.00000006)
[  1  2  0  0  0  1  0  0  1 ] (0.00000155)
[  1  2  0  0  0  1  0  1  0 ] (0.00000010)
[  1  2  0  0  0  1  1  0  0 ] (0.00000038)
[  1  2  0  0  0  2  0  0  0 ] (0.00000073)
[  1  2  0  0  1  0  0  0  0 ] (0.00000039)
[  1  2  0  0  1  0  0  0  1 ] (0.00000470)
[  1  2  0  0  1  0  0  1  0 ] (0.00000431)
[  1  2  0  0  1  0  1  0  0 ] (0.00000081)
[  1  2  0  0  1  1  0  0  0 ] (0.00000028)
[  1  2  0  0  2  0  0  0  0 ] (0.00000045)
[  1  2  0  1  0  0  0  0  0 ] (0.00000014)
[  1  2  0  1  0  0  0  0  1 ] (0.00000128)
[  1  2  0  1  0  0  0  1  0 ] (0.00000020)
[  1  2  0  1  0  0  1  0  0 ] (0.00000343)
[  1  2  0  1  0  1  0  0  0 ] (0.00000008)
[  1  2  0  1  1  0  0  0  0 ] (0.00000000)
[  1  2  0  2  0  0  0  0  0 ] (0.00000017)
[  1  2  1  0  0  0  0  0  0 ] (0.00000000)
[  1  2  1  0  0  0  0  0  1 ] (0.00000011)
[  1  2  1  0  0  0  0  1  0 ] (0.00000072)
[  1  2  1  0  0  0  1  0  0 ] (0.00000113)
[  1  2  1  0  0  1  0  0  0 ] (0.00000014)
[  1  2  1  0  1  0  0  0  0 ] (0.00000070)
[  1  2  1  1  0  0  0  0  0 ] (0.00000013)
[  1  2  2  0  0  0  0  0  0 ] (0.00000000)
[  1  3  0  0  0  0  0  0  0 ] (0.00000016)
[  1  3  0  0  0  0  0  0  1 ] (0.00000055)
[  1  3  0  0  0  0  0  1  0 ] (0.00000333)
[  1  3  0  0  0  0  1  0  0 ] (0.00000115)
[  1  3  0  0  0  1  0  0  0 ] (0.00000005)
[  1  3  0  0  1  0  0  0  0 ] (0.00000021)
[  1  3  0  1  0  0  0  0  0 ] (0.00000019)
[  1  3  1  0  0  0  0  0  0 ] (0.00000001)
[  1  4  0  0  0  0  0  0  0 ] (0.00000002)
[  2  0  0  0  0  0  0  0  0 ] (0.00000755)
[  2  0  0  0  0  0  0  0  1 ] (0.00001397)
[  2  0  0  0  0  0  0  0  2 ] (0.00005048)
[  2  0  0  0  0  0  0  0  3 ] (0.00011490)
[  2  0  0  0  0  0  0  1  0 ] (0.00000073)
[  2  0  0  0  0  0  0  1  1 ] (0.00004420)
[  2  0  0  0  0  0  0  1  2 ] (0.00002893)
[  2  0  0  0  0  0  0  2  0 ] (0.00131958)
[  2  0  0  0  0  0  0  2  1 ] (0.00434455)
[  2  0  0  0  0  0  0  3  0 ] (0.00014385)
[  2  0  0  0  0  0  1  0  0 ] (0.00001053)
[  2  0  0  0  0  0  1  0  1 ] (0.00004123)
[  2  0  0  0  0  0  1  0  2 ] (0.00000101)
[  2  0  0  0  0  0  1  1  0 ] (0.00001639)
[  2  0  0  0  0  0  1  1  1 ] (0.00006930)
[  2  0  0  0  0  0  1  2  0 ] (0.00232601)
[  2  0  0  0  0  0  2  0  0 ] (0.00000231)
[  2  0  0  0  0  0  2  0  1 ] (0.00000026)
[  2  0  0  0  0  0  2  1  0 ] (0.00001945)
[  2  0  0  0  0  0  3  0  0 ] (0.00000694)
[  2  0  0  0  0  1  0  0  0 ] (0.00000018)
[  2  0  0  0  0  1  0  0  1 ] (0.00000076)
[  2  0  0  0  0  1  0  0  2 ] (0.00001086)
[  2  0  0  0  0  1  0  1  0 ] (0.00009388)
[  2  0  0  0  0  1  0  1  1 ] (0.00084497)
[  2  0  0  0  0  1  0  2  0 ] (0.00006277)
[  2  0  0  0  0  1  1  0  0 ] (0.00000458)
[  2  0  0  0  0  1  1  0  1 ] (0.00000100)
[  2  0  0  0  0  1  1  1  0 ] (0.00003878)
[  2  0  0  0  0  1  2  0  0 ] (0.00000744)
[  2  0  0  0  0  2  0  0  0 ] (0.00000053)
[  2  0  0  0  0  2  0  0  1 ] (0.00000003)
[  2  0  0  0  0  2  0  1  0 ] (0.00000013)
[  2  0  0  0  0  2  1  0  0 ] (0.00000007)
[  2  0  0  0  0  3  0  0  0 ] (0.00000020)
[  2  0  0  0  1  0  0  0  0 ] (0.00000113)
[  2  0  0  0  1  0  0  0  1 ] (0.00000837)
[  2  0  0  0  1  0  0  0  2 ] (0.00000793)
[  2  0  0  0  1  0  0  1  0 ] (0.00009743)
[  2  0  0  0  1  0  0  1  1 ] (0.00037958)
[  2  0  0  0  1  0  0  2  0 ] (0.00000383)
[  2  0  0  0  1  0  1  0  0 ] (0.00001041)
[  2  0  0  0  1  0  1  0  1 ] (0.00003933)
[  2  0  0  0  1  0  1  1  0 ] (0.00046789)
[  2  0  0  0  1  0  2  0  0 ] (0.00000026)
[  2  0  0  0  1  1  0  0  0 ] (0.00000938)
[  2  0  0  0  1  1  0  0  1 ] (0.00001033)
[  2  0  0  0  1  1  0  1  0 ] (0.00003029)
[  2  0  0  0  1  1  1  0  0 ] (0.00002981)
[  2  0  0  0  1  2  0  0  0 ] (0.00000052)
[  2  0  0  0  2  0  0  0  0 ] (0.00000077)
[  2  0  0  0  2  0  0  0  1 ] (0.00000147)
[  2  0  0  0  2  0  0  1  0 ] (0.00000005)
[  2  0  0  0  2  0  1  0  0 ] (0.00000003)
[  2  0  0  0  2  1  0  0  0 ] (0.00000073)
[  2  0  0  0  3  0  0  0  0 ] (0.00000123)
[  2  0  0  1  0  0  0  0  0 ] (0.00000001)
[  2  0  0  1  0  0  0  0  1 ] (0.00000062)
[  2  0  0  1  0  0  0  0  2 ] (0.00000327)
[  2  0  0  1  0  0  0  1  0 ] (0.00000119)
[  2  0  0  1  0  0  0  1  1 ] (0.00003330)
[  2  0  0  1  0  0  0  2  0 ] (0.00001215)
[  2  0  0  1  0  0  1  0  0 ] (0.00000062)
[  2  0  0  1  0  0  1  0  1 ] (0.00001565)
[  2  0  0  1  0  0  1  1  0 ] (0.00000471)
[  2  0  0  1  0  0  2  0  0 ] (0.00000046)
[  2  0  0  1  0  1  0  0  0 ] (0.00000001)
[  2  0  0  1  0  1  0  0  1 ] (0.00000003)
[  2  0  0  1  0  1  0  1  0 ] (0.00000587)
[  2  0  0  1  0  1  1  0  0 ] (0.00000367)
[  2  0  0  1  0  2  0  0  0 ] (0.00000014)
[  2  0  0  1  1  0  0  0  0 ] (0.00000012)
[  2  0  0  1  1  0  0  0  1 ] (0.00000027)
[  2  0  0  1  1  0  0  1  0 ] (0.00000000)
[  2  0  0  1  1  0  1  0  0 ] (0.00000625)
[  2  0  0  1  1  1  0  0  0 ] (0.00000125)
[  2  0  0  1  2  0  0  0  0 ] (0.00000001)
[  2  0  0  2  0  0  0  0  0 ] (0.00000009)
[  2  0  0  2  0  0  0  0  1 ] (0.00000483)
[  2  0  0  2  0  0  0  1  0 ] (0.00000031)
[  2  0  0  2  0  0  1  0  0 ] (0.00000001)
[  2  0  0  2  0  1  0  0  0 ] (0.00000045)
[  2  0  0  2  1  0  0  0  0 ] (0.00000002)
[  2  0  0  3  0  0  0  0  0 ] (0.00000004)
[  2  0  1  0  0  0  0  0  0 ] (0.00000045)
[  2  0  1  0  0  0  0  0  1 ] (0.00000167)
[  2  0  1  0  0  0  0  0  2 ] (0.00000002)
[  2  0  1  0  0  0  0  1  0 ] (0.00000000)
[  2  0  1  0  0  0  0  1  1 ] (0.00000792)
[  2  0  1  0  0  0  0  2  0 ] (0.00000454)
[  2  0  1  0  0  0  1  0  0 ] (0.00000202)
[  2  0  1  0  0  0  1  0  1 ] (0.00000652)
[  2  0  1  0  0  0  1  1  0 ] (0.00000000)
[  2  0  1  0  0  0  2  0  0 ] (0.00000358)
[  2  0  1  0  0  1  0  0  0 ] (0.00000004)
[  2  0  1  0  0  1  0  0  1 ] (0.00000083)
[  2  0  1  0  0  1  0  1  0 ] (0.00000609)
[  2  0  1  0  0  1  1  0  0 ] (0.00000272)
[  2  0  1  0  0  2  0  0  0 ] (0.00000205)
[  2  0  1  0  1  0  0  0  0 ] (0.00000008)
[  2  0  1  0  1  0  0  0  1 ] (0.00000100)
[  2  0  1  0  1  0  0  1  0 ] (0.00000036)
[  2  0  1  0  1  0  1  0  0 ] (0.00000330)
[  2  0  1  0  1  1  0  0  0 ] (0.00000002)
[  2  0  1  0  2  0  0  0  0 ] (0.00000005)
[  2  0  1  1  0  0  0  0  0 ] (0.00000000)
[  2  0  1  1  0  0  0  0  1 ] (0.00000022)
[  2  0  1  1  0  0  0  1  0 ] (0.00000004)
[  2  0  1  1  0  0  1  0  0 ] (0.00000086)
[  2  0  1  1  0  1  0  0  0 ] (0.00000000)
[  2  0  1  1  1  0  0  0  0 ] (0.00000002)
[  2  0  1  2  0  0  0  0  0 ] (0.00000058)
[  2  0  2  0  0  0  0  0  0 ] (0.00000001)
[  2  0  2  0  0  0  0  0  1 ] (0.00000014)
[  2  0  2  0  0  0  0  1  0 ] (0.00000100)
[  2  0  2  0  0  0  1  0  0 ] (0.00000027)
[  2  0  2  0  0  1  0  0  0 ] (0.00000000)
[  2  0  2  0  1  0  0  0  0 ] (0.00000004)
[  2  0  2  1  0  0  0  0  0 ] (0.00000000)
[  2  0  3  0  0  0  0  0  0 ] (0.00000009)
[  2  1  0  0  0  0  0  0  0 ] (0.00000073)
[  2  1  0  0  0  0  0  0  1 ] (0.00000366)
[  2  1  0  0  0  0  0  0  2 ] (0.00000000)
[  2  1  0  0  0  0  0  1  0 ] (0.00000855)
[  2  1  0  0  0  0  0  1  1 ] (0.00011631)
[  2  1  0  0  0  0  0  2  0 ] (0.00000152)
[  2  1  0  0  0  0  1  0  0 ] (0.00000295)
[  2  1  0  0  0  0  1  0  1 ] (0.00000351)
[  2  1  0  0  0  0  1  1  0 ] (0.00000046)
[  2  1  0  0  0  0  2  0  0 ] (0.00000160)
[  2  1  0  0  0  1  0  0  0 ] (0.00000019)
[  2  1  0  0  0  1  0  0  1 ] (0.00000021)
[  2  1  0  0  0  1  0  1  0 ] (0.00001890)
[  2  1  0  0  0  1  1  0  0 ] (0.00000016)
[  2  1  0  0  0  2  0  0  0 ] (0.00000024)
[  2  1  0  0  1  0  0  0  0 ] (0.00000026)
[  2  1  0  0  1  0  0  0  1 ] (0.00000284)
[  2  1  0  0  1  0  0  1  0 ] (0.00000057)
[  2  1  0  0  1  0  1  0  0 ] (0.00000056)
[  2  1  0  0  1  1  0  0  0 ] (0.00000147)
[  2  1  0  0  2  0  0  0  0 ] (0.00000025)
[  2  1  0  1  0  0  0  0  0 ] (0.00000065)
[  2  1  0  1  0  0  0  0  1 ] (0.00000083)
[  2  1  0  1  0  0  0  1  0 ] (0.00000029)
[  2  1  0  1  0  0  1  0  0 ] (0.00001181)
[  2  1  0  1  0  1  0  0  0 ] (0.00000073)
[  2  1  0  1  1  0  0  0  0 ] (0.00000003)
[  2  1  0  2  0  0  0  0  0 ] (0.00000005)
[  2  1  1  0  0  0  0  0  0 ] (0.00000006)
[  2  1  1  0  0  0  0  0  1 ] (0.00000087)
[  2  1  1  0  0  0  0  1  0 ] (0.00000001)
[  2  1  1  0  0  0  1  0  0 ] (0.00000181)
[  2  1  1  0  0  1  0  0  0 ] (0.00000059)
[  2  1  1  0  1  0  0  0  0 ] (0.00000053)
[  2  1  1  1  0  0  0  0  0 ] (0.00000050)
[  2  1  2  0  0  0  0  0  0 ] (0.00000010)
[  2  2  0  0  0  0  0  0  0 ] (0.00000007)
[  2  2  0  0  0  0  0  0  1 ] (0.00000013)
[  2  2  0  0  0  0  0  1  0 ] (0.00000006)
[  2  2  0  0  0  0  1  0  0 ] (0.00000000)
[  2  2  0  0  0  1  0  0  0 ] (0.00000003)
[  2  2  0  0  1  0  0  0  0 ] (0.00000006)
[  2  2  0  1  0  0  0  0  0 ] (0.00000010)
[  2  2  1  0  0  0  0  0  0 ] (0.00000004)
[  2  3  0  0  0  0  0  0  0 ] (0.00000012)
[  3  0  0  0  0  0  0  0  0 ] (0.00000005)
[  3  0  0  0  0  0  0  0  1 ] (0.00000002)
[  3  0  0  0  0  0  0  0  2 ] (0.00000082)
[  3  0  0  0  0  0  0  1  0 ] (0.00000073)
[  3  0  0  0  0  0  0  1  1 ] (0.00000562)
[  3  0  0  0  0  0  0  2  0 ] (0.00000957)
[  3  0  0  0  0  0  1  0  0 ] (0.00000124)
[  3  0  0  0  0  0  1  0  1 ] (0.00000208)
[  3  0  0  0  0  0  1  1  0 ] (0.00000013)
[  3  0  0  0  0  0  2  0  0 ] (0.00000128)
[  3  0  0  0  0  1  0  0  0 ] (0.00000007)
[  3  0  0  0  0  1  0  0  1 ] (0.00000023)
[  3  0  0  0  0  1  0  1  0 ] (0.00000095)
[  3  0  0  0  0  1  1  0  0 ] (0.00000018)
[  3  0  0  0  0  2  0  0  0 ] (0.00000008)
[  3  0  0  0  1  0  0  0  0 ] (0.00000018)
[  3  0  0  0  1  0  0  0  1 ] (0.00000252)
[  3  0  0  0  1  0  0  1  0 ] (0.00000467)
[  3  0  0  0  1  0  1  0  0 ] (0.00000087)
[  3  0  0  0  1  1  0  0  0 ] (0.00000082)
[  3  0  0  0  2  0  0  0  0 ] (0.00000000)
[  3  0  0  1  0  0  0  0  0 ] (0.00000002)
[  3  0  0  1  0  0  0  0  1 ] (0.00000000)
[  3  0  0  1  0  0  0  1  0 ] (0.00000002)
[  3  0  0  1  0  0  1  0  0 ] (0.00000052)
[  3  0  0  1  0  1  0  0  0 ] (0.00000009)
[  3  0  0  1  1  0  0  0  0 ] (0.00000006)
[  3  0  0  2  0  0  0  0  0 ] (0.00000001)
[  3  0  1  0  0  0  0  0  0 ] (0.00000003)
[  3  0  1  0  0  0  0  0  1 ] (0.00000030)
[  3  0  1  0  0  0  0  1  0 ] (0.00000014)
[  3  0  1  0  0  0  1  0  0 ] (0.00000002)
[  3  0  1  0  0  1  0  0  0 ] (0.00000000)
[  3  0  1  0  1  0  0  0  0 ] (0.00000000)
[  3  0  1  1  0  0  0  0  0 ] (0.00000001)
[  3  0  2  0  0  0  0  0  0 ] (0.00000000)
[  3  1  0  0  0  0  0  0  0 ] (0.00000011)
[  3  1  0  0  0  0  0  0  1 ] (0.00000064)
[  3  1  0  0  0  0  0  1  0 ] (0.00000394)
[  3  1  0  0  0  0  1  0  0 ] (0.00000050)
[  3  1  0  0  0  1  0  0  0 ] (0.00000000)
[  3  1  0  0  1  0  0  0  0 ] (0.00000016)
[  3  1  0  1  0  0  0  0  0 ] (0.00000000)
[  3  1  1  0  0  0  0  0  0 ] (0.00000004)
[  3  2  0  0  0  0  0  0  0 ] (0.00000000)
[  4  0  0  0  0  0  0  0  0 ] (0.00000063)
[  4  0  0  0  0  0  0  0  1 ] (0.00000025)
[  4  0  0  0  0  0  0  1  0 ] (0.00000109)
[  4  0  0  0  0  0  1  0  0 ] (0.00000032)
[  4  0  0  0  0  1  0  0  0 ] (0.00000153)
[  4  0  0  0  1  0  0  0  0 ] (0.00000053)
[  4  0  0  1  0  0  0  0  0 ] (0.00000029)
[  4  0  1  0  0  0  0  0  0 ] (0.00000011)
[  4  1  0  0  0  0  0  0  0 ] (0.00000002)
[  5  0  0  0  0  0  0  0  0 ] (0.00000010)
