|  -974.417128790968 |   186.474301363109 

[  0  0  0  0  0  0  0  0  0 ] (0.00000605)
[  0  0  0  0  0  0  0  0  1 ] (0.00000022)
[  0  0  0  0  0  0  0  0  2 ] (0.00001040)
[  0  0  0  0  0  0  0  0  3 ] (0.00000416)
[  0  0  0  0  0  0  0  0  4 ] (0.00000002)
[  0  0  0  0  0  0  0  0  5 ] (0.00000009)
[  0  0  0  0  0  0  0  1  0 ] (0.00010694)
[  0  0  0  0  0  0  0  1  1 ] (0.00471667)
[  0  0  0  0  0  0  0  1  2 ] (0.00014217)
[  0  0  0  0  0  0  0  1  3 ] (0.00004849)
[  0  0  0  0  0  0  0  1  4 ] (0.00000045)
[  0  0  0  0  0  0  0  2  0 ] (0.00000438)
[  0  0  0  0  0  0  0  2  1 ] (0.00000018)
[  0  0  0  0  0  0  0  2  2 ] (0.00000188)
[  0  0  0  0  0  0  0  2  3 ] (0.00000023)
[  0  0  0  0  0  0  0  3  0 ] (0.00004889)
[  0  0  0  0  0  0  0  3  1 ] (0.00000264)
[  0  0  0  0  0  0  0  3  2 ] (0.00000062)
[  0  0  0  0  0  0  0  4  0 ] (0.00013703)
[  0  0  0  0  0  0  0  4  1 ] (0.00003149)
[  0  0  0  0  0  0  0  5  0 ] (0.00000001)
[  0  0  0  0  0  0  1  0  0 ] (0.00000005)
[  0  0  0  0  0  0  1  0  1 ] (0.00017340)
[  0  0  0  0  0  0  1  0  2 ] (0.00000525)
[  0  0  0  0  0  0  1  0  3 ] (0.00000381)
[  0  0  0  0  0  0  1  0  4 ] (0.00000005)
[  0  0  0  0  0  0  1  1  0 ] (0.00000001)
[  0  0  0  0  0  0  1  1  1 ] (0.00010494)
[  0  0  0  0  0  0  1  1  2 ] (0.00000000)
[  0  0  0  0  0  0  1  1  3 ] (0.00000011)
[  0  0  0  0  0  0  1  2  0 ] (0.00000341)
[  0  0  0  0  0  0  1  2  1 ] (0.00000058)
[  0  0  0  0  0  0  1  2  2 ] (0.00000039)
[  0  0  0  0  0  0  1  3  0 ] (0.00000638)
[  0  0  0  0  0  0  1  3  1 ] (0.00000110)
[  0  0  0  0  0  0  1  4  0 ] (0.00000325)
[  0  0  0  0  0  0  2  0  0 ] (0.00003095)
[  0  0  0  0  0  0  2  0  1 ] (0.00000573)
[  0  0  0  0  0  0  2  0  2 ] (0.00000030)
[  0  0  0  0  0  0  2  0  3 ] (0.00000006)
[  0  0  0  0  0  0  2  1  0 ] (0.00007688)
[  0  0  0  0  0  0  2  1  1 ] (0.00001335)
[  0  0  0  0  0  0  2  1  2 ] (0.00000247)
[  0  0  0  0  0  0  2  2  0 ] (0.00000431)
[  0  0  0  0  0  0  2  2  1 ] (0.00000095)
[  0  0  0  0  0  0  2  3  0 ] (0.00000084)
[  0  0  0  0  0  0  3  0  0 ] (0.00006328)
[  0  0  0  0  0  0  3  0  1 ] (0.00000053)
[  0  0  0  0  0  0  3  0  2 ] (0.00000059)
[  0  0  0  0  0  0  3  1  0 ] (0.00003306)
[  0  0  0  0  0  0  3  1  1 ] (0.00000244)
[  0  0  0  0  0  0  3  2  0 ] (0.00000053)
[  0  0  0  0  0  0  4  0  0 ] (0.00001004)
[  0  0  0  0  0  0  4  0  1 ] (0.00000406)
[  0  0  0  0  0  0  4  1  0 ] (0.00000475)
[  0  0  0  0  0  0  5  0  0 ] (0.00000011)
[  0  0  0  0  0  1  0  0  0 ] (0.00002201)
[  0  0  0  0  0  1  0  0  1 ] (0.00004516)
[  0  0  0  0  0  1  0  0  2 ] (0.00023092)
[  0  0  0  0  0  1  0  0  3 ] (0.00000942)
[  0  0  0  0  0  1  0  0  4 ] (0.00000095)
[  0  0  0  0  0  1  0  1  0 ] (0.00003562)
[  0  0  0  0  0  1  0  1  1 ] (0.00000760)
[  0  0  0  0  0  1  0  1  2 ] (0.00000242)
[  0  0  0  0  0  1  0  1  3 ] (0.00000002)
[  0  0  0  0  0  1  0  2  0 ] (0.00073605)
[  0  0  0  0  0  1  0  2  1 ] (0.00006253)
[  0  0  0  0  0  1  0  2  2 ] (0.00000006)
[  0  0  0  0  0  1  0  3  0 ] (0.00000400)
[  0  0  0  0  0  1  0  3  1 ] (0.00000000)
[  0  0  0  0  0  1  0  4  0 ] (0.00000000)
[  0  0  0  0  0  1  1  0  0 ] (0.00003583)
[  0  0  0  0  0  1  1  0  1 ] (0.00001500)
[  0  0  0  0  0  1  1  0  2 ] (0.00000042)
[  0  0  0  0  0  1  1  0  3 ] (0.00000006)
[  0  0  0  0  0  1  1  1  0 ] (0.00006565)
[  0  0  0  0  0  1  1  1  1 ] (0.00000936)
[  0  0  0  0  0  1  1  1  2 ] (0.00000008)
[  0  0  0  0  0  1  1  2  0 ] (0.00008582)
[  0  0  0  0  0  1  1  2  1 ] (0.00000413)
[  0  0  0  0  0  1  1  3  0 ] (0.00000001)
[  0  0  0  0  0  1  2  0  0 ] (0.00000020)
[  0  0  0  0  0  1  2  0  1 ] (0.00000209)
[  0  0  0  0  0  1  2  0  2 ] (0.00000115)
[  0  0  0  0  0  1  2  1  0 ] (0.00000000)
[  0  0  0  0  0  1  2  1  1 ] (0.00000001)
[  0  0  0  0  0  1  2  2  0 ] (0.00000043)
[  0  0  0  0  0  1  3  0  0 ] (0.00000098)
[  0  0  0  0  0  1  3  0  1 ] (0.00000091)
[  0  0  0  0  0  1  3  1  0 ] (0.00000000)
[  0  0  0  0  0  1  4  0  0 ] (0.00000801)
[  0  0  0  0  0  2  0  0  0 ] (0.00000265)
[  0  0  0  0  0  2  0  0  1 ] (0.00016884)
[  0  0  0  0  0  2  0  0  2 ] (0.00000419)
[  0  0  0  0  0  2  0  0  3 ] (0.00000011)
[  0  0  0  0  0  2  0  1  0 ] (0.00001036)
[  0  0  0  0  0  2  0  1  1 ] (0.00000308)
[  0  0  0  0  0  2  0  1  2 ] (0.00000000)
[  0  0  0  0  0  2  0  2  0 ] (0.00000094)
[  0  0  0  0  0  2  0  2  1 ] (0.00000003)
[  0  0  0  0  0  2  0  3  0 ] (0.00000197)
[  0  0  0  0  0  2  1  0  0 ] (0.00001858)
[  0  0  0  0  0  2  1  0  1 ] (0.00001039)
[  0  0  0  0  0  2  1  0  2 ] (0.00000000)
[  0  0  0  0  0  2  1  1  0 ] (0.00000753)
[  0  0  0  0  0  2  1  1  1 ] (0.00000037)
[  0  0  0  0  0  2  1  2  0 ] (0.00000017)
[  0  0  0  0  0  2  2  0  0 ] (0.00015818)
[  0  0  0  0  0  2  2  0  1 ] (0.00000654)
[  0  0  0  0  0  2  2  1  0 ] (0.00000764)
[  0  0  0  0  0  2  3  0  0 ] (0.00001827)
[  0  0  0  0  0  3  0  0  0 ] (0.00000533)
[  0  0  0  0  0  3  0  0  1 ] (0.00007019)
[  0  0  0  0  0  3  0  0  2 ] (0.00000187)
[  0  0  0  0  0  3  0  1  0 ] (0.00000443)
[  0  0  0  0  0  3  0  1  1 ] (0.00000017)
[  0  0  0  0  0  3  0  2  0 ] (0.00000069)
[  0  0  0  0  0  3  1  0  0 ] (0.00027749)
[  0  0  0  0  0  3  1  0  1 ] (0.00000473)
[  0  0  0  0  0  3  1  1  0 ] (0.00000012)
[  0  0  0  0  0  3  2  0  0 ] (0.00000368)
[  0  0  0  0  0  4  0  0  0 ] (0.00066369)
[  0  0  0  0  0  4  0  0  1 ] (0.00000750)
[  0  0  0  0  0  4  0  1  0 ] (0.00000000)
[  0  0  0  0  0  4  1  0  0 ] (0.00001639)
[  0  0  0  0  0  5  0  0  0 ] (0.00002134)
[  0  0  0  0  1  0  0  0  0 ] (0.00001314)
[  0  0  0  0  1  0  0  0  1 ] (0.00014600)
[  0  0  0  0  1  0  0  0  2 ] (0.00001760)
[  0  0  0  0  1  0  0  0  3 ] (0.00004172)
[  0  0  0  0  1  0  0  0  4 ] (0.00000037)
[  0  0  0  0  1  0  0  1  0 ] (0.00001285)
[  0  0  0  0  1  0  0  1  1 ] (0.00023848)
[  0  0  0  0  1  0  0  1  2 ] (0.00000022)
[  0  0  0  0  1  0  0  1  3 ] (0.00000005)
[  0  0  0  0  1  0  0  2  0 ] (0.00000564)
[  0  0  0  0  1  0  0  2  1 ] (0.00000585)
[  0  0  0  0  1  0  0  2  2 ] (0.00000002)
[  0  0  0  0  1  0  0  3  0 ] (0.00001228)
[  0  0  0  0  1  0  0  3  1 ] (0.00000077)
[  0  0  0  0  1  0  0  4  0 ] (0.00000901)
[  0  0  0  0  1  0  1  0  0 ] (0.00000640)
[  0  0  0  0  1  0  1  0  1 ] (0.00015498)
[  0  0  0  0  1  0  1  0  2 ] (0.00000019)
[  0  0  0  0  1  0  1  0  3 ] (0.00000604)
[  0  0  0  0  1  0  1  1  0 ] (0.00023293)
[  0  0  0  0  1  0  1  1  1 ] (0.00001488)
[  0  0  0  0  1  0  1  1  2 ] (0.00000002)
[  0  0  0  0  1  0  1  2  0 ] (0.00000005)
[  0  0  0  0  1  0  1  2  1 ] (0.00000034)
[  0  0  0  0  1  0  1  3  0 ] (0.00000000)
[  0  0  0  0  1  0  2  0  0 ] (0.00022209)
[  0  0  0  0  1  0  2  0  1 ] (0.00002307)
[  0  0  0  0  1  0  2  0  2 ] (0.00000678)
[  0  0  0  0  1  0  2  1  0 ] (0.00000046)
[  0  0  0  0  1  0  2  1  1 ] (0.00001004)
[  0  0  0  0  1  0  2  2  0 ] (0.00000035)
[  0  0  0  0  1  0  3  0  0 ] (0.00000303)
[  0  0  0  0  1  0  3  0  1 ] (0.00000281)
[  0  0  0  0  1  0  3  1  0 ] (0.00000227)
[  0  0  0  0  1  0  4  0  0 ] (0.00000110)
[  0  0  0  0  1  1  0  0  0 ] (0.00006417)
[  0  0  0  0  1  1  0  0  1 ] (0.00251109)
[  0  0  0  0  1  1  0  0  2 ] (0.00004716)
[  0  0  0  0  1  1  0  0  3 ] (0.00001075)
[  0  0  0  0  1  1  0  1  0 ] (0.00027281)
[  0  0  0  0  1  1  0  1  1 ] (0.00002809)
[  0  0  0  0  1  1  0  1  2 ] (0.00000014)
[  0  0  0  0  1  1  0  2  0 ] (0.00003129)
[  0  0  0  0  1  1  0  2  1 ] (0.00000279)
[  0  0  0  0  1  1  0  3  0 ] (0.00001358)
[  0  0  0  0  1  1  1  0  0 ] (0.00000805)
[  0  0  0  0  1  1  1  0  1 ] (0.00000741)
[  0  0  0  0  1  1  1  0  2 ] (0.00000060)
[  0  0  0  0  1  1  1  1  0 ] (0.00005573)
[  0  0  0  0  1  1  1  1  1 ] (0.00000258)
[  0  0  0  0  1  1  1  2  0 ] (0.00000041)
[  0  0  0  0  1  1  2  0  0 ] (0.00021048)
[  0  0  0  0  1  1  2  0  1 ] (0.00000552)
[  0  0  0  0  1  1  2  1  0 ] (0.00000063)
[  0  0  0  0  1  1  3  0  0 ] (0.00002038)
[  0  0  0  0  1  2  0  0  0 ] (0.00000429)
[  0  0  0  0  1  2  0  0  1 ] (0.00020392)
[  0  0  0  0  1  2  0  0  2 ] (0.00000221)
[  0  0  0  0  1  2  0  1  0 ] (0.00000347)
[  0  0  0  0  1  2  0  1  1 ] (0.00000265)
[  0  0  0  0  1  2  0  2  0 ] (0.00000032)
[  0  0  0  0  1  2  1  0  0 ] (0.00000534)
[  0  0  0  0  1  2  1  0  1 ] (0.00001214)
[  0  0  0  0  1  2  1  1  0 ] (0.00001291)
[  0  0  0  0  1  2  2  0  0 ] (0.00000768)
[  0  0  0  0  1  3  0  0  0 ] (0.00002800)
[  0  0  0  0  1  3  0  0  1 ] (0.00002754)
[  0  0  0  0  1  3  0  1  0 ] (0.00000025)
[  0  0  0  0  1  3  1  0  0 ] (0.00000266)
[  0  0  0  0  1  4  0  0  0 ] (0.00000002)
[  0  0  0  0  2  0  0  0  0 ] (0.00000828)
[  0  0  0  0  2  0  0  0  1 ] (0.00044974)
[  0  0  0  0  2  0  0  0  2 ] (0.00001360)
[  0  0  0  0  2  0  0  0  3 ] (0.00000027)
[  0  0  0  0  2  0  0  1  0 ] (0.00000584)
[  0  0  0  0  2  0  0  1  1 ] (0.00000670)
[  0  0  0  0  2  0  0  1  2 ] (0.00000020)
[  0  0  0  0  2  0  0  2  0 ] (0.00001030)
[  0  0  0  0  2  0  0  2  1 ] (0.00000206)
[  0  0  0  0  2  0  0  3  0 ] (0.00000930)
[  0  0  0  0  2  0  1  0  0 ] (0.00047823)
[  0  0  0  0  2  0  1  0  1 ] (0.00000283)
[  0  0  0  0  2  0  1  0  2 ] (0.00000093)
[  0  0  0  0  2  0  1  1  0 ] (0.00000222)
[  0  0  0  0  2  0  1  1  1 ] (0.00000010)
[  0  0  0  0  2  0  1  2  0 ] (0.00000257)
[  0  0  0  0  2  0  2  0  0 ] (0.01426765)
[  0  0  0  0  2  0  2  0  1 ] (0.00167975)
[  0  0  0  0  2  0  2  1  0 ] (0.00000043)
[  0  0  0  0  2  0  3  0  0 ] (0.00000000)
[  0  0  0  0  2  1  0  0  0 ] (0.00004205)
[  0  0  0  0  2  1  0  0  1 ] (0.00004038)
[  0  0  0  0  2  1  0  0  2 ] (0.00000250)
[  0  0  0  0  2  1  0  1  0 ] (0.00000018)
[  0  0  0  0  2  1  0  1  1 ] (0.00000365)
[  0  0  0  0  2  1  0  2  0 ] (0.00000283)
[  0  0  0  0  2  1  1  0  0 ] (0.00021591)
[  0  0  0  0  2  1  1  0  1 ] (0.00000591)
[  0  0  0  0  2  1  1  1  0 ] (0.00001026)
[  0  0  0  0  2  1  2  0  0 ] (0.00105806)
[  0  0  0  0  2  2  0  0  0 ] (0.00017977)
[  0  0  0  0  2  2  0  0  1 ] (0.00000377)
[  0  0  0  0  2  2  0  1  0 ] (0.00000012)
[  0  0  0  0  2  2  1  0  0 ] (0.00000143)
[  0  0  0  0  2  3  0  0  0 ] (0.00000211)
[  0  0  0  0  3  0  0  0  0 ] (0.00005518)
[  0  0  0  0  3  0  0  0  1 ] (0.00001551)
[  0  0  0  0  3  0  0  0  2 ] (0.00000083)
[  0  0  0  0  3  0  0  1  0 ] (0.00040546)
[  0  0  0  0  3  0  0  1  1 ] (0.00002291)
[  0  0  0  0  3  0  0  2  0 ] (0.00000878)
[  0  0  0  0  3  0  1  0  0 ] (0.00055141)
[  0  0  0  0  3  0  1  0  1 ] (0.00002478)
[  0  0  0  0  3  0  1  1  0 ] (0.00000961)
[  0  0  0  0  3  0  2  0  0 ] (0.00007661)
[  0  0  0  0  3  1  0  0  0 ] (0.00026807)
[  0  0  0  0  3  1  0  0  1 ] (0.00000071)
[  0  0  0  0  3  1  0  1  0 ] (0.00001792)
[  0  0  0  0  3  1  1  0  0 ] (0.00001895)
[  0  0  0  0  3  2  0  0  0 ] (0.00245859)
[  0  0  0  0  4  0  0  0  0 ] (0.00029904)
[  0  0  0  0  4  0  0  0  1 ] (0.00000293)
[  0  0  0  0  4  0  0  1  0 ] (0.00000511)
[  0  0  0  0  4  0  1  0  0 ] (0.00008512)
[  0  0  0  0  4  1  0  0  0 ] (0.00171358)
[  0  0  0  0  5  0  0  0  0 ] (0.00005317)
[  0  0  0  1  0  0  0  0  0 ] (0.00000075)
[  0  0  0  1  0  0  0  0  1 ] (0.00039099)
[  0  0  0  1  0  0  0  0  2 ] (0.00770133)
[  0  0  0  1  0  0  0  0  3 ] (0.00000248)
[  0  0  0  1  0  0  0  0  4 ] (0.00000021)
[  0  0  0  1  0  0  0  1  0 ] (0.00000012)
[  0  0  0  1  0  0  0  1  1 ] (0.00001315)
[  0  0  0  1  0  0  0  1  2 ] (0.00000000)
[  0  0  0  1  0  0  0  1  3 ] (0.00000002)
[  0  0  0  1  0  0  0  2  0 ] (0.00004019)
[  0  0  0  1  0  0  0  2  1 ] (0.00002521)
[  0  0  0  1  0  0  0  2  2 ] (0.00000059)
[  0  0  0  1  0  0  0  3  0 ] (0.00007808)
[  0  0  0  1  0  0  0  3  1 ] (0.00000485)
[  0  0  0  1  0  0  0  4  0 ] (0.00000360)
[  0  0  0  1  0  0  1  0  0 ] (0.00005469)
[  0  0  0  1  0  0  1  0  1 ] (0.00013271)
[  0  0  0  1  0  0  1  0  2 ] (0.00000001)
[  0  0  0  1  0  0  1  0  3 ] (0.00000120)
[  0  0  0  1  0  0  1  1  0 ] (0.00001953)
[  0  0  0  1  0  0  1  1  1 ] (0.00000160)
[  0  0  0  1  0  0  1  1  2 ] (0.00000002)
[  0  0  0  1  0  0  1  2  0 ] (0.00000054)
[  0  0  0  1  0  0  1  2  1 ] (0.00000007)
[  0  0  0  1  0  0  1  3  0 ] (0.00000159)
[  0  0  0  1  0  0  2  0  0 ] (0.00000379)
[  0  0  0  1  0  0  2  0  1 ] (0.00001790)
[  0  0  0  1  0  0  2  0  2 ] (0.00000057)
[  0  0  0  1  0  0  2  1  0 ] (0.00000035)
[  0  0  0  1  0  0  2  1  1 ] (0.00000008)
[  0  0  0  1  0  0  2  2  0 ] (0.00000007)
[  0  0  0  1  0  0  3  0  0 ] (0.00002590)
[  0  0  0  1  0  0  3  0  1 ] (0.00000931)
[  0  0  0  1  0  0  3  1  0 ] (0.00000240)
[  0  0  0  1  0  0  4  0  0 ] (0.00000314)
[  0  0  0  1  0  1  0  0  0 ] (0.00000486)
[  0  0  0  1  0  1  0  0  1 ] (0.00303531)
[  0  0  0  1  0  1  0  0  2 ] (0.00117406)
[  0  0  0  1  0  1  0  0  3 ] (0.00000376)
[  0  0  0  1  0  1  0  1  0 ] (0.00121615)
[  0  0  0  1  0  1  0  1  1 ] (0.00004800)
[  0  0  0  1  0  1  0  1  2 ] (0.00000013)
[  0  0  0  1  0  1  0  2  0 ] (0.00011352)
[  0  0  0  1  0  1  0  2  1 ] (0.00003496)
[  0  0  0  1  0  1  0  3  0 ] (0.00002214)
[  0  0  0  1  0  1  1  0  0 ] (0.00009794)
[  0  0  0  1  0  1  1  0  1 ] (0.00007702)
[  0  0  0  1  0  1  1  0  2 ] (0.00000538)
[  0  0  0  1  0  1  1  1  0 ] (0.00000022)
[  0  0  0  1  0  1  1  1  1 ] (0.00001752)
[  0  0  0  1  0  1  1  2  0 ] (0.00000209)
[  0  0  0  1  0  1  2  0  0 ] (0.00369519)
[  0  0  0  1  0  1  2  0  1 ] (0.00023850)
[  0  0  0  1  0  1  2  1  0 ] (0.00000107)
[  0  0  0  1  0  1  3  0  0 ] (0.00000153)
[  0  0  0  1  0  2  0  0  0 ] (0.00007302)
[  0  0  0  1  0  2  0  0  1 ] (0.00000692)
[  0  0  0  1  0  2  0  0  2 ] (0.00000000)
[  0  0  0  1  0  2  0  1  0 ] (0.00000932)
[  0  0  0  1  0  2  0  1  1 ] (0.00003454)
[  0  0  0  1  0  2  0  2  0 ] (0.00010163)
[  0  0  0  1  0  2  1  0  0 ] (0.02884370)
[  0  0  0  1  0  2  1  0  1 ] (0.00117673)
[  0  0  0  1  0  2  1  1  0 ] (0.00000682)
[  0  0  0  1  0  2  2  0  0 ] (0.00067537)
[  0  0  0  1  0  3  0  0  0 ] (0.00005987)
[  0  0  0  1  0  3  0  0  1 ] (0.00002693)
[  0  0  0  1  0  3  0  1  0 ] (0.00002288)
[  0  0  0  1  0  3  1  0  0 ] (0.00023646)
[  0  0  0  1  0  4  0  0  0 ] (0.00018892)
[  0  0  0  1  1  0  0  0  0 ] (0.00000050)
[  0  0  0  1  1  0  0  0  1 ] (0.00002722)
[  0  0  0  1  1  0  0  0  2 ] (0.00000093)
[  0  0  0  1  1  0  0  0  3 ] (0.00000117)
[  0  0  0  1  1  0  0  1  0 ] (0.00017431)
[  0  0  0  1  1  0  0  1  1 ] (0.00000136)
[  0  0  0  1  1  0  0  1  2 ] (0.00000012)
[  0  0  0  1  1  0  0  2  0 ] (0.00005766)
[  0  0  0  1  1  0  0  2  1 ] (0.00000557)
[  0  0  0  1  1  0  0  3  0 ] (0.00000847)
[  0  0  0  1  1  0  1  0  0 ] (0.00002168)
[  0  0  0  1  1  0  1  0  1 ] (0.00000339)
[  0  0  0  1  1  0  1  0  2 ] (0.00000016)
[  0  0  0  1  1  0  1  1  0 ] (0.00004897)
[  0  0  0  1  1  0  1  1  1 ] (0.00000016)
[  0  0  0  1  1  0  1  2  0 ] (0.00000798)
[  0  0  0  1  1  0  2  0  0 ] (0.00073924)
[  0  0  0  1  1  0  2  0  1 ] (0.00003111)
[  0  0  0  1  1  0  2  1  0 ] (0.00001497)
[  0  0  0  1  1  0  3  0  0 ] (0.00000309)
[  0  0  0  1  1  1  0  0  0 ] (0.00000083)
[  0  0  0  1  1  1  0  0  1 ] (0.00001128)
[  0  0  0  1  1  1  0  0  2 ] (0.00000242)
[  0  0  0  1  1  1  0  1  0 ] (0.00032700)
[  0  0  0  1  1  1  0  1  1 ] (0.00001480)
[  0  0  0  1  1  1  0  2  0 ] (0.00000044)
[  0  0  0  1  1  1  1  0  0 ] (0.00000266)
[  0  0  0  1  1  1  1  0  1 ] (0.00003814)
[  0  0  0  1  1  1  1  1  0 ] (0.00000579)
[  0  0  0  1  1  1  2  0  0 ] (0.00012321)
[  0  0  0  1  1  2  0  0  0 ] (0.00006943)
[  0  0  0  1  1  2  0  0  1 ] (0.00005184)
[  0  0  0  1  1  2  0  1  0 ] (0.00027479)
[  0  0  0  1  1  2  1  0  0 ] (0.00007397)
[  0  0  0  1  1  3  0  0  0 ] (0.00001402)
[  0  0  0  1  2  0  0  0  0 ] (0.00032846)
[  0  0  0  1  2  0  0  0  1 ] (0.00000525)
[  0  0  0  1  2  0  0  0  2 ] (0.00000049)
[  0  0  0  1  2  0  0  1  0 ] (0.00017786)
[  0  0  0  1  2  0  0  1  1 ] (0.00000118)
[  0  0  0  1  2  0  0  2  0 ] (0.00004081)
[  0  0  0  1  2  0  1  0  0 ] (0.02074448)
[  0  0  0  1  2  0  1  0  1 ] (0.00123540)
[  0  0  0  1  2  0  1  1  0 ] (0.00000467)
[  0  0  0  1  2  0  2  0  0 ] (0.00045621)
[  0  0  0  1  2  1  0  0  0 ] (0.00011522)
[  0  0  0  1  2  1  0  0  1 ] (0.00000663)
[  0  0  0  1  2  1  0  1  0 ] (0.00003236)
[  0  0  0  1  2  1  1  0  0 ] (0.00299618)
[  0  0  0  1  2  2  0  0  0 ] (0.00005602)
[  0  0  0  1  3  0  0  0  0 ] (0.00023216)
[  0  0  0  1  3  0  0  0  1 ] (0.00001712)
[  0  0  0  1  3  0  0  1  0 ] (0.00000166)
[  0  0  0  1  3  0  1  0  0 ] (0.00000443)
[  0  0  0  1  3  1  0  0  0 ] (0.00062549)
[  0  0  0  1  4  0  0  0  0 ] (0.00093418)
[  0  0  0  2  0  0  0  0  0 ] (0.00000657)
[  0  0  0  2  0  0  0  0  1 ] (0.00017264)
[  0  0  0  2  0  0  0  0  2 ] (0.00037041)
[  0  0  0  2  0  0  0  0  3 ] (0.00000816)
[  0  0  0  2  0  0  0  1  0 ] (0.00040476)
[  0  0  0  2  0  0  0  1  1 ] (0.00001231)
[  0  0  0  2  0  0  0  1  2 ] (0.00000436)
[  0  0  0  2  0  0  0  2  0 ] (0.00034131)
[  0  0  0  2  0  0  0  2  1 ] (0.00002451)
[  0  0  0  2  0  0  0  3  0 ] (0.00000193)
[  0  0  0  2  0  0  1  0  0 ] (0.00018115)
[  0  0  0  2  0  0  1  0  1 ] (0.00006174)
[  0  0  0  2  0  0  1  0  2 ] (0.00000056)
[  0  0  0  2  0  0  1  1  0 ] (0.00004392)
[  0  0  0  2  0  0  1  1  1 ] (0.00000220)
[  0  0  0  2  0  0  1  2  0 ] (0.00006493)
[  0  0  0  2  0  0  2  0  0 ] (0.00011791)
[  0  0  0  2  0  0  2  0  1 ] (0.00001555)
[  0  0  0  2  0  0  2  1  0 ] (0.00000139)
[  0  0  0  2  0  0  3  0  0 ] (0.00000000)
[  0  0  0  2  0  1  0  0  0 ] (0.00001859)
[  0  0  0  2  0  1  0  0  1 ] (0.00230743)
[  0  0  0  2  0  1  0  0  2 ] (0.00026393)
[  0  0  0  2  0  1  0  1  0 ] (0.00200002)
[  0  0  0  2  0  1  0  1  1 ] (0.00017111)
[  0  0  0  2  0  1  0  2  0 ] (0.00000003)
[  0  0  0  2  0  1  1  0  0 ] (0.00003024)
[  0  0  0  2  0  1  1  0  1 ] (0.00020260)
[  0  0  0  2  0  1  1  1  0 ] (0.00013065)
[  0  0  0  2  0  1  2  0  0 ] (0.00000070)
[  0  0  0  2  0  2  0  0  0 ] (0.00001268)
[  0  0  0  2  0  2  0  0  1 ] (0.00031974)
[  0  0  0  2  0  2  0  1  0 ] (0.00029109)
[  0  0  0  2  0  2  1  0  0 ] (0.00017035)
[  0  0  0  2  0  3  0  0  0 ] (0.00147974)
[  0  0  0  2  1  0  0  0  0 ] (0.00014118)
[  0  0  0  2  1  0  0  0  1 ] (0.00479394)
[  0  0  0  2  1  0  0  0  2 ] (0.00008003)
[  0  0  0  2  1  0  0  1  0 ] (0.00731405)
[  0  0  0  2  1  0  0  1  1 ] (0.00026736)
[  0  0  0  2  1  0  0  2  0 ] (0.00001537)
[  0  0  0  2  1  0  1  0  0 ] (0.00001422)
[  0  0  0  2  1  0  1  0  1 ] (0.00005643)
[  0  0  0  2  1  0  1  1  0 ] (0.00046891)
[  0  0  0  2  1  0  2  0  0 ] (0.00000001)
[  0  0  0  2  1  1  0  0  0 ] (0.00000008)
[  0  0  0  2  1  1  0  0  1 ] (0.00189970)
[  0  0  0  2  1  1  0  1  0 ] (0.00111472)
[  0  0  0  2  1  1  1  0  0 ] (0.00000735)
[  0  0  0  2  1  2  0  0  0 ] (0.00000024)
[  0  0  0  2  2  0  0  0  0 ] (0.00013935)
[  0  0  0  2  2  0  0  0  1 ] (0.00011067)
[  0  0  0  2  2  0  0  1  0 ] (0.00000001)
[  0  0  0  2  2  0  1  0  0 ] (0.00018254)
[  0  0  0  2  2  1  0  0  0 ] (0.00006621)
[  0  0  0  2  3  0  0  0  0 ] (0.00126124)
[  0  0  0  3  0  0  0  0  0 ] (0.00000634)
[  0  0  0  3  0  0  0  0  1 ] (0.00006871)
[  0  0  0  3  0  0  0  0  2 ] (0.00000549)
[  0  0  0  3  0  0  0  1  0 ] (0.00000215)
[  0  0  0  3  0  0  0  1  1 ] (0.00000598)
[  0  0  0  3  0  0  0  2  0 ] (0.00000088)
[  0  0  0  3  0  0  1  0  0 ] (0.00000961)
[  0  0  0  3  0  0  1  0  1 ] (0.00000137)
[  0  0  0  3  0  0  1  1  0 ] (0.00000649)
[  0  0  0  3  0  0  2  0  0 ] (0.00003103)
[  0  0  0  3  0  1  0  0  0 ] (0.00001040)
[  0  0  0  3  0  1  0  0  1 ] (0.00003214)
[  0  0  0  3  0  1  0  1  0 ] (0.00003443)
[  0  0  0  3  0  1  1  0  0 ] (0.00008453)
[  0  0  0  3  0  2  0  0  0 ] (0.00000106)
[  0  0  0  3  1  0  0  0  0 ] (0.00001364)
[  0  0  0  3  1  0  0  0  1 ] (0.00001730)
[  0  0  0  3  1  0  0  1  0 ] (0.00000331)
[  0  0  0  3  1  0  1  0  0 ] (0.00000241)
[  0  0  0  3  1  1  0  0  0 ] (0.00071017)
[  0  0  0  3  2  0  0  0  0 ] (0.00049566)
[  0  0  0  4  0  0  0  0  0 ] (0.00001929)
[  0  0  0  4  0  0  0  0  1 ] (0.00127876)
[  0  0  0  4  0  0  0  1  0 ] (0.00008202)
[  0  0  0  4  0  0  1  0  0 ] (0.00761856)
[  0  0  0  4  0  1  0  0  0 ] (0.00023059)
[  0  0  0  4  1  0  0  0  0 ] (0.00015901)
[  0  0  0  5  0  0  0  0  0 ] (0.00289384)
[  0  0  1  0  0  0  0  0  0 ] (0.00000414)
[  0  0  1  0  0  0  0  0  1 ] (0.00000052)
[  0  0  1  0  0  0  0  0  2 ] (0.00000001)
[  0  0  1  0  0  0  0  0  3 ] (0.00000571)
[  0  0  1  0  0  0  0  0  4 ] (0.00000009)
[  0  0  1  0  0  0  0  1  0 ] (0.00007237)
[  0  0  1  0  0  0  0  1  1 ] (0.00012046)
[  0  0  1  0  0  0  0  1  2 ] (0.00000720)
[  0  0  1  0  0  0  0  1  3 ] (0.00000351)
[  0  0  1  0  0  0  0  2  0 ] (0.00000181)
[  0  0  1  0  0  0  0  2  1 ] (0.00000257)
[  0  0  1  0  0  0  0  2  2 ] (0.00000003)
[  0  0  1  0  0  0  0  3  0 ] (0.00000164)
[  0  0  1  0  0  0  0  3  1 ] (0.00000211)
[  0  0  1  0  0  0  0  4  0 ] (0.00000138)
[  0  0  1  0  0  0  1  0  0 ] (0.00001454)
[  0  0  1  0  0  0  1  0  1 ] (0.00041002)
[  0  0  1  0  0  0  1  0  2 ] (0.00000955)
[  0  0  1  0  0  0  1  0  3 ] (0.00000449)
[  0  0  1  0  0  0  1  1  0 ] (0.00000752)
[  0  0  1  0  0  0  1  1  1 ] (0.00000362)
[  0  0  1  0  0  0  1  1  2 ] (0.00000127)
[  0  0  1  0  0  0  1  2  0 ] (0.00000232)
[  0  0  1  0  0  0  1  2  1 ] (0.00000025)
[  0  0  1  0  0  0  1  3  0 ] (0.00000085)
[  0  0  1  0  0  0  2  0  0 ] (0.00000108)
[  0  0  1  0  0  0  2  0  1 ] (0.00000001)
[  0  0  1  0  0  0  2  0  2 ] (0.00000018)
[  0  0  1  0  0  0  2  1  0 ] (0.00000191)
[  0  0  1  0  0  0  2  1  1 ] (0.00000068)
[  0  0  1  0  0  0  2  2  0 ] (0.00000014)
[  0  0  1  0  0  0  3  0  0 ] (0.00002904)
[  0  0  1  0  0  0  3  0  1 ] (0.00000550)
[  0  0  1  0  0  0  3  1  0 ] (0.00000000)
[  0  0  1  0  0  0  4  0  0 ] (0.00000778)
[  0  0  1  0  0  1  0  0  0 ] (0.00000486)
[  0  0  1  0  0  1  0  0  1 ] (0.00071811)
[  0  0  1  0  0  1  0  0  2 ] (0.00002713)
[  0  0  1  0  0  1  0  0  3 ] (0.00000116)
[  0  0  1  0  0  1  0  1  0 ] (0.00002787)
[  0  0  1  0  0  1  0  1  1 ] (0.00000029)
[  0  0  1  0  0  1  0  1  2 ] (0.00000303)
[  0  0  1  0  0  1  0  2  0 ] (0.00000357)
[  0  0  1  0  0  1  0  2  1 ] (0.00000092)
[  0  0  1  0  0  1  0  3  0 ] (0.00001020)
[  0  0  1  0  0  1  1  0  0 ] (0.00001166)
[  0  0  1  0  0  1  1  0  1 ] (0.00006694)
[  0  0  1  0  0  1  1  0  2 ] (0.00000037)
[  0  0  1  0  0  1  1  1  0 ] (0.00001544)
[  0  0  1  0  0  1  1  1  1 ] (0.00000126)
[  0  0  1  0  0  1  1  2  0 ] (0.00000005)
[  0  0  1  0  0  1  2  0  0 ] (0.00064063)
[  0  0  1  0  0  1  2  0  1 ] (0.00010233)
[  0  0  1  0  0  1  2  1  0 ] (0.00000223)
[  0  0  1  0  0  1  3  0  0 ] (0.00000129)
[  0  0  1  0  0  2  0  0  0 ] (0.00000007)
[  0  0  1  0  0  2  0  0  1 ] (0.00000040)
[  0  0  1  0  0  2  0  0  2 ] (0.00000064)
[  0  0  1  0  0  2  0  1  0 ] (0.00078379)
[  0  0  1  0  0  2  0  1  1 ] (0.00005607)
[  0  0  1  0  0  2  0  2  0 ] (0.00001481)
[  0  0  1  0  0  2  1  0  0 ] (0.00404735)
[  0  0  1  0  0  2  1  0  1 ] (0.00019563)
[  0  0  1  0  0  2  1  1  0 ] (0.00001165)
[  0  0  1  0  0  2  2  0  0 ] (0.00001033)
[  0  0  1  0  0  3  0  0  0 ] (0.00002132)
[  0  0  1  0  0  3  0  0  1 ] (0.00000138)
[  0  0  1  0  0  3  0  1  0 ] (0.00000188)
[  0  0  1  0  0  3  1  0  0 ] (0.00000001)
[  0  0  1  0  0  4  0  0  0 ] (0.00001230)
[  0  0  1  0  1  0  0  0  0 ] (0.00000034)
[  0  0  1  0  1  0  0  0  1 ] (0.00033769)
[  0  0  1  0  1  0  0  0  2 ] (0.00005120)
[  0  0  1  0  1  0  0  0  3 ] (0.00000011)
[  0  0  1  0  1  0  0  1  0 ] (0.00013788)
[  0  0  1  0  1  0  0  1  1 ] (0.00000018)
[  0  0  1  0  1  0  0  1  2 ] (0.00000003)
[  0  0  1  0  1  0  0  2  0 ] (0.00000388)
[  0  0  1  0  1  0  0  2  1 ] (0.00000236)
[  0  0  1  0  1  0  0  3  0 ] (0.00000110)
[  0  0  1  0  1  0  1  0  0 ] (0.00040213)
[  0  0  1  0  1  0  1  0  1 ] (0.00000166)
[  0  0  1  0  1  0  1  0  2 ] (0.00000224)
[  0  0  1  0  1  0  1  1  0 ] (0.00000001)
[  0  0  1  0  1  0  1  1  1 ] (0.00000697)
[  0  0  1  0  1  0  1  2  0 ] (0.00000001)
[  0  0  1  0  1  0  2  0  0 ] (0.00228431)
[  0  0  1  0  1  0  2  0  1 ] (0.00024951)
[  0  0  1  0  1  0  2  1  0 ] (0.00000346)
[  0  0  1  0  1  0  3  0  0 ] (0.00000194)
[  0  0  1  0  1  1  0  0  0 ] (0.00002852)
[  0  0  1  0  1  1  0  0  1 ] (0.00008440)
[  0  0  1  0  1  1  0  0  2 ] (0.00004255)
[  0  0  1  0  1  1  0  1  0 ] (0.00002078)
[  0  0  1  0  1  1  0  1  1 ] (0.00000111)
[  0  0  1  0  1  1  0  2  0 ] (0.00000186)
[  0  0  1  0  1  1  1  0  0 ] (0.00004619)
[  0  0  1  0  1  1  1  0  1 ] (0.00000873)
[  0  0  1  0  1  1  1  1  0 ] (0.00000585)
[  0  0  1  0  1  1  2  0  0 ] (0.00001792)
[  0  0  1  0  1  2  0  0  0 ] (0.00001128)
[  0  0  1  0  1  2  0  0  1 ] (0.00003270)
[  0  0  1  0  1  2  0  1  0 ] (0.00002354)
[  0  0  1  0  1  2  1  0  0 ] (0.00018368)
[  0  0  1  0  1  3  0  0  0 ] (0.00010816)
[  0  0  1  0  2  0  0  0  0 ] (0.00000350)
[  0  0  1  0  2  0  0  0  1 ] (0.00006578)
[  0  0  1  0  2  0  0  0  2 ] (0.00000375)
[  0  0  1  0  2  0  0  1  0 ] (0.00000006)
[  0  0  1  0  2  0  0  1  1 ] (0.00000085)
[  0  0  1  0  2  0  0  2  0 ] (0.00000006)
[  0  0  1  0  2  0  1  0  0 ] (0.00004895)
[  0  0  1  0  2  0  1  0  1 ] (0.00001125)
[  0  0  1  0  2  0  1  1  0 ] (0.00000000)
[  0  0  1  0  2  0  2  0  0 ] (0.00007739)
[  0  0  1  0  2  1  0  0  0 ] (0.00001097)
[  0  0  1  0  2  1  0  0  1 ] (0.00000874)
[  0  0  1  0  2  1  0  1  0 ] (0.00001762)
[  0  0  1  0  2  1  1  0  0 ] (0.00003023)
[  0  0  1  0  2  2  0  0  0 ] (0.00084746)
[  0  0  1  0  3  0  0  0  0 ] (0.00004618)
[  0  0  1  0  3  0  0  0  1 ] (0.00000613)
[  0  0  1  0  3  0  0  1  0 ] (0.00000588)
[  0  0  1  0  3  0  1  0  0 ] (0.00001924)
[  0  0  1  0  3  1  0  0  0 ] (0.00004326)
[  0  0  1  0  4  0  0  0  0 ] (0.00089555)
[  0  0  1  1  0  0  0  0  0 ] (0.00000246)
[  0  0  1  1  0  0  0  0  1 ] (0.00024557)
[  0  0  1  1  0  0  0  0  2 ] (0.00002387)
[  0  0  1  1  0  0  0  0  3 ] (0.00000969)
[  0  0  1  1  0  0  0  1  0 ] (0.00008882)
[  0  0  1  1  0  0  0  1  1 ] (0.00003731)
[  0  0  1  1  0  0  0  1  2 ] (0.00000059)
[  0  0  1  1  0  0  0  2  0 ] (0.00008378)
[  0  0  1  1  0  0  0  2  1 ] (0.00000706)
[  0  0  1  1  0  0  0  3  0 ] (0.00000379)
[  0  0  1  1  0  0  1  0  0 ] (0.00000218)
[  0  0  1  1  0  0  1  0  1 ] (0.00000834)
[  0  0  1  1  0  0  1  0  2 ] (0.00000010)
[  0  0  1  1  0  0  1  1  0 ] (0.00000485)
[  0  0  1  1  0  0  1  1  1 ] (0.00000000)
[  0  0  1  1  0  0  1  2  0 ] (0.00000724)
[  0  0  1  1  0  0  2  0  0 ] (0.00052617)
[  0  0  1  1  0  0  2  0  1 ] (0.00009582)
[  0  0  1  1  0  0  2  1  0 ] (0.00000285)
[  0  0  1  1  0  0  3  0  0 ] (0.00000029)
[  0  0  1  1  0  1  0  0  0 ] (0.00000624)
[  0  0  1  1  0  1  0  0  1 ] (0.00003155)
[  0  0  1  1  0  1  0  0  2 ] (0.00001063)
[  0  0  1  1  0  1  0  1  0 ] (0.00001062)
[  0  0  1  1  0  1  0  1  1 ] (0.00003197)
[  0  0  1  1  0  1  0  2  0 ] (0.00000000)
[  0  0  1  1  0  1  1  0  0 ] (0.00009438)
[  0  0  1  1  0  1  1  0  1 ] (0.00001189)
[  0  0  1  1  0  1  1  1  0 ] (0.00000999)
[  0  0  1  1  0  1  2  0  0 ] (0.00003037)
[  0  0  1  1  0  2  0  0  0 ] (0.00000568)
[  0  0  1  1  0  2  0  0  1 ] (0.00006514)
[  0  0  1  1  0  2  0  1  0 ] (0.00003562)
[  0  0  1  1  0  2  1  0  0 ] (0.00076851)
[  0  0  1  1  0  3  0  0  0 ] (0.00012557)
[  0  0  1  1  1  0  0  0  0 ] (0.00000300)
[  0  0  1  1  1  0  0  0  1 ] (0.00000199)
[  0  0  1  1  1  0  0  0  2 ] (0.00000716)
[  0  0  1  1  1  0  0  1  0 ] (0.00000939)
[  0  0  1  1  1  0  0  1  1 ] (0.00000175)
[  0  0  1  1  1  0  0  2  0 ] (0.00000033)
[  0  0  1  1  1  0  1  0  0 ] (0.00187760)
[  0  0  1  1  1  0  1  0  1 ] (0.00003926)
[  0  0  1  1  1  0  1  1  0 ] (0.00000067)
[  0  0  1  1  1  0  2  0  0 ] (0.00006445)
[  0  0  1  1  1  1  0  0  0 ] (0.00000000)
[  0  0  1  1  1  1  0  0  1 ] (0.00021111)
[  0  0  1  1  1  1  0  1  0 ] (0.00000033)
[  0  0  1  1  1  1  1  0  0 ] (0.00011044)
[  0  0  1  1  1  2  0  0  0 ] (0.00041809)
[  0  0  1  1  2  0  0  0  0 ] (0.00001332)
[  0  0  1  1  2  0  0  0  1 ] (0.00000723)
[  0  0  1  1  2  0  0  1  0 ] (0.00000917)
[  0  0  1  1  2  0  1  0  0 ] (0.00006430)
[  0  0  1  1  2  1  0  0  0 ] (0.00011529)
[  0  0  1  1  3  0  0  0  0 ] (0.00073246)
[  0  0  1  2  0  0  0  0  0 ] (0.00000284)
[  0  0  1  2  0  0  0  0  1 ] (0.00049709)
[  0  0  1  2  0  0  0  0  2 ] (0.00000720)
[  0  0  1  2  0  0  0  1  0 ] (0.00008488)
[  0  0  1  2  0  0  0  1  1 ] (0.00000661)
[  0  0  1  2  0  0  0  2  0 ] (0.00000163)
[  0  0  1  2  0  0  1  0  0 ] (0.00001384)
[  0  0  1  2  0  0  1  0  1 ] (0.00000406)
[  0  0  1  2  0  0  1  1  0 ] (0.00000178)
[  0  0  1  2  0  0  2  0  0 ] (0.00000433)
[  0  0  1  2  0  1  0  0  0 ] (0.00000051)
[  0  0  1  2  0  1  0  0  1 ] (0.00031707)
[  0  0  1  2  0  1  0  1  0 ] (0.00025473)
[  0  0  1  2  0  1  1  0  0 ] (0.00012384)
[  0  0  1  2  0  2  0  0  0 ] (0.00000934)
[  0  0  1  2  1  0  0  0  0 ] (0.00000692)
[  0  0  1  2  1  0  0  0  1 ] (0.00000466)
[  0  0  1  2  1  0  0  1  0 ] (0.00000545)
[  0  0  1  2  1  0  1  0  0 ] (0.00054344)
[  0  0  1  2  1  1  0  0  0 ] (0.00016619)
[  0  0  1  2  2  0  0  0  0 ] (0.01183668)
[  0  0  1  3  0  0  0  0  0 ] (0.00000000)
[  0  0  1  3  0  0  0  0  1 ] (0.00001667)
[  0  0  1  3  0  0  0  1  0 ] (0.00000691)
[  0  0  1  3  0  0  1  0  0 ] (0.00075547)
[  0  0  1  3  0  1  0  0  0 ] (0.00001861)
[  0  0  1  3  1  0  0  0  0 ] (0.00037287)
[  0  0  1  4  0  0  0  0  0 ] (0.00046864)
[  0  0  2  0  0  0  0  0  0 ] (0.00000020)
[  0  0  2  0  0  0  0  0  1 ] (0.00113279)
[  0  0  2  0  0  0  0  0  2 ] (0.00001589)
[  0  0  2  0  0  0  0  0  3 ] (0.00001884)
[  0  0  2  0  0  0  0  1  0 ] (0.00000505)
[  0  0  2  0  0  0  0  1  1 ] (0.00002387)
[  0  0  2  0  0  0  0  1  2 ] (0.00000014)
[  0  0  2  0  0  0  0  2  0 ] (0.00006822)
[  0  0  2  0  0  0  0  2  1 ] (0.00000474)
[  0  0  2  0  0  0  0  3  0 ] (0.00001511)
[  0  0  2  0  0  0  1  0  0 ] (0.00000317)
[  0  0  2  0  0  0  1  0  1 ] (0.00000492)
[  0  0  2  0  0  0  1  0  2 ] (0.00000009)
[  0  0  2  0  0  0  1  1  0 ] (0.00000087)
[  0  0  2  0  0  0  1  1  1 ] (0.00000479)
[  0  0  2  0  0  0  1  2  0 ] (0.00000729)
[  0  0  2  0  0  0  2  0  0 ] (0.00000559)
[  0  0  2  0  0  0  2  0  1 ] (0.00000000)
[  0  0  2  0  0  0  2  1  0 ] (0.00000002)
[  0  0  2  0  0  0  3  0  0 ] (0.00008936)
[  0  0  2  0  0  1  0  0  0 ] (0.00008120)
[  0  0  2  0  0  1  0  0  1 ] (0.01377310)
[  0  0  2  0  0  1  0  0  2 ] (0.00021189)
[  0  0  2  0  0  1  0  1  0 ] (0.00002435)
[  0  0  2  0  0  1  0  1  1 ] (0.00001184)
[  0  0  2  0  0  1  0  2  0 ] (0.00008636)
[  0  0  2  0  0  1  1  0  0 ] (0.00002640)
[  0  0  2  0  0  1  1  0  1 ] (0.00001059)
[  0  0  2  0  0  1  1  1  0 ] (0.00000001)
[  0  0  2  0  0  1  2  0  0 ] (0.00016251)
[  0  0  2  0  0  2  0  0  0 ] (0.00000891)
[  0  0  2  0  0  2  0  0  1 ] (0.00150182)
[  0  0  2  0  0  2  0  1  0 ] (0.00000148)
[  0  0  2  0  0  2  1  0  0 ] (0.00003036)
[  0  0  2  0  0  3  0  0  0 ] (0.00037748)
[  0  0  2  0  1  0  0  0  0 ] (0.00000004)
[  0  0  2  0  1  0  0  0  1 ] (0.00035594)
[  0  0  2  0  1  0  0  0  2 ] (0.00002612)
[  0  0  2  0  1  0  0  1  0 ] (0.00016866)
[  0  0  2  0  1  0  0  1  1 ] (0.00002004)
[  0  0  2  0  1  0  0  2  0 ] (0.00000255)
[  0  0  2  0  1  0  1  0  0 ] (0.00000070)
[  0  0  2  0  1  0  1  0  1 ] (0.00000367)
[  0  0  2  0  1  0  1  1  0 ] (0.00000661)
[  0  0  2  0  1  0  2  0  0 ] (0.00000531)
[  0  0  2  0  1  1  0  0  0 ] (0.00007267)
[  0  0  2  0  1  1  0  0  1 ] (0.00000566)
[  0  0  2  0  1  1  0  1  0 ] (0.00002830)
[  0  0  2  0  1  1  1  0  0 ] (0.00000705)
[  0  0  2  0  1  2  0  0  0 ] (0.00122756)
[  0  0  2  0  2  0  0  0  0 ] (0.00057428)
[  0  0  2  0  2  0  0  0  1 ] (0.00011537)
[  0  0  2  0  2  0  0  1  0 ] (0.00004003)
[  0  0  2  0  2  0  1  0  0 ] (0.00001988)
[  0  0  2  0  2  1  0  0  0 ] (0.00258776)
[  0  0  2  0  3  0  0  0  0 ] (0.00010554)
[  0  0  2  1  0  0  0  0  0 ] (0.00000894)
[  0  0  2  1  0  0  0  0  1 ] (0.00048834)
[  0  0  2  1  0  0  0  0  2 ] (0.00000688)
[  0  0  2  1  0  0  0  1  0 ] (0.00007317)
[  0  0  2  1  0  0  0  1  1 ] (0.00000042)
[  0  0  2  1  0  0  0  2  0 ] (0.00000532)
[  0  0  2  1  0  0  1  0  0 ] (0.00000031)
[  0  0  2  1  0  0  1  0  1 ] (0.00000327)
[  0  0  2  1  0  0  1  1  0 ] (0.00000007)
[  0  0  2  1  0  0  2  0  0 ] (0.00002251)
[  0  0  2  1  0  1  0  0  0 ] (0.00002767)
[  0  0  2  1  0  1  0  0  1 ] (0.00008615)
[  0  0  2  1  0  1  0  1  0 ] (0.00007125)
[  0  0  2  1  0  1  1  0  0 ] (0.00002029)
[  0  0  2  1  0  2  0  0  0 ] (0.00013157)
[  0  0  2  1  1  0  0  0  0 ] (0.00000023)
[  0  0  2  1  1  0  0  0  1 ] (0.00000132)
[  0  0  2  1  1  0  0  1  0 ] (0.00007839)
[  0  0  2  1  1  0  1  0  0 ] (0.00000763)
[  0  0  2  1  1  1  0  0  0 ] (0.00015092)
[  0  0  2  1  2  0  0  0  0 ] (0.00311605)
[  0  0  2  2  0  0  0  0  0 ] (0.00005346)
[  0  0  2  2  0  0  0  0  1 ] (0.00015857)
[  0  0  2  2  0  0  0  1  0 ] (0.00010568)
[  0  0  2  2  0  0  1  0  0 ] (0.00002817)
[  0  0  2  2  0  1  0  0  0 ] (0.00001281)
[  0  0  2  2  1  0  0  0  0 ] (0.00193342)
[  0  0  2  3  0  0  0  0  0 ] (0.00001228)
[  0  0  3  0  0  0  0  0  0 ] (0.00000093)
[  0  0  3  0  0  0  0  0  1 ] (0.00004461)
[  0  0  3  0  0  0  0  0  2 ] (0.00000002)
[  0  0  3  0  0  0  0  1  0 ] (0.00000822)
[  0  0  3  0  0  0  0  1  1 ] (0.00000218)
[  0  0  3  0  0  0  0  2  0 ] (0.00000465)
[  0  0  3  0  0  0  1  0  0 ] (0.00005304)
[  0  0  3  0  0  0  1  0  1 ] (0.00000289)
[  0  0  3  0  0  0  1  1  0 ] (0.00000002)
[  0  0  3  0  0  0  2  0  0 ] (0.00027048)
[  0  0  3  0  0  1  0  0  0 ] (0.00000092)
[  0  0  3  0  0  1  0  0  1 ] (0.00001743)
[  0  0  3  0  0  1  0  1  0 ] (0.00003233)
[  0  0  3  0  0  1  1  0  0 ] (0.00027623)
[  0  0  3  0  0  2  0  0  0 ] (0.00000078)
[  0  0  3  0  1  0  0  0  0 ] (0.00000335)
[  0  0  3  0  1  0  0  0  1 ] (0.00001425)
[  0  0  3  0  1  0  0  1  0 ] (0.00000406)
[  0  0  3  0  1  0  1  0  0 ] (0.00003852)
[  0  0  3  0  1  1  0  0  0 ] (0.00003105)
[  0  0  3  0  2  0  0  0  0 ] (0.00000047)
[  0  0  3  1  0  0  0  0  0 ] (0.00001097)
[  0  0  3  1  0  0  0  0  1 ] (0.00022864)
[  0  0  3  1  0  0  0  1  0 ] (0.00006633)
[  0  0  3  1  0  0  1  0  0 ] (0.00004870)
[  0  0  3  1  0  1  0  0  0 ] (0.00000444)
[  0  0  3  1  1  0  0  0  0 ] (0.00026794)
[  0  0  3  2  0  0  0  0  0 ] (0.00007793)
[  0  0  4  0  0  0  0  0  0 ] (0.00005560)
[  0  0  4  0  0  0  0  0  1 ] (0.00007018)
[  0  0  4  0  0  0  0  1  0 ] (0.00418585)
[  0  0  4  0  0  0  1  0  0 ] (0.00007545)
[  0  0  4  0  0  1  0  0  0 ] (0.00001603)
[  0  0  4  0  1  0  0  0  0 ] (0.00021153)
[  0  0  4  1  0  0  0  0  0 ] (0.00001673)
[  0  0  5  0  0  0  0  0  0 ] (0.00005665)
[  0  1  0  0  0  0  0  0  0 ] (0.00002563)
[  0  1  0  0  0  0  0  0  1 ] (0.00001113)
[  0  1  0  0  0  0  0  0  2 ] (0.00003350)
[  0  1  0  0  0  0  0  0  3 ] (0.00000059)
[  0  1  0  0  0  0  0  0  4 ] (0.00000045)
[  0  1  0  0  0  0  0  1  0 ] (0.00000043)
[  0  1  0  0  0  0  0  1  1 ] (0.00000024)
[  0  1  0  0  0  0  0  1  2 ] (0.00000320)
[  0  1  0  0  0  0  0  1  3 ] (0.00000012)
[  0  1  0  0  0  0  0  2  0 ] (0.00000934)
[  0  1  0  0  0  0  0  2  1 ] (0.00000011)
[  0  1  0  0  0  0  0  2  2 ] (0.00000000)
[  0  1  0  0  0  0  0  3  0 ] (0.00005570)
[  0  1  0  0  0  0  0  3  1 ] (0.00000010)
[  0  1  0  0  0  0  0  4  0 ] (0.00000121)
[  0  1  0  0  0  0  1  0  0 ] (0.00000026)
[  0  1  0  0  0  0  1  0  1 ] (0.00001602)
[  0  1  0  0  0  0  1  0  2 ] (0.00000112)
[  0  1  0  0  0  0  1  0  3 ] (0.00000015)
[  0  1  0  0  0  0  1  1  0 ] (0.00013443)
[  0  1  0  0  0  0  1  1  1 ] (0.00000422)
[  0  1  0  0  0  0  1  1  2 ] (0.00000098)
[  0  1  0  0  0  0  1  2  0 ] (0.00000227)
[  0  1  0  0  0  0  1  2  1 ] (0.00000000)
[  0  1  0  0  0  0  1  3  0 ] (0.00000143)
[  0  1  0  0  0  0  2  0  0 ] (0.00005789)
[  0  1  0  0  0  0  2  0  1 ] (0.00001173)
[  0  1  0  0  0  0  2  0  2 ] (0.00000863)
[  0  1  0  0  0  0  2  1  0 ] (0.00004594)
[  0  1  0  0  0  0  2  1  1 ] (0.00000014)
[  0  1  0  0  0  0  2  2  0 ] (0.00000011)
[  0  1  0  0  0  0  3  0  0 ] (0.00021659)
[  0  1  0  0  0  0  3  0  1 ] (0.00000345)
[  0  1  0  0  0  0  3  1  0 ] (0.00000848)
[  0  1  0  0  0  0  4  0  0 ] (0.00007061)
[  0  1  0  0  0  1  0  0  0 ] (0.00000040)
[  0  1  0  0  0  1  0  0  1 ] (0.00011977)
[  0  1  0  0  0  1  0  0  2 ] (0.00001400)
[  0  1  0  0  0  1  0  0  3 ] (0.00000160)
[  0  1  0  0  0  1  0  1  0 ] (0.00000293)
[  0  1  0  0  0  1  0  1  1 ] (0.00000006)
[  0  1  0  0  0  1  0  1  2 ] (0.00000048)
[  0  1  0  0  0  1  0  2  0 ] (0.00000369)
[  0  1  0  0  0  1  0  2  1 ] (0.00000050)
[  0  1  0  0  0  1  0  3  0 ] (0.00000078)
[  0  1  0  0  0  1  1  0  0 ] (0.00001594)
[  0  1  0  0  0  1  1  0  1 ] (0.00000156)
[  0  1  0  0  0  1  1  0  2 ] (0.00000001)
[  0  1  0  0  0  1  1  1  0 ] (0.00000538)
[  0  1  0  0  0  1  1  1  1 ] (0.00000017)
[  0  1  0  0  0  1  1  2  0 ] (0.00000736)
[  0  1  0  0  0  1  2  0  0 ] (0.00216045)
[  0  1  0  0  0  1  2  0  1 ] (0.00022320)
[  0  1  0  0  0  1  2  1  0 ] (0.00001435)
[  0  1  0  0  0  1  3  0  0 ] (0.00000695)
[  0  1  0  0  0  2  0  0  0 ] (0.00000403)
[  0  1  0  0  0  2  0  0  1 ] (0.00026765)
[  0  1  0  0  0  2  0  0  2 ] (0.00000168)
[  0  1  0  0  0  2  0  1  0 ] (0.00009155)
[  0  1  0  0  0  2  0  1  1 ] (0.00000770)
[  0  1  0  0  0  2  0  2  0 ] (0.00000030)
[  0  1  0  0  0  2  1  0  0 ] (0.00018450)
[  0  1  0  0  0  2  1  0  1 ] (0.00001527)
[  0  1  0  0  0  2  1  1  0 ] (0.00000226)
[  0  1  0  0  0  2  2  0  0 ] (0.00006766)
[  0  1  0  0  0  3  0  0  0 ] (0.00000278)
[  0  1  0  0  0  3  0  0  1 ] (0.00000028)
[  0  1  0  0  0  3  0  1  0 ] (0.00000008)
[  0  1  0  0  0  3  1  0  0 ] (0.00005943)
[  0  1  0  0  0  4  0  0  0 ] (0.00000369)
[  0  1  0  0  1  0  0  0  0 ] (0.00001131)
[  0  1  0  0  1  0  0  0  1 ] (0.00002415)
[  0  1  0  0  1  0  0  0  2 ] (0.00000845)
[  0  1  0  0  1  0  0  0  3 ] (0.00001250)
[  0  1  0  0  1  0  0  1  0 ] (0.00001831)
[  0  1  0  0  1  0  0  1  1 ] (0.00000552)
[  0  1  0  0  1  0  0  1  2 ] (0.00000082)
[  0  1  0  0  1  0  0  2  0 ] (0.00000718)
[  0  1  0  0  1  0  0  2  1 ] (0.00000054)
[  0  1  0  0  1  0  0  3  0 ] (0.00002406)
[  0  1  0  0  1  0  1  0  0 ] (0.00127774)
[  0  1  0  0  1  0  1  0  1 ] (0.00007322)
[  0  1  0  0  1  0  1  0  2 ] (0.00000331)
[  0  1  0  0  1  0  1  1  0 ] (0.00007936)
[  0  1  0  0  1  0  1  1  1 ] (0.00000271)
[  0  1  0  0  1  0  1  2  0 ] (0.00001373)
[  0  1  0  0  1  0  2  0  0 ] (0.04512261)
[  0  1  0  0  1  0  2  0  1 ] (0.00453476)
[  0  1  0  0  1  0  2  1  0 ] (0.00000324)
[  0  1  0  0  1  0  3  0  0 ] (0.00006728)
[  0  1  0  0  1  1  0  0  0 ] (0.00009466)
[  0  1  0  0  1  1  0  0  1 ] (0.00008669)
[  0  1  0  0  1  1  0  0  2 ] (0.00000007)
[  0  1  0  0  1  1  0  1  0 ] (0.00001100)
[  0  1  0  0  1  1  0  1  1 ] (0.00000013)
[  0  1  0  0  1  1  0  2  0 ] (0.00000422)
[  0  1  0  0  1  1  1  0  0 ] (0.00029246)
[  0  1  0  0  1  1  1  0  1 ] (0.00000413)
[  0  1  0  0  1  1  1  1  0 ] (0.00002733)
[  0  1  0  0  1  1  2  0  0 ] (0.00185896)
[  0  1  0  0  1  2  0  0  0 ] (0.00029876)
[  0  1  0  0  1  2  0  0  1 ] (0.00000643)
[  0  1  0  0  1  2  0  1  0 ] (0.00000604)
[  0  1  0  0  1  2  1  0  0 ] (0.00024514)
[  0  1  0  0  1  3  0  0  0 ] (0.00027720)
[  0  1  0  0  2  0  0  0  0 ] (0.00000620)
[  0  1  0  0  2  0  0  0  1 ] (0.00008649)
[  0  1  0  0  2  0  0  0  2 ] (0.00000849)
[  0  1  0  0  2  0  0  1  0 ] (0.00026239)
[  0  1  0  0  2  0  0  1  1 ] (0.00001291)
[  0  1  0  0  2  0  0  2  0 ] (0.00000037)
[  0  1  0  0  2  0  1  0  0 ] (0.00000150)
[  0  1  0  0  2  0  1  0  1 ] (0.00000045)
[  0  1  0  0  2  0  1  1  0 ] (0.00000001)
[  0  1  0  0  2  0  2  0  0 ] (0.00001043)
[  0  1  0  0  2  1  0  0  0 ] (0.00003064)
[  0  1  0  0  2  1  0  0  1 ] (0.00003575)
[  0  1  0  0  2  1  0  1  0 ] (0.00001245)
[  0  1  0  0  2  1  1  0  0 ] (0.00000413)
[  0  1  0  0  2  2  0  0  0 ] (0.00009261)
[  0  1  0  0  3  0  0  0  0 ] (0.00005542)
[  0  1  0  0  3  0  0  0  1 ] (0.00005540)
[  0  1  0  0  3  0  0  1  0 ] (0.00010784)
[  0  1  0  0  3  0  1  0  0 ] (0.00004750)
[  0  1  0  0  3  1  0  0  0 ] (0.00001916)
[  0  1  0  0  4  0  0  0  0 ] (0.00000643)
[  0  1  0  1  0  0  0  0  0 ] (0.00000390)
[  0  1  0  1  0  0  0  0  1 ] (0.00032956)
[  0  1  0  1  0  0  0  0  2 ] (0.00012188)
[  0  1  0  1  0  0  0  0  3 ] (0.00000000)
[  0  1  0  1  0  0  0  1  0 ] (0.00009431)
[  0  1  0  1  0  0  0  1  1 ] (0.00000057)
[  0  1  0  1  0  0  0  1  2 ] (0.00000041)
[  0  1  0  1  0  0  0  2  0 ] (0.00001270)
[  0  1  0  1  0  0  0  2  1 ] (0.00001044)
[  0  1  0  1  0  0  0  3  0 ] (0.00000246)
[  0  1  0  1  0  0  1  0  0 ] (0.00037284)
[  0  1  0  1  0  0  1  0  1 ] (0.00011102)
[  0  1  0  1  0  0  1  0  2 ] (0.00002009)
[  0  1  0  1  0  0  1  1  0 ] (0.00002353)
[  0  1  0  1  0  0  1  1  1 ] (0.00000844)
[  0  1  0  1  0  0  1  2  0 ] (0.00000130)
[  0  1  0  1  0  0  2  0  0 ] (0.00000003)
[  0  1  0  1  0  0  2  0  1 ] (0.00000193)
[  0  1  0  1  0  0  2  1  0 ] (0.00000189)
[  0  1  0  1  0  0  3  0  0 ] (0.00001073)
[  0  1  0  1  0  1  0  0  0 ] (0.00016033)
[  0  1  0  1  0  1  0  0  1 ] (0.00006023)
[  0  1  0  1  0  1  0  0  2 ] (0.00006899)
[  0  1  0  1  0  1  0  1  0 ] (0.00091000)
[  0  1  0  1  0  1  0  1  1 ] (0.00000259)
[  0  1  0  1  0  1  0  2  0 ] (0.00001780)
[  0  1  0  1  0  1  1  0  0 ] (0.00706071)
[  0  1  0  1  0  1  1  0  1 ] (0.00025560)
[  0  1  0  1  0  1  1  1  0 ] (0.00010513)
[  0  1  0  1  0  1  2  0  0 ] (0.00006267)
[  0  1  0  1  0  2  0  0  0 ] (0.00024758)
[  0  1  0  1  0  2  0  0  1 ] (0.00000216)
[  0  1  0  1  0  2  0  1  0 ] (0.00010316)
[  0  1  0  1  0  2  1  0  0 ] (0.00059154)
[  0  1  0  1  0  3  0  0  0 ] (0.00003006)
[  0  1  0  1  1  0  0  0  0 ] (0.00002811)
[  0  1  0  1  1  0  0  0  1 ] (0.00032262)
[  0  1  0  1  1  0  0  0  2 ] (0.00000168)
[  0  1  0  1  1  0  0  1  0 ] (0.00031320)
[  0  1  0  1  1  0  0  1  1 ] (0.00000783)
[  0  1  0  1  1  0  0  2  0 ] (0.00000858)
[  0  1  0  1  1  0  1  0  0 ] (0.00143641)
[  0  1  0  1  1  0  1  0  1 ] (0.00016130)
[  0  1  0  1  1  0  1  1  0 ] (0.00006270)
[  0  1  0  1  1  0  2  0  0 ] (0.00000519)
[  0  1  0  1  1  1  0  0  0 ] (0.00001412)
[  0  1  0  1  1  1  0  0  1 ] (0.00004419)
[  0  1  0  1  1  1  0  1  0 ] (0.00006978)
[  0  1  0  1  1  1  1  0  0 ] (0.00009370)
[  0  1  0  1  1  2  0  0  0 ] (0.00000495)
[  0  1  0  1  2  0  0  0  0 ] (0.00009876)
[  0  1  0  1  2  0  0  0  1 ] (0.00007589)
[  0  1  0  1  2  0  0  1  0 ] (0.00000190)
[  0  1  0  1  2  0  1  0  0 ] (0.00007323)
[  0  1  0  1  2  1  0  0  0 ] (0.00000889)
[  0  1  0  1  3  0  0  0  0 ] (0.00011526)
[  0  1  0  2  0  0  0  0  0 ] (0.00005493)
[  0  1  0  2  0  0  0  0  1 ] (0.00000010)
[  0  1  0  2  0  0  0  0  2 ] (0.00000455)
[  0  1  0  2  0  0  0  1  0 ] (0.00004405)
[  0  1  0  2  0  0  0  1  1 ] (0.00000230)
[  0  1  0  2  0  0  0  2  0 ] (0.00001538)
[  0  1  0  2  0  0  1  0  0 ] (0.00000188)
[  0  1  0  2  0  0  1  0  1 ] (0.00000182)
[  0  1  0  2  0  0  1  1  0 ] (0.00000848)
[  0  1  0  2  0  0  2  0  0 ] (0.00000018)
[  0  1  0  2  0  1  0  0  0 ] (0.00018866)
[  0  1  0  2  0  1  0  0  1 ] (0.00001714)
[  0  1  0  2  0  1  0  1  0 ] (0.00008355)
[  0  1  0  2  0  1  1  0  0 ] (0.00003728)
[  0  1  0  2  0  2  0  0  0 ] (0.00043319)
[  0  1  0  2  1  0  0  0  0 ] (0.00000076)
[  0  1  0  2  1  0  0  0  1 ] (0.00006854)
[  0  1  0  2  1  0  0  1  0 ] (0.00034636)
[  0  1  0  2  1  0  1  0  0 ] (0.00001331)
[  0  1  0  2  1  1  0  0  0 ] (0.00013973)
[  0  1  0  2  2  0  0  0  0 ] (0.00064414)
[  0  1  0  3  0  0  0  0  0 ] (0.00001784)
[  0  1  0  3  0  0  0  0  1 ] (0.00001853)
[  0  1  0  3  0  0  0  1  0 ] (0.00008344)
[  0  1  0  3  0  0  1  0  0 ] (0.00049921)
[  0  1  0  3  0  1  0  0  0 ] (0.00001663)
[  0  1  0  3  1  0  0  0  0 ] (0.00011842)
[  0  1  0  4  0  0  0  0  0 ] (0.00000034)
[  0  1  1  0  0  0  0  0  0 ] (0.00003090)
[  0  1  1  0  0  0  0  0  1 ] (0.00002064)
[  0  1  1  0  0  0  0  0  2 ] (0.00000574)
[  0  1  1  0  0  0  0  0  3 ] (0.00000025)
[  0  1  1  0  0  0  0  1  0 ] (0.00013111)
[  0  1  1  0  0  0  0  1  1 ] (0.00007739)
[  0  1  1  0  0  0  0  1  2 ] (0.00000138)
[  0  1  1  0  0  0  0  2  0 ] (0.00033868)
[  0  1  1  0  0  0  0  2  1 ] (0.00000845)
[  0  1  1  0  0  0  0  3  0 ] (0.00001318)
[  0  1  1  0  0  0  1  0  0 ] (0.00007985)
[  0  1  1  0  0  0  1  0  1 ] (0.00011003)
[  0  1  1  0  0  0  1  0  2 ] (0.00000070)
[  0  1  1  0  0  0  1  1  0 ] (0.00006055)
[  0  1  1  0  0  0  1  1  1 ] (0.00001305)
[  0  1  1  0  0  0  1  2  0 ] (0.00002052)
[  0  1  1  0  0  0  2  0  0 ] (0.00000197)
[  0  1  1  0  0  0  2  0  1 ] (0.00000016)
[  0  1  1  0  0  0  2  1  0 ] (0.00000469)
[  0  1  1  0  0  0  3  0  0 ] (0.00003304)
[  0  1  1  0  0  1  0  0  0 ] (0.00004112)
[  0  1  1  0  0  1  0  0  1 ] (0.00046832)
[  0  1  1  0  0  1  0  0  2 ] (0.00001052)
[  0  1  1  0  0  1  0  1  0 ] (0.00304117)
[  0  1  1  0  0  1  0  1  1 ] (0.00011325)
[  0  1  1  0  0  1  0  2  0 ] (0.00001204)
[  0  1  1  0  0  1  1  0  0 ] (0.00002337)
[  0  1  1  0  0  1  1  0  1 ] (0.00000288)
[  0  1  1  0  0  1  1  1  0 ] (0.00000485)
[  0  1  1  0  0  1  2  0  0 ] (0.00000116)
[  0  1  1  0  0  2  0  0  0 ] (0.00000153)
[  0  1  1  0  0  2  0  0  1 ] (0.00006921)
[  0  1  1  0  0  2  0  1  0 ] (0.00005603)
[  0  1  1  0  0  2  1  0  0 ] (0.00003487)
[  0  1  1  0  0  3  0  0  0 ] (0.00729454)
[  0  1  1  0  1  0  0  0  0 ] (0.00000210)
[  0  1  1  0  1  0  0  0  1 ] (0.00132304)
[  0  1  1  0  1  0  0  0  2 ] (0.00001444)
[  0  1  1  0  1  0  0  1  0 ] (0.00019503)
[  0  1  1  0  1  0  0  1  1 ] (0.00000562)
[  0  1  1  0  1  0  0  2  0 ] (0.00000039)
[  0  1  1  0  1  0  1  0  0 ] (0.00396773)
[  0  1  1  0  1  0  1  0  1 ] (0.00033051)
[  0  1  1  0  1  0  1  1  0 ] (0.00004497)
[  0  1  1  0  1  0  2  0  0 ] (0.00000228)
[  0  1  1  0  1  1  0  0  0 ] (0.00000424)
[  0  1  1  0  1  1  0  0  1 ] (0.00003983)
[  0  1  1  0  1  1  0  1  0 ] (0.00000787)
[  0  1  1  0  1  1  1  0  0 ] (0.00077623)
[  0  1  1  0  1  2  0  0  0 ] (0.00000214)
[  0  1  1  0  2  0  0  0  0 ] (0.00000623)
[  0  1  1  0  2  0  0  0  1 ] (0.00001505)
[  0  1  1  0  2  0  0  1  0 ] (0.00000337)
[  0  1  1  0  2  0  1  0  0 ] (0.00008624)
[  0  1  1  0  2  1  0  0  0 ] (0.00160547)
[  0  1  1  0  3  0  0  0  0 ] (0.00167104)
[  0  1  1  1  0  0  0  0  0 ] (0.00024356)
[  0  1  1  1  0  0  0  0  1 ] (0.00488603)
[  0  1  1  1  0  0  0  0  2 ] (0.00001620)
[  0  1  1  1  0  0  0  1  0 ] (0.00505343)
[  0  1  1  1  0  0  0  1  1 ] (0.00013469)
[  0  1  1  1  0  0  0  2  0 ] (0.00004582)
[  0  1  1  1  0  0  1  0  0 ] (0.00057139)
[  0  1  1  1  0  0  1  0  1 ] (0.00005036)
[  0  1  1  1  0  0  1  1  0 ] (0.00010609)
[  0  1  1  1  0  0  2  0  0 ] (0.00158692)
[  0  1  1  1  0  1  0  0  0 ] (0.00114423)
[  0  1  1  1  0  1  0  0  1 ] (0.00136978)
[  0  1  1  1  0  1  0  1  0 ] (0.00050207)
[  0  1  1  1  0  1  1  0  0 ] (0.00000149)
[  0  1  1  1  0  2  0  0  0 ] (0.00787405)
[  0  1  1  1  1  0  0  0  0 ] (0.00003153)
[  0  1  1  1  1  0  0  0  1 ] (0.00001039)
[  0  1  1  1  1  0  0  1  0 ] (0.00005671)
[  0  1  1  1  1  0  1  0  0 ] (0.00002209)
[  0  1  1  1  1  1  0  0  0 ] (0.00011015)
[  0  1  1  1  2  0  0  0  0 ] (0.00266290)
[  0  1  1  2  0  0  0  0  0 ] (0.00013249)
[  0  1  1  2  0  0  0  0  1 ] (0.00000015)
[  0  1  1  2  0  0  0  1  0 ] (0.00000298)
[  0  1  1  2  0  0  1  0  0 ] (0.00007852)
[  0  1  1  2  0  1  0  0  0 ] (0.00086865)
[  0  1  1  2  1  0  0  0  0 ] (0.00000561)
[  0  1  1  3  0  0  0  0  0 ] (0.00000331)
[  0  1  2  0  0  0  0  0  0 ] (0.00001902)
[  0  1  2  0  0  0  0  0  1 ] (0.00001794)
[  0  1  2  0  0  0  0  0  2 ] (0.00000317)
[  0  1  2  0  0  0  0  1  0 ] (0.00001931)
[  0  1  2  0  0  0  0  1  1 ] (0.00000145)
[  0  1  2  0  0  0  0  2  0 ] (0.00003446)
[  0  1  2  0  0  0  1  0  0 ] (0.00006296)
[  0  1  2  0  0  0  1  0  1 ] (0.00000960)
[  0  1  2  0  0  0  1  1  0 ] (0.00000253)
[  0  1  2  0  0  0  2  0  0 ] (0.00001334)
[  0  1  2  0  0  1  0  0  0 ] (0.00002526)
[  0  1  2  0  0  1  0  0  1 ] (0.00002189)
[  0  1  2  0  0  1  0  1  0 ] (0.00000023)
[  0  1  2  0  0  1  1  0  0 ] (0.00040311)
[  0  1  2  0  0  2  0  0  0 ] (0.00000730)
[  0  1  2  0  1  0  0  0  0 ] (0.00045539)
[  0  1  2  0  1  0  0  0  1 ] (0.00014891)
[  0  1  2  0  1  0  0  1  0 ] (0.00000400)
[  0  1  2  0  1  0  1  0  0 ] (0.00011325)
[  0  1  2  0  1  1  0  0  0 ] (0.00253837)
[  0  1  2  0  2  0  0  0  0 ] (0.00056457)
[  0  1  2  1  0  0  0  0  0 ] (0.00004917)
[  0  1  2  1  0  0  0  0  1 ] (0.00014525)
[  0  1  2  1  0  0  0  1  0 ] (0.00002698)
[  0  1  2  1  0  0  1  0  0 ] (0.00032317)
[  0  1  2  1  0  1  0  0  0 ] (0.00033504)
[  0  1  2  1  1  0  0  0  0 ] (0.00340122)
[  0  1  2  2  0  0  0  0  0 ] (0.00001396)
[  0  1  3  0  0  0  0  0  0 ] (0.00002983)
[  0  1  3  0  0  0  0  0  1 ] (0.00000072)
[  0  1  3  0  0  0  0  1  0 ] (0.00013051)
[  0  1  3  0  0  0  1  0  0 ] (0.00000002)
[  0  1  3  0  0  1  0  0  0 ] (0.00000109)
[  0  1  3  0  1  0  0  0  0 ] (0.00007996)
[  0  1  3  1  0  0  0  0  0 ] (0.00003222)
[  0  1  4  0  0  0  0  0  0 ] (0.00012336)
[  0  2  0  0  0  0  0  0  0 ] (0.00000317)
[  0  2  0  0  0  0  0  0  1 ] (0.00000003)
[  0  2  0  0  0  0  0  0  2 ] (0.00023317)
[  0  2  0  0  0  0  0  0  3 ] (0.00000274)
[  0  2  0  0  0  0  0  1  0 ] (0.00004141)
[  0  2  0  0  0  0  0  1  1 ] (0.00000064)
[  0  2  0  0  0  0  0  1  2 ] (0.00000753)
[  0  2  0  0  0  0  0  2  0 ] (0.00000462)
[  0  2  0  0  0  0  0  2  1 ] (0.00000052)
[  0  2  0  0  0  0  0  3  0 ] (0.00000543)
[  0  2  0  0  0  0  1  0  0 ] (0.00000762)
[  0  2  0  0  0  0  1  0  1 ] (0.00002504)
[  0  2  0  0  0  0  1  0  2 ] (0.00000001)
[  0  2  0  0  0  0  1  1  0 ] (0.00003320)
[  0  2  0  0  0  0  1  1  1 ] (0.00002289)
[  0  2  0  0  0  0  1  2  0 ] (0.00000424)
[  0  2  0  0  0  0  2  0  0 ] (0.00000407)
[  0  2  0  0  0  0  2  0  1 ] (0.00000138)
[  0  2  0  0  0  0  2  1  0 ] (0.00000027)
[  0  2  0  0  0  0  3  0  0 ] (0.00000015)
[  0  2  0  0  0  1  0  0  0 ] (0.00000842)
[  0  2  0  0  0  1  0  0  1 ] (0.00004645)
[  0  2  0  0  0  1  0  0  2 ] (0.00001276)
[  0  2  0  0  0  1  0  1  0 ] (0.00000066)
[  0  2  0  0  0  1  0  1  1 ] (0.00000433)
[  0  2  0  0  0  1  0  2  0 ] (0.00000282)
[  0  2  0  0  0  1  1  0  0 ] (0.00000627)
[  0  2  0  0  0  1  1  0  1 ] (0.00000524)
[  0  2  0  0  0  1  1  1  0 ] (0.00000030)
[  0  2  0  0  0  1  2  0  0 ] (0.00014267)
[  0  2  0  0  0  2  0  0  0 ] (0.00000238)
[  0  2  0  0  0  2  0  0  1 ] (0.00007451)
[  0  2  0  0  0  2  0  1  0 ] (0.00003472)
[  0  2  0  0  0  2  1  0  0 ] (0.00032070)
[  0  2  0  0  0  3  0  0  0 ] (0.00000606)
[  0  2  0  0  1  0  0  0  0 ] (0.00015689)
[  0  2  0  0  1  0  0  0  1 ] (0.01373101)
[  0  2  0  0  1  0  0  0  2 ] (0.00026889)
[  0  2  0  0  1  0  0  1  0 ] (0.00595346)
[  0  2  0  0  1  0  0  1  1 ] (0.00036911)
[  0  2  0  0  1  0  0  2  0 ] (0.00005297)
[  0  2  0  0  1  0  1  0  0 ] (0.00118678)
[  0  2  0  0  1  0  1  0  1 ] (0.00030062)
[  0  2  0  0  1  0  1  1  0 ] (0.00023224)
[  0  2  0  0  1  0  2  0  0 ] (0.00021119)
[  0  2  0  0  1  1  0  0  0 ] (0.00001944)
[  0  2  0  0  1  1  0  0  1 ] (0.00231681)
[  0  2  0  0  1  1  0  1  0 ] (0.00037621)
[  0  2  0  0  1  1  1  0  0 ] (0.00000012)
[  0  2  0  0  1  2  0  0  0 ] (0.00044112)
[  0  2  0  0  2  0  0  0  0 ] (0.00001653)
[  0  2  0  0  2  0  0  0  1 ] (0.00000636)
[  0  2  0  0  2  0  0  1  0 ] (0.00000063)
[  0  2  0  0  2  0  1  0  0 ] (0.00014601)
[  0  2  0  0  2  1  0  0  0 ] (0.00008873)
[  0  2  0  0  3  0  0  0  0 ] (0.00001621)
[  0  2  0  1  0  0  0  0  0 ] (0.00000169)
[  0  2  0  1  0  0  0  0  1 ] (0.00005166)
[  0  2  0  1  0  0  0  0  2 ] (0.00000333)
[  0  2  0  1  0  0  0  1  0 ] (0.00000601)
[  0  2  0  1  0  0  0  1  1 ] (0.00001995)
[  0  2  0  1  0  0  0  2  0 ] (0.00000119)
[  0  2  0  1  0  0  1  0  0 ] (0.00000110)
[  0  2  0  1  0  0  1  0  1 ] (0.00000001)
[  0  2  0  1  0  0  1  1  0 ] (0.00000198)
[  0  2  0  1  0  0  2  0  0 ] (0.00000372)
[  0  2  0  1  0  1  0  0  0 ] (0.00000001)
[  0  2  0  1  0  1  0  0  1 ] (0.00003444)
[  0  2  0  1  0  1  0  1  0 ] (0.00000245)
[  0  2  0  1  0  1  1  0  0 ] (0.00000456)
[  0  2  0  1  0  2  0  0  0 ] (0.00001638)
[  0  2  0  1  1  0  0  0  0 ] (0.00090868)
[  0  2  0  1  1  0  0  0  1 ] (0.00016233)
[  0  2  0  1  1  0  0  1  0 ] (0.00000104)
[  0  2  0  1  1  0  1  0  0 ] (0.00017382)
[  0  2  0  1  1  1  0  0  0 ] (0.00575388)
[  0  2  0  1  2  0  0  0  0 ] (0.00007949)
[  0  2  0  2  0  0  0  0  0 ] (0.00005156)
[  0  2  0  2  0  0  0  0  1 ] (0.00009125)
[  0  2  0  2  0  0  0  1  0 ] (0.00000792)
[  0  2  0  2  0  0  1  0  0 ] (0.00010175)
[  0  2  0  2  0  1  0  0  0 ] (0.00007744)
[  0  2  0  2  1  0  0  0  0 ] (0.00003593)
[  0  2  0  3  0  0  0  0  0 ] (0.00005562)
[  0  2  1  0  0  0  0  0  0 ] (0.00002705)
[  0  2  1  0  0  0  0  0  1 ] (0.00012922)
[  0  2  1  0  0  0  0  0  2 ] (0.00000087)
[  0  2  1  0  0  0  0  1  0 ] (0.00008683)
[  0  2  1  0  0  0  0  1  1 ] (0.00000022)
[  0  2  1  0  0  0  0  2  0 ] (0.00002642)
[  0  2  1  0  0  0  1  0  0 ] (0.00003293)
[  0  2  1  0  0  0  1  0  1 ] (0.00000242)
[  0  2  1  0  0  0  1  1  0 ] (0.00000049)
[  0  2  1  0  0  0  2  0  0 ] (0.00027860)
[  0  2  1  0  0  1  0  0  0 ] (0.00004421)
[  0  2  1  0  0  1  0  0  1 ] (0.00007825)
[  0  2  1  0  0  1  0  1  0 ] (0.00006513)
[  0  2  1  0  0  1  1  0  0 ] (0.00007010)
[  0  2  1  0  0  2  0  0  0 ] (0.00001234)
[  0  2  1  0  1  0  0  0  0 ] (0.00000260)
[  0  2  1  0  1  0  0  0  1 ] (0.00044571)
[  0  2  1  0  1  0  0  1  0 ] (0.00005063)
[  0  2  1  0  1  0  1  0  0 ] (0.00000758)
[  0  2  1  0  1  1  0  0  0 ] (0.00000017)
[  0  2  1  0  2  0  0  0  0 ] (0.00002021)
[  0  2  1  1  0  0  0  0  0 ] (0.00000035)
[  0  2  1  1  0  0  0  0  1 ] (0.00077645)
[  0  2  1  1  0  0  0  1  0 ] (0.00007089)
[  0  2  1  1  0  0  1  0  0 ] (0.00019649)
[  0  2  1  1  0  1  0  0  0 ] (0.00004467)
[  0  2  1  1  1  0  0  0  0 ] (0.00036811)
[  0  2  1  2  0  0  0  0  0 ] (0.00004244)
[  0  2  2  0  0  0  0  0  0 ] (0.00000100)
[  0  2  2  0  0  0  0  0  1 ] (0.00017839)
[  0  2  2  0  0  0  0  1  0 ] (0.00000022)
[  0  2  2  0  0  0  1  0  0 ] (0.00009756)
[  0  2  2  0  0  1  0  0  0 ] (0.00000018)
[  0  2  2  0  1  0  0  0  0 ] (0.00006142)
[  0  2  2  1  0  0  0  0  0 ] (0.00000781)
[  0  2  3  0  0  0  0  0  0 ] (0.00000781)
[  0  3  0  0  0  0  0  0  0 ] (0.00000360)
[  0  3  0  0  0  0  0  0  1 ] (0.00020066)
[  0  3  0  0  0  0  0  0  2 ] (0.00000759)
[  0  3  0  0  0  0  0  1  0 ] (0.00025501)
[  0  3  0  0  0  0  0  1  1 ] (0.00003612)
[  0  3  0  0  0  0  0  2  0 ] (0.00024903)
[  0  3  0  0  0  0  1  0  0 ] (0.00028401)
[  0  3  0  0  0  0  1  0  1 ] (0.00000000)
[  0  3  0  0  0  0  1  1  0 ] (0.00015012)
[  0  3  0  0  0  0  2  0  0 ] (0.00392540)
[  0  3  0  0  0  1  0  0  0 ] (0.00001946)
[  0  3  0  0  0  1  0  0  1 ] (0.00000069)
[  0  3  0  0  0  1  0  1  0 ] (0.00005156)
[  0  3  0  0  0  1  1  0  0 ] (0.00668690)
[  0  3  0  0  0  2  0  0  0 ] (0.00000024)
[  0  3  0  0  1  0  0  0  0 ] (0.00001287)
[  0  3  0  0  1  0  0  0  1 ] (0.00038839)
[  0  3  0  0  1  0  0  1  0 ] (0.00007627)
[  0  3  0  0  1  0  1  0  0 ] (0.01305997)
[  0  3  0  0  1  1  0  0  0 ] (0.00027373)
[  0  3  0  0  2  0  0  0  0 ] (0.00000927)
[  0  3  0  1  0  0  0  0  0 ] (0.00001105)
[  0  3  0  1  0  0  0  0  1 ] (0.00013137)
[  0  3  0  1  0  0  0  1  0 ] (0.00039777)
[  0  3  0  1  0  0  1  0  0 ] (0.00166630)
[  0  3  0  1  0  1  0  0  0 ] (0.00000937)
[  0  3  0  1  1  0  0  0  0 ] (0.00008705)
[  0  3  0  2  0  0  0  0  0 ] (0.00000003)
[  0  3  1  0  0  0  0  0  0 ] (0.00014563)
[  0  3  1  0  0  0  0  0  1 ] (0.02372252)
[  0  3  1  0  0  0  0  1  0 ] (0.02306478)
[  0  3  1  0  0  0  1  0  0 ] (0.00000599)
[  0  3  1  0  0  1  0  0  0 ] (0.00003378)
[  0  3  1  0  1  0  0  0  0 ] (0.00005188)
[  0  3  1  1  0  0  0  0  0 ] (0.00000065)
[  0  3  2  0  0  0  0  0  0 ] (0.00000511)
[  0  4  0  0  0  0  0  0  0 ] (0.00000034)
[  0  4  0  0  0  0  0  0  1 ] (0.00000066)
[  0  4  0  0  0  0  0  1  0 ] (0.00053292)
[  0  4  0  0  0  0  1  0  0 ] (0.00000493)
[  0  4  0  0  0  1  0  0  0 ] (0.00001041)
[  0  4  0  0  1  0  0  0  0 ] (0.00000249)
[  0  4  0  1  0  0  0  0  0 ] (0.00000005)
[  0  4  1  0  0  0  0  0  0 ] (0.00001846)
[  0  5  0  0  0  0  0  0  0 ] (0.00000144)
[  1  0  0  0  0  0  0  0  0 ] (0.00001327)
[  1  0  0  0  0  0  0  0  1 ] (0.00000267)
[  1  0  0  0  0  0  0  0  2 ] (0.00037285)
[  1  0  0  0  0  0  0  0  3 ] (0.00002158)
[  1  0  0  0  0  0  0  0  4 ] (0.00000031)
[  1  0  0  0  0  0  0  1  0 ] (0.00000925)
[  1  0  0  0  0  0  0  1  1 ] (0.00007738)
[  1  0  0  0  0  0  0  1  2 ] (0.00000003)
[  1  0  0  0  0  0  0  1  3 ] (0.00000092)
[  1  0  0  0  0  0  0  2  0 ] (0.00002487)
[  1  0  0  0  0  0  0  2  1 ] (0.00001132)
[  1  0  0  0  0  0  0  2  2 ] (0.00000054)
[  1  0  0  0  0  0  0  3  0 ] (0.00011618)
[  1  0  0  0  0  0  0  3  1 ] (0.00000021)
[  1  0  0  0  0  0  0  4  0 ] (0.00000300)
[  1  0  0  0  0  0  1  0  0 ] (0.00000229)
[  1  0  0  0  0  0  1  0  1 ] (0.00010341)
[  1  0  0  0  0  0  1  0  2 ] (0.00001875)
[  1  0  0  0  0  0  1  0  3 ] (0.00001545)
[  1  0  0  0  0  0  1  1  0 ] (0.00000768)
[  1  0  0  0  0  0  1  1  1 ] (0.00000038)
[  1  0  0  0  0  0  1  1  2 ] (0.00000055)
[  1  0  0  0  0  0  1  2  0 ] (0.00000591)
[  1  0  0  0  0  0  1  2  1 ] (0.00000124)
[  1  0  0  0  0  0  1  3  0 ] (0.00000395)
[  1  0  0  0  0  0  2  0  0 ] (0.00003363)
[  1  0  0  0  0  0  2  0  1 ] (0.00012249)
[  1  0  0  0  0  0  2  0  2 ] (0.00000115)
[  1  0  0  0  0  0  2  1  0 ] (0.00000674)
[  1  0  0  0  0  0  2  1  1 ] (0.00000021)
[  1  0  0  0  0  0  2  2  0 ] (0.00000048)
[  1  0  0  0  0  0  3  0  0 ] (0.00007722)
[  1  0  0  0  0  0  3  0  1 ] (0.00000169)
[  1  0  0  0  0  0  3  1  0 ] (0.00000011)
[  1  0  0  0  0  0  4  0  0 ] (0.00000082)
[  1  0  0  0  0  1  0  0  0 ] (0.00002751)
[  1  0  0  0  0  1  0  0  1 ] (0.00005208)
[  1  0  0  0  0  1  0  0  2 ] (0.00010235)
[  1  0  0  0  0  1  0  0  3 ] (0.00000294)
[  1  0  0  0  0  1  0  1  0 ] (0.00002666)
[  1  0  0  0  0  1  0  1  1 ] (0.00004863)
[  1  0  0  0  0  1  0  1  2 ] (0.00000684)
[  1  0  0  0  0  1  0  2  0 ] (0.00008686)
[  1  0  0  0  0  1  0  2  1 ] (0.00001029)
[  1  0  0  0  0  1  0  3  0 ] (0.00000020)
[  1  0  0  0  0  1  1  0  0 ] (0.00012428)
[  1  0  0  0  0  1  1  0  1 ] (0.00000014)
[  1  0  0  0  0  1  1  0  2 ] (0.00000038)
[  1  0  0  0  0  1  1  1  0 ] (0.00000037)
[  1  0  0  0  0  1  1  1  1 ] (0.00000126)
[  1  0  0  0  0  1  1  2  0 ] (0.00002478)
[  1  0  0  0  0  1  2  0  0 ] (0.00023909)
[  1  0  0  0  0  1  2  0  1 ] (0.00002418)
[  1  0  0  0  0  1  2  1  0 ] (0.00000000)
[  1  0  0  0  0  1  3  0  0 ] (0.00000101)
[  1  0  0  0  0  2  0  0  0 ] (0.00002351)
[  1  0  0  0  0  2  0  0  1 ] (0.00009941)
[  1  0  0  0  0  2  0  0  2 ] (0.00000282)
[  1  0  0  0  0  2  0  1  0 ] (0.00002397)
[  1  0  0  0  0  2  0  1  1 ] (0.00000742)
[  1  0  0  0  0  2  0  2  0 ] (0.00000635)
[  1  0  0  0  0  2  1  0  0 ] (0.00010630)
[  1  0  0  0  0  2  1  0  1 ] (0.00002207)
[  1  0  0  0  0  2  1  1  0 ] (0.00001053)
[  1  0  0  0  0  2  2  0  0 ] (0.00000498)
[  1  0  0  0  0  3  0  0  0 ] (0.00000282)
[  1  0  0  0  0  3  0  0  1 ] (0.00000673)
[  1  0  0  0  0  3  0  1  0 ] (0.00002734)
[  1  0  0  0  0  3  1  0  0 ] (0.00010412)
[  1  0  0  0  0  4  0  0  0 ] (0.00029122)
[  1  0  0  0  1  0  0  0  0 ] (0.00000432)
[  1  0  0  0  1  0  0  0  1 ] (0.00119437)
[  1  0  0  0  1  0  0  0  2 ] (0.00002894)
[  1  0  0  0  1  0  0  0  3 ] (0.00000340)
[  1  0  0  0  1  0  0  1  0 ] (0.00017671)
[  1  0  0  0  1  0  0  1  1 ] (0.00000411)
[  1  0  0  0  1  0  0  1  2 ] (0.00000430)
[  1  0  0  0  1  0  0  2  0 ] (0.00001497)
[  1  0  0  0  1  0  0  2  1 ] (0.00000067)
[  1  0  0  0  1  0  0  3  0 ] (0.00000043)
[  1  0  0  0  1  0  1  0  0 ] (0.00004599)
[  1  0  0  0  1  0  1  0  1 ] (0.00014904)
[  1  0  0  0  1  0  1  0  2 ] (0.00000242)
[  1  0  0  0  1  0  1  1  0 ] (0.00000625)
[  1  0  0  0  1  0  1  1  1 ] (0.00001511)
[  1  0  0  0  1  0  1  2  0 ] (0.00000073)
[  1  0  0  0  1  0  2  0  0 ] (0.00017459)
[  1  0  0  0  1  0  2  0  1 ] (0.00003248)
[  1  0  0  0  1  0  2  1  0 ] (0.00003615)
[  1  0  0  0  1  0  3  0  0 ] (0.00000511)
[  1  0  0  0  1  1  0  0  0 ] (0.00000204)
[  1  0  0  0  1  1  0  0  1 ] (0.00034355)
[  1  0  0  0  1  1  0  0  2 ] (0.00013825)
[  1  0  0  0  1  1  0  1  0 ] (0.00067230)
[  1  0  0  0  1  1  0  1  1 ] (0.00000406)
[  1  0  0  0  1  1  0  2  0 ] (0.00000420)
[  1  0  0  0  1  1  1  0  0 ] (0.00162028)
[  1  0  0  0  1  1  1  0  1 ] (0.00014918)
[  1  0  0  0  1  1  1  1  0 ] (0.00003802)
[  1  0  0  0  1  1  2  0  0 ] (0.00003225)
[  1  0  0  0  1  2  0  0  0 ] (0.00005640)
[  1  0  0  0  1  2  0  0  1 ] (0.00000766)
[  1  0  0  0  1  2  0  1  0 ] (0.00000509)
[  1  0  0  0  1  2  1  0  0 ] (0.00011829)
[  1  0  0  0  1  3  0  0  0 ] (0.00010155)
[  1  0  0  0  2  0  0  0  0 ] (0.00005341)
[  1  0  0  0  2  0  0  0  1 ] (0.00003520)
[  1  0  0  0  2  0  0  0  2 ] (0.00000721)
[  1  0  0  0  2  0  0  1  0 ] (0.00004189)
[  1  0  0  0  2  0  0  1  1 ] (0.00002375)
[  1  0  0  0  2  0  0  2  0 ] (0.00000012)
[  1  0  0  0  2  0  1  0  0 ] (0.00000310)
[  1  0  0  0  2  0  1  0  1 ] (0.00000120)
[  1  0  0  0  2  0  1  1  0 ] (0.00003633)
[  1  0  0  0  2  0  2  0  0 ] (0.00006595)
[  1  0  0  0  2  1  0  0  0 ] (0.00003913)
[  1  0  0  0  2  1  0  0  1 ] (0.00002912)
[  1  0  0  0  2  1  0  1  0 ] (0.00002511)
[  1  0  0  0  2  1  1  0  0 ] (0.00005166)
[  1  0  0  0  2  2  0  0  0 ] (0.00029667)
[  1  0  0  0  3  0  0  0  0 ] (0.00007488)
[  1  0  0  0  3  0  0  0  1 ] (0.00002418)
[  1  0  0  0  3  0  0  1  0 ] (0.00016674)
[  1  0  0  0  3  0  1  0  0 ] (0.00041828)
[  1  0  0  0  3  1  0  0  0 ] (0.00002746)
[  1  0  0  0  4  0  0  0  0 ] (0.00306502)
[  1  0  0  1  0  0  0  0  0 ] (0.00000167)
[  1  0  0  1  0  0  0  0  1 ] (0.00227026)
[  1  0  0  1  0  0  0  0  2 ] (0.00025277)
[  1  0  0  1  0  0  0  0  3 ] (0.00001515)
[  1  0  0  1  0  0  0  1  0 ] (0.00017922)
[  1  0  0  1  0  0  0  1  1 ] (0.00000457)
[  1  0  0  1  0  0  0  1  2 ] (0.00000046)
[  1  0  0  1  0  0  0  2  0 ] (0.00042890)
[  1  0  0  1  0  0  0  2  1 ] (0.00004008)
[  1  0  0  1  0  0  0  3  0 ] (0.00001117)
[  1  0  0  1  0  0  1  0  0 ] (0.00000095)
[  1  0  0  1  0  0  1  0  1 ] (0.00003879)
[  1  0  0  1  0  0  1  0  2 ] (0.00001306)
[  1  0  0  1  0  0  1  1  0 ] (0.00000053)
[  1  0  0  1  0  0  1  1  1 ] (0.00001705)
[  1  0  0  1  0  0  1  2  0 ] (0.00001714)
[  1  0  0  1  0  0  2  0  0 ] (0.00000200)
[  1  0  0  1  0  0  2  0  1 ] (0.00000546)
[  1  0  0  1  0  0  2  1  0 ] (0.00000159)
[  1  0  0  1  0  0  3  0  0 ] (0.00017906)
[  1  0  0  1  0  1  0  0  0 ] (0.00035881)
[  1  0  0  1  0  1  0  0  1 ] (0.03766602)
[  1  0  0  1  0  1  0  0  2 ] (0.00059805)
[  1  0  0  1  0  1  0  1  0 ] (0.01158443)
[  1  0  0  1  0  1  0  1  1 ] (0.00021280)
[  1  0  0  1  0  1  0  2  0 ] (0.00020479)
[  1  0  0  1  0  1  1  0  0 ] (0.00098329)
[  1  0  0  1  0  1  1  0  1 ] (0.00027204)
[  1  0  0  1  0  1  1  1  0 ] (0.00053686)
[  1  0  0  1  0  1  2  0  0 ] (0.00126161)
[  1  0  0  1  0  2  0  0  0 ] (0.00005068)
[  1  0  0  1  0  2  0  0  1 ] (0.00418278)
[  1  0  0  1  0  2  0  1  0 ] (0.00081597)
[  1  0  0  1  0  2  1  0  0 ] (0.00029847)
[  1  0  0  1  0  3  0  0  0 ] (0.00489416)
[  1  0  0  1  1  0  0  0  0 ] (0.00001409)
[  1  0  0  1  1  0  0  0  1 ] (0.00347614)
[  1  0  0  1  1  0  0  0  2 ] (0.00014610)
[  1  0  0  1  1  0  0  1  0 ] (0.00093250)
[  1  0  0  1  1  0  0  1  1 ] (0.00018524)
[  1  0  0  1  1  0  0  2  0 ] (0.00001920)
[  1  0  0  1  1  0  1  0  0 ] (0.00061786)
[  1  0  0  1  1  0  1  0  1 ] (0.00037030)
[  1  0  0  1  1  0  1  1  0 ] (0.00004340)
[  1  0  0  1  1  0  2  0  0 ] (0.00011543)
[  1  0  0  1  1  1  0  0  0 ] (0.00002374)
[  1  0  0  1  1  1  0  0  1 ] (0.00008844)
[  1  0  0  1  1  1  0  1  0 ] (0.00000542)
[  1  0  0  1  1  1  1  0  0 ] (0.00024342)
[  1  0  0  1  1  2  0  0  0 ] (0.00002338)
[  1  0  0  1  2  0  0  0  0 ] (0.00086331)
[  1  0  0  1  2  0  0  0  1 ] (0.00127047)
[  1  0  0  1  2  0  0  1  0 ] (0.00001658)
[  1  0  0  1  2  0  1  0  0 ] (0.00034132)
[  1  0  0  1  2  1  0  0  0 ] (0.00450079)
[  1  0  0  1  3  0  0  0  0 ] (0.00065517)
[  1  0  0  2  0  0  0  0  0 ] (0.00000229)
[  1  0  0  2  0  0  0  0  1 ] (0.00011712)
[  1  0  0  2  0  0  0  0  2 ] (0.00000660)
[  1  0  0  2  0  0  0  1  0 ] (0.00000173)
[  1  0  0  2  0  0  0  1  1 ] (0.00000332)
[  1  0  0  2  0  0  0  2  0 ] (0.00002450)
[  1  0  0  2  0  0  1  0  0 ] (0.00000544)
[  1  0  0  2  0  0  1  0  1 ] (0.00000010)
[  1  0  0  2  0  0  1  1  0 ] (0.00000607)
[  1  0  0  2  0  0  2  0  0 ] (0.00008148)
[  1  0  0  2  0  1  0  0  0 ] (0.00001031)
[  1  0  0  2  0  1  0  0  1 ] (0.00028269)
[  1  0  0  2  0  1  0  1  0 ] (0.00006735)
[  1  0  0  2  0  1  1  0  0 ] (0.00471544)
[  1  0  0  2  0  2  0  0  0 ] (0.00007849)
[  1  0  0  2  1  0  0  0  0 ] (0.00011081)
[  1  0  0  2  1  0  0  0  1 ] (0.00000011)
[  1  0  0  2  1  0  0  1  0 ] (0.00000742)
[  1  0  0  2  1  0  1  0  0 ] (0.00039744)
[  1  0  0  2  1  1  0  0  0 ] (0.00060812)
[  1  0  0  2  2  0  0  0  0 ] (0.00000255)
[  1  0  0  3  0  0  0  0  0 ] (0.00000707)
[  1  0  0  3  0  0  0  0  1 ] (0.00008328)
[  1  0  0  3  0  0  0  1  0 ] (0.00038302)
[  1  0  0  3  0  0  1  0  0 ] (0.00000015)
[  1  0  0  3  0  1  0  0  0 ] (0.00001999)
[  1  0  0  3  1  0  0  0  0 ] (0.00006311)
[  1  0  0  4  0  0  0  0  0 ] (0.00000563)
[  1  0  1  0  0  0  0  0  0 ] (0.00000127)
[  1  0  1  0  0  0  0  0  1 ] (0.00008744)
[  1  0  1  0  0  0  0  0  2 ] (0.00004541)
[  1  0  1  0  0  0  0  0  3 ] (0.00000016)
[  1  0  1  0  0  0  0  1  0 ] (0.00000823)
[  1  0  1  0  0  0  0  1  1 ] (0.00000790)
[  1  0  1  0  0  0  0  1  2 ] (0.00000065)
[  1  0  1  0  0  0  0  2  0 ] (0.00007152)
[  1  0  1  0  0  0  0  2  1 ] (0.00000874)
[  1  0  1  0  0  0  0  3  0 ] (0.00001199)
[  1  0  1  0  0  0  1  0  0 ] (0.00007122)
[  1  0  1  0  0  0  1  0  1 ] (0.00000023)
[  1  0  1  0  0  0  1  0  2 ] (0.00000388)
[  1  0  1  0  0  0  1  1  0 ] (0.00000939)
[  1  0  1  0  0  0  1  1  1 ] (0.00001160)
[  1  0  1  0  0  0  1  2  0 ] (0.00000144)
[  1  0  1  0  0  0  2  0  0 ] (0.00002619)
[  1  0  1  0  0  0  2  0  1 ] (0.00000311)
[  1  0  1  0  0  0  2  1  0 ] (0.00000372)
[  1  0  1  0  0  0  3  0  0 ] (0.00003770)
[  1  0  1  0  0  1  0  0  0 ] (0.00000244)
[  1  0  1  0  0  1  0  0  1 ] (0.00015049)
[  1  0  1  0  0  1  0  0  2 ] (0.00000658)
[  1  0  1  0  0  1  0  1  0 ] (0.00208104)
[  1  0  1  0  0  1  0  1  1 ] (0.00005233)
[  1  0  1  0  0  1  0  2  0 ] (0.00000786)
[  1  0  1  0  0  1  1  0  0 ] (0.00018040)
[  1  0  1  0  0  1  1  0  1 ] (0.00000409)
[  1  0  1  0  0  1  1  1  0 ] (0.00005755)
[  1  0  1  0  0  1  2  0  0 ] (0.00000710)
[  1  0  1  0  0  2  0  0  0 ] (0.00000548)
[  1  0  1  0  0  2  0  0  1 ] (0.00000317)
[  1  0  1  0  0  2  0  1  0 ] (0.00005424)
[  1  0  1  0  0  2  1  0  0 ] (0.00015240)
[  1  0  1  0  0  3  0  0  0 ] (0.00007006)
[  1  0  1  0  1  0  0  0  0 ] (0.00093494)
[  1  0  1  0  1  0  0  0  1 ] (0.02584696)
[  1  0  1  0  1  0  0  0  2 ] (0.00085915)
[  1  0  1  0  1  0  0  1  0 ] (0.00001822)
[  1  0  1  0  1  0  0  1  1 ] (0.00001658)
[  1  0  1  0  1  0  0  2  0 ] (0.00005979)
[  1  0  1  0  1  0  1  0  0 ] (0.00032052)
[  1  0  1  0  1  0  1  0  1 ] (0.00008956)
[  1  0  1  0  1  0  1  1  0 ] (0.00002312)
[  1  0  1  0  1  0  2  0  0 ] (0.00041058)
[  1  0  1  0  1  1  0  0  0 ] (0.00051850)
[  1  0  1  0  1  1  0  0  1 ] (0.00132950)
[  1  0  1  0  1  1  0  1  0 ] (0.00004771)
[  1  0  1  0  1  1  1  0  0 ] (0.00000697)
[  1  0  1  0  1  2  0  0  0 ] (0.00459236)
[  1  0  1  0  2  0  0  0  0 ] (0.00014554)
[  1  0  1  0  2  0  0  0  1 ] (0.00000502)
[  1  0  1  0  2  0  0  1  0 ] (0.00005205)
[  1  0  1  0  2  0  1  0  0 ] (0.00002632)
[  1  0  1  0  2  1  0  0  0 ] (0.00056820)
[  1  0  1  0  3  0  0  0  0 ] (0.00004000)
[  1  0  1  1  0  0  0  0  0 ] (0.00001662)
[  1  0  1  1  0  0  0  0  1 ] (0.00026960)
[  1  0  1  1  0  0  0  0  2 ] (0.00007512)
[  1  0  1  1  0  0  0  1  0 ] (0.00003937)
[  1  0  1  1  0  0  0  1  1 ] (0.00001390)
[  1  0  1  1  0  0  0  2  0 ] (0.00000002)
[  1  0  1  1  0  0  1  0  0 ] (0.00000793)
[  1  0  1  1  0  0  1  0  1 ] (0.00001746)
[  1  0  1  1  0  0  1  1  0 ] (0.00001728)
[  1  0  1  1  0  0  2  0  0 ] (0.00000660)
[  1  0  1  1  0  1  0  0  0 ] (0.00005110)
[  1  0  1  1  0  1  0  0  1 ] (0.00136382)
[  1  0  1  1  0  1  0  1  0 ] (0.00030210)
[  1  0  1  1  0  1  1  0  0 ] (0.00015409)
[  1  0  1  1  0  2  0  0  0 ] (0.00029928)
[  1  0  1  1  1  0  0  0  0 ] (0.00016921)
[  1  0  1  1  1  0  0  0  1 ] (0.00022988)
[  1  0  1  1  1  0  0  1  0 ] (0.00023216)
[  1  0  1  1  1  0  1  0  0 ] (0.00008525)
[  1  0  1  1  1  1  0  0  0 ] (0.00154019)
[  1  0  1  1  2  0  0  0  0 ] (0.00355898)
[  1  0  1  2  0  0  0  0  0 ] (0.00043463)
[  1  0  1  2  0  0  0  0  1 ] (0.00399558)
[  1  0  1  2  0  0  0  1  0 ] (0.00003425)
[  1  0  1  2  0  0  1  0  0 ] (0.02685620)
[  1  0  1  2  0  1  0  0  0 ] (0.00052358)
[  1  0  1  2  1  0  0  0  0 ] (0.00041671)
[  1  0  1  3  0  0  0  0  0 ] (0.00007514)
[  1  0  2  0  0  0  0  0  0 ] (0.00002335)
[  1  0  2  0  0  0  0  0  1 ] (0.00001617)
[  1  0  2  0  0  0  0  0  2 ] (0.00001315)
[  1  0  2  0  0  0  0  1  0 ] (0.00000358)
[  1  0  2  0  0  0  0  1  1 ] (0.00000624)
[  1  0  2  0  0  0  0  2  0 ] (0.00001188)
[  1  0  2  0  0  0  1  0  0 ] (0.00000144)
[  1  0  2  0  0  0  1  0  1 ] (0.00000132)
[  1  0  2  0  0  0  1  1  0 ] (0.00000608)
[  1  0  2  0  0  0  2  0  0 ] (0.00004222)
[  1  0  2  0  0  1  0  0  0 ] (0.00000002)
[  1  0  2  0  0  1  0  0  1 ] (0.00023264)
[  1  0  2  0  0  1  0  1  0 ] (0.00060659)
[  1  0  2  0  0  1  1  0  0 ] (0.00056437)
[  1  0  2  0  0  2  0  0  0 ] (0.00001043)
[  1  0  2  0  1  0  0  0  0 ] (0.00001779)
[  1  0  2  0  1  0  0  0  1 ] (0.00073413)
[  1  0  2  0  1  0  0  1  0 ] (0.00004713)
[  1  0  2  0  1  0  1  0  0 ] (0.00007391)
[  1  0  2  0  1  1  0  0  0 ] (0.00005133)
[  1  0  2  0  2  0  0  0  0 ] (0.00000138)
[  1  0  2  1  0  0  0  0  0 ] (0.00002611)
[  1  0  2  1  0  0  0  0  1 ] (0.00145131)
[  1  0  2  1  0  0  0  1  0 ] (0.00001901)
[  1  0  2  1  0  0  1  0  0 ] (0.00308082)
[  1  0  2  1  0  1  0  0  0 ] (0.00003886)
[  1  0  2  1  1  0  0  0  0 ] (0.00010986)
[  1  0  2  2  0  0  0  0  0 ] (0.00001343)
[  1  0  3  0  0  0  0  0  0 ] (0.00000822)
[  1  0  3  0  0  0  0  0  1 ] (0.00004041)
[  1  0  3  0  0  0  0  1  0 ] (0.00000039)
[  1  0  3  0  0  0  1  0  0 ] (0.00001592)
[  1  0  3  0  0  1  0  0  0 ] (0.00001097)
[  1  0  3  0  1  0  0  0  0 ] (0.00023189)
[  1  0  3  1  0  0  0  0  0 ] (0.00001555)
[  1  0  4  0  0  0  0  0  0 ] (0.00000742)
[  1  1  0  0  0  0  0  0  0 ] (0.00000691)
[  1  1  0  0  0  0  0  0  1 ] (0.00017278)
[  1  1  0  0  0  0  0  0  2 ] (0.00023145)
[  1  1  0  0  0  0  0  0  3 ] (0.00000248)
[  1  1  0  0  0  0  0  1  0 ] (0.00000027)
[  1  1  0  0  0  0  0  1  1 ] (0.00001870)
[  1  1  0  0  0  0  0  1  2 ] (0.00000182)
[  1  1  0  0  0  0  0  2  0 ] (0.00070536)
[  1  1  0  0  0  0  0  2  1 ] (0.00009346)
[  1  1  0  0  0  0  0  3  0 ] (0.00007063)
[  1  1  0  0  0  0  1  0  0 ] (0.00001988)
[  1  1  0  0  0  0  1  0  1 ] (0.00010729)
[  1  1  0  0  0  0  1  0  2 ] (0.00000728)
[  1  1  0  0  0  0  1  1  0 ] (0.00000954)
[  1  1  0  0  0  0  1  1  1 ] (0.00000077)
[  1  1  0  0  0  0  1  2  0 ] (0.00005509)
[  1  1  0  0  0  0  2  0  0 ] (0.00001552)
[  1  1  0  0  0  0  2  0  1 ] (0.00000615)
[  1  1  0  0  0  0  2  1  0 ] (0.00000036)
[  1  1  0  0  0  0  3  0  0 ] (0.00006508)
[  1  1  0  0  0  1  0  0  0 ] (0.00000339)
[  1  1  0  0  0  1  0  0  1 ] (0.00029195)
[  1  1  0  0  0  1  0  0  2 ] (0.00000568)
[  1  1  0  0  0  1  0  1  0 ] (0.00141998)
[  1  1  0  0  0  1  0  1  1 ] (0.00009466)
[  1  1  0  0  0  1  0  2  0 ] (0.00001730)
[  1  1  0  0  0  1  1  0  0 ] (0.00005552)
[  1  1  0  0  0  1  1  0  1 ] (0.00000838)
[  1  1  0  0  0  1  1  1  0 ] (0.00007621)
[  1  1  0  0  0  1  2  0  0 ] (0.00036881)
[  1  1  0  0  0  2  0  0  0 ] (0.00000238)
[  1  1  0  0  0  2  0  0  1 ] (0.00034051)
[  1  1  0  0  0  2  0  1  0 ] (0.00000250)
[  1  1  0  0  0  2  1  0  0 ] (0.00001894)
[  1  1  0  0  0  3  0  0  0 ] (0.00000421)
[  1  1  0  0  1  0  0  0  0 ] (0.00007910)
[  1  1  0  0  1  0  0  0  1 ] (0.00359553)
[  1  1  0  0  1  0  0  0  2 ] (0.00002406)
[  1  1  0  0  1  0  0  1  0 ] (0.00119911)
[  1  1  0  0  1  0  0  1  1 ] (0.00002040)
[  1  1  0  0  1  0  0  2  0 ] (0.00004531)
[  1  1  0  0  1  0  1  0  0 ] (0.00158064)
[  1  1  0  0  1  0  1  0  1 ] (0.00017946)
[  1  1  0  0  1  0  1  1  0 ] (0.00009231)
[  1  1  0  0  1  0  2  0  0 ] (0.00003066)
[  1  1  0  0  1  1  0  0  0 ] (0.00001127)
[  1  1  0  0  1  1  0  0  1 ] (0.00034994)
[  1  1  0  0  1  1  0  1  0 ] (0.00001626)
[  1  1  0  0  1  1  1  0  0 ] (0.00010304)
[  1  1  0  0  1  2  0  0  0 ] (0.00011195)
[  1  1  0  0  2  0  0  0  0 ] (0.00002204)
[  1  1  0  0  2  0  0  0  1 ] (0.00028359)
[  1  1  0  0  2  0  0  1  0 ] (0.00004023)
[  1  1  0  0  2  0  1  0  0 ] (0.00002419)
[  1  1  0  0  2  1  0  0  0 ] (0.00004630)
[  1  1  0  0  3  0  0  0  0 ] (0.00000269)
[  1  1  0  1  0  0  0  0  0 ] (0.00009235)
[  1  1  0  1  0  0  0  0  1 ] (0.00006148)
[  1  1  0  1  0  0  0  0  2 ] (0.00001095)
[  1  1  0  1  0  0  0  1  0 ] (0.00017348)
[  1  1  0  1  0  0  0  1  1 ] (0.00000281)
[  1  1  0  1  0  0  0  2  0 ] (0.00000081)
[  1  1  0  1  0  0  1  0  0 ] (0.00011297)
[  1  1  0  1  0  0  1  0  1 ] (0.00002577)
[  1  1  0  1  0  0  1  1  0 ] (0.00000555)
[  1  1  0  1  0  0  2  0  0 ] (0.00000671)
[  1  1  0  1  0  1  0  0  0 ] (0.00003419)
[  1  1  0  1  0  1  0  0  1 ] (0.00145458)
[  1  1  0  1  0  1  0  1  0 ] (0.00004346)
[  1  1  0  1  0  1  1  0  0 ] (0.00096162)
[  1  1  0  1  0  2  0  0  0 ] (0.00011331)
[  1  1  0  1  1  0  0  0  0 ] (0.00191955)
[  1  1  0  1  1  0  0  0  1 ] (0.00016739)
[  1  1  0  1  1  0  0  1  0 ] (0.00001418)
[  1  1  0  1  1  0  1  0  0 ] (0.00051207)
[  1  1  0  1  1  1  0  0  0 ] (0.00893582)
[  1  1  0  1  2  0  0  0  0 ] (0.00000049)
[  1  1  0  2  0  0  0  0  0 ] (0.00004556)
[  1  1  0  2  0  0  0  0  1 ] (0.00192518)
[  1  1  0  2  0  0  0  1  0 ] (0.00014940)
[  1  1  0  2  0  0  1  0  0 ] (0.00403610)
[  1  1  0  2  0  1  0  0  0 ] (0.00002352)
[  1  1  0  2  1  0  0  0  0 ] (0.00000006)
[  1  1  0  3  0  0  0  0  0 ] (0.00005477)
[  1  1  1  0  0  0  0  0  0 ] (0.00013264)
[  1  1  1  0  0  0  0  0  1 ] (0.00000172)
[  1  1  1  0  0  0  0  0  2 ] (0.00002325)
[  1  1  1  0  0  0  0  1  0 ] (0.00013971)
[  1  1  1  0  0  0  0  1  1 ] (0.00002828)
[  1  1  1  0  0  0  0  2  0 ] (0.00006148)
[  1  1  1  0  0  0  1  0  0 ] (0.00001689)
[  1  1  1  0  0  0  1  0  1 ] (0.00001038)
[  1  1  1  0  0  0  1  1  0 ] (0.00000163)
[  1  1  1  0  0  0  2  0  0 ] (0.00000334)
[  1  1  1  0  0  1  0  0  0 ] (0.00001028)
[  1  1  1  0  0  1  0  0  1 ] (0.00011269)
[  1  1  1  0  0  1  0  1  0 ] (0.00000939)
[  1  1  1  0  0  1  1  0  0 ] (0.00019163)
[  1  1  1  0  0  2  0  0  0 ] (0.00000625)
[  1  1  1  0  1  0  0  0  0 ] (0.00003505)
[  1  1  1  0  1  0  0  0  1 ] (0.00007061)
[  1  1  1  0  1  0  0  1  0 ] (0.00000716)
[  1  1  1  0  1  0  1  0  0 ] (0.00096200)
[  1  1  1  0  1  1  0  0  0 ] (0.00004666)
[  1  1  1  0  2  0  0  0  0 ] (0.00012687)
[  1  1  1  1  0  0  0  0  0 ] (0.00003543)
[  1  1  1  1  0  0  0  0  1 ] (0.00027441)
[  1  1  1  1  0  0  0  1  0 ] (0.00030720)
[  1  1  1  1  0  0  1  0  0 ] (0.00040838)
[  1  1  1  1  0  1  0  0  0 ] (0.00006504)
[  1  1  1  1  1  0  0  0  0 ] (0.00045649)
[  1  1  1  2  0  0  0  0  0 ] (0.00021519)
[  1  1  2  0  0  0  0  0  0 ] (0.00003467)
[  1  1  2  0  0  0  0  0  1 ] (0.00476504)
[  1  1  2  0  0  0  0  1  0 ] (0.00001228)
[  1  1  2  0  0  0  1  0  0 ] (0.00018231)
[  1  1  2  0  0  1  0  0  0 ] (0.00000212)
[  1  1  2  0  1  0  0  0  0 ] (0.00004170)
[  1  1  2  1  0  0  0  0  0 ] (0.00001897)
[  1  1  3  0  0  0  0  0  0 ] (0.00000241)
[  1  2  0  0  0  0  0  0  0 ] (0.00000019)
[  1  2  0  0  0  0  0  0  1 ] (0.00009115)
[  1  2  0  0  0  0  0  0  2 ] (0.00016490)
[  1  2  0  0  0  0  0  1  0 ] (0.00007334)
[  1  2  0  0  0  0  0  1  1 ] (0.00001393)
[  1  2  0  0  0  0  0  2  0 ] (0.00002817)
[  1  2  0  0  0  0  1  0  0 ] (0.00001259)
[  1  2  0  0  0  0  1  0  1 ] (0.00000113)
[  1  2  0  0  0  0  1  1  0 ] (0.00001489)
[  1  2  0  0  0  0  2  0  0 ] (0.00378624)
[  1  2  0  0  0  1  0  0  0 ] (0.00000733)
[  1  2  0  0  0  1  0  0  1 ] (0.00016872)
[  1  2  0  0  0  1  0  1  0 ] (0.00008714)
[  1  2  0  0  0  1  1  0  0 ] (0.00057495)
[  1  2  0  0  0  2  0  0  0 ] (0.00002340)
[  1  2  0  0  1  0  0  0  0 ] (0.00000377)
[  1  2  0  0  1  0  0  0  1 ] (0.00089039)
[  1  2  0  0  1  0  0  1  0 ] (0.00000574)
[  1  2  0  0  1  0  1  0  0 ] (0.00412119)
[  1  2  0  0  1  1  0  0  0 ] (0.00000213)
[  1  2  0  0  2  0  0  0  0 ] (0.00000023)
[  1  2  0  1  0  0  0  0  0 ] (0.00003364)
[  1  2  0  1  0  0  0  0  1 ] (0.00094608)
[  1  2  0  1  0  0  0  1  0 ] (0.00004599)
[  1  2  0  1  0  0  1  0  0 ] (0.00119842)
[  1  2  0  1  0  1  0  0  0 ] (0.00000026)
[  1  2  0  1  1  0  0  0  0 ] (0.00003059)
[  1  2  0  2  0  0  0  0  0 ] (0.00000725)
[  1  2  1  0  0  0  0  0  0 ] (0.00000786)
[  1  2  1  0  0  0  0  0  1 ] (0.00001999)
[  1  2  1  0  0  0  0  1  0 ] (0.00025125)
[  1  2  1  0  0  0  1  0  0 ] (0.00031092)
[  1  2  1  0  0  1  0  0  0 ] (0.00000191)
[  1  2  1  0  1  0  0  0  0 ] (0.00011733)
[  1  2  1  1  0  0  0  0  0 ] (0.00001967)
[  1  2  2  0  0  0  0  0  0 ] (0.00000000)
[  1  3  0  0  0  0  0  0  0 ] (0.00000175)
[  1  3  0  0  0  0  0  0  1 ] (0.00013879)
[  1  3  0  0  0  0  0  1  0 ] (0.00002645)
[  1  3  0  0  0  0  1  0  0 ] (0.00001096)
[  1  3  0  0  0  1  0  0  0 ] (0.00002272)
[  1  3  0  0  1  0  0  0  0 ] (0.00002218)
[  1  3  0  1  0  0  0  0  0 ] (0.00000148)
[  1  3  1  0  0  0  0  0  0 ] (0.00003577)
[  1  4  0  0  0  0  0  0  0 ] (0.00000613)
[  2  0  0  0  0  0  0  0  0 ] (0.00000012)
[  2  0  0  0  0  0  0  0  1 ] (0.00012336)
[  2  0  0  0  0  0  0  0  2 ] (0.00039252)
[  2  0  0  0  0  0  0  0  3 ] (0.00000493)
[  2  0  0  0  0  0  0  1  0 ] (0.00001502)
[  2  0  0  0  0  0  0  1  1 ] (0.00002971)
[  2  0  0  0  0  0  0  1  2 ] (0.00000001)
[  2  0  0  0  0  0  0  2  0 ] (0.00002459)
[  2  0  0  0  0  0  0  2  1 ] (0.00000771)
[  2  0  0  0  0  0  0  3  0 ] (0.00007169)
[  2  0  0  0  0  0  1  0  0 ] (0.00027593)
[  2  0  0  0  0  0  1  0  1 ] (0.00405841)
[  2  0  0  0  0  0  1  0  2 ] (0.00016624)
[  2  0  0  0  0  0  1  1  0 ] (0.00032789)
[  2  0  0  0  0  0  1  1  1 ] (0.00002526)
[  2  0  0  0  0  0  1  2  0 ] (0.00000438)
[  2  0  0  0  0  0  2  0  0 ] (0.00005486)
[  2  0  0  0  0  0  2  0  1 ] (0.00001240)
[  2  0  0  0  0  0  2  1  0 ] (0.00006387)
[  2  0  0  0  0  0  3  0  0 ] (0.00015543)
[  2  0  0  0  0  1  0  0  0 ] (0.00001526)
[  2  0  0  0  0  1  0  0  1 ] (0.00082369)
[  2  0  0  0  0  1  0  0  2 ] (0.00000635)
[  2  0  0  0  0  1  0  1  0 ] (0.00003619)
[  2  0  0  0  0  1  0  1  1 ] (0.00000235)
[  2  0  0  0  0  1  0  2  0 ] (0.00000091)
[  2  0  0  0  0  1  1  0  0 ] (0.00000462)
[  2  0  0  0  0  1  1  0  1 ] (0.00028890)
[  2  0  0  0  0  1  1  1  0 ] (0.00001204)
[  2  0  0  0  0  1  2  0  0 ] (0.00131423)
[  2  0  0  0  0  2  0  0  0 ] (0.00004431)
[  2  0  0  0  0  2  0  0  1 ] (0.00005427)
[  2  0  0  0  0  2  0  1  0 ] (0.00019112)
[  2  0  0  0  0  2  1  0  0 ] (0.00213862)
[  2  0  0  0  0  3  0  0  0 ] (0.00032244)
[  2  0  0  0  1  0  0  0  0 ] (0.00000146)
[  2  0  0  0  1  0  0  0  1 ] (0.00483768)
[  2  0  0  0  1  0  0  0  2 ] (0.00006356)
[  2  0  0  0  1  0  0  1  0 ] (0.00009929)
[  2  0  0  0  1  0  0  1  1 ] (0.00000376)
[  2  0  0  0  1  0  0  2  0 ] (0.00001863)
[  2  0  0  0  1  0  1  0  0 ] (0.00019885)
[  2  0  0  0  1  0  1  0  1 ] (0.00002953)
[  2  0  0  0  1  0  1  1  0 ] (0.00000072)
[  2  0  0  0  1  0  2  0  0 ] (0.00113966)
[  2  0  0  0  1  1  0  0  0 ] (0.00000119)
[  2  0  0  0  1  1  0  0  1 ] (0.00027578)
[  2  0  0  0  1  1  0  1  0 ] (0.00000622)
[  2  0  0  0  1  1  1  0  0 ] (0.00029581)
[  2  0  0  0  1  2  0  0  0 ] (0.00001231)
[  2  0  0  0  2  0  0  0  0 ] (0.00007920)
[  2  0  0  0  2  0  0  0  1 ] (0.00003166)
[  2  0  0  0  2  0  0  1  0 ] (0.00016891)
[  2  0  0  0  2  0  1  0  0 ] (0.00023875)
[  2  0  0  0  2  1  0  0  0 ] (0.00015439)
[  2  0  0  0  3  0  0  0  0 ] (0.00000956)
[  2  0  0  1  0  0  0  0  0 ] (0.00001611)
[  2  0  0  1  0  0  0  0  1 ] (0.00000218)
[  2  0  0  1  0  0  0  0  2 ] (0.00000204)
[  2  0  0  1  0  0  0  1  0 ] (0.00000307)
[  2  0  0  1  0  0  0  1  1 ] (0.00000325)
[  2  0  0  1  0  0  0  2  0 ] (0.00000036)
[  2  0  0  1  0  0  1  0  0 ] (0.00002192)
[  2  0  0  1  0  0  1  0  1 ] (0.00000053)
[  2  0  0  1  0  0  1  1  0 ] (0.00002250)
[  2  0  0  1  0  0  2  0  0 ] (0.00069322)
[  2  0  0  1  0  1  0  0  0 ] (0.00002129)
[  2  0  0  1  0  1  0  0  1 ] (0.00014445)
[  2  0  0  1  0  1  0  1  0 ] (0.00079174)
[  2  0  0  1  0  1  1  0  0 ] (0.00000370)
[  2  0  0  1  0  2  0  0  0 ] (0.00002538)
[  2  0  0  1  1  0  0  0  0 ] (0.00000254)
[  2  0  0  1  1  0  0  0  1 ] (0.00000865)
[  2  0  0  1  1  0  0  1  0 ] (0.00017561)
[  2  0  0  1  1  0  1  0  0 ] (0.00033540)
[  2  0  0  1  1  1  0  0  0 ] (0.00000078)
[  2  0  0  1  2  0  0  0  0 ] (0.00014178)
[  2  0  0  2  0  0  0  0  0 ] (0.00003281)
[  2  0  0  2  0  0  0  0  1 ] (0.00017071)
[  2  0  0  2  0  0  0  1  0 ] (0.00001197)
[  2  0  0  2  0  0  1  0  0 ] (0.00015831)
[  2  0  0  2  0  1  0  0  0 ] (0.00000325)
[  2  0  0  2  1  0  0  0  0 ] (0.00000418)
[  2  0  0  3  0  0  0  0  0 ] (0.00000042)
[  2  0  1  0  0  0  0  0  0 ] (0.00000774)
[  2  0  1  0  0  0  0  0  1 ] (0.00013675)
[  2  0  1  0  0  0  0  0  2 ] (0.00000168)
[  2  0  1  0  0  0  0  1  0 ] (0.00003593)
[  2  0  1  0  0  0  0  1  1 ] (0.00000059)
[  2  0  1  0  0  0  0  2  0 ] (0.00011684)
[  2  0  1  0  0  0  1  0  0 ] (0.00000813)
[  2  0  1  0  0  0  1  0  1 ] (0.00002080)
[  2  0  1  0  0  0  1  1  0 ] (0.00000249)
[  2  0  1  0  0  0  2  0  0 ] (0.00128365)
[  2  0  1  0  0  1  0  0  0 ] (0.00000687)
[  2  0  1  0  0  1  0  0  1 ] (0.00065325)
[  2  0  1  0  0  1  0  1  0 ] (0.00049316)
[  2  0  1  0  0  1  1  0  0 ] (0.00066524)
[  2  0  1  0  0  2  0  0  0 ] (0.00001968)
[  2  0  1  0  1  0  0  0  0 ] (0.00000601)
[  2  0  1  0  1  0  0  0  1 ] (0.00133958)
[  2  0  1  0  1  0  0  1  0 ] (0.00013103)
[  2  0  1  0  1  0  1  0  0 ] (0.00000947)
[  2  0  1  0  1  1  0  0  0 ] (0.00000942)
[  2  0  1  0  2  0  0  0  0 ] (0.00000074)
[  2  0  1  1  0  0  0  0  0 ] (0.00000781)
[  2  0  1  1  0  0  0  0  1 ] (0.00001207)
[  2  0  1  1  0  0  0  1  0 ] (0.00015027)
[  2  0  1  1  0  0  1  0  0 ] (0.00224423)
[  2  0  1  1  0  1  0  0  0 ] (0.00002421)
[  2  0  1  1  1  0  0  0  0 ] (0.00005306)
[  2  0  1  2  0  0  0  0  0 ] (0.00004057)
[  2  0  2  0  0  0  0  0  0 ] (0.00000666)
[  2  0  2  0  0  0  0  0  1 ] (0.00000947)
[  2  0  2  0  0  0  0  1  0 ] (0.00004390)
[  2  0  2  0  0  0  1  0  0 ] (0.00000113)
[  2  0  2  0  0  1  0  0  0 ] (0.00000045)
[  2  0  2  0  1  0  0  0  0 ] (0.00000226)
[  2  0  2  1  0  0  0  0  0 ] (0.00000072)
[  2  0  3  0  0  0  0  0  0 ] (0.00000011)
[  2  1  0  0  0  0  0  0  0 ] (0.00000082)
[  2  1  0  0  0  0  0  0  1 ] (0.00000555)
[  2  1  0  0  0  0  0  0  2 ] (0.00003236)
[  2  1  0  0  0  0  0  1  0 ] (0.00000035)
[  2  1  0  0  0  0  0  1  1 ] (0.00000300)
[  2  1  0  0  0  0  0  2  0 ] (0.00007652)
[  2  1  0  0  0  0  1  0  0 ] (0.00008854)
[  2  1  0  0  0  0  1  0  1 ] (0.00055251)
[  2  1  0  0  0  0  1  1  0 ] (0.00037049)
[  2  1  0  0  0  0  2  0  0 ] (0.00197969)
[  2  1  0  0  0  1  0  0  0 ] (0.00000710)
[  2  1  0  0  0  1  0  0  1 ] (0.00259565)
[  2  1  0  0  0  1  0  1  0 ] (0.00005019)
[  2  1  0  0  0  1  1  0  0 ] (0.00062291)
[  2  1  0  0  0  2  0  0  0 ] (0.00010867)
[  2  1  0  0  1  0  0  0  0 ] (0.00032049)
[  2  1  0  0  1  0  0  0  1 ] (0.00130991)
[  2  1  0  0  1  0  0  1  0 ] (0.00027741)
[  2  1  0  0  1  0  1  0  0 ] (0.01127164)
[  2  1  0  0  1  1  0  0  0 ] (0.00010997)
[  2  1  0  0  2  0  0  0  0 ] (0.00006162)
[  2  1  0  1  0  0  0  0  0 ] (0.00006300)
[  2  1  0  1  0  0  0  0  1 ] (0.00000008)
[  2  1  0  1  0  0  0  1  0 ] (0.00002446)
[  2  1  0  1  0  0  1  0  0 ] (0.00332464)
[  2  1  0  1  0  1  0  0  0 ] (0.00047435)
[  2  1  0  1  1  0  0  0  0 ] (0.00001234)
[  2  1  0  2  0  0  0  0  0 ] (0.00001045)
[  2  1  1  0  0  0  0  0  0 ] (0.00022081)
[  2  1  1  0  0  0  0  0  1 ] (0.01010057)
[  2  1  1  0  0  0  0  1  0 ] (0.00383124)
[  2  1  1  0  0  0  1  0  0 ] (0.00044971)
[  2  1  1  0  0  1  0  0  0 ] (0.00017925)
[  2  1  1  0  1  0  0  0  0 ] (0.00013057)
[  2  1  1  1  0  0  0  0  0 ] (0.00002091)
[  2  1  2  0  0  0  0  0  0 ] (0.00000034)
[  2  2  0  0  0  0  0  0  0 ] (0.00004959)
[  2  2  0  0  0  0  0  0  1 ] (0.00115307)
[  2  2  0  0  0  0  0  1  0 ] (0.00003158)
[  2  2  0  0  0  0  1  0  0 ] (0.00004875)
[  2  2  0  0  0  1  0  0  0 ] (0.00002730)
[  2  2  0  0  1  0  0  0  0 ] (0.00000369)
[  2  2  0  1  0  0  0  0  0 ] (0.00000019)
[  2  2  1  0  0  0  0  0  0 ] (0.00000159)
[  2  3  0  0  0  0  0  0  0 ] (0.00001492)
[  3  0  0  0  0  0  0  0  0 ] (0.00000304)
[  3  0  0  0  0  0  0  0  1 ] (0.00005935)
[  3  0  0  0  0  0  0  0  2 ] (0.00000017)
[  3  0  0  0  0  0  0  1  0 ] (0.00019890)
[  3  0  0  0  0  0  0  1  1 ] (0.00042411)
[  3  0  0  0  0  0  0  2  0 ] (0.00221671)
[  3  0  0  0  0  0  1  0  0 ] (0.00002899)
[  3  0  0  0  0  0  1  0  1 ] (0.00025688)
[  3  0  0  0  0  0  1  1  0 ] (0.00057013)
[  3  0  0  0  0  0  2  0  0 ] (0.00006863)
[  3  0  0  0  0  1  0  0  0 ] (0.00009118)
[  3  0  0  0  0  1  0  0  1 ] (0.00108373)
[  3  0  0  0  0  1  0  1  0 ] (0.00025284)
[  3  0  0  0  0  1  1  0  0 ] (0.00019257)
[  3  0  0  0  0  2  0  0  0 ] (0.00001692)
[  3  0  0  0  1  0  0  0  0 ] (0.00232238)
[  3  0  0  0  1  0  0  0  1 ] (0.18996253)
[  3  0  0  0  1  0  0  1  0 ] (0.00532920)
[  3  0  0  0  1  0  1  0  0 ] (0.00114914)
[  3  0  0  0  1  1  0  0  0 ] (0.00034791)
[  3  0  0  0  2  0  0  0  0 ] (0.00002043)
[  3  0  0  1  0  0  0  0  0 ] (0.00015015)
[  3  0  0  1  0  0  0  0  1 ] (0.00000077)
[  3  0  0  1  0  0  0  1  0 ] (0.00075900)
[  3  0  0  1  0  0  1  0  0 ] (0.00019017)
[  3  0  0  1  0  1  0  0  0 ] (0.00007501)
[  3  0  0  1  1  0  0  0  0 ] (0.00001717)
[  3  0  0  2  0  0  0  0  0 ] (0.00000195)
[  3  0  1  0  0  0  0  0  0 ] (0.00013301)
[  3  0  1  0  0  0  0  0  1 ] (0.00141726)
[  3  0  1  0  0  0  0  1  0 ] (0.00016540)
[  3  0  1  0  0  0  1  0  0 ] (0.00000160)
[  3  0  1  0  0  1  0  0  0 ] (0.00002505)
[  3  0  1  0  1  0  0  0  0 ] (0.00009542)
[  3  0  1  1  0  0  0  0  0 ] (0.00004234)
[  3  0  2  0  0  0  0  0  0 ] (0.00000219)
[  3  1  0  0  0  0  0  0  0 ] (0.00002153)
[  3  1  0  0  0  0  0  0  1 ] (0.00057618)
[  3  1  0  0  0  0  0  1  0 ] (0.00008043)
[  3  1  0  0  0  0  1  0  0 ] (0.00004093)
[  3  1  0  0  0  1  0  0  0 ] (0.00001053)
[  3  1  0  0  1  0  0  0  0 ] (0.00000262)
[  3  1  0  1  0  0  0  0  0 ] (0.00001613)
[  3  1  1  0  0  0  0  0  0 ] (0.00006282)
[  3  2  0  0  0  0  0  0  0 ] (0.00000181)
[  4  0  0  0  0  0  0  0  0 ] (0.00000966)
[  4  0  0  0  0  0  0  0  1 ] (0.00004073)
[  4  0  0  0  0  0  0  1  0 ] (0.00015055)
[  4  0  0  0  0  0  1  0  0 ] (0.00009370)
[  4  0  0  0  0  1  0  0  0 ] (0.00000312)
[  4  0  0  0  1  0  0  0  0 ] (0.00000147)
[  4  0  0  1  0  0  0  0  0 ] (0.00001084)
[  4  0  1  0  0  0  0  0  0 ] (0.00000202)
[  4  1  0  0  0  0  0  0  0 ] (0.00000704)
[  5  0  0  0  0  0  0  0  0 ] (0.00000048)
