| -1030.323385805358 |   130.568044348719 

[  0  0  0  0  0  0  0  0  0 ] (0.00001595)
[  0  0  0  0  0  0  0  0  1 ] (0.00000839)
[  0  0  0  0  0  0  0  0  2 ] (0.00000865)
[  0  0  0  0  0  0  0  0  3 ] (0.00000077)
[  0  0  0  0  0  0  0  0  4 ] (0.00000021)
[  0  0  0  0  0  0  0  0  5 ] (0.00000000)
[  0  0  0  0  0  0  0  1  0 ] (0.00000079)
[  0  0  0  0  0  0  0  1  1 ] (0.00000845)
[  0  0  0  0  0  0  0  1  2 ] (0.00000105)
[  0  0  0  0  0  0  0  1  3 ] (0.00000076)
[  0  0  0  0  0  0  0  1  4 ] (0.00000000)
[  0  0  0  0  0  0  0  2  0 ] (0.00432206)
[  0  0  0  0  0  0  0  2  1 ] (0.00035076)
[  0  0  0  0  0  0  0  2  2 ] (0.00000204)
[  0  0  0  0  0  0  0  2  3 ] (0.00000256)
[  0  0  0  0  0  0  0  3  0 ] (0.00003567)
[  0  0  0  0  0  0  0  3  1 ] (0.00000402)
[  0  0  0  0  0  0  0  3  2 ] (0.00000001)
[  0  0  0  0  0  0  0  4  0 ] (0.00000039)
[  0  0  0  0  0  0  0  4  1 ] (0.00000001)
[  0  0  0  0  0  0  0  5  0 ] (0.00001768)
[  0  0  0  0  0  0  1  0  0 ] (0.00000605)
[  0  0  0  0  0  0  1  0  1 ] (0.00001087)
[  0  0  0  0  0  0  1  0  2 ] (0.00000039)
[  0  0  0  0  0  0  1  0  3 ] (0.00000093)
[  0  0  0  0  0  0  1  0  4 ] (0.00000002)
[  0  0  0  0  0  0  1  1  0 ] (0.00000511)
[  0  0  0  0  0  0  1  1  1 ] (0.00000054)
[  0  0  0  0  0  0  1  1  2 ] (0.00000000)
[  0  0  0  0  0  0  1  1  3 ] (0.00000000)
[  0  0  0  0  0  0  1  2  0 ] (0.00047841)
[  0  0  0  0  0  0  1  2  1 ] (0.00002473)
[  0  0  0  0  0  0  1  2  2 ] (0.00000062)
[  0  0  0  0  0  0  1  3  0 ] (0.00000082)
[  0  0  0  0  0  0  1  3  1 ] (0.00000021)
[  0  0  0  0  0  0  1  4  0 ] (0.00000005)
[  0  0  0  0  0  0  2  0  0 ] (0.00033878)
[  0  0  0  0  0  0  2  0  1 ] (0.00002312)
[  0  0  0  0  0  0  2  0  2 ] (0.00000085)
[  0  0  0  0  0  0  2  0  3 ] (0.00000008)
[  0  0  0  0  0  0  2  1  0 ] (0.00000005)
[  0  0  0  0  0  0  2  1  1 ] (0.00000006)
[  0  0  0  0  0  0  2  1  2 ] (0.00000000)
[  0  0  0  0  0  0  2  2  0 ] (0.00000360)
[  0  0  0  0  0  0  2  2  1 ] (0.00000319)
[  0  0  0  0  0  0  2  3  0 ] (0.00000009)
[  0  0  0  0  0  0  3  0  0 ] (0.00000032)
[  0  0  0  0  0  0  3  0  1 ] (0.00000008)
[  0  0  0  0  0  0  3  0  2 ] (0.00000011)
[  0  0  0  0  0  0  3  1  0 ] (0.00000012)
[  0  0  0  0  0  0  3  1  1 ] (0.00000000)
[  0  0  0  0  0  0  3  2  0 ] (0.00001175)
[  0  0  0  0  0  0  4  0  0 ] (0.00000280)
[  0  0  0  0  0  0  4  0  1 ] (0.00000001)
[  0  0  0  0  0  0  4  1  0 ] (0.00000003)
[  0  0  0  0  0  0  5  0  0 ] (0.00000000)
[  0  0  0  0  0  1  0  0  0 ] (0.00003279)
[  0  0  0  0  0  1  0  0  1 ] (0.00024921)
[  0  0  0  0  0  1  0  0  2 ] (0.00000050)
[  0  0  0  0  0  1  0  0  3 ] (0.00000005)
[  0  0  0  0  0  1  0  0  4 ] (0.00000025)
[  0  0  0  0  0  1  0  1  0 ] (0.00176320)
[  0  0  0  0  0  1  0  1  1 ] (0.00002087)
[  0  0  0  0  0  1  0  1  2 ] (0.00000001)
[  0  0  0  0  0  1  0  1  3 ] (0.00000042)
[  0  0  0  0  0  1  0  2  0 ] (0.00002184)
[  0  0  0  0  0  1  0  2  1 ] (0.00000006)
[  0  0  0  0  0  1  0  2  2 ] (0.00000022)
[  0  0  0  0  0  1  0  3  0 ] (0.00000466)
[  0  0  0  0  0  1  0  3  1 ] (0.00000029)
[  0  0  0  0  0  1  0  4  0 ] (0.00000181)
[  0  0  0  0  0  1  1  0  0 ] (0.00173790)
[  0  0  0  0  0  1  1  0  1 ] (0.00005927)
[  0  0  0  0  0  1  1  0  2 ] (0.00000038)
[  0  0  0  0  0  1  1  0  3 ] (0.00000025)
[  0  0  0  0  0  1  1  1  0 ] (0.00004954)
[  0  0  0  0  0  1  1  1  1 ] (0.00000084)
[  0  0  0  0  0  1  1  1  2 ] (0.00000003)
[  0  0  0  0  0  1  1  2  0 ] (0.00000337)
[  0  0  0  0  0  1  1  2  1 ] (0.00000016)
[  0  0  0  0  0  1  1  3  0 ] (0.00000036)
[  0  0  0  0  0  1  2  0  0 ] (0.00000871)
[  0  0  0  0  0  1  2  0  1 ] (0.00000170)
[  0  0  0  0  0  1  2  0  2 ] (0.00000058)
[  0  0  0  0  0  1  2  1  0 ] (0.00000000)
[  0  0  0  0  0  1  2  1  1 ] (0.00000090)
[  0  0  0  0  0  1  2  2  0 ] (0.00000094)
[  0  0  0  0  0  1  3  0  0 ] (0.00000007)
[  0  0  0  0  0  1  3  0  1 ] (0.00000077)
[  0  0  0  0  0  1  3  1  0 ] (0.00000022)
[  0  0  0  0  0  1  4  0  0 ] (0.00000244)
[  0  0  0  0  0  2  0  0  0 ] (0.00000003)
[  0  0  0  0  0  2  0  0  1 ] (0.00000841)
[  0  0  0  0  0  2  0  0  2 ] (0.00000000)
[  0  0  0  0  0  2  0  0  3 ] (0.00000004)
[  0  0  0  0  0  2  0  1  0 ] (0.00000031)
[  0  0  0  0  0  2  0  1  1 ] (0.00000017)
[  0  0  0  0  0  2  0  1  2 ] (0.00000011)
[  0  0  0  0  0  2  0  2  0 ] (0.00000185)
[  0  0  0  0  0  2  0  2  1 ] (0.00000012)
[  0  0  0  0  0  2  0  3  0 ] (0.00000053)
[  0  0  0  0  0  2  1  0  0 ] (0.00001353)
[  0  0  0  0  0  2  1  0  1 ] (0.00000026)
[  0  0  0  0  0  2  1  0  2 ] (0.00000030)
[  0  0  0  0  0  2  1  1  0 ] (0.00001283)
[  0  0  0  0  0  2  1  1  1 ] (0.00000000)
[  0  0  0  0  0  2  1  2  0 ] (0.00000014)
[  0  0  0  0  0  2  2  0  0 ] (0.00000029)
[  0  0  0  0  0  2  2  0  1 ] (0.00000012)
[  0  0  0  0  0  2  2  1  0 ] (0.00000009)
[  0  0  0  0  0  2  3  0  0 ] (0.00000120)
[  0  0  0  0  0  3  0  0  0 ] (0.00051251)
[  0  0  0  0  0  3  0  0  1 ] (0.00000007)
[  0  0  0  0  0  3  0  0  2 ] (0.00000010)
[  0  0  0  0  0  3  0  1  0 ] (0.00000024)
[  0  0  0  0  0  3  0  1  1 ] (0.00000030)
[  0  0  0  0  0  3  0  2  0 ] (0.00000189)
[  0  0  0  0  0  3  1  0  0 ] (0.00000092)
[  0  0  0  0  0  3  1  0  1 ] (0.00000002)
[  0  0  0  0  0  3  1  1  0 ] (0.00000038)
[  0  0  0  0  0  3  2  0  0 ] (0.00000029)
[  0  0  0  0  0  4  0  0  0 ] (0.00009382)
[  0  0  0  0  0  4  0  0  1 ] (0.00000075)
[  0  0  0  0  0  4  0  1  0 ] (0.00000089)
[  0  0  0  0  0  4  1  0  0 ] (0.00000000)
[  0  0  0  0  0  5  0  0  0 ] (0.00000725)
[  0  0  0  0  1  0  0  0  0 ] (0.00005967)
[  0  0  0  0  1  0  0  0  1 ] (0.00000017)
[  0  0  0  0  1  0  0  0  2 ] (0.00000126)
[  0  0  0  0  1  0  0  0  3 ] (0.00000025)
[  0  0  0  0  1  0  0  0  4 ] (0.00000000)
[  0  0  0  0  1  0  0  1  0 ] (0.00064121)
[  0  0  0  0  1  0  0  1  1 ] (0.00000933)
[  0  0  0  0  1  0  0  1  2 ] (0.00000041)
[  0  0  0  0  1  0  0  1  3 ] (0.00000001)
[  0  0  0  0  1  0  0  2  0 ] (0.00000740)
[  0  0  0  0  1  0  0  2  1 ] (0.00000022)
[  0  0  0  0  1  0  0  2  2 ] (0.00000004)
[  0  0  0  0  1  0  0  3  0 ] (0.00000572)
[  0  0  0  0  1  0  0  3  1 ] (0.00000001)
[  0  0  0  0  1  0  0  4  0 ] (0.00000161)
[  0  0  0  0  1  0  1  0  0 ] (0.00147009)
[  0  0  0  0  1  0  1  0  1 ] (0.00005500)
[  0  0  0  0  1  0  1  0  2 ] (0.00000116)
[  0  0  0  0  1  0  1  0  3 ] (0.00000000)
[  0  0  0  0  1  0  1  1  0 ] (0.00003301)
[  0  0  0  0  1  0  1  1  1 ] (0.00000008)
[  0  0  0  0  1  0  1  1  2 ] (0.00000009)
[  0  0  0  0  1  0  1  2  0 ] (0.00000005)
[  0  0  0  0  1  0  1  2  1 ] (0.00000044)
[  0  0  0  0  1  0  1  3  0 ] (0.00000001)
[  0  0  0  0  1  0  2  0  0 ] (0.00000399)
[  0  0  0  0  1  0  2  0  1 ] (0.00000092)
[  0  0  0  0  1  0  2  0  2 ] (0.00000005)
[  0  0  0  0  1  0  2  1  0 ] (0.00000020)
[  0  0  0  0  1  0  2  1  1 ] (0.00000035)
[  0  0  0  0  1  0  2  2  0 ] (0.00000034)
[  0  0  0  0  1  0  3  0  0 ] (0.00000157)
[  0  0  0  0  1  0  3  0  1 ] (0.00000085)
[  0  0  0  0  1  0  3  1  0 ] (0.00000116)
[  0  0  0  0  1  0  4  0  0 ] (0.00000184)
[  0  0  0  0  1  1  0  0  0 ] (0.00008306)
[  0  0  0  0  1  1  0  0  1 ] (0.00000037)
[  0  0  0  0  1  1  0  0  2 ] (0.00000070)
[  0  0  0  0  1  1  0  0  3 ] (0.00000051)
[  0  0  0  0  1  1  0  1  0 ] (0.00000001)
[  0  0  0  0  1  1  0  1  1 ] (0.00000181)
[  0  0  0  0  1  1  0  1  2 ] (0.00000019)
[  0  0  0  0  1  1  0  2  0 ] (0.00000037)
[  0  0  0  0  1  1  0  2  1 ] (0.00000000)
[  0  0  0  0  1  1  0  3  0 ] (0.00000036)
[  0  0  0  0  1  1  1  0  0 ] (0.00001793)
[  0  0  0  0  1  1  1  0  1 ] (0.00000978)
[  0  0  0  0  1  1  1  0  2 ] (0.00000015)
[  0  0  0  0  1  1  1  1  0 ] (0.00000111)
[  0  0  0  0  1  1  1  1  1 ] (0.00000001)
[  0  0  0  0  1  1  1  2  0 ] (0.00000035)
[  0  0  0  0  1  1  2  0  0 ] (0.00000514)
[  0  0  0  0  1  1  2  0  1 ] (0.00000017)
[  0  0  0  0  1  1  2  1  0 ] (0.00000003)
[  0  0  0  0  1  1  3  0  0 ] (0.00001435)
[  0  0  0  0  1  2  0  0  0 ] (0.00531968)
[  0  0  0  0  1  2  0  0  1 ] (0.00002252)
[  0  0  0  0  1  2  0  0  2 ] (0.00000028)
[  0  0  0  0  1  2  0  1  0 ] (0.00000096)
[  0  0  0  0  1  2  0  1  1 ] (0.00000001)
[  0  0  0  0  1  2  0  2  0 ] (0.00000068)
[  0  0  0  0  1  2  1  0  0 ] (0.00008712)
[  0  0  0  0  1  2  1  0  1 ] (0.00000020)
[  0  0  0  0  1  2  1  1  0 ] (0.00000044)
[  0  0  0  0  1  2  2  0  0 ] (0.00000049)
[  0  0  0  0  1  3  0  0  0 ] (0.00000785)
[  0  0  0  0  1  3  0  0  1 ] (0.00000145)
[  0  0  0  0  1  3  0  1  0 ] (0.00000143)
[  0  0  0  0  1  3  1  0  0 ] (0.00000094)
[  0  0  0  0  1  4  0  0  0 ] (0.00005006)
[  0  0  0  0  2  0  0  0  0 ] (0.00004449)
[  0  0  0  0  2  0  0  0  1 ] (0.00000009)
[  0  0  0  0  2  0  0  0  2 ] (0.00000000)
[  0  0  0  0  2  0  0  0  3 ] (0.00000014)
[  0  0  0  0  2  0  0  1  0 ] (0.00000167)
[  0  0  0  0  2  0  0  1  1 ] (0.00000078)
[  0  0  0  0  2  0  0  1  2 ] (0.00000004)
[  0  0  0  0  2  0  0  2  0 ] (0.00000385)
[  0  0  0  0  2  0  0  2  1 ] (0.00000089)
[  0  0  0  0  2  0  0  3  0 ] (0.00000088)
[  0  0  0  0  2  0  1  0  0 ] (0.00000880)
[  0  0  0  0  2  0  1  0  1 ] (0.00001101)
[  0  0  0  0  2  0  1  0  2 ] (0.00000027)
[  0  0  0  0  2  0  1  1  0 ] (0.00000264)
[  0  0  0  0  2  0  1  1  1 ] (0.00000028)
[  0  0  0  0  2  0  1  2  0 ] (0.00000052)
[  0  0  0  0  2  0  2  0  0 ] (0.00000091)
[  0  0  0  0  2  0  2  0  1 ] (0.00000002)
[  0  0  0  0  2  0  2  1  0 ] (0.00000002)
[  0  0  0  0  2  0  3  0  0 ] (0.00000184)
[  0  0  0  0  2  1  0  0  0 ] (0.00000011)
[  0  0  0  0  2  1  0  0  1 ] (0.00000013)
[  0  0  0  0  2  1  0  0  2 ] (0.00000078)
[  0  0  0  0  2  1  0  1  0 ] (0.00000125)
[  0  0  0  0  2  1  0  1  1 ] (0.00000182)
[  0  0  0  0  2  1  0  2  0 ] (0.00000094)
[  0  0  0  0  2  1  1  0  0 ] (0.00000279)
[  0  0  0  0  2  1  1  0  1 ] (0.00000093)
[  0  0  0  0  2  1  1  1  0 ] (0.00000952)
[  0  0  0  0  2  1  2  0  0 ] (0.00000000)
[  0  0  0  0  2  2  0  0  0 ] (0.00000131)
[  0  0  0  0  2  2  0  0  1 ] (0.00000592)
[  0  0  0  0  2  2  0  1  0 ] (0.00001190)
[  0  0  0  0  2  2  1  0  0 ] (0.00000574)
[  0  0  0  0  2  3  0  0  0 ] (0.00000290)
[  0  0  0  0  3  0  0  0  0 ] (0.00165853)
[  0  0  0  0  3  0  0  0  1 ] (0.00017570)
[  0  0  0  0  3  0  0  0  2 ] (0.00000640)
[  0  0  0  0  3  0  0  1  0 ] (0.00000006)
[  0  0  0  0  3  0  0  1  1 ] (0.00002085)
[  0  0  0  0  3  0  0  2  0 ] (0.00000036)
[  0  0  0  0  3  0  1  0  0 ] (0.00018492)
[  0  0  0  0  3  0  1  0  1 ] (0.00002507)
[  0  0  0  0  3  0  1  1  0 ] (0.00000026)
[  0  0  0  0  3  0  2  0  0 ] (0.00004752)
[  0  0  0  0  3  1  0  0  0 ] (0.00204939)
[  0  0  0  0  3  1  0  0  1 ] (0.00002062)
[  0  0  0  0  3  1  0  1  0 ] (0.00003955)
[  0  0  0  0  3  1  1  0  0 ] (0.00003699)
[  0  0  0  0  3  2  0  0  0 ] (0.00001007)
[  0  0  0  0  4  0  0  0  0 ] (0.00066725)
[  0  0  0  0  4  0  0  0  1 ] (0.00009357)
[  0  0  0  0  4  0  0  1  0 ] (0.00000605)
[  0  0  0  0  4  0  1  0  0 ] (0.00000023)
[  0  0  0  0  4  1  0  0  0 ] (0.00004618)
[  0  0  0  0  5  0  0  0  0 ] (0.00000546)
[  0  0  0  1  0  0  0  0  0 ] (0.00009129)
[  0  0  0  1  0  0  0  0  1 ] (0.00000565)
[  0  0  0  1  0  0  0  0  2 ] (0.00000017)
[  0  0  0  1  0  0  0  0  3 ] (0.00000000)
[  0  0  0  1  0  0  0  0  4 ] (0.00000000)
[  0  0  0  1  0  0  0  1  0 ] (0.00051392)
[  0  0  0  1  0  0  0  1  1 ] (0.00000679)
[  0  0  0  1  0  0  0  1  2 ] (0.00000032)
[  0  0  0  1  0  0  0  1  3 ] (0.00000001)
[  0  0  0  1  0  0  0  2  0 ] (0.00000033)
[  0  0  0  1  0  0  0  2  1 ] (0.00000156)
[  0  0  0  1  0  0  0  2  2 ] (0.00000002)
[  0  0  0  1  0  0  0  3  0 ] (0.00000051)
[  0  0  0  1  0  0  0  3  1 ] (0.00000111)
[  0  0  0  1  0  0  0  4  0 ] (0.00000186)
[  0  0  0  1  0  0  1  0  0 ] (0.00001318)
[  0  0  0  1  0  0  1  0  1 ] (0.00000027)
[  0  0  0  1  0  0  1  0  2 ] (0.00000028)
[  0  0  0  1  0  0  1  0  3 ] (0.00000008)
[  0  0  0  1  0  0  1  1  0 ] (0.00000744)
[  0  0  0  1  0  0  1  1  1 ] (0.00000077)
[  0  0  0  1  0  0  1  1  2 ] (0.00000003)
[  0  0  0  1  0  0  1  2  0 ] (0.00000106)
[  0  0  0  1  0  0  1  2  1 ] (0.00000001)
[  0  0  0  1  0  0  1  3  0 ] (0.00000050)
[  0  0  0  1  0  0  2  0  0 ] (0.00000376)
[  0  0  0  1  0  0  2  0  1 ] (0.00000078)
[  0  0  0  1  0  0  2  0  2 ] (0.00000001)
[  0  0  0  1  0  0  2  1  0 ] (0.00000023)
[  0  0  0  1  0  0  2  1  1 ] (0.00000026)
[  0  0  0  1  0  0  2  2  0 ] (0.00000026)
[  0  0  0  1  0  0  3  0  0 ] (0.00000002)
[  0  0  0  1  0  0  3  0  1 ] (0.00000046)
[  0  0  0  1  0  0  3  1  0 ] (0.00000010)
[  0  0  0  1  0  0  4  0  0 ] (0.00000007)
[  0  0  0  1  0  1  0  0  0 ] (0.00002050)
[  0  0  0  1  0  1  0  0  1 ] (0.00001667)
[  0  0  0  1  0  1  0  0  2 ] (0.00000010)
[  0  0  0  1  0  1  0  0  3 ] (0.00000010)
[  0  0  0  1  0  1  0  1  0 ] (0.00004733)
[  0  0  0  1  0  1  0  1  1 ] (0.00000010)
[  0  0  0  1  0  1  0  1  2 ] (0.00000024)
[  0  0  0  1  0  1  0  2  0 ] (0.00000238)
[  0  0  0  1  0  1  0  2  1 ] (0.00000037)
[  0  0  0  1  0  1  0  3  0 ] (0.00000134)
[  0  0  0  1  0  1  1  0  0 ] (0.00000056)
[  0  0  0  1  0  1  1  0  1 ] (0.00000081)
[  0  0  0  1  0  1  1  0  2 ] (0.00000004)
[  0  0  0  1  0  1  1  1  0 ] (0.00000080)
[  0  0  0  1  0  1  1  1  1 ] (0.00000000)
[  0  0  0  1  0  1  1  2  0 ] (0.00000000)
[  0  0  0  1  0  1  2  0  0 ] (0.00000000)
[  0  0  0  1  0  1  2  0  1 ] (0.00000016)
[  0  0  0  1  0  1  2  1  0 ] (0.00000002)
[  0  0  0  1  0  1  3  0  0 ] (0.00000002)
[  0  0  0  1  0  2  0  0  0 ] (0.00248034)
[  0  0  0  1  0  2  0  0  1 ] (0.00000010)
[  0  0  0  1  0  2  0  0  2 ] (0.00000001)
[  0  0  0  1  0  2  0  1  0 ] (0.00000268)
[  0  0  0  1  0  2  0  1  1 ] (0.00000018)
[  0  0  0  1  0  2  0  2  0 ] (0.00000015)
[  0  0  0  1  0  2  1  0  0 ] (0.00000674)
[  0  0  0  1  0  2  1  0  1 ] (0.00000148)
[  0  0  0  1  0  2  1  1  0 ] (0.00000077)
[  0  0  0  1  0  2  2  0  0 ] (0.00000009)
[  0  0  0  1  0  3  0  0  0 ] (0.00069960)
[  0  0  0  1  0  3  0  0  1 ] (0.00000005)
[  0  0  0  1  0  3  0  1  0 ] (0.00001099)
[  0  0  0  1  0  3  1  0  0 ] (0.00000008)
[  0  0  0  1  0  4  0  0  0 ] (0.00000375)
[  0  0  0  1  1  0  0  0  0 ] (0.00076768)
[  0  0  0  1  1  0  0  0  1 ] (0.00000002)
[  0  0  0  1  1  0  0  0  2 ] (0.00000403)
[  0  0  0  1  1  0  0  0  3 ] (0.00000039)
[  0  0  0  1  1  0  0  1  0 ] (0.00006814)
[  0  0  0  1  1  0  0  1  1 ] (0.00000000)
[  0  0  0  1  1  0  0  1  2 ] (0.00000001)
[  0  0  0  1  1  0  0  2  0 ] (0.00000000)
[  0  0  0  1  1  0  0  2  1 ] (0.00000000)
[  0  0  0  1  1  0  0  3  0 ] (0.00000009)
[  0  0  0  1  1  0  1  0  0 ] (0.00018637)
[  0  0  0  1  1  0  1  0  1 ] (0.00000004)
[  0  0  0  1  1  0  1  0  2 ] (0.00000003)
[  0  0  0  1  1  0  1  1  0 ] (0.00000154)
[  0  0  0  1  1  0  1  1  1 ] (0.00000014)
[  0  0  0  1  1  0  1  2  0 ] (0.00000001)
[  0  0  0  1  1  0  2  0  0 ] (0.00001352)
[  0  0  0  1  1  0  2  0  1 ] (0.00000693)
[  0  0  0  1  1  0  2  1  0 ] (0.00000006)
[  0  0  0  1  1  0  3  0  0 ] (0.00000609)
[  0  0  0  1  1  1  0  0  0 ] (0.00154756)
[  0  0  0  1  1  1  0  0  1 ] (0.00000882)
[  0  0  0  1  1  1  0  0  2 ] (0.00000091)
[  0  0  0  1  1  1  0  1  0 ] (0.00000048)
[  0  0  0  1  1  1  0  1  1 ] (0.00000014)
[  0  0  0  1  1  1  0  2  0 ] (0.00000006)
[  0  0  0  1  1  1  1  0  0 ] (0.00003143)
[  0  0  0  1  1  1  1  0  1 ] (0.00000207)
[  0  0  0  1  1  1  1  1  0 ] (0.00000036)
[  0  0  0  1  1  1  2  0  0 ] (0.00000133)
[  0  0  0  1  1  2  0  0  0 ] (0.00001575)
[  0  0  0  1  1  2  0  0  1 ] (0.00000064)
[  0  0  0  1  1  2  0  1  0 ] (0.00000007)
[  0  0  0  1  1  2  1  0  0 ] (0.00000096)
[  0  0  0  1  1  3  0  0  0 ] (0.00001403)
[  0  0  0  1  2  0  0  0  0 ] (0.00003812)
[  0  0  0  1  2  0  0  0  1 ] (0.00000015)
[  0  0  0  1  2  0  0  0  2 ] (0.00000000)
[  0  0  0  1  2  0  0  1  0 ] (0.00000021)
[  0  0  0  1  2  0  0  1  1 ] (0.00000021)
[  0  0  0  1  2  0  0  2  0 ] (0.00000003)
[  0  0  0  1  2  0  1  0  0 ] (0.00000159)
[  0  0  0  1  2  0  1  0  1 ] (0.00000002)
[  0  0  0  1  2  0  1  1  0 ] (0.00000182)
[  0  0  0  1  2  0  2  0  0 ] (0.00000003)
[  0  0  0  1  2  1  0  0  0 ] (0.00018221)
[  0  0  0  1  2  1  0  0  1 ] (0.00000202)
[  0  0  0  1  2  1  0  1  0 ] (0.00000600)
[  0  0  0  1  2  1  1  0  0 ] (0.00000418)
[  0  0  0  1  2  2  0  0  0 ] (0.00007213)
[  0  0  0  1  3  0  0  0  0 ] (0.00130644)
[  0  0  0  1  3  0  0  0  1 ] (0.00001549)
[  0  0  0  1  3  0  0  1  0 ] (0.00003497)
[  0  0  0  1  3  0  1  0  0 ] (0.00001441)
[  0  0  0  1  3  1  0  0  0 ] (0.00000697)
[  0  0  0  1  4  0  0  0  0 ] (0.00047668)
[  0  0  0  2  0  0  0  0  0 ] (0.00002585)
[  0  0  0  2  0  0  0  0  1 ] (0.00004630)
[  0  0  0  2  0  0  0  0  2 ] (0.00000040)
[  0  0  0  2  0  0  0  0  3 ] (0.00000002)
[  0  0  0  2  0  0  0  1  0 ] (0.00168444)
[  0  0  0  2  0  0  0  1  1 ] (0.00003885)
[  0  0  0  2  0  0  0  1  2 ] (0.00000026)
[  0  0  0  2  0  0  0  2  0 ] (0.00000356)
[  0  0  0  2  0  0  0  2  1 ] (0.00000015)
[  0  0  0  2  0  0  0  3  0 ] (0.00000015)
[  0  0  0  2  0  0  1  0  0 ] (0.00023750)
[  0  0  0  2  0  0  1  0  1 ] (0.00000992)
[  0  0  0  2  0  0  1  0  2 ] (0.00000015)
[  0  0  0  2  0  0  1  1  0 ] (0.00005725)
[  0  0  0  2  0  0  1  1  1 ] (0.00000103)
[  0  0  0  2  0  0  1  2  0 ] (0.00000158)
[  0  0  0  2  0  0  2  0  0 ] (0.00001010)
[  0  0  0  2  0  0  2  0  1 ] (0.00000096)
[  0  0  0  2  0  0  2  1  0 ] (0.00000000)
[  0  0  0  2  0  0  3  0  0 ] (0.00000409)
[  0  0  0  2  0  1  0  0  0 ] (0.00000002)
[  0  0  0  2  0  1  0  0  1 ] (0.00000648)
[  0  0  0  2  0  1  0  0  2 ] (0.00000000)
[  0  0  0  2  0  1  0  1  0 ] (0.00024299)
[  0  0  0  2  0  1  0  1  1 ] (0.00000767)
[  0  0  0  2  0  1  0  2  0 ] (0.00000357)
[  0  0  0  2  0  1  1  0  0 ] (0.00002842)
[  0  0  0  2  0  1  1  0  1 ] (0.00000437)
[  0  0  0  2  0  1  1  1  0 ] (0.00001335)
[  0  0  0  2  0  1  2  0  0 ] (0.00000184)
[  0  0  0  2  0  2  0  0  0 ] (0.00026154)
[  0  0  0  2  0  2  0  0  1 ] (0.00000017)
[  0  0  0  2  0  2  0  1  0 ] (0.00000761)
[  0  0  0  2  0  2  1  0  0 ] (0.00000099)
[  0  0  0  2  0  3  0  0  0 ] (0.00000391)
[  0  0  0  2  1  0  0  0  0 ] (0.00017311)
[  0  0  0  2  1  0  0  0  1 ] (0.00000021)
[  0  0  0  2  1  0  0  0  2 ] (0.00000006)
[  0  0  0  2  1  0  0  1  0 ] (0.00000069)
[  0  0  0  2  1  0  0  1  1 ] (0.00000001)
[  0  0  0  2  1  0  0  2  0 ] (0.00000022)
[  0  0  0  2  1  0  1  0  0 ] (0.00003114)
[  0  0  0  2  1  0  1  0  1 ] (0.00000173)
[  0  0  0  2  1  0  1  1  0 ] (0.00000066)
[  0  0  0  2  1  0  2  0  0 ] (0.00000075)
[  0  0  0  2  1  1  0  0  0 ] (0.00003673)
[  0  0  0  2  1  1  0  0  1 ] (0.00000387)
[  0  0  0  2  1  1  0  1  0 ] (0.00000010)
[  0  0  0  2  1  1  1  0  0 ] (0.00001033)
[  0  0  0  2  1  2  0  0  0 ] (0.00000053)
[  0  0  0  2  2  0  0  0  0 ] (0.00008872)
[  0  0  0  2  2  0  0  0  1 ] (0.00000001)
[  0  0  0  2  2  0  0  1  0 ] (0.00000015)
[  0  0  0  2  2  0  1  0  0 ] (0.00000250)
[  0  0  0  2  2  1  0  0  0 ] (0.00000767)
[  0  0  0  2  3  0  0  0  0 ] (0.00032807)
[  0  0  0  3  0  0  0  0  0 ] (0.00001924)
[  0  0  0  3  0  0  0  0  1 ] (0.00000510)
[  0  0  0  3  0  0  0  0  2 ] (0.00000011)
[  0  0  0  3  0  0  0  1  0 ] (0.00009404)
[  0  0  0  3  0  0  0  1  1 ] (0.00000872)
[  0  0  0  3  0  0  0  2  0 ] (0.00000330)
[  0  0  0  3  0  0  1  0  0 ] (0.00004159)
[  0  0  0  3  0  0  1  0  1 ] (0.00000067)
[  0  0  0  3  0  0  1  1  0 ] (0.00001923)
[  0  0  0  3  0  0  2  0  0 ] (0.00000008)
[  0  0  0  3  0  1  0  0  0 ] (0.00112510)
[  0  0  0  3  0  1  0  0  1 ] (0.00001034)
[  0  0  0  3  0  1  0  1  0 ] (0.00000831)
[  0  0  0  3  0  1  1  0  0 ] (0.00000440)
[  0  0  0  3  0  2  0  0  0 ] (0.00004934)
[  0  0  0  3  1  0  0  0  0 ] (0.00859917)
[  0  0  0  3  1  0  0  0  1 ] (0.00008927)
[  0  0  0  3  1  0  0  1  0 ] (0.00000187)
[  0  0  0  3  1  0  1  0  0 ] (0.00012755)
[  0  0  0  3  1  1  0  0  0 ] (0.00157631)
[  0  0  0  3  2  0  0  0  0 ] (0.00001675)
[  0  0  0  4  0  0  0  0  0 ] (0.00015973)
[  0  0  0  4  0  0  0  0  1 ] (0.00001166)
[  0  0  0  4  0  0  0  1  0 ] (0.00000879)
[  0  0  0  4  0  0  1  0  0 ] (0.00000077)
[  0  0  0  4  0  1  0  0  0 ] (0.00000029)
[  0  0  0  4  1  0  0  0  0 ] (0.00059883)
[  0  0  0  5  0  0  0  0  0 ] (0.00003207)
[  0  0  1  0  0  0  0  0  0 ] (0.00009189)
[  0  0  1  0  0  0  0  0  1 ] (0.00472895)
[  0  0  1  0  0  0  0  0  2 ] (0.00003375)
[  0  0  1  0  0  0  0  0  3 ] (0.00000497)
[  0  0  1  0  0  0  0  0  4 ] (0.00000062)
[  0  0  1  0  0  0  0  1  0 ] (0.00001925)
[  0  0  1  0  0  0  0  1  1 ] (0.00000051)
[  0  0  1  0  0  0  0  1  2 ] (0.00000002)
[  0  0  1  0  0  0  0  1  3 ] (0.00000012)
[  0  0  1  0  0  0  0  2  0 ] (0.00014103)
[  0  0  1  0  0  0  0  2  1 ] (0.00002311)
[  0  0  1  0  0  0  0  2  2 ] (0.00000112)
[  0  0  1  0  0  0  0  3  0 ] (0.00004182)
[  0  0  1  0  0  0  0  3  1 ] (0.00000963)
[  0  0  1  0  0  0  0  4  0 ] (0.00000001)
[  0  0  1  0  0  0  1  0  0 ] (0.00041485)
[  0  0  1  0  0  0  1  0  1 ] (0.00002771)
[  0  0  1  0  0  0  1  0  2 ] (0.00000619)
[  0  0  1  0  0  0  1  0  3 ] (0.00000003)
[  0  0  1  0  0  0  1  1  0 ] (0.00000290)
[  0  0  1  0  0  0  1  1  1 ] (0.00000320)
[  0  0  1  0  0  0  1  1  2 ] (0.00000000)
[  0  0  1  0  0  0  1  2  0 ] (0.00002291)
[  0  0  1  0  0  0  1  2  1 ] (0.00000354)
[  0  0  1  0  0  0  1  3  0 ] (0.00000368)
[  0  0  1  0  0  0  2  0  0 ] (0.00026012)
[  0  0  1  0  0  0  2  0  1 ] (0.00006953)
[  0  0  1  0  0  0  2  0  2 ] (0.00000204)
[  0  0  1  0  0  0  2  1  0 ] (0.00000006)
[  0  0  1  0  0  0  2  1  1 ] (0.00000000)
[  0  0  1  0  0  0  2  2  0 ] (0.00000081)
[  0  0  1  0  0  0  3  0  0 ] (0.00002912)
[  0  0  1  0  0  0  3  0  1 ] (0.00002414)
[  0  0  1  0  0  0  3  1  0 ] (0.00000000)
[  0  0  1  0  0  0  4  0  0 ] (0.00000392)
[  0  0  1  0  0  1  0  0  0 ] (0.00000155)
[  0  0  1  0  0  1  0  0  1 ] (0.00029489)
[  0  0  1  0  0  1  0  0  2 ] (0.00000507)
[  0  0  1  0  0  1  0  0  3 ] (0.00000000)
[  0  0  1  0  0  1  0  1  0 ] (0.00007167)
[  0  0  1  0  0  1  0  1  1 ] (0.00000107)
[  0  0  1  0  0  1  0  1  2 ] (0.00000000)
[  0  0  1  0  0  1  0  2  0 ] (0.00000061)
[  0  0  1  0  0  1  0  2  1 ] (0.00000019)
[  0  0  1  0  0  1  0  3  0 ] (0.00000007)
[  0  0  1  0  0  1  1  0  0 ] (0.00003419)
[  0  0  1  0  0  1  1  0  1 ] (0.00000036)
[  0  0  1  0  0  1  1  0  2 ] (0.00000035)
[  0  0  1  0  0  1  1  1  0 ] (0.00002652)
[  0  0  1  0  0  1  1  1  1 ] (0.00000006)
[  0  0  1  0  0  1  1  2  0 ] (0.00000082)
[  0  0  1  0  0  1  2  0  0 ] (0.00001487)
[  0  0  1  0  0  1  2  0  1 ] (0.00000217)
[  0  0  1  0  0  1  2  1  0 ] (0.00000000)
[  0  0  1  0  0  1  3  0  0 ] (0.00000006)
[  0  0  1  0  0  2  0  0  0 ] (0.00036636)
[  0  0  1  0  0  2  0  0  1 ] (0.00000137)
[  0  0  1  0  0  2  0  0  2 ] (0.00000011)
[  0  0  1  0  0  2  0  1  0 ] (0.00000099)
[  0  0  1  0  0  2  0  1  1 ] (0.00000001)
[  0  0  1  0  0  2  0  2  0 ] (0.00000019)
[  0  0  1  0  0  2  1  0  0 ] (0.00000565)
[  0  0  1  0  0  2  1  0  1 ] (0.00000010)
[  0  0  1  0  0  2  1  1  0 ] (0.00000104)
[  0  0  1  0  0  2  2  0  0 ] (0.00000057)
[  0  0  1  0  0  3  0  0  0 ] (0.00079542)
[  0  0  1  0  0  3  0  0  1 ] (0.00000846)
[  0  0  1  0  0  3  0  1  0 ] (0.00000000)
[  0  0  1  0  0  3  1  0  0 ] (0.00000042)
[  0  0  1  0  0  4  0  0  0 ] (0.00000881)
[  0  0  1  0  1  0  0  0  0 ] (0.00082043)
[  0  0  1  0  1  0  0  0  1 ] (0.00002008)
[  0  0  1  0  1  0  0  0  2 ] (0.00000021)
[  0  0  1  0  1  0  0  0  3 ] (0.00000000)
[  0  0  1  0  1  0  0  1  0 ] (0.00000258)
[  0  0  1  0  1  0  0  1  1 ] (0.00000809)
[  0  0  1  0  1  0  0  1  2 ] (0.00000033)
[  0  0  1  0  1  0  0  2  0 ] (0.00000001)
[  0  0  1  0  1  0  0  2  1 ] (0.00000003)
[  0  0  1  0  1  0  0  3  0 ] (0.00000003)
[  0  0  1  0  1  0  1  0  0 ] (0.00006585)
[  0  0  1  0  1  0  1  0  1 ] (0.00000592)
[  0  0  1  0  1  0  1  0  2 ] (0.00000062)
[  0  0  1  0  1  0  1  1  0 ] (0.00022735)
[  0  0  1  0  1  0  1  1  1 ] (0.00000061)
[  0  0  1  0  1  0  1  2  0 ] (0.00000063)
[  0  0  1  0  1  0  2  0  0 ] (0.00000876)
[  0  0  1  0  1  0  2  0  1 ] (0.00000000)
[  0  0  1  0  1  0  2  1  0 ] (0.00000070)
[  0  0  1  0  1  0  3  0  0 ] (0.00001129)
[  0  0  1  0  1  1  0  0  0 ] (0.01280787)
[  0  0  1  0  1  1  0  0  1 ] (0.00006816)
[  0  0  1  0  1  1  0  0  2 ] (0.00000004)
[  0  0  1  0  1  1  0  1  0 ] (0.00000516)
[  0  0  1  0  1  1  0  1  1 ] (0.00000483)
[  0  0  1  0  1  1  0  2  0 ] (0.00000096)
[  0  0  1  0  1  1  1  0  0 ] (0.00003708)
[  0  0  1  0  1  1  1  0  1 ] (0.00000136)
[  0  0  1  0  1  1  1  1  0 ] (0.00001202)
[  0  0  1  0  1  1  2  0  0 ] (0.00000049)
[  0  0  1  0  1  2  0  0  0 ] (0.00039130)
[  0  0  1  0  1  2  0  0  1 ] (0.00000344)
[  0  0  1  0  1  2  0  1  0 ] (0.00000146)
[  0  0  1  0  1  2  1  0  0 ] (0.00000707)
[  0  0  1  0  1  3  0  0  0 ] (0.00011554)
[  0  0  1  0  2  0  0  0  0 ] (0.00946626)
[  0  0  1  0  2  0  0  0  1 ] (0.00002566)
[  0  0  1  0  2  0  0  0  2 ] (0.00000000)
[  0  0  1  0  2  0  0  1  0 ] (0.00000007)
[  0  0  1  0  2  0  0  1  1 ] (0.00000217)
[  0  0  1  0  2  0  0  2  0 ] (0.00000057)
[  0  0  1  0  2  0  1  0  0 ] (0.00002099)
[  0  0  1  0  2  0  1  0  1 ] (0.00000021)
[  0  0  1  0  2  0  1  1  0 ] (0.00000073)
[  0  0  1  0  2  0  2  0  0 ] (0.00000133)
[  0  0  1  0  2  1  0  0  0 ] (0.00036429)
[  0  0  1  0  2  1  0  0  1 ] (0.00001496)
[  0  0  1  0  2  1  0  1  0 ] (0.00000001)
[  0  0  1  0  2  1  1  0  0 ] (0.00000481)
[  0  0  1  0  2  2  0  0  0 ] (0.00009378)
[  0  0  1  0  3  0  0  0  0 ] (0.16359504)
[  0  0  1  0  3  0  0  0  1 ] (0.00106496)
[  0  0  1  0  3  0  0  1  0 ] (0.00007747)
[  0  0  1  0  3  0  1  0  0 ] (0.00015076)
[  0  0  1  0  3  1  0  0  0 ] (0.00835797)
[  0  0  1  0  4  0  0  0  0 ] (0.00008926)
[  0  0  1  1  0  0  0  0  0 ] (0.00059993)
[  0  0  1  1  0  0  0  0  1 ] (0.00053762)
[  0  0  1  1  0  0  0  0  2 ] (0.00000036)
[  0  0  1  1  0  0  0  0  3 ] (0.00000129)
[  0  0  1  1  0  0  0  1  0 ] (0.00001923)
[  0  0  1  1  0  0  0  1  1 ] (0.00000015)
[  0  0  1  1  0  0  0  1  2 ] (0.00000017)
[  0  0  1  1  0  0  0  2  0 ] (0.00000744)
[  0  0  1  1  0  0  0  2  1 ] (0.00000006)
[  0  0  1  1  0  0  0  3  0 ] (0.00001288)
[  0  0  1  1  0  0  1  0  0 ] (0.00023354)
[  0  0  1  1  0  0  1  0  1 ] (0.00000262)
[  0  0  1  1  0  0  1  0  2 ] (0.00000022)
[  0  0  1  1  0  0  1  1  0 ] (0.00000492)
[  0  0  1  1  0  0  1  1  1 ] (0.00000014)
[  0  0  1  1  0  0  1  2  0 ] (0.00000028)
[  0  0  1  1  0  0  2  0  0 ] (0.00003073)
[  0  0  1  1  0  0  2  0  1 ] (0.00000161)
[  0  0  1  1  0  0  2  1  0 ] (0.00000005)
[  0  0  1  1  0  0  3  0  0 ] (0.00002036)
[  0  0  1  1  0  1  0  0  0 ] (0.00013631)
[  0  0  1  1  0  1  0  0  1 ] (0.00000024)
[  0  0  1  1  0  1  0  0  2 ] (0.00000087)
[  0  0  1  1  0  1  0  1  0 ] (0.00000607)
[  0  0  1  1  0  1  0  1  1 ] (0.00000163)
[  0  0  1  1  0  1  0  2  0 ] (0.00000012)
[  0  0  1  1  0  1  1  0  0 ] (0.00000179)
[  0  0  1  1  0  1  1  0  1 ] (0.00001316)
[  0  0  1  1  0  1  1  1  0 ] (0.00000032)
[  0  0  1  1  0  1  2  0  0 ] (0.00000415)
[  0  0  1  1  0  2  0  0  0 ] (0.00091991)
[  0  0  1  1  0  2  0  0  1 ] (0.00001073)
[  0  0  1  1  0  2  0  1  0 ] (0.00000314)
[  0  0  1  1  0  2  1  0  0 ] (0.00000997)
[  0  0  1  1  0  3  0  0  0 ] (0.00000711)
[  0  0  1  1  1  0  0  0  0 ] (0.00000262)
[  0  0  1  1  1  0  0  0  1 ] (0.00000746)
[  0  0  1  1  1  0  0  0  2 ] (0.00000007)
[  0  0  1  1  1  0  0  1  0 ] (0.00011751)
[  0  0  1  1  1  0  0  1  1 ] (0.00001030)
[  0  0  1  1  1  0  0  2  0 ] (0.00000184)
[  0  0  1  1  1  0  1  0  0 ] (0.00013458)
[  0  0  1  1  1  0  1  0  1 ] (0.00001226)
[  0  0  1  1  1  0  1  1  0 ] (0.00000346)
[  0  0  1  1  1  0  2  0  0 ] (0.00002114)
[  0  0  1  1  1  1  0  0  0 ] (0.00002424)
[  0  0  1  1  1  1  0  0  1 ] (0.00002345)
[  0  0  1  1  1  1  0  1  0 ] (0.00002295)
[  0  0  1  1  1  1  1  0  0 ] (0.00000008)
[  0  0  1  1  1  2  0  0  0 ] (0.00002726)
[  0  0  1  1  2  0  0  0  0 ] (0.00001639)
[  0  0  1  1  2  0  0  0  1 ] (0.00000340)
[  0  0  1  1  2  0  0  1  0 ] (0.00003505)
[  0  0  1  1  2  0  1  0  0 ] (0.00000281)
[  0  0  1  1  2  1  0  0  0 ] (0.00000064)
[  0  0  1  1  3  0  0  0  0 ] (0.00006958)
[  0  0  1  2  0  0  0  0  0 ] (0.00022831)
[  0  0  1  2  0  0  0  0  1 ] (0.00001161)
[  0  0  1  2  0  0  0  0  2 ] (0.00000096)
[  0  0  1  2  0  0  0  1  0 ] (0.00001525)
[  0  0  1  2  0  0  0  1  1 ] (0.00000493)
[  0  0  1  2  0  0  0  2  0 ] (0.00000033)
[  0  0  1  2  0  0  1  0  0 ] (0.00000004)
[  0  0  1  2  0  0  1  0  1 ] (0.00001140)
[  0  0  1  2  0  0  1  1  0 ] (0.00000181)
[  0  0  1  2  0  0  2  0  0 ] (0.00000717)
[  0  0  1  2  0  1  0  0  0 ] (0.00179782)
[  0  0  1  2  0  1  0  0  1 ] (0.00008165)
[  0  0  1  2  0  1  0  1  0 ] (0.00000142)
[  0  0  1  2  0  1  1  0  0 ] (0.00007140)
[  0  0  1  2  0  2  0  0  0 ] (0.00050519)
[  0  0  1  2  1  0  0  0  0 ] (0.01035970)
[  0  0  1  2  1  0  0  0  1 ] (0.00010043)
[  0  0  1  2  1  0  0  1  0 ] (0.00000434)
[  0  0  1  2  1  0  1  0  0 ] (0.00015938)
[  0  0  1  2  1  1  0  0  0 ] (0.00442219)
[  0  0  1  2  2  0  0  0  0 ] (0.00027975)
[  0  0  1  3  0  0  0  0  0 ] (0.00642701)
[  0  0  1  3  0  0  0  0  1 ] (0.00006074)
[  0  0  1  3  0  0  0  1  0 ] (0.00000566)
[  0  0  1  3  0  0  1  0  0 ] (0.00002972)
[  0  0  1  3  0  1  0  0  0 ] (0.00095849)
[  0  0  1  3  1  0  0  0  0 ] (0.00091603)
[  0  0  1  4  0  0  0  0  0 ] (0.00439557)
[  0  0  2  0  0  0  0  0  0 ] (0.00037153)
[  0  0  2  0  0  0  0  0  1 ] (0.00157725)
[  0  0  2  0  0  0  0  0  2 ] (0.00000377)
[  0  0  2  0  0  0  0  0  3 ] (0.00000242)
[  0  0  2  0  0  0  0  1  0 ] (0.00010409)
[  0  0  2  0  0  0  0  1  1 ] (0.00002948)
[  0  0  2  0  0  0  0  1  2 ] (0.00000055)
[  0  0  2  0  0  0  0  2  0 ] (0.00001397)
[  0  0  2  0  0  0  0  2  1 ] (0.00000020)
[  0  0  2  0  0  0  0  3  0 ] (0.00001676)
[  0  0  2  0  0  0  1  0  0 ] (0.01001884)
[  0  0  2  0  0  0  1  0  1 ] (0.00088971)
[  0  0  2  0  0  0  1  0  2 ] (0.00000353)
[  0  0  2  0  0  0  1  1  0 ] (0.00001025)
[  0  0  2  0  0  0  1  1  1 ] (0.00000049)
[  0  0  2  0  0  0  1  2  0 ] (0.00000283)
[  0  0  2  0  0  0  2  0  0 ] (0.00009289)
[  0  0  2  0  0  0  2  0  1 ] (0.00000115)
[  0  0  2  0  0  0  2  1  0 ] (0.00000018)
[  0  0  2  0  0  0  3  0  0 ] (0.00008867)
[  0  0  2  0  0  1  0  0  0 ] (0.00039679)
[  0  0  2  0  0  1  0  0  1 ] (0.00021249)
[  0  0  2  0  0  1  0  0  2 ] (0.00000241)
[  0  0  2  0  0  1  0  1  0 ] (0.00000003)
[  0  0  2  0  0  1  0  1  1 ] (0.00000005)
[  0  0  2  0  0  1  0  2  0 ] (0.00000113)
[  0  0  2  0  0  1  1  0  0 ] (0.00053578)
[  0  0  2  0  0  1  1  0  1 ] (0.00001490)
[  0  0  2  0  0  1  1  1  0 ] (0.00001519)
[  0  0  2  0  0  1  2  0  0 ] (0.00000045)
[  0  0  2  0  0  2  0  0  0 ] (0.00048375)
[  0  0  2  0  0  2  0  0  1 ] (0.00001539)
[  0  0  2  0  0  2  0  1  0 ] (0.00000021)
[  0  0  2  0  0  2  1  0  0 ] (0.00000080)
[  0  0  2  0  0  3  0  0  0 ] (0.00002108)
[  0  0  2  0  1  0  0  0  0 ] (0.00000948)
[  0  0  2  0  1  0  0  0  1 ] (0.00005176)
[  0  0  2  0  1  0  0  0  2 ] (0.00000000)
[  0  0  2  0  1  0  0  1  0 ] (0.00007270)
[  0  0  2  0  1  0  0  1  1 ] (0.00001174)
[  0  0  2  0  1  0  0  2  0 ] (0.00000001)
[  0  0  2  0  1  0  1  0  0 ] (0.00000737)
[  0  0  2  0  1  0  1  0  1 ] (0.00000558)
[  0  0  2  0  1  0  1  1  0 ] (0.00000001)
[  0  0  2  0  1  0  2  0  0 ] (0.00000085)
[  0  0  2  0  1  1  0  0  0 ] (0.00118911)
[  0  0  2  0  1  1  0  0  1 ] (0.00000015)
[  0  0  2  0  1  1  0  1  0 ] (0.00004239)
[  0  0  2  0  1  1  1  0  0 ] (0.00002161)
[  0  0  2  0  1  2  0  0  0 ] (0.00001907)
[  0  0  2  0  2  0  0  0  0 ] (0.00526053)
[  0  0  2  0  2  0  0  0  1 ] (0.00023946)
[  0  0  2  0  2  0  0  1  0 ] (0.00000638)
[  0  0  2  0  2  0  1  0  0 ] (0.00007524)
[  0  0  2  0  2  1  0  0  0 ] (0.00100716)
[  0  0  2  0  3  0  0  0  0 ] (0.00005192)
[  0  0  2  1  0  0  0  0  0 ] (0.00443855)
[  0  0  2  1  0  0  0  0  1 ] (0.00001469)
[  0  0  2  1  0  0  0  0  2 ] (0.00003422)
[  0  0  2  1  0  0  0  1  0 ] (0.00008932)
[  0  0  2  1  0  0  0  1  1 ] (0.00000286)
[  0  0  2  1  0  0  0  2  0 ] (0.00000155)
[  0  0  2  1  0  0  1  0  0 ] (0.00000083)
[  0  0  2  1  0  0  1  0  1 ] (0.00003725)
[  0  0  2  1  0  0  1  1  0 ] (0.00015155)
[  0  0  2  1  0  0  2  0  0 ] (0.00000954)
[  0  0  2  1  0  1  0  0  0 ] (0.08117425)
[  0  0  2  1  0  1  0  0  1 ] (0.00069024)
[  0  0  2  1  0  1  0  1  0 ] (0.00007749)
[  0  0  2  1  0  1  1  0  0 ] (0.00005074)
[  0  0  2  1  0  2  0  0  0 ] (0.01518040)
[  0  0  2  1  1  0  0  0  0 ] (0.19976654)
[  0  0  2  1  1  0  0  0  1 ] (0.00189441)
[  0  0  2  1  1  0  0  1  0 ] (0.00014030)
[  0  0  2  1  1  0  1  0  0 ] (0.00041508)
[  0  0  2  1  1  1  0  0  0 ] (0.03882380)
[  0  0  2  1  2  0  0  0  0 ] (0.00015768)
[  0  0  2  2  0  0  0  0  0 ] (0.00019565)
[  0  0  2  2  0  0  0  0  1 ] (0.00001433)
[  0  0  2  2  0  0  0  1  0 ] (0.00000000)
[  0  0  2  2  0  0  1  0  0 ] (0.00001781)
[  0  0  2  2  0  1  0  0  0 ] (0.00000002)
[  0  0  2  2  1  0  0  0  0 ] (0.00112793)
[  0  0  2  3  0  0  0  0  0 ] (0.00104337)
[  0  0  3  0  0  0  0  0  0 ] (0.00032535)
[  0  0  3  0  0  0  0  0  1 ] (0.00000207)
[  0  0  3  0  0  0  0  0  2 ] (0.00000001)
[  0  0  3  0  0  0  0  1  0 ] (0.00019132)
[  0  0  3  0  0  0  0  1  1 ] (0.00000749)
[  0  0  3  0  0  0  0  2  0 ] (0.00000441)
[  0  0  3  0  0  0  1  0  0 ] (0.00000700)
[  0  0  3  0  0  0  1  0  1 ] (0.00000453)
[  0  0  3  0  0  0  1  1  0 ] (0.00000120)
[  0  0  3  0  0  0  2  0  0 ] (0.00000883)
[  0  0  3  0  0  1  0  0  0 ] (0.00000411)
[  0  0  3  0  0  1  0  0  1 ] (0.00000506)
[  0  0  3  0  0  1  0  1  0 ] (0.00000018)
[  0  0  3  0  0  1  1  0  0 ] (0.00000004)
[  0  0  3  0  0  2  0  0  0 ] (0.00016381)
[  0  0  3  0  1  0  0  0  0 ] (0.00016754)
[  0  0  3  0  1  0  0  0  1 ] (0.00000593)
[  0  0  3  0  1  0  0  1  0 ] (0.00000050)
[  0  0  3  0  1  0  1  0  0 ] (0.00000024)
[  0  0  3  0  1  1  0  0  0 ] (0.00026325)
[  0  0  3  0  2  0  0  0  0 ] (0.00024305)
[  0  0  3  1  0  0  0  0  0 ] (0.00016483)
[  0  0  3  1  0  0  0  0  1 ] (0.00000285)
[  0  0  3  1  0  0  0  1  0 ] (0.00000002)
[  0  0  3  1  0  0  1  0  0 ] (0.00000619)
[  0  0  3  1  0  1  0  0  0 ] (0.00030274)
[  0  0  3  1  1  0  0  0  0 ] (0.00517427)
[  0  0  3  2  0  0  0  0  0 ] (0.00614311)
[  0  0  4  0  0  0  0  0  0 ] (0.00725769)
[  0  0  4  0  0  0  0  0  1 ] (0.00021412)
[  0  0  4  0  0  0  0  1  0 ] (0.00000497)
[  0  0  4  0  0  0  1  0  0 ] (0.00002892)
[  0  0  4  0  0  1  0  0  0 ] (0.00504605)
[  0  0  4  0  1  0  0  0  0 ] (0.01213284)
[  0  0  4  1  0  0  0  0  0 ] (0.06483337)
[  0  0  5  0  0  0  0  0  0 ] (0.00012713)
[  0  1  0  0  0  0  0  0  0 ] (0.00000442)
[  0  1  0  0  0  0  0  0  1 ] (0.00001465)
[  0  1  0  0  0  0  0  0  2 ] (0.00000012)
[  0  1  0  0  0  0  0  0  3 ] (0.00000000)
[  0  1  0  0  0  0  0  0  4 ] (0.00000000)
[  0  1  0  0  0  0  0  1  0 ] (0.00000000)
[  0  1  0  0  0  0  0  1  1 ] (0.00000015)
[  0  1  0  0  0  0  0  1  2 ] (0.00000002)
[  0  1  0  0  0  0  0  1  3 ] (0.00000004)
[  0  1  0  0  0  0  0  2  0 ] (0.00011069)
[  0  1  0  0  0  0  0  2  1 ] (0.00000441)
[  0  1  0  0  0  0  0  2  2 ] (0.00000064)
[  0  1  0  0  0  0  0  3  0 ] (0.00000071)
[  0  1  0  0  0  0  0  3  1 ] (0.00000023)
[  0  1  0  0  0  0  0  4  0 ] (0.00000035)
[  0  1  0  0  0  0  1  0  0 ] (0.00004537)
[  0  1  0  0  0  0  1  0  1 ] (0.00000135)
[  0  1  0  0  0  0  1  0  2 ] (0.00000041)
[  0  1  0  0  0  0  1  0  3 ] (0.00000003)
[  0  1  0  0  0  0  1  1  0 ] (0.00000290)
[  0  1  0  0  0  0  1  1  1 ] (0.00000012)
[  0  1  0  0  0  0  1  1  2 ] (0.00000000)
[  0  1  0  0  0  0  1  2  0 ] (0.00000973)
[  0  1  0  0  0  0  1  2  1 ] (0.00000204)
[  0  1  0  0  0  0  1  3  0 ] (0.00000005)
[  0  1  0  0  0  0  2  0  0 ] (0.00000015)
[  0  1  0  0  0  0  2  0  1 ] (0.00000002)
[  0  1  0  0  0  0  2  0  2 ] (0.00000002)
[  0  1  0  0  0  0  2  1  0 ] (0.00000022)
[  0  1  0  0  0  0  2  1  1 ] (0.00000000)
[  0  1  0  0  0  0  2  2  0 ] (0.00000005)
[  0  1  0  0  0  0  3  0  0 ] (0.00000073)
[  0  1  0  0  0  0  3  0  1 ] (0.00000000)
[  0  1  0  0  0  0  3  1  0 ] (0.00000000)
[  0  1  0  0  0  0  4  0  0 ] (0.00000000)
[  0  1  0  0  0  1  0  0  0 ] (0.00002404)
[  0  1  0  0  0  1  0  0  1 ] (0.00011725)
[  0  1  0  0  0  1  0  0  2 ] (0.00000001)
[  0  1  0  0  0  1  0  0  3 ] (0.00000004)
[  0  1  0  0  0  1  0  1  0 ] (0.00001528)
[  0  1  0  0  0  1  0  1  1 ] (0.00000013)
[  0  1  0  0  0  1  0  1  2 ] (0.00000021)
[  0  1  0  0  0  1  0  2  0 ] (0.00000143)
[  0  1  0  0  0  1  0  2  1 ] (0.00000008)
[  0  1  0  0  0  1  0  3  0 ] (0.00000033)
[  0  1  0  0  0  1  1  0  0 ] (0.00031828)
[  0  1  0  0  0  1  1  0  1 ] (0.00000516)
[  0  1  0  0  0  1  1  0  2 ] (0.00000022)
[  0  1  0  0  0  1  1  1  0 ] (0.00000058)
[  0  1  0  0  0  1  1  1  1 ] (0.00000014)
[  0  1  0  0  0  1  1  2  0 ] (0.00000038)
[  0  1  0  0  0  1  2  0  0 ] (0.00000026)
[  0  1  0  0  0  1  2  0  1 ] (0.00000028)
[  0  1  0  0  0  1  2  1  0 ] (0.00000001)
[  0  1  0  0  0  1  3  0  0 ] (0.00000000)
[  0  1  0  0  0  2  0  0  0 ] (0.00003882)
[  0  1  0  0  0  2  0  0  1 ] (0.00000058)
[  0  1  0  0  0  2  0  0  2 ] (0.00000010)
[  0  1  0  0  0  2  0  1  0 ] (0.00000002)
[  0  1  0  0  0  2  0  1  1 ] (0.00000027)
[  0  1  0  0  0  2  0  2  0 ] (0.00000005)
[  0  1  0  0  0  2  1  0  0 ] (0.00001364)
[  0  1  0  0  0  2  1  0  1 ] (0.00000046)
[  0  1  0  0  0  2  1  1  0 ] (0.00000023)
[  0  1  0  0  0  2  2  0  0 ] (0.00000055)
[  0  1  0  0  0  3  0  0  0 ] (0.00021707)
[  0  1  0  0  0  3  0  0  1 ] (0.00000115)
[  0  1  0  0  0  3  0  1  0 ] (0.00000000)
[  0  1  0  0  0  3  1  0  0 ] (0.00000013)
[  0  1  0  0  0  4  0  0  0 ] (0.00000694)
[  0  1  0  0  1  0  0  0  0 ] (0.00000051)
[  0  1  0  0  1  0  0  0  1 ] (0.00005254)
[  0  1  0  0  1  0  0  0  2 ] (0.00000011)
[  0  1  0  0  1  0  0  0  3 ] (0.00000026)
[  0  1  0  0  1  0  0  1  0 ] (0.00001392)
[  0  1  0  0  1  0  0  1  1 ] (0.00000143)
[  0  1  0  0  1  0  0  1  2 ] (0.00000023)
[  0  1  0  0  1  0  0  2  0 ] (0.00000154)
[  0  1  0  0  1  0  0  2  1 ] (0.00000008)
[  0  1  0  0  1  0  0  3  0 ] (0.00000010)
[  0  1  0  0  1  0  1  0  0 ] (0.00001404)
[  0  1  0  0  1  0  1  0  1 ] (0.00000143)
[  0  1  0  0  1  0  1  0  2 ] (0.00000011)
[  0  1  0  0  1  0  1  1  0 ] (0.00000639)
[  0  1  0  0  1  0  1  1  1 ] (0.00000018)
[  0  1  0  0  1  0  1  2  0 ] (0.00000005)
[  0  1  0  0  1  0  2  0  0 ] (0.00000578)
[  0  1  0  0  1  0  2  0  1 ] (0.00000002)
[  0  1  0  0  1  0  2  1  0 ] (0.00000011)
[  0  1  0  0  1  0  3  0  0 ] (0.00000194)
[  0  1  0  0  1  1  0  0  0 ] (0.00014832)
[  0  1  0  0  1  1  0  0  1 ] (0.00000018)
[  0  1  0  0  1  1  0  0  2 ] (0.00000000)
[  0  1  0  0  1  1  0  1  0 ] (0.00000054)
[  0  1  0  0  1  1  0  1  1 ] (0.00000062)
[  0  1  0  0  1  1  0  2  0 ] (0.00000066)
[  0  1  0  0  1  1  1  0  0 ] (0.00000939)
[  0  1  0  0  1  1  1  0  1 ] (0.00000074)
[  0  1  0  0  1  1  1  1  0 ] (0.00000248)
[  0  1  0  0  1  1  2  0  0 ] (0.00000001)
[  0  1  0  0  1  2  0  0  0 ] (0.00000629)
[  0  1  0  0  1  2  0  0  1 ] (0.00000112)
[  0  1  0  0  1  2  0  1  0 ] (0.00000072)
[  0  1  0  0  1  2  1  0  0 ] (0.00000175)
[  0  1  0  0  1  3  0  0  0 ] (0.00000004)
[  0  1  0  0  2  0  0  0  0 ] (0.00000000)
[  0  1  0  0  2  0  0  0  1 ] (0.00000654)
[  0  1  0  0  2  0  0  0  2 ] (0.00000007)
[  0  1  0  0  2  0  0  1  0 ] (0.00000037)
[  0  1  0  0  2  0  0  1  1 ] (0.00000003)
[  0  1  0  0  2  0  0  2  0 ] (0.00000004)
[  0  1  0  0  2  0  1  0  0 ] (0.00004718)
[  0  1  0  0  2  0  1  0  1 ] (0.00000008)
[  0  1  0  0  2  0  1  1  0 ] (0.00000022)
[  0  1  0  0  2  0  2  0  0 ] (0.00000137)
[  0  1  0  0  2  1  0  0  0 ] (0.00012192)
[  0  1  0  0  2  1  0  0  1 ] (0.00000046)
[  0  1  0  0  2  1  0  1  0 ] (0.00000641)
[  0  1  0  0  2  1  1  0  0 ] (0.00001298)
[  0  1  0  0  2  2  0  0  0 ] (0.00000760)
[  0  1  0  0  3  0  0  0  0 ] (0.01251726)
[  0  1  0  0  3  0  0  0  1 ] (0.00011210)
[  0  1  0  0  3  0  0  1  0 ] (0.00005595)
[  0  1  0  0  3  0  1  0  0 ] (0.00006758)
[  0  1  0  0  3  1  0  0  0 ] (0.00083655)
[  0  1  0  0  4  0  0  0  0 ] (0.00007381)
[  0  1  0  1  0  0  0  0  0 ] (0.00000000)
[  0  1  0  1  0  0  0  0  1 ] (0.00001000)
[  0  1  0  1  0  0  0  0  2 ] (0.00000007)
[  0  1  0  1  0  0  0  0  3 ] (0.00000010)
[  0  1  0  1  0  0  0  1  0 ] (0.00000005)
[  0  1  0  1  0  0  0  1  1 ] (0.00000002)
[  0  1  0  1  0  0  0  1  2 ] (0.00000012)
[  0  1  0  1  0  0  0  2  0 ] (0.00000006)
[  0  1  0  1  0  0  0  2  1 ] (0.00000002)
[  0  1  0  1  0  0  0  3  0 ] (0.00000001)
[  0  1  0  1  0  0  1  0  0 ] (0.00009333)
[  0  1  0  1  0  0  1  0  1 ] (0.00000099)
[  0  1  0  1  0  0  1  0  2 ] (0.00000001)
[  0  1  0  1  0  0  1  1  0 ] (0.00000060)
[  0  1  0  1  0  0  1  1  1 ] (0.00000000)
[  0  1  0  1  0  0  1  2  0 ] (0.00000000)
[  0  1  0  1  0  0  2  0  0 ] (0.00000000)
[  0  1  0  1  0  0  2  0  1 ] (0.00000000)
[  0  1  0  1  0  0  2  1  0 ] (0.00000001)
[  0  1  0  1  0  0  3  0  0 ] (0.00000003)
[  0  1  0  1  0  1  0  0  0 ] (0.00000087)
[  0  1  0  1  0  1  0  0  1 ] (0.00001934)
[  0  1  0  1  0  1  0  0  2 ] (0.00000004)
[  0  1  0  1  0  1  0  1  0 ] (0.00000254)
[  0  1  0  1  0  1  0  1  1 ] (0.00000005)
[  0  1  0  1  0  1  0  2  0 ] (0.00000009)
[  0  1  0  1  0  1  1  0  0 ] (0.00000383)
[  0  1  0  1  0  1  1  0  1 ] (0.00000133)
[  0  1  0  1  0  1  1  1  0 ] (0.00000081)
[  0  1  0  1  0  1  2  0  0 ] (0.00000146)
[  0  1  0  1  0  2  0  0  0 ] (0.00013643)
[  0  1  0  1  0  2  0  0  1 ] (0.00000185)
[  0  1  0  1  0  2  0  1  0 ] (0.00000389)
[  0  1  0  1  0  2  1  0  0 ] (0.00000219)
[  0  1  0  1  0  3  0  0  0 ] (0.00000024)
[  0  1  0  1  1  0  0  0  0 ] (0.00003361)
[  0  1  0  1  1  0  0  0  1 ] (0.00000519)
[  0  1  0  1  1  0  0  0  2 ] (0.00000031)
[  0  1  0  1  1  0  0  1  0 ] (0.00000000)
[  0  1  0  1  1  0  0  1  1 ] (0.00000026)
[  0  1  0  1  1  0  0  2  0 ] (0.00000007)
[  0  1  0  1  1  0  1  0  0 ] (0.00002009)
[  0  1  0  1  1  0  1  0  1 ] (0.00000274)
[  0  1  0  1  1  0  1  1  0 ] (0.00000135)
[  0  1  0  1  1  0  2  0  0 ] (0.00000043)
[  0  1  0  1  1  1  0  0  0 ] (0.00017669)
[  0  1  0  1  1  1  0  0  1 ] (0.00000154)
[  0  1  0  1  1  1  0  1  0 ] (0.00000058)
[  0  1  0  1  1  1  1  0  0 ] (0.00000275)
[  0  1  0  1  1  2  0  0  0 ] (0.00005205)
[  0  1  0  1  2  0  0  0  0 ] (0.00000967)
[  0  1  0  1  2  0  0  0  1 ] (0.00000002)
[  0  1  0  1  2  0  0  1  0 ] (0.00000271)
[  0  1  0  1  2  0  1  0  0 ] (0.00000055)
[  0  1  0  1  2  1  0  0  0 ] (0.00000318)
[  0  1  0  1  3  0  0  0  0 ] (0.00000002)
[  0  1  0  2  0  0  0  0  0 ] (0.00000119)
[  0  1  0  2  0  0  0  0  1 ] (0.00000096)
[  0  1  0  2  0  0  0  0  2 ] (0.00000004)
[  0  1  0  2  0  0  0  1  0 ] (0.00001134)
[  0  1  0  2  0  0  0  1  1 ] (0.00000121)
[  0  1  0  2  0  0  0  2  0 ] (0.00000003)
[  0  1  0  2  0  0  1  0  0 ] (0.00000559)
[  0  1  0  2  0  0  1  0  1 ] (0.00000116)
[  0  1  0  2  0  0  1  1  0 ] (0.00000119)
[  0  1  0  2  0  0  2  0  0 ] (0.00000012)
[  0  1  0  2  0  1  0  0  0 ] (0.00000483)
[  0  1  0  2  0  1  0  0  1 ] (0.00000072)
[  0  1  0  2  0  1  0  1  0 ] (0.00000479)
[  0  1  0  2  0  1  1  0  0 ] (0.00000078)
[  0  1  0  2  0  2  0  0  0 ] (0.00000118)
[  0  1  0  2  1  0  0  0  0 ] (0.00015154)
[  0  1  0  2  1  0  0  0  1 ] (0.00000501)
[  0  1  0  2  1  0  0  1  0 ] (0.00000319)
[  0  1  0  2  1  0  1  0  0 ] (0.00000248)
[  0  1  0  2  1  1  0  0  0 ] (0.00004223)
[  0  1  0  2  2  0  0  0  0 ] (0.00000544)
[  0  1  0  3  0  0  0  0  0 ] (0.00001087)
[  0  1  0  3  0  0  0  0  1 ] (0.00000140)
[  0  1  0  3  0  0  0  1  0 ] (0.00000002)
[  0  1  0  3  0  0  1  0  0 ] (0.00000127)
[  0  1  0  3  0  1  0  0  0 ] (0.00000588)
[  0  1  0  3  1  0  0  0  0 ] (0.00016883)
[  0  1  0  4  0  0  0  0  0 ] (0.00091981)
[  0  1  1  0  0  0  0  0  0 ] (0.00006469)
[  0  1  1  0  0  0  0  0  1 ] (0.00000405)
[  0  1  1  0  0  0  0  0  2 ] (0.00000735)
[  0  1  1  0  0  0  0  0  3 ] (0.00000000)
[  0  1  1  0  0  0  0  1  0 ] (0.00000756)
[  0  1  1  0  0  0  0  1  1 ] (0.00000091)
[  0  1  1  0  0  0  0  1  2 ] (0.00000016)
[  0  1  1  0  0  0  0  2  0 ] (0.00000267)
[  0  1  1  0  0  0  0  2  1 ] (0.00000054)
[  0  1  1  0  0  0  0  3  0 ] (0.00000075)
[  0  1  1  0  0  0  1  0  0 ] (0.00060181)
[  0  1  1  0  0  0  1  0  1 ] (0.00001538)
[  0  1  1  0  0  0  1  0  2 ] (0.00000001)
[  0  1  1  0  0  0  1  1  0 ] (0.00000006)
[  0  1  1  0  0  0  1  1  1 ] (0.00000038)
[  0  1  1  0  0  0  1  2  0 ] (0.00000143)
[  0  1  1  0  0  0  2  0  0 ] (0.00000005)
[  0  1  1  0  0  0  2  0  1 ] (0.00000004)
[  0  1  1  0  0  0  2  1  0 ] (0.00000002)
[  0  1  1  0  0  0  3  0  0 ] (0.00000011)
[  0  1  1  0  0  1  0  0  0 ] (0.00000038)
[  0  1  1  0  0  1  0  0  1 ] (0.00000236)
[  0  1  1  0  0  1  0  0  2 ] (0.00000154)
[  0  1  1  0  0  1  0  1  0 ] (0.00000309)
[  0  1  1  0  0  1  0  1  1 ] (0.00000000)
[  0  1  1  0  0  1  0  2  0 ] (0.00000001)
[  0  1  1  0  0  1  1  0  0 ] (0.00000048)
[  0  1  1  0  0  1  1  0  1 ] (0.00000030)
[  0  1  1  0  0  1  1  1  0 ] (0.00000014)
[  0  1  1  0  0  1  2  0  0 ] (0.00000029)
[  0  1  1  0  0  2  0  0  0 ] (0.00208757)
[  0  1  1  0  0  2  0  0  1 ] (0.00001030)
[  0  1  1  0  0  2  0  1  0 ] (0.00000355)
[  0  1  1  0  0  2  1  0  0 ] (0.00000567)
[  0  1  1  0  0  3  0  0  0 ] (0.00000332)
[  0  1  1  0  1  0  0  0  0 ] (0.00008945)
[  0  1  1  0  1  0  0  0  1 ] (0.00001295)
[  0  1  1  0  1  0  0  0  2 ] (0.00000028)
[  0  1  1  0  1  0  0  1  0 ] (0.00000013)
[  0  1  1  0  1  0  0  1  1 ] (0.00000050)
[  0  1  1  0  1  0  0  2  0 ] (0.00000001)
[  0  1  1  0  1  0  1  0  0 ] (0.00008863)
[  0  1  1  0  1  0  1  0  1 ] (0.00000136)
[  0  1  1  0  1  0  1  1  0 ] (0.00000261)
[  0  1  1  0  1  0  2  0  0 ] (0.00000062)
[  0  1  1  0  1  1  0  0  0 ] (0.00009499)
[  0  1  1  0  1  1  0  0  1 ] (0.00000229)
[  0  1  1  0  1  1  0  1  0 ] (0.00000039)
[  0  1  1  0  1  1  1  0  0 ] (0.00000185)
[  0  1  1  0  1  2  0  0  0 ] (0.00000712)
[  0  1  1  0  2  0  0  0  0 ] (0.00244637)
[  0  1  1  0  2  0  0  0  1 ] (0.00003727)
[  0  1  1  0  2  0  0  1  0 ] (0.00000035)
[  0  1  1  0  2  0  1  0  0 ] (0.00002747)
[  0  1  1  0  2  1  0  0  0 ] (0.00034558)
[  0  1  1  0  3  0  0  0  0 ] (0.00002194)
[  0  1  1  1  0  0  0  0  0 ] (0.00000120)
[  0  1  1  1  0  0  0  0  1 ] (0.00000005)
[  0  1  1  1  0  0  0  0  2 ] (0.00000164)
[  0  1  1  1  0  0  0  1  0 ] (0.00000175)
[  0  1  1  1  0  0  0  1  1 ] (0.00000015)
[  0  1  1  1  0  0  0  2  0 ] (0.00000040)
[  0  1  1  1  0  0  1  0  0 ] (0.00000288)
[  0  1  1  1  0  0  1  0  1 ] (0.00000009)
[  0  1  1  1  0  0  1  1  0 ] (0.00000281)
[  0  1  1  1  0  0  2  0  0 ] (0.00000016)
[  0  1  1  1  0  1  0  0  0 ] (0.00249040)
[  0  1  1  1  0  1  0  0  1 ] (0.00000911)
[  0  1  1  1  0  1  0  1  0 ] (0.00000480)
[  0  1  1  1  0  1  1  0  0 ] (0.00000236)
[  0  1  1  1  0  2  0  0  0 ] (0.00033020)
[  0  1  1  1  1  0  0  0  0 ] (0.00213888)
[  0  1  1  1  1  0  0  0  1 ] (0.00003485)
[  0  1  1  1  1  0  0  1  0 ] (0.00001273)
[  0  1  1  1  1  0  1  0  0 ] (0.00000565)
[  0  1  1  1  1  1  0  0  0 ] (0.00020068)
[  0  1  1  1  2  0  0  0  0 ] (0.00002163)
[  0  1  1  2  0  0  0  0  0 ] (0.00011732)
[  0  1  1  2  0  0  0  0  1 ] (0.00000210)
[  0  1  1  2  0  0  0  1  0 ] (0.00000221)
[  0  1  1  2  0  0  1  0  0 ] (0.00000104)
[  0  1  1  2  0  1  0  0  0 ] (0.00000105)
[  0  1  1  2  1  0  0  0  0 ] (0.00001061)
[  0  1  1  3  0  0  0  0  0 ] (0.00132319)
[  0  1  2  0  0  0  0  0  0 ] (0.00012289)
[  0  1  2  0  0  0  0  0  1 ] (0.00005509)
[  0  1  2  0  0  0  0  0  2 ] (0.00000101)
[  0  1  2  0  0  0  0  1  0 ] (0.00005753)
[  0  1  2  0  0  0  0  1  1 ] (0.00000344)
[  0  1  2  0  0  0  0  2  0 ] (0.00000022)
[  0  1  2  0  0  0  1  0  0 ] (0.00020100)
[  0  1  2  0  0  0  1  0  1 ] (0.00000136)
[  0  1  2  0  0  0  1  1  0 ] (0.00000046)
[  0  1  2  0  0  0  2  0  0 ] (0.00000432)
[  0  1  2  0  0  1  0  0  0 ] (0.00154948)
[  0  1  2  0  0  1  0  0  1 ] (0.00000488)
[  0  1  2  0  0  1  0  1  0 ] (0.00000055)
[  0  1  2  0  0  1  1  0  0 ] (0.00005002)
[  0  1  2  0  0  2  0  0  0 ] (0.00149938)
[  0  1  2  0  1  0  0  0  0 ] (0.00180458)
[  0  1  2  0  1  0  0  0  1 ] (0.00003163)
[  0  1  2  0  1  0  0  1  0 ] (0.00004354)
[  0  1  2  0  1  0  1  0  0 ] (0.00000347)
[  0  1  2  0  1  1  0  0  0 ] (0.00080300)
[  0  1  2  0  2  0  0  0  0 ] (0.00046593)
[  0  1  2  1  0  0  0  0  0 ] (0.00004304)
[  0  1  2  1  0  0  0  0  1 ] (0.00005540)
[  0  1  2  1  0  0  0  1  0 ] (0.00015328)
[  0  1  2  1  0  0  1  0  0 ] (0.00005746)
[  0  1  2  1  0  1  0  0  0 ] (0.00071078)
[  0  1  2  1  1  0  0  0  0 ] (0.00231580)
[  0  1  2  2  0  0  0  0  0 ] (0.00001668)
[  0  1  3  0  0  0  0  0  0 ] (0.00002484)
[  0  1  3  0  0  0  0  0  1 ] (0.00000390)
[  0  1  3  0  0  0  0  1  0 ] (0.00000165)
[  0  1  3  0  0  0  1  0  0 ] (0.00000056)
[  0  1  3  0  0  1  0  0  0 ] (0.00045205)
[  0  1  3  0  1  0  0  0  0 ] (0.00000856)
[  0  1  3  1  0  0  0  0  0 ] (0.00064920)
[  0  1  4  0  0  0  0  0  0 ] (0.00001605)
[  0  2  0  0  0  0  0  0  0 ] (0.00000030)
[  0  2  0  0  0  0  0  0  1 ] (0.00090315)
[  0  2  0  0  0  0  0  0  2 ] (0.00000174)
[  0  2  0  0  0  0  0  0  3 ] (0.00000075)
[  0  2  0  0  0  0  0  1  0 ] (0.00000585)
[  0  2  0  0  0  0  0  1  1 ] (0.00000012)
[  0  2  0  0  0  0  0  1  2 ] (0.00000003)
[  0  2  0  0  0  0  0  2  0 ] (0.00002619)
[  0  2  0  0  0  0  0  2  1 ] (0.00000217)
[  0  2  0  0  0  0  0  3  0 ] (0.00000674)
[  0  2  0  0  0  0  1  0  0 ] (0.00000178)
[  0  2  0  0  0  0  1  0  1 ] (0.00000066)
[  0  2  0  0  0  0  1  0  2 ] (0.00000082)
[  0  2  0  0  0  0  1  1  0 ] (0.00000059)
[  0  2  0  0  0  0  1  1  1 ] (0.00000016)
[  0  2  0  0  0  0  1  2  0 ] (0.00000083)
[  0  2  0  0  0  0  2  0  0 ] (0.00003722)
[  0  2  0  0  0  0  2  0  1 ] (0.00000440)
[  0  2  0  0  0  0  2  1  0 ] (0.00000049)
[  0  2  0  0  0  0  3  0  0 ] (0.00001489)
[  0  2  0  0  0  1  0  0  0 ] (0.00001133)
[  0  2  0  0  0  1  0  0  1 ] (0.00001986)
[  0  2  0  0  0  1  0  0  2 ] (0.00000000)
[  0  2  0  0  0  1  0  1  0 ] (0.00000001)
[  0  2  0  0  0  1  0  1  1 ] (0.00000061)
[  0  2  0  0  0  1  0  2  0 ] (0.00000047)
[  0  2  0  0  0  1  1  0  0 ] (0.00000030)
[  0  2  0  0  0  1  1  0  1 ] (0.00000144)
[  0  2  0  0  0  1  1  1  0 ] (0.00000130)
[  0  2  0  0  0  1  2  0  0 ] (0.00000006)
[  0  2  0  0  0  2  0  0  0 ] (0.00000568)
[  0  2  0  0  0  2  0  0  1 ] (0.00000164)
[  0  2  0  0  0  2  0  1  0 ] (0.00000078)
[  0  2  0  0  0  2  1  0  0 ] (0.00000002)
[  0  2  0  0  0  3  0  0  0 ] (0.00000895)
[  0  2  0  0  1  0  0  0  0 ] (0.00005567)
[  0  2  0  0  1  0  0  0  1 ] (0.00000138)
[  0  2  0  0  1  0  0  0  2 ] (0.00000136)
[  0  2  0  0  1  0  0  1  0 ] (0.00000081)
[  0  2  0  0  1  0  0  1  1 ] (0.00000028)
[  0  2  0  0  1  0  0  2  0 ] (0.00000012)
[  0  2  0  0  1  0  1  0  0 ] (0.00002589)
[  0  2  0  0  1  0  1  0  1 ] (0.00000097)
[  0  2  0  0  1  0  1  1  0 ] (0.00000002)
[  0  2  0  0  1  0  2  0  0 ] (0.00000062)
[  0  2  0  0  1  1  0  0  0 ] (0.00156500)
[  0  2  0  0  1  1  0  0  1 ] (0.00001705)
[  0  2  0  0  1  1  0  1  0 ] (0.00000091)
[  0  2  0  0  1  1  1  0  0 ] (0.00000820)
[  0  2  0  0  1  2  0  0  0 ] (0.00008401)
[  0  2  0  0  2  0  0  0  0 ] (0.00003243)
[  0  2  0  0  2  0  0  0  1 ] (0.00000033)
[  0  2  0  0  2  0  0  1  0 ] (0.00000162)
[  0  2  0  0  2  0  1  0  0 ] (0.00000074)
[  0  2  0  0  2  1  0  0  0 ] (0.00000460)
[  0  2  0  0  3  0  0  0  0 ] (0.00005174)
[  0  2  0  1  0  0  0  0  0 ] (0.00000084)
[  0  2  0  1  0  0  0  0  1 ] (0.00000012)
[  0  2  0  1  0  0  0  0  2 ] (0.00000012)
[  0  2  0  1  0  0  0  1  0 ] (0.00000222)
[  0  2  0  1  0  0  0  1  1 ] (0.00000066)
[  0  2  0  1  0  0  0  2  0 ] (0.00000000)
[  0  2  0  1  0  0  1  0  0 ] (0.00000263)
[  0  2  0  1  0  0  1  0  1 ] (0.00000035)
[  0  2  0  1  0  0  1  1  0 ] (0.00000039)
[  0  2  0  1  0  0  2  0  0 ] (0.00000089)
[  0  2  0  1  0  1  0  0  0 ] (0.00005482)
[  0  2  0  1  0  1  0  0  1 ] (0.00000003)
[  0  2  0  1  0  1  0  1  0 ] (0.00000026)
[  0  2  0  1  0  1  1  0  0 ] (0.00000098)
[  0  2  0  1  0  2  0  0  0 ] (0.00000888)
[  0  2  0  1  1  0  0  0  0 ] (0.00004351)
[  0  2  0  1  1  0  0  0  1 ] (0.00000059)
[  0  2  0  1  1  0  0  1  0 ] (0.00000007)
[  0  2  0  1  1  0  1  0  0 ] (0.00000135)
[  0  2  0  1  1  1  0  0  0 ] (0.00001809)
[  0  2  0  1  2  0  0  0  0 ] (0.00000019)
[  0  2  0  2  0  0  0  0  0 ] (0.00000092)
[  0  2  0  2  0  0  0  0  1 ] (0.00000015)
[  0  2  0  2  0  0  0  1  0 ] (0.00000498)
[  0  2  0  2  0  0  1  0  0 ] (0.00000204)
[  0  2  0  2  0  1  0  0  0 ] (0.00002516)
[  0  2  0  2  1  0  0  0  0 ] (0.00004632)
[  0  2  0  3  0  0  0  0  0 ] (0.00037544)
[  0  2  1  0  0  0  0  0  0 ] (0.00001874)
[  0  2  1  0  0  0  0  0  1 ] (0.00000279)
[  0  2  1  0  0  0  0  0  2 ] (0.00000033)
[  0  2  1  0  0  0  0  1  0 ] (0.00000047)
[  0  2  1  0  0  0  0  1  1 ] (0.00000000)
[  0  2  1  0  0  0  0  2  0 ] (0.00000010)
[  0  2  1  0  0  0  1  0  0 ] (0.00000107)
[  0  2  1  0  0  0  1  0  1 ] (0.00000010)
[  0  2  1  0  0  0  1  1  0 ] (0.00000011)
[  0  2  1  0  0  0  2  0  0 ] (0.00000003)
[  0  2  1  0  0  1  0  0  0 ] (0.00022603)
[  0  2  1  0  0  1  0  0  1 ] (0.00000021)
[  0  2  1  0  0  1  0  1  0 ] (0.00000156)
[  0  2  1  0  0  1  1  0  0 ] (0.00000245)
[  0  2  1  0  0  2  0  0  0 ] (0.00007832)
[  0  2  1  0  1  0  0  0  0 ] (0.00011889)
[  0  2  1  0  1  0  0  0  1 ] (0.00000117)
[  0  2  1  0  1  0  0  1  0 ] (0.00000037)
[  0  2  1  0  1  0  1  0  0 ] (0.00000439)
[  0  2  1  0  1  1  0  0  0 ] (0.00000594)
[  0  2  1  0  2  0  0  0  0 ] (0.00016930)
[  0  2  1  1  0  0  0  0  0 ] (0.00001633)
[  0  2  1  1  0  0  0  0  1 ] (0.00000128)
[  0  2  1  1  0  0  0  1  0 ] (0.00000163)
[  0  2  1  1  0  0  1  0  0 ] (0.00000245)
[  0  2  1  1  0  1  0  0  0 ] (0.00000676)
[  0  2  1  1  1  0  0  0  0 ] (0.00000181)
[  0  2  1  2  0  0  0  0  0 ] (0.00002029)
[  0  2  2  0  0  0  0  0  0 ] (0.00001322)
[  0  2  2  0  0  0  0  0  1 ] (0.00000423)
[  0  2  2  0  0  0  0  1  0 ] (0.00000019)
[  0  2  2  0  0  0  1  0  0 ] (0.00000245)
[  0  2  2  0  0  1  0  0  0 ] (0.00048771)
[  0  2  2  0  1  0  0  0  0 ] (0.00013442)
[  0  2  2  1  0  0  0  0  0 ] (0.00022301)
[  0  2  3  0  0  0  0  0  0 ] (0.00000610)
[  0  3  0  0  0  0  0  0  0 ] (0.00000553)
[  0  3  0  0  0  0  0  0  1 ] (0.00000581)
[  0  3  0  0  0  0  0  0  2 ] (0.00000030)
[  0  3  0  0  0  0  0  1  0 ] (0.00002384)
[  0  3  0  0  0  0  0  1  1 ] (0.00000016)
[  0  3  0  0  0  0  0  2  0 ] (0.00001136)
[  0  3  0  0  0  0  1  0  0 ] (0.00056455)
[  0  3  0  0  0  0  1  0  1 ] (0.00002012)
[  0  3  0  0  0  0  1  1  0 ] (0.00000003)
[  0  3  0  0  0  0  2  0  0 ] (0.00000003)
[  0  3  0  0  0  1  0  0  0 ] (0.00001371)
[  0  3  0  0  0  1  0  0  1 ] (0.00000432)
[  0  3  0  0  0  1  0  1  0 ] (0.00000044)
[  0  3  0  0  0  1  1  0  0 ] (0.00000533)
[  0  3  0  0  0  2  0  0  0 ] (0.00000057)
[  0  3  0  0  1  0  0  0  0 ] (0.00000899)
[  0  3  0  0  1  0  0  0  1 ] (0.00000636)
[  0  3  0  0  1  0  0  1  0 ] (0.00000002)
[  0  3  0  0  1  0  1  0  0 ] (0.00000829)
[  0  3  0  0  1  1  0  0  0 ] (0.00007300)
[  0  3  0  0  2  0  0  0  0 ] (0.00012055)
[  0  3  0  1  0  0  0  0  0 ] (0.00002734)
[  0  3  0  1  0  0  0  0  1 ] (0.00000041)
[  0  3  0  1  0  0  0  1  0 ] (0.00000009)
[  0  3  0  1  0  0  1  0  0 ] (0.00000317)
[  0  3  0  1  0  1  0  0  0 ] (0.00000013)
[  0  3  0  1  1  0  0  0  0 ] (0.00000711)
[  0  3  0  2  0  0  0  0  0 ] (0.00006132)
[  0  3  1  0  0  0  0  0  0 ] (0.00003403)
[  0  3  1  0  0  0  0  0  1 ] (0.00000154)
[  0  3  1  0  0  0  0  1  0 ] (0.00000124)
[  0  3  1  0  0  0  1  0  0 ] (0.00000466)
[  0  3  1  0  0  1  0  0  0 ] (0.00011969)
[  0  3  1  0  1  0  0  0  0 ] (0.00065819)
[  0  3  1  1  0  0  0  0  0 ] (0.00079398)
[  0  3  2  0  0  0  0  0  0 ] (0.00055798)
[  0  4  0  0  0  0  0  0  0 ] (0.00000524)
[  0  4  0  0  0  0  0  0  1 ] (0.00000010)
[  0  4  0  0  0  0  0  1  0 ] (0.00000285)
[  0  4  0  0  0  0  1  0  0 ] (0.00000438)
[  0  4  0  0  0  1  0  0  0 ] (0.00077296)
[  0  4  0  0  1  0  0  0  0 ] (0.00006139)
[  0  4  0  1  0  0  0  0  0 ] (0.00002073)
[  0  4  1  0  0  0  0  0  0 ] (0.00000254)
[  0  5  0  0  0  0  0  0  0 ] (0.00001402)
[  1  0  0  0  0  0  0  0  0 ] (0.00000065)
[  1  0  0  0  0  0  0  0  1 ] (0.00002134)
[  1  0  0  0  0  0  0  0  2 ] (0.00000111)
[  1  0  0  0  0  0  0  0  3 ] (0.00000032)
[  1  0  0  0  0  0  0  0  4 ] (0.00000017)
[  1  0  0  0  0  0  0  1  0 ] (0.00000043)
[  1  0  0  0  0  0  0  1  1 ] (0.00000205)
[  1  0  0  0  0  0  0  1  2 ] (0.00000004)
[  1  0  0  0  0  0  0  1  3 ] (0.00000006)
[  1  0  0  0  0  0  0  2  0 ] (0.00003318)
[  1  0  0  0  0  0  0  2  1 ] (0.00000098)
[  1  0  0  0  0  0  0  2  2 ] (0.00000000)
[  1  0  0  0  0  0  0  3  0 ] (0.00000002)
[  1  0  0  0  0  0  0  3  1 ] (0.00000006)
[  1  0  0  0  0  0  0  4  0 ] (0.00000027)
[  1  0  0  0  0  0  1  0  0 ] (0.00009010)
[  1  0  0  0  0  0  1  0  1 ] (0.00000025)
[  1  0  0  0  0  0  1  0  2 ] (0.00000000)
[  1  0  0  0  0  0  1  0  3 ] (0.00000000)
[  1  0  0  0  0  0  1  1  0 ] (0.00000611)
[  1  0  0  0  0  0  1  1  1 ] (0.00000011)
[  1  0  0  0  0  0  1  1  2 ] (0.00000004)
[  1  0  0  0  0  0  1  2  0 ] (0.00000008)
[  1  0  0  0  0  0  1  2  1 ] (0.00000003)
[  1  0  0  0  0  0  1  3  0 ] (0.00000002)
[  1  0  0  0  0  0  2  0  0 ] (0.00000556)
[  1  0  0  0  0  0  2  0  1 ] (0.00000071)
[  1  0  0  0  0  0  2  0  2 ] (0.00000007)
[  1  0  0  0  0  0  2  1  0 ] (0.00000011)
[  1  0  0  0  0  0  2  1  1 ] (0.00000001)
[  1  0  0  0  0  0  2  2  0 ] (0.00000001)
[  1  0  0  0  0  0  3  0  0 ] (0.00001626)
[  1  0  0  0  0  0  3  0  1 ] (0.00000027)
[  1  0  0  0  0  0  3  1  0 ] (0.00000173)
[  1  0  0  0  0  0  4  0  0 ] (0.00000013)
[  1  0  0  0  0  1  0  0  0 ] (0.00000059)
[  1  0  0  0  0  1  0  0  1 ] (0.00001604)
[  1  0  0  0  0  1  0  0  2 ] (0.00000024)
[  1  0  0  0  0  1  0  0  3 ] (0.00000028)
[  1  0  0  0  0  1  0  1  0 ] (0.00003531)
[  1  0  0  0  0  1  0  1  1 ] (0.00000035)
[  1  0  0  0  0  1  0  1  2 ] (0.00000011)
[  1  0  0  0  0  1  0  2  0 ] (0.00000411)
[  1  0  0  0  0  1  0  2  1 ] (0.00000061)
[  1  0  0  0  0  1  0  3  0 ] (0.00000135)
[  1  0  0  0  0  1  1  0  0 ] (0.00002726)
[  1  0  0  0  0  1  1  0  1 ] (0.00000053)
[  1  0  0  0  0  1  1  0  2 ] (0.00000002)
[  1  0  0  0  0  1  1  1  0 ] (0.00000455)
[  1  0  0  0  0  1  1  1  1 ] (0.00000000)
[  1  0  0  0  0  1  1  2  0 ] (0.00000002)
[  1  0  0  0  0  1  2  0  0 ] (0.00000284)
[  1  0  0  0  0  1  2  0  1 ] (0.00000020)
[  1  0  0  0  0  1  2  1  0 ] (0.00000014)
[  1  0  0  0  0  1  3  0  0 ] (0.00000124)
[  1  0  0  0  0  2  0  0  0 ] (0.00003347)
[  1  0  0  0  0  2  0  0  1 ] (0.00000464)
[  1  0  0  0  0  2  0  0  2 ] (0.00000004)
[  1  0  0  0  0  2  0  1  0 ] (0.00000001)
[  1  0  0  0  0  2  0  1  1 ] (0.00000001)
[  1  0  0  0  0  2  0  2  0 ] (0.00000014)
[  1  0  0  0  0  2  1  0  0 ] (0.00003693)
[  1  0  0  0  0  2  1  0  1 ] (0.00000129)
[  1  0  0  0  0  2  1  1  0 ] (0.00000323)
[  1  0  0  0  0  2  2  0  0 ] (0.00000064)
[  1  0  0  0  0  3  0  0  0 ] (0.00050104)
[  1  0  0  0  0  3  0  0  1 ] (0.00000001)
[  1  0  0  0  0  3  0  1  0 ] (0.00000002)
[  1  0  0  0  0  3  1  0  0 ] (0.00000079)
[  1  0  0  0  0  4  0  0  0 ] (0.00000057)
[  1  0  0  0  1  0  0  0  0 ] (0.00000777)
[  1  0  0  0  1  0  0  0  1 ] (0.00000350)
[  1  0  0  0  1  0  0  0  2 ] (0.00000026)
[  1  0  0  0  1  0  0  0  3 ] (0.00000002)
[  1  0  0  0  1  0  0  1  0 ] (0.00000035)
[  1  0  0  0  1  0  0  1  1 ] (0.00000280)
[  1  0  0  0  1  0  0  1  2 ] (0.00000002)
[  1  0  0  0  1  0  0  2  0 ] (0.00000732)
[  1  0  0  0  1  0  0  2  1 ] (0.00000019)
[  1  0  0  0  1  0  0  3  0 ] (0.00000339)
[  1  0  0  0  1  0  1  0  0 ] (0.00162391)
[  1  0  0  0  1  0  1  0  1 ] (0.00003620)
[  1  0  0  0  1  0  1  0  2 ] (0.00000134)
[  1  0  0  0  1  0  1  1  0 ] (0.00002973)
[  1  0  0  0  1  0  1  1  1 ] (0.00000037)
[  1  0  0  0  1  0  1  2  0 ] (0.00000002)
[  1  0  0  0  1  0  2  0  0 ] (0.00001389)
[  1  0  0  0  1  0  2  0  1 ] (0.00000172)
[  1  0  0  0  1  0  2  1  0 ] (0.00000049)
[  1  0  0  0  1  0  3  0  0 ] (0.00000701)
[  1  0  0  0  1  1  0  0  0 ] (0.00001636)
[  1  0  0  0  1  1  0  0  1 ] (0.00000189)
[  1  0  0  0  1  1  0  0  2 ] (0.00000056)
[  1  0  0  0  1  1  0  1  0 ] (0.00000272)
[  1  0  0  0  1  1  0  1  1 ] (0.00000029)
[  1  0  0  0  1  1  0  2  0 ] (0.00000156)
[  1  0  0  0  1  1  1  0  0 ] (0.00005021)
[  1  0  0  0  1  1  1  0  1 ] (0.00000446)
[  1  0  0  0  1  1  1  1  0 ] (0.00000298)
[  1  0  0  0  1  1  2  0  0 ] (0.00000099)
[  1  0  0  0  1  2  0  0  0 ] (0.00041501)
[  1  0  0  0  1  2  0  0  1 ] (0.00000222)
[  1  0  0  0  1  2  0  1  0 ] (0.00000001)
[  1  0  0  0  1  2  1  0  0 ] (0.00000055)
[  1  0  0  0  1  3  0  0  0 ] (0.00000837)
[  1  0  0  0  2  0  0  0  0 ] (0.00310194)
[  1  0  0  0  2  0  0  0  1 ] (0.00008708)
[  1  0  0  0  2  0  0  0  2 ] (0.00001353)
[  1  0  0  0  2  0  0  1  0 ] (0.00003274)
[  1  0  0  0  2  0  0  1  1 ] (0.00000209)
[  1  0  0  0  2  0  0  2  0 ] (0.00000076)
[  1  0  0  0  2  0  1  0  0 ] (0.00000408)
[  1  0  0  0  2  0  1  0  1 ] (0.00000665)
[  1  0  0  0  2  0  1  1  0 ] (0.00000501)
[  1  0  0  0  2  0  2  0  0 ] (0.00000256)
[  1  0  0  0  2  1  0  0  0 ] (0.02929549)
[  1  0  0  0  2  1  0  0  1 ] (0.00040169)
[  1  0  0  0  2  1  0  1  0 ] (0.00000642)
[  1  0  0  0  2  1  1  0  0 ] (0.00047749)
[  1  0  0  0  2  2  0  0  0 ] (0.00471816)
[  1  0  0  0  3  0  0  0  0 ] (0.00285013)
[  1  0  0  0  3  0  0  0  1 ] (0.00001051)
[  1  0  0  0  3  0  0  1  0 ] (0.00008834)
[  1  0  0  0  3  0  1  0  0 ] (0.00021427)
[  1  0  0  0  3  1  0  0  0 ] (0.00024609)
[  1  0  0  0  4  0  0  0  0 ] (0.00000045)
[  1  0  0  1  0  0  0  0  0 ] (0.00003974)
[  1  0  0  1  0  0  0  0  1 ] (0.00004014)
[  1  0  0  1  0  0  0  0  2 ] (0.00000001)
[  1  0  0  1  0  0  0  0  3 ] (0.00000008)
[  1  0  0  1  0  0  0  1  0 ] (0.00003618)
[  1  0  0  1  0  0  0  1  1 ] (0.00000007)
[  1  0  0  1  0  0  0  1  2 ] (0.00000002)
[  1  0  0  1  0  0  0  2  0 ] (0.00000075)
[  1  0  0  1  0  0  0  2  1 ] (0.00000265)
[  1  0  0  1  0  0  0  3  0 ] (0.00000073)
[  1  0  0  1  0  0  1  0  0 ] (0.00001132)
[  1  0  0  1  0  0  1  0  1 ] (0.00000455)
[  1  0  0  1  0  0  1  0  2 ] (0.00000002)
[  1  0  0  1  0  0  1  1  0 ] (0.00000005)
[  1  0  0  1  0  0  1  1  1 ] (0.00000004)
[  1  0  0  1  0  0  1  2  0 ] (0.00000151)
[  1  0  0  1  0  0  2  0  0 ] (0.00000126)
[  1  0  0  1  0  0  2  0  1 ] (0.00000001)
[  1  0  0  1  0  0  2  1  0 ] (0.00000021)
[  1  0  0  1  0  0  3  0  0 ] (0.00000169)
[  1  0  0  1  0  1  0  0  0 ] (0.00006222)
[  1  0  0  1  0  1  0  0  1 ] (0.00000440)
[  1  0  0  1  0  1  0  0  2 ] (0.00000033)
[  1  0  0  1  0  1  0  1  0 ] (0.00001031)
[  1  0  0  1  0  1  0  1  1 ] (0.00000137)
[  1  0  0  1  0  1  0  2  0 ] (0.00000657)
[  1  0  0  1  0  1  1  0  0 ] (0.00000018)
[  1  0  0  1  0  1  1  0  1 ] (0.00000017)
[  1  0  0  1  0  1  1  1  0 ] (0.00000002)
[  1  0  0  1  0  1  2  0  0 ] (0.00000165)
[  1  0  0  1  0  2  0  0  0 ] (0.00282895)
[  1  0  0  1  0  2  0  0  1 ] (0.00001814)
[  1  0  0  1  0  2  0  1  0 ] (0.00000004)
[  1  0  0  1  0  2  1  0  0 ] (0.00000777)
[  1  0  0  1  0  3  0  0  0 ] (0.00001903)
[  1  0  0  1  1  0  0  0  0 ] (0.00010082)
[  1  0  0  1  1  0  0  0  1 ] (0.00000262)
[  1  0  0  1  1  0  0  0  2 ] (0.00000000)
[  1  0  0  1  1  0  0  1  0 ] (0.00001018)
[  1  0  0  1  1  0  0  1  1 ] (0.00000098)
[  1  0  0  1  1  0  0  2  0 ] (0.00000098)
[  1  0  0  1  1  0  1  0  0 ] (0.00001736)
[  1  0  0  1  1  0  1  0  1 ] (0.00000012)
[  1  0  0  1  1  0  1  1  0 ] (0.00000514)
[  1  0  0  1  1  0  2  0  0 ] (0.00000333)
[  1  0  0  1  1  1  0  0  0 ] (0.00000963)
[  1  0  0  1  1  1  0  0  1 ] (0.00000016)
[  1  0  0  1  1  1  0  1  0 ] (0.00000463)
[  1  0  0  1  1  1  1  0  0 ] (0.00000830)
[  1  0  0  1  1  2  0  0  0 ] (0.00000435)
[  1  0  0  1  2  0  0  0  0 ] (0.00000198)
[  1  0  0  1  2  0  0  0  1 ] (0.00000118)
[  1  0  0  1  2  0  0  1  0 ] (0.00001718)
[  1  0  0  1  2  0  1  0  0 ] (0.00000482)
[  1  0  0  1  2  1  0  0  0 ] (0.00000841)
[  1  0  0  1  3  0  0  0  0 ] (0.00023388)
[  1  0  0  2  0  0  0  0  0 ] (0.00000056)
[  1  0  0  2  0  0  0  0  1 ] (0.00003537)
[  1  0  0  2  0  0  0  0  2 ] (0.00000015)
[  1  0  0  2  0  0  0  1  0 ] (0.00003803)
[  1  0  0  2  0  0  0  1  1 ] (0.00000018)
[  1  0  0  2  0  0  0  2  0 ] (0.00000576)
[  1  0  0  2  0  0  1  0  0 ] (0.00096301)
[  1  0  0  2  0  0  1  0  1 ] (0.00002553)
[  1  0  0  2  0  0  1  1  0 ] (0.00000268)
[  1  0  0  2  0  0  2  0  0 ] (0.00001375)
[  1  0  0  2  0  1  0  0  0 ] (0.00005906)
[  1  0  0  2  0  1  0  0  1 ] (0.00000018)
[  1  0  0  2  0  1  0  1  0 ] (0.00000127)
[  1  0  0  2  0  1  1  0  0 ] (0.00011588)
[  1  0  0  2  0  2  0  0  0 ] (0.00002000)
[  1  0  0  2  1  0  0  0  0 ] (0.00000070)
[  1  0  0  2  1  0  0  0  1 ] (0.00000031)
[  1  0  0  2  1  0  0  1  0 ] (0.00000885)
[  1  0  0  2  1  0  1  0  0 ] (0.00000248)
[  1  0  0  2  1  1  0  0  0 ] (0.00000890)
[  1  0  0  2  2  0  0  0  0 ] (0.00062430)
[  1  0  0  3  0  0  0  0  0 ] (0.00001514)
[  1  0  0  3  0  0  0  0  1 ] (0.00000490)
[  1  0  0  3  0  0  0  1  0 ] (0.00000189)
[  1  0  0  3  0  0  1  0  0 ] (0.00000049)
[  1  0  0  3  0  1  0  0  0 ] (0.00119246)
[  1  0  0  3  1  0  0  0  0 ] (0.00005051)
[  1  0  0  4  0  0  0  0  0 ] (0.00060528)
[  1  0  1  0  0  0  0  0  0 ] (0.00000147)
[  1  0  1  0  0  0  0  0  1 ] (0.00053113)
[  1  0  1  0  0  0  0  0  2 ] (0.00000402)
[  1  0  1  0  0  0  0  0  3 ] (0.00000183)
[  1  0  1  0  0  0  0  1  0 ] (0.00003232)
[  1  0  1  0  0  0  0  1  1 ] (0.00000039)
[  1  0  1  0  0  0  0  1  2 ] (0.00000026)
[  1  0  1  0  0  0  0  2  0 ] (0.00000058)
[  1  0  1  0  0  0  0  2  1 ] (0.00000015)
[  1  0  1  0  0  0  0  3  0 ] (0.00000069)
[  1  0  1  0  0  0  1  0  0 ] (0.00000019)
[  1  0  1  0  0  0  1  0  1 ] (0.00001527)
[  1  0  1  0  0  0  1  0  2 ] (0.00000001)
[  1  0  1  0  0  0  1  1  0 ] (0.00000444)
[  1  0  1  0  0  0  1  1  1 ] (0.00000008)
[  1  0  1  0  0  0  1  2  0 ] (0.00000003)
[  1  0  1  0  0  0  2  0  0 ] (0.00000868)
[  1  0  1  0  0  0  2  0  1 ] (0.00000375)
[  1  0  1  0  0  0  2  1  0 ] (0.00000007)
[  1  0  1  0  0  0  3  0  0 ] (0.00000570)
[  1  0  1  0  0  1  0  0  0 ] (0.00003172)
[  1  0  1  0  0  1  0  0  1 ] (0.00000097)
[  1  0  1  0  0  1  0  0  2 ] (0.00000007)
[  1  0  1  0  0  1  0  1  0 ] (0.00000199)
[  1  0  1  0  0  1  0  1  1 ] (0.00000089)
[  1  0  1  0  0  1  0  2  0 ] (0.00000062)
[  1  0  1  0  0  1  1  0  0 ] (0.00000133)
[  1  0  1  0  0  1  1  0  1 ] (0.00000891)
[  1  0  1  0  0  1  1  1  0 ] (0.00000107)
[  1  0  1  0  0  1  2  0  0 ] (0.00000003)
[  1  0  1  0  0  2  0  0  0 ] (0.00019268)
[  1  0  1  0  0  2  0  0  1 ] (0.00000390)
[  1  0  1  0  0  2  0  1  0 ] (0.00000179)
[  1  0  1  0  0  2  1  0  0 ] (0.00000015)
[  1  0  1  0  0  3  0  0  0 ] (0.00000336)
[  1  0  1  0  1  0  0  0  0 ] (0.00005721)
[  1  0  1  0  1  0  0  0  1 ] (0.00000348)
[  1  0  1  0  1  0  0  0  2 ] (0.00000000)
[  1  0  1  0  1  0  0  1  0 ] (0.00000049)
[  1  0  1  0  1  0  0  1  1 ] (0.00000064)
[  1  0  1  0  1  0  0  2  0 ] (0.00000026)
[  1  0  1  0  1  0  1  0  0 ] (0.00033913)
[  1  0  1  0  1  0  1  0  1 ] (0.00000465)
[  1  0  1  0  1  0  1  1  0 ] (0.00002047)
[  1  0  1  0  1  0  2  0  0 ] (0.00000037)
[  1  0  1  0  1  1  0  0  0 ] (0.00009221)
[  1  0  1  0  1  1  0  0  1 ] (0.00000398)
[  1  0  1  0  1  1  0  1  0 ] (0.00000187)
[  1  0  1  0  1  1  1  0  0 ] (0.00003286)
[  1  0  1  0  1  2  0  0  0 ] (0.00005108)
[  1  0  1  0  2  0  0  0  0 ] (0.00006721)
[  1  0  1  0  2  0  0  0  1 ] (0.00000001)
[  1  0  1  0  2  0  0  1  0 ] (0.00000014)
[  1  0  1  0  2  0  1  0  0 ] (0.00000048)
[  1  0  1  0  2  1  0  0  0 ] (0.00098807)
[  1  0  1  0  3  0  0  0  0 ] (0.00004302)
[  1  0  1  1  0  0  0  0  0 ] (0.00016604)
[  1  0  1  1  0  0  0  0  1 ] (0.00000594)
[  1  0  1  1  0  0  0  0  2 ] (0.00000003)
[  1  0  1  1  0  0  0  1  0 ] (0.00001739)
[  1  0  1  1  0  0  0  1  1 ] (0.00000137)
[  1  0  1  1  0  0  0  2  0 ] (0.00000015)
[  1  0  1  1  0  0  1  0  0 ] (0.00000887)
[  1  0  1  1  0  0  1  0  1 ] (0.00000410)
[  1  0  1  1  0  0  1  1  0 ] (0.00000317)
[  1  0  1  1  0  0  2  0  0 ] (0.00000008)
[  1  0  1  1  0  1  0  0  0 ] (0.00016487)
[  1  0  1  1  0  1  0  0  1 ] (0.00001456)
[  1  0  1  1  0  1  0  1  0 ] (0.00003370)
[  1  0  1  1  0  1  1  0  0 ] (0.00000061)
[  1  0  1  1  0  2  0  0  0 ] (0.00001729)
[  1  0  1  1  1  0  0  0  0 ] (0.00655206)
[  1  0  1  1  1  0  0  0  1 ] (0.00014768)
[  1  0  1  1  1  0  0  1  0 ] (0.00003139)
[  1  0  1  1  1  0  1  0  0 ] (0.00000098)
[  1  0  1  1  1  1  0  0  0 ] (0.00085917)
[  1  0  1  1  2  0  0  0  0 ] (0.00004016)
[  1  0  1  2  0  0  0  0  0 ] (0.00002823)
[  1  0  1  2  0  0  0  0  1 ] (0.00002832)
[  1  0  1  2  0  0  0  1  0 ] (0.00002552)
[  1  0  1  2  0  0  1  0  0 ] (0.00002457)
[  1  0  1  2  0  1  0  0  0 ] (0.00024805)
[  1  0  1  2  1  0  0  0  0 ] (0.00009516)
[  1  0  1  3  0  0  0  0  0 ] (0.00008804)
[  1  0  2  0  0  0  0  0  0 ] (0.00000458)
[  1  0  2  0  0  0  0  0  1 ] (0.00002087)
[  1  0  2  0  0  0  0  0  2 ] (0.00000224)
[  1  0  2  0  0  0  0  1  0 ] (0.00010474)
[  1  0  2  0  0  0  0  1  1 ] (0.00000025)
[  1  0  2  0  0  0  0  2  0 ] (0.00000126)
[  1  0  2  0  0  0  1  0  0 ] (0.00000227)
[  1  0  2  0  0  0  1  0  1 ] (0.00000917)
[  1  0  2  0  0  0  1  1  0 ] (0.00000001)
[  1  0  2  0  0  0  2  0  0 ] (0.00000010)
[  1  0  2  0  0  1  0  0  0 ] (0.00018739)
[  1  0  2  0  0  1  0  0  1 ] (0.00001018)
[  1  0  2  0  0  1  0  1  0 ] (0.00003185)
[  1  0  2  0  0  1  1  0  0 ] (0.00003070)
[  1  0  2  0  0  2  0  0  0 ] (0.00028135)
[  1  0  2  0  1  0  0  0  0 ] (0.00108672)
[  1  0  2  0  1  0  0  0  1 ] (0.00005768)
[  1  0  2  0  1  0  0  1  0 ] (0.00006021)
[  1  0  2  0  1  0  1  0  0 ] (0.00000313)
[  1  0  2  0  1  1  0  0  0 ] (0.00003717)
[  1  0  2  0  2  0  0  0  0 ] (0.00084549)
[  1  0  2  1  0  0  0  0  0 ] (0.00001578)
[  1  0  2  1  0  0  0  0  1 ] (0.00001672)
[  1  0  2  1  0  0  0  1  0 ] (0.00008273)
[  1  0  2  1  0  0  1  0  0 ] (0.00001751)
[  1  0  2  1  0  1  0  0  0 ] (0.00029328)
[  1  0  2  1  1  0  0  0  0 ] (0.00000004)
[  1  0  2  2  0  0  0  0  0 ] (0.00024671)
[  1  0  3  0  0  0  0  0  0 ] (0.00016254)
[  1  0  3  0  0  0  0  0  1 ] (0.00003807)
[  1  0  3  0  0  0  0  1  0 ] (0.00001076)
[  1  0  3  0  0  0  1  0  0 ] (0.00000497)
[  1  0  3  0  0  1  0  0  0 ] (0.00257982)
[  1  0  3  0  1  0  0  0  0 ] (0.00053207)
[  1  0  3  1  0  0  0  0  0 ] (0.00171727)
[  1  0  4  0  0  0  0  0  0 ] (0.00002514)
[  1  1  0  0  0  0  0  0  0 ] (0.00001620)
[  1  1  0  0  0  0  0  0  1 ] (0.00009842)
[  1  1  0  0  0  0  0  0  2 ] (0.00000170)
[  1  1  0  0  0  0  0  0  3 ] (0.00000006)
[  1  1  0  0  0  0  0  1  0 ] (0.00054772)
[  1  1  0  0  0  0  0  1  1 ] (0.00001315)
[  1  1  0  0  0  0  0  1  2 ] (0.00000007)
[  1  1  0  0  0  0  0  2  0 ] (0.00000893)
[  1  1  0  0  0  0  0  2  1 ] (0.00000000)
[  1  1  0  0  0  0  0  3  0 ] (0.00000163)
[  1  1  0  0  0  0  1  0  0 ] (0.00001504)
[  1  1  0  0  0  0  1  0  1 ] (0.00000011)
[  1  1  0  0  0  0  1  0  2 ] (0.00000002)
[  1  1  0  0  0  0  1  1  0 ] (0.00002291)
[  1  1  0  0  0  0  1  1  1 ] (0.00000021)
[  1  1  0  0  0  0  1  2  0 ] (0.00000014)
[  1  1  0  0  0  0  2  0  0 ] (0.00000707)
[  1  1  0  0  0  0  2  0  1 ] (0.00000002)
[  1  1  0  0  0  0  2  1  0 ] (0.00000144)
[  1  1  0  0  0  0  3  0  0 ] (0.00000053)
[  1  1  0  0  0  1  0  0  0 ] (0.00000465)
[  1  1  0  0  0  1  0  0  1 ] (0.00000252)
[  1  1  0  0  0  1  0  0  2 ] (0.00000010)
[  1  1  0  0  0  1  0  1  0 ] (0.00000557)
[  1  1  0  0  0  1  0  1  1 ] (0.00000001)
[  1  1  0  0  0  1  0  2  0 ] (0.00000323)
[  1  1  0  0  0  1  1  0  0 ] (0.00000490)
[  1  1  0  0  0  1  1  0  1 ] (0.00000014)
[  1  1  0  0  0  1  1  1  0 ] (0.00000595)
[  1  1  0  0  0  1  2  0  0 ] (0.00000020)
[  1  1  0  0  0  2  0  0  0 ] (0.00012069)
[  1  1  0  0  0  2  0  0  1 ] (0.00000005)
[  1  1  0  0  0  2  0  1  0 ] (0.00000051)
[  1  1  0  0  0  2  1  0  0 ] (0.00000246)
[  1  1  0  0  0  3  0  0  0 ] (0.00003596)
[  1  1  0  0  1  0  0  0  0 ] (0.00004158)
[  1  1  0  0  1  0  0  0  1 ] (0.00000004)
[  1  1  0  0  1  0  0  0  2 ] (0.00000011)
[  1  1  0  0  1  0  0  1  0 ] (0.00000053)
[  1  1  0  0  1  0  0  1  1 ] (0.00000004)
[  1  1  0  0  1  0  0  2  0 ] (0.00000074)
[  1  1  0  0  1  0  1  0  0 ] (0.00000639)
[  1  1  0  0  1  0  1  0  1 ] (0.00000321)
[  1  1  0  0  1  0  1  1  0 ] (0.00000727)
[  1  1  0  0  1  0  2  0  0 ] (0.00000557)
[  1  1  0  0  1  1  0  0  0 ] (0.00189895)
[  1  1  0  0  1  1  0  0  1 ] (0.00002690)
[  1  1  0  0  1  1  0  1  0 ] (0.00000117)
[  1  1  0  0  1  1  1  0  0 ] (0.00001155)
[  1  1  0  0  1  2  0  0  0 ] (0.00007363)
[  1  1  0  0  2  0  0  0  0 ] (0.00025004)
[  1  1  0  0  2  0  0  0  1 ] (0.00000070)
[  1  1  0  0  2  0  0  1  0 ] (0.00000131)
[  1  1  0  0  2  0  1  0  0 ] (0.00000022)
[  1  1  0  0  2  1  0  0  0 ] (0.00009316)
[  1  1  0  0  3  0  0  0  0 ] (0.00002749)
[  1  1  0  1  0  0  0  0  0 ] (0.00014729)
[  1  1  0  1  0  0  0  0  1 ] (0.00000152)
[  1  1  0  1  0  0  0  0  2 ] (0.00000070)
[  1  1  0  1  0  0  0  1  0 ] (0.00000020)
[  1  1  0  1  0  0  0  1  1 ] (0.00000000)
[  1  1  0  1  0  0  0  2  0 ] (0.00000000)
[  1  1  0  1  0  0  1  0  0 ] (0.00000814)
[  1  1  0  1  0  0  1  0  1 ] (0.00000123)
[  1  1  0  1  0  0  1  1  0 ] (0.00000052)
[  1  1  0  1  0  0  2  0  0 ] (0.00000007)
[  1  1  0  1  0  1  0  0  0 ] (0.00070111)
[  1  1  0  1  0  1  0  0  1 ] (0.00000994)
[  1  1  0  1  0  1  0  1  0 ] (0.00000441)
[  1  1  0  1  0  1  1  0  0 ] (0.00000004)
[  1  1  0  1  0  2  0  0  0 ] (0.00055700)
[  1  1  0  1  1  0  0  0  0 ] (0.00089602)
[  1  1  0  1  1  0  0  0  1 ] (0.00002989)
[  1  1  0  1  1  0  0  1  0 ] (0.00000698)
[  1  1  0  1  1  0  1  0  0 ] (0.00000021)
[  1  1  0  1  1  1  0  0  0 ] (0.00012840)
[  1  1  0  1  2  0  0  0  0 ] (0.00003243)
[  1  1  0  2  0  0  0  0  0 ] (0.00000232)
[  1  1  0  2  0  0  0  0  1 ] (0.00001611)
[  1  1  0  2  0  0  0  1  0 ] (0.00000059)
[  1  1  0  2  0  0  1  0  0 ] (0.00000003)
[  1  1  0  2  0  1  0  0  0 ] (0.00060141)
[  1  1  0  2  1  0  0  0  0 ] (0.00004641)
[  1  1  0  3  0  0  0  0  0 ] (0.00009272)
[  1  1  1  0  0  0  0  0  0 ] (0.00000023)
[  1  1  1  0  0  0  0  0  1 ] (0.00002549)
[  1  1  1  0  0  0  0  0  2 ] (0.00000411)
[  1  1  1  0  0  0  0  1  0 ] (0.00001147)
[  1  1  1  0  0  0  0  1  1 ] (0.00000094)
[  1  1  1  0  0  0  0  2  0 ] (0.00000330)
[  1  1  1  0  0  0  1  0  0 ] (0.00022835)
[  1  1  1  0  0  0  1  0  1 ] (0.00000502)
[  1  1  1  0  0  0  1  1  0 ] (0.00000001)
[  1  1  1  0  0  0  2  0  0 ] (0.00000006)
[  1  1  1  0  0  1  0  0  0 ] (0.00003477)
[  1  1  1  0  0  1  0  0  1 ] (0.00000022)
[  1  1  1  0  0  1  0  1  0 ] (0.00000490)
[  1  1  1  0  0  1  1  0  0 ] (0.00000183)
[  1  1  1  0  0  2  0  0  0 ] (0.00000803)
[  1  1  1  0  1  0  0  0  0 ] (0.00240060)
[  1  1  1  0  1  0  0  0  1 ] (0.00005537)
[  1  1  1  0  1  0  0  1  0 ] (0.00000326)
[  1  1  1  0  1  0  1  0  0 ] (0.00000310)
[  1  1  1  0  1  1  0  0  0 ] (0.00054681)
[  1  1  1  0  2  0  0  0  0 ] (0.00000013)
[  1  1  1  1  0  0  0  0  0 ] (0.00000371)
[  1  1  1  1  0  0  0  0  1 ] (0.00000447)
[  1  1  1  1  0  0  0  1  0 ] (0.00000262)
[  1  1  1  1  0  0  1  0  0 ] (0.00001289)
[  1  1  1  1  0  1  0  0  0 ] (0.00001389)
[  1  1  1  1  1  0  0  0  0 ] (0.00003448)
[  1  1  1  2  0  0  0  0  0 ] (0.00113274)
[  1  1  2  0  0  0  0  0  0 ] (0.00000140)
[  1  1  2  0  0  0  0  0  1 ] (0.00000303)
[  1  1  2  0  0  0  0  1  0 ] (0.00000603)
[  1  1  2  0  0  0  1  0  0 ] (0.00000604)
[  1  1  2  0  0  1  0  0  0 ] (0.00069172)
[  1  1  2  0  1  0  0  0  0 ] (0.00073300)
[  1  1  2  1  0  0  0  0  0 ] (0.00391411)
[  1  1  3  0  0  0  0  0  0 ] (0.00003616)
[  1  2  0  0  0  0  0  0  0 ] (0.00000057)
[  1  2  0  0  0  0  0  0  1 ] (0.00002939)
[  1  2  0  0  0  0  0  0  2 ] (0.00000061)
[  1  2  0  0  0  0  0  1  0 ] (0.00002288)
[  1  2  0  0  0  0  0  1  1 ] (0.00000000)
[  1  2  0  0  0  0  0  2  0 ] (0.00000071)
[  1  2  0  0  0  0  1  0  0 ] (0.00096919)
[  1  2  0  0  0  0  1  0  1 ] (0.00004401)
[  1  2  0  0  0  0  1  1  0 ] (0.00000169)
[  1  2  0  0  0  0  2  0  0 ] (0.00000074)
[  1  2  0  0  0  1  0  0  0 ] (0.00001063)
[  1  2  0  0  0  1  0  0  1 ] (0.00000114)
[  1  2  0  0  0  1  0  1  0 ] (0.00000498)
[  1  2  0  0  0  1  1  0  0 ] (0.00004112)
[  1  2  0  0  0  2  0  0  0 ] (0.00000270)
[  1  2  0  0  1  0  0  0  0 ] (0.00000036)
[  1  2  0  0  1  0  0  0  1 ] (0.00000227)
[  1  2  0  0  1  0  0  1  0 ] (0.00000024)
[  1  2  0  0  1  0  1  0  0 ] (0.00000001)
[  1  2  0  0  1  1  0  0  0 ] (0.00000070)
[  1  2  0  0  2  0  0  0  0 ] (0.00030615)
[  1  2  0  1  0  0  0  0  0 ] (0.00001235)
[  1  2  0  1  0  0  0  0  1 ] (0.00000168)
[  1  2  0  1  0  0  0  1  0 ] (0.00000190)
[  1  2  0  1  0  0  1  0  0 ] (0.00000029)
[  1  2  0  1  0  1  0  0  0 ] (0.00019923)
[  1  2  0  1  1  0  0  0  0 ] (0.00000164)
[  1  2  0  2  0  0  0  0  0 ] (0.00000189)
[  1  2  1  0  0  0  0  0  0 ] (0.00000089)
[  1  2  1  0  0  0  0  0  1 ] (0.00000329)
[  1  2  1  0  0  0  0  1  0 ] (0.00000022)
[  1  2  1  0  0  0  1  0  0 ] (0.00000254)
[  1  2  1  0  0  1  0  0  0 ] (0.00008911)
[  1  2  1  0  1  0  0  0  0 ] (0.00008100)
[  1  2  1  1  0  0  0  0  0 ] (0.00007548)
[  1  2  2  0  0  0  0  0  0 ] (0.00003952)
[  1  3  0  0  0  0  0  0  0 ] (0.00000000)
[  1  3  0  0  0  0  0  0  1 ] (0.00000376)
[  1  3  0  0  0  0  0  1  0 ] (0.00000250)
[  1  3  0  0  0  0  1  0  0 ] (0.00000001)
[  1  3  0  0  0  1  0  0  0 ] (0.00003049)
[  1  3  0  0  1  0  0  0  0 ] (0.00119531)
[  1  3  0  1  0  0  0  0  0 ] (0.00003393)
[  1  3  1  0  0  0  0  0  0 ] (0.00002490)
[  1  4  0  0  0  0  0  0  0 ] (0.00005409)
[  2  0  0  0  0  0  0  0  0 ] (0.00002641)
[  2  0  0  0  0  0  0  0  1 ] (0.00005655)
[  2  0  0  0  0  0  0  0  2 ] (0.00001738)
[  2  0  0  0  0  0  0  0  3 ] (0.00000076)
[  2  0  0  0  0  0  0  1  0 ] (0.00000542)
[  2  0  0  0  0  0  0  1  1 ] (0.00000051)
[  2  0  0  0  0  0  0  1  2 ] (0.00000000)
[  2  0  0  0  0  0  0  2  0 ] (0.00001086)
[  2  0  0  0  0  0  0  2  1 ] (0.00000320)
[  2  0  0  0  0  0  0  3  0 ] (0.00000006)
[  2  0  0  0  0  0  1  0  0 ] (0.00011483)
[  2  0  0  0  0  0  1  0  1 ] (0.00000002)
[  2  0  0  0  0  0  1  0  2 ] (0.00000048)
[  2  0  0  0  0  0  1  1  0 ] (0.00000237)
[  2  0  0  0  0  0  1  1  1 ] (0.00000000)
[  2  0  0  0  0  0  1  2  0 ] (0.00000610)
[  2  0  0  0  0  0  2  0  0 ] (0.00084763)
[  2  0  0  0  0  0  2  0  1 ] (0.00005790)
[  2  0  0  0  0  0  2  1  0 ] (0.00000082)
[  2  0  0  0  0  0  3  0  0 ] (0.00000000)
[  2  0  0  0  0  1  0  0  0 ] (0.00000053)
[  2  0  0  0  0  1  0  0  1 ] (0.00000266)
[  2  0  0  0  0  1  0  0  2 ] (0.00000040)
[  2  0  0  0  0  1  0  1  0 ] (0.00000472)
[  2  0  0  0  0  1  0  1  1 ] (0.00000020)
[  2  0  0  0  0  1  0  2  0 ] (0.00000623)
[  2  0  0  0  0  1  1  0  0 ] (0.00030749)
[  2  0  0  0  0  1  1  0  1 ] (0.00000797)
[  2  0  0  0  0  1  1  1  0 ] (0.00000525)
[  2  0  0  0  0  1  2  0  0 ] (0.00002423)
[  2  0  0  0  0  2  0  0  0 ] (0.00019323)
[  2  0  0  0  0  2  0  0  1 ] (0.00000400)
[  2  0  0  0  0  2  0  1  0 ] (0.00000355)
[  2  0  0  0  0  2  1  0  0 ] (0.00000420)
[  2  0  0  0  0  3  0  0  0 ] (0.00002673)
[  2  0  0  0  1  0  0  0  0 ] (0.00000001)
[  2  0  0  0  1  0  0  0  1 ] (0.00001510)
[  2  0  0  0  1  0  0  0  2 ] (0.00000008)
[  2  0  0  0  1  0  0  1  0 ] (0.00001105)
[  2  0  0  0  1  0  0  1  1 ] (0.00000756)
[  2  0  0  0  1  0  0  2  0 ] (0.00000018)
[  2  0  0  0  1  0  1  0  0 ] (0.00043773)
[  2  0  0  0  1  0  1  0  1 ] (0.00000818)
[  2  0  0  0  1  0  1  1  0 ] (0.00002294)
[  2  0  0  0  1  0  2  0  0 ] (0.00001612)
[  2  0  0  0  1  1  0  0  0 ] (0.00002927)
[  2  0  0  0  1  1  0  0  1 ] (0.00000272)
[  2  0  0  0  1  1  0  1  0 ] (0.00001020)
[  2  0  0  0  1  1  1  0  0 ] (0.00000001)
[  2  0  0  0  1  2  0  0  0 ] (0.00002950)
[  2  0  0  0  2  0  0  0  0 ] (0.00014649)
[  2  0  0  0  2  0  0  0  1 ] (0.00000218)
[  2  0  0  0  2  0  0  1  0 ] (0.00000017)
[  2  0  0  0  2  0  1  0  0 ] (0.00000007)
[  2  0  0  0  2  1  0  0  0 ] (0.00002475)
[  2  0  0  0  3  0  0  0  0 ] (0.02068444)
[  2  0  0  1  0  0  0  0  0 ] (0.00000315)
[  2  0  0  1  0  0  0  0  1 ] (0.00000081)
[  2  0  0  1  0  0  0  0  2 ] (0.00000010)
[  2  0  0  1  0  0  0  1  0 ] (0.00000741)
[  2  0  0  1  0  0  0  1  1 ] (0.00000036)
[  2  0  0  1  0  0  0  2  0 ] (0.00000113)
[  2  0  0  1  0  0  1  0  0 ] (0.00016447)
[  2  0  0  1  0  0  1  0  1 ] (0.00001184)
[  2  0  0  1  0  0  1  1  0 ] (0.00000318)
[  2  0  0  1  0  0  2  0  0 ] (0.00000564)
[  2  0  0  1  0  1  0  0  0 ] (0.00000398)
[  2  0  0  1  0  1  0  0  1 ] (0.00000282)
[  2  0  0  1  0  1  0  1  0 ] (0.00000016)
[  2  0  0  1  0  1  1  0  0 ] (0.00000322)
[  2  0  0  1  0  2  0  0  0 ] (0.00000756)
[  2  0  0  1  1  0  0  0  0 ] (0.00014624)
[  2  0  0  1  1  0  0  0  1 ] (0.00000129)
[  2  0  0  1  1  0  0  1  0 ] (0.00000511)
[  2  0  0  1  1  0  1  0  0 ] (0.00001548)
[  2  0  0  1  1  1  0  0  0 ] (0.00000740)
[  2  0  0  1  2  0  0  0  0 ] (0.00000000)
[  2  0  0  2  0  0  0  0  0 ] (0.00000319)
[  2  0  0  2  0  0  0  0  1 ] (0.00001079)
[  2  0  0  2  0  0  0  1  0 ] (0.00000067)
[  2  0  0  2  0  0  1  0  0 ] (0.00001561)
[  2  0  0  2  0  1  0  0  0 ] (0.00001135)
[  2  0  0  2  1  0  0  0  0 ] (0.00102349)
[  2  0  0  3  0  0  0  0  0 ] (0.00001067)
[  2  0  1  0  0  0  0  0  0 ] (0.00008454)
[  2  0  1  0  0  0  0  0  1 ] (0.00005350)
[  2  0  1  0  0  0  0  0  2 ] (0.00000348)
[  2  0  1  0  0  0  0  1  0 ] (0.00001251)
[  2  0  1  0  0  0  0  1  1 ] (0.00000121)
[  2  0  1  0  0  0  0  2  0 ] (0.00000602)
[  2  0  1  0  0  0  1  0  0 ] (0.00121248)
[  2  0  1  0  0  0  1  0  1 ] (0.00003194)
[  2  0  1  0  0  0  1  1  0 ] (0.00000473)
[  2  0  1  0  0  0  2  0  0 ] (0.00001611)
[  2  0  1  0  0  1  0  0  0 ] (0.00014697)
[  2  0  1  0  0  1  0  0  1 ] (0.00000039)
[  2  0  1  0  0  1  0  1  0 ] (0.00002245)
[  2  0  1  0  0  1  1  0  0 ] (0.00021244)
[  2  0  1  0  0  2  0  0  0 ] (0.00060032)
[  2  0  1  0  1  0  0  0  0 ] (0.00112237)
[  2  0  1  0  1  0  0  0  1 ] (0.00012725)
[  2  0  1  0  1  0  0  1  0 ] (0.00001618)
[  2  0  1  0  1  0  1  0  0 ] (0.00002255)
[  2  0  1  0  1  1  0  0  0 ] (0.00019358)
[  2  0  1  0  2  0  0  0  0 ] (0.00165171)
[  2  0  1  1  0  0  0  0  0 ] (0.00002495)
[  2  0  1  1  0  0  0  0  1 ] (0.00000210)
[  2  0  1  1  0  0  0  1  0 ] (0.00001460)
[  2  0  1  1  0  0  1  0  0 ] (0.00000330)
[  2  0  1  1  0  1  0  0  0 ] (0.00058682)
[  2  0  1  1  1  0  0  0  0 ] (0.00382691)
[  2  0  1  2  0  0  0  0  0 ] (0.00026161)
[  2  0  2  0  0  0  0  0  0 ] (0.00196371)
[  2  0  2  0  0  0  0  0  1 ] (0.00023761)
[  2  0  2  0  0  0  0  1  0 ] (0.00003725)
[  2  0  2  0  0  0  1  0  0 ] (0.00014107)
[  2  0  2  0  0  1  0  0  0 ] (0.00874990)
[  2  0  2  0  1  0  0  0  0 ] (0.02876857)
[  2  0  2  1  0  0  0  0  0 ] (0.00028340)
[  2  0  3  0  0  0  0  0  0 ] (0.00006111)
[  2  1  0  0  0  0  0  0  0 ] (0.00009161)
[  2  1  0  0  0  0  0  0  1 ] (0.00000094)
[  2  1  0  0  0  0  0  0  2 ] (0.00000264)
[  2  1  0  0  0  0  0  1  0 ] (0.00001126)
[  2  1  0  0  0  0  0  1  1 ] (0.00000013)
[  2  1  0  0  0  0  0  2  0 ] (0.00002402)
[  2  1  0  0  0  0  1  0  0 ] (0.00046652)
[  2  1  0  0  0  0  1  0  1 ] (0.00001338)
[  2  1  0  0  0  0  1  1  0 ] (0.00000005)
[  2  1  0  0  0  0  2  0  0 ] (0.00009698)
[  2  1  0  0  0  1  0  0  0 ] (0.00004315)
[  2  1  0  0  0  1  0  0  1 ] (0.00000242)
[  2  1  0  0  0  1  0  1  0 ] (0.00001051)
[  2  1  0  0  0  1  1  0  0 ] (0.00011205)
[  2  1  0  0  0  2  0  0  0 ] (0.00001319)
[  2  1  0  0  1  0  0  0  0 ] (0.00000673)
[  2  1  0  0  1  0  0  0  1 ] (0.00000166)
[  2  1  0  0  1  0  0  1  0 ] (0.00001378)
[  2  1  0  0  1  0  1  0  0 ] (0.00014612)
[  2  1  0  0  1  1  0  0  0 ] (0.00001740)
[  2  1  0  0  2  0  0  0  0 ] (0.00006096)
[  2  1  0  1  0  0  0  0  0 ] (0.00000227)
[  2  1  0  1  0  0  0  0  1 ] (0.00000169)
[  2  1  0  1  0  0  0  1  0 ] (0.00001178)
[  2  1  0  1  0  0  1  0  0 ] (0.00000035)
[  2  1  0  1  0  1  0  0  0 ] (0.00056164)
[  2  1  0  1  1  0  0  0  0 ] (0.00038143)
[  2  1  0  2  0  0  0  0  0 ] (0.00000642)
[  2  1  1  0  0  0  0  0  0 ] (0.00001781)
[  2  1  1  0  0  0  0  0  1 ] (0.00000283)
[  2  1  1  0  0  0  0  1  0 ] (0.00000016)
[  2  1  1  0  0  0  1  0  0 ] (0.00015043)
[  2  1  1  0  0  1  0  0  0 ] (0.00053900)
[  2  1  1  0  1  0  0  0  0 ] (0.00080067)
[  2  1  1  1  0  0  0  0  0 ] (0.00013383)
[  2  1  2  0  0  0  0  0  0 ] (0.00381013)
[  2  2  0  0  0  0  0  0  0 ] (0.00000047)
[  2  2  0  0  0  0  0  0  1 ] (0.00001465)
[  2  2  0  0  0  0  0  1  0 ] (0.00000014)
[  2  2  0  0  0  0  1  0  0 ] (0.00006294)
[  2  2  0  0  0  1  0  0  0 ] (0.00020115)
[  2  2  0  0  1  0  0  0  0 ] (0.00011618)
[  2  2  0  1  0  0  0  0  0 ] (0.00021123)
[  2  2  1  0  0  0  0  0  0 ] (0.00001325)
[  2  3  0  0  0  0  0  0  0 ] (0.00010471)
[  3  0  0  0  0  0  0  0  0 ] (0.00002364)
[  3  0  0  0  0  0  0  0  1 ] (0.00045432)
[  3  0  0  0  0  0  0  0  2 ] (0.00000206)
[  3  0  0  0  0  0  0  1  0 ] (0.00021712)
[  3  0  0  0  0  0  0  1  1 ] (0.00000472)
[  3  0  0  0  0  0  0  2  0 ] (0.00000072)
[  3  0  0  0  0  0  1  0  0 ] (0.00000238)
[  3  0  0  0  0  0  1  0  1 ] (0.00000216)
[  3  0  0  0  0  0  1  1  0 ] (0.00000458)
[  3  0  0  0  0  0  2  0  0 ] (0.00002856)
[  3  0  0  0  0  1  0  0  0 ] (0.00004132)
[  3  0  0  0  0  1  0  0  1 ] (0.00000465)
[  3  0  0  0  0  1  0  1  0 ] (0.00000487)
[  3  0  0  0  0  1  1  0  0 ] (0.00000690)
[  3  0  0  0  0  2  0  0  0 ] (0.00000652)
[  3  0  0  0  1  0  0  0  0 ] (0.00000213)
[  3  0  0  0  1  0  0  0  1 ] (0.00000460)
[  3  0  0  0  1  0  0  1  0 ] (0.00000918)
[  3  0  0  0  1  0  1  0  0 ] (0.00000030)
[  3  0  0  0  1  1  0  0  0 ] (0.00001336)
[  3  0  0  0  2  0  0  0  0 ] (0.00034144)
[  3  0  0  1  0  0  0  0  0 ] (0.00049007)
[  3  0  0  1  0  0  0  0  1 ] (0.00005817)
[  3  0  0  1  0  0  0  1  0 ] (0.00001081)
[  3  0  0  1  0  0  1  0  0 ] (0.00002116)
[  3  0  0  1  0  1  0  0  0 ] (0.00224825)
[  3  0  0  1  1  0  0  0  0 ] (0.00313899)
[  3  0  0  2  0  0  0  0  0 ] (0.00000523)
[  3  0  1  0  0  0  0  0  0 ] (0.00000168)
[  3  0  1  0  0  0  0  0  1 ] (0.00001840)
[  3  0  1  0  0  0  0  1  0 ] (0.00001816)
[  3  0  1  0  0  0  1  0  0 ] (0.00006266)
[  3  0  1  0  0  1  0  0  0 ] (0.00003916)
[  3  0  1  0  1  0  0  0  0 ] (0.00418593)
[  3  0  1  1  0  0  0  0  0 ] (0.00022601)
[  3  0  2  0  0  0  0  0  0 ] (0.00022663)
[  3  1  0  0  0  0  0  0  0 ] (0.00005651)
[  3  1  0  0  0  0  0  0  1 ] (0.00005022)
[  3  1  0  0  0  0  0  1  0 ] (0.00000512)
[  3  1  0  0  0  0  1  0  0 ] (0.00005282)
[  3  1  0  0  0  1  0  0  0 ] (0.00028009)
[  3  1  0  0  1  0  0  0  0 ] (0.00040164)
[  3  1  0  1  0  0  0  0  0 ] (0.00028323)
[  3  1  1  0  0  0  0  0  0 ] (0.00001098)
[  3  2  0  0  0  0  0  0  0 ] (0.00002194)
[  4  0  0  0  0  0  0  0  0 ] (0.00000107)
[  4  0  0  0  0  0  0  0  1 ] (0.00002521)
[  4  0  0  0  0  0  0  1  0 ] (0.00003899)
[  4  0  0  0  0  0  1  0  0 ] (0.00215189)
[  4  0  0  0  0  1  0  0  0 ] (0.00008306)
[  4  0  0  0  1  0  0  0  0 ] (0.00020792)
[  4  0  0  1  0  0  0  0  0 ] (0.00000008)
[  4  0  1  0  0  0  0  0  0 ] (0.00002689)
[  4  1  0  0  0  0  0  0  0 ] (0.00000317)
[  5  0  0  0  0  0  0  0  0 ] (0.00001921)
