|  -979.334981943402 |   181.556448210674 

[  0  0  0  0  0  0  0  0  0 ] (0.00000053)
[  0  0  0  0  0  0  0  0  1 ] (0.00000348)
[  0  0  0  0  0  0  0  0  2 ] (0.00000095)
[  0  0  0  0  0  0  0  0  3 ] (0.00000235)
[  0  0  0  0  0  0  0  0  4 ] (0.00000082)
[  0  0  0  0  0  0  0  0  5 ] (0.00000000)
[  0  0  0  0  0  0  0  1  0 ] (0.00027037)
[  0  0  0  0  0  0  0  1  1 ] (0.02665736)
[  0  0  0  0  0  0  0  1  2 ] (0.00068719)
[  0  0  0  0  0  0  0  1  3 ] (0.00027393)
[  0  0  0  0  0  0  0  1  4 ] (0.00001674)
[  0  0  0  0  0  0  0  2  0 ] (0.00000229)
[  0  0  0  0  0  0  0  2  1 ] (0.00000177)
[  0  0  0  0  0  0  0  2  2 ] (0.00000299)
[  0  0  0  0  0  0  0  2  3 ] (0.00000206)
[  0  0  0  0  0  0  0  3  0 ] (0.00006469)
[  0  0  0  0  0  0  0  3  1 ] (0.00000057)
[  0  0  0  0  0  0  0  3  2 ] (0.00000115)
[  0  0  0  0  0  0  0  4  0 ] (0.00055291)
[  0  0  0  0  0  0  0  4  1 ] (0.00013018)
[  0  0  0  0  0  0  0  5  0 ] (0.00000050)
[  0  0  0  0  0  0  1  0  0 ] (0.00000165)
[  0  0  0  0  0  0  1  0  1 ] (0.00005938)
[  0  0  0  0  0  0  1  0  2 ] (0.00000068)
[  0  0  0  0  0  0  1  0  3 ] (0.00000074)
[  0  0  0  0  0  0  1  0  4 ] (0.00000031)
[  0  0  0  0  0  0  1  1  0 ] (0.00105222)
[  0  0  0  0  0  0  1  1  1 ] (0.00012754)
[  0  0  0  0  0  0  1  1  2 ] (0.00000017)
[  0  0  0  0  0  0  1  1  3 ] (0.00000018)
[  0  0  0  0  0  0  1  2  0 ] (0.00000806)
[  0  0  0  0  0  0  1  2  1 ] (0.00000438)
[  0  0  0  0  0  0  1  2  2 ] (0.00000016)
[  0  0  0  0  0  0  1  3  0 ] (0.00000085)
[  0  0  0  0  0  0  1  3  1 ] (0.00000014)
[  0  0  0  0  0  0  1  4  0 ] (0.00000005)
[  0  0  0  0  0  0  2  0  0 ] (0.00000002)
[  0  0  0  0  0  0  2  0  1 ] (0.00001046)
[  0  0  0  0  0  0  2  0  2 ] (0.00000004)
[  0  0  0  0  0  0  2  0  3 ] (0.00000000)
[  0  0  0  0  0  0  2  1  0 ] (0.00000112)
[  0  0  0  0  0  0  2  1  1 ] (0.00000548)
[  0  0  0  0  0  0  2  1  2 ] (0.00001540)
[  0  0  0  0  0  0  2  2  0 ] (0.00000027)
[  0  0  0  0  0  0  2  2  1 ] (0.00000000)
[  0  0  0  0  0  0  2  3  0 ] (0.00000055)
[  0  0  0  0  0  0  3  0  0 ] (0.00017205)
[  0  0  0  0  0  0  3  0  1 ] (0.00000615)
[  0  0  0  0  0  0  3  0  2 ] (0.00000005)
[  0  0  0  0  0  0  3  1  0 ] (0.00003534)
[  0  0  0  0  0  0  3  1  1 ] (0.00002396)
[  0  0  0  0  0  0  3  2  0 ] (0.00000089)
[  0  0  0  0  0  0  4  0  0 ] (0.00000133)
[  0  0  0  0  0  0  4  0  1 ] (0.00000031)
[  0  0  0  0  0  0  4  1  0 ] (0.00000647)
[  0  0  0  0  0  0  5  0  0 ] (0.00000005)
[  0  0  0  0  0  1  0  0  0 ] (0.00000013)
[  0  0  0  0  0  1  0  0  1 ] (0.00012024)
[  0  0  0  0  0  1  0  0  2 ] (0.00001932)
[  0  0  0  0  0  1  0  0  3 ] (0.00000000)
[  0  0  0  0  0  1  0  0  4 ] (0.00000492)
[  0  0  0  0  0  1  0  1  0 ] (0.00033142)
[  0  0  0  0  0  1  0  1  1 ] (0.00011085)
[  0  0  0  0  0  1  0  1  2 ] (0.00000322)
[  0  0  0  0  0  1  0  1  3 ] (0.00001110)
[  0  0  0  0  0  1  0  2  0 ] (0.00196864)
[  0  0  0  0  0  1  0  2  1 ] (0.00010798)
[  0  0  0  0  0  1  0  2  2 ] (0.00000070)
[  0  0  0  0  0  1  0  3  0 ] (0.00000238)
[  0  0  0  0  0  1  0  3  1 ] (0.00000058)
[  0  0  0  0  0  1  0  4  0 ] (0.00000008)
[  0  0  0  0  0  1  1  0  0 ] (0.00001741)
[  0  0  0  0  0  1  1  0  1 ] (0.00001635)
[  0  0  0  0  0  1  1  0  2 ] (0.00000169)
[  0  0  0  0  0  1  1  0  3 ] (0.00000126)
[  0  0  0  0  0  1  1  1  0 ] (0.00027812)
[  0  0  0  0  0  1  1  1  1 ] (0.00015127)
[  0  0  0  0  0  1  1  1  2 ] (0.00000118)
[  0  0  0  0  0  1  1  2  0 ] (0.00026275)
[  0  0  0  0  0  1  1  2  1 ] (0.00000993)
[  0  0  0  0  0  1  1  3  0 ] (0.00000778)
[  0  0  0  0  0  1  2  0  0 ] (0.00004231)
[  0  0  0  0  0  1  2  0  1 ] (0.00000093)
[  0  0  0  0  0  1  2  0  2 ] (0.00000024)
[  0  0  0  0  0  1  2  1  0 ] (0.00000093)
[  0  0  0  0  0  1  2  1  1 ] (0.00000341)
[  0  0  0  0  0  1  2  2  0 ] (0.00000167)
[  0  0  0  0  0  1  3  0  0 ] (0.00003885)
[  0  0  0  0  0  1  3  0  1 ] (0.00000538)
[  0  0  0  0  0  1  3  1  0 ] (0.00000069)
[  0  0  0  0  0  1  4  0  0 ] (0.00000103)
[  0  0  0  0  0  2  0  0  0 ] (0.00000000)
[  0  0  0  0  0  2  0  0  1 ] (0.00071008)
[  0  0  0  0  0  2  0  0  2 ] (0.00001135)
[  0  0  0  0  0  2  0  0  3 ] (0.00000126)
[  0  0  0  0  0  2  0  1  0 ] (0.00298904)
[  0  0  0  0  0  2  0  1  1 ] (0.00003339)
[  0  0  0  0  0  2  0  1  2 ] (0.00000145)
[  0  0  0  0  0  2  0  2  0 ] (0.00001369)
[  0  0  0  0  0  2  0  2  1 ] (0.00000127)
[  0  0  0  0  0  2  0  3  0 ] (0.00000147)
[  0  0  0  0  0  2  1  0  0 ] (0.00000002)
[  0  0  0  0  0  2  1  0  1 ] (0.00000015)
[  0  0  0  0  0  2  1  0  2 ] (0.00000100)
[  0  0  0  0  0  2  1  1  0 ] (0.00006194)
[  0  0  0  0  0  2  1  1  1 ] (0.00000728)
[  0  0  0  0  0  2  1  2  0 ] (0.00000432)
[  0  0  0  0  0  2  2  0  0 ] (0.00011447)
[  0  0  0  0  0  2  2  0  1 ] (0.00001046)
[  0  0  0  0  0  2  2  1  0 ] (0.00000011)
[  0  0  0  0  0  2  3  0  0 ] (0.00000371)
[  0  0  0  0  0  3  0  0  0 ] (0.00000812)
[  0  0  0  0  0  3  0  0  1 ] (0.00000076)
[  0  0  0  0  0  3  0  0  2 ] (0.00000471)
[  0  0  0  0  0  3  0  1  0 ] (0.00068003)
[  0  0  0  0  0  3  0  1  1 ] (0.00000075)
[  0  0  0  0  0  3  0  2  0 ] (0.00000881)
[  0  0  0  0  0  3  1  0  0 ] (0.00002584)
[  0  0  0  0  0  3  1  0  1 ] (0.00000114)
[  0  0  0  0  0  3  1  1  0 ] (0.00000057)
[  0  0  0  0  0  3  2  0  0 ] (0.00000361)
[  0  0  0  0  0  4  0  0  0 ] (0.00022245)
[  0  0  0  0  0  4  0  0  1 ] (0.00000191)
[  0  0  0  0  0  4  0  1  0 ] (0.00001575)
[  0  0  0  0  0  4  1  0  0 ] (0.00000003)
[  0  0  0  0  0  5  0  0  0 ] (0.00000306)
[  0  0  0  0  1  0  0  0  0 ] (0.00000362)
[  0  0  0  0  1  0  0  0  1 ] (0.00318649)
[  0  0  0  0  1  0  0  0  2 ] (0.00015142)
[  0  0  0  0  1  0  0  0  3 ] (0.00002966)
[  0  0  0  0  1  0  0  0  4 ] (0.00001011)
[  0  0  0  0  1  0  0  1  0 ] (0.00000010)
[  0  0  0  0  1  0  0  1  1 ] (0.00000122)
[  0  0  0  0  1  0  0  1  2 ] (0.00000029)
[  0  0  0  0  1  0  0  1  3 ] (0.00000133)
[  0  0  0  0  1  0  0  2  0 ] (0.00210942)
[  0  0  0  0  1  0  0  2  1 ] (0.00020387)
[  0  0  0  0  1  0  0  2  2 ] (0.00000245)
[  0  0  0  0  1  0  0  3  0 ] (0.00003994)
[  0  0  0  0  1  0  0  3  1 ] (0.00000011)
[  0  0  0  0  1  0  0  4  0 ] (0.00000040)
[  0  0  0  0  1  0  1  0  0 ] (0.00015316)
[  0  0  0  0  1  0  1  0  1 ] (0.00004926)
[  0  0  0  0  1  0  1  0  2 ] (0.00001438)
[  0  0  0  0  1  0  1  0  3 ] (0.00000708)
[  0  0  0  0  1  0  1  1  0 ] (0.00000020)
[  0  0  0  0  1  0  1  1  1 ] (0.00000058)
[  0  0  0  0  1  0  1  1  2 ] (0.00000011)
[  0  0  0  0  1  0  1  2  0 ] (0.00013954)
[  0  0  0  0  1  0  1  2  1 ] (0.00000025)
[  0  0  0  0  1  0  1  3  0 ] (0.00000063)
[  0  0  0  0  1  0  2  0  0 ] (0.00275249)
[  0  0  0  0  1  0  2  0  1 ] (0.00017585)
[  0  0  0  0  1  0  2  0  2 ] (0.00000108)
[  0  0  0  0  1  0  2  1  0 ] (0.00000066)
[  0  0  0  0  1  0  2  1  1 ] (0.00000117)
[  0  0  0  0  1  0  2  2  0 ] (0.00000071)
[  0  0  0  0  1  0  3  0  0 ] (0.00008434)
[  0  0  0  0  1  0  3  0  1 ] (0.00000093)
[  0  0  0  0  1  0  3  1  0 ] (0.00000027)
[  0  0  0  0  1  0  4  0  0 ] (0.00001865)
[  0  0  0  0  1  1  0  0  0 ] (0.00000898)
[  0  0  0  0  1  1  0  0  1 ] (0.08127768)
[  0  0  0  0  1  1  0  0  2 ] (0.00039849)
[  0  0  0  0  1  1  0  0  3 ] (0.00006832)
[  0  0  0  0  1  1  0  1  0 ] (0.00038897)
[  0  0  0  0  1  1  0  1  1 ] (0.00000639)
[  0  0  0  0  1  1  0  1  2 ] (0.00000509)
[  0  0  0  0  1  1  0  2  0 ] (0.00122207)
[  0  0  0  0  1  1  0  2  1 ] (0.00013998)
[  0  0  0  0  1  1  0  3  0 ] (0.00028793)
[  0  0  0  0  1  1  1  0  0 ] (0.00002663)
[  0  0  0  0  1  1  1  0  1 ] (0.00006374)
[  0  0  0  0  1  1  1  0  2 ] (0.00001195)
[  0  0  0  0  1  1  1  1  0 ] (0.00000048)
[  0  0  0  0  1  1  1  1  1 ] (0.00000034)
[  0  0  0  0  1  1  1  2  0 ] (0.00008439)
[  0  0  0  0  1  1  2  0  0 ] (0.00039376)
[  0  0  0  0  1  1  2  0  1 ] (0.00010308)
[  0  0  0  0  1  1  2  1  0 ] (0.00000202)
[  0  0  0  0  1  1  3  0  0 ] (0.00021992)
[  0  0  0  0  1  2  0  0  0 ] (0.00024746)
[  0  0  0  0  1  2  0  0  1 ] (0.00328187)
[  0  0  0  0  1  2  0  0  2 ] (0.00008292)
[  0  0  0  0  1  2  0  1  0 ] (0.00006829)
[  0  0  0  0  1  2  0  1  1 ] (0.00000247)
[  0  0  0  0  1  2  0  2  0 ] (0.00000161)
[  0  0  0  0  1  2  1  0  0 ] (0.00050257)
[  0  0  0  0  1  2  1  0  1 ] (0.00000796)
[  0  0  0  0  1  2  1  1  0 ] (0.00000433)
[  0  0  0  0  1  2  2  0  0 ] (0.00004090)
[  0  0  0  0  1  3  0  0  0 ] (0.00704023)
[  0  0  0  0  1  3  0  0  1 ] (0.00071442)
[  0  0  0  0  1  3  0  1  0 ] (0.00000218)
[  0  0  0  0  1  3  1  0  0 ] (0.00019221)
[  0  0  0  0  1  4  0  0  0 ] (0.00003282)
[  0  0  0  0  2  0  0  0  0 ] (0.00008286)
[  0  0  0  0  2  0  0  0  1 ] (0.00042392)
[  0  0  0  0  2  0  0  0  2 ] (0.00005996)
[  0  0  0  0  2  0  0  0  3 ] (0.00000879)
[  0  0  0  0  2  0  0  1  0 ] (0.00003328)
[  0  0  0  0  2  0  0  1  1 ] (0.00000471)
[  0  0  0  0  2  0  0  1  2 ] (0.00000266)
[  0  0  0  0  2  0  0  2  0 ] (0.00001026)
[  0  0  0  0  2  0  0  2  1 ] (0.00000073)
[  0  0  0  0  2  0  0  3  0 ] (0.00000001)
[  0  0  0  0  2  0  1  0  0 ] (0.00015030)
[  0  0  0  0  2  0  1  0  1 ] (0.00001420)
[  0  0  0  0  2  0  1  0  2 ] (0.00000197)
[  0  0  0  0  2  0  1  1  0 ] (0.00000003)
[  0  0  0  0  2  0  1  1  1 ] (0.00000277)
[  0  0  0  0  2  0  1  2  0 ] (0.00000149)
[  0  0  0  0  2  0  2  0  0 ] (0.00116700)
[  0  0  0  0  2  0  2  0  1 ] (0.00012028)
[  0  0  0  0  2  0  2  1  0 ] (0.00000016)
[  0  0  0  0  2  0  3  0  0 ] (0.00000214)
[  0  0  0  0  2  1  0  0  0 ] (0.00000116)
[  0  0  0  0  2  1  0  0  1 ] (0.00004229)
[  0  0  0  0  2  1  0  0  2 ] (0.00000542)
[  0  0  0  0  2  1  0  1  0 ] (0.00001397)
[  0  0  0  0  2  1  0  1  1 ] (0.00001331)
[  0  0  0  0  2  1  0  2  0 ] (0.00000515)
[  0  0  0  0  2  1  1  0  0 ] (0.00022428)
[  0  0  0  0  2  1  1  0  1 ] (0.00001973)
[  0  0  0  0  2  1  1  1  0 ] (0.00000950)
[  0  0  0  0  2  1  2  0  0 ] (0.00010114)
[  0  0  0  0  2  2  0  0  0 ] (0.00000613)
[  0  0  0  0  2  2  0  0  1 ] (0.00002690)
[  0  0  0  0  2  2  0  1  0 ] (0.00000011)
[  0  0  0  0  2  2  1  0  0 ] (0.00001278)
[  0  0  0  0  2  3  0  0  0 ] (0.00003858)
[  0  0  0  0  3  0  0  0  0 ] (0.00010067)
[  0  0  0  0  3  0  0  0  1 ] (0.00008422)
[  0  0  0  0  3  0  0  0  2 ] (0.00001174)
[  0  0  0  0  3  0  0  1  0 ] (0.00020269)
[  0  0  0  0  3  0  0  1  1 ] (0.00003367)
[  0  0  0  0  3  0  0  2  0 ] (0.00000510)
[  0  0  0  0  3  0  1  0  0 ] (0.00044399)
[  0  0  0  0  3  0  1  0  1 ] (0.00002229)
[  0  0  0  0  3  0  1  1  0 ] (0.00000966)
[  0  0  0  0  3  0  2  0  0 ] (0.00002013)
[  0  0  0  0  3  1  0  0  0 ] (0.00071784)
[  0  0  0  0  3  1  0  0  1 ] (0.00000157)
[  0  0  0  0  3  1  0  1  0 ] (0.00010942)
[  0  0  0  0  3  1  1  0  0 ] (0.00009677)
[  0  0  0  0  3  2  0  0  0 ] (0.00540604)
[  0  0  0  0  4  0  0  0  0 ] (0.00000076)
[  0  0  0  0  4  0  0  0  1 ] (0.00018827)
[  0  0  0  0  4  0  0  1  0 ] (0.00000231)
[  0  0  0  0  4  0  1  0  0 ] (0.00017711)
[  0  0  0  0  4  1  0  0  0 ] (0.00000415)
[  0  0  0  0  5  0  0  0  0 ] (0.00000008)
[  0  0  0  1  0  0  0  0  0 ] (0.00001485)
[  0  0  0  1  0  0  0  0  1 ] (0.00010127)
[  0  0  0  1  0  0  0  0  2 ] (0.00064339)
[  0  0  0  1  0  0  0  0  3 ] (0.00002487)
[  0  0  0  1  0  0  0  0  4 ] (0.00000019)
[  0  0  0  1  0  0  0  1  0 ] (0.00000779)
[  0  0  0  1  0  0  0  1  1 ] (0.00000458)
[  0  0  0  1  0  0  0  1  2 ] (0.00000023)
[  0  0  0  1  0  0  0  1  3 ] (0.00000030)
[  0  0  0  1  0  0  0  2  0 ] (0.00054626)
[  0  0  0  1  0  0  0  2  1 ] (0.00001213)
[  0  0  0  1  0  0  0  2  2 ] (0.00000578)
[  0  0  0  1  0  0  0  3  0 ] (0.00000969)
[  0  0  0  1  0  0  0  3  1 ] (0.00000687)
[  0  0  0  1  0  0  0  4  0 ] (0.00000021)
[  0  0  0  1  0  0  1  0  0 ] (0.00000467)
[  0  0  0  1  0  0  1  0  1 ] (0.00007868)
[  0  0  0  1  0  0  1  0  2 ] (0.00000035)
[  0  0  0  1  0  0  1  0  3 ] (0.00000104)
[  0  0  0  1  0  0  1  1  0 ] (0.00000000)
[  0  0  0  1  0  0  1  1  1 ] (0.00000160)
[  0  0  0  1  0  0  1  1  2 ] (0.00000216)
[  0  0  0  1  0  0  1  2  0 ] (0.00003151)
[  0  0  0  1  0  0  1  2  1 ] (0.00000046)
[  0  0  0  1  0  0  1  3  0 ] (0.00001093)
[  0  0  0  1  0  0  2  0  0 ] (0.00168032)
[  0  0  0  1  0  0  2  0  1 ] (0.00023051)
[  0  0  0  1  0  0  2  0  2 ] (0.00000006)
[  0  0  0  1  0  0  2  1  0 ] (0.00000176)
[  0  0  0  1  0  0  2  1  1 ] (0.00000102)
[  0  0  0  1  0  0  2  2  0 ] (0.00000012)
[  0  0  0  1  0  0  3  0  0 ] (0.00001634)
[  0  0  0  1  0  0  3  0  1 ] (0.00001270)
[  0  0  0  1  0  0  3  1  0 ] (0.00000281)
[  0  0  0  1  0  0  4  0  0 ] (0.00000576)
[  0  0  0  1  0  1  0  0  0 ] (0.00010132)
[  0  0  0  1  0  1  0  0  1 ] (0.00477035)
[  0  0  0  1  0  1  0  0  2 ] (0.00006450)
[  0  0  0  1  0  1  0  0  3 ] (0.00000367)
[  0  0  0  1  0  1  0  1  0 ] (0.00003154)
[  0  0  0  1  0  1  0  1  1 ] (0.00000020)
[  0  0  0  1  0  1  0  1  2 ] (0.00000106)
[  0  0  0  1  0  1  0  2  0 ] (0.00015779)
[  0  0  0  1  0  1  0  2  1 ] (0.00000744)
[  0  0  0  1  0  1  0  3  0 ] (0.00001625)
[  0  0  0  1  0  1  1  0  0 ] (0.00001023)
[  0  0  0  1  0  1  1  0  1 ] (0.00000941)
[  0  0  0  1  0  1  1  0  2 ] (0.00000072)
[  0  0  0  1  0  1  1  1  0 ] (0.00002982)
[  0  0  0  1  0  1  1  1  1 ] (0.00000023)
[  0  0  0  1  0  1  1  2  0 ] (0.00000970)
[  0  0  0  1  0  1  2  0  0 ] (0.00000054)
[  0  0  0  1  0  1  2  0  1 ] (0.00000830)
[  0  0  0  1  0  1  2  1  0 ] (0.00000952)
[  0  0  0  1  0  1  3  0  0 ] (0.00002802)
[  0  0  0  1  0  2  0  0  0 ] (0.00008753)
[  0  0  0  1  0  2  0  0  1 ] (0.00061495)
[  0  0  0  1  0  2  0  0  2 ] (0.00000550)
[  0  0  0  1  0  2  0  1  0 ] (0.00010556)
[  0  0  0  1  0  2  0  1  1 ] (0.00000464)
[  0  0  0  1  0  2  0  2  0 ] (0.00002441)
[  0  0  0  1  0  2  1  0  0 ] (0.00066064)
[  0  0  0  1  0  2  1  0  1 ] (0.00001030)
[  0  0  0  1  0  2  1  1  0 ] (0.00001726)
[  0  0  0  1  0  2  2  0  0 ] (0.00006813)
[  0  0  0  1  0  3  0  0  0 ] (0.00137942)
[  0  0  0  1  0  3  0  0  1 ] (0.00008088)
[  0  0  0  1  0  3  0  1  0 ] (0.00000431)
[  0  0  0  1  0  3  1  0  0 ] (0.00013897)
[  0  0  0  1  0  4  0  0  0 ] (0.00001211)
[  0  0  0  1  1  0  0  0  0 ] (0.00000850)
[  0  0  0  1  1  0  0  0  1 ] (0.00037387)
[  0  0  0  1  1  0  0  0  2 ] (0.00000076)
[  0  0  0  1  1  0  0  0  3 ] (0.00000001)
[  0  0  0  1  1  0  0  1  0 ] (0.00013289)
[  0  0  0  1  1  0  0  1  1 ] (0.00000826)
[  0  0  0  1  1  0  0  1  2 ] (0.00000369)
[  0  0  0  1  1  0  0  2  0 ] (0.00000004)
[  0  0  0  1  1  0  0  2  1 ] (0.00000040)
[  0  0  0  1  1  0  0  3  0 ] (0.00000000)
[  0  0  0  1  1  0  1  0  0 ] (0.00000014)
[  0  0  0  1  1  0  1  0  1 ] (0.00000175)
[  0  0  0  1  1  0  1  0  2 ] (0.00000004)
[  0  0  0  1  1  0  1  1  0 ] (0.00002150)
[  0  0  0  1  1  0  1  1  1 ] (0.00000004)
[  0  0  0  1  1  0  1  2  0 ] (0.00000135)
[  0  0  0  1  1  0  2  0  0 ] (0.00000294)
[  0  0  0  1  1  0  2  0  1 ] (0.00000395)
[  0  0  0  1  1  0  2  1  0 ] (0.00000279)
[  0  0  0  1  1  0  3  0  0 ] (0.00001367)
[  0  0  0  1  1  1  0  0  0 ] (0.00002776)
[  0  0  0  1  1  1  0  0  1 ] (0.00000388)
[  0  0  0  1  1  1  0  0  2 ] (0.00000283)
[  0  0  0  1  1  1  0  1  0 ] (0.00014148)
[  0  0  0  1  1  1  0  1  1 ] (0.00000280)
[  0  0  0  1  1  1  0  2  0 ] (0.00000074)
[  0  0  0  1  1  1  1  0  0 ] (0.00003894)
[  0  0  0  1  1  1  1  0  1 ] (0.00003544)
[  0  0  0  1  1  1  1  1  0 ] (0.00000059)
[  0  0  0  1  1  1  2  0  0 ] (0.00000315)
[  0  0  0  1  1  2  0  0  0 ] (0.00001382)
[  0  0  0  1  1  2  0  0  1 ] (0.00000019)
[  0  0  0  1  1  2  0  1  0 ] (0.00012785)
[  0  0  0  1  1  2  1  0  0 ] (0.00000974)
[  0  0  0  1  1  3  0  0  0 ] (0.00000077)
[  0  0  0  1  2  0  0  0  0 ] (0.00000029)
[  0  0  0  1  2  0  0  0  1 ] (0.00003222)
[  0  0  0  1  2  0  0  0  2 ] (0.00000007)
[  0  0  0  1  2  0  0  1  0 ] (0.00000519)
[  0  0  0  1  2  0  0  1  1 ] (0.00000410)
[  0  0  0  1  2  0  0  2  0 ] (0.00000012)
[  0  0  0  1  2  0  1  0  0 ] (0.00001733)
[  0  0  0  1  2  0  1  0  1 ] (0.00000207)
[  0  0  0  1  2  0  1  1  0 ] (0.00000844)
[  0  0  0  1  2  0  2  0  0 ] (0.00003752)
[  0  0  0  1  2  1  0  0  0 ] (0.00001281)
[  0  0  0  1  2  1  0  0  1 ] (0.00000418)
[  0  0  0  1  2  1  0  1  0 ] (0.00000225)
[  0  0  0  1  2  1  1  0  0 ] (0.00000049)
[  0  0  0  1  2  2  0  0  0 ] (0.00015725)
[  0  0  0  1  3  0  0  0  0 ] (0.00009953)
[  0  0  0  1  3  0  0  0  1 ] (0.00009370)
[  0  0  0  1  3  0  0  1  0 ] (0.00000020)
[  0  0  0  1  3  0  1  0  0 ] (0.00001176)
[  0  0  0  1  3  1  0  0  0 ] (0.00026234)
[  0  0  0  1  4  0  0  0  0 ] (0.00104063)
[  0  0  0  2  0  0  0  0  0 ] (0.00000009)
[  0  0  0  2  0  0  0  0  1 ] (0.00000624)
[  0  0  0  2  0  0  0  0  2 ] (0.00000003)
[  0  0  0  2  0  0  0  0  3 ] (0.00000001)
[  0  0  0  2  0  0  0  1  0 ] (0.00182664)
[  0  0  0  2  0  0  0  1  1 ] (0.00004320)
[  0  0  0  2  0  0  0  1  2 ] (0.00000450)
[  0  0  0  2  0  0  0  2  0 ] (0.00274892)
[  0  0  0  2  0  0  0  2  1 ] (0.00022350)
[  0  0  0  2  0  0  0  3  0 ] (0.00000216)
[  0  0  0  2  0  0  1  0  0 ] (0.00027349)
[  0  0  0  2  0  0  1  0  1 ] (0.00000063)
[  0  0  0  2  0  0  1  0  2 ] (0.00000005)
[  0  0  0  2  0  0  1  1  0 ] (0.00002693)
[  0  0  0  2  0  0  1  1  1 ] (0.00000042)
[  0  0  0  2  0  0  1  2  0 ] (0.00027543)
[  0  0  0  2  0  0  2  0  0 ] (0.00000359)
[  0  0  0  2  0  0  2  0  1 ] (0.00000581)
[  0  0  0  2  0  0  2  1  0 ] (0.00000096)
[  0  0  0  2  0  0  3  0  0 ] (0.00000295)
[  0  0  0  2  0  1  0  0  0 ] (0.00001469)
[  0  0  0  2  0  1  0  0  1 ] (0.00029244)
[  0  0  0  2  0  1  0  0  2 ] (0.00000004)
[  0  0  0  2  0  1  0  1  0 ] (0.00736492)
[  0  0  0  2  0  1  0  1  1 ] (0.00006862)
[  0  0  0  2  0  1  0  2  0 ] (0.00022125)
[  0  0  0  2  0  1  1  0  0 ] (0.00039920)
[  0  0  0  2  0  1  1  0  1 ] (0.00001900)
[  0  0  0  2  0  1  1  1  0 ] (0.00044506)
[  0  0  0  2  0  1  2  0  0 ] (0.00001659)
[  0  0  0  2  0  2  0  0  0 ] (0.00002328)
[  0  0  0  2  0  2  0  0  1 ] (0.00009216)
[  0  0  0  2  0  2  0  1  0 ] (0.00098002)
[  0  0  0  2  0  2  1  0  0 ] (0.00010735)
[  0  0  0  2  0  3  0  0  0 ] (0.00023555)
[  0  0  0  2  1  0  0  0  0 ] (0.00000001)
[  0  0  0  2  1  0  0  0  1 ] (0.01508088)
[  0  0  0  2  1  0  0  0  2 ] (0.00010609)
[  0  0  0  2  1  0  0  1  0 ] (0.00001138)
[  0  0  0  2  1  0  0  1  1 ] (0.00000108)
[  0  0  0  2  1  0  0  2  0 ] (0.00004169)
[  0  0  0  2  1  0  1  0  0 ] (0.00008901)
[  0  0  0  2  1  0  1  0  1 ] (0.00006515)
[  0  0  0  2  1  0  1  1  0 ] (0.00000972)
[  0  0  0  2  1  0  2  0  0 ] (0.00045605)
[  0  0  0  2  1  1  0  0  0 ] (0.00008696)
[  0  0  0  2  1  1  0  0  1 ] (0.00411961)
[  0  0  0  2  1  1  0  1  0 ] (0.00000504)
[  0  0  0  2  1  1  1  0  0 ] (0.00000633)
[  0  0  0  2  1  2  0  0  0 ] (0.00000253)
[  0  0  0  2  2  0  0  0  0 ] (0.00002846)
[  0  0  0  2  2  0  0  0  1 ] (0.00002719)
[  0  0  0  2  2  0  0  1  0 ] (0.00001071)
[  0  0  0  2  2  0  1  0  0 ] (0.00002084)
[  0  0  0  2  2  1  0  0  0 ] (0.00000819)
[  0  0  0  2  3  0  0  0  0 ] (0.00038554)
[  0  0  0  3  0  0  0  0  0 ] (0.00001039)
[  0  0  0  3  0  0  0  0  1 ] (0.00003458)
[  0  0  0  3  0  0  0  0  2 ] (0.00000187)
[  0  0  0  3  0  0  0  1  0 ] (0.00006685)
[  0  0  0  3  0  0  0  1  1 ] (0.00002055)
[  0  0  0  3  0  0  0  2  0 ] (0.00000745)
[  0  0  0  3  0  0  1  0  0 ] (0.00001251)
[  0  0  0  3  0  0  1  0  1 ] (0.00000161)
[  0  0  0  3  0  0  1  1  0 ] (0.00000422)
[  0  0  0  3  0  0  2  0  0 ] (0.00000671)
[  0  0  0  3  0  1  0  0  0 ] (0.00001856)
[  0  0  0  3  0  1  0  0  1 ] (0.00001000)
[  0  0  0  3  0  1  0  1  0 ] (0.00000069)
[  0  0  0  3  0  1  1  0  0 ] (0.00006678)
[  0  0  0  3  0  2  0  0  0 ] (0.00001028)
[  0  0  0  3  1  0  0  0  0 ] (0.00020951)
[  0  0  0  3  1  0  0  0  1 ] (0.00068942)
[  0  0  0  3  1  0  0  1  0 ] (0.00000371)
[  0  0  0  3  1  0  1  0  0 ] (0.00029066)
[  0  0  0  3  1  1  0  0  0 ] (0.01170790)
[  0  0  0  3  2  0  0  0  0 ] (0.00024199)
[  0  0  0  4  0  0  0  0  0 ] (0.00005118)
[  0  0  0  4  0  0  0  0  1 ] (0.00000421)
[  0  0  0  4  0  0  0  1  0 ] (0.00016226)
[  0  0  0  4  0  0  1  0  0 ] (0.00239621)
[  0  0  0  4  0  1  0  0  0 ] (0.00137034)
[  0  0  0  4  1  0  0  0  0 ] (0.00170320)
[  0  0  0  5  0  0  0  0  0 ] (0.00284246)
[  0  0  1  0  0  0  0  0  0 ] (0.00000258)
[  0  0  1  0  0  0  0  0  1 ] (0.00001850)
[  0  0  1  0  0  0  0  0  2 ] (0.00000008)
[  0  0  1  0  0  0  0  0  3 ] (0.00000006)
[  0  0  1  0  0  0  0  0  4 ] (0.00000011)
[  0  0  1  0  0  0  0  1  0 ] (0.00001499)
[  0  0  1  0  0  0  0  1  1 ] (0.00002685)
[  0  0  1  0  0  0  0  1  2 ] (0.00000038)
[  0  0  1  0  0  0  0  1  3 ] (0.00000001)
[  0  0  1  0  0  0  0  2  0 ] (0.00000165)
[  0  0  1  0  0  0  0  2  1 ] (0.00000009)
[  0  0  1  0  0  0  0  2  2 ] (0.00000087)
[  0  0  1  0  0  0  0  3  0 ] (0.00000211)
[  0  0  1  0  0  0  0  3  1 ] (0.00000027)
[  0  0  1  0  0  0  0  4  0 ] (0.00000094)
[  0  0  1  0  0  0  1  0  0 ] (0.00000062)
[  0  0  1  0  0  0  1  0  1 ] (0.00003055)
[  0  0  1  0  0  0  1  0  2 ] (0.00000145)
[  0  0  1  0  0  0  1  0  3 ] (0.00000014)
[  0  0  1  0  0  0  1  1  0 ] (0.00060159)
[  0  0  1  0  0  0  1  1  1 ] (0.00001379)
[  0  0  1  0  0  0  1  1  2 ] (0.00000331)
[  0  0  1  0  0  0  1  2  0 ] (0.00001753)
[  0  0  1  0  0  0  1  2  1 ] (0.00000245)
[  0  0  1  0  0  0  1  3  0 ] (0.00000845)
[  0  0  1  0  0  0  2  0  0 ] (0.00004564)
[  0  0  1  0  0  0  2  0  1 ] (0.00000810)
[  0  0  1  0  0  0  2  0  2 ] (0.00000011)
[  0  0  1  0  0  0  2  1  0 ] (0.00000330)
[  0  0  1  0  0  0  2  1  1 ] (0.00000000)
[  0  0  1  0  0  0  2  2  0 ] (0.00000003)
[  0  0  1  0  0  0  3  0  0 ] (0.00026857)
[  0  0  1  0  0  0  3  0  1 ] (0.00001477)
[  0  0  1  0  0  0  3  1  0 ] (0.00000883)
[  0  0  1  0  0  0  4  0  0 ] (0.00000014)
[  0  0  1  0  0  1  0  0  0 ] (0.00000225)
[  0  0  1  0  0  1  0  0  1 ] (0.00075706)
[  0  0  1  0  0  1  0  0  2 ] (0.00000131)
[  0  0  1  0  0  1  0  0  3 ] (0.00000031)
[  0  0  1  0  0  1  0  1  0 ] (0.00000142)
[  0  0  1  0  0  1  0  1  1 ] (0.00000217)
[  0  0  1  0  0  1  0  1  2 ] (0.00000038)
[  0  0  1  0  0  1  0  2  0 ] (0.00002534)
[  0  0  1  0  0  1  0  2  1 ] (0.00000003)
[  0  0  1  0  0  1  0  3  0 ] (0.00001327)
[  0  0  1  0  0  1  1  0  0 ] (0.00001896)
[  0  0  1  0  0  1  1  0  1 ] (0.00000176)
[  0  0  1  0  0  1  1  0  2 ] (0.00000015)
[  0  0  1  0  0  1  1  1  0 ] (0.00006941)
[  0  0  1  0  0  1  1  1  1 ] (0.00000886)
[  0  0  1  0  0  1  1  2  0 ] (0.00000025)
[  0  0  1  0  0  1  2  0  0 ] (0.00004738)
[  0  0  1  0  0  1  2  0  1 ] (0.00000949)
[  0  0  1  0  0  1  2  1  0 ] (0.00001461)
[  0  0  1  0  0  1  3  0  0 ] (0.00000373)
[  0  0  1  0  0  2  0  0  0 ] (0.00003834)
[  0  0  1  0  0  2  0  0  1 ] (0.00000002)
[  0  0  1  0  0  2  0  0  2 ] (0.00001497)
[  0  0  1  0  0  2  0  1  0 ] (0.00000002)
[  0  0  1  0  0  2  0  1  1 ] (0.00000242)
[  0  0  1  0  0  2  0  2  0 ] (0.00001142)
[  0  0  1  0  0  2  1  0  0 ] (0.00005406)
[  0  0  1  0  0  2  1  0  1 ] (0.00000869)
[  0  0  1  0  0  2  1  1  0 ] (0.00000489)
[  0  0  1  0  0  2  2  0  0 ] (0.00000152)
[  0  0  1  0  0  3  0  0  0 ] (0.00005383)
[  0  0  1  0  0  3  0  0  1 ] (0.00000005)
[  0  0  1  0  0  3  0  1  0 ] (0.00000639)
[  0  0  1  0  0  3  1  0  0 ] (0.00000043)
[  0  0  1  0  0  4  0  0  0 ] (0.00003881)
[  0  0  1  0  1  0  0  0  0 ] (0.00000213)
[  0  0  1  0  1  0  0  0  1 ] (0.00079996)
[  0  0  1  0  1  0  0  0  2 ] (0.00000079)
[  0  0  1  0  1  0  0  0  3 ] (0.00000353)
[  0  0  1  0  1  0  0  1  0 ] (0.00008254)
[  0  0  1  0  1  0  0  1  1 ] (0.00001028)
[  0  0  1  0  1  0  0  1  2 ] (0.00000325)
[  0  0  1  0  1  0  0  2  0 ] (0.00000007)
[  0  0  1  0  1  0  0  2  1 ] (0.00000020)
[  0  0  1  0  1  0  0  3  0 ] (0.00000652)
[  0  0  1  0  1  0  1  0  0 ] (0.00021339)
[  0  0  1  0  1  0  1  0  1 ] (0.00000393)
[  0  0  1  0  1  0  1  0  2 ] (0.00000145)
[  0  0  1  0  1  0  1  1  0 ] (0.00001596)
[  0  0  1  0  1  0  1  1  1 ] (0.00000198)
[  0  0  1  0  1  0  1  2  0 ] (0.00000532)
[  0  0  1  0  1  0  2  0  0 ] (0.00062541)
[  0  0  1  0  1  0  2  0  1 ] (0.00007204)
[  0  0  1  0  1  0  2  1  0 ] (0.00000009)
[  0  0  1  0  1  0  3  0  0 ] (0.00000353)
[  0  0  1  0  1  1  0  0  0 ] (0.00019544)
[  0  0  1  0  1  1  0  0  1 ] (0.00004735)
[  0  0  1  0  1  1  0  0  2 ] (0.00000006)
[  0  0  1  0  1  1  0  1  0 ] (0.00005756)
[  0  0  1  0  1  1  0  1  1 ] (0.00000144)
[  0  0  1  0  1  1  0  2  0 ] (0.00000836)
[  0  0  1  0  1  1  1  0  0 ] (0.00023379)
[  0  0  1  0  1  1  1  0  1 ] (0.00000011)
[  0  0  1  0  1  1  1  1  0 ] (0.00000891)
[  0  0  1  0  1  1  2  0  0 ] (0.00001409)
[  0  0  1  0  1  2  0  0  0 ] (0.00007564)
[  0  0  1  0  1  2  0  0  1 ] (0.00001046)
[  0  0  1  0  1  2  0  1  0 ] (0.00000045)
[  0  0  1  0  1  2  1  0  0 ] (0.00002588)
[  0  0  1  0  1  3  0  0  0 ] (0.00000250)
[  0  0  1  0  2  0  0  0  0 ] (0.00004997)
[  0  0  1  0  2  0  0  0  1 ] (0.00011673)
[  0  0  1  0  2  0  0  0  2 ] (0.00000349)
[  0  0  1  0  2  0  0  1  0 ] (0.00003801)
[  0  0  1  0  2  0  0  1  1 ] (0.00000011)
[  0  0  1  0  2  0  0  2  0 ] (0.00000446)
[  0  0  1  0  2  0  1  0  0 ] (0.00012665)
[  0  0  1  0  2  0  1  0  1 ] (0.00000728)
[  0  0  1  0  2  0  1  1  0 ] (0.00000740)
[  0  0  1  0  2  0  2  0  0 ] (0.00000712)
[  0  0  1  0  2  1  0  0  0 ] (0.00000000)
[  0  0  1  0  2  1  0  0  1 ] (0.00002253)
[  0  0  1  0  2  1  0  1  0 ] (0.00000880)
[  0  0  1  0  2  1  1  0  0 ] (0.00000215)
[  0  0  1  0  2  2  0  0  0 ] (0.00000160)
[  0  0  1  0  3  0  0  0  0 ] (0.00002586)
[  0  0  1  0  3  0  0  0  1 ] (0.00000582)
[  0  0  1  0  3  0  0  1  0 ] (0.00000340)
[  0  0  1  0  3  0  1  0  0 ] (0.00000366)
[  0  0  1  0  3  1  0  0  0 ] (0.00088504)
[  0  0  1  0  4  0  0  0  0 ] (0.00328639)
[  0  0  1  1  0  0  0  0  0 ] (0.00001236)
[  0  0  1  1  0  0  0  0  1 ] (0.00322302)
[  0  0  1  1  0  0  0  0  2 ] (0.00000183)
[  0  0  1  1  0  0  0  0  3 ] (0.00000014)
[  0  0  1  1  0  0  0  1  0 ] (0.00001037)
[  0  0  1  1  0  0  0  1  1 ] (0.00000003)
[  0  0  1  1  0  0  0  1  2 ] (0.00000034)
[  0  0  1  1  0  0  0  2  0 ] (0.00000833)
[  0  0  1  1  0  0  0  2  1 ] (0.00001605)
[  0  0  1  1  0  0  0  3  0 ] (0.00010164)
[  0  0  1  1  0  0  1  0  0 ] (0.00017202)
[  0  0  1  1  0  0  1  0  1 ] (0.00010596)
[  0  0  1  1  0  0  1  0  2 ] (0.00000102)
[  0  0  1  1  0  0  1  1  0 ] (0.00000132)
[  0  0  1  1  0  0  1  1  1 ] (0.00000072)
[  0  0  1  1  0  0  1  2  0 ] (0.00000939)
[  0  0  1  1  0  0  2  0  0 ] (0.03805157)
[  0  0  1  1  0  0  2  0  1 ] (0.00333124)
[  0  0  1  1  0  0  2  1  0 ] (0.00000533)
[  0  0  1  1  0  0  3  0  0 ] (0.00000063)
[  0  0  1  1  0  1  0  0  0 ] (0.00004488)
[  0  0  1  1  0  1  0  0  1 ] (0.00192129)
[  0  0  1  1  0  1  0  0  2 ] (0.00001389)
[  0  0  1  1  0  1  0  1  0 ] (0.00001062)
[  0  0  1  1  0  1  0  1  1 ] (0.00000104)
[  0  0  1  1  0  1  0  2  0 ] (0.00004722)
[  0  0  1  1  0  1  1  0  0 ] (0.00215925)
[  0  0  1  1  0  1  1  0  1 ] (0.00006585)
[  0  0  1  1  0  1  1  1  0 ] (0.00000147)
[  0  0  1  1  0  1  2  0  0 ] (0.00368204)
[  0  0  1  1  0  2  0  0  0 ] (0.00023512)
[  0  0  1  1  0  2  0  0  1 ] (0.00033465)
[  0  0  1  1  0  2  0  1  0 ] (0.00000006)
[  0  0  1  1  0  2  1  0  0 ] (0.00023240)
[  0  0  1  1  0  3  0  0  0 ] (0.00199695)
[  0  0  1  1  1  0  0  0  0 ] (0.00012318)
[  0  0  1  1  1  0  0  0  1 ] (0.00000559)
[  0  0  1  1  1  0  0  0  2 ] (0.00000521)
[  0  0  1  1  1  0  0  1  0 ] (0.00008934)
[  0  0  1  1  1  0  0  1  1 ] (0.00019754)
[  0  0  1  1  1  0  0  2  0 ] (0.00000299)
[  0  0  1  1  1  0  1  0  0 ] (0.00014441)
[  0  0  1  1  1  0  1  0  1 ] (0.00000446)
[  0  0  1  1  1  0  1  1  0 ] (0.00000652)
[  0  0  1  1  1  0  2  0  0 ] (0.00000413)
[  0  0  1  1  1  1  0  0  0 ] (0.00000247)
[  0  0  1  1  1  1  0  0  1 ] (0.00003333)
[  0  0  1  1  1  1  0  1  0 ] (0.00033106)
[  0  0  1  1  1  1  1  0  0 ] (0.00002086)
[  0  0  1  1  1  2  0  0  0 ] (0.00076076)
[  0  0  1  1  2  0  0  0  0 ] (0.00018406)
[  0  0  1  1  2  0  0  0  1 ] (0.00002779)
[  0  0  1  1  2  0  0  1  0 ] (0.00000294)
[  0  0  1  1  2  0  1  0  0 ] (0.00016959)
[  0  0  1  1  2  1  0  0  0 ] (0.00056712)
[  0  0  1  1  3  0  0  0  0 ] (0.01292506)
[  0  0  1  2  0  0  0  0  0 ] (0.00000018)
[  0  0  1  2  0  0  0  0  1 ] (0.00029488)
[  0  0  1  2  0  0  0  0  2 ] (0.00000042)
[  0  0  1  2  0  0  0  1  0 ] (0.00004366)
[  0  0  1  2  0  0  0  1  1 ] (0.00003889)
[  0  0  1  2  0  0  0  2  0 ] (0.00006220)
[  0  0  1  2  0  0  1  0  0 ] (0.00004685)
[  0  0  1  2  0  0  1  0  1 ] (0.00000007)
[  0  0  1  2  0  0  1  1  0 ] (0.00001843)
[  0  0  1  2  0  0  2  0  0 ] (0.00002361)
[  0  0  1  2  0  1  0  0  0 ] (0.00016632)
[  0  0  1  2  0  1  0  0  1 ] (0.00004705)
[  0  0  1  2  0  1  0  1  0 ] (0.00018846)
[  0  0  1  2  0  1  1  0  0 ] (0.00011709)
[  0  0  1  2  0  2  0  0  0 ] (0.00086611)
[  0  0  1  2  1  0  0  0  0 ] (0.00000280)
[  0  0  1  2  1  0  0  0  1 ] (0.00002838)
[  0  0  1  2  1  0  0  1  0 ] (0.00000634)
[  0  0  1  2  1  0  1  0  0 ] (0.00020223)
[  0  0  1  2  1  1  0  0  0 ] (0.00194878)
[  0  0  1  2  2  0  0  0  0 ] (0.00602106)
[  0  0  1  3  0  0  0  0  0 ] (0.00000116)
[  0  0  1  3  0  0  0  0  1 ] (0.00000005)
[  0  0  1  3  0  0  0  1  0 ] (0.00005497)
[  0  0  1  3  0  0  1  0  0 ] (0.00018431)
[  0  0  1  3  0  1  0  0  0 ] (0.00000063)
[  0  0  1  3  1  0  0  0  0 ] (0.00018614)
[  0  0  1  4  0  0  0  0  0 ] (0.00025660)
[  0  0  2  0  0  0  0  0  0 ] (0.00000255)
[  0  0  2  0  0  0  0  0  1 ] (0.00001989)
[  0  0  2  0  0  0  0  0  2 ] (0.00000000)
[  0  0  2  0  0  0  0  0  3 ] (0.00000000)
[  0  0  2  0  0  0  0  1  0 ] (0.00069529)
[  0  0  2  0  0  0  0  1  1 ] (0.00010312)
[  0  0  2  0  0  0  0  1  2 ] (0.00000452)
[  0  0  2  0  0  0  0  2  0 ] (0.00006257)
[  0  0  2  0  0  0  0  2  1 ] (0.00000264)
[  0  0  2  0  0  0  0  3  0 ] (0.00001048)
[  0  0  2  0  0  0  1  0  0 ] (0.00000015)
[  0  0  2  0  0  0  1  0  1 ] (0.00000254)
[  0  0  2  0  0  0  1  0  2 ] (0.00000011)
[  0  0  2  0  0  0  1  1  0 ] (0.00001303)
[  0  0  2  0  0  0  1  1  1 ] (0.00000000)
[  0  0  2  0  0  0  1  2  0 ] (0.00000306)
[  0  0  2  0  0  0  2  0  0 ] (0.00003295)
[  0  0  2  0  0  0  2  0  1 ] (0.00000211)
[  0  0  2  0  0  0  2  1  0 ] (0.00000805)
[  0  0  2  0  0  0  3  0  0 ] (0.00000468)
[  0  0  2  0  0  1  0  0  0 ] (0.00000065)
[  0  0  2  0  0  1  0  0  1 ] (0.00000637)
[  0  0  2  0  0  1  0  0  2 ] (0.00000234)
[  0  0  2  0  0  1  0  1  0 ] (0.02248516)
[  0  0  2  0  0  1  0  1  1 ] (0.00060884)
[  0  0  2  0  0  1  0  2  0 ] (0.00002318)
[  0  0  2  0  0  1  1  0  0 ] (0.00004067)
[  0  0  2  0  0  1  1  0  1 ] (0.00001008)
[  0  0  2  0  0  1  1  1  0 ] (0.00045920)
[  0  0  2  0  0  1  2  0  0 ] (0.00000869)
[  0  0  2  0  0  2  0  0  0 ] (0.00000484)
[  0  0  2  0  0  2  0  0  1 ] (0.00001744)
[  0  0  2  0  0  2  0  1  0 ] (0.00092807)
[  0  0  2  0  0  2  1  0  0 ] (0.00000580)
[  0  0  2  0  0  3  0  0  0 ] (0.00000948)
[  0  0  2  0  1  0  0  0  0 ] (0.00007238)
[  0  0  2  0  1  0  0  0  1 ] (0.00305206)
[  0  0  2  0  1  0  0  0  2 ] (0.00004548)
[  0  0  2  0  1  0  0  1  0 ] (0.00008474)
[  0  0  2  0  1  0  0  1  1 ] (0.00001234)
[  0  0  2  0  1  0  0  2  0 ] (0.00000094)
[  0  0  2  0  1  0  1  0  0 ] (0.00068338)
[  0  0  2  0  1  0  1  0  1 ] (0.00002685)
[  0  0  2  0  1  0  1  1  0 ] (0.00002133)
[  0  0  2  0  1  0  2  0  0 ] (0.00038628)
[  0  0  2  0  1  1  0  0  0 ] (0.00021890)
[  0  0  2  0  1  1  0  0  1 ] (0.00146886)
[  0  0  2  0  1  1  0  1  0 ] (0.00008187)
[  0  0  2  0  1  1  1  0  0 ] (0.00009512)
[  0  0  2  0  1  2  0  0  0 ] (0.00380315)
[  0  0  2  0  2  0  0  0  0 ] (0.00000253)
[  0  0  2  0  2  0  0  0  1 ] (0.00000167)
[  0  0  2  0  2  0  0  1  0 ] (0.00010096)
[  0  0  2  0  2  0  1  0  0 ] (0.00000713)
[  0  0  2  0  2  1  0  0  0 ] (0.00012369)
[  0  0  2  0  3  0  0  0  0 ] (0.00032831)
[  0  0  2  1  0  0  0  0  0 ] (0.00051188)
[  0  0  2  1  0  0  0  0  1 ] (0.00022881)
[  0  0  2  1  0  0  0  0  2 ] (0.00003245)
[  0  0  2  1  0  0  0  1  0 ] (0.00001740)
[  0  0  2  1  0  0  0  1  1 ] (0.00000146)
[  0  0  2  1  0  0  0  2  0 ] (0.00000165)
[  0  0  2  1  0  0  1  0  0 ] (0.00037486)
[  0  0  2  1  0  0  1  0  1 ] (0.00000464)
[  0  0  2  1  0  0  1  1  0 ] (0.00000006)
[  0  0  2  1  0  0  2  0  0 ] (0.00044273)
[  0  0  2  1  0  1  0  0  0 ] (0.00213013)
[  0  0  2  1  0  1  0  0  1 ] (0.00006665)
[  0  0  2  1  0  1  0  1  0 ] (0.00002121)
[  0  0  2  1  0  1  1  0  0 ] (0.00005311)
[  0  0  2  1  0  2  0  0  0 ] (0.01258844)
[  0  0  2  1  1  0  0  0  0 ] (0.00001726)
[  0  0  2  1  1  0  0  0  1 ] (0.00002545)
[  0  0  2  1  1  0  0  1  0 ] (0.00000052)
[  0  0  2  1  1  0  1  0  0 ] (0.00000372)
[  0  0  2  1  1  1  0  0  0 ] (0.00007672)
[  0  0  2  1  2  0  0  0  0 ] (0.02440855)
[  0  0  2  2  0  0  0  0  0 ] (0.00009400)
[  0  0  2  2  0  0  0  0  1 ] (0.00000754)
[  0  0  2  2  0  0  0  1  0 ] (0.00005271)
[  0  0  2  2  0  0  1  0  0 ] (0.00012863)
[  0  0  2  2  0  1  0  0  0 ] (0.00032456)
[  0  0  2  2  1  0  0  0  0 ] (0.00745761)
[  0  0  2  3  0  0  0  0  0 ] (0.00001160)
[  0  0  3  0  0  0  0  0  0 ] (0.00000094)
[  0  0  3  0  0  0  0  0  1 ] (0.00001696)
[  0  0  3  0  0  0  0  0  2 ] (0.00000054)
[  0  0  3  0  0  0  0  1  0 ] (0.00000881)
[  0  0  3  0  0  0  0  1  1 ] (0.00002008)
[  0  0  3  0  0  0  0  2  0 ] (0.00000720)
[  0  0  3  0  0  0  1  0  0 ] (0.00000918)
[  0  0  3  0  0  0  1  0  1 ] (0.00000477)
[  0  0  3  0  0  0  1  1  0 ] (0.00000320)
[  0  0  3  0  0  0  2  0  0 ] (0.00015954)
[  0  0  3  0  0  1  0  0  0 ] (0.00000109)
[  0  0  3  0  0  1  0  0  1 ] (0.00000158)
[  0  0  3  0  0  1  0  1  0 ] (0.00025555)
[  0  0  3  0  0  1  1  0  0 ] (0.00001214)
[  0  0  3  0  0  2  0  0  0 ] (0.00007812)
[  0  0  3  0  1  0  0  0  0 ] (0.00008752)
[  0  0  3  0  1  0  0  0  1 ] (0.00009812)
[  0  0  3  0  1  0  0  1  0 ] (0.00000662)
[  0  0  3  0  1  0  1  0  0 ] (0.00004168)
[  0  0  3  0  1  1  0  0  0 ] (0.00019831)
[  0  0  3  0  2  0  0  0  0 ] (0.00000443)
[  0  0  3  1  0  0  0  0  0 ] (0.00000010)
[  0  0  3  1  0  0  0  0  1 ] (0.00000044)
[  0  0  3  1  0  0  0  1  0 ] (0.00000070)
[  0  0  3  1  0  0  1  0  0 ] (0.00072847)
[  0  0  3  1  0  1  0  0  0 ] (0.00020623)
[  0  0  3  1  1  0  0  0  0 ] (0.00027587)
[  0  0  3  2  0  0  0  0  0 ] (0.00004048)
[  0  0  4  0  0  0  0  0  0 ] (0.00000848)
[  0  0  4  0  0  0  0  0  1 ] (0.00003454)
[  0  0  4  0  0  0  0  1  0 ] (0.00021261)
[  0  0  4  0  0  0  1  0  0 ] (0.00083956)
[  0  0  4  0  0  1  0  0  0 ] (0.00004255)
[  0  0  4  0  1  0  0  0  0 ] (0.00001344)
[  0  0  4  1  0  0  0  0  0 ] (0.00095190)
[  0  0  5  0  0  0  0  0  0 ] (0.00000100)
[  0  1  0  0  0  0  0  0  0 ] (0.00001943)
[  0  1  0  0  0  0  0  0  1 ] (0.00000076)
[  0  1  0  0  0  0  0  0  2 ] (0.00000053)
[  0  1  0  0  0  0  0  0  3 ] (0.00000001)
[  0  1  0  0  0  0  0  0  4 ] (0.00000000)
[  0  1  0  0  0  0  0  1  0 ] (0.00000974)
[  0  1  0  0  0  0  0  1  1 ] (0.00021562)
[  0  1  0  0  0  0  0  1  2 ] (0.00003296)
[  0  1  0  0  0  0  0  1  3 ] (0.00000157)
[  0  1  0  0  0  0  0  2  0 ] (0.00075087)
[  0  1  0  0  0  0  0  2  1 ] (0.00006866)
[  0  1  0  0  0  0  0  2  2 ] (0.00000205)
[  0  1  0  0  0  0  0  3  0 ] (0.00000063)
[  0  1  0  0  0  0  0  3  1 ] (0.00000558)
[  0  1  0  0  0  0  0  4  0 ] (0.00001245)
[  0  1  0  0  0  0  1  0  0 ] (0.00001203)
[  0  1  0  0  0  0  1  0  1 ] (0.00022720)
[  0  1  0  0  0  0  1  0  2 ] (0.00000010)
[  0  1  0  0  0  0  1  0  3 ] (0.00000078)
[  0  1  0  0  0  0  1  1  0 ] (0.00140033)
[  0  1  0  0  0  0  1  1  1 ] (0.00009594)
[  0  1  0  0  0  0  1  1  2 ] (0.00000098)
[  0  1  0  0  0  0  1  2  0 ] (0.00005613)
[  0  1  0  0  0  0  1  2  1 ] (0.00000150)
[  0  1  0  0  0  0  1  3  0 ] (0.00000012)
[  0  1  0  0  0  0  2  0  0 ] (0.00000033)
[  0  1  0  0  0  0  2  0  1 ] (0.00000048)
[  0  1  0  0  0  0  2  0  2 ] (0.00000016)
[  0  1  0  0  0  0  2  1  0 ] (0.00000176)
[  0  1  0  0  0  0  2  1  1 ] (0.00000043)
[  0  1  0  0  0  0  2  2  0 ] (0.00000024)
[  0  1  0  0  0  0  3  0  0 ] (0.00026270)
[  0  1  0  0  0  0  3  0  1 ] (0.00000226)
[  0  1  0  0  0  0  3  1  0 ] (0.00007203)
[  0  1  0  0  0  0  4  0  0 ] (0.00000000)
[  0  1  0  0  0  1  0  0  0 ] (0.00000007)
[  0  1  0  0  0  1  0  0  1 ] (0.00000860)
[  0  1  0  0  0  1  0  0  2 ] (0.00003206)
[  0  1  0  0  0  1  0  0  3 ] (0.00000503)
[  0  1  0  0  0  1  0  1  0 ] (0.00022558)
[  0  1  0  0  0  1  0  1  1 ] (0.00000995)
[  0  1  0  0  0  1  0  1  2 ] (0.00000014)
[  0  1  0  0  0  1  0  2  0 ] (0.00000099)
[  0  1  0  0  0  1  0  2  1 ] (0.00000265)
[  0  1  0  0  0  1  0  3  0 ] (0.00000042)
[  0  1  0  0  0  1  1  0  0 ] (0.00002193)
[  0  1  0  0  0  1  1  0  1 ] (0.00002051)
[  0  1  0  0  0  1  1  0  2 ] (0.00000000)
[  0  1  0  0  0  1  1  1  0 ] (0.00000462)
[  0  1  0  0  0  1  1  1  1 ] (0.00000000)
[  0  1  0  0  0  1  1  2  0 ] (0.00000167)
[  0  1  0  0  0  1  2  0  0 ] (0.00069530)
[  0  1  0  0  0  1  2  0  1 ] (0.00004735)
[  0  1  0  0  0  1  2  1  0 ] (0.00000002)
[  0  1  0  0  0  1  3  0  0 ] (0.00000128)
[  0  1  0  0  0  2  0  0  0 ] (0.00001439)
[  0  1  0  0  0  2  0  0  1 ] (0.00042129)
[  0  1  0  0  0  2  0  0  2 ] (0.00000168)
[  0  1  0  0  0  2  0  1  0 ] (0.00000124)
[  0  1  0  0  0  2  0  1  1 ] (0.00000061)
[  0  1  0  0  0  2  0  2  0 ] (0.00004380)
[  0  1  0  0  0  2  1  0  0 ] (0.00003306)
[  0  1  0  0  0  2  1  0  1 ] (0.00000025)
[  0  1  0  0  0  2  1  1  0 ] (0.00000001)
[  0  1  0  0  0  2  2  0  0 ] (0.00004625)
[  0  1  0  0  0  3  0  0  0 ] (0.00001832)
[  0  1  0  0  0  3  0  0  1 ] (0.00000176)
[  0  1  0  0  0  3  0  1  0 ] (0.00000033)
[  0  1  0  0  0  3  1  0  0 ] (0.00001639)
[  0  1  0  0  0  4  0  0  0 ] (0.00001335)
[  0  1  0  0  1  0  0  0  0 ] (0.00000386)
[  0  1  0  0  1  0  0  0  1 ] (0.00021564)
[  0  1  0  0  1  0  0  0  2 ] (0.00000301)
[  0  1  0  0  1  0  0  0  3 ] (0.00000421)
[  0  1  0  0  1  0  0  1  0 ] (0.00000611)
[  0  1  0  0  1  0  0  1  1 ] (0.00002417)
[  0  1  0  0  1  0  0  1  2 ] (0.00000033)
[  0  1  0  0  1  0  0  2  0 ] (0.00002861)
[  0  1  0  0  1  0  0  2  1 ] (0.00000000)
[  0  1  0  0  1  0  0  3  0 ] (0.00000006)
[  0  1  0  0  1  0  1  0  0 ] (0.00044197)
[  0  1  0  0  1  0  1  0  1 ] (0.00009192)
[  0  1  0  0  1  0  1  0  2 ] (0.00000054)
[  0  1  0  0  1  0  1  1  0 ] (0.00000804)
[  0  1  0  0  1  0  1  1  1 ] (0.00001211)
[  0  1  0  0  1  0  1  2  0 ] (0.00000601)
[  0  1  0  0  1  0  2  0  0 ] (0.00062066)
[  0  1  0  0  1  0  2  0  1 ] (0.00008797)
[  0  1  0  0  1  0  2  1  0 ] (0.00000026)
[  0  1  0  0  1  0  3  0  0 ] (0.00001095)
[  0  1  0  0  1  1  0  0  0 ] (0.00000036)
[  0  1  0  0  1  1  0  0  1 ] (0.00105845)
[  0  1  0  0  1  1  0  0  2 ] (0.00008179)
[  0  1  0  0  1  1  0  1  0 ] (0.00002862)
[  0  1  0  0  1  1  0  1  1 ] (0.00000016)
[  0  1  0  0  1  1  0  2  0 ] (0.00000194)
[  0  1  0  0  1  1  1  0  0 ] (0.00345273)
[  0  1  0  0  1  1  1  0  1 ] (0.00006843)
[  0  1  0  0  1  1  1  1  0 ] (0.00002023)
[  0  1  0  0  1  1  2  0  0 ] (0.00000274)
[  0  1  0  0  1  2  0  0  0 ] (0.00000966)
[  0  1  0  0  1  2  0  0  1 ] (0.00016941)
[  0  1  0  0  1  2  0  1  0 ] (0.00001693)
[  0  1  0  0  1  2  1  0  0 ] (0.00021996)
[  0  1  0  0  1  3  0  0  0 ] (0.00022152)
[  0  1  0  0  2  0  0  0  0 ] (0.00001917)
[  0  1  0  0  2  0  0  0  1 ] (0.00069804)
[  0  1  0  0  2  0  0  0  2 ] (0.00002303)
[  0  1  0  0  2  0  0  1  0 ] (0.00052053)
[  0  1  0  0  2  0  0  1  1 ] (0.00004029)
[  0  1  0  0  2  0  0  2  0 ] (0.00000010)
[  0  1  0  0  2  0  1  0  0 ] (0.00035573)
[  0  1  0  0  2  0  1  0  1 ] (0.00000242)
[  0  1  0  0  2  0  1  1  0 ] (0.00000433)
[  0  1  0  0  2  0  2  0  0 ] (0.00000008)
[  0  1  0  0  2  1  0  0  0 ] (0.00000051)
[  0  1  0  0  2  1  0  0  1 ] (0.00010530)
[  0  1  0  0  2  1  0  1  0 ] (0.00001749)
[  0  1  0  0  2  1  1  0  0 ] (0.00003066)
[  0  1  0  0  2  2  0  0  0 ] (0.00001181)
[  0  1  0  0  3  0  0  0  0 ] (0.00000026)
[  0  1  0  0  3  0  0  0  1 ] (0.00006475)
[  0  1  0  0  3  0  0  1  0 ] (0.00013681)
[  0  1  0  0  3  0  1  0  0 ] (0.00000167)
[  0  1  0  0  3  1  0  0  0 ] (0.00079647)
[  0  1  0  0  4  0  0  0  0 ] (0.00675691)
[  0  1  0  1  0  0  0  0  0 ] (0.00004071)
[  0  1  0  1  0  0  0  0  1 ] (0.00002586)
[  0  1  0  1  0  0  0  0  2 ] (0.00002443)
[  0  1  0  1  0  0  0  0  3 ] (0.00000017)
[  0  1  0  1  0  0  0  1  0 ] (0.00002594)
[  0  1  0  1  0  0  0  1  1 ] (0.00000137)
[  0  1  0  1  0  0  0  1  2 ] (0.00000001)
[  0  1  0  1  0  0  0  2  0 ] (0.00027398)
[  0  1  0  1  0  0  0  2  1 ] (0.00000068)
[  0  1  0  1  0  0  0  3  0 ] (0.00000051)
[  0  1  0  1  0  0  1  0  0 ] (0.00003717)
[  0  1  0  1  0  0  1  0  1 ] (0.00002798)
[  0  1  0  1  0  0  1  0  2 ] (0.00000095)
[  0  1  0  1  0  0  1  1  0 ] (0.00000002)
[  0  1  0  1  0  0  1  1  1 ] (0.00000070)
[  0  1  0  1  0  0  1  2  0 ] (0.00001356)
[  0  1  0  1  0  0  2  0  0 ] (0.00024541)
[  0  1  0  1  0  0  2  0  1 ] (0.00003781)
[  0  1  0  1  0  0  2  1  0 ] (0.00000924)
[  0  1  0  1  0  0  3  0  0 ] (0.00000017)
[  0  1  0  1  0  1  0  0  0 ] (0.00000627)
[  0  1  0  1  0  1  0  0  1 ] (0.00000798)
[  0  1  0  1  0  1  0  0  2 ] (0.00000000)
[  0  1  0  1  0  1  0  1  0 ] (0.00001320)
[  0  1  0  1  0  1  0  1  1 ] (0.00001356)
[  0  1  0  1  0  1  0  2  0 ] (0.00010046)
[  0  1  0  1  0  1  1  0  0 ] (0.00011752)
[  0  1  0  1  0  1  1  0  1 ] (0.00005277)
[  0  1  0  1  0  1  1  1  0 ] (0.00000236)
[  0  1  0  1  0  1  2  0  0 ] (0.00000474)
[  0  1  0  1  0  2  0  0  0 ] (0.00007216)
[  0  1  0  1  0  2  0  0  1 ] (0.00000437)
[  0  1  0  1  0  2  0  1  0 ] (0.00002109)
[  0  1  0  1  0  2  1  0  0 ] (0.00000005)
[  0  1  0  1  0  3  0  0  0 ] (0.00153457)
[  0  1  0  1  1  0  0  0  0 ] (0.00000750)
[  0  1  0  1  1  0  0  0  1 ] (0.00001918)
[  0  1  0  1  1  0  0  0  2 ] (0.00000030)
[  0  1  0  1  1  0  0  1  0 ] (0.00000467)
[  0  1  0  1  1  0  0  1  1 ] (0.00001840)
[  0  1  0  1  1  0  0  2  0 ] (0.00001942)
[  0  1  0  1  1  0  1  0  0 ] (0.00003895)
[  0  1  0  1  1  0  1  0  1 ] (0.00000913)
[  0  1  0  1  1  0  1  1  0 ] (0.00000058)
[  0  1  0  1  1  0  2  0  0 ] (0.00000000)
[  0  1  0  1  1  1  0  0  0 ] (0.00001977)
[  0  1  0  1  1  1  0  0  1 ] (0.00000352)
[  0  1  0  1  1  1  0  1  0 ] (0.00003411)
[  0  1  0  1  1  1  1  0  0 ] (0.00000006)
[  0  1  0  1  1  2  0  0  0 ] (0.00068511)
[  0  1  0  1  2  0  0  0  0 ] (0.00000325)
[  0  1  0  1  2  0  0  0  1 ] (0.00000277)
[  0  1  0  1  2  0  0  1  0 ] (0.00000088)
[  0  1  0  1  2  0  1  0  0 ] (0.00000795)
[  0  1  0  1  2  1  0  0  0 ] (0.00000003)
[  0  1  0  1  3  0  0  0  0 ] (0.00249953)
[  0  1  0  2  0  0  0  0  0 ] (0.00035558)
[  0  1  0  2  0  0  0  0  1 ] (0.00034205)
[  0  1  0  2  0  0  0  0  2 ] (0.00000853)
[  0  1  0  2  0  0  0  1  0 ] (0.00054091)
[  0  1  0  2  0  0  0  1  1 ] (0.00002503)
[  0  1  0  2  0  0  0  2  0 ] (0.00001063)
[  0  1  0  2  0  0  1  0  0 ] (0.00001136)
[  0  1  0  2  0  0  1  0  1 ] (0.00000041)
[  0  1  0  2  0  0  1  1  0 ] (0.00000000)
[  0  1  0  2  0  0  2  0  0 ] (0.00001425)
[  0  1  0  2  0  1  0  0  0 ] (0.00114079)
[  0  1  0  2  0  1  0  0  1 ] (0.00022588)
[  0  1  0  2  0  1  0  1  0 ] (0.00130879)
[  0  1  0  2  0  1  1  0  0 ] (0.00029307)
[  0  1  0  2  0  2  0  0  0 ] (0.00391068)
[  0  1  0  2  1  0  0  0  0 ] (0.00001889)
[  0  1  0  2  1  0  0  0  1 ] (0.00007380)
[  0  1  0  2  1  0  0  1  0 ] (0.00000053)
[  0  1  0  2  1  0  1  0  0 ] (0.00031700)
[  0  1  0  2  1  1  0  0  0 ] (0.00060796)
[  0  1  0  2  2  0  0  0  0 ] (0.00129598)
[  0  1  0  3  0  0  0  0  0 ] (0.00004667)
[  0  1  0  3  0  0  0  0  1 ] (0.00000577)
[  0  1  0  3  0  0  0  1  0 ] (0.00000934)
[  0  1  0  3  0  0  1  0  0 ] (0.00006961)
[  0  1  0  3  0  1  0  0  0 ] (0.00013271)
[  0  1  0  3  1  0  0  0  0 ] (0.00000743)
[  0  1  0  4  0  0  0  0  0 ] (0.00057781)
[  0  1  1  0  0  0  0  0  0 ] (0.00001197)
[  0  1  1  0  0  0  0  0  1 ] (0.00006598)
[  0  1  1  0  0  0  0  0  2 ] (0.00000864)
[  0  1  1  0  0  0  0  0  3 ] (0.00000051)
[  0  1  1  0  0  0  0  1  0 ] (0.00018116)
[  0  1  1  0  0  0  0  1  1 ] (0.00000000)
[  0  1  1  0  0  0  0  1  2 ] (0.00000161)
[  0  1  1  0  0  0  0  2  0 ] (0.00001109)
[  0  1  1  0  0  0  0  2  1 ] (0.00003392)
[  0  1  1  0  0  0  0  3  0 ] (0.00000000)
[  0  1  1  0  0  0  1  0  0 ] (0.00000290)
[  0  1  1  0  0  0  1  0  1 ] (0.00000608)
[  0  1  1  0  0  0  1  0  2 ] (0.00000226)
[  0  1  1  0  0  0  1  1  0 ] (0.00000243)
[  0  1  1  0  0  0  1  1  1 ] (0.00000121)
[  0  1  1  0  0  0  1  2  0 ] (0.00000001)
[  0  1  1  0  0  0  2  0  0 ] (0.00016939)
[  0  1  1  0  0  0  2  0  1 ] (0.00002952)
[  0  1  1  0  0  0  2  1  0 ] (0.00000000)
[  0  1  1  0  0  0  3  0  0 ] (0.00002322)
[  0  1  1  0  0  1  0  0  0 ] (0.00008433)
[  0  1  1  0  0  1  0  0  1 ] (0.00000426)
[  0  1  1  0  0  1  0  0  2 ] (0.00001378)
[  0  1  1  0  0  1  0  1  0 ] (0.00031671)
[  0  1  1  0  0  1  0  1  1 ] (0.00000005)
[  0  1  1  0  0  1  0  2  0 ] (0.00001450)
[  0  1  1  0  0  1  1  0  0 ] (0.00038202)
[  0  1  1  0  0  1  1  0  1 ] (0.00004899)
[  0  1  1  0  0  1  1  1  0 ] (0.00000508)
[  0  1  1  0  0  1  2  0  0 ] (0.00006207)
[  0  1  1  0  0  2  0  0  0 ] (0.00000859)
[  0  1  1  0  0  2  0  0  1 ] (0.00004586)
[  0  1  1  0  0  2  0  1  0 ] (0.00000147)
[  0  1  1  0  0  2  1  0  0 ] (0.00001168)
[  0  1  1  0  0  3  0  0  0 ] (0.00361163)
[  0  1  1  0  1  0  0  0  0 ] (0.00023874)
[  0  1  1  0  1  0  0  0  1 ] (0.00000057)
[  0  1  1  0  1  0  0  0  2 ] (0.00000054)
[  0  1  1  0  1  0  0  1  0 ] (0.00015610)
[  0  1  1  0  1  0  0  1  1 ] (0.00000002)
[  0  1  1  0  1  0  0  2  0 ] (0.00000029)
[  0  1  1  0  1  0  1  0  0 ] (0.00557099)
[  0  1  1  0  1  0  1  0  1 ] (0.00033603)
[  0  1  1  0  1  0  1  1  0 ] (0.00002173)
[  0  1  1  0  1  0  2  0  0 ] (0.00002351)
[  0  1  1  0  1  1  0  0  0 ] (0.00006371)
[  0  1  1  0  1  1  0  0  1 ] (0.00001539)
[  0  1  1  0  1  1  0  1  0 ] (0.00001410)
[  0  1  1  0  1  1  1  0  0 ] (0.00015559)
[  0  1  1  0  1  2  0  0  0 ] (0.00716985)
[  0  1  1  0  2  0  0  0  0 ] (0.00001839)
[  0  1  1  0  2  0  0  0  1 ] (0.00000023)
[  0  1  1  0  2  0  0  1  0 ] (0.00002683)
[  0  1  1  0  2  0  1  0  0 ] (0.00000001)
[  0  1  1  0  2  1  0  0  0 ] (0.00016929)
[  0  1  1  0  3  0  0  0  0 ] (0.00008931)
[  0  1  1  1  0  0  0  0  0 ] (0.00006588)
[  0  1  1  1  0  0  0  0  1 ] (0.00021109)
[  0  1  1  1  0  0  0  0  2 ] (0.00000000)
[  0  1  1  1  0  0  0  1  0 ] (0.00001872)
[  0  1  1  1  0  0  0  1  1 ] (0.00000020)
[  0  1  1  1  0  0  0  2  0 ] (0.00000445)
[  0  1  1  1  0  0  1  0  0 ] (0.00056556)
[  0  1  1  1  0  0  1  0  1 ] (0.00011644)
[  0  1  1  1  0  0  1  1  0 ] (0.00000252)
[  0  1  1  1  0  0  2  0  0 ] (0.00004538)
[  0  1  1  1  0  1  0  0  0 ] (0.00004099)
[  0  1  1  1  0  1  0  0  1 ] (0.00010032)
[  0  1  1  1  0  1  0  1  0 ] (0.00000360)
[  0  1  1  1  0  1  1  0  0 ] (0.00055694)
[  0  1  1  1  0  2  0  0  0 ] (0.00062501)
[  0  1  1  1  1  0  0  0  0 ] (0.00003595)
[  0  1  1  1  1  0  0  0  1 ] (0.00000417)
[  0  1  1  1  1  0  0  1  0 ] (0.00003127)
[  0  1  1  1  1  0  1  0  0 ] (0.00008661)
[  0  1  1  1  1  1  0  0  0 ] (0.00016357)
[  0  1  1  1  2  0  0  0  0 ] (0.00506405)
[  0  1  1  2  0  0  0  0  0 ] (0.00032181)
[  0  1  1  2  0  0  0  0  1 ] (0.00006065)
[  0  1  1  2  0  0  0  1  0 ] (0.00000279)
[  0  1  1  2  0  0  1  0  0 ] (0.00005790)
[  0  1  1  2  0  1  0  0  0 ] (0.00155692)
[  0  1  1  2  1  0  0  0  0 ] (0.00906241)
[  0  1  1  3  0  0  0  0  0 ] (0.00000000)
[  0  1  2  0  0  0  0  0  0 ] (0.00002431)
[  0  1  2  0  0  0  0  0  1 ] (0.00000486)
[  0  1  2  0  0  0  0  0  2 ] (0.00000138)
[  0  1  2  0  0  0  0  1  0 ] (0.00019737)
[  0  1  2  0  0  0  0  1  1 ] (0.00001371)
[  0  1  2  0  0  0  0  2  0 ] (0.00000262)
[  0  1  2  0  0  0  1  0  0 ] (0.00003116)
[  0  1  2  0  0  0  1  0  1 ] (0.00000158)
[  0  1  2  0  0  0  1  1  0 ] (0.00000899)
[  0  1  2  0  0  0  2  0  0 ] (0.00003422)
[  0  1  2  0  0  1  0  0  0 ] (0.00003481)
[  0  1  2  0  0  1  0  0  1 ] (0.00003300)
[  0  1  2  0  0  1  0  1  0 ] (0.00014417)
[  0  1  2  0  0  1  1  0  0 ] (0.00002425)
[  0  1  2  0  0  2  0  0  0 ] (0.00002839)
[  0  1  2  0  1  0  0  0  0 ] (0.00105073)
[  0  1  2  0  1  0  0  0  1 ] (0.00007141)
[  0  1  2  0  1  0  0  1  0 ] (0.00000188)
[  0  1  2  0  1  0  1  0  0 ] (0.00008602)
[  0  1  2  0  1  1  0  0  0 ] (0.00932284)
[  0  1  2  0  2  0  0  0  0 ] (0.00033335)
[  0  1  2  1  0  0  0  0  0 ] (0.00003641)
[  0  1  2  1  0  0  0  0  1 ] (0.00010944)
[  0  1  2  1  0  0  0  1  0 ] (0.00000985)
[  0  1  2  1  0  0  1  0  0 ] (0.00008053)
[  0  1  2  1  0  1  0  0  0 ] (0.00020501)
[  0  1  2  1  1  0  0  0  0 ] (0.00056573)
[  0  1  2  2  0  0  0  0  0 ] (0.00012200)
[  0  1  3  0  0  0  0  0  0 ] (0.00001412)
[  0  1  3  0  0  0  0  0  1 ] (0.00000007)
[  0  1  3  0  0  0  0  1  0 ] (0.00034194)
[  0  1  3  0  0  0  1  0  0 ] (0.00208398)
[  0  1  3  0  0  1  0  0  0 ] (0.00001277)
[  0  1  3  0  1  0  0  0  0 ] (0.00008299)
[  0  1  3  1  0  0  0  0  0 ] (0.00011568)
[  0  1  4  0  0  0  0  0  0 ] (0.00002885)
[  0  2  0  0  0  0  0  0  0 ] (0.00003343)
[  0  2  0  0  0  0  0  0  1 ] (0.00012881)
[  0  2  0  0  0  0  0  0  2 ] (0.00000192)
[  0  2  0  0  0  0  0  0  3 ] (0.00000418)
[  0  2  0  0  0  0  0  1  0 ] (0.00055101)
[  0  2  0  0  0  0  0  1  1 ] (0.00003441)
[  0  2  0  0  0  0  0  1  2 ] (0.00000677)
[  0  2  0  0  0  0  0  2  0 ] (0.01919589)
[  0  2  0  0  0  0  0  2  1 ] (0.00206921)
[  0  2  0  0  0  0  0  3  0 ] (0.00000440)
[  0  2  0  0  0  0  1  0  0 ] (0.00000317)
[  0  2  0  0  0  0  1  0  1 ] (0.00003765)
[  0  2  0  0  0  0  1  0  2 ] (0.00000003)
[  0  2  0  0  0  0  1  1  0 ] (0.00000001)
[  0  2  0  0  0  0  1  1  1 ] (0.00001625)
[  0  2  0  0  0  0  1  2  0 ] (0.00148848)
[  0  2  0  0  0  0  2  0  0 ] (0.00003063)
[  0  2  0  0  0  0  2  0  1 ] (0.00002157)
[  0  2  0  0  0  0  2  1  0 ] (0.00005388)
[  0  2  0  0  0  0  3  0  0 ] (0.00000134)
[  0  2  0  0  0  1  0  0  0 ] (0.00000642)
[  0  2  0  0  0  1  0  0  1 ] (0.00013360)
[  0  2  0  0  0  1  0  0  2 ] (0.00001500)
[  0  2  0  0  0  1  0  1  0 ] (0.01155342)
[  0  2  0  0  0  1  0  1  1 ] (0.00029836)
[  0  2  0  0  0  1  0  2  0 ] (0.00014274)
[  0  2  0  0  0  1  1  0  0 ] (0.00001147)
[  0  2  0  0  0  1  1  0  1 ] (0.00000008)
[  0  2  0  0  0  1  1  1  0 ] (0.00031723)
[  0  2  0  0  0  1  2  0  0 ] (0.00001755)
[  0  2  0  0  0  2  0  0  0 ] (0.00002759)
[  0  2  0  0  0  2  0  0  1 ] (0.00002582)
[  0  2  0  0  0  2  0  1  0 ] (0.00038585)
[  0  2  0  0  0  2  1  0  0 ] (0.00000000)
[  0  2  0  0  0  3  0  0  0 ] (0.00010040)
[  0  2  0  0  1  0  0  0  0 ] (0.00008029)
[  0  2  0  0  1  0  0  0  1 ] (0.00581769)
[  0  2  0  0  1  0  0  0  2 ] (0.00011981)
[  0  2  0  0  1  0  0  1  0 ] (0.00273685)
[  0  2  0  0  1  0  0  1  1 ] (0.00006992)
[  0  2  0  0  1  0  0  2  0 ] (0.00000680)
[  0  2  0  0  1  0  1  0  0 ] (0.00082756)
[  0  2  0  0  1  0  1  0  1 ] (0.00006088)
[  0  2  0  0  1  0  1  1  0 ] (0.00015048)
[  0  2  0  0  1  0  2  0  0 ] (0.00079761)
[  0  2  0  0  1  1  0  0  0 ] (0.00002735)
[  0  2  0  0  1  1  0  0  1 ] (0.00065588)
[  0  2  0  0  1  1  0  1  0 ] (0.00038271)
[  0  2  0  0  1  1  1  0  0 ] (0.00052549)
[  0  2  0  0  1  2  0  0  0 ] (0.00068206)
[  0  2  0  0  2  0  0  0  0 ] (0.00035075)
[  0  2  0  0  2  0  0  0  1 ] (0.00020434)
[  0  2  0  0  2  0  0  1  0 ] (0.00017580)
[  0  2  0  0  2  0  1  0  0 ] (0.00039543)
[  0  2  0  0  2  1  0  0  0 ] (0.00149106)
[  0  2  0  0  3  0  0  0  0 ] (0.00052726)
[  0  2  0  1  0  0  0  0  0 ] (0.00015954)
[  0  2  0  1  0  0  0  0  1 ] (0.00000111)
[  0  2  0  1  0  0  0  0  2 ] (0.00000000)
[  0  2  0  1  0  0  0  1  0 ] (0.00001046)
[  0  2  0  1  0  0  0  1  1 ] (0.00000351)
[  0  2  0  1  0  0  0  2  0 ] (0.00000446)
[  0  2  0  1  0  0  1  0  0 ] (0.00002525)
[  0  2  0  1  0  0  1  0  1 ] (0.00000123)
[  0  2  0  1  0  0  1  1  0 ] (0.00000202)
[  0  2  0  1  0  0  2  0  0 ] (0.00000028)
[  0  2  0  1  0  1  0  0  0 ] (0.00101173)
[  0  2  0  1  0  1  0  0  1 ] (0.00010008)
[  0  2  0  1  0  1  0  1  0 ] (0.00002468)
[  0  2  0  1  0  1  1  0  0 ] (0.00055699)
[  0  2  0  1  0  2  0  0  0 ] (0.00231570)
[  0  2  0  1  1  0  0  0  0 ] (0.00066586)
[  0  2  0  1  1  0  0  0  1 ] (0.00004782)
[  0  2  0  1  1  0  0  1  0 ] (0.00005104)
[  0  2  0  1  1  0  1  0  0 ] (0.00001195)
[  0  2  0  1  1  1  0  0  0 ] (0.00680894)
[  0  2  0  1  2  0  0  0  0 ] (0.00110510)
[  0  2  0  2  0  0  0  0  0 ] (0.00000969)
[  0  2  0  2  0  0  0  0  1 ] (0.00123697)
[  0  2  0  2  0  0  0  1  0 ] (0.00000003)
[  0  2  0  2  0  0  1  0  0 ] (0.00387568)
[  0  2  0  2  0  1  0  0  0 ] (0.00000478)
[  0  2  0  2  1  0  0  0  0 ] (0.00012276)
[  0  2  0  3  0  0  0  0  0 ] (0.00001487)
[  0  2  1  0  0  0  0  0  0 ] (0.00000000)
[  0  2  1  0  0  0  0  0  1 ] (0.00010637)
[  0  2  1  0  0  0  0  0  2 ] (0.00001054)
[  0  2  1  0  0  0  0  1  0 ] (0.00004292)
[  0  2  1  0  0  0  0  1  1 ] (0.00000003)
[  0  2  1  0  0  0  0  2  0 ] (0.00000494)
[  0  2  1  0  0  0  1  0  0 ] (0.00000411)
[  0  2  1  0  0  0  1  0  1 ] (0.00000245)
[  0  2  1  0  0  0  1  1  0 ] (0.00001655)
[  0  2  1  0  0  0  2  0  0 ] (0.00000735)
[  0  2  1  0  0  1  0  0  0 ] (0.00002751)
[  0  2  1  0  0  1  0  0  1 ] (0.00000985)
[  0  2  1  0  0  1  0  1  0 ] (0.00016228)
[  0  2  1  0  0  1  1  0  0 ] (0.00022831)
[  0  2  1  0  0  2  0  0  0 ] (0.00000086)
[  0  2  1  0  1  0  0  0  0 ] (0.00153621)
[  0  2  1  0  1  0  0  0  1 ] (0.00007643)
[  0  2  1  0  1  0  0  1  0 ] (0.00000975)
[  0  2  1  0  1  0  1  0  0 ] (0.00006878)
[  0  2  1  0  1  1  0  0  0 ] (0.01467360)
[  0  2  1  0  2  0  0  0  0 ] (0.00037144)
[  0  2  1  1  0  0  0  0  0 ] (0.00037721)
[  0  2  1  1  0  0  0  0  1 ] (0.00050619)
[  0  2  1  1  0  0  0  1  0 ] (0.00004040)
[  0  2  1  1  0  0  1  0  0 ] (0.00006638)
[  0  2  1  1  0  1  0  0  0 ] (0.00162854)
[  0  2  1  1  1  0  0  0  0 ] (0.00204299)
[  0  2  1  2  0  0  0  0  0 ] (0.00000577)
[  0  2  2  0  0  0  0  0  0 ] (0.00000623)
[  0  2  2  0  0  0  0  0  1 ] (0.00005223)
[  0  2  2  0  0  0  0  1  0 ] (0.00123672)
[  0  2  2  0  0  0  1  0  0 ] (0.00008573)
[  0  2  2  0  0  1  0  0  0 ] (0.00000000)
[  0  2  2  0  1  0  0  0  0 ] (0.00013435)
[  0  2  2  1  0  0  0  0  0 ] (0.00008190)
[  0  2  3  0  0  0  0  0  0 ] (0.00001143)
[  0  3  0  0  0  0  0  0  0 ] (0.00000530)
[  0  3  0  0  0  0  0  0  1 ] (0.00008378)
[  0  3  0  0  0  0  0  0  2 ] (0.00001978)
[  0  3  0  0  0  0  0  1  0 ] (0.00003453)
[  0  3  0  0  0  0  0  1  1 ] (0.00002523)
[  0  3  0  0  0  0  0  2  0 ] (0.00000212)
[  0  3  0  0  0  0  1  0  0 ] (0.00001622)
[  0  3  0  0  0  0  1  0  1 ] (0.00000413)
[  0  3  0  0  0  0  1  1  0 ] (0.00001423)
[  0  3  0  0  0  0  2  0  0 ] (0.00034559)
[  0  3  0  0  0  1  0  0  0 ] (0.00000664)
[  0  3  0  0  0  1  0  0  1 ] (0.00017023)
[  0  3  0  0  0  1  0  1  0 ] (0.00006704)
[  0  3  0  0  0  1  1  0  0 ] (0.00222250)
[  0  3  0  0  0  2  0  0  0 ] (0.00006807)
[  0  3  0  0  1  0  0  0  0 ] (0.00004915)
[  0  3  0  0  1  0  0  0  1 ] (0.00000057)
[  0  3  0  0  1  0  0  1  0 ] (0.00004822)
[  0  3  0  0  1  0  1  0  0 ] (0.00180489)
[  0  3  0  0  1  1  0  0  0 ] (0.00009501)
[  0  3  0  0  2  0  0  0  0 ] (0.00004025)
[  0  3  0  1  0  0  0  0  0 ] (0.00004935)
[  0  3  0  1  0  0  0  0  1 ] (0.00036000)
[  0  3  0  1  0  0  0  1  0 ] (0.00020220)
[  0  3  0  1  0  0  1  0  0 ] (0.00022256)
[  0  3  0  1  0  1  0  0  0 ] (0.00012884)
[  0  3  0  1  1  0  0  0  0 ] (0.00003541)
[  0  3  0  2  0  0  0  0  0 ] (0.00001189)
[  0  3  1  0  0  0  0  0  0 ] (0.00001058)
[  0  3  1  0  0  0  0  0  1 ] (0.00031713)
[  0  3  1  0  0  0  0  1  0 ] (0.00003449)
[  0  3  1  0  0  0  1  0  0 ] (0.00361767)
[  0  3  1  0  0  1  0  0  0 ] (0.00006462)
[  0  3  1  0  1  0  0  0  0 ] (0.00000712)
[  0  3  1  1  0  0  0  0  0 ] (0.00003862)
[  0  3  2  0  0  0  0  0  0 ] (0.00000101)
[  0  4  0  0  0  0  0  0  0 ] (0.00001518)
[  0  4  0  0  0  0  0  0  1 ] (0.00015858)
[  0  4  0  0  0  0  0  1  0 ] (0.00089252)
[  0  4  0  0  0  0  1  0  0 ] (0.00105623)
[  0  4  0  0  0  1  0  0  0 ] (0.00002771)
[  0  4  0  0  1  0  0  0  0 ] (0.00000774)
[  0  4  0  1  0  0  0  0  0 ] (0.00003179)
[  0  4  1  0  0  0  0  0  0 ] (0.00002612)
[  0  5  0  0  0  0  0  0  0 ] (0.00000036)
[  1  0  0  0  0  0  0  0  0 ] (0.00000974)
[  1  0  0  0  0  0  0  0  1 ] (0.00007811)
[  1  0  0  0  0  0  0  0  2 ] (0.00008740)
[  1  0  0  0  0  0  0  0  3 ] (0.00000069)
[  1  0  0  0  0  0  0  0  4 ] (0.00000119)
[  1  0  0  0  0  0  0  1  0 ] (0.00000438)
[  1  0  0  0  0  0  0  1  1 ] (0.00045267)
[  1  0  0  0  0  0  0  1  2 ] (0.00001073)
[  1  0  0  0  0  0  0  1  3 ] (0.00000875)
[  1  0  0  0  0  0  0  2  0 ] (0.00004831)
[  1  0  0  0  0  0  0  2  1 ] (0.00002548)
[  1  0  0  0  0  0  0  2  2 ] (0.00000725)
[  1  0  0  0  0  0  0  3  0 ] (0.00025442)
[  1  0  0  0  0  0  0  3  1 ] (0.00000290)
[  1  0  0  0  0  0  0  4  0 ] (0.00007959)
[  1  0  0  0  0  0  1  0  0 ] (0.00000763)
[  1  0  0  0  0  0  1  0  1 ] (0.00003430)
[  1  0  0  0  0  0  1  0  2 ] (0.00001211)
[  1  0  0  0  0  0  1  0  3 ] (0.00000108)
[  1  0  0  0  0  0  1  1  0 ] (0.00090968)
[  1  0  0  0  0  0  1  1  1 ] (0.00017482)
[  1  0  0  0  0  0  1  1  2 ] (0.00000023)
[  1  0  0  0  0  0  1  2  0 ] (0.00000790)
[  1  0  0  0  0  0  1  2  1 ] (0.00000128)
[  1  0  0  0  0  0  1  3  0 ] (0.00004266)
[  1  0  0  0  0  0  2  0  0 ] (0.00009302)
[  1  0  0  0  0  0  2  0  1 ] (0.00015852)
[  1  0  0  0  0  0  2  0  2 ] (0.00000012)
[  1  0  0  0  0  0  2  1  0 ] (0.00001758)
[  1  0  0  0  0  0  2  1  1 ] (0.00000784)
[  1  0  0  0  0  0  2  2  0 ] (0.00000153)
[  1  0  0  0  0  0  3  0  0 ] (0.00006759)
[  1  0  0  0  0  0  3  0  1 ] (0.00000197)
[  1  0  0  0  0  0  3  1  0 ] (0.00000074)
[  1  0  0  0  0  0  4  0  0 ] (0.00000067)
[  1  0  0  0  0  1  0  0  0 ] (0.00001300)
[  1  0  0  0  0  1  0  0  1 ] (0.00057487)
[  1  0  0  0  0  1  0  0  2 ] (0.00001059)
[  1  0  0  0  0  1  0  0  3 ] (0.00000057)
[  1  0  0  0  0  1  0  1  0 ] (0.00020009)
[  1  0  0  0  0  1  0  1  1 ] (0.00000186)
[  1  0  0  0  0  1  0  1  2 ] (0.00000010)
[  1  0  0  0  0  1  0  2  0 ] (0.00000396)
[  1  0  0  0  0  1  0  2  1 ] (0.00000374)
[  1  0  0  0  0  1  0  3  0 ] (0.00000865)
[  1  0  0  0  0  1  1  0  0 ] (0.00008672)
[  1  0  0  0  0  1  1  0  1 ] (0.00004129)
[  1  0  0  0  0  1  1  0  2 ] (0.00001084)
[  1  0  0  0  0  1  1  1  0 ] (0.00003404)
[  1  0  0  0  0  1  1  1  1 ] (0.00000438)
[  1  0  0  0  0  1  1  2  0 ] (0.00000006)
[  1  0  0  0  0  1  2  0  0 ] (0.00001871)
[  1  0  0  0  0  1  2  0  1 ] (0.00000386)
[  1  0  0  0  0  1  2  1  0 ] (0.00000487)
[  1  0  0  0  0  1  3  0  0 ] (0.00000402)
[  1  0  0  0  0  2  0  0  0 ] (0.00004991)
[  1  0  0  0  0  2  0  0  1 ] (0.00731801)
[  1  0  0  0  0  2  0  0  2 ] (0.00004266)
[  1  0  0  0  0  2  0  1  0 ] (0.00851409)
[  1  0  0  0  0  2  0  1  1 ] (0.00022106)
[  1  0  0  0  0  2  0  2  0 ] (0.00003755)
[  1  0  0  0  0  2  1  0  0 ] (0.00026482)
[  1  0  0  0  0  2  1  0  1 ] (0.00011577)
[  1  0  0  0  0  2  1  1  0 ] (0.00020432)
[  1  0  0  0  0  2  2  0  0 ] (0.00038501)
[  1  0  0  0  0  3  0  0  0 ] (0.00021724)
[  1  0  0  0  0  3  0  0  1 ] (0.00001227)
[  1  0  0  0  0  3  0  1  0 ] (0.00006298)
[  1  0  0  0  0  3  1  0  0 ] (0.00009327)
[  1  0  0  0  0  4  0  0  0 ] (0.00018885)
[  1  0  0  0  1  0  0  0  0 ] (0.00001818)
[  1  0  0  0  1  0  0  0  1 ] (0.00000516)
[  1  0  0  0  1  0  0  0  2 ] (0.00005422)
[  1  0  0  0  1  0  0  0  3 ] (0.00001042)
[  1  0  0  0  1  0  0  1  0 ] (0.00032400)
[  1  0  0  0  1  0  0  1  1 ] (0.00000302)
[  1  0  0  0  1  0  0  1  2 ] (0.00000726)
[  1  0  0  0  1  0  0  2  0 ] (0.00019127)
[  1  0  0  0  1  0  0  2  1 ] (0.00000138)
[  1  0  0  0  1  0  0  3  0 ] (0.00002571)
[  1  0  0  0  1  0  1  0  0 ] (0.00033667)
[  1  0  0  0  1  0  1  0  1 ] (0.00000069)
[  1  0  0  0  1  0  1  0  2 ] (0.00000550)
[  1  0  0  0  1  0  1  1  0 ] (0.00000184)
[  1  0  0  0  1  0  1  1  1 ] (0.00000933)
[  1  0  0  0  1  0  1  2  0 ] (0.00003123)
[  1  0  0  0  1  0  2  0  0 ] (0.00028429)
[  1  0  0  0  1  0  2  0  1 ] (0.00005632)
[  1  0  0  0  1  0  2  1  0 ] (0.00000182)
[  1  0  0  0  1  0  3  0  0 ] (0.00000499)
[  1  0  0  0  1  1  0  0  0 ] (0.00004998)
[  1  0  0  0  1  1  0  0  1 ] (0.00077063)
[  1  0  0  0  1  1  0  0  2 ] (0.00000892)
[  1  0  0  0  1  1  0  1  0 ] (0.00037056)
[  1  0  0  0  1  1  0  1  1 ] (0.00000114)
[  1  0  0  0  1  1  0  2  0 ] (0.00015357)
[  1  0  0  0  1  1  1  0  0 ] (0.01397182)
[  1  0  0  0  1  1  1  0  1 ] (0.00037017)
[  1  0  0  0  1  1  1  1  0 ] (0.00005637)
[  1  0  0  0  1  1  2  0  0 ] (0.00004594)
[  1  0  0  0  1  2  0  0  0 ] (0.00001427)
[  1  0  0  0  1  2  0  0  1 ] (0.00006044)
[  1  0  0  0  1  2  0  1  0 ] (0.00000267)
[  1  0  0  0  1  2  1  0  0 ] (0.00055290)
[  1  0  0  0  1  3  0  0  0 ] (0.00011192)
[  1  0  0  0  2  0  0  0  0 ] (0.00000149)
[  1  0  0  0  2  0  0  0  1 ] (0.00067366)
[  1  0  0  0  2  0  0  0  2 ] (0.00001632)
[  1  0  0  0  2  0  0  1  0 ] (0.00001221)
[  1  0  0  0  2  0  0  1  1 ] (0.00000039)
[  1  0  0  0  2  0  0  2  0 ] (0.00001060)
[  1  0  0  0  2  0  1  0  0 ] (0.00004747)
[  1  0  0  0  2  0  1  0  1 ] (0.00001376)
[  1  0  0  0  2  0  1  1  0 ] (0.00000001)
[  1  0  0  0  2  0  2  0  0 ] (0.00001172)
[  1  0  0  0  2  1  0  0  0 ] (0.00004555)
[  1  0  0  0  2  1  0  0  1 ] (0.00001443)
[  1  0  0  0  2  1  0  1  0 ] (0.00000004)
[  1  0  0  0  2  1  1  0  0 ] (0.00006044)
[  1  0  0  0  2  2  0  0  0 ] (0.00004846)
[  1  0  0  0  3  0  0  0  0 ] (0.00000333)
[  1  0  0  0  3  0  0  0  1 ] (0.00000184)
[  1  0  0  0  3  0  0  1  0 ] (0.00000157)
[  1  0  0  0  3  0  1  0  0 ] (0.00002031)
[  1  0  0  0  3  1  0  0  0 ] (0.00006688)
[  1  0  0  0  4  0  0  0  0 ] (0.00000442)
[  1  0  0  1  0  0  0  0  0 ] (0.00001178)
[  1  0  0  1  0  0  0  0  1 ] (0.00001465)
[  1  0  0  1  0  0  0  0  2 ] (0.00001250)
[  1  0  0  1  0  0  0  0  3 ] (0.00000007)
[  1  0  0  1  0  0  0  1  0 ] (0.00001190)
[  1  0  0  1  0  0  0  1  1 ] (0.00004659)
[  1  0  0  1  0  0  0  1  2 ] (0.00000199)
[  1  0  0  1  0  0  0  2  0 ] (0.00058329)
[  1  0  0  1  0  0  0  2  1 ] (0.00011665)
[  1  0  0  1  0  0  0  3  0 ] (0.00000024)
[  1  0  0  1  0  0  1  0  0 ] (0.00000799)
[  1  0  0  1  0  0  1  0  1 ] (0.00002104)
[  1  0  0  1  0  0  1  0  2 ] (0.00000115)
[  1  0  0  1  0  0  1  1  0 ] (0.00000063)
[  1  0  0  1  0  0  1  1  1 ] (0.00000227)
[  1  0  0  1  0  0  1  2  0 ] (0.00005633)
[  1  0  0  1  0  0  2  0  0 ] (0.00004503)
[  1  0  0  1  0  0  2  0  1 ] (0.00001508)
[  1  0  0  1  0  0  2  1  0 ] (0.00000680)
[  1  0  0  1  0  0  3  0  0 ] (0.00000102)
[  1  0  0  1  0  1  0  0  0 ] (0.00001031)
[  1  0  0  1  0  1  0  0  1 ] (0.00082651)
[  1  0  0  1  0  1  0  0  2 ] (0.00000006)
[  1  0  0  1  0  1  0  1  0 ] (0.00366472)
[  1  0  0  1  0  1  0  1  1 ] (0.00014126)
[  1  0  0  1  0  1  0  2  0 ] (0.00000266)
[  1  0  0  1  0  1  1  0  0 ] (0.00000460)
[  1  0  0  1  0  1  1  0  1 ] (0.00001085)
[  1  0  0  1  0  1  1  1  0 ] (0.00004632)
[  1  0  0  1  0  1  2  0  0 ] (0.00001095)
[  1  0  0  1  0  2  0  0  0 ] (0.00000721)
[  1  0  0  1  0  2  0  0  1 ] (0.00011061)
[  1  0  0  1  0  2  0  1  0 ] (0.00022394)
[  1  0  0  1  0  2  1  0  0 ] (0.00007973)
[  1  0  0  1  0  3  0  0  0 ] (0.00004296)
[  1  0  0  1  1  0  0  0  0 ] (0.00002252)
[  1  0  0  1  1  0  0  0  1 ] (0.00010118)
[  1  0  0  1  1  0  0  0  2 ] (0.00000019)
[  1  0  0  1  1  0  0  1  0 ] (0.00009983)
[  1  0  0  1  1  0  0  1  1 ] (0.00003054)
[  1  0  0  1  1  0  0  2  0 ] (0.00010129)
[  1  0  0  1  1  0  1  0  0 ] (0.00004989)
[  1  0  0  1  1  0  1  0  1 ] (0.00000035)
[  1  0  0  1  1  0  1  1  0 ] (0.00000661)
[  1  0  0  1  1  0  2  0  0 ] (0.00000082)
[  1  0  0  1  1  1  0  0  0 ] (0.00011985)
[  1  0  0  1  1  1  0  0  1 ] (0.00004041)
[  1  0  0  1  1  1  0  1  0 ] (0.00002006)
[  1  0  0  1  1  1  1  0  0 ] (0.00000344)
[  1  0  0  1  1  2  0  0  0 ] (0.00714997)
[  1  0  0  1  2  0  0  0  0 ] (0.00000567)
[  1  0  0  1  2  0  0  0  1 ] (0.00000000)
[  1  0  0  1  2  0  0  1  0 ] (0.00006913)
[  1  0  0  1  2  0  1  0  0 ] (0.00003475)
[  1  0  0  1  2  1  0  0  0 ] (0.00002830)
[  1  0  0  1  3  0  0  0  0 ] (0.00003492)
[  1  0  0  2  0  0  0  0  0 ] (0.00010869)
[  1  0  0  2  0  0  0  0  1 ] (0.00025431)
[  1  0  0  2  0  0  0  0  2 ] (0.00007218)
[  1  0  0  2  0  0  0  1  0 ] (0.00007840)
[  1  0  0  2  0  0  0  1  1 ] (0.00001196)
[  1  0  0  2  0  0  0  2  0 ] (0.00003067)
[  1  0  0  2  0  0  1  0  0 ] (0.00000121)
[  1  0  0  2  0  0  1  0  1 ] (0.00000857)
[  1  0  0  2  0  0  1  1  0 ] (0.00000116)
[  1  0  0  2  0  0  2  0  0 ] (0.00000059)
[  1  0  0  2  0  1  0  0  0 ] (0.00019862)
[  1  0  0  2  0  1  0  0  1 ] (0.00028149)
[  1  0  0  2  0  1  0  1  0 ] (0.00027512)
[  1  0  0  2  0  1  1  0  0 ] (0.00004190)
[  1  0  0  2  0  2  0  0  0 ] (0.00045500)
[  1  0  0  2  1  0  0  0  0 ] (0.00000307)
[  1  0  0  2  1  0  0  0  1 ] (0.00005850)
[  1  0  0  2  1  0  0  1  0 ] (0.00014123)
[  1  0  0  2  1  0  1  0  0 ] (0.00011848)
[  1  0  0  2  1  1  0  0  0 ] (0.00000532)
[  1  0  0  2  2  0  0  0  0 ] (0.00000234)
[  1  0  0  3  0  0  0  0  0 ] (0.00008670)
[  1  0  0  3  0  0  0  0  1 ] (0.00031412)
[  1  0  0  3  0  0  0  1  0 ] (0.00094226)
[  1  0  0  3  0  0  1  0  0 ] (0.00119569)
[  1  0  0  3  0  1  0  0  0 ] (0.00042545)
[  1  0  0  3  1  0  0  0  0 ] (0.00000195)
[  1  0  0  4  0  0  0  0  0 ] (0.00005832)
[  1  0  1  0  0  0  0  0  0 ] (0.00000050)
[  1  0  1  0  0  0  0  0  1 ] (0.00176885)
[  1  0  1  0  0  0  0  0  2 ] (0.00006727)
[  1  0  1  0  0  0  0  0  3 ] (0.00000374)
[  1  0  1  0  0  0  0  1  0 ] (0.00000065)
[  1  0  1  0  0  0  0  1  1 ] (0.00000002)
[  1  0  1  0  0  0  0  1  2 ] (0.00000168)
[  1  0  1  0  0  0  0  2  0 ] (0.00512488)
[  1  0  1  0  0  0  0  2  1 ] (0.00051561)
[  1  0  1  0  0  0  0  3  0 ] (0.00010145)
[  1  0  1  0  0  0  1  0  0 ] (0.00061155)
[  1  0  1  0  0  0  1  0  1 ] (0.00000177)
[  1  0  1  0  0  0  1  0  2 ] (0.00000181)
[  1  0  1  0  0  0  1  1  0 ] (0.00001639)
[  1  0  1  0  0  0  1  1  1 ] (0.00000005)
[  1  0  1  0  0  0  1  2  0 ] (0.00060884)
[  1  0  1  0  0  0  2  0  0 ] (0.00003075)
[  1  0  1  0  0  0  2  0  1 ] (0.00001260)
[  1  0  1  0  0  0  2  1  0 ] (0.00000166)
[  1  0  1  0  0  0  3  0  0 ] (0.00004111)
[  1  0  1  0  0  1  0  0  0 ] (0.00000773)
[  1  0  1  0  0  1  0  0  1 ] (0.02852472)
[  1  0  1  0  0  1  0  0  2 ] (0.00029135)
[  1  0  1  0  0  1  0  1  0 ] (0.00018510)
[  1  0  1  0  0  1  0  1  1 ] (0.00002587)
[  1  0  1  0  0  1  0  2  0 ] (0.00026044)
[  1  0  1  0  0  1  1  0  0 ] (0.00096244)
[  1  0  1  0  0  1  1  0  1 ] (0.00004079)
[  1  0  1  0  0  1  1  1  0 ] (0.00000025)
[  1  0  1  0  0  1  2  0  0 ] (0.00062963)
[  1  0  1  0  0  2  0  0  0 ] (0.00001376)
[  1  0  1  0  0  2  0  0  1 ] (0.00188605)
[  1  0  1  0  0  2  0  1  0 ] (0.00003899)
[  1  0  1  0  0  2  1  0  0 ] (0.00002576)
[  1  0  1  0  0  3  0  0  0 ] (0.00166287)
[  1  0  1  0  1  0  0  0  0 ] (0.00000012)
[  1  0  1  0  1  0  0  0  1 ] (0.00015347)
[  1  0  1  0  1  0  0  0  2 ] (0.00000701)
[  1  0  1  0  1  0  0  1  0 ] (0.02759727)
[  1  0  1  0  1  0  0  1  1 ] (0.00130434)
[  1  0  1  0  1  0  0  2  0 ] (0.00000054)
[  1  0  1  0  1  0  1  0  0 ] (0.00012626)
[  1  0  1  0  1  0  1  0  1 ] (0.00001623)
[  1  0  1  0  1  0  1  1  0 ] (0.00091062)
[  1  0  1  0  1  0  2  0  0 ] (0.00000893)
[  1  0  1  0  1  1  0  0  0 ] (0.00001538)
[  1  0  1  0  1  1  0  0  1 ] (0.00000137)
[  1  0  1  0  1  1  0  1  0 ] (0.00223148)
[  1  0  1  0  1  1  1  0  0 ] (0.00000124)
[  1  0  1  0  1  2  0  0  0 ] (0.00080745)
[  1  0  1  0  2  0  0  0  0 ] (0.00052258)
[  1  0  1  0  2  0  0  0  1 ] (0.00041553)
[  1  0  1  0  2  0  0  1  0 ] (0.00000092)
[  1  0  1  0  2  0  1  0  0 ] (0.00019164)
[  1  0  1  0  2  1  0  0  0 ] (0.00426443)
[  1  0  1  0  3  0  0  0  0 ] (0.00039277)
[  1  0  1  1  0  0  0  0  0 ] (0.00007469)
[  1  0  1  1  0  0  0  0  1 ] (0.00006797)
[  1  0  1  1  0  0  0  0  2 ] (0.00000004)
[  1  0  1  1  0  0  0  1  0 ] (0.00017982)
[  1  0  1  1  0  0  0  1  1 ] (0.00000684)
[  1  0  1  1  0  0  0  2  0 ] (0.00001049)
[  1  0  1  1  0  0  1  0  0 ] (0.00002890)
[  1  0  1  1  0  0  1  0  1 ] (0.00001501)
[  1  0  1  1  0  0  1  1  0 ] (0.00000012)
[  1  0  1  1  0  0  2  0  0 ] (0.00004530)
[  1  0  1  1  0  1  0  0  0 ] (0.00012718)
[  1  0  1  1  0  1  0  0  1 ] (0.00007803)
[  1  0  1  1  0  1  0  1  0 ] (0.00004611)
[  1  0  1  1  0  1  1  0  0 ] (0.00020047)
[  1  0  1  1  0  2  0  0  0 ] (0.00023717)
[  1  0  1  1  1  0  0  0  0 ] (0.00000506)
[  1  0  1  1  1  0  0  0  1 ] (0.00000514)
[  1  0  1  1  1  0  0  1  0 ] (0.00000647)
[  1  0  1  1  1  0  1  0  0 ] (0.00000806)
[  1  0  1  1  1  1  0  0  0 ] (0.00014667)
[  1  0  1  1  2  0  0  0  0 ] (0.00001046)
[  1  0  1  2  0  0  0  0  0 ] (0.00001244)
[  1  0  1  2  0  0  0  0  1 ] (0.00086432)
[  1  0  1  2  0  0  0  1  0 ] (0.00046356)
[  1  0  1  2  0  0  1  0  0 ] (0.00030887)
[  1  0  1  2  0  1  0  0  0 ] (0.00014408)
[  1  0  1  2  1  0  0  0  0 ] (0.00002520)
[  1  0  1  3  0  0  0  0  0 ] (0.00002556)
[  1  0  2  0  0  0  0  0  0 ] (0.00000459)
[  1  0  2  0  0  0  0  0  1 ] (0.00000230)
[  1  0  2  0  0  0  0  0  2 ] (0.00000619)
[  1  0  2  0  0  0  0  1  0 ] (0.00000359)
[  1  0  2  0  0  0  0  1  1 ] (0.00000242)
[  1  0  2  0  0  0  0  2  0 ] (0.00001563)
[  1  0  2  0  0  0  1  0  0 ] (0.00004228)
[  1  0  2  0  0  0  1  0  1 ] (0.00000191)
[  1  0  2  0  0  0  1  1  0 ] (0.00000304)
[  1  0  2  0  0  0  2  0  0 ] (0.00138630)
[  1  0  2  0  0  1  0  0  0 ] (0.00000251)
[  1  0  2  0  0  1  0  0  1 ] (0.00003266)
[  1  0  2  0  0  1  0  1  0 ] (0.00000650)
[  1  0  2  0  0  1  1  0  0 ] (0.00001231)
[  1  0  2  0  0  2  0  0  0 ] (0.00000231)
[  1  0  2  0  1  0  0  0  0 ] (0.00001426)
[  1  0  2  0  1  0  0  0  1 ] (0.00003138)
[  1  0  2  0  1  0  0  1  0 ] (0.00023317)
[  1  0  2  0  1  0  1  0  0 ] (0.00014227)
[  1  0  2  0  1  1  0  0  0 ] (0.00000835)
[  1  0  2  0  2  0  0  0  0 ] (0.00009431)
[  1  0  2  1  0  0  0  0  0 ] (0.00000692)
[  1  0  2  1  0  0  0  0  1 ] (0.00000645)
[  1  0  2  1  0  0  0  1  0 ] (0.00136515)
[  1  0  2  1  0  0  1  0  0 ] (0.00000627)
[  1  0  2  1  0  1  0  0  0 ] (0.00008244)
[  1  0  2  1  1  0  0  0  0 ] (0.00024694)
[  1  0  2  2  0  0  0  0  0 ] (0.00000099)
[  1  0  3  0  0  0  0  0  0 ] (0.00000850)
[  1  0  3  0  0  0  0  0  1 ] (0.00073659)
[  1  0  3  0  0  0  0  1  0 ] (0.00039266)
[  1  0  3  0  0  0  1  0  0 ] (0.00001557)
[  1  0  3  0  0  1  0  0  0 ] (0.00000012)
[  1  0  3  0  1  0  0  0  0 ] (0.00002892)
[  1  0  3  1  0  0  0  0  0 ] (0.00000033)
[  1  0  4  0  0  0  0  0  0 ] (0.00008377)
[  1  1  0  0  0  0  0  0  0 ] (0.00001524)
[  1  1  0  0  0  0  0  0  1 ] (0.00219226)
[  1  1  0  0  0  0  0  0  2 ] (0.00003968)
[  1  1  0  0  0  0  0  0  3 ] (0.00002465)
[  1  1  0  0  0  0  0  1  0 ] (0.00003949)
[  1  1  0  0  0  0  0  1  1 ] (0.00007369)
[  1  1  0  0  0  0  0  1  2 ] (0.00000209)
[  1  1  0  0  0  0  0  2  0 ] (0.00515760)
[  1  1  0  0  0  0  0  2  1 ] (0.00068116)
[  1  1  0  0  0  0  0  3  0 ] (0.00006109)
[  1  1  0  0  0  0  1  0  0 ] (0.00002884)
[  1  1  0  0  0  0  1  0  1 ] (0.00001259)
[  1  1  0  0  0  0  1  0  2 ] (0.00000295)
[  1  1  0  0  0  0  1  1  0 ] (0.00000232)
[  1  1  0  0  0  0  1  1  1 ] (0.00000816)
[  1  1  0  0  0  0  1  2  0 ] (0.00042172)
[  1  1  0  0  0  0  2  0  0 ] (0.00023790)
[  1  1  0  0  0  0  2  0  1 ] (0.00007300)
[  1  1  0  0  0  0  2  1  0 ] (0.00000889)
[  1  1  0  0  0  0  3  0  0 ] (0.00004305)
[  1  1  0  0  0  1  0  0  0 ] (0.00000884)
[  1  1  0  0  0  1  0  0  1 ] (0.00351119)
[  1  1  0  0  0  1  0  0  2 ] (0.00000988)
[  1  1  0  0  0  1  0  1  0 ] (0.00989605)
[  1  1  0  0  0  1  0  1  1 ] (0.00048494)
[  1  1  0  0  0  1  0  2  0 ] (0.00006686)
[  1  1  0  0  0  1  1  0  0 ] (0.00009287)
[  1  1  0  0  0  1  1  0  1 ] (0.00000526)
[  1  1  0  0  0  1  1  1  0 ] (0.00007268)
[  1  1  0  0  0  1  2  0  0 ] (0.00001314)
[  1  1  0  0  0  2  0  0  0 ] (0.00005002)
[  1  1  0  0  0  2  0  0  1 ] (0.00003519)
[  1  1  0  0  0  2  0  1  0 ] (0.00047204)
[  1  1  0  0  0  2  1  0  0 ] (0.00000000)
[  1  1  0  0  0  3  0  0  0 ] (0.00008612)
[  1  1  0  0  1  0  0  0  0 ] (0.00000731)
[  1  1  0  0  1  0  0  0  1 ] (0.00062031)
[  1  1  0  0  1  0  0  0  2 ] (0.00000652)
[  1  1  0  0  1  0  0  1  0 ] (0.01647687)
[  1  1  0  0  1  0  0  1  1 ] (0.00063693)
[  1  1  0  0  1  0  0  2  0 ] (0.00000001)
[  1  1  0  0  1  0  1  0  0 ] (0.00003057)
[  1  1  0  0  1  0  1  0  1 ] (0.00000072)
[  1  1  0  0  1  0  1  1  0 ] (0.00035395)
[  1  1  0  0  1  0  2  0  0 ] (0.00000837)
[  1  1  0  0  1  1  0  0  0 ] (0.00007333)
[  1  1  0  0  1  1  0  0  1 ] (0.00000430)
[  1  1  0  0  1  1  0  1  0 ] (0.00132680)
[  1  1  0  0  1  1  1  0  0 ] (0.00063443)
[  1  1  0  0  1  2  0  0  0 ] (0.00006715)
[  1  1  0  0  2  0  0  0  0 ] (0.00051641)
[  1  1  0  0  2  0  0  0  1 ] (0.00026698)
[  1  1  0  0  2  0  0  1  0 ] (0.00001230)
[  1  1  0  0  2  0  1  0  0 ] (0.00025816)
[  1  1  0  0  2  1  0  0  0 ] (0.00337314)
[  1  1  0  0  3  0  0  0  0 ] (0.00005951)
[  1  1  0  1  0  0  0  0  0 ] (0.00010817)
[  1  1  0  1  0  0  0  0  1 ] (0.00025087)
[  1  1  0  1  0  0  0  0  2 ] (0.00001695)
[  1  1  0  1  0  0  0  1  0 ] (0.00012770)
[  1  1  0  1  0  0  0  1  1 ] (0.00000625)
[  1  1  0  1  0  0  0  2  0 ] (0.00000990)
[  1  1  0  1  0  0  1  0  0 ] (0.00000131)
[  1  1  0  1  0  0  1  0  1 ] (0.00000023)
[  1  1  0  1  0  0  1  1  0 ] (0.00000238)
[  1  1  0  1  0  0  2  0  0 ] (0.00000121)
[  1  1  0  1  0  1  0  0  0 ] (0.00036383)
[  1  1  0  1  0  1  0  0  1 ] (0.00010303)
[  1  1  0  1  0  1  0  1  0 ] (0.00000946)
[  1  1  0  1  0  1  1  0  0 ] (0.00010524)
[  1  1  0  1  0  2  0  0  0 ] (0.00101470)
[  1  1  0  1  1  0  0  0  0 ] (0.00026451)
[  1  1  0  1  1  0  0  0  1 ] (0.00007948)
[  1  1  0  1  1  0  0  1  0 ] (0.00000097)
[  1  1  0  1  1  0  1  0  0 ] (0.00005188)
[  1  1  0  1  1  1  0  0  0 ] (0.00093166)
[  1  1  0  1  2  0  0  0  0 ] (0.00093956)
[  1  1  0  2  0  0  0  0  0 ] (0.00006954)
[  1  1  0  2  0  0  0  0  1 ] (0.00095601)
[  1  1  0  2  0  0  0  1  0 ] (0.00000670)
[  1  1  0  2  0  0  1  0  0 ] (0.00029996)
[  1  1  0  2  0  1  0  0  0 ] (0.00043988)
[  1  1  0  2  1  0  0  0  0 ] (0.00000123)
[  1  1  0  3  0  0  0  0  0 ] (0.00007242)
[  1  1  1  0  0  0  0  0  0 ] (0.00001142)
[  1  1  1  0  0  0  0  0  1 ] (0.00000050)
[  1  1  1  0  0  0  0  0  2 ] (0.00000328)
[  1  1  1  0  0  0  0  1  0 ] (0.00010476)
[  1  1  1  0  0  0  0  1  1 ] (0.00004278)
[  1  1  1  0  0  0  0  2  0 ] (0.00005767)
[  1  1  1  0  0  0  1  0  0 ] (0.00000367)
[  1  1  1  0  0  0  1  0  1 ] (0.00000099)
[  1  1  1  0  0  0  1  1  0 ] (0.00001031)
[  1  1  1  0  0  0  2  0  0 ] (0.00060577)
[  1  1  1  0  0  1  0  0  0 ] (0.00003376)
[  1  1  1  0  0  1  0  0  1 ] (0.00090908)
[  1  1  1  0  0  1  0  1  0 ] (0.00019093)
[  1  1  1  0  0  1  1  0  0 ] (0.00019495)
[  1  1  1  0  0  2  0  0  0 ] (0.00003660)
[  1  1  1  0  1  0  0  0  0 ] (0.00023804)
[  1  1  1  0  1  0  0  0  1 ] (0.00007435)
[  1  1  1  0  1  0  0  1  0 ] (0.00000408)
[  1  1  1  0  1  0  1  0  0 ] (0.00000526)
[  1  1  1  0  1  1  0  0  0 ] (0.00252041)
[  1  1  1  0  2  0  0  0  0 ] (0.00103411)
[  1  1  1  1  0  0  0  0  0 ] (0.00001751)
[  1  1  1  1  0  0  0  0  1 ] (0.00014630)
[  1  1  1  1  0  0  0  1  0 ] (0.00046981)
[  1  1  1  1  0  0  1  0  0 ] (0.00016004)
[  1  1  1  1  0  1  0  0  0 ] (0.00011041)
[  1  1  1  1  1  0  0  0  0 ] (0.00197027)
[  1  1  1  2  0  0  0  0  0 ] (0.00008166)
[  1  1  2  0  0  0  0  0  0 ] (0.00001218)
[  1  1  2  0  0  0  0  0  1 ] (0.00013394)
[  1  1  2  0  0  0  0  1  0 ] (0.00080261)
[  1  1  2  0  0  0  1  0  0 ] (0.00020746)
[  1  1  2  0  0  1  0  0  0 ] (0.00001226)
[  1  1  2  0  1  0  0  0  0 ] (0.00000872)
[  1  1  2  1  0  0  0  0  0 ] (0.00001034)
[  1  1  3  0  0  0  0  0  0 ] (0.00000036)
[  1  2  0  0  0  0  0  0  0 ] (0.00000216)
[  1  2  0  0  0  0  0  0  1 ] (0.00018025)
[  1  2  0  0  0  0  0  0  2 ] (0.00023723)
[  1  2  0  0  0  0  0  1  0 ] (0.00009974)
[  1  2  0  0  0  0  0  1  1 ] (0.00000594)
[  1  2  0  0  0  0  0  2  0 ] (0.00000067)
[  1  2  0  0  0  0  1  0  0 ] (0.00009142)
[  1  2  0  0  0  0  1  0  1 ] (0.00000961)
[  1  2  0  0  0  0  1  1  0 ] (0.00001454)
[  1  2  0  0  0  0  2  0  0 ] (0.03505023)
[  1  2  0  0  0  1  0  0  0 ] (0.00001792)
[  1  2  0  0  0  1  0  0  1 ] (0.00066367)
[  1  2  0  0  0  1  0  1  0 ] (0.00001150)
[  1  2  0  0  0  1  1  0  0 ] (0.00023183)
[  1  2  0  0  0  2  0  0  0 ] (0.00006709)
[  1  2  0  0  1  0  0  0  0 ] (0.00005811)
[  1  2  0  0  1  0  0  0  1 ] (0.00003558)
[  1  2  0  0  1  0  0  1  0 ] (0.00018095)
[  1  2  0  0  1  0  1  0  0 ] (0.00050937)
[  1  2  0  0  1  1  0  0  0 ] (0.00004906)
[  1  2  0  0  2  0  0  0  0 ] (0.00004457)
[  1  2  0  1  0  0  0  0  0 ] (0.00000583)
[  1  2  0  1  0  0  0  0  1 ] (0.00000611)
[  1  2  0  1  0  0  0  1  0 ] (0.00003271)
[  1  2  0  1  0  0  1  0  0 ] (0.00052758)
[  1  2  0  1  0  1  0  0  0 ] (0.00005567)
[  1  2  0  1  1  0  0  0  0 ] (0.00000007)
[  1  2  0  2  0  0  0  0  0 ] (0.00000026)
[  1  2  1  0  0  0  0  0  0 ] (0.00000983)
[  1  2  1  0  0  0  0  0  1 ] (0.00017567)
[  1  2  1  0  0  0  0  1  0 ] (0.00013415)
[  1  2  1  0  0  0  1  0  0 ] (0.00082792)
[  1  2  1  0  0  1  0  0  0 ] (0.00018085)
[  1  2  1  0  1  0  0  0  0 ] (0.00004685)
[  1  2  1  1  0  0  0  0  0 ] (0.00004495)
[  1  2  2  0  0  0  0  0  0 ] (0.00001939)
[  1  3  0  0  0  0  0  0  0 ] (0.00001163)
[  1  3  0  0  0  0  0  0  1 ] (0.00955289)
[  1  3  0  0  0  0  0  1  0 ] (0.00382144)
[  1  3  0  0  0  0  1  0  0 ] (0.00002057)
[  1  3  0  0  0  1  0  0  0 ] (0.00000009)
[  1  3  0  0  1  0  0  0  0 ] (0.00003226)
[  1  3  0  1  0  0  0  0  0 ] (0.00001209)
[  1  3  1  0  0  0  0  0  0 ] (0.00000556)
[  1  4  0  0  0  0  0  0  0 ] (0.00002236)
[  2  0  0  0  0  0  0  0  0 ] (0.00005862)
[  2  0  0  0  0  0  0  0  1 ] (0.00000631)
[  2  0  0  0  0  0  0  0  2 ] (0.00004778)
[  2  0  0  0  0  0  0  0  3 ] (0.00000000)
[  2  0  0  0  0  0  0  1  0 ] (0.00001244)
[  2  0  0  0  0  0  0  1  1 ] (0.00011291)
[  2  0  0  0  0  0  0  1  2 ] (0.00002227)
[  2  0  0  0  0  0  0  2  0 ] (0.00000892)
[  2  0  0  0  0  0  0  2  1 ] (0.00000002)
[  2  0  0  0  0  0  0  3  0 ] (0.00001473)
[  2  0  0  0  0  0  1  0  0 ] (0.00006606)
[  2  0  0  0  0  0  1  0  1 ] (0.00001865)
[  2  0  0  0  0  0  1  0  2 ] (0.00000128)
[  2  0  0  0  0  0  1  1  0 ] (0.00127746)
[  2  0  0  0  0  0  1  1  1 ] (0.00002359)
[  2  0  0  0  0  0  1  2  0 ] (0.00000126)
[  2  0  0  0  0  0  2  0  0 ] (0.00000396)
[  2  0  0  0  0  0  2  0  1 ] (0.00000094)
[  2  0  0  0  0  0  2  1  0 ] (0.00006149)
[  2  0  0  0  0  0  3  0  0 ] (0.00000001)
[  2  0  0  0  0  1  0  0  0 ] (0.00000716)
[  2  0  0  0  0  1  0  0  1 ] (0.00000002)
[  2  0  0  0  0  1  0  0  2 ] (0.00001974)
[  2  0  0  0  0  1  0  1  0 ] (0.00001624)
[  2  0  0  0  0  1  0  1  1 ] (0.00005517)
[  2  0  0  0  0  1  0  2  0 ] (0.00000317)
[  2  0  0  0  0  1  1  0  0 ] (0.00008492)
[  2  0  0  0  0  1  1  0  1 ] (0.00004356)
[  2  0  0  0  0  1  1  1  0 ] (0.00007397)
[  2  0  0  0  0  1  2  0  0 ] (0.00049395)
[  2  0  0  0  0  2  0  0  0 ] (0.00004610)
[  2  0  0  0  0  2  0  0  1 ] (0.00001364)
[  2  0  0  0  0  2  0  1  0 ] (0.00050538)
[  2  0  0  0  0  2  1  0  0 ] (0.00033466)
[  2  0  0  0  0  3  0  0  0 ] (0.00029088)
[  2  0  0  0  1  0  0  0  0 ] (0.00000985)
[  2  0  0  0  1  0  0  0  1 ] (0.00037319)
[  2  0  0  0  1  0  0  0  2 ] (0.00002990)
[  2  0  0  0  1  0  0  1  0 ] (0.00000034)
[  2  0  0  0  1  0  0  1  1 ] (0.00000894)
[  2  0  0  0  1  0  0  2  0 ] (0.00003346)
[  2  0  0  0  1  0  1  0  0 ] (0.00003446)
[  2  0  0  0  1  0  1  0  1 ] (0.00001914)
[  2  0  0  0  1  0  1  1  0 ] (0.00001023)
[  2  0  0  0  1  0  2  0  0 ] (0.00007988)
[  2  0  0  0  1  1  0  0  0 ] (0.00051447)
[  2  0  0  0  1  1  0  0  1 ] (0.00032029)
[  2  0  0  0  1  1  0  1  0 ] (0.00004891)
[  2  0  0  0  1  1  1  0  0 ] (0.00231890)
[  2  0  0  0  1  2  0  0  0 ] (0.00072046)
[  2  0  0  0  2  0  0  0  0 ] (0.00007779)
[  2  0  0  0  2  0  0  0  1 ] (0.00016982)
[  2  0  0  0  2  0  0  1  0 ] (0.00005172)
[  2  0  0  0  2  0  1  0  0 ] (0.00059190)
[  2  0  0  0  2  1  0  0  0 ] (0.00009386)
[  2  0  0  0  3  0  0  0  0 ] (0.00000683)
[  2  0  0  1  0  0  0  0  0 ] (0.00032020)
[  2  0  0  1  0  0  0  0  1 ] (0.00037240)
[  2  0  0  1  0  0  0  0  2 ] (0.00000460)
[  2  0  0  1  0  0  0  1  0 ] (0.00000299)
[  2  0  0  1  0  0  0  1  1 ] (0.00000002)
[  2  0  0  1  0  0  0  2  0 ] (0.00010803)
[  2  0  0  1  0  0  1  0  0 ] (0.00003014)
[  2  0  0  1  0  0  1  0  1 ] (0.00000191)
[  2  0  0  1  0  0  1  1  0 ] (0.00000202)
[  2  0  0  1  0  0  2  0  0 ] (0.00258699)
[  2  0  0  1  0  1  0  0  0 ] (0.00116344)
[  2  0  0  1  0  1  0  0  1 ] (0.00006773)
[  2  0  0  1  0  1  0  1  0 ] (0.00000372)
[  2  0  0  1  0  1  1  0  0 ] (0.00112503)
[  2  0  0  1  0  2  0  0  0 ] (0.00131430)
[  2  0  0  1  1  0  0  0  0 ] (0.00010611)
[  2  0  0  1  1  0  0  0  1 ] (0.00007190)
[  2  0  0  1  1  0  0  1  0 ] (0.00024770)
[  2  0  0  1  1  0  1  0  0 ] (0.00000206)
[  2  0  0  1  1  1  0  0  0 ] (0.00046248)
[  2  0  0  1  2  0  0  0  0 ] (0.00007532)
[  2  0  0  2  0  0  0  0  0 ] (0.00004263)
[  2  0  0  2  0  0  0  0  1 ] (0.00006585)
[  2  0  0  2  0  0  0  1  0 ] (0.04824270)
[  2  0  0  2  0  0  1  0  0 ] (0.00075736)
[  2  0  0  2  0  1  0  0  0 ] (0.00007397)
[  2  0  0  2  1  0  0  0  0 ] (0.00017279)
[  2  0  0  3  0  0  0  0  0 ] (0.00000016)
[  2  0  1  0  0  0  0  0  0 ] (0.00001688)
[  2  0  1  0  0  0  0  0  1 ] (0.00000041)
[  2  0  1  0  0  0  0  0  2 ] (0.00001814)
[  2  0  1  0  0  0  0  1  0 ] (0.00000917)
[  2  0  1  0  0  0  0  1  1 ] (0.00001940)
[  2  0  1  0  0  0  0  2  0 ] (0.00002779)
[  2  0  1  0  0  0  1  0  0 ] (0.00000545)
[  2  0  1  0  0  0  1  0  1 ] (0.00003412)
[  2  0  1  0  0  0  1  1  0 ] (0.00012517)
[  2  0  1  0  0  0  2  0  0 ] (0.00001473)
[  2  0  1  0  0  1  0  0  0 ] (0.00009387)
[  2  0  1  0  0  1  0  0  1 ] (0.00111603)
[  2  0  1  0  0  1  0  1  0 ] (0.00036915)
[  2  0  1  0  0  1  1  0  0 ] (0.00546549)
[  2  0  1  0  0  2  0  0  0 ] (0.00016208)
[  2  0  1  0  1  0  0  0  0 ] (0.00045565)
[  2  0  1  0  1  0  0  0  1 ] (0.00001139)
[  2  0  1  0  1  0  0  1  0 ] (0.00017862)
[  2  0  1  0  1  0  1  0  0 ] (0.00134307)
[  2  0  1  0  1  1  0  0  0 ] (0.00140191)
[  2  0  1  0  2  0  0  0  0 ] (0.00001442)
[  2  0  1  1  0  0  0  0  0 ] (0.00017836)
[  2  0  1  1  0  0  0  0  1 ] (0.00000194)
[  2  0  1  1  0  0  0  1  0 ] (0.00001223)
[  2  0  1  1  0  0  1  0  0 ] (0.00680022)
[  2  0  1  1  0  1  0  0  0 ] (0.00071999)
[  2  0  1  1  1  0  0  0  0 ] (0.00000838)
[  2  0  1  2  0  0  0  0  0 ] (0.00000003)
[  2  0  2  0  0  0  0  0  0 ] (0.00005970)
[  2  0  2  0  0  0  0  0  1 ] (0.00075895)
[  2  0  2  0  0  0  0  1  0 ] (0.00417791)
[  2  0  2  0  0  0  1  0  0 ] (0.00001265)
[  2  0  2  0  0  1  0  0  0 ] (0.00001866)
[  2  0  2  0  1  0  0  0  0 ] (0.00007297)
[  2  0  2  1  0  0  0  0  0 ] (0.00002343)
[  2  0  3  0  0  0  0  0  0 ] (0.00000015)
[  2  1  0  0  0  0  0  0  0 ] (0.00017069)
[  2  1  0  0  0  0  0  0  1 ] (0.00000327)
[  2  1  0  0  0  0  0  0  2 ] (0.00015522)
[  2  1  0  0  0  0  0  1  0 ] (0.00000697)
[  2  1  0  0  0  0  0  1  1 ] (0.00014768)
[  2  1  0  0  0  0  0  2  0 ] (0.00000297)
[  2  1  0  0  0  0  1  0  0 ] (0.00024595)
[  2  1  0  0  0  0  1  0  1 ] (0.00017533)
[  2  1  0  0  0  0  1  1  0 ] (0.00009620)
[  2  1  0  0  0  0  2  0  0 ] (0.00037502)
[  2  1  0  0  0  1  0  0  0 ] (0.00013081)
[  2  1  0  0  0  1  0  0  1 ] (0.00007107)
[  2  1  0  0  0  1  0  1  0 ] (0.00000068)
[  2  1  0  0  0  1  1  0  0 ] (0.00012601)
[  2  1  0  0  0  2  0  0  0 ] (0.00037211)
[  2  1  0  0  1  0  0  0  0 ] (0.00072794)
[  2  1  0  0  1  0  0  0  1 ] (0.00057893)
[  2  1  0  0  1  0  0  1  0 ] (0.00000092)
[  2  1  0  0  1  0  1  0  0 ] (0.00038970)
[  2  1  0  0  1  1  0  0  0 ] (0.00286512)
[  2  1  0  0  2  0  0  0  0 ] (0.00005256)
[  2  1  0  1  0  0  0  0  0 ] (0.00114443)
[  2  1  0  1  0  0  0  0  1 ] (0.00002542)
[  2  1  0  1  0  0  0  1  0 ] (0.00003497)
[  2  1  0  1  0  0  1  0  0 ] (0.00002118)
[  2  1  0  1  0  1  0  0  0 ] (0.00220553)
[  2  1  0  1  1  0  0  0  0 ] (0.00006089)
[  2  1  0  2  0  0  0  0  0 ] (0.00001340)
[  2  1  1  0  0  0  0  0  0 ] (0.00010187)
[  2  1  1  0  0  0  0  0  1 ] (0.00023086)
[  2  1  1  0  0  0  0  1  0 ] (0.00054186)
[  2  1  1  0  0  0  1  0  0 ] (0.00278024)
[  2  1  1  0  0  1  0  0  0 ] (0.00006688)
[  2  1  1  0  1  0  0  0  0 ] (0.00063368)
[  2  1  1  1  0  0  0  0  0 ] (0.00086874)
[  2  1  2  0  0  0  0  0  0 ] (0.00000054)
[  2  2  0  0  0  0  0  0  0 ] (0.00001738)
[  2  2  0  0  0  0  0  0  1 ] (0.00039037)
[  2  2  0  0  0  0  0  1  0 ] (0.00014832)
[  2  2  0  0  0  0  1  0  0 ] (0.00116506)
[  2  2  0  0  0  1  0  0  0 ] (0.00012546)
[  2  2  0  0  1  0  0  0  0 ] (0.00012770)
[  2  2  0  1  0  0  0  0  0 ] (0.00023438)
[  2  2  1  0  0  0  0  0  0 ] (0.00009745)
[  2  3  0  0  0  0  0  0  0 ] (0.00013880)
[  3  0  0  0  0  0  0  0  0 ] (0.00001922)
[  3  0  0  0  0  0  0  0  1 ] (0.00006099)
[  3  0  0  0  0  0  0  0  2 ] (0.00003133)
[  3  0  0  0  0  0  0  1  0 ] (0.00003561)
[  3  0  0  0  0  0  0  1  1 ] (0.00001203)
[  3  0  0  0  0  0  0  2  0 ] (0.00006523)
[  3  0  0  0  0  0  1  0  0 ] (0.00001231)
[  3  0  0  0  0  0  1  0  1 ] (0.00000837)
[  3  0  0  0  0  0  1  1  0 ] (0.00001210)
[  3  0  0  0  0  0  2  0  0 ] (0.00003432)
[  3  0  0  0  0  1  0  0  0 ] (0.00001182)
[  3  0  0  0  0  1  0  0  1 ] (0.00019017)
[  3  0  0  0  0  1  0  1  0 ] (0.00689567)
[  3  0  0  0  0  1  1  0  0 ] (0.00002078)
[  3  0  0  0  0  2  0  0  0 ] (0.00002142)
[  3  0  0  0  1  0  0  0  0 ] (0.00003497)
[  3  0  0  0  1  0  0  0  1 ] (0.00376786)
[  3  0  0  0  1  0  0  1  0 ] (0.00035319)
[  3  0  0  0  1  0  1  0  0 ] (0.00015451)
[  3  0  0  0  1  1  0  0  0 ] (0.00010417)
[  3  0  0  0  2  0  0  0  0 ] (0.00000065)
[  3  0  0  1  0  0  0  0  0 ] (0.00010374)
[  3  0  0  1  0  0  0  0  1 ] (0.00024308)
[  3  0  0  1  0  0  0  1  0 ] (0.00072219)
[  3  0  0  1  0  0  1  0  0 ] (0.00002953)
[  3  0  0  1  0  1  0  0  0 ] (0.00019217)
[  3  0  0  1  1  0  0  0  0 ] (0.00003735)
[  3  0  0  2  0  0  0  0  0 ] (0.00000789)
[  3  0  1  0  0  0  0  0  0 ] (0.00002614)
[  3  0  1  0  0  0  0  0  1 ] (0.00008509)
[  3  0  1  0  0  0  0  1  0 ] (0.00002363)
[  3  0  1  0  0  0  1  0  0 ] (0.00001930)
[  3  0  1  0  0  1  0  0  0 ] (0.00000206)
[  3  0  1  0  1  0  0  0  0 ] (0.00008067)
[  3  0  1  1  0  0  0  0  0 ] (0.00002516)
[  3  0  2  0  0  0  0  0  0 ] (0.00000156)
[  3  1  0  0  0  0  0  0  0 ] (0.00001872)
[  3  1  0  0  0  0  0  0  1 ] (0.00010678)
[  3  1  0  0  0  0  0  1  0 ] (0.00000524)
[  3  1  0  0  0  0  1  0  0 ] (0.00018612)
[  3  1  0  0  0  1  0  0  0 ] (0.00011566)
[  3  1  0  0  1  0  0  0  0 ] (0.00014973)
[  3  1  0  1  0  0  0  0  0 ] (0.00010956)
[  3  1  1  0  0  0  0  0  0 ] (0.00000632)
[  3  2  0  0  0  0  0  0  0 ] (0.00001202)
[  4  0  0  0  0  0  0  0  0 ] (0.00002260)
[  4  0  0  0  0  0  0  0  1 ] (0.00020909)
[  4  0  0  0  0  0  0  1  0 ] (0.00012058)
[  4  0  0  0  0  0  1  0  0 ] (0.00002590)
[  4  0  0  0  0  1  0  0  0 ] (0.00007766)
[  4  0  0  0  1  0  0  0  0 ] (0.00000089)
[  4  0  0  1  0  0  0  0  0 ] (0.00010750)
[  4  0  1  0  0  0  0  0  0 ] (0.00003057)
[  4  1  0  0  0  0  0  0  0 ] (0.00001364)
[  5  0  0  0  0  0  0  0  0 ] (0.00003140)
