|  -845.489011995375 |   315.402418158702 

[  0  0  0  0  0  0  0  0  0 ] (0.00000023)
[  0  0  0  0  0  0  0  0  1 ] (0.00000366)
[  0  0  0  0  0  0  0  0  2 ] (0.00005480)
[  0  0  0  0  0  0  0  0  3 ] (0.00001014)
[  0  0  0  0  0  0  0  0  4 ] (0.00000512)
[  0  0  0  0  0  0  0  0  5 ] (0.00000186)
[  0  0  0  0  0  0  0  1  0 ] (0.00000028)
[  0  0  0  0  0  0  0  1  1 ] (0.00000007)
[  0  0  0  0  0  0  0  1  2 ] (0.00000292)
[  0  0  0  0  0  0  0  1  3 ] (0.00002131)
[  0  0  0  0  0  0  0  1  4 ] (0.00000020)
[  0  0  0  0  0  0  0  2  0 ] (0.00000080)
[  0  0  0  0  0  0  0  2  1 ] (0.00000637)
[  0  0  0  0  0  0  0  2  2 ] (0.00002811)
[  0  0  0  0  0  0  0  2  3 ] (0.00000002)
[  0  0  0  0  0  0  0  3  0 ] (0.00000670)
[  0  0  0  0  0  0  0  3  1 ] (0.00006547)
[  0  0  0  0  0  0  0  3  2 ] (0.00001486)
[  0  0  0  0  0  0  0  4  0 ] (0.00003656)
[  0  0  0  0  0  0  0  4  1 ] (0.00000098)
[  0  0  0  0  0  0  0  5  0 ] (0.00000010)
[  0  0  0  0  0  0  1  0  0 ] (0.00000206)
[  0  0  0  0  0  0  1  0  1 ] (0.00000912)
[  0  0  0  0  0  0  1  0  2 ] (0.00000267)
[  0  0  0  0  0  0  1  0  3 ] (0.00003747)
[  0  0  0  0  0  0  1  0  4 ] (0.00001252)
[  0  0  0  0  0  0  1  1  0 ] (0.00001590)
[  0  0  0  0  0  0  1  1  1 ] (0.00004319)
[  0  0  0  0  0  0  1  1  2 ] (0.00076469)
[  0  0  0  0  0  0  1  1  3 ] (0.00004527)
[  0  0  0  0  0  0  1  2  0 ] (0.00002778)
[  0  0  0  0  0  0  1  2  1 ] (0.00004348)
[  0  0  0  0  0  0  1  2  2 ] (0.00000260)
[  0  0  0  0  0  0  1  3  0 ] (0.00016815)
[  0  0  0  0  0  0  1  3  1 ] (0.00006155)
[  0  0  0  0  0  0  1  4  0 ] (0.00007069)
[  0  0  0  0  0  0  2  0  0 ] (0.00001452)
[  0  0  0  0  0  0  2  0  1 ] (0.00001076)
[  0  0  0  0  0  0  2  0  2 ] (0.00067632)
[  0  0  0  0  0  0  2  0  3 ] (0.00012970)
[  0  0  0  0  0  0  2  1  0 ] (0.00000325)
[  0  0  0  0  0  0  2  1  1 ] (0.00001105)
[  0  0  0  0  0  0  2  1  2 ] (0.00000220)
[  0  0  0  0  0  0  2  2  0 ] (0.00000350)
[  0  0  0  0  0  0  2  2  1 ] (0.00006955)
[  0  0  0  0  0  0  2  3  0 ] (0.00026893)
[  0  0  0  0  0  0  3  0  0 ] (0.00000041)
[  0  0  0  0  0  0  3  0  1 ] (0.00000939)
[  0  0  0  0  0  0  3  0  2 ] (0.00089413)
[  0  0  0  0  0  0  3  1  0 ] (0.00000723)
[  0  0  0  0  0  0  3  1  1 ] (0.00006370)
[  0  0  0  0  0  0  3  2  0 ] (0.00000245)
[  0  0  0  0  0  0  4  0  0 ] (0.00002440)
[  0  0  0  0  0  0  4  0  1 ] (0.00201699)
[  0  0  0  0  0  0  4  1  0 ] (0.00130839)
[  0  0  0  0  0  0  5  0  0 ] (0.00021140)
[  0  0  0  0  0  1  0  0  0 ] (0.00000472)
[  0  0  0  0  0  1  0  0  1 ] (0.00000042)
[  0  0  0  0  0  1  0  0  2 ] (0.00002321)
[  0  0  0  0  0  1  0  0  3 ] (0.00004755)
[  0  0  0  0  0  1  0  0  4 ] (0.00001227)
[  0  0  0  0  0  1  0  1  0 ] (0.00000127)
[  0  0  0  0  0  1  0  1  1 ] (0.00006399)
[  0  0  0  0  0  1  0  1  2 ] (0.00053247)
[  0  0  0  0  0  1  0  1  3 ] (0.00011737)
[  0  0  0  0  0  1  0  2  0 ] (0.00000161)
[  0  0  0  0  0  1  0  2  1 ] (0.00000974)
[  0  0  0  0  0  1  0  2  2 ] (0.00002202)
[  0  0  0  0  0  1  0  3  0 ] (0.00000943)
[  0  0  0  0  0  1  0  3  1 ] (0.00000901)
[  0  0  0  0  0  1  0  4  0 ] (0.00000969)
[  0  0  0  0  0  1  1  0  0 ] (0.00001410)
[  0  0  0  0  0  1  1  0  1 ] (0.00000152)
[  0  0  0  0  0  1  1  0  2 ] (0.00036499)
[  0  0  0  0  0  1  1  0  3 ] (0.00028772)
[  0  0  0  0  0  1  1  1  0 ] (0.00009786)
[  0  0  0  0  0  1  1  1  1 ] (0.00008618)
[  0  0  0  0  0  1  1  1  2 ] (0.00013448)
[  0  0  0  0  0  1  1  2  0 ] (0.00000148)
[  0  0  0  0  0  1  1  2  1 ] (0.00000385)
[  0  0  0  0  0  1  1  3  0 ] (0.00068017)
[  0  0  0  0  0  1  2  0  0 ] (0.00000732)
[  0  0  0  0  0  1  2  0  1 ] (0.00038423)
[  0  0  0  0  0  1  2  0  2 ] (0.00242846)
[  0  0  0  0  0  1  2  1  0 ] (0.00000380)
[  0  0  0  0  0  1  2  1  1 ] (0.00030321)
[  0  0  0  0  0  1  2  2  0 ] (0.00011122)
[  0  0  0  0  0  1  3  0  0 ] (0.00010322)
[  0  0  0  0  0  1  3  0  1 ] (0.00226250)
[  0  0  0  0  0  1  3  1  0 ] (0.00003495)
[  0  0  0  0  0  1  4  0  0 ] (0.00163991)
[  0  0  0  0  0  2  0  0  0 ] (0.00000061)
[  0  0  0  0  0  2  0  0  1 ] (0.00000008)
[  0  0  0  0  0  2  0  0  2 ] (0.00000012)
[  0  0  0  0  0  2  0  0  3 ] (0.01567557)
[  0  0  0  0  0  2  0  1  0 ] (0.00000086)
[  0  0  0  0  0  2  0  1  1 ] (0.00000437)
[  0  0  0  0  0  2  0  1  2 ] (0.00014712)
[  0  0  0  0  0  2  0  2  0 ] (0.00015570)
[  0  0  0  0  0  2  0  2  1 ] (0.00000738)
[  0  0  0  0  0  2  0  3  0 ] (0.00001219)
[  0  0  0  0  0  2  1  0  0 ] (0.00000102)
[  0  0  0  0  0  2  1  0  1 ] (0.00000670)
[  0  0  0  0  0  2  1  0  2 ] (0.00047014)
[  0  0  0  0  0  2  1  1  0 ] (0.00003492)
[  0  0  0  0  0  2  1  1  1 ] (0.00000479)
[  0  0  0  0  0  2  1  2  0 ] (0.00144861)
[  0  0  0  0  0  2  2  0  0 ] (0.00000008)
[  0  0  0  0  0  2  2  0  1 ] (0.00009508)
[  0  0  0  0  0  2  2  1  0 ] (0.00005074)
[  0  0  0  0  0  2  3  0  0 ] (0.00000051)
[  0  0  0  0  0  3  0  0  0 ] (0.00000101)
[  0  0  0  0  0  3  0  0  1 ] (0.00000082)
[  0  0  0  0  0  3  0  0  2 ] (0.00000015)
[  0  0  0  0  0  3  0  1  0 ] (0.00021954)
[  0  0  0  0  0  3  0  1  1 ] (0.00654583)
[  0  0  0  0  0  3  0  2  0 ] (0.00000199)
[  0  0  0  0  0  3  1  0  0 ] (0.00000726)
[  0  0  0  0  0  3  1  0  1 ] (0.00003756)
[  0  0  0  0  0  3  1  1  0 ] (0.00017809)
[  0  0  0  0  0  3  2  0  0 ] (0.00005355)
[  0  0  0  0  0  4  0  0  0 ] (0.00000827)
[  0  0  0  0  0  4  0  0  1 ] (0.00005578)
[  0  0  0  0  0  4  0  1  0 ] (0.00000005)
[  0  0  0  0  0  4  1  0  0 ] (0.00000065)
[  0  0  0  0  0  5  0  0  0 ] (0.00001204)
[  0  0  0  0  1  0  0  0  0 ] (0.00000327)
[  0  0  0  0  1  0  0  0  1 ] (0.00000117)
[  0  0  0  0  1  0  0  0  2 ] (0.00000323)
[  0  0  0  0  1  0  0  0  3 ] (0.00033153)
[  0  0  0  0  1  0  0  0  4 ] (0.00030640)
[  0  0  0  0  1  0  0  1  0 ] (0.00000119)
[  0  0  0  0  1  0  0  1  1 ] (0.00000218)
[  0  0  0  0  1  0  0  1  2 ] (0.00006327)
[  0  0  0  0  1  0  0  1  3 ] (0.00001035)
[  0  0  0  0  1  0  0  2  0 ] (0.00003849)
[  0  0  0  0  1  0  0  2  1 ] (0.00001133)
[  0  0  0  0  1  0  0  2  2 ] (0.00004225)
[  0  0  0  0  1  0  0  3  0 ] (0.00004633)
[  0  0  0  0  1  0  0  3  1 ] (0.00026160)
[  0  0  0  0  1  0  0  4  0 ] (0.00008416)
[  0  0  0  0  1  0  1  0  0 ] (0.00008708)
[  0  0  0  0  1  0  1  0  1 ] (0.00020560)
[  0  0  0  0  1  0  1  0  2 ] (0.00262491)
[  0  0  0  0  1  0  1  0  3 ] (0.00161377)
[  0  0  0  0  1  0  1  1  0 ] (0.00005428)
[  0  0  0  0  1  0  1  1  1 ] (0.00020728)
[  0  0  0  0  1  0  1  1  2 ] (0.00001691)
[  0  0  0  0  1  0  1  2  0 ] (0.00045427)
[  0  0  0  0  1  0  1  2  1 ] (0.00033272)
[  0  0  0  0  1  0  1  3  0 ] (0.00187203)
[  0  0  0  0  1  0  2  0  0 ] (0.00007200)
[  0  0  0  0  1  0  2  0  1 ] (0.00009120)
[  0  0  0  0  1  0  2  0  2 ] (0.00243845)
[  0  0  0  0  1  0  2  1  0 ] (0.00000268)
[  0  0  0  0  1  0  2  1  1 ] (0.00004190)
[  0  0  0  0  1  0  2  2  0 ] (0.00348798)
[  0  0  0  0  1  0  3  0  0 ] (0.00035620)
[  0  0  0  0  1  0  3  0  1 ] (0.00592971)
[  0  0  0  0  1  0  3  1  0 ] (0.00013135)
[  0  0  0  0  1  0  4  0  0 ] (0.01944711)
[  0  0  0  0  1  1  0  0  0 ] (0.00001151)
[  0  0  0  0  1  1  0  0  1 ] (0.00000561)
[  0  0  0  0  1  1  0  0  2 ] (0.00002455)
[  0  0  0  0  1  1  0  0  3 ] (0.00405785)
[  0  0  0  0  1  1  0  1  0 ] (0.00000605)
[  0  0  0  0  1  1  0  1  1 ] (0.00002577)
[  0  0  0  0  1  1  0  1  2 ] (0.00000141)
[  0  0  0  0  1  1  0  2  0 ] (0.00000030)
[  0  0  0  0  1  1  0  2  1 ] (0.00004250)
[  0  0  0  0  1  1  0  3  0 ] (0.00035556)
[  0  0  0  0  1  1  1  0  0 ] (0.00000777)
[  0  0  0  0  1  1  1  0  1 ] (0.00006502)
[  0  0  0  0  1  1  1  0  2 ] (0.00157253)
[  0  0  0  0  1  1  1  1  0 ] (0.00001481)
[  0  0  0  0  1  1  1  1  1 ] (0.00003094)
[  0  0  0  0  1  1  1  2  0 ] (0.00006202)
[  0  0  0  0  1  1  2  0  0 ] (0.00203180)
[  0  0  0  0  1  1  2  0  1 ] (0.01452251)
[  0  0  0  0  1  1  2  1  0 ] (0.00092849)
[  0  0  0  0  1  1  3  0  0 ] (0.00023590)
[  0  0  0  0  1  2  0  0  0 ] (0.00000125)
[  0  0  0  0  1  2  0  0  1 ] (0.00000965)
[  0  0  0  0  1  2  0  0  2 ] (0.00000747)
[  0  0  0  0  1  2  0  1  0 ] (0.00005607)
[  0  0  0  0  1  2  0  1  1 ] (0.00177738)
[  0  0  0  0  1  2  0  2  0 ] (0.00000046)
[  0  0  0  0  1  2  1  0  0 ] (0.00001410)
[  0  0  0  0  1  2  1  0  1 ] (0.00056862)
[  0  0  0  0  1  2  1  1  0 ] (0.00006335)
[  0  0  0  0  1  2  2  0  0 ] (0.00020278)
[  0  0  0  0  1  3  0  0  0 ] (0.00000005)
[  0  0  0  0  1  3  0  0  1 ] (0.00000215)
[  0  0  0  0  1  3  0  1  0 ] (0.00000449)
[  0  0  0  0  1  3  1  0  0 ] (0.00004114)
[  0  0  0  0  1  4  0  0  0 ] (0.00000208)
[  0  0  0  0  2  0  0  0  0 ] (0.00000138)
[  0  0  0  0  2  0  0  0  1 ] (0.00002602)
[  0  0  0  0  2  0  0  0  2 ] (0.00003252)
[  0  0  0  0  2  0  0  0  3 ] (0.00059185)
[  0  0  0  0  2  0  0  1  0 ] (0.00000409)
[  0  0  0  0  2  0  0  1  1 ] (0.00018660)
[  0  0  0  0  2  0  0  1  2 ] (0.00023864)
[  0  0  0  0  2  0  0  2  0 ] (0.00007612)
[  0  0  0  0  2  0  0  2  1 ] (0.00019220)
[  0  0  0  0  2  0  0  3  0 ] (0.00000059)
[  0  0  0  0  2  0  1  0  0 ] (0.00000634)
[  0  0  0  0  2  0  1  0  1 ] (0.00019552)
[  0  0  0  0  2  0  1  0  2 ] (0.00101245)
[  0  0  0  0  2  0  1  1  0 ] (0.00039697)
[  0  0  0  0  2  0  1  1  1 ] (0.00041152)
[  0  0  0  0  2  0  1  2  0 ] (0.00000235)
[  0  0  0  0  2  0  2  0  0 ] (0.00007717)
[  0  0  0  0  2  0  2  0  1 ] (0.00088066)
[  0  0  0  0  2  0  2  1  0 ] (0.00299810)
[  0  0  0  0  2  0  3  0  0 ] (0.00006185)
[  0  0  0  0  2  1  0  0  0 ] (0.00000047)
[  0  0  0  0  2  1  0  0  1 ] (0.00000087)
[  0  0  0  0  2  1  0  0  2 ] (0.00000023)
[  0  0  0  0  2  1  0  1  0 ] (0.00031337)
[  0  0  0  0  2  1  0  1  1 ] (0.00007289)
[  0  0  0  0  2  1  0  2  0 ] (0.00006689)
[  0  0  0  0  2  1  1  0  0 ] (0.00001153)
[  0  0  0  0  2  1  1  0  1 ] (0.00000855)
[  0  0  0  0  2  1  1  1  0 ] (0.00437285)
[  0  0  0  0  2  1  2  0  0 ] (0.00000111)
[  0  0  0  0  2  2  0  0  0 ] (0.00000191)
[  0  0  0  0  2  2  0  0  1 ] (0.00000635)
[  0  0  0  0  2  2  0  1  0 ] (0.00000922)
[  0  0  0  0  2  2  1  0  0 ] (0.00000729)
[  0  0  0  0  2  3  0  0  0 ] (0.00000020)
[  0  0  0  0  3  0  0  0  0 ] (0.00000007)
[  0  0  0  0  3  0  0  0  1 ] (0.00003477)
[  0  0  0  0  3  0  0  0  2 ] (0.00020707)
[  0  0  0  0  3  0  0  1  0 ] (0.00000042)
[  0  0  0  0  3  0  0  1  1 ] (0.00000360)
[  0  0  0  0  3  0  0  2  0 ] (0.00000169)
[  0  0  0  0  3  0  1  0  0 ] (0.00000712)
[  0  0  0  0  3  0  1  0  1 ] (0.00005667)
[  0  0  0  0  3  0  1  1  0 ] (0.00020059)
[  0  0  0  0  3  0  2  0  0 ] (0.00005483)
[  0  0  0  0  3  1  0  0  0 ] (0.00000271)
[  0  0  0  0  3  1  0  0  1 ] (0.00000007)
[  0  0  0  0  3  1  0  1  0 ] (0.00001467)
[  0  0  0  0  3  1  1  0  0 ] (0.00004963)
[  0  0  0  0  3  2  0  0  0 ] (0.00000463)
[  0  0  0  0  4  0  0  0  0 ] (0.00004893)
[  0  0  0  0  4  0  0  0  1 ] (0.00007331)
[  0  0  0  0  4  0  0  1  0 ] (0.00000324)
[  0  0  0  0  4  0  1  0  0 ] (0.00014856)
[  0  0  0  0  4  1  0  0  0 ] (0.00007023)
[  0  0  0  0  5  0  0  0  0 ] (0.00001040)
[  0  0  0  1  0  0  0  0  0 ] (0.00000000)
[  0  0  0  1  0  0  0  0  1 ] (0.00000413)
[  0  0  0  1  0  0  0  0  2 ] (0.00001178)
[  0  0  0  1  0  0  0  0  3 ] (0.00000638)
[  0  0  0  1  0  0  0  0  4 ] (0.00011082)
[  0  0  0  1  0  0  0  1  0 ] (0.00000223)
[  0  0  0  1  0  0  0  1  1 ] (0.00012645)
[  0  0  0  1  0  0  0  1  2 ] (0.00075329)
[  0  0  0  1  0  0  0  1  3 ] (0.00005966)
[  0  0  0  1  0  0  0  2  0 ] (0.00003550)
[  0  0  0  1  0  0  0  2  1 ] (0.00000380)
[  0  0  0  1  0  0  0  2  2 ] (0.00059915)
[  0  0  0  1  0  0  0  3  0 ] (0.00000539)
[  0  0  0  1  0  0  0  3  1 ] (0.00002042)
[  0  0  0  1  0  0  0  4  0 ] (0.00028680)
[  0  0  0  1  0  0  1  0  0 ] (0.00000012)
[  0  0  0  1  0  0  1  0  1 ] (0.00011889)
[  0  0  0  1  0  0  1  0  2 ] (0.00090219)
[  0  0  0  1  0  0  1  0  3 ] (0.00014018)
[  0  0  0  1  0  0  1  1  0 ] (0.00022604)
[  0  0  0  1  0  0  1  1  1 ] (0.00250915)
[  0  0  0  1  0  0  1  1  2 ] (0.00076805)
[  0  0  0  1  0  0  1  2  0 ] (0.00020893)
[  0  0  0  1  0  0  1  2  1 ] (0.00030648)
[  0  0  0  1  0  0  1  3  0 ] (0.00020563)
[  0  0  0  1  0  0  2  0  0 ] (0.00006427)
[  0  0  0  1  0  0  2  0  1 ] (0.00038076)
[  0  0  0  1  0  0  2  0  2 ] (0.00683364)
[  0  0  0  1  0  0  2  1  0 ] (0.00011605)
[  0  0  0  1  0  0  2  1  1 ] (0.00021455)
[  0  0  0  1  0  0  2  2  0 ] (0.01481071)
[  0  0  0  1  0  0  3  0  0 ] (0.00001252)
[  0  0  0  1  0  0  3  0  1 ] (0.00000428)
[  0  0  0  1  0  0  3  1  0 ] (0.00020094)
[  0  0  0  1  0  0  4  0  0 ] (0.00081793)
[  0  0  0  1  0  1  0  0  0 ] (0.00000131)
[  0  0  0  1  0  1  0  0  1 ] (0.00001427)
[  0  0  0  1  0  1  0  0  2 ] (0.00000071)
[  0  0  0  1  0  1  0  0  3 ] (0.00544164)
[  0  0  0  1  0  1  0  1  0 ] (0.00001853)
[  0  0  0  1  0  1  0  1  1 ] (0.00056999)
[  0  0  0  1  0  1  0  1  2 ] (0.00009295)
[  0  0  0  1  0  1  0  2  0 ] (0.00000007)
[  0  0  0  1  0  1  0  2  1 ] (0.00003011)
[  0  0  0  1  0  1  0  3  0 ] (0.00000895)
[  0  0  0  1  0  1  1  0  0 ] (0.00005539)
[  0  0  0  1  0  1  1  0  1 ] (0.00071883)
[  0  0  0  1  0  1  1  0  2 ] (0.03914220)
[  0  0  0  1  0  1  1  1  0 ] (0.00019692)
[  0  0  0  1  0  1  1  1  1 ] (0.00156611)
[  0  0  0  1  0  1  1  2  0 ] (0.00003888)
[  0  0  0  1  0  1  2  0  0 ] (0.00003969)
[  0  0  0  1  0  1  2  0  1 ] (0.00040984)
[  0  0  0  1  0  1  2  1  0 ] (0.00018025)
[  0  0  0  1  0  1  3  0  0 ] (0.00000000)
[  0  0  0  1  0  2  0  0  0 ] (0.00000020)
[  0  0  0  1  0  2  0  0  1 ] (0.00001162)
[  0  0  0  1  0  2  0  0  2 ] (0.00000002)
[  0  0  0  1  0  2  0  1  0 ] (0.00006617)
[  0  0  0  1  0  2  0  1  1 ] (0.00086436)
[  0  0  0  1  0  2  0  2  0 ] (0.00000028)
[  0  0  0  1  0  2  1  0  0 ] (0.00002016)
[  0  0  0  1  0  2  1  0  1 ] (0.00001714)
[  0  0  0  1  0  2  1  1  0 ] (0.00010429)
[  0  0  0  1  0  2  2  0  0 ] (0.00000441)
[  0  0  0  1  0  3  0  0  0 ] (0.00000368)
[  0  0  0  1  0  3  0  0  1 ] (0.00012769)
[  0  0  0  1  0  3  0  1  0 ] (0.00000302)
[  0  0  0  1  0  3  1  0  0 ] (0.00009423)
[  0  0  0  1  0  4  0  0  0 ] (0.00000314)
[  0  0  0  1  1  0  0  0  0 ] (0.00002085)
[  0  0  0  1  1  0  0  0  1 ] (0.00007005)
[  0  0  0  1  1  0  0  0  2 ] (0.00016949)
[  0  0  0  1  1  0  0  0  3 ] (0.00974440)
[  0  0  0  1  1  0  0  1  0 ] (0.00001176)
[  0  0  0  1  1  0  0  1  1 ] (0.00012112)
[  0  0  0  1  1  0  0  1  2 ] (0.00000714)
[  0  0  0  1  1  0  0  2  0 ] (0.00000018)
[  0  0  0  1  1  0  0  2  1 ] (0.00096616)
[  0  0  0  1  1  0  0  3  0 ] (0.00005052)
[  0  0  0  1  1  0  1  0  0 ] (0.00002825)
[  0  0  0  1  1  0  1  0  1 ] (0.00071296)
[  0  0  0  1  1  0  1  0  2 ] (0.01340566)
[  0  0  0  1  1  0  1  1  0 ] (0.00009481)
[  0  0  0  1  1  0  1  1  1 ] (0.00013354)
[  0  0  0  1  1  0  1  2  0 ] (0.00122773)
[  0  0  0  1  1  0  2  0  0 ] (0.00251618)
[  0  0  0  1  1  0  2  0  1 ] (0.01843414)
[  0  0  0  1  1  0  2  1  0 ] (0.00070794)
[  0  0  0  1  1  0  3  0  0 ] (0.00033668)
[  0  0  0  1  1  1  0  0  0 ] (0.00001253)
[  0  0  0  1  1  1  0  0  1 ] (0.00040442)
[  0  0  0  1  1  1  0  0  2 ] (0.00057457)
[  0  0  0  1  1  1  0  1  0 ] (0.00002379)
[  0  0  0  1  1  1  0  1  1 ] (0.00373804)
[  0  0  0  1  1  1  0  2  0 ] (0.00012486)
[  0  0  0  1  1  1  1  0  0 ] (0.00057968)
[  0  0  0  1  1  1  1  0  1 ] (0.01423427)
[  0  0  0  1  1  1  1  1  0 ] (0.00000072)
[  0  0  0  1  1  1  2  0  0 ] (0.00053081)
[  0  0  0  1  1  2  0  0  0 ] (0.00001015)
[  0  0  0  1  1  2  0  0  1 ] (0.00024540)
[  0  0  0  1  1  2  0  1  0 ] (0.00000758)
[  0  0  0  1  1  2  1  0  0 ] (0.00012478)
[  0  0  0  1  1  3  0  0  0 ] (0.00000621)
[  0  0  0  1  2  0  0  0  0 ] (0.00000651)
[  0  0  0  1  2  0  0  0  1 ] (0.00000330)
[  0  0  0  1  2  0  0  0  2 ] (0.00001028)
[  0  0  0  1  2  0  0  1  0 ] (0.00009700)
[  0  0  0  1  2  0  0  1  1 ] (0.00006224)
[  0  0  0  1  2  0  0  2  0 ] (0.00016641)
[  0  0  0  1  2  0  1  0  0 ] (0.00012690)
[  0  0  0  1  2  0  1  0  1 ] (0.00052938)
[  0  0  0  1  2  0  1  1  0 ] (0.00051809)
[  0  0  0  1  2  0  2  0  0 ] (0.00001819)
[  0  0  0  1  2  1  0  0  0 ] (0.00001089)
[  0  0  0  1  2  1  0  0  1 ] (0.00001542)
[  0  0  0  1  2  1  0  1  0 ] (0.00003627)
[  0  0  0  1  2  1  1  0  0 ] (0.00011505)
[  0  0  0  1  2  2  0  0  0 ] (0.00000359)
[  0  0  0  1  3  0  0  0  0 ] (0.00000091)
[  0  0  0  1  3  0  0  0  1 ] (0.00003727)
[  0  0  0  1  3  0  0  1  0 ] (0.00000391)
[  0  0  0  1  3  0  1  0  0 ] (0.00000049)
[  0  0  0  1  3  1  0  0  0 ] (0.00000054)
[  0  0  0  1  4  0  0  0  0 ] (0.00000467)
[  0  0  0  2  0  0  0  0  0 ] (0.00000015)
[  0  0  0  2  0  0  0  0  1 ] (0.00001617)
[  0  0  0  2  0  0  0  0  2 ] (0.00000136)
[  0  0  0  2  0  0  0  0  3 ] (0.00007179)
[  0  0  0  2  0  0  0  1  0 ] (0.00000002)
[  0  0  0  2  0  0  0  1  1 ] (0.00002639)
[  0  0  0  2  0  0  0  1  2 ] (0.00021158)
[  0  0  0  2  0  0  0  2  0 ] (0.00010705)
[  0  0  0  2  0  0  0  2  1 ] (0.00016827)
[  0  0  0  2  0  0  0  3  0 ] (0.00000576)
[  0  0  0  2  0  0  1  0  0 ] (0.00000850)
[  0  0  0  2  0  0  1  0  1 ] (0.00018506)
[  0  0  0  2  0  0  1  0  2 ] (0.00000556)
[  0  0  0  2  0  0  1  1  0 ] (0.00000496)
[  0  0  0  2  0  0  1  1  1 ] (0.00000002)
[  0  0  0  2  0  0  1  2  0 ] (0.00037686)
[  0  0  0  2  0  0  2  0  0 ] (0.00000085)
[  0  0  0  2  0  0  2  0  1 ] (0.00007937)
[  0  0  0  2  0  0  2  1  0 ] (0.00000084)
[  0  0  0  2  0  0  3  0  0 ] (0.00000036)
[  0  0  0  2  0  1  0  0  0 ] (0.00000000)
[  0  0  0  2  0  1  0  0  1 ] (0.00001208)
[  0  0  0  2  0  1  0  0  2 ] (0.00000015)
[  0  0  0  2  0  1  0  1  0 ] (0.00000004)
[  0  0  0  2  0  1  0  1  1 ] (0.00018068)
[  0  0  0  2  0  1  0  2  0 ] (0.00000240)
[  0  0  0  2  0  1  1  0  0 ] (0.00001676)
[  0  0  0  2  0  1  1  0  1 ] (0.00035809)
[  0  0  0  2  0  1  1  1  0 ] (0.00001320)
[  0  0  0  2  0  1  2  0  0 ] (0.00000023)
[  0  0  0  2  0  2  0  0  0 ] (0.00000030)
[  0  0  0  2  0  2  0  0  1 ] (0.00001226)
[  0  0  0  2  0  2  0  1  0 ] (0.00000041)
[  0  0  0  2  0  2  1  0  0 ] (0.00000299)
[  0  0  0  2  0  3  0  0  0 ] (0.00000025)
[  0  0  0  2  1  0  0  0  0 ] (0.00000099)
[  0  0  0  2  1  0  0  0  1 ] (0.00000093)
[  0  0  0  2  1  0  0  0  2 ] (0.00000726)
[  0  0  0  2  1  0  0  1  0 ] (0.00002344)
[  0  0  0  2  1  0  0  1  1 ] (0.00025676)
[  0  0  0  2  1  0  0  2  0 ] (0.00000499)
[  0  0  0  2  1  0  1  0  0 ] (0.00002470)
[  0  0  0  2  1  0  1  0  1 ] (0.00036376)
[  0  0  0  2  1  0  1  1  0 ] (0.00000997)
[  0  0  0  2  1  0  2  0  0 ] (0.00012631)
[  0  0  0  2  1  1  0  0  0 ] (0.00000000)
[  0  0  0  2  1  1  0  0  1 ] (0.00000370)
[  0  0  0  2  1  1  0  1  0 ] (0.00003134)
[  0  0  0  2  1  1  1  0  0 ] (0.00000870)
[  0  0  0  2  1  2  0  0  0 ] (0.00000091)
[  0  0  0  2  2  0  0  0  0 ] (0.00000001)
[  0  0  0  2  2  0  0  0  1 ] (0.00000669)
[  0  0  0  2  2  0  0  1  0 ] (0.00003288)
[  0  0  0  2  2  0  1  0  0 ] (0.00000000)
[  0  0  0  2  2  1  0  0  0 ] (0.00000002)
[  0  0  0  2  3  0  0  0  0 ] (0.00000051)
[  0  0  0  3  0  0  0  0  0 ] (0.00000058)
[  0  0  0  3  0  0  0  0  1 ] (0.00001485)
[  0  0  0  3  0  0  0  0  2 ] (0.00000957)
[  0  0  0  3  0  0  0  1  0 ] (0.00000355)
[  0  0  0  3  0  0  0  1  1 ] (0.00002642)
[  0  0  0  3  0  0  0  2  0 ] (0.00000212)
[  0  0  0  3  0  0  1  0  0 ] (0.00000300)
[  0  0  0  3  0  0  1  0  1 ] (0.00015585)
[  0  0  0  3  0  0  1  1  0 ] (0.00002845)
[  0  0  0  3  0  0  2  0  0 ] (0.00000860)
[  0  0  0  3  0  1  0  0  0 ] (0.00000232)
[  0  0  0  3  0  1  0  0  1 ] (0.00000001)
[  0  0  0  3  0  1  0  1  0 ] (0.00000256)
[  0  0  0  3  0  1  1  0  0 ] (0.00000000)
[  0  0  0  3  0  2  0  0  0 ] (0.00000007)
[  0  0  0  3  1  0  0  0  0 ] (0.00000596)
[  0  0  0  3  1  0  0  0  1 ] (0.00006200)
[  0  0  0  3  1  0  0  1  0 ] (0.00000002)
[  0  0  0  3  1  0  1  0  0 ] (0.00001383)
[  0  0  0  3  1  1  0  0  0 ] (0.00000148)
[  0  0  0  3  2  0  0  0  0 ] (0.00000056)
[  0  0  0  4  0  0  0  0  0 ] (0.00000014)
[  0  0  0  4  0  0  0  0  1 ] (0.00000768)
[  0  0  0  4  0  0  0  1  0 ] (0.00000215)
[  0  0  0  4  0  0  1  0  0 ] (0.00000327)
[  0  0  0  4  0  1  0  0  0 ] (0.00000013)
[  0  0  0  4  1  0  0  0  0 ] (0.00000981)
[  0  0  0  5  0  0  0  0  0 ] (0.00000127)
[  0  0  1  0  0  0  0  0  0 ] (0.00000186)
[  0  0  1  0  0  0  0  0  1 ] (0.00000096)
[  0  0  1  0  0  0  0  0  2 ] (0.00001693)
[  0  0  1  0  0  0  0  0  3 ] (0.00012090)
[  0  0  1  0  0  0  0  0  4 ] (0.00006111)
[  0  0  1  0  0  0  0  1  0 ] (0.00003502)
[  0  0  1  0  0  0  0  1  1 ] (0.00025356)
[  0  0  1  0  0  0  0  1  2 ] (0.00000036)
[  0  0  1  0  0  0  0  1  3 ] (0.00055183)
[  0  0  1  0  0  0  0  2  0 ] (0.00005666)
[  0  0  1  0  0  0  0  2  1 ] (0.00005225)
[  0  0  1  0  0  0  0  2  2 ] (0.00182595)
[  0  0  1  0  0  0  0  3  0 ] (0.00000347)
[  0  0  1  0  0  0  0  3  1 ] (0.00080753)
[  0  0  1  0  0  0  0  4  0 ] (0.00685070)
[  0  0  1  0  0  0  1  0  0 ] (0.00000831)
[  0  0  1  0  0  0  1  0  1 ] (0.00014655)
[  0  0  1  0  0  0  1  0  2 ] (0.00042581)
[  0  0  1  0  0  0  1  0  3 ] (0.00000047)
[  0  0  1  0  0  0  1  1  0 ] (0.00009548)
[  0  0  1  0  0  0  1  1  1 ] (0.00029230)
[  0  0  1  0  0  0  1  1  2 ] (0.00019753)
[  0  0  1  0  0  0  1  2  0 ] (0.00003844)
[  0  0  1  0  0  0  1  2  1 ] (0.00005094)
[  0  0  1  0  0  0  1  3  0 ] (0.00267004)
[  0  0  1  0  0  0  2  0  0 ] (0.00009369)
[  0  0  1  0  0  0  2  0  1 ] (0.00062138)
[  0  0  1  0  0  0  2  0  2 ] (0.00905300)
[  0  0  1  0  0  0  2  1  0 ] (0.00000803)
[  0  0  1  0  0  0  2  1  1 ] (0.00000624)
[  0  0  1  0  0  0  2  2  0 ] (0.00183210)
[  0  0  1  0  0  0  3  0  0 ] (0.00000011)
[  0  0  1  0  0  0  3  0  1 ] (0.00007241)
[  0  0  1  0  0  0  3  1  0 ] (0.00261039)
[  0  0  1  0  0  0  4  0  0 ] (0.00019005)
[  0  0  1  0  0  1  0  0  0 ] (0.00000285)
[  0  0  1  0  0  1  0  0  1 ] (0.00000532)
[  0  0  1  0  0  1  0  0  2 ] (0.00001177)
[  0  0  1  0  0  1  0  0  3 ] (0.00333888)
[  0  0  1  0  0  1  0  1  0 ] (0.00000760)
[  0  0  1  0  0  1  0  1  1 ] (0.00002076)
[  0  0  1  0  0  1  0  1  2 ] (0.00023603)
[  0  0  1  0  0  1  0  2  0 ] (0.00003549)
[  0  0  1  0  0  1  0  2  1 ] (0.00164682)
[  0  0  1  0  0  1  0  3  0 ] (0.00003838)
[  0  0  1  0  0  1  1  0  0 ] (0.00006657)
[  0  0  1  0  0  1  1  0  1 ] (0.00165564)
[  0  0  1  0  0  1  1  0  2 ] (0.01455349)
[  0  0  1  0  0  1  1  1  0 ] (0.00000011)
[  0  0  1  0  0  1  1  1  1 ] (0.00012238)
[  0  0  1  0  0  1  1  2  0 ] (0.00338939)
[  0  0  1  0  0  1  2  0  0 ] (0.00008996)
[  0  0  1  0  0  1  2  0  1 ] (0.00008053)
[  0  0  1  0  0  1  2  1  0 ] (0.00002155)
[  0  0  1  0  0  1  3  0  0 ] (0.00025357)
[  0  0  1  0  0  2  0  0  0 ] (0.00000226)
[  0  0  1  0  0  2  0  0  1 ] (0.00002968)
[  0  0  1  0  0  2  0  0  2 ] (0.00000074)
[  0  0  1  0  0  2  0  1  0 ] (0.00003347)
[  0  0  1  0  0  2  0  1  1 ] (0.00044800)
[  0  0  1  0  0  2  0  2  0 ] (0.00002145)
[  0  0  1  0  0  2  1  0  0 ] (0.00010049)
[  0  0  1  0  0  2  1  0  1 ] (0.00104766)
[  0  0  1  0  0  2  1  1  0 ] (0.00003467)
[  0  0  1  0  0  2  2  0  0 ] (0.00001974)
[  0  0  1  0  0  3  0  0  0 ] (0.00000060)
[  0  0  1  0  0  3  0  0  1 ] (0.00005708)
[  0  0  1  0  0  3  0  1  0 ] (0.00000847)
[  0  0  1  0  0  3  1  0  0 ] (0.00004887)
[  0  0  1  0  0  4  0  0  0 ] (0.00000008)
[  0  0  1  0  1  0  0  0  0 ] (0.00000021)
[  0  0  1  0  1  0  0  0  1 ] (0.00000050)
[  0  0  1  0  1  0  0  0  2 ] (0.00000372)
[  0  0  1  0  1  0  0  0  3 ] (0.00062914)
[  0  0  1  0  1  0  0  1  0 ] (0.00006644)
[  0  0  1  0  1  0  0  1  1 ] (0.00000756)
[  0  0  1  0  1  0  0  1  2 ] (0.00052965)
[  0  0  1  0  1  0  0  2  0 ] (0.00011574)
[  0  0  1  0  1  0  0  2  1 ] (0.00111728)
[  0  0  1  0  1  0  0  3  0 ] (0.00098687)
[  0  0  1  0  1  0  1  0  0 ] (0.00000009)
[  0  0  1  0  1  0  1  0  1 ] (0.00060785)
[  0  0  1  0  1  0  1  0  2 ] (0.00738248)
[  0  0  1  0  1  0  1  1  0 ] (0.00085059)
[  0  0  1  0  1  0  1  1  1 ] (0.00063354)
[  0  0  1  0  1  0  1  2  0 ] (0.00820563)
[  0  0  1  0  1  0  2  0  0 ] (0.00103712)
[  0  0  1  0  1  0  2  0  1 ] (0.00711050)
[  0  0  1  0  1  0  2  1  0 ] (0.00057774)
[  0  0  1  0  1  0  3  0  0 ] (0.00022273)
[  0  0  1  0  1  1  0  0  0 ] (0.00000015)
[  0  0  1  0  1  1  0  0  1 ] (0.00000886)
[  0  0  1  0  1  1  0  0  2 ] (0.00000499)
[  0  0  1  0  1  1  0  1  0 ] (0.00067523)
[  0  0  1  0  1  1  0  1  1 ] (0.00017428)
[  0  0  1  0  1  1  0  2  0 ] (0.00000240)
[  0  0  1  0  1  1  1  0  0 ] (0.00012511)
[  0  0  1  0  1  1  1  0  1 ] (0.00126882)
[  0  0  1  0  1  1  1  1  0 ] (0.01149676)
[  0  0  1  0  1  1  2  0  0 ] (0.00003348)
[  0  0  1  0  1  2  0  0  0 ] (0.00000118)
[  0  0  1  0  1  2  0  0  1 ] (0.00000501)
[  0  0  1  0  1  2  0  1  0 ] (0.00000002)
[  0  0  1  0  1  2  1  0  0 ] (0.00000136)
[  0  0  1  0  1  3  0  0  0 ] (0.00000094)
[  0  0  1  0  2  0  0  0  0 ] (0.00000133)
[  0  0  1  0  2  0  0  0  1 ] (0.00001447)
[  0  0  1  0  2  0  0  0  2 ] (0.00000771)
[  0  0  1  0  2  0  0  1  0 ] (0.00932527)
[  0  0  1  0  2  0  0  1  1 ] (0.05117260)
[  0  0  1  0  2  0  0  2  0 ] (0.00002156)
[  0  0  1  0  2  0  1  0  0 ] (0.00000010)
[  0  0  1  0  2  0  1  0  1 ] (0.00007349)
[  0  0  1  0  2  0  1  1  0 ] (0.01769142)
[  0  0  1  0  2  0  2  0  0 ] (0.00000017)
[  0  0  1  0  2  1  0  0  0 ] (0.00000066)
[  0  0  1  0  2  1  0  0  1 ] (0.00001561)
[  0  0  1  0  2  1  0  1  0 ] (0.00144881)
[  0  0  1  0  2  1  1  0  0 ] (0.00000113)
[  0  0  1  0  2  2  0  0  0 ] (0.00000016)
[  0  0  1  0  3  0  0  0  0 ] (0.00000211)
[  0  0  1  0  3  0  0  0  1 ] (0.00000314)
[  0  0  1  0  3  0  0  1  0 ] (0.00029253)
[  0  0  1  0  3  0  1  0  0 ] (0.00000020)
[  0  0  1  0  3  1  0  0  0 ] (0.00001336)
[  0  0  1  0  4  0  0  0  0 ] (0.00014604)
[  0  0  1  1  0  0  0  0  0 ] (0.00003457)
[  0  0  1  1  0  0  0  0  1 ] (0.00011844)
[  0  0  1  1  0  0  0  0  2 ] (0.00041328)
[  0  0  1  1  0  0  0  0  3 ] (0.07993888)
[  0  0  1  1  0  0  0  1  0 ] (0.00000682)
[  0  0  1  1  0  0  0  1  1 ] (0.00044207)
[  0  0  1  1  0  0  0  1  2 ] (0.00013604)
[  0  0  1  1  0  0  0  2  0 ] (0.00035657)
[  0  0  1  1  0  0  0  2  1 ] (0.00083346)
[  0  0  1  1  0  0  0  3  0 ] (0.00000046)
[  0  0  1  1  0  0  1  0  0 ] (0.00056154)
[  0  0  1  1  0  0  1  0  1 ] (0.00527760)
[  0  0  1  1  0  0  1  0  2 ] (0.02939761)
[  0  0  1  1  0  0  1  1  0 ] (0.00012047)
[  0  0  1  1  0  0  1  1  1 ] (0.00166971)
[  0  0  1  1  0  0  1  2  0 ] (0.00993219)
[  0  0  1  1  0  0  2  0  0 ] (0.00297463)
[  0  0  1  1  0  0  2  0  1 ] (0.02014933)
[  0  0  1  1  0  0  2  1  0 ] (0.00044784)
[  0  0  1  1  0  0  3  0  0 ] (0.00036215)
[  0  0  1  1  0  1  0  0  0 ] (0.00003846)
[  0  0  1  1  0  1  0  0  1 ] (0.00006423)
[  0  0  1  1  0  1  0  0  2 ] (0.00021966)
[  0  0  1  1  0  1  0  1  0 ] (0.00046032)
[  0  0  1  1  0  1  0  1  1 ] (0.00672116)
[  0  0  1  1  0  1  0  2  0 ] (0.00001923)
[  0  0  1  1  0  1  1  0  0 ] (0.00029900)
[  0  0  1  1  0  1  1  0  1 ] (0.00508749)
[  0  0  1  1  0  1  1  1  0 ] (0.00049044)
[  0  0  1  1  0  1  2  0  0 ] (0.00061512)
[  0  0  1  1  0  2  0  0  0 ] (0.00002605)
[  0  0  1  1  0  2  0  0  1 ] (0.00010796)
[  0  0  1  1  0  2  0  1  0 ] (0.00003348)
[  0  0  1  1  0  2  1  0  0 ] (0.00005891)
[  0  0  1  1  0  3  0  0  0 ] (0.00000792)
[  0  0  1  1  1  0  0  0  0 ] (0.00000368)
[  0  0  1  1  1  0  0  0  1 ] (0.00019785)
[  0  0  1  1  1  0  0  0  2 ] (0.00029458)
[  0  0  1  1  1  0  0  1  0 ] (0.00000017)
[  0  0  1  1  1  0  0  1  1 ] (0.00037845)
[  0  0  1  1  1  0  0  2  0 ] (0.00002045)
[  0  0  1  1  1  0  1  0  0 ] (0.00000741)
[  0  0  1  1  1  0  1  0  1 ] (0.00026706)
[  0  0  1  1  1  0  1  1  0 ] (0.00008888)
[  0  0  1  1  1  0  2  0  0 ] (0.00000174)
[  0  0  1  1  1  1  0  0  0 ] (0.00000165)
[  0  0  1  1  1  1  0  0  1 ] (0.00006444)
[  0  0  1  1  1  1  0  1  0 ] (0.00001401)
[  0  0  1  1  1  1  1  0  0 ] (0.00001502)
[  0  0  1  1  1  2  0  0  0 ] (0.00000006)
[  0  0  1  1  2  0  0  0  0 ] (0.00009192)
[  0  0  1  1  2  0  0  0  1 ] (0.00035697)
[  0  0  1  1  2  0  0  1  0 ] (0.00000010)
[  0  0  1  1  2  0  1  0  0 ] (0.00009785)
[  0  0  1  1  2  1  0  0  0 ] (0.00003966)
[  0  0  1  1  3  0  0  0  0 ] (0.00002051)
[  0  0  1  2  0  0  0  0  0 ] (0.00000819)
[  0  0  1  2  0  0  0  0  1 ] (0.00009883)
[  0  0  1  2  0  0  0  0  2 ] (0.00001714)
[  0  0  1  2  0  0  0  1  0 ] (0.00005426)
[  0  0  1  2  0  0  0  1  1 ] (0.00041861)
[  0  0  1  2  0  0  0  2  0 ] (0.00000033)
[  0  0  1  2  0  0  1  0  0 ] (0.00000123)
[  0  0  1  2  0  0  1  0  1 ] (0.00013391)
[  0  0  1  2  0  0  1  1  0 ] (0.00000076)
[  0  0  1  2  0  0  2  0  0 ] (0.00001864)
[  0  0  1  2  0  1  0  0  0 ] (0.00000882)
[  0  0  1  2  0  1  0  0  1 ] (0.00015302)
[  0  0  1  2  0  1  0  1  0 ] (0.00002326)
[  0  0  1  2  0  1  1  0  0 ] (0.00001013)
[  0  0  1  2  0  2  0  0  0 ] (0.00000362)
[  0  0  1  2  1  0  0  0  0 ] (0.00000388)
[  0  0  1  2  1  0  0  0  1 ] (0.00000527)
[  0  0  1  2  1  0  0  1  0 ] (0.00000244)
[  0  0  1  2  1  0  1  0  0 ] (0.00000002)
[  0  0  1  2  1  1  0  0  0 ] (0.00000214)
[  0  0  1  2  2  0  0  0  0 ] (0.00000003)
[  0  0  1  3  0  0  0  0  0 ] (0.00001533)
[  0  0  1  3  0  0  0  0  1 ] (0.00012298)
[  0  0  1  3  0  0  0  1  0 ] (0.00003570)
[  0  0  1  3  0  0  1  0  0 ] (0.00000930)
[  0  0  1  3  0  1  0  0  0 ] (0.00001654)
[  0  0  1  3  1  0  0  0  0 ] (0.00000222)
[  0  0  1  4  0  0  0  0  0 ] (0.00000355)
[  0  0  2  0  0  0  0  0  0 ] (0.00000147)
[  0  0  2  0  0  0  0  0  1 ] (0.00000218)
[  0  0  2  0  0  0  0  0  2 ] (0.00001086)
[  0  0  2  0  0  0  0  0  3 ] (0.00004587)
[  0  0  2  0  0  0  0  1  0 ] (0.00001535)
[  0  0  2  0  0  0  0  1  1 ] (0.00009054)
[  0  0  2  0  0  0  0  1  2 ] (0.00024287)
[  0  0  2  0  0  0  0  2  0 ] (0.00000304)
[  0  0  2  0  0  0  0  2  1 ] (0.00000753)
[  0  0  2  0  0  0  0  3  0 ] (0.00000070)
[  0  0  2  0  0  0  1  0  0 ] (0.00001155)
[  0  0  2  0  0  0  1  0  1 ] (0.00008774)
[  0  0  2  0  0  0  1  0  2 ] (0.00025561)
[  0  0  2  0  0  0  1  1  0 ] (0.00000336)
[  0  0  2  0  0  0  1  1  1 ] (0.00020271)
[  0  0  2  0  0  0  1  2  0 ] (0.00005563)
[  0  0  2  0  0  0  2  0  0 ] (0.00009199)
[  0  0  2  0  0  0  2  0  1 ] (0.00039853)
[  0  0  2  0  0  0  2  1  0 ] (0.00000021)
[  0  0  2  0  0  0  3  0  0 ] (0.00002489)
[  0  0  2  0  0  1  0  0  0 ] (0.00000451)
[  0  0  2  0  0  1  0  0  1 ] (0.00001571)
[  0  0  2  0  0  1  0  0  2 ] (0.00002534)
[  0  0  2  0  0  1  0  1  0 ] (0.00001445)
[  0  0  2  0  0  1  0  1  1 ] (0.00014541)
[  0  0  2  0  0  1  0  2  0 ] (0.00000014)
[  0  0  2  0  0  1  1  0  0 ] (0.00000296)
[  0  0  2  0  0  1  1  0  1 ] (0.00004736)
[  0  0  2  0  0  1  1  1  0 ] (0.00004062)
[  0  0  2  0  0  1  2  0  0 ] (0.00001530)
[  0  0  2  0  0  2  0  0  0 ] (0.00000111)
[  0  0  2  0  0  2  0  0  1 ] (0.00000515)
[  0  0  2  0  0  2  0  1  0 ] (0.00000080)
[  0  0  2  0  0  2  1  0  0 ] (0.00000042)
[  0  0  2  0  0  3  0  0  0 ] (0.00000065)
[  0  0  2  0  1  0  0  0  0 ] (0.00001339)
[  0  0  2  0  1  0  0  0  1 ] (0.00007590)
[  0  0  2  0  1  0  0  0  2 ] (0.00004270)
[  0  0  2  0  1  0  0  1  0 ] (0.00003696)
[  0  0  2  0  1  0  0  1  1 ] (0.00017379)
[  0  0  2  0  1  0  0  2  0 ] (0.00001278)
[  0  0  2  0  1  0  1  0  0 ] (0.00002607)
[  0  0  2  0  1  0  1  0  1 ] (0.00000608)
[  0  0  2  0  1  0  1  1  0 ] (0.00000627)
[  0  0  2  0  1  0  2  0  0 ] (0.00002341)
[  0  0  2  0  1  1  0  0  0 ] (0.00000658)
[  0  0  2  0  1  1  0  0  1 ] (0.00002006)
[  0  0  2  0  1  1  0  1  0 ] (0.00004060)
[  0  0  2  0  1  1  1  0  0 ] (0.00000058)
[  0  0  2  0  1  2  0  0  0 ] (0.00000291)
[  0  0  2  0  2  0  0  0  0 ] (0.00000353)
[  0  0  2  0  2  0  0  0  1 ] (0.00000876)
[  0  0  2  0  2  0  0  1  0 ] (0.00026798)
[  0  0  2  0  2  0  1  0  0 ] (0.00000321)
[  0  0  2  0  2  1  0  0  0 ] (0.00000022)
[  0  0  2  0  3  0  0  0  0 ] (0.00000028)
[  0  0  2  1  0  0  0  0  0 ] (0.00000641)
[  0  0  2  1  0  0  0  0  1 ] (0.00001671)
[  0  0  2  1  0  0  0  0  2 ] (0.00002213)
[  0  0  2  1  0  0  0  1  0 ] (0.00000042)
[  0  0  2  1  0  0  0  1  1 ] (0.00000006)
[  0  0  2  1  0  0  0  2  0 ] (0.00000030)
[  0  0  2  1  0  0  1  0  0 ] (0.00012962)
[  0  0  2  1  0  0  1  0  1 ] (0.00114439)
[  0  0  2  1  0  0  1  1  0 ] (0.00002980)
[  0  0  2  1  0  0  2  0  0 ] (0.00005548)
[  0  0  2  1  0  1  0  0  0 ] (0.00000649)
[  0  0  2  1  0  1  0  0  1 ] (0.00000064)
[  0  0  2  1  0  1  0  1  0 ] (0.00000204)
[  0  0  2  1  0  1  1  0  0 ] (0.00002842)
[  0  0  2  1  0  2  0  0  0 ] (0.00000139)
[  0  0  2  1  1  0  0  0  0 ] (0.00000113)
[  0  0  2  1  1  0  0  0  1 ] (0.00002206)
[  0  0  2  1  1  0  0  1  0 ] (0.00007591)
[  0  0  2  1  1  0  1  0  0 ] (0.00000034)
[  0  0  2  1  1  1  0  0  0 ] (0.00000058)
[  0  0  2  1  2  0  0  0  0 ] (0.00000056)
[  0  0  2  2  0  0  0  0  0 ] (0.00000027)
[  0  0  2  2  0  0  0  0  1 ] (0.00000422)
[  0  0  2  2  0  0  0  1  0 ] (0.00000072)
[  0  0  2  2  0  0  1  0  0 ] (0.00000008)
[  0  0  2  2  0  1  0  0  0 ] (0.00000021)
[  0  0  2  2  1  0  0  0  0 ] (0.00000270)
[  0  0  2  3  0  0  0  0  0 ] (0.00000017)
[  0  0  3  0  0  0  0  0  0 ] (0.00000090)
[  0  0  3  0  0  0  0  0  1 ] (0.00000055)
[  0  0  3  0  0  0  0  0  2 ] (0.00000014)
[  0  0  3  0  0  0  0  1  0 ] (0.00001405)
[  0  0  3  0  0  0  0  1  1 ] (0.00005924)
[  0  0  3  0  0  0  0  2  0 ] (0.00000306)
[  0  0  3  0  0  0  1  0  0 ] (0.00000184)
[  0  0  3  0  0  0  1  0  1 ] (0.00003549)
[  0  0  3  0  0  0  1  1  0 ] (0.00000859)
[  0  0  3  0  0  0  2  0  0 ] (0.00002801)
[  0  0  3  0  0  1  0  0  0 ] (0.00000432)
[  0  0  3  0  0  1  0  0  1 ] (0.00000944)
[  0  0  3  0  0  1  0  1  0 ] (0.00000034)
[  0  0  3  0  0  1  1  0  0 ] (0.00000021)
[  0  0  3  0  0  2  0  0  0 ] (0.00000081)
[  0  0  3  0  1  0  0  0  0 ] (0.00001689)
[  0  0  3  0  1  0  0  0  1 ] (0.00011005)
[  0  0  3  0  1  0  0  1  0 ] (0.00000297)
[  0  0  3  0  1  0  1  0  0 ] (0.00006012)
[  0  0  3  0  1  1  0  0  0 ] (0.00000735)
[  0  0  3  0  2  0  0  0  0 ] (0.00000358)
[  0  0  3  1  0  0  0  0  0 ] (0.00001486)
[  0  0  3  1  0  0  0  0  1 ] (0.00003938)
[  0  0  3  1  0  0  0  1  0 ] (0.00000271)
[  0  0  3  1  0  0  1  0  0 ] (0.00008527)
[  0  0  3  1  0  1  0  0  0 ] (0.00001306)
[  0  0  3  1  1  0  0  0  0 ] (0.00000008)
[  0  0  3  2  0  0  0  0  0 ] (0.00000005)
[  0  0  4  0  0  0  0  0  0 ] (0.00000007)
[  0  0  4  0  0  0  0  0  1 ] (0.00000173)
[  0  0  4  0  0  0  0  1  0 ] (0.00000747)
[  0  0  4  0  0  0  1  0  0 ] (0.00000653)
[  0  0  4  0  0  1  0  0  0 ] (0.00000000)
[  0  0  4  0  1  0  0  0  0 ] (0.00000012)
[  0  0  4  1  0  0  0  0  0 ] (0.00001569)
[  0  0  5  0  0  0  0  0  0 ] (0.00000032)
[  0  1  0  0  0  0  0  0  0 ] (0.00000521)
[  0  1  0  0  0  0  0  0  1 ] (0.00000707)
[  0  1  0  0  0  0  0  0  2 ] (0.00000248)
[  0  1  0  0  0  0  0  0  3 ] (0.00129646)
[  0  1  0  0  0  0  0  0  4 ] (0.00012414)
[  0  1  0  0  0  0  0  1  0 ] (0.00001048)
[  0  1  0  0  0  0  0  1  1 ] (0.00001088)
[  0  1  0  0  0  0  0  1  2 ] (0.00034570)
[  0  1  0  0  0  0  0  1  3 ] (0.00000018)
[  0  1  0  0  0  0  0  2  0 ] (0.00003577)
[  0  1  0  0  0  0  0  2  1 ] (0.00000002)
[  0  1  0  0  0  0  0  2  2 ] (0.00000048)
[  0  1  0  0  0  0  0  3  0 ] (0.00003308)
[  0  1  0  0  0  0  0  3  1 ] (0.00195675)
[  0  1  0  0  0  0  0  4  0 ] (0.00089425)
[  0  1  0  0  0  0  1  0  0 ] (0.00003222)
[  0  1  0  0  0  0  1  0  1 ] (0.00027775)
[  0  1  0  0  0  0  1  0  2 ] (0.00027699)
[  0  1  0  0  0  0  1  0  3 ] (0.00033662)
[  0  1  0  0  0  0  1  1  0 ] (0.00002751)
[  0  1  0  0  0  0  1  1  1 ] (0.00008180)
[  0  1  0  0  0  0  1  1  2 ] (0.00068349)
[  0  1  0  0  0  0  1  2  0 ] (0.00022516)
[  0  1  0  0  0  0  1  2  1 ] (0.00037301)
[  0  1  0  0  0  0  1  3  0 ] (0.00432823)
[  0  1  0  0  0  0  2  0  0 ] (0.00052163)
[  0  1  0  0  0  0  2  0  1 ] (0.00420802)
[  0  1  0  0  0  0  2  0  2 ] (0.02051093)
[  0  1  0  0  0  0  2  1  0 ] (0.00000003)
[  0  1  0  0  0  0  2  1  1 ] (0.00036306)
[  0  1  0  0  0  0  2  2  0 ] (0.00327837)
[  0  1  0  0  0  0  3  0  0 ] (0.00000455)
[  0  1  0  0  0  0  3  0  1 ] (0.00082812)
[  0  1  0  0  0  0  3  1  0 ] (0.00016509)
[  0  1  0  0  0  0  4  0  0 ] (0.00086628)
[  0  1  0  0  0  1  0  0  0 ] (0.00000028)
[  0  1  0  0  0  1  0  0  1 ] (0.00000009)
[  0  1  0  0  0  1  0  0  2 ] (0.00000286)
[  0  1  0  0  0  1  0  0  3 ] (0.00785574)
[  0  1  0  0  0  1  0  1  0 ] (0.00001136)
[  0  1  0  0  0  1  0  1  1 ] (0.00002713)
[  0  1  0  0  0  1  0  1  2 ] (0.00029973)
[  0  1  0  0  0  1  0  2  0 ] (0.00007729)
[  0  1  0  0  0  1  0  2  1 ] (0.00000393)
[  0  1  0  0  0  1  0  3  0 ] (0.00001465)
[  0  1  0  0  0  1  1  0  0 ] (0.00000296)
[  0  1  0  0  0  1  1  0  1 ] (0.00000353)
[  0  1  0  0  0  1  1  0  2 ] (0.00055900)
[  0  1  0  0  0  1  1  1  0 ] (0.00006767)
[  0  1  0  0  0  1  1  1  1 ] (0.00007264)
[  0  1  0  0  0  1  1  2  0 ] (0.00058060)
[  0  1  0  0  0  1  2  0  0 ] (0.00062016)
[  0  1  0  0  0  1  2  0  1 ] (0.00458348)
[  0  1  0  0  0  1  2  1  0 ] (0.00042397)
[  0  1  0  0  0  1  3  0  0 ] (0.00003158)
[  0  1  0  0  0  2  0  0  0 ] (0.00000023)
[  0  1  0  0  0  2  0  0  1 ] (0.00000165)
[  0  1  0  0  0  2  0  0  2 ] (0.00000212)
[  0  1  0  0  0  2  0  1  0 ] (0.00002854)
[  0  1  0  0  0  2  0  1  1 ] (0.00021705)
[  0  1  0  0  0  2  0  2  0 ] (0.00000042)
[  0  1  0  0  0  2  1  0  0 ] (0.00000080)
[  0  1  0  0  0  2  1  0  1 ] (0.00011250)
[  0  1  0  0  0  2  1  1  0 ] (0.00023089)
[  0  1  0  0  0  2  2  0  0 ] (0.00003610)
[  0  1  0  0  0  3  0  0  0 ] (0.00000411)
[  0  1  0  0  0  3  0  0  1 ] (0.00001776)
[  0  1  0  0  0  3  0  1  0 ] (0.00000003)
[  0  1  0  0  0  3  1  0  0 ] (0.00000174)
[  0  1  0  0  0  4  0  0  0 ] (0.00000037)
[  0  1  0  0  1  0  0  0  0 ] (0.00001033)
[  0  1  0  0  1  0  0  0  1 ] (0.00000001)
[  0  1  0  0  1  0  0  0  2 ] (0.00001660)
[  0  1  0  0  1  0  0  0  3 ] (0.00054534)
[  0  1  0  0  1  0  0  1  0 ] (0.00000120)
[  0  1  0  0  1  0  0  1  1 ] (0.00003259)
[  0  1  0  0  1  0  0  1  2 ] (0.00106879)
[  0  1  0  0  1  0  0  2  0 ] (0.00000631)
[  0  1  0  0  1  0  0  2  1 ] (0.00005541)
[  0  1  0  0  1  0  0  3  0 ] (0.00034612)
[  0  1  0  0  1  0  1  0  0 ] (0.00059717)
[  0  1  0  0  1  0  1  0  1 ] (0.00955501)
[  0  1  0  0  1  0  1  0  2 ] (0.10586001)
[  0  1  0  0  1  0  1  1  0 ] (0.00049427)
[  0  1  0  0  1  0  1  1  1 ] (0.00002298)
[  0  1  0  0  1  0  1  2  0 ] (0.00001069)
[  0  1  0  0  1  0  2  0  0 ] (0.00088649)
[  0  1  0  0  1  0  2  0  1 ] (0.00541778)
[  0  1  0  0  1  0  2  1  0 ] (0.00433214)
[  0  1  0  0  1  0  3  0  0 ] (0.00002503)
[  0  1  0  0  1  1  0  0  0 ] (0.00000439)
[  0  1  0  0  1  1  0  0  1 ] (0.00000662)
[  0  1  0  0  1  1  0  0  2 ] (0.00000910)
[  0  1  0  0  1  1  0  1  0 ] (0.00002543)
[  0  1  0  0  1  1  0  1  1 ] (0.00071860)
[  0  1  0  0  1  1  0  2  0 ] (0.00000779)
[  0  1  0  0  1  1  1  0  0 ] (0.00043298)
[  0  1  0  0  1  1  1  0  1 ] (0.00669898)
[  0  1  0  0  1  1  1  1  0 ] (0.00000846)
[  0  1  0  0  1  1  2  0  0 ] (0.00010034)
[  0  1  0  0  1  2  0  0  0 ] (0.00000359)
[  0  1  0  0  1  2  0  0  1 ] (0.00001317)
[  0  1  0  0  1  2  0  1  0 ] (0.00000099)
[  0  1  0  0  1  2  1  0  0 ] (0.00006053)
[  0  1  0  0  1  3  0  0  0 ] (0.00000008)
[  0  1  0  0  2  0  0  0  0 ] (0.00000507)
[  0  1  0  0  2  0  0  0  1 ] (0.00005249)
[  0  1  0  0  2  0  0  0  2 ] (0.00000282)
[  0  1  0  0  2  0  0  1  0 ] (0.00464083)
[  0  1  0  0  2  0  0  1  1 ] (0.01786601)
[  0  1  0  0  2  0  0  2  0 ] (0.00008135)
[  0  1  0  0  2  0  1  0  0 ] (0.00008242)
[  0  1  0  0  2  0  1  0  1 ] (0.00009658)
[  0  1  0  0  2  0  1  1  0 ] (0.01640288)
[  0  1  0  0  2  0  2  0  0 ] (0.00000215)
[  0  1  0  0  2  1  0  0  0 ] (0.00000774)
[  0  1  0  0  2  1  0  0  1 ] (0.00003259)
[  0  1  0  0  2  1  0  1  0 ] (0.00080295)
[  0  1  0  0  2  1  1  0  0 ] (0.00004019)
[  0  1  0  0  2  2  0  0  0 ] (0.00000089)
[  0  1  0  0  3  0  0  0  0 ] (0.00000012)
[  0  1  0  0  3  0  0  0  1 ] (0.00000357)
[  0  1  0  0  3  0  0  1  0 ] (0.00002051)
[  0  1  0  0  3  0  1  0  0 ] (0.00000001)
[  0  1  0  0  3  1  0  0  0 ] (0.00000260)
[  0  1  0  0  4  0  0  0  0 ] (0.00012930)
[  0  1  0  1  0  0  0  0  0 ] (0.00000008)
[  0  1  0  1  0  0  0  0  1 ] (0.00000670)
[  0  1  0  1  0  0  0  0  2 ] (0.00002291)
[  0  1  0  1  0  0  0  0  3 ] (0.00000079)
[  0  1  0  1  0  0  0  1  0 ] (0.00010783)
[  0  1  0  1  0  0  0  1  1 ] (0.00184876)
[  0  1  0  1  0  0  0  1  2 ] (0.05365870)
[  0  1  0  1  0  0  0  2  0 ] (0.00001259)
[  0  1  0  1  0  0  0  2  1 ] (0.00000731)
[  0  1  0  1  0  0  0  3  0 ] (0.00000887)
[  0  1  0  1  0  0  1  0  0 ] (0.00001061)
[  0  1  0  1  0  0  1  0  1 ] (0.00004812)
[  0  1  0  1  0  0  1  0  2 ] (0.00003011)
[  0  1  0  1  0  0  1  1  0 ] (0.00040556)
[  0  1  0  1  0  0  1  1  1 ] (0.00566652)
[  0  1  0  1  0  0  1  2  0 ] (0.00012283)
[  0  1  0  1  0  0  2  0  0 ] (0.00003031)
[  0  1  0  1  0  0  2  0  1 ] (0.00017028)
[  0  1  0  1  0  0  2  1  0 ] (0.00039998)
[  0  1  0  1  0  0  3  0  0 ] (0.00003231)
[  0  1  0  1  0  1  0  0  0 ] (0.00000403)
[  0  1  0  1  0  1  0  0  1 ] (0.00000288)
[  0  1  0  1  0  1  0  0  2 ] (0.00005622)
[  0  1  0  1  0  1  0  1  0 ] (0.00018846)
[  0  1  0  1  0  1  0  1  1 ] (0.00102280)
[  0  1  0  1  0  1  0  2  0 ] (0.00000075)
[  0  1  0  1  0  1  1  0  0 ] (0.00000043)
[  0  1  0  1  0  1  1  0  1 ] (0.00002607)
[  0  1  0  1  0  1  1  1  0 ] (0.00001153)
[  0  1  0  1  0  1  2  0  0 ] (0.00000557)
[  0  1  0  1  0  2  0  0  0 ] (0.00000402)
[  0  1  0  1  0  2  0  0  1 ] (0.00001027)
[  0  1  0  1  0  2  0  1  0 ] (0.00004169)
[  0  1  0  1  0  2  1  0  0 ] (0.00000140)
[  0  1  0  1  0  3  0  0  0 ] (0.00000220)
[  0  1  0  1  1  0  0  0  0 ] (0.00002175)
[  0  1  0  1  1  0  0  0  1 ] (0.00012786)
[  0  1  0  1  1  0  0  0  2 ] (0.00037520)
[  0  1  0  1  1  0  0  1  0 ] (0.00000085)
[  0  1  0  1  1  0  0  1  1 ] (0.00039423)
[  0  1  0  1  1  0  0  2  0 ] (0.00007585)
[  0  1  0  1  1  0  1  0  0 ] (0.00014716)
[  0  1  0  1  1  0  1  0  1 ] (0.00115652)
[  0  1  0  1  1  0  1  1  0 ] (0.00143686)
[  0  1  0  1  1  0  2  0  0 ] (0.00000037)
[  0  1  0  1  1  1  0  0  0 ] (0.00002378)
[  0  1  0  1  1  1  0  0  1 ] (0.00016565)
[  0  1  0  1  1  1  0  1  0 ] (0.00000791)
[  0  1  0  1  1  1  1  0  0 ] (0.00009970)
[  0  1  0  1  1  2  0  0  0 ] (0.00000338)
[  0  1  0  1  2  0  0  0  0 ] (0.00005088)
[  0  1  0  1  2  0  0  0  1 ] (0.00011911)
[  0  1  0  1  2  0  0  1  0 ] (0.00009856)
[  0  1  0  1  2  0  1  0  0 ] (0.00010010)
[  0  1  0  1  2  1  0  0  0 ] (0.00001627)
[  0  1  0  1  3  0  0  0  0 ] (0.00000100)
[  0  1  0  2  0  0  0  0  0 ] (0.00000098)
[  0  1  0  2  0  0  0  0  1 ] (0.00000505)
[  0  1  0  2  0  0  0  0  2 ] (0.00002783)
[  0  1  0  2  0  0  0  1  0 ] (0.00001797)
[  0  1  0  2  0  0  0  1  1 ] (0.00003197)
[  0  1  0  2  0  0  0  2  0 ] (0.00000261)
[  0  1  0  2  0  0  1  0  0 ] (0.00000014)
[  0  1  0  2  0  0  1  0  1 ] (0.00000062)
[  0  1  0  2  0  0  1  1  0 ] (0.00000537)
[  0  1  0  2  0  0  2  0  0 ] (0.00000003)
[  0  1  0  2  0  1  0  0  0 ] (0.00000116)
[  0  1  0  2  0  1  0  0  1 ] (0.00000499)
[  0  1  0  2  0  1  0  1  0 ] (0.00000623)
[  0  1  0  2  0  1  1  0  0 ] (0.00000002)
[  0  1  0  2  0  2  0  0  0 ] (0.00000032)
[  0  1  0  2  1  0  0  0  0 ] (0.00000046)
[  0  1  0  2  1  0  0  0  1 ] (0.00000787)
[  0  1  0  2  1  0  0  1  0 ] (0.00000050)
[  0  1  0  2  1  0  1  0  0 ] (0.00000158)
[  0  1  0  2  1  1  0  0  0 ] (0.00000005)
[  0  1  0  2  2  0  0  0  0 ] (0.00000053)
[  0  1  0  3  0  0  0  0  0 ] (0.00000133)
[  0  1  0  3  0  0  0  0  1 ] (0.00000417)
[  0  1  0  3  0  0  0  1  0 ] (0.00003082)
[  0  1  0  3  0  0  1  0  0 ] (0.00000207)
[  0  1  0  3  0  1  0  0  0 ] (0.00000078)
[  0  1  0  3  1  0  0  0  0 ] (0.00000053)
[  0  1  0  4  0  0  0  0  0 ] (0.00000104)
[  0  1  1  0  0  0  0  0  0 ] (0.00000641)
[  0  1  1  0  0  0  0  0  1 ] (0.00001991)
[  0  1  1  0  0  0  0  0  2 ] (0.00000496)
[  0  1  1  0  0  0  0  0  3 ] (0.00068051)
[  0  1  1  0  0  0  0  1  0 ] (0.00012893)
[  0  1  1  0  0  0  0  1  1 ] (0.00101432)
[  0  1  1  0  0  0  0  1  2 ] (0.00486192)
[  0  1  1  0  0  0  0  2  0 ] (0.00028506)
[  0  1  1  0  0  0  0  2  1 ] (0.00086547)
[  0  1  1  0  0  0  0  3  0 ] (0.00015854)
[  0  1  1  0  0  0  1  0  0 ] (0.00000050)
[  0  1  1  0  0  0  1  0  1 ] (0.00000027)
[  0  1  1  0  0  0  1  0  2 ] (0.00005422)
[  0  1  1  0  0  0  1  1  0 ] (0.00002230)
[  0  1  1  0  0  0  1  1  1 ] (0.00131965)
[  0  1  1  0  0  0  1  2  0 ] (0.00074005)
[  0  1  1  0  0  0  2  0  0 ] (0.00013737)
[  0  1  1  0  0  0  2  0  1 ] (0.00077403)
[  0  1  1  0  0  0  2  1  0 ] (0.00036175)
[  0  1  1  0  0  0  3  0  0 ] (0.00016430)
[  0  1  1  0  0  1  0  0  0 ] (0.00000177)
[  0  1  1  0  0  1  0  0  1 ] (0.00002997)
[  0  1  1  0  0  1  0  0  2 ] (0.00009490)
[  0  1  1  0  0  1  0  1  0 ] (0.00008892)
[  0  1  1  0  0  1  0  1  1 ] (0.00095275)
[  0  1  1  0  0  1  0  2  0 ] (0.00001604)
[  0  1  1  0  0  1  1  0  0 ] (0.00000429)
[  0  1  1  0  0  1  1  0  1 ] (0.00015519)
[  0  1  1  0  0  1  1  1  0 ] (0.00000608)
[  0  1  1  0  0  1  2  0  0 ] (0.00000575)
[  0  1  1  0  0  2  0  0  0 ] (0.00000172)
[  0  1  1  0  0  2  0  0  1 ] (0.00000506)
[  0  1  1  0  0  2  0  1  0 ] (0.00001297)
[  0  1  1  0  0  2  1  0  0 ] (0.00000144)
[  0  1  1  0  0  3  0  0  0 ] (0.00000146)
[  0  1  1  0  1  0  0  0  0 ] (0.00002199)
[  0  1  1  0  1  0  0  0  1 ] (0.00012716)
[  0  1  1  0  1  0  0  0  2 ] (0.00010358)
[  0  1  1  0  1  0  0  1  0 ] (0.00154389)
[  0  1  1  0  1  0  0  1  1 ] (0.00884967)
[  0  1  1  0  1  0  0  2  0 ] (0.00002626)
[  0  1  1  0  1  0  1  0  0 ] (0.00003510)
[  0  1  1  0  1  0  1  0  1 ] (0.00023910)
[  0  1  1  0  1  0  1  1  0 ] (0.00772362)
[  0  1  1  0  1  0  2  0  0 ] (0.00005536)
[  0  1  1  0  1  1  0  0  0 ] (0.00000619)
[  0  1  1  0  1  1  0  0  1 ] (0.00000757)
[  0  1  1  0  1  1  0  1  0 ] (0.00022376)
[  0  1  1  0  1  1  1  0  0 ] (0.00001659)
[  0  1  1  0  1  2  0  0  0 ] (0.00000132)
[  0  1  1  0  2  0  0  0  0 ] (0.00000131)
[  0  1  1  0  2  0  0  0  1 ] (0.00000000)
[  0  1  1  0  2  0  0  1  0 ] (0.00009620)
[  0  1  1  0  2  0  1  0  0 ] (0.00000792)
[  0  1  1  0  2  1  0  0  0 ] (0.00000033)
[  0  1  1  0  3  0  0  0  0 ] (0.00003370)
[  0  1  1  1  0  0  0  0  0 ] (0.00000809)
[  0  1  1  1  0  0  0  0  1 ] (0.00002018)
[  0  1  1  1  0  0  0  0  2 ] (0.00026693)
[  0  1  1  1  0  0  0  1  0 ] (0.00002367)
[  0  1  1  1  0  0  0  1  1 ] (0.00000521)
[  0  1  1  1  0  0  0  2  0 ] (0.00001112)
[  0  1  1  1  0  0  1  0  0 ] (0.00008644)
[  0  1  1  1  0  0  1  0  1 ] (0.00083831)
[  0  1  1  1  0  0  1  1  0 ] (0.00002147)
[  0  1  1  1  0  0  2  0  0 ] (0.00008059)
[  0  1  1  1  0  1  0  0  0 ] (0.00000043)
[  0  1  1  1  0  1  0  0  1 ] (0.00000240)
[  0  1  1  1  0  1  0  1  0 ] (0.00001481)
[  0  1  1  1  0  1  1  0  0 ] (0.00000172)
[  0  1  1  1  0  2  0  0  0 ] (0.00000004)
[  0  1  1  1  1  0  0  0  0 ] (0.00001385)
[  0  1  1  1  1  0  0  0  1 ] (0.00003828)
[  0  1  1  1  1  0  0  1  0 ] (0.00018378)
[  0  1  1  1  1  0  1  0  0 ] (0.00000548)
[  0  1  1  1  1  1  0  0  0 ] (0.00000135)
[  0  1  1  1  2  0  0  0  0 ] (0.00002341)
[  0  1  1  2  0  0  0  0  0 ] (0.00000030)
[  0  1  1  2  0  0  0  0  1 ] (0.00000405)
[  0  1  1  2  0  0  0  1  0 ] (0.00000880)
[  0  1  1  2  0  0  1  0  0 ] (0.00000176)
[  0  1  1  2  0  1  0  0  0 ] (0.00000115)
[  0  1  1  2  1  0  0  0  0 ] (0.00000129)
[  0  1  1  3  0  0  0  0  0 ] (0.00000009)
[  0  1  2  0  0  0  0  0  0 ] (0.00000005)
[  0  1  2  0  0  0  0  0  1 ] (0.00000224)
[  0  1  2  0  0  0  0  0  2 ] (0.00000015)
[  0  1  2  0  0  0  0  1  0 ] (0.00000023)
[  0  1  2  0  0  0  0  1  1 ] (0.00000115)
[  0  1  2  0  0  0  0  2  0 ] (0.00000745)
[  0  1  2  0  0  0  1  0  0 ] (0.00000056)
[  0  1  2  0  0  0  1  0  1 ] (0.00000024)
[  0  1  2  0  0  0  1  1  0 ] (0.00001648)
[  0  1  2  0  0  0  2  0  0 ] (0.00000226)
[  0  1  2  0  0  1  0  0  0 ] (0.00000012)
[  0  1  2  0  0  1  0  0  1 ] (0.00000120)
[  0  1  2  0  0  1  0  1  0 ] (0.00000007)
[  0  1  2  0  0  1  1  0  0 ] (0.00000062)
[  0  1  2  0  0  2  0  0  0 ] (0.00000006)
[  0  1  2  0  1  0  0  0  0 ] (0.00000003)
[  0  1  2  0  1  0  0  0  1 ] (0.00000082)
[  0  1  2  0  1  0  0  1  0 ] (0.00001456)
[  0  1  2  0  1  0  1  0  0 ] (0.00000322)
[  0  1  2  0  1  1  0  0  0 ] (0.00000035)
[  0  1  2  0  2  0  0  0  0 ] (0.00000052)
[  0  1  2  1  0  0  0  0  0 ] (0.00000041)
[  0  1  2  1  0  0  0  0  1 ] (0.00000023)
[  0  1  2  1  0  0  0  1  0 ] (0.00000402)
[  0  1  2  1  0  0  1  0  0 ] (0.00000778)
[  0  1  2  1  0  1  0  0  0 ] (0.00000001)
[  0  1  2  1  1  0  0  0  0 ] (0.00000041)
[  0  1  2  2  0  0  0  0  0 ] (0.00000002)
[  0  1  3  0  0  0  0  0  0 ] (0.00000040)
[  0  1  3  0  0  0  0  0  1 ] (0.00000817)
[  0  1  3  0  0  0  0  1  0 ] (0.00000474)
[  0  1  3  0  0  0  1  0  0 ] (0.00000003)
[  0  1  3  0  0  1  0  0  0 ] (0.00000038)
[  0  1  3  0  1  0  0  0  0 ] (0.00000015)
[  0  1  3  1  0  0  0  0  0 ] (0.00000004)
[  0  1  4  0  0  0  0  0  0 ] (0.00000012)
[  0  2  0  0  0  0  0  0  0 ] (0.00000011)
[  0  2  0  0  0  0  0  0  1 ] (0.00000005)
[  0  2  0  0  0  0  0  0  2 ] (0.00002028)
[  0  2  0  0  0  0  0  0  3 ] (0.00000004)
[  0  2  0  0  0  0  0  1  0 ] (0.00000046)
[  0  2  0  0  0  0  0  1  1 ] (0.00003328)
[  0  2  0  0  0  0  0  1  2 ] (0.00018799)
[  0  2  0  0  0  0  0  2  0 ] (0.00001132)
[  0  2  0  0  0  0  0  2  1 ] (0.00004262)
[  0  2  0  0  0  0  0  3  0 ] (0.00001858)
[  0  2  0  0  0  0  1  0  0 ] (0.00002589)
[  0  2  0  0  0  0  1  0  1 ] (0.00014920)
[  0  2  0  0  0  0  1  0  2 ] (0.00029089)
[  0  2  0  0  0  0  1  1  0 ] (0.00000130)
[  0  2  0  0  0  0  1  1  1 ] (0.00015387)
[  0  2  0  0  0  0  1  2  0 ] (0.00001506)
[  0  2  0  0  0  0  2  0  0 ] (0.00007040)
[  0  2  0  0  0  0  2  0  1 ] (0.00027527)
[  0  2  0  0  0  0  2  1  0 ] (0.00000085)
[  0  2  0  0  0  0  3  0  0 ] (0.00000114)
[  0  2  0  0  0  1  0  0  0 ] (0.00000041)
[  0  2  0  0  0  1  0  0  1 ] (0.00000002)
[  0  2  0  0  0  1  0  0  2 ] (0.00000078)
[  0  2  0  0  0  1  0  1  0 ] (0.00000002)
[  0  2  0  0  0  1  0  1  1 ] (0.00000279)
[  0  2  0  0  0  1  0  2  0 ] (0.00000015)
[  0  2  0  0  0  1  1  0  0 ] (0.00001454)
[  0  2  0  0  0  1  1  0  1 ] (0.00014911)
[  0  2  0  0  0  1  1  1  0 ] (0.00000323)
[  0  2  0  0  0  1  2  0  0 ] (0.00001593)
[  0  2  0  0  0  2  0  0  0 ] (0.00000000)
[  0  2  0  0  0  2  0  0  1 ] (0.00000089)
[  0  2  0  0  0  2  0  1  0 ] (0.00000011)
[  0  2  0  0  0  2  1  0  0 ] (0.00000095)
[  0  2  0  0  0  3  0  0  0 ] (0.00000002)
[  0  2  0  0  1  0  0  0  0 ] (0.00000181)
[  0  2  0  0  1  0  0  0  1 ] (0.00001615)
[  0  2  0  0  1  0  0  0  2 ] (0.00012628)
[  0  2  0  0  1  0  0  1  0 ] (0.00004893)
[  0  2  0  0  1  0  0  1  1 ] (0.00025560)
[  0  2  0  0  1  0  0  2  0 ] (0.00001213)
[  0  2  0  0  1  0  1  0  0 ] (0.00001122)
[  0  2  0  0  1  0  1  0  1 ] (0.00000070)
[  0  2  0  0  1  0  1  1  0 ] (0.00004852)
[  0  2  0  0  1  0  2  0  0 ] (0.00003881)
[  0  2  0  0  1  1  0  0  0 ] (0.00000181)
[  0  2  0  0  1  1  0  0  1 ] (0.00000508)
[  0  2  0  0  1  1  0  1  0 ] (0.00000786)
[  0  2  0  0  1  1  1  0  0 ] (0.00000023)
[  0  2  0  0  1  2  0  0  0 ] (0.00000001)
[  0  2  0  0  2  0  0  0  0 ] (0.00000002)
[  0  2  0  0  2  0  0  0  1 ] (0.00000049)
[  0  2  0  0  2  0  0  1  0 ] (0.00016356)
[  0  2  0  0  2  0  1  0  0 ] (0.00000014)
[  0  2  0  0  2  1  0  0  0 ] (0.00000002)
[  0  2  0  0  3  0  0  0  0 ] (0.00000063)
[  0  2  0  1  0  0  0  0  0 ] (0.00000078)
[  0  2  0  1  0  0  0  0  1 ] (0.00000112)
[  0  2  0  1  0  0  0  0  2 ] (0.00000007)
[  0  2  0  1  0  0  0  1  0 ] (0.00000372)
[  0  2  0  1  0  0  0  1  1 ] (0.00010186)
[  0  2  0  1  0  0  0  2  0 ] (0.00000019)
[  0  2  0  1  0  0  1  0  0 ] (0.00000093)
[  0  2  0  1  0  0  1  0  1 ] (0.00000547)
[  0  2  0  1  0  0  1  1  0 ] (0.00007720)
[  0  2  0  1  0  0  2  0  0 ] (0.00000005)
[  0  2  0  1  0  1  0  0  0 ] (0.00000007)
[  0  2  0  1  0  1  0  0  1 ] (0.00000001)
[  0  2  0  1  0  1  0  1  0 ] (0.00000233)
[  0  2  0  1  0  1  1  0  0 ] (0.00000218)
[  0  2  0  1  0  2  0  0  0 ] (0.00000003)
[  0  2  0  1  1  0  0  0  0 ] (0.00000048)
[  0  2  0  1  1  0  0  0  1 ] (0.00000170)
[  0  2  0  1  1  0  0  1  0 ] (0.00000016)
[  0  2  0  1  1  0  1  0  0 ] (0.00000048)
[  0  2  0  1  1  1  0  0  0 ] (0.00000021)
[  0  2  0  1  2  0  0  0  0 ] (0.00000135)
[  0  2  0  2  0  0  0  0  0 ] (0.00000000)
[  0  2  0  2  0  0  0  0  1 ] (0.00000004)
[  0  2  0  2  0  0  0  1  0 ] (0.00000002)
[  0  2  0  2  0  0  1  0  0 ] (0.00000003)
[  0  2  0  2  0  1  0  0  0 ] (0.00000000)
[  0  2  0  2  1  0  0  0  0 ] (0.00000002)
[  0  2  0  3  0  0  0  0  0 ] (0.00000004)
[  0  2  1  0  0  0  0  0  0 ] (0.00000010)
[  0  2  1  0  0  0  0  0  1 ] (0.00000122)
[  0  2  1  0  0  0  0  0  2 ] (0.00000514)
[  0  2  1  0  0  0  0  1  0 ] (0.00000697)
[  0  2  1  0  0  0  0  1  1 ] (0.00005389)
[  0  2  1  0  0  0  0  2  0 ] (0.00000014)
[  0  2  1  0  0  0  1  0  0 ] (0.00001515)
[  0  2  1  0  0  0  1  0  1 ] (0.00006595)
[  0  2  1  0  0  0  1  1  0 ] (0.00004072)
[  0  2  1  0  0  0  2  0  0 ] (0.00000556)
[  0  2  1  0  0  1  0  0  0 ] (0.00000035)
[  0  2  1  0  0  1  0  0  1 ] (0.00000045)
[  0  2  1  0  0  1  0  1  0 ] (0.00000298)
[  0  2  1  0  0  1  1  0  0 ] (0.00000001)
[  0  2  1  0  0  2  0  0  0 ] (0.00000000)
[  0  2  1  0  1  0  0  0  0 ] (0.00000098)
[  0  2  1  0  1  0  0  0  1 ] (0.00000618)
[  0  2  1  0  1  0  0  1  0 ] (0.00004393)
[  0  2  1  0  1  0  1  0  0 ] (0.00000374)
[  0  2  1  0  1  1  0  0  0 ] (0.00000040)
[  0  2  1  0  2  0  0  0  0 ] (0.00000352)
[  0  2  1  1  0  0  0  0  0 ] (0.00000359)
[  0  2  1  1  0  0  0  0  1 ] (0.00000975)
[  0  2  1  1  0  0  0  1  0 ] (0.00000075)
[  0  2  1  1  0  0  1  0  0 ] (0.00000632)
[  0  2  1  1  0  1  0  0  0 ] (0.00000017)
[  0  2  1  1  1  0  0  0  0 ] (0.00000098)
[  0  2  1  2  0  0  0  0  0 ] (0.00000001)
[  0  2  2  0  0  0  0  0  0 ] (0.00000005)
[  0  2  2  0  0  0  0  0  1 ] (0.00000017)
[  0  2  2  0  0  0  0  1  0 ] (0.00000010)
[  0  2  2  0  0  0  1  0  0 ] (0.00000031)
[  0  2  2  0  0  1  0  0  0 ] (0.00000006)
[  0  2  2  0  1  0  0  0  0 ] (0.00000027)
[  0  2  2  1  0  0  0  0  0 ] (0.00000021)
[  0  2  3  0  0  0  0  0  0 ] (0.00000006)
[  0  3  0  0  0  0  0  0  0 ] (0.00000099)
[  0  3  0  0  0  0  0  0  1 ] (0.00000275)
[  0  3  0  0  0  0  0  0  2 ] (0.00005885)
[  0  3  0  0  0  0  0  1  0 ] (0.00000234)
[  0  3  0  0  0  0  0  1  1 ] (0.00000000)
[  0  3  0  0  0  0  0  2  0 ] (0.00000018)
[  0  3  0  0  0  0  1  0  0 ] (0.00003117)
[  0  3  0  0  0  0  1  0  1 ] (0.00017516)
[  0  3  0  0  0  0  1  1  0 ] (0.00001292)
[  0  3  0  0  0  0  2  0  0 ] (0.00008801)
[  0  3  0  0  0  1  0  0  0 ] (0.00000312)
[  0  3  0  0  0  1  0  0  1 ] (0.00000273)
[  0  3  0  0  0  1  0  1  0 ] (0.00000000)
[  0  3  0  0  0  1  1  0  0 ] (0.00001506)
[  0  3  0  0  0  2  0  0  0 ] (0.00000001)
[  0  3  0  0  1  0  0  0  0 ] (0.00000466)
[  0  3  0  0  1  0  0  0  1 ] (0.00003398)
[  0  3  0  0  1  0  0  1  0 ] (0.00001168)
[  0  3  0  0  1  0  1  0  0 ] (0.00007987)
[  0  3  0  0  1  1  0  0  0 ] (0.00000359)
[  0  3  0  0  2  0  0  0  0 ] (0.00000012)
[  0  3  0  1  0  0  0  0  0 ] (0.00000169)
[  0  3  0  1  0  0  0  0  1 ] (0.00000439)
[  0  3  0  1  0  0  0  1  0 ] (0.00000772)
[  0  3  0  1  0  0  1  0  0 ] (0.00000178)
[  0  3  0  1  0  1  0  0  0 ] (0.00000000)
[  0  3  0  1  1  0  0  0  0 ] (0.00000031)
[  0  3  0  2  0  0  0  0  0 ] (0.00000000)
[  0  3  1  0  0  0  0  0  0 ] (0.00000020)
[  0  3  1  0  0  0  0  0  1 ] (0.00000009)
[  0  3  1  0  0  0  0  1  0 ] (0.00000156)
[  0  3  1  0  0  0  1  0  0 ] (0.00001390)
[  0  3  1  0  0  1  0  0  0 ] (0.00000033)
[  0  3  1  0  1  0  0  0  0 ] (0.00000009)
[  0  3  1  1  0  0  0  0  0 ] (0.00000277)
[  0  3  2  0  0  0  0  0  0 ] (0.00000004)
[  0  4  0  0  0  0  0  0  0 ] (0.00000154)
[  0  4  0  0  0  0  0  0  1 ] (0.00000713)
[  0  4  0  0  0  0  0  1  0 ] (0.00000076)
[  0  4  0  0  0  0  1  0  0 ] (0.00000500)
[  0  4  0  0  0  1  0  0  0 ] (0.00000060)
[  0  4  0  0  1  0  0  0  0 ] (0.00000076)
[  0  4  0  1  0  0  0  0  0 ] (0.00000000)
[  0  4  1  0  0  0  0  0  0 ] (0.00000051)
[  0  5  0  0  0  0  0  0  0 ] (0.00000000)
[  1  0  0  0  0  0  0  0  0 ] (0.00000026)
[  1  0  0  0  0  0  0  0  1 ] (0.00000553)
[  1  0  0  0  0  0  0  0  2 ] (0.00000118)
[  1  0  0  0  0  0  0  0  3 ] (0.00000519)
[  1  0  0  0  0  0  0  0  4 ] (0.00006581)
[  1  0  0  0  0  0  0  1  0 ] (0.00000001)
[  1  0  0  0  0  0  0  1  1 ] (0.00000375)
[  1  0  0  0  0  0  0  1  2 ] (0.00009223)
[  1  0  0  0  0  0  0  1  3 ] (0.00001054)
[  1  0  0  0  0  0  0  2  0 ] (0.00000001)
[  1  0  0  0  0  0  0  2  1 ] (0.00004313)
[  1  0  0  0  0  0  0  2  2 ] (0.00036106)
[  1  0  0  0  0  0  0  3  0 ] (0.00011213)
[  1  0  0  0  0  0  0  3  1 ] (0.00147567)
[  1  0  0  0  0  0  0  4  0 ] (0.00006884)
[  1  0  0  0  0  0  1  0  0 ] (0.00002212)
[  1  0  0  0  0  0  1  0  1 ] (0.00008881)
[  1  0  0  0  0  0  1  0  2 ] (0.00004528)
[  1  0  0  0  0  0  1  0  3 ] (0.00042552)
[  1  0  0  0  0  0  1  1  0 ] (0.00004474)
[  1  0  0  0  0  0  1  1  1 ] (0.00000200)
[  1  0  0  0  0  0  1  1  2 ] (0.00001811)
[  1  0  0  0  0  0  1  2  0 ] (0.00000676)
[  1  0  0  0  0  0  1  2  1 ] (0.00008346)
[  1  0  0  0  0  0  1  3  0 ] (0.00125052)
[  1  0  0  0  0  0  2  0  0 ] (0.00002303)
[  1  0  0  0  0  0  2  0  1 ] (0.00023932)
[  1  0  0  0  0  0  2  0  2 ] (0.00110180)
[  1  0  0  0  0  0  2  1  0 ] (0.00000334)
[  1  0  0  0  0  0  2  1  1 ] (0.00000235)
[  1  0  0  0  0  0  2  2  0 ] (0.00000457)
[  1  0  0  0  0  0  3  0  0 ] (0.00000440)
[  1  0  0  0  0  0  3  0  1 ] (0.00002128)
[  1  0  0  0  0  0  3  1  0 ] (0.00027871)
[  1  0  0  0  0  0  4  0  0 ] (0.00060689)
[  1  0  0  0  0  1  0  0  0 ] (0.00000009)
[  1  0  0  0  0  1  0  0  1 ] (0.00000069)
[  1  0  0  0  0  1  0  0  2 ] (0.00003570)
[  1  0  0  0  0  1  0  0  3 ] (0.00013268)
[  1  0  0  0  0  1  0  1  0 ] (0.00000411)
[  1  0  0  0  0  1  0  1  1 ] (0.00000036)
[  1  0  0  0  0  1  0  1  2 ] (0.00015211)
[  1  0  0  0  0  1  0  2  0 ] (0.00000102)
[  1  0  0  0  0  1  0  2  1 ] (0.00001075)
[  1  0  0  0  0  1  0  3  0 ] (0.00000199)
[  1  0  0  0  0  1  1  0  0 ] (0.00000900)
[  1  0  0  0  0  1  1  0  1 ] (0.00005471)
[  1  0  0  0  0  1  1  0  2 ] (0.00021872)
[  1  0  0  0  0  1  1  1  0 ] (0.00000202)
[  1  0  0  0  0  1  1  1  1 ] (0.00000074)
[  1  0  0  0  0  1  1  2  0 ] (0.00000755)
[  1  0  0  0  0  1  2  0  0 ] (0.00004535)
[  1  0  0  0  0  1  2  0  1 ] (0.00015662)
[  1  0  0  0  0  1  2  1  0 ] (0.00006117)
[  1  0  0  0  0  1  3  0  0 ] (0.00000913)
[  1  0  0  0  0  2  0  0  0 ] (0.00000128)
[  1  0  0  0  0  2  0  0  1 ] (0.00000508)
[  1  0  0  0  0  2  0  0  2 ] (0.00000162)
[  1  0  0  0  0  2  0  1  0 ] (0.00000003)
[  1  0  0  0  0  2  0  1  1 ] (0.00005909)
[  1  0  0  0  0  2  0  2  0 ] (0.00000124)
[  1  0  0  0  0  2  1  0  0 ] (0.00000370)
[  1  0  0  0  0  2  1  0  1 ] (0.00001517)
[  1  0  0  0  0  2  1  1  0 ] (0.00001400)
[  1  0  0  0  0  2  2  0  0 ] (0.00001129)
[  1  0  0  0  0  3  0  0  0 ] (0.00000061)
[  1  0  0  0  0  3  0  0  1 ] (0.00000065)
[  1  0  0  0  0  3  0  1  0 ] (0.00000034)
[  1  0  0  0  0  3  1  0  0 ] (0.00000365)
[  1  0  0  0  0  4  0  0  0 ] (0.00000002)
[  1  0  0  0  1  0  0  0  0 ] (0.00000053)
[  1  0  0  0  1  0  0  0  1 ] (0.00000060)
[  1  0  0  0  1  0  0  0  2 ] (0.00000024)
[  1  0  0  0  1  0  0  0  3 ] (0.00000772)
[  1  0  0  0  1  0  0  1  0 ] (0.00002441)
[  1  0  0  0  1  0  0  1  1 ] (0.00036374)
[  1  0  0  0  1  0  0  1  2 ] (0.00251585)
[  1  0  0  0  1  0  0  2  0 ] (0.00003808)
[  1  0  0  0  1  0  0  2  1 ] (0.00020523)
[  1  0  0  0  1  0  0  3  0 ] (0.00001678)
[  1  0  0  0  1  0  1  0  0 ] (0.00001102)
[  1  0  0  0  1  0  1  0  1 ] (0.00002540)
[  1  0  0  0  1  0  1  0  2 ] (0.00010388)
[  1  0  0  0  1  0  1  1  0 ] (0.00000002)
[  1  0  0  0  1  0  1  1  1 ] (0.00027366)
[  1  0  0  0  1  0  1  2  0 ] (0.00000189)
[  1  0  0  0  1  0  2  0  0 ] (0.00015780)
[  1  0  0  0  1  0  2  0  1 ] (0.00058145)
[  1  0  0  0  1  0  2  1  0 ] (0.00010416)
[  1  0  0  0  1  0  3  0  0 ] (0.00006568)
[  1  0  0  0  1  1  0  0  0 ] (0.00000358)
[  1  0  0  0  1  1  0  0  1 ] (0.00001282)
[  1  0  0  0  1  1  0  0  2 ] (0.00000009)
[  1  0  0  0  1  1  0  1  0 ] (0.00000848)
[  1  0  0  0  1  1  0  1  1 ] (0.00006276)
[  1  0  0  0  1  1  0  2  0 ] (0.00000072)
[  1  0  0  0  1  1  1  0  0 ] (0.00005079)
[  1  0  0  0  1  1  1  0  1 ] (0.00006241)
[  1  0  0  0  1  1  1  1  0 ] (0.00001828)
[  1  0  0  0  1  1  2  0  0 ] (0.00002328)
[  1  0  0  0  1  2  0  0  0 ] (0.00000050)
[  1  0  0  0  1  2  0  0  1 ] (0.00000037)
[  1  0  0  0  1  2  0  1  0 ] (0.00000003)
[  1  0  0  0  1  2  1  0  0 ] (0.00000117)
[  1  0  0  0  1  3  0  0  0 ] (0.00000001)
[  1  0  0  0  2  0  0  0  0 ] (0.00000657)
[  1  0  0  0  2  0  0  0  1 ] (0.00005663)
[  1  0  0  0  2  0  0  0  2 ] (0.00001752)
[  1  0  0  0  2  0  0  1  0 ] (0.00028873)
[  1  0  0  0  2  0  0  1  1 ] (0.00074041)
[  1  0  0  0  2  0  0  2  0 ] (0.00000729)
[  1  0  0  0  2  0  1  0  0 ] (0.00006298)
[  1  0  0  0  2  0  1  0  1 ] (0.00020115)
[  1  0  0  0  2  0  1  1  0 ] (0.00036211)
[  1  0  0  0  2  0  2  0  0 ] (0.00000669)
[  1  0  0  0  2  1  0  0  0 ] (0.00000007)
[  1  0  0  0  2  1  0  0  1 ] (0.00000100)
[  1  0  0  0  2  1  0  1  0 ] (0.00000603)
[  1  0  0  0  2  1  1  0  0 ] (0.00000105)
[  1  0  0  0  2  2  0  0  0 ] (0.00000009)
[  1  0  0  0  3  0  0  0  0 ] (0.00000000)
[  1  0  0  0  3  0  0  0  1 ] (0.00000208)
[  1  0  0  0  3  0  0  1  0 ] (0.00000040)
[  1  0  0  0  3  0  1  0  0 ] (0.00000006)
[  1  0  0  0  3  1  0  0  0 ] (0.00000007)
[  1  0  0  0  4  0  0  0  0 ] (0.00000337)
[  1  0  0  1  0  0  0  0  0 ] (0.00000012)
[  1  0  0  1  0  0  0  0  1 ] (0.00000463)
[  1  0  0  1  0  0  0  0  2 ] (0.00004555)
[  1  0  0  1  0  0  0  0  3 ] (0.00000000)
[  1  0  0  1  0  0  0  1  0 ] (0.00003054)
[  1  0  0  1  0  0  0  1  1 ] (0.00011163)
[  1  0  0  1  0  0  0  1  2 ] (0.00091172)
[  1  0  0  1  0  0  0  2  0 ] (0.00010129)
[  1  0  0  1  0  0  0  2  1 ] (0.00039175)
[  1  0  0  1  0  0  0  3  0 ] (0.00001219)
[  1  0  0  1  0  0  1  0  0 ] (0.00002564)
[  1  0  0  1  0  0  1  0  1 ] (0.00020626)
[  1  0  0  1  0  0  1  0  2 ] (0.00003484)
[  1  0  0  1  0  0  1  1  0 ] (0.00000081)
[  1  0  0  1  0  0  1  1  1 ] (0.00006302)
[  1  0  0  1  0  0  1  2  0 ] (0.00019151)
[  1  0  0  1  0  0  2  0  0 ] (0.00000112)
[  1  0  0  1  0  0  2  0  1 ] (0.00000316)
[  1  0  0  1  0  0  2  1  0 ] (0.00003916)
[  1  0  0  1  0  0  3  0  0 ] (0.00000282)
[  1  0  0  1  0  1  0  0  0 ] (0.00000002)
[  1  0  0  1  0  1  0  0  1 ] (0.00000035)
[  1  0  0  1  0  1  0  0  2 ] (0.00003921)
[  1  0  0  1  0  1  0  1  0 ] (0.00003100)
[  1  0  0  1  0  1  0  1  1 ] (0.00011474)
[  1  0  0  1  0  1  0  2  0 ] (0.00001306)
[  1  0  0  1  0  1  1  0  0 ] (0.00000077)
[  1  0  0  1  0  1  1  0  1 ] (0.00010970)
[  1  0  0  1  0  1  1  1  0 ] (0.00000258)
[  1  0  0  1  0  1  2  0  0 ] (0.00000087)
[  1  0  0  1  0  2  0  0  0 ] (0.00000020)
[  1  0  0  1  0  2  0  0  1 ] (0.00000311)
[  1  0  0  1  0  2  0  1  0 ] (0.00000274)
[  1  0  0  1  0  2  1  0  0 ] (0.00000019)
[  1  0  0  1  0  3  0  0  0 ] (0.00000012)
[  1  0  0  1  1  0  0  0  0 ] (0.00000263)
[  1  0  0  1  1  0  0  0  1 ] (0.00000053)
[  1  0  0  1  1  0  0  0  2 ] (0.00000337)
[  1  0  0  1  1  0  0  1  0 ] (0.00001649)
[  1  0  0  1  1  0  0  1  1 ] (0.00040754)
[  1  0  0  1  1  0  0  2  0 ] (0.00000788)
[  1  0  0  1  1  0  1  0  0 ] (0.00003413)
[  1  0  0  1  1  0  1  0  1 ] (0.00006186)
[  1  0  0  1  1  0  1  1  0 ] (0.00002423)
[  1  0  0  1  1  0  2  0  0 ] (0.00002247)
[  1  0  0  1  1  1  0  0  0 ] (0.00000057)
[  1  0  0  1  1  1  0  0  1 ] (0.00001061)
[  1  0  0  1  1  1  0  1  0 ] (0.00000230)
[  1  0  0  1  1  1  1  0  0 ] (0.00001143)
[  1  0  0  1  1  2  0  0  0 ] (0.00000004)
[  1  0  0  1  2  0  0  0  0 ] (0.00000182)
[  1  0  0  1  2  0  0  0  1 ] (0.00000152)
[  1  0  0  1  2  0  0  1  0 ] (0.00000073)
[  1  0  0  1  2  0  1  0  0 ] (0.00000774)
[  1  0  0  1  2  1  0  0  0 ] (0.00000153)
[  1  0  0  1  3  0  0  0  0 ] (0.00000079)
[  1  0  0  2  0  0  0  0  0 ] (0.00000000)
[  1  0  0  2  0  0  0  0  1 ] (0.00000058)
[  1  0  0  2  0  0  0  0  2 ] (0.00000001)
[  1  0  0  2  0  0  0  1  0 ] (0.00000000)
[  1  0  0  2  0  0  0  1  1 ] (0.00000001)
[  1  0  0  2  0  0  0  2  0 ] (0.00000063)
[  1  0  0  2  0  0  1  0  0 ] (0.00000022)
[  1  0  0  2  0  0  1  0  1 ] (0.00000078)
[  1  0  0  2  0  0  1  1  0 ] (0.00000008)
[  1  0  0  2  0  0  2  0  0 ] (0.00000004)
[  1  0  0  2  0  1  0  0  0 ] (0.00000000)
[  1  0  0  2  0  1  0  0  1 ] (0.00000081)
[  1  0  0  2  0  1  0  1  0 ] (0.00000002)
[  1  0  0  2  0  1  1  0  0 ] (0.00000016)
[  1  0  0  2  0  2  0  0  0 ] (0.00000005)
[  1  0  0  2  1  0  0  0  0 ] (0.00000000)
[  1  0  0  2  1  0  0  0  1 ] (0.00000007)
[  1  0  0  2  1  0  0  1  0 ] (0.00000013)
[  1  0  0  2  1  0  1  0  0 ] (0.00000013)
[  1  0  0  2  1  1  0  0  0 ] (0.00000000)
[  1  0  0  2  2  0  0  0  0 ] (0.00000010)
[  1  0  0  3  0  0  0  0  0 ] (0.00000009)
[  1  0  0  3  0  0  0  0  1 ] (0.00000012)
[  1  0  0  3  0  0  0  1  0 ] (0.00000005)
[  1  0  0  3  0  0  1  0  0 ] (0.00000031)
[  1  0  0  3  0  1  0  0  0 ] (0.00000005)
[  1  0  0  3  1  0  0  0  0 ] (0.00000015)
[  1  0  0  4  0  0  0  0  0 ] (0.00000000)
[  1  0  1  0  0  0  0  0  0 ] (0.00000265)
[  1  0  1  0  0  0  0  0  1 ] (0.00002338)
[  1  0  1  0  0  0  0  0  2 ] (0.00003979)
[  1  0  1  0  0  0  0  0  3 ] (0.00030087)
[  1  0  1  0  0  0  0  1  0 ] (0.00001377)
[  1  0  1  0  0  0  0  1  1 ] (0.00001213)
[  1  0  1  0  0  0  0  1  2 ] (0.00005552)
[  1  0  1  0  0  0  0  2  0 ] (0.00000190)
[  1  0  1  0  0  0  0  2  1 ] (0.00000614)
[  1  0  1  0  0  0  0  3  0 ] (0.00001689)
[  1  0  1  0  0  0  1  0  0 ] (0.00002941)
[  1  0  1  0  0  0  1  0  1 ] (0.00011636)
[  1  0  1  0  0  0  1  0  2 ] (0.00029301)
[  1  0  1  0  0  0  1  1  0 ] (0.00000094)
[  1  0  1  0  0  0  1  1  1 ] (0.00000478)
[  1  0  1  0  0  0  1  2  0 ] (0.00000473)
[  1  0  1  0  0  0  2  0  0 ] (0.00020573)
[  1  0  1  0  0  0  2  0  1 ] (0.00075007)
[  1  0  1  0  0  0  2  1  0 ] (0.00000311)
[  1  0  1  0  0  0  3  0  0 ] (0.00002833)
[  1  0  1  0  0  1  0  0  0 ] (0.00000170)
[  1  0  1  0  0  1  0  0  1 ] (0.00001992)
[  1  0  1  0  0  1  0  0  2 ] (0.00006089)
[  1  0  1  0  0  1  0  1  0 ] (0.00004868)
[  1  0  1  0  0  1  0  1  1 ] (0.00005491)
[  1  0  1  0  0  1  0  2  0 ] (0.00000049)
[  1  0  1  0  0  1  1  0  0 ] (0.00005921)
[  1  0  1  0  0  1  1  0  1 ] (0.00012680)
[  1  0  1  0  0  1  1  1  0 ] (0.00009643)
[  1  0  1  0  0  1  2  0  0 ] (0.00002466)
[  1  0  1  0  0  2  0  0  0 ] (0.00000026)
[  1  0  1  0  0  2  0  0  1 ] (0.00000281)
[  1  0  1  0  0  2  0  1  0 ] (0.00000069)
[  1  0  1  0  0  2  1  0  0 ] (0.00000444)
[  1  0  1  0  0  3  0  0  0 ] (0.00000046)
[  1  0  1  0  1  0  0  0  0 ] (0.00000060)
[  1  0  1  0  1  0  0  0  1 ] (0.00000083)
[  1  0  1  0  1  0  0  0  2 ] (0.00000268)
[  1  0  1  0  1  0  0  1  0 ] (0.00001882)
[  1  0  1  0  1  0  0  1  1 ] (0.00007921)
[  1  0  1  0  1  0  0  2  0 ] (0.00000059)
[  1  0  1  0  1  0  1  0  0 ] (0.00006921)
[  1  0  1  0  1  0  1  0  1 ] (0.00027754)
[  1  0  1  0  1  0  1  1  0 ] (0.00000520)
[  1  0  1  0  1  0  2  0  0 ] (0.00000441)
[  1  0  1  0  1  1  0  0  0 ] (0.00000370)
[  1  0  1  0  1  1  0  0  1 ] (0.00000044)
[  1  0  1  0  1  1  0  1  0 ] (0.00002984)
[  1  0  1  0  1  1  1  0  0 ] (0.00000001)
[  1  0  1  0  1  2  0  0  0 ] (0.00000001)
[  1  0  1  0  2  0  0  0  0 ] (0.00001999)
[  1  0  1  0  2  0  0  0  1 ] (0.00001520)
[  1  0  1  0  2  0  0  1  0 ] (0.00007844)
[  1  0  1  0  2  0  1  0  0 ] (0.00001314)
[  1  0  1  0  2  1  0  0  0 ] (0.00000009)
[  1  0  1  0  3  0  0  0  0 ] (0.00000044)
[  1  0  1  1  0  0  0  0  0 ] (0.00000554)
[  1  0  1  1  0  0  0  0  1 ] (0.00000923)
[  1  0  1  1  0  0  0  0  2 ] (0.00000464)
[  1  0  1  1  0  0  0  1  0 ] (0.00000535)
[  1  0  1  1  0  0  0  1  1 ] (0.00022986)
[  1  0  1  1  0  0  0  2  0 ] (0.00001925)
[  1  0  1  1  0  0  1  0  0 ] (0.00000013)
[  1  0  1  1  0  0  1  0  1 ] (0.00000366)
[  1  0  1  1  0  0  1  1  0 ] (0.00001362)
[  1  0  1  1  0  0  2  0  0 ] (0.00000725)
[  1  0  1  1  0  1  0  0  0 ] (0.00000000)
[  1  0  1  1  0  1  0  0  1 ] (0.00000089)
[  1  0  1  1  0  1  0  1  0 ] (0.00000672)
[  1  0  1  1  0  1  1  0  0 ] (0.00000022)
[  1  0  1  1  0  2  0  0  0 ] (0.00000038)
[  1  0  1  1  1  0  0  0  0 ] (0.00000186)
[  1  0  1  1  1  0  0  0  1 ] (0.00001327)
[  1  0  1  1  1  0  0  1  0 ] (0.00000094)
[  1  0  1  1  1  0  1  0  0 ] (0.00001006)
[  1  0  1  1  1  1  0  0  0 ] (0.00000205)
[  1  0  1  1  2  0  0  0  0 ] (0.00000005)
[  1  0  1  2  0  0  0  0  0 ] (0.00000003)
[  1  0  1  2  0  0  0  0  1 ] (0.00000331)
[  1  0  1  2  0  0  0  1  0 ] (0.00000036)
[  1  0  1  2  0  0  1  0  0 ] (0.00000059)
[  1  0  1  2  0  1  0  0  0 ] (0.00000000)
[  1  0  1  2  1  0  0  0  0 ] (0.00000000)
[  1  0  1  3  0  0  0  0  0 ] (0.00000013)
[  1  0  2  0  0  0  0  0  0 ] (0.00000009)
[  1  0  2  0  0  0  0  0  1 ] (0.00000010)
[  1  0  2  0  0  0  0  0  2 ] (0.00000025)
[  1  0  2  0  0  0  0  1  0 ] (0.00000122)
[  1  0  2  0  0  0  0  1  1 ] (0.00000118)
[  1  0  2  0  0  0  0  2  0 ] (0.00000217)
[  1  0  2  0  0  0  1  0  0 ] (0.00000775)
[  1  0  2  0  0  0  1  0  1 ] (0.00002185)
[  1  0  2  0  0  0  1  1  0 ] (0.00000437)
[  1  0  2  0  0  0  2  0  0 ] (0.00000433)
[  1  0  2  0  0  1  0  0  0 ] (0.00000029)
[  1  0  2  0  0  1  0  0  1 ] (0.00000027)
[  1  0  2  0  0  1  0  1  0 ] (0.00000012)
[  1  0  2  0  0  1  1  0  0 ] (0.00000034)
[  1  0  2  0  0  2  0  0  0 ] (0.00000002)
[  1  0  2  0  1  0  0  0  0 ] (0.00000033)
[  1  0  2  0  1  0  0  0  1 ] (0.00000273)
[  1  0  2  0  1  0  0  1  0 ] (0.00000025)
[  1  0  2  0  1  0  1  0  0 ] (0.00000039)
[  1  0  2  0  1  1  0  0  0 ] (0.00000030)
[  1  0  2  0  2  0  0  0  0 ] (0.00000027)
[  1  0  2  1  0  0  0  0  0 ] (0.00000014)
[  1  0  2  1  0  0  0  0  1 ] (0.00000009)
[  1  0  2  1  0  0  0  1  0 ] (0.00000005)
[  1  0  2  1  0  0  1  0  0 ] (0.00000132)
[  1  0  2  1  0  1  0  0  0 ] (0.00000003)
[  1  0  2  1  1  0  0  0  0 ] (0.00000004)
[  1  0  2  2  0  0  0  0  0 ] (0.00000002)
[  1  0  3  0  0  0  0  0  0 ] (0.00000028)
[  1  0  3  0  0  0  0  0  1 ] (0.00000127)
[  1  0  3  0  0  0  0  1  0 ] (0.00000081)
[  1  0  3  0  0  0  1  0  0 ] (0.00000604)
[  1  0  3  0  0  1  0  0  0 ] (0.00000024)
[  1  0  3  0  1  0  0  0  0 ] (0.00000065)
[  1  0  3  1  0  0  0  0  0 ] (0.00000023)
[  1  0  4  0  0  0  0  0  0 ] (0.00000027)
[  1  1  0  0  0  0  0  0  0 ] (0.00000098)
[  1  1  0  0  0  0  0  0  1 ] (0.00000009)
[  1  1  0  0  0  0  0  0  2 ] (0.00001222)
[  1  1  0  0  0  0  0  0  3 ] (0.00003041)
[  1  1  0  0  0  0  0  1  0 ] (0.00000193)
[  1  1  0  0  0  0  0  1  1 ] (0.00000022)
[  1  1  0  0  0  0  0  1  2 ] (0.00000517)
[  1  1  0  0  0  0  0  2  0 ] (0.00000492)
[  1  1  0  0  0  0  0  2  1 ] (0.00008393)
[  1  1  0  0  0  0  0  3  0 ] (0.00000141)
[  1  1  0  0  0  0  1  0  0 ] (0.00002651)
[  1  1  0  0  0  0  1  0  1 ] (0.00013300)
[  1  1  0  0  0  0  1  0  2 ] (0.00058523)
[  1  1  0  0  0  0  1  1  0 ] (0.00003400)
[  1  1  0  0  0  0  1  1  1 ] (0.00011903)
[  1  1  0  0  0  0  1  2  0 ] (0.00001958)
[  1  1  0  0  0  0  2  0  0 ] (0.00003143)
[  1  1  0  0  0  0  2  0  1 ] (0.00017031)
[  1  1  0  0  0  0  2  1  0 ] (0.00001480)
[  1  1  0  0  0  0  3  0  0 ] (0.00000024)
[  1  1  0  0  0  1  0  0  0 ] (0.00000329)
[  1  1  0  0  0  1  0  0  1 ] (0.00000720)
[  1  1  0  0  0  1  0  0  2 ] (0.00002658)
[  1  1  0  0  0  1  0  1  0 ] (0.00000019)
[  1  1  0  0  0  1  0  1  1 ] (0.00004984)
[  1  1  0  0  0  1  0  2  0 ] (0.00000224)
[  1  1  0  0  0  1  1  0  0 ] (0.00003351)
[  1  1  0  0  0  1  1  0  1 ] (0.00020757)
[  1  1  0  0  0  1  1  1  0 ] (0.00000904)
[  1  1  0  0  0  1  2  0  0 ] (0.00002306)
[  1  1  0  0  0  2  0  0  0 ] (0.00000164)
[  1  1  0  0  0  2  0  0  1 ] (0.00000315)
[  1  1  0  0  0  2  0  1  0 ] (0.00000028)
[  1  1  0  0  0  2  1  0  0 ] (0.00000556)
[  1  1  0  0  0  3  0  0  0 ] (0.00000149)
[  1  1  0  0  1  0  0  0  0 ] (0.00000002)
[  1  1  0  0  1  0  0  0  1 ] (0.00000129)
[  1  1  0  0  1  0  0  0  2 ] (0.00004292)
[  1  1  0  0  1  0  0  1  0 ] (0.00000365)
[  1  1  0  0  1  0  0  1  1 ] (0.00002199)
[  1  1  0  0  1  0  0  2  0 ] (0.00000693)
[  1  1  0  0  1  0  1  0  0 ] (0.00002326)
[  1  1  0  0  1  0  1  0  1 ] (0.00015891)
[  1  1  0  0  1  0  1  1  0 ] (0.00023073)
[  1  1  0  0  1  0  2  0  0 ] (0.00000091)
[  1  1  0  0  1  1  0  0  0 ] (0.00000036)
[  1  1  0  0  1  1  0  0  1 ] (0.00000049)
[  1  1  0  0  1  1  0  1  0 ] (0.00000163)
[  1  1  0  0  1  1  1  0  0 ] (0.00000591)
[  1  1  0  0  1  2  0  0  0 ] (0.00000000)
[  1  1  0  0  2  0  0  0  0 ] (0.00000014)
[  1  1  0  0  2  0  0  0  1 ] (0.00001036)
[  1  1  0  0  2  0  0  1  0 ] (0.00000201)
[  1  1  0  0  2  0  1  0  0 ] (0.00000734)
[  1  1  0  0  2  1  0  0  0 ] (0.00000235)
[  1  1  0  0  3  0  0  0  0 ] (0.00000025)
[  1  1  0  1  0  0  0  0  0 ] (0.00000047)
[  1  1  0  1  0  0  0  0  1 ] (0.00000010)
[  1  1  0  1  0  0  0  0  2 ] (0.00000636)
[  1  1  0  1  0  0  0  1  0 ] (0.00000079)
[  1  1  0  1  0  0  0  1  1 ] (0.00003552)
[  1  1  0  1  0  0  0  2  0 ] (0.00000261)
[  1  1  0  1  0  0  1  0  0 ] (0.00000084)
[  1  1  0  1  0  0  1  0  1 ] (0.00000335)
[  1  1  0  1  0  0  1  1  0 ] (0.00000906)
[  1  1  0  1  0  0  2  0  0 ] (0.00000174)
[  1  1  0  1  0  1  0  0  0 ] (0.00000008)
[  1  1  0  1  0  1  0  0  1 ] (0.00000196)
[  1  1  0  1  0  1  0  1  0 ] (0.00000089)
[  1  1  0  1  0  1  1  0  0 ] (0.00000000)
[  1  1  0  1  0  2  0  0  0 ] (0.00000018)
[  1  1  0  1  1  0  0  0  0 ] (0.00000005)
[  1  1  0  1  1  0  0  0  1 ] (0.00000016)
[  1  1  0  1  1  0  0  1  0 ] (0.00000128)
[  1  1  0  1  1  0  1  0  0 ] (0.00000309)
[  1  1  0  1  1  1  0  0  0 ] (0.00000000)
[  1  1  0  1  2  0  0  0  0 ] (0.00000154)
[  1  1  0  2  0  0  0  0  0 ] (0.00000001)
[  1  1  0  2  0  0  0  0  1 ] (0.00000002)
[  1  1  0  2  0  0  0  1  0 ] (0.00000033)
[  1  1  0  2  0  0  1  0  0 ] (0.00000000)
[  1  1  0  2  0  1  0  0  0 ] (0.00000001)
[  1  1  0  2  1  0  0  0  0 ] (0.00000010)
[  1  1  0  3  0  0  0  0  0 ] (0.00000006)
[  1  1  1  0  0  0  0  0  0 ] (0.00000305)
[  1  1  1  0  0  0  0  0  1 ] (0.00000033)
[  1  1  1  0  0  0  0  0  2 ] (0.00000008)
[  1  1  1  0  0  0  0  1  0 ] (0.00001606)
[  1  1  1  0  0  0  0  1  1 ] (0.00004212)
[  1  1  1  0  0  0  0  2  0 ] (0.00003197)
[  1  1  1  0  0  0  1  0  0 ] (0.00000167)
[  1  1  1  0  0  0  1  0  1 ] (0.00003097)
[  1  1  1  0  0  0  1  1  0 ] (0.00006431)
[  1  1  1  0  0  0  2  0  0 ] (0.00001189)
[  1  1  1  0  0  1  0  0  0 ] (0.00000079)
[  1  1  1  0  0  1  0  0  1 ] (0.00000003)
[  1  1  1  0  0  1  0  1  0 ] (0.00000296)
[  1  1  1  0  0  1  1  0  0 ] (0.00000155)
[  1  1  1  0  0  2  0  0  0 ] (0.00000002)
[  1  1  1  0  1  0  0  0  0 ] (0.00000055)
[  1  1  1  0  1  0  0  0  1 ] (0.00000218)
[  1  1  1  0  1  0  0  1  0 ] (0.00000255)
[  1  1  1  0  1  0  1  0  0 ] (0.00000107)
[  1  1  1  0  1  1  0  0  0 ] (0.00000117)
[  1  1  1  0  2  0  0  0  0 ] (0.00000199)
[  1  1  1  1  0  0  0  0  0 ] (0.00000002)
[  1  1  1  1  0  0  0  0  1 ] (0.00000342)
[  1  1  1  1  0  0  0  1  0 ] (0.00000001)
[  1  1  1  1  0  0  1  0  0 ] (0.00000208)
[  1  1  1  1  0  1  0  0  0 ] (0.00000009)
[  1  1  1  1  1  0  0  0  0 ] (0.00000010)
[  1  1  1  2  0  0  0  0  0 ] (0.00000001)
[  1  1  2  0  0  0  0  0  0 ] (0.00000021)
[  1  1  2  0  0  0  0  0  1 ] (0.00000128)
[  1  1  2  0  0  0  0  1  0 ] (0.00000005)
[  1  1  2  0  0  0  1  0  0 ] (0.00000062)
[  1  1  2  0  0  1  0  0  0 ] (0.00000029)
[  1  1  2  0  1  0  0  0  0 ] (0.00000023)
[  1  1  2  1  0  0  0  0  0 ] (0.00000003)
[  1  1  3  0  0  0  0  0  0 ] (0.00000036)
[  1  2  0  0  0  0  0  0  0 ] (0.00000000)
[  1  2  0  0  0  0  0  0  1 ] (0.00000001)
[  1  2  0  0  0  0  0  0  2 ] (0.00000072)
[  1  2  0  0  0  0  0  1  0 ] (0.00000182)
[  1  2  0  0  0  0  0  1  1 ] (0.00000003)
[  1  2  0  0  0  0  0  2  0 ] (0.00000001)
[  1  2  0  0  0  0  1  0  0 ] (0.00000217)
[  1  2  0  0  0  0  1  0  1 ] (0.00001016)
[  1  2  0  0  0  0  1  1  0 ] (0.00001221)
[  1  2  0  0  0  0  2  0  0 ] (0.00000486)
[  1  2  0  0  0  1  0  0  0 ] (0.00000013)
[  1  2  0  0  0  1  0  0  1 ] (0.00000054)
[  1  2  0  0  0  1  0  1  0 ] (0.00000000)
[  1  2  0  0  0  1  1  0  0 ] (0.00000083)
[  1  2  0  0  0  2  0  0  0 ] (0.00000011)
[  1  2  0  0  1  0  0  0  0 ] (0.00000006)
[  1  2  0  0  1  0  0  0  1 ] (0.00000025)
[  1  2  0  0  1  0  0  1  0 ] (0.00000018)
[  1  2  0  0  1  0  1  0  0 ] (0.00000070)
[  1  2  0  0  1  1  0  0  0 ] (0.00000007)
[  1  2  0  0  2  0  0  0  0 ] (0.00000284)
[  1  2  0  1  0  0  0  0  0 ] (0.00000028)
[  1  2  0  1  0  0  0  0  1 ] (0.00000341)
[  1  2  0  1  0  0  0  1  0 ] (0.00000084)
[  1  2  0  1  0  0  1  0  0 ] (0.00000023)
[  1  2  0  1  0  1  0  0  0 ] (0.00000018)
[  1  2  0  1  1  0  0  0  0 ] (0.00000004)
[  1  2  0  2  0  0  0  0  0 ] (0.00000000)
[  1  2  1  0  0  0  0  0  0 ] (0.00000043)
[  1  2  1  0  0  0  0  0  1 ] (0.00000333)
[  1  2  1  0  0  0  0  1  0 ] (0.00000035)
[  1  2  1  0  0  0  1  0  0 ] (0.00000038)
[  1  2  1  0  0  1  0  0  0 ] (0.00000037)
[  1  2  1  0  1  0  0  0  0 ] (0.00000028)
[  1  2  1  1  0  0  0  0  0 ] (0.00000000)
[  1  2  2  0  0  0  0  0  0 ] (0.00000000)
[  1  3  0  0  0  0  0  0  0 ] (0.00000023)
[  1  3  0  0  0  0  0  0  1 ] (0.00000094)
[  1  3  0  0  0  0  0  1  0 ] (0.00000250)
[  1  3  0  0  0  0  1  0  0 ] (0.00000351)
[  1  3  0  0  0  1  0  0  0 ] (0.00000048)
[  1  3  0  0  1  0  0  0  0 ] (0.00000001)
[  1  3  0  1  0  0  0  0  0 ] (0.00000051)
[  1  3  1  0  0  0  0  0  0 ] (0.00000071)
[  1  4  0  0  0  0  0  0  0 ] (0.00000018)
[  2  0  0  0  0  0  0  0  0 ] (0.00000022)
[  2  0  0  0  0  0  0  0  1 ] (0.00000112)
[  2  0  0  0  0  0  0  0  2 ] (0.00001236)
[  2  0  0  0  0  0  0  0  3 ] (0.00006552)
[  2  0  0  0  0  0  0  1  0 ] (0.00000174)
[  2  0  0  0  0  0  0  1  1 ] (0.00004637)
[  2  0  0  0  0  0  0  1  2 ] (0.00015402)
[  2  0  0  0  0  0  0  2  0 ] (0.00001067)
[  2  0  0  0  0  0  0  2  1 ] (0.00001707)
[  2  0  0  0  0  0  0  3  0 ] (0.00000283)
[  2  0  0  0  0  0  1  0  0 ] (0.00002030)
[  2  0  0  0  0  0  1  0  1 ] (0.00006546)
[  2  0  0  0  0  0  1  0  2 ] (0.00017904)
[  2  0  0  0  0  0  1  1  0 ] (0.00000744)
[  2  0  0  0  0  0  1  1  1 ] (0.00008949)
[  2  0  0  0  0  0  1  2  0 ] (0.00004592)
[  2  0  0  0  0  0  2  0  0 ] (0.00005210)
[  2  0  0  0  0  0  2  0  1 ] (0.00024165)
[  2  0  0  0  0  0  2  1  0 ] (0.00000070)
[  2  0  0  0  0  0  3  0  0 ] (0.00000275)
[  2  0  0  0  0  1  0  0  0 ] (0.00000050)
[  2  0  0  0  0  1  0  0  1 ] (0.00000175)
[  2  0  0  0  0  1  0  0  2 ] (0.00000155)
[  2  0  0  0  0  1  0  1  0 ] (0.00000810)
[  2  0  0  0  0  1  0  1  1 ] (0.00005624)
[  2  0  0  0  0  1  0  2  0 ] (0.00000000)
[  2  0  0  0  0  1  1  0  0 ] (0.00001153)
[  2  0  0  0  0  1  1  0  1 ] (0.00006125)
[  2  0  0  0  0  1  1  1  0 ] (0.00000359)
[  2  0  0  0  0  1  2  0  0 ] (0.00002255)
[  2  0  0  0  0  2  0  0  0 ] (0.00000050)
[  2  0  0  0  0  2  0  0  1 ] (0.00000016)
[  2  0  0  0  0  2  0  1  0 ] (0.00000200)
[  2  0  0  0  0  2  1  0  0 ] (0.00000244)
[  2  0  0  0  0  3  0  0  0 ] (0.00000001)
[  2  0  0  0  1  0  0  0  0 ] (0.00000134)
[  2  0  0  0  1  0  0  0  1 ] (0.00001162)
[  2  0  0  0  1  0  0  0  2 ] (0.00001592)
[  2  0  0  0  1  0  0  1  0 ] (0.00000002)
[  2  0  0  0  1  0  0  1  1 ] (0.00000159)
[  2  0  0  0  1  0  0  2  0 ] (0.00000126)
[  2  0  0  0  1  0  1  0  0 ] (0.00001003)
[  2  0  0  0  1  0  1  0  1 ] (0.00005737)
[  2  0  0  0  1  0  1  1  0 ] (0.00000012)
[  2  0  0  0  1  0  2  0  0 ] (0.00000003)
[  2  0  0  0  1  1  0  0  0 ] (0.00000065)
[  2  0  0  0  1  1  0  0  1 ] (0.00001041)
[  2  0  0  0  1  1  0  1  0 ] (0.00000019)
[  2  0  0  0  1  1  1  0  0 ] (0.00000188)
[  2  0  0  0  1  2  0  0  0 ] (0.00000027)
[  2  0  0  0  2  0  0  0  0 ] (0.00000039)
[  2  0  0  0  2  0  0  0  1 ] (0.00000006)
[  2  0  0  0  2  0  0  1  0 ] (0.00000025)
[  2  0  0  0  2  0  1  0  0 ] (0.00000005)
[  2  0  0  0  2  1  0  0  0 ] (0.00000000)
[  2  0  0  0  3  0  0  0  0 ] (0.00000005)
[  2  0  0  1  0  0  0  0  0 ] (0.00000009)
[  2  0  0  1  0  0  0  0  1 ] (0.00000095)
[  2  0  0  1  0  0  0  0  2 ] (0.00000065)
[  2  0  0  1  0  0  0  1  0 ] (0.00000000)
[  2  0  0  1  0  0  0  1  1 ] (0.00000804)
[  2  0  0  1  0  0  0  2  0 ] (0.00000772)
[  2  0  0  1  0  0  1  0  0 ] (0.00000071)
[  2  0  0  1  0  0  1  0  1 ] (0.00000128)
[  2  0  0  1  0  0  1  1  0 ] (0.00000381)
[  2  0  0  1  0  0  2  0  0 ] (0.00000021)
[  2  0  0  1  0  1  0  0  0 ] (0.00000005)
[  2  0  0  1  0  1  0  0  1 ] (0.00000659)
[  2  0  0  1  0  1  0  1  0 ] (0.00000035)
[  2  0  0  1  0  1  1  0  0 ] (0.00000005)
[  2  0  0  1  0  2  0  0  0 ] (0.00000000)
[  2  0  0  1  1  0  0  0  0 ] (0.00000014)
[  2  0  0  1  1  0  0  0  1 ] (0.00000096)
[  2  0  0  1  1  0  0  1  0 ] (0.00000366)
[  2  0  0  1  1  0  1  0  0 ] (0.00000128)
[  2  0  0  1  1  1  0  0  0 ] (0.00000000)
[  2  0  0  1  2  0  0  0  0 ] (0.00000000)
[  2  0  0  2  0  0  0  0  0 ] (0.00000000)
[  2  0  0  2  0  0  0  0  1 ] (0.00000013)
[  2  0  0  2  0  0  0  1  0 ] (0.00000030)
[  2  0  0  2  0  0  1  0  0 ] (0.00000021)
[  2  0  0  2  0  1  0  0  0 ] (0.00000000)
[  2  0  0  2  1  0  0  0  0 ] (0.00000001)
[  2  0  0  3  0  0  0  0  0 ] (0.00000000)
[  2  0  1  0  0  0  0  0  0 ] (0.00000047)
[  2  0  1  0  0  0  0  0  1 ] (0.00000030)
[  2  0  1  0  0  0  0  0  2 ] (0.00000009)
[  2  0  1  0  0  0  0  1  0 ] (0.00000001)
[  2  0  1  0  0  0  0  1  1 ] (0.00000289)
[  2  0  1  0  0  0  0  2  0 ] (0.00000029)
[  2  0  1  0  0  0  1  0  0 ] (0.00000001)
[  2  0  1  0  0  0  1  0  1 ] (0.00000082)
[  2  0  1  0  0  0  1  1  0 ] (0.00000862)
[  2  0  1  0  0  0  2  0  0 ] (0.00000096)
[  2  0  1  0  0  1  0  0  0 ] (0.00000000)
[  2  0  1  0  0  1  0  0  1 ] (0.00000185)
[  2  0  1  0  0  1  0  1  0 ] (0.00000070)
[  2  0  1  0  0  1  1  0  0 ] (0.00000005)
[  2  0  1  0  0  2  0  0  0 ] (0.00000013)
[  2  0  1  0  1  0  0  0  0 ] (0.00000000)
[  2  0  1  0  1  0  0  0  1 ] (0.00000021)
[  2  0  1  0  1  0  0  1  0 ] (0.00000034)
[  2  0  1  0  1  0  1  0  0 ] (0.00000019)
[  2  0  1  0  1  1  0  0  0 ] (0.00000008)
[  2  0  1  0  2  0  0  0  0 ] (0.00000244)
[  2  0  1  1  0  0  0  0  0 ] (0.00000025)
[  2  0  1  1  0  0  0  0  1 ] (0.00002329)
[  2  0  1  1  0  0  0  1  0 ] (0.00000092)
[  2  0  1  1  0  0  1  0  0 ] (0.00000679)
[  2  0  1  1  0  1  0  0  0 ] (0.00000114)
[  2  0  1  1  1  0  0  0  0 ] (0.00000051)
[  2  0  1  2  0  0  0  0  0 ] (0.00000006)
[  2  0  2  0  0  0  0  0  0 ] (0.00000000)
[  2  0  2  0  0  0  0  0  1 ] (0.00000001)
[  2  0  2  0  0  0  0  1  0 ] (0.00000032)
[  2  0  2  0  0  0  1  0  0 ] (0.00000006)
[  2  0  2  0  0  1  0  0  0 ] (0.00000003)
[  2  0  2  0  1  0  0  0  0 ] (0.00000004)
[  2  0  2  1  0  0  0  0  0 ] (0.00000000)
[  2  0  3  0  0  0  0  0  0 ] (0.00000000)
[  2  1  0  0  0  0  0  0  0 ] (0.00000115)
[  2  1  0  0  0  0  0  0  1 ] (0.00001266)
[  2  1  0  0  0  0  0  0  2 ] (0.00000335)
[  2  1  0  0  0  0  0  1  0 ] (0.00000044)
[  2  1  0  0  0  0  0  1  1 ] (0.00000455)
[  2  1  0  0  0  0  0  2  0 ] (0.00000051)
[  2  1  0  0  0  0  1  0  0 ] (0.00001083)
[  2  1  0  0  0  0  1  0  1 ] (0.00004861)
[  2  1  0  0  0  0  1  1  0 ] (0.00000241)
[  2  1  0  0  0  0  2  0  0 ] (0.00003755)
[  2  1  0  0  0  1  0  0  0 ] (0.00000028)
[  2  1  0  0  0  1  0  0  1 ] (0.00000960)
[  2  1  0  0  0  1  0  1  0 ] (0.00000037)
[  2  1  0  0  0  1  1  0  0 ] (0.00000603)
[  2  1  0  0  0  2  0  0  0 ] (0.00000005)
[  2  1  0  0  1  0  0  0  0 ] (0.00000124)
[  2  1  0  0  1  0  0  0  1 ] (0.00000944)
[  2  1  0  0  1  0  0  1  0 ] (0.00000430)
[  2  1  0  0  1  0  1  0  0 ] (0.00001926)
[  2  1  0  0  1  1  0  0  0 ] (0.00000020)
[  2  1  0  0  2  0  0  0  0 ] (0.00000010)
[  2  1  0  1  0  0  0  0  0 ] (0.00000000)
[  2  1  0  1  0  0  0  0  1 ] (0.00000016)
[  2  1  0  1  0  0  0  1  0 ] (0.00000484)
[  2  1  0  1  0  0  1  0  0 ] (0.00000001)
[  2  1  0  1  0  1  0  0  0 ] (0.00000003)
[  2  1  0  1  1  0  0  0  0 ] (0.00000003)
[  2  1  0  2  0  0  0  0  0 ] (0.00000002)
[  2  1  1  0  0  0  0  0  0 ] (0.00000005)
[  2  1  1  0  0  0  0  0  1 ] (0.00000118)
[  2  1  1  0  0  0  0  1  0 ] (0.00000351)
[  2  1  1  0  0  0  1  0  0 ] (0.00000047)
[  2  1  1  0  0  1  0  0  0 ] (0.00000012)
[  2  1  1  0  1  0  0  0  0 ] (0.00000059)
[  2  1  1  1  0  0  0  0  0 ] (0.00000064)
[  2  1  2  0  0  0  0  0  0 ] (0.00000001)
[  2  2  0  0  0  0  0  0  0 ] (0.00000032)
[  2  2  0  0  0  0  0  0  1 ] (0.00000171)
[  2  2  0  0  0  0  0  1  0 ] (0.00000071)
[  2  2  0  0  0  0  1  0  0 ] (0.00000490)
[  2  2  0  0  0  1  0  0  0 ] (0.00000025)
[  2  2  0  0  1  0  0  0  0 ] (0.00000049)
[  2  2  0  1  0  0  0  0  0 ] (0.00000003)
[  2  2  1  0  0  0  0  0  0 ] (0.00000024)
[  2  3  0  0  0  0  0  0  0 ] (0.00000098)
[  3  0  0  0  0  0  0  0  0 ] (0.00000001)
[  3  0  0  0  0  0  0  0  1 ] (0.00000019)
[  3  0  0  0  0  0  0  0  2 ] (0.00000057)
[  3  0  0  0  0  0  0  1  0 ] (0.00000054)
[  3  0  0  0  0  0  0  1  1 ] (0.00000001)
[  3  0  0  0  0  0  0  2  0 ] (0.00000001)
[  3  0  0  0  0  0  1  0  0 ] (0.00000003)
[  3  0  0  0  0  0  1  0  1 ] (0.00000068)
[  3  0  0  0  0  0  1  1  0 ] (0.00000096)
[  3  0  0  0  0  0  2  0  0 ] (0.00000009)
[  3  0  0  0  0  1  0  0  0 ] (0.00000000)
[  3  0  0  0  0  1  0  0  1 ] (0.00000015)
[  3  0  0  0  0  1  0  1  0 ] (0.00000003)
[  3  0  0  0  0  1  1  0  0 ] (0.00000019)
[  3  0  0  0  0  2  0  0  0 ] (0.00000000)
[  3  0  0  0  1  0  0  0  0 ] (0.00000001)
[  3  0  0  0  1  0  0  0  1 ] (0.00000023)
[  3  0  0  0  1  0  0  1  0 ] (0.00000005)
[  3  0  0  0  1  0  1  0  0 ] (0.00000019)
[  3  0  0  0  1  1  0  0  0 ] (0.00000000)
[  3  0  0  0  2  0  0  0  0 ] (0.00000010)
[  3  0  0  1  0  0  0  0  0 ] (0.00000001)
[  3  0  0  1  0  0  0  0  1 ] (0.00000010)
[  3  0  0  1  0  0  0  1  0 ] (0.00000017)
[  3  0  0  1  0  0  1  0  0 ] (0.00000000)
[  3  0  0  1  0  1  0  0  0 ] (0.00000000)
[  3  0  0  1  1  0  0  0  0 ] (0.00000003)
[  3  0  0  2  0  0  0  0  0 ] (0.00000000)
[  3  0  1  0  0  0  0  0  0 ] (0.00000000)
[  3  0  1  0  0  0  0  0  1 ] (0.00000018)
[  3  0  1  0  0  0  0  1  0 ] (0.00000003)
[  3  0  1  0  0  0  1  0  0 ] (0.00000020)
[  3  0  1  0  0  1  0  0  0 ] (0.00000007)
[  3  0  1  0  1  0  0  0  0 ] (0.00000000)
[  3  0  1  1  0  0  0  0  0 ] (0.00000001)
[  3  0  2  0  0  0  0  0  0 ] (0.00000000)
[  3  1  0  0  0  0  0  0  0 ] (0.00000004)
[  3  1  0  0  0  0  0  0  1 ] (0.00000001)
[  3  1  0  0  0  0  0  1  0 ] (0.00000007)
[  3  1  0  0  0  0  1  0  0 ] (0.00000035)
[  3  1  0  0  0  1  0  0  0 ] (0.00000013)
[  3  1  0  0  1  0  0  0  0 ] (0.00000006)
[  3  1  0  1  0  0  0  0  0 ] (0.00000000)
[  3  1  1  0  0  0  0  0  0 ] (0.00000001)
[  3  2  0  0  0  0  0  0  0 ] (0.00000001)
[  4  0  0  0  0  0  0  0  0 ] (0.00000003)
[  4  0  0  0  0  0  0  0  1 ] (0.00000024)
[  4  0  0  0  0  0  0  1  0 ] (0.00000001)
[  4  0  0  0  0  0  1  0  0 ] (0.00000057)
[  4  0  0  0  0  1  0  0  0 ] (0.00000001)
[  4  0  0  0  1  0  0  0  0 ] (0.00000004)
[  4  0  0  1  0  0  0  0  0 ] (0.00000000)
[  4  0  1  0  0  0  0  0  0 ] (0.00000011)
[  4  1  0  0  0  0  0  0  0 ] (0.00000005)
[  5  0  0  0  0  0  0  0  0 ] (0.00000002)
