|  -887.784211130588 |   273.107219023489 

[  0  0  0  0  0  0  0  0  0 ] (0.00001278)
[  0  0  0  0  0  0  0  0  1 ] (0.00000095)
[  0  0  0  0  0  0  0  0  2 ] (0.00000079)
[  0  0  0  0  0  0  0  0  3 ] (0.00000912)
[  0  0  0  0  0  0  0  0  4 ] (0.00000082)
[  0  0  0  0  0  0  0  0  5 ] (0.00000140)
[  0  0  0  0  0  0  0  1  0 ] (0.00009684)
[  0  0  0  0  0  0  0  1  1 ] (0.00088151)
[  0  0  0  0  0  0  0  1  2 ] (0.00021933)
[  0  0  0  0  0  0  0  1  3 ] (0.00009759)
[  0  0  0  0  0  0  0  1  4 ] (0.00000976)
[  0  0  0  0  0  0  0  2  0 ] (0.00001217)
[  0  0  0  0  0  0  0  2  1 ] (0.00000099)
[  0  0  0  0  0  0  0  2  2 ] (0.00001760)
[  0  0  0  0  0  0  0  2  3 ] (0.00000023)
[  0  0  0  0  0  0  0  3  0 ] (0.00081847)
[  0  0  0  0  0  0  0  3  1 ] (0.00028622)
[  0  0  0  0  0  0  0  3  2 ] (0.00002454)
[  0  0  0  0  0  0  0  4  0 ] (0.02063434)
[  0  0  0  0  0  0  0  4  1 ] (0.00195751)
[  0  0  0  0  0  0  0  5  0 ] (0.00002488)
[  0  0  0  0  0  0  1  0  0 ] (0.00001605)
[  0  0  0  0  0  0  1  0  1 ] (0.00006650)
[  0  0  0  0  0  0  1  0  2 ] (0.00018027)
[  0  0  0  0  0  0  1  0  3 ] (0.00002056)
[  0  0  0  0  0  0  1  0  4 ] (0.00000975)
[  0  0  0  0  0  0  1  1  0 ] (0.00099723)
[  0  0  0  0  0  0  1  1  1 ] (0.00019573)
[  0  0  0  0  0  0  1  1  2 ] (0.00000579)
[  0  0  0  0  0  0  1  1  3 ] (0.00000685)
[  0  0  0  0  0  0  1  2  0 ] (0.00038117)
[  0  0  0  0  0  0  1  2  1 ] (0.00007177)
[  0  0  0  0  0  0  1  2  2 ] (0.00000070)
[  0  0  0  0  0  0  1  3  0 ] (0.02408431)
[  0  0  0  0  0  0  1  3  1 ] (0.00178932)
[  0  0  0  0  0  0  1  4  0 ] (0.00286370)
[  0  0  0  0  0  0  2  0  0 ] (0.00000175)
[  0  0  0  0  0  0  2  0  1 ] (0.00009025)
[  0  0  0  0  0  0  2  0  2 ] (0.00093713)
[  0  0  0  0  0  0  2  0  3 ] (0.00004975)
[  0  0  0  0  0  0  2  1  0 ] (0.00000845)
[  0  0  0  0  0  0  2  1  1 ] (0.00003216)
[  0  0  0  0  0  0  2  1  2 ] (0.00000082)
[  0  0  0  0  0  0  2  2  0 ] (0.00003302)
[  0  0  0  0  0  0  2  2  1 ] (0.00000780)
[  0  0  0  0  0  0  2  3  0 ] (0.00019424)
[  0  0  0  0  0  0  3  0  0 ] (0.00017055)
[  0  0  0  0  0  0  3  0  1 ] (0.00018305)
[  0  0  0  0  0  0  3  0  2 ] (0.00000081)
[  0  0  0  0  0  0  3  1  0 ] (0.00084858)
[  0  0  0  0  0  0  3  1  1 ] (0.00003664)
[  0  0  0  0  0  0  3  2  0 ] (0.00013736)
[  0  0  0  0  0  0  4  0  0 ] (0.00002950)
[  0  0  0  0  0  0  4  0  1 ] (0.00008947)
[  0  0  0  0  0  0  4  1  0 ] (0.00009124)
[  0  0  0  0  0  0  5  0  0 ] (0.00000084)
[  0  0  0  0  0  1  0  0  0 ] (0.00000974)
[  0  0  0  0  0  1  0  0  1 ] (0.00001957)
[  0  0  0  0  0  1  0  0  2 ] (0.00000000)
[  0  0  0  0  0  1  0  0  3 ] (0.00008752)
[  0  0  0  0  0  1  0  0  4 ] (0.00000424)
[  0  0  0  0  0  1  0  1  0 ] (0.00008563)
[  0  0  0  0  0  1  0  1  1 ] (0.00011262)
[  0  0  0  0  0  1  0  1  2 ] (0.00002188)
[  0  0  0  0  0  1  0  1  3 ] (0.00000235)
[  0  0  0  0  0  1  0  2  0 ] (0.00000110)
[  0  0  0  0  0  1  0  2  1 ] (0.00026004)
[  0  0  0  0  0  1  0  2  2 ] (0.00000683)
[  0  0  0  0  0  1  0  3  0 ] (0.00031656)
[  0  0  0  0  0  1  0  3  1 ] (0.00027678)
[  0  0  0  0  0  1  0  4  0 ] (0.00006104)
[  0  0  0  0  0  1  1  0  0 ] (0.00000247)
[  0  0  0  0  0  1  1  0  1 ] (0.00029969)
[  0  0  0  0  0  1  1  0  2 ] (0.00853690)
[  0  0  0  0  0  1  1  0  3 ] (0.00000036)
[  0  0  0  0  0  1  1  1  0 ] (0.00012404)
[  0  0  0  0  0  1  1  1  1 ] (0.00011906)
[  0  0  0  0  0  1  1  1  2 ] (0.00000118)
[  0  0  0  0  0  1  1  2  0 ] (0.00027175)
[  0  0  0  0  0  1  1  2  1 ] (0.00011899)
[  0  0  0  0  0  1  1  3  0 ] (0.00009485)
[  0  0  0  0  0  1  2  0  0 ] (0.00000005)
[  0  0  0  0  0  1  2  0  1 ] (0.00003062)
[  0  0  0  0  0  1  2  0  2 ] (0.00017113)
[  0  0  0  0  0  1  2  1  0 ] (0.00018447)
[  0  0  0  0  0  1  2  1  1 ] (0.00001038)
[  0  0  0  0  0  1  2  2  0 ] (0.00000824)
[  0  0  0  0  0  1  3  0  0 ] (0.00000134)
[  0  0  0  0  0  1  3  0  1 ] (0.00005664)
[  0  0  0  0  0  1  3  1  0 ] (0.00008772)
[  0  0  0  0  0  1  4  0  0 ] (0.00001552)
[  0  0  0  0  0  2  0  0  0 ] (0.00001130)
[  0  0  0  0  0  2  0  0  1 ] (0.00002381)
[  0  0  0  0  0  2  0  0  2 ] (0.00001027)
[  0  0  0  0  0  2  0  0  3 ] (0.00014992)
[  0  0  0  0  0  2  0  1  0 ] (0.00002705)
[  0  0  0  0  0  2  0  1  1 ] (0.00021669)
[  0  0  0  0  0  2  0  1  2 ] (0.00004291)
[  0  0  0  0  0  2  0  2  0 ] (0.00000207)
[  0  0  0  0  0  2  0  2  1 ] (0.00005260)
[  0  0  0  0  0  2  0  3  0 ] (0.00123985)
[  0  0  0  0  0  2  1  0  0 ] (0.00000978)
[  0  0  0  0  0  2  1  0  1 ] (0.00006521)
[  0  0  0  0  0  2  1  0  2 ] (0.00023849)
[  0  0  0  0  0  2  1  1  0 ] (0.00000001)
[  0  0  0  0  0  2  1  1  1 ] (0.00002792)
[  0  0  0  0  0  2  1  2  0 ] (0.00006736)
[  0  0  0  0  0  2  2  0  0 ] (0.00000020)
[  0  0  0  0  0  2  2  0  1 ] (0.00000000)
[  0  0  0  0  0  2  2  1  0 ] (0.00000308)
[  0  0  0  0  0  2  3  0  0 ] (0.00011571)
[  0  0  0  0  0  3  0  0  0 ] (0.00000349)
[  0  0  0  0  0  3  0  0  1 ] (0.00000103)
[  0  0  0  0  0  3  0  0  2 ] (0.00031716)
[  0  0  0  0  0  3  0  1  0 ] (0.00005613)
[  0  0  0  0  0  3  0  1  1 ] (0.00015869)
[  0  0  0  0  0  3  0  2  0 ] (0.00065458)
[  0  0  0  0  0  3  1  0  0 ] (0.00003625)
[  0  0  0  0  0  3  1  0  1 ] (0.00001404)
[  0  0  0  0  0  3  1  1  0 ] (0.00010304)
[  0  0  0  0  0  3  2  0  0 ] (0.00000003)
[  0  0  0  0  0  4  0  0  0 ] (0.00000662)
[  0  0  0  0  0  4  0  0  1 ] (0.00385175)
[  0  0  0  0  0  4  0  1  0 ] (0.00025326)
[  0  0  0  0  0  4  1  0  0 ] (0.00033825)
[  0  0  0  0  0  5  0  0  0 ] (0.00003549)
[  0  0  0  0  1  0  0  0  0 ] (0.00000192)
[  0  0  0  0  1  0  0  0  1 ] (0.00000114)
[  0  0  0  0  1  0  0  0  2 ] (0.00016294)
[  0  0  0  0  1  0  0  0  3 ] (0.00458070)
[  0  0  0  0  1  0  0  0  4 ] (0.00000971)
[  0  0  0  0  1  0  0  1  0 ] (0.00012198)
[  0  0  0  0  1  0  0  1  1 ] (0.00001902)
[  0  0  0  0  1  0  0  1  2 ] (0.00007765)
[  0  0  0  0  1  0  0  1  3 ] (0.00004206)
[  0  0  0  0  1  0  0  2  0 ] (0.00015451)
[  0  0  0  0  1  0  0  2  1 ] (0.03992488)
[  0  0  0  0  1  0  0  2  2 ] (0.00590420)
[  0  0  0  0  1  0  0  3  0 ] (0.00003712)
[  0  0  0  0  1  0  0  3  1 ] (0.00019648)
[  0  0  0  0  1  0  0  4  0 ] (0.00036685)
[  0  0  0  0  1  0  1  0  0 ] (0.00000000)
[  0  0  0  0  1  0  1  0  1 ] (0.00017512)
[  0  0  0  0  1  0  1  0  2 ] (0.00315755)
[  0  0  0  0  1  0  1  0  3 ] (0.00008247)
[  0  0  0  0  1  0  1  1  0 ] (0.00004119)
[  0  0  0  0  1  0  1  1  1 ] (0.00021874)
[  0  0  0  0  1  0  1  1  2 ] (0.00000397)
[  0  0  0  0  1  0  1  2  0 ] (0.01790677)
[  0  0  0  0  1  0  1  2  1 ] (0.00005215)
[  0  0  0  0  1  0  1  3  0 ] (0.00018314)
[  0  0  0  0  1  0  2  0  0 ] (0.00006440)
[  0  0  0  0  1  0  2  0  1 ] (0.00014889)
[  0  0  0  0  1  0  2  0  2 ] (0.00003623)
[  0  0  0  0  1  0  2  1  0 ] (0.00013415)
[  0  0  0  0  1  0  2  1  1 ] (0.00000901)
[  0  0  0  0  1  0  2  2  0 ] (0.00123821)
[  0  0  0  0  1  0  3  0  0 ] (0.00034223)
[  0  0  0  0  1  0  3  0  1 ] (0.00030878)
[  0  0  0  0  1  0  3  1  0 ] (0.00035014)
[  0  0  0  0  1  0  4  0  0 ] (0.00003160)
[  0  0  0  0  1  1  0  0  0 ] (0.00001491)
[  0  0  0  0  1  1  0  0  1 ] (0.00013386)
[  0  0  0  0  1  1  0  0  2 ] (0.00004120)
[  0  0  0  0  1  1  0  0  3 ] (0.00026509)
[  0  0  0  0  1  1  0  1  0 ] (0.00005963)
[  0  0  0  0  1  1  0  1  1 ] (0.00579834)
[  0  0  0  0  1  1  0  1  2 ] (0.00052675)
[  0  0  0  0  1  1  0  2  0 ] (0.00002684)
[  0  0  0  0  1  1  0  2  1 ] (0.00185787)
[  0  0  0  0  1  1  0  3  0 ] (0.00008529)
[  0  0  0  0  1  1  1  0  0 ] (0.00000982)
[  0  0  0  0  1  1  1  0  1 ] (0.00001691)
[  0  0  0  0  1  1  1  0  2 ] (0.00008410)
[  0  0  0  0  1  1  1  1  0 ] (0.00004096)
[  0  0  0  0  1  1  1  1  1 ] (0.00013122)
[  0  0  0  0  1  1  1  2  0 ] (0.00102486)
[  0  0  0  0  1  1  2  0  0 ] (0.00000375)
[  0  0  0  0  1  1  2  0  1 ] (0.00012740)
[  0  0  0  0  1  1  2  1  0 ] (0.00004939)
[  0  0  0  0  1  1  3  0  0 ] (0.00009164)
[  0  0  0  0  1  2  0  0  0 ] (0.00003969)
[  0  0  0  0  1  2  0  0  1 ] (0.00017487)
[  0  0  0  0  1  2  0  0  2 ] (0.00004451)
[  0  0  0  0  1  2  0  1  0 ] (0.00005824)
[  0  0  0  0  1  2  0  1  1 ] (0.00022637)
[  0  0  0  0  1  2  0  2  0 ] (0.00341565)
[  0  0  0  0  1  2  1  0  0 ] (0.00000166)
[  0  0  0  0  1  2  1  0  1 ] (0.00009147)
[  0  0  0  0  1  2  1  1  0 ] (0.00022209)
[  0  0  0  0  1  2  2  0  0 ] (0.00004012)
[  0  0  0  0  1  3  0  0  0 ] (0.00006493)
[  0  0  0  0  1  3  0  0  1 ] (0.00096804)
[  0  0  0  0  1  3  0  1  0 ] (0.00005298)
[  0  0  0  0  1  3  1  0  0 ] (0.00010279)
[  0  0  0  0  1  4  0  0  0 ] (0.00008630)
[  0  0  0  0  2  0  0  0  0 ] (0.00000006)
[  0  0  0  0  2  0  0  0  1 ] (0.00000686)
[  0  0  0  0  2  0  0  0  2 ] (0.00000491)
[  0  0  0  0  2  0  0  0  3 ] (0.00005601)
[  0  0  0  0  2  0  0  1  0 ] (0.00033673)
[  0  0  0  0  2  0  0  1  1 ] (0.00001831)
[  0  0  0  0  2  0  0  1  2 ] (0.00001817)
[  0  0  0  0  2  0  0  2  0 ] (0.00000364)
[  0  0  0  0  2  0  0  2  1 ] (0.00006310)
[  0  0  0  0  2  0  0  3  0 ] (0.00015155)
[  0  0  0  0  2  0  1  0  0 ] (0.00002630)
[  0  0  0  0  2  0  1  0  1 ] (0.00000726)
[  0  0  0  0  2  0  1  0  2 ] (0.00000001)
[  0  0  0  0  2  0  1  1  0 ] (0.00000265)
[  0  0  0  0  2  0  1  1  1 ] (0.00000586)
[  0  0  0  0  2  0  1  2  0 ] (0.00000900)
[  0  0  0  0  2  0  2  0  0 ] (0.00000156)
[  0  0  0  0  2  0  2  0  1 ] (0.00002787)
[  0  0  0  0  2  0  2  1  0 ] (0.00000313)
[  0  0  0  0  2  0  3  0  0 ] (0.00011005)
[  0  0  0  0  2  1  0  0  0 ] (0.00000436)
[  0  0  0  0  2  1  0  0  1 ] (0.00008238)
[  0  0  0  0  2  1  0  0  2 ] (0.00055491)
[  0  0  0  0  2  1  0  1  0 ] (0.00038876)
[  0  0  0  0  2  1  0  1  1 ] (0.00038926)
[  0  0  0  0  2  1  0  2  0 ] (0.00216320)
[  0  0  0  0  2  1  1  0  0 ] (0.00005118)
[  0  0  0  0  2  1  1  0  1 ] (0.00027560)
[  0  0  0  0  2  1  1  1  0 ] (0.00030259)
[  0  0  0  0  2  1  2  0  0 ] (0.00013775)
[  0  0  0  0  2  2  0  0  0 ] (0.00003157)
[  0  0  0  0  2  2  0  0  1 ] (0.00029524)
[  0  0  0  0  2  2  0  1  0 ] (0.00142663)
[  0  0  0  0  2  2  1  0  0 ] (0.00018602)
[  0  0  0  0  2  3  0  0  0 ] (0.00001786)
[  0  0  0  0  3  0  0  0  0 ] (0.00000049)
[  0  0  0  0  3  0  0  0  1 ] (0.00000570)
[  0  0  0  0  3  0  0  0  2 ] (0.00000111)
[  0  0  0  0  3  0  0  1  0 ] (0.00007440)
[  0  0  0  0  3  0  0  1  1 ] (0.00029281)
[  0  0  0  0  3  0  0  2  0 ] (0.00005800)
[  0  0  0  0  3  0  1  0  0 ] (0.00014996)
[  0  0  0  0  3  0  1  0  1 ] (0.00029467)
[  0  0  0  0  3  0  1  1  0 ] (0.00011955)
[  0  0  0  0  3  0  2  0  0 ] (0.00001334)
[  0  0  0  0  3  1  0  0  0 ] (0.00000200)
[  0  0  0  0  3  1  0  0  1 ] (0.00002365)
[  0  0  0  0  3  1  0  1  0 ] (0.00182263)
[  0  0  0  0  3  1  1  0  0 ] (0.00019632)
[  0  0  0  0  3  2  0  0  0 ] (0.00001048)
[  0  0  0  0  4  0  0  0  0 ] (0.00000203)
[  0  0  0  0  4  0  0  0  1 ] (0.00025815)
[  0  0  0  0  4  0  0  1  0 ] (0.00055367)
[  0  0  0  0  4  0  1  0  0 ] (0.00054419)
[  0  0  0  0  4  1  0  0  0 ] (0.00004958)
[  0  0  0  0  5  0  0  0  0 ] (0.00001298)
[  0  0  0  1  0  0  0  0  0 ] (0.00000037)
[  0  0  0  1  0  0  0  0  1 ] (0.00002273)
[  0  0  0  1  0  0  0  0  2 ] (0.00000000)
[  0  0  0  1  0  0  0  0  3 ] (0.00005964)
[  0  0  0  1  0  0  0  0  4 ] (0.00000300)
[  0  0  0  1  0  0  0  1  0 ] (0.00001717)
[  0  0  0  1  0  0  0  1  1 ] (0.00015325)
[  0  0  0  1  0  0  0  1  2 ] (0.00039129)
[  0  0  0  1  0  0  0  1  3 ] (0.00000130)
[  0  0  0  1  0  0  0  2  0 ] (0.00034107)
[  0  0  0  1  0  0  0  2  1 ] (0.00046468)
[  0  0  0  1  0  0  0  2  2 ] (0.00051916)
[  0  0  0  1  0  0  0  3  0 ] (0.00003275)
[  0  0  0  1  0  0  0  3  1 ] (0.00002183)
[  0  0  0  1  0  0  0  4  0 ] (0.00014399)
[  0  0  0  1  0  0  1  0  0 ] (0.00003635)
[  0  0  0  1  0  0  1  0  1 ] (0.00002955)
[  0  0  0  1  0  0  1  0  2 ] (0.00003236)
[  0  0  0  1  0  0  1  0  3 ] (0.00000740)
[  0  0  0  1  0  0  1  1  0 ] (0.00000182)
[  0  0  0  1  0  0  1  1  1 ] (0.00020093)
[  0  0  0  1  0  0  1  1  2 ] (0.00003580)
[  0  0  0  1  0  0  1  2  0 ] (0.00013732)
[  0  0  0  1  0  0  1  2  1 ] (0.00004226)
[  0  0  0  1  0  0  1  3  0 ] (0.00000787)
[  0  0  0  1  0  0  2  0  0 ] (0.00002174)
[  0  0  0  1  0  0  2  0  1 ] (0.00004557)
[  0  0  0  1  0  0  2  0  2 ] (0.00004016)
[  0  0  0  1  0  0  2  1  0 ] (0.00007378)
[  0  0  0  1  0  0  2  1  1 ] (0.00001739)
[  0  0  0  1  0  0  2  2  0 ] (0.00009352)
[  0  0  0  1  0  0  3  0  0 ] (0.00006505)
[  0  0  0  1  0  0  3  0  1 ] (0.00002402)
[  0  0  0  1  0  0  3  1  0 ] (0.00001351)
[  0  0  0  1  0  0  4  0  0 ] (0.00003708)
[  0  0  0  1  0  1  0  0  0 ] (0.00001467)
[  0  0  0  1  0  1  0  0  1 ] (0.00036815)
[  0  0  0  1  0  1  0  0  2 ] (0.00019555)
[  0  0  0  1  0  1  0  0  3 ] (0.00009563)
[  0  0  0  1  0  1  0  1  0 ] (0.00007396)
[  0  0  0  1  0  1  0  1  1 ] (0.00000001)
[  0  0  0  1  0  1  0  1  2 ] (0.00004692)
[  0  0  0  1  0  1  0  2  0 ] (0.00002885)
[  0  0  0  1  0  1  0  2  1 ] (0.00020983)
[  0  0  0  1  0  1  0  3  0 ] (0.00184941)
[  0  0  0  1  0  1  1  0  0 ] (0.00011613)
[  0  0  0  1  0  1  1  0  1 ] (0.00001851)
[  0  0  0  1  0  1  1  0  2 ] (0.00000196)
[  0  0  0  1  0  1  1  1  0 ] (0.00000955)
[  0  0  0  1  0  1  1  1  1 ] (0.00006030)
[  0  0  0  1  0  1  1  2  0 ] (0.00001415)
[  0  0  0  1  0  1  2  0  0 ] (0.00002897)
[  0  0  0  1  0  1  2  0  1 ] (0.00004874)
[  0  0  0  1  0  1  2  1  0 ] (0.00001432)
[  0  0  0  1  0  1  3  0  0 ] (0.00003015)
[  0  0  0  1  0  2  0  0  0 ] (0.00000158)
[  0  0  0  1  0  2  0  0  1 ] (0.00024748)
[  0  0  0  1  0  2  0  0  2 ] (0.00094834)
[  0  0  0  1  0  2  0  1  0 ] (0.00009973)
[  0  0  0  1  0  2  0  1  1 ] (0.00008662)
[  0  0  0  1  0  2  0  2  0 ] (0.00212116)
[  0  0  0  1  0  2  1  0  0 ] (0.00008796)
[  0  0  0  1  0  2  1  0  1 ] (0.00049026)
[  0  0  0  1  0  2  1  1  0 ] (0.00015043)
[  0  0  0  1  0  2  2  0  0 ] (0.00003379)
[  0  0  0  1  0  3  0  0  0 ] (0.00003555)
[  0  0  0  1  0  3  0  0  1 ] (0.00567562)
[  0  0  0  1  0  3  0  1  0 ] (0.00133525)
[  0  0  0  1  0  3  1  0  0 ] (0.00009697)
[  0  0  0  1  0  4  0  0  0 ] (0.00002110)
[  0  0  0  1  1  0  0  0  0 ] (0.00000725)
[  0  0  0  1  1  0  0  0  1 ] (0.00000801)
[  0  0  0  1  1  0  0  0  2 ] (0.00002010)
[  0  0  0  1  1  0  0  0  3 ] (0.00000614)
[  0  0  0  1  1  0  0  1  0 ] (0.00061602)
[  0  0  0  1  1  0  0  1  1 ] (0.00211641)
[  0  0  0  1  1  0  0  1  2 ] (0.00040070)
[  0  0  0  1  1  0  0  2  0 ] (0.00003273)
[  0  0  0  1  1  0  0  2  1 ] (0.00000071)
[  0  0  0  1  1  0  0  3  0 ] (0.00000032)
[  0  0  0  1  1  0  1  0  0 ] (0.00019748)
[  0  0  0  1  1  0  1  0  1 ] (0.00009659)
[  0  0  0  1  1  0  1  0  2 ] (0.00004637)
[  0  0  0  1  1  0  1  1  0 ] (0.00031491)
[  0  0  0  1  1  0  1  1  1 ] (0.00024955)
[  0  0  0  1  1  0  1  2  0 ] (0.00013528)
[  0  0  0  1  1  0  2  0  0 ] (0.00000013)
[  0  0  0  1  1  0  2  0  1 ] (0.00000509)
[  0  0  0  1  1  0  2  1  0 ] (0.00012319)
[  0  0  0  1  1  0  3  0  0 ] (0.00325396)
[  0  0  0  1  1  1  0  0  0 ] (0.00004717)
[  0  0  0  1  1  1  0  0  1 ] (0.00001746)
[  0  0  0  1  1  1  0  0  2 ] (0.00005442)
[  0  0  0  1  1  1  0  1  0 ] (0.00055677)
[  0  0  0  1  1  1  0  1  1 ] (0.00135596)
[  0  0  0  1  1  1  0  2  0 ] (0.00006610)
[  0  0  0  1  1  1  1  0  0 ] (0.00034901)
[  0  0  0  1  1  1  1  0  1 ] (0.00002838)
[  0  0  0  1  1  1  1  1  0 ] (0.00058916)
[  0  0  0  1  1  1  2  0  0 ] (0.00000008)
[  0  0  0  1  1  2  0  0  0 ] (0.00001881)
[  0  0  0  1  1  2  0  0  1 ] (0.00002896)
[  0  0  0  1  1  2  0  1  0 ] (0.00620762)
[  0  0  0  1  1  2  1  0  0 ] (0.00074513)
[  0  0  0  1  1  3  0  0  0 ] (0.00001841)
[  0  0  0  1  2  0  0  0  0 ] (0.00000249)
[  0  0  0  1  2  0  0  0  1 ] (0.00000650)
[  0  0  0  1  2  0  0  0  2 ] (0.00318687)
[  0  0  0  1  2  0  0  1  0 ] (0.00063133)
[  0  0  0  1  2  0  0  1  1 ] (0.00088412)
[  0  0  0  1  2  0  0  2  0 ] (0.00293044)
[  0  0  0  1  2  0  1  0  0 ] (0.00001271)
[  0  0  0  1  2  0  1  0  1 ] (0.00009425)
[  0  0  0  1  2  0  1  1  0 ] (0.00010936)
[  0  0  0  1  2  0  2  0  0 ] (0.00012960)
[  0  0  0  1  2  1  0  0  0 ] (0.00000104)
[  0  0  0  1  2  1  0  0  1 ] (0.00025044)
[  0  0  0  1  2  1  0  1  0 ] (0.00203079)
[  0  0  0  1  2  1  1  0  0 ] (0.00005722)
[  0  0  0  1  2  2  0  0  0 ] (0.00000081)
[  0  0  0  1  3  0  0  0  0 ] (0.00000568)
[  0  0  0  1  3  0  0  0  1 ] (0.00001926)
[  0  0  0  1  3  0  0  1  0 ] (0.00029694)
[  0  0  0  1  3  0  1  0  0 ] (0.00025468)
[  0  0  0  1  3  1  0  0  0 ] (0.00001854)
[  0  0  0  1  4  0  0  0  0 ] (0.00002269)
[  0  0  0  2  0  0  0  0  0 ] (0.00000553)
[  0  0  0  2  0  0  0  0  1 ] (0.00000613)
[  0  0  0  2  0  0  0  0  2 ] (0.00002879)
[  0  0  0  2  0  0  0  0  3 ] (0.00009443)
[  0  0  0  2  0  0  0  1  0 ] (0.00001450)
[  0  0  0  2  0  0  0  1  1 ] (0.00000041)
[  0  0  0  2  0  0  0  1  2 ] (0.00000746)
[  0  0  0  2  0  0  0  2  0 ] (0.00000951)
[  0  0  0  2  0  0  0  2  1 ] (0.00002977)
[  0  0  0  2  0  0  0  3  0 ] (0.00009987)
[  0  0  0  2  0  0  1  0  0 ] (0.00005535)
[  0  0  0  2  0  0  1  0  1 ] (0.00002136)
[  0  0  0  2  0  0  1  0  2 ] (0.00032235)
[  0  0  0  2  0  0  1  1  0 ] (0.00002774)
[  0  0  0  2  0  0  1  1  1 ] (0.00000279)
[  0  0  0  2  0  0  1  2  0 ] (0.00002021)
[  0  0  0  2  0  0  2  0  0 ] (0.00000415)
[  0  0  0  2  0  0  2  0  1 ] (0.00013041)
[  0  0  0  2  0  0  2  1  0 ] (0.00002366)
[  0  0  0  2  0  0  3  0  0 ] (0.00004404)
[  0  0  0  2  0  1  0  0  0 ] (0.00001413)
[  0  0  0  2  0  1  0  0  1 ] (0.00003856)
[  0  0  0  2  0  1  0  0  2 ] (0.00011288)
[  0  0  0  2  0  1  0  1  0 ] (0.00002598)
[  0  0  0  2  0  1  0  1  1 ] (0.00005082)
[  0  0  0  2  0  1  0  2  0 ] (0.00021374)
[  0  0  0  2  0  1  1  0  0 ] (0.00010346)
[  0  0  0  2  0  1  1  0  1 ] (0.00032576)
[  0  0  0  2  0  1  1  1  0 ] (0.00003433)
[  0  0  0  2  0  1  2  0  0 ] (0.00000339)
[  0  0  0  2  0  2  0  0  0 ] (0.00001829)
[  0  0  0  2  0  2  0  0  1 ] (0.00000047)
[  0  0  0  2  0  2  0  1  0 ] (0.00001640)
[  0  0  0  2  0  2  1  0  0 ] (0.00019147)
[  0  0  0  2  0  3  0  0  0 ] (0.00003142)
[  0  0  0  2  1  0  0  0  0 ] (0.00002547)
[  0  0  0  2  1  0  0  0  1 ] (0.00012876)
[  0  0  0  2  1  0  0  0  2 ] (0.00088221)
[  0  0  0  2  1  0  0  1  0 ] (0.00000004)
[  0  0  0  2  1  0  0  1  1 ] (0.00000594)
[  0  0  0  2  1  0  0  2  0 ] (0.00163745)
[  0  0  0  2  1  0  1  0  0 ] (0.00000072)
[  0  0  0  2  1  0  1  0  1 ] (0.00075394)
[  0  0  0  2  1  0  1  1  0 ] (0.00019818)
[  0  0  0  2  1  0  2  0  0 ] (0.00004340)
[  0  0  0  2  1  1  0  0  0 ] (0.00004999)
[  0  0  0  2  1  1  0  0  1 ] (0.00022107)
[  0  0  0  2  1  1  0  1  0 ] (0.00000173)
[  0  0  0  2  1  1  1  0  0 ] (0.00004606)
[  0  0  0  2  1  2  0  0  0 ] (0.00005585)
[  0  0  0  2  2  0  0  0  0 ] (0.00000389)
[  0  0  0  2  2  0  0  0  1 ] (0.00000299)
[  0  0  0  2  2  0  0  1  0 ] (0.00014863)
[  0  0  0  2  2  0  1  0  0 ] (0.00006219)
[  0  0  0  2  2  1  0  0  0 ] (0.00000288)
[  0  0  0  2  3  0  0  0  0 ] (0.00000160)
[  0  0  0  3  0  0  0  0  0 ] (0.00000228)
[  0  0  0  3  0  0  0  0  1 ] (0.00001286)
[  0  0  0  3  0  0  0  0  2 ] (0.00001494)
[  0  0  0  3  0  0  0  1  0 ] (0.00002035)
[  0  0  0  3  0  0  0  1  1 ] (0.00000920)
[  0  0  0  3  0  0  0  2  0 ] (0.00009286)
[  0  0  0  3  0  0  1  0  0 ] (0.00002017)
[  0  0  0  3  0  0  1  0  1 ] (0.00051755)
[  0  0  0  3  0  0  1  1  0 ] (0.00011644)
[  0  0  0  3  0  0  2  0  0 ] (0.00000962)
[  0  0  0  3  0  1  0  0  0 ] (0.00000674)
[  0  0  0  3  0  1  0  0  1 ] (0.00006364)
[  0  0  0  3  0  1  0  1  0 ] (0.00018130)
[  0  0  0  3  0  1  1  0  0 ] (0.00019598)
[  0  0  0  3  0  2  0  0  0 ] (0.00000897)
[  0  0  0  3  1  0  0  0  0 ] (0.00001472)
[  0  0  0  3  1  0  0  0  1 ] (0.00001325)
[  0  0  0  3  1  0  0  1  0 ] (0.00016722)
[  0  0  0  3  1  0  1  0  0 ] (0.00001553)
[  0  0  0  3  1  1  0  0  0 ] (0.00001440)
[  0  0  0  3  2  0  0  0  0 ] (0.00000161)
[  0  0  0  4  0  0  0  0  0 ] (0.00000125)
[  0  0  0  4  0  0  0  0  1 ] (0.00011255)
[  0  0  0  4  0  0  0  1  0 ] (0.00008141)
[  0  0  0  4  0  0  1  0  0 ] (0.00002131)
[  0  0  0  4  0  1  0  0  0 ] (0.00000205)
[  0  0  0  4  1  0  0  0  0 ] (0.00002474)
[  0  0  0  5  0  0  0  0  0 ] (0.00001725)
[  0  0  1  0  0  0  0  0  0 ] (0.00000041)
[  0  0  1  0  0  0  0  0  1 ] (0.00000006)
[  0  0  1  0  0  0  0  0  2 ] (0.00000087)
[  0  0  1  0  0  0  0  0  3 ] (0.00000002)
[  0  0  1  0  0  0  0  0  4 ] (0.00000184)
[  0  0  1  0  0  0  0  1  0 ] (0.00000793)
[  0  0  1  0  0  0  0  1  1 ] (0.00000371)
[  0  0  1  0  0  0  0  1  2 ] (0.00095123)
[  0  0  1  0  0  0  0  1  3 ] (0.00001549)
[  0  0  1  0  0  0  0  2  0 ] (0.00000546)
[  0  0  1  0  0  0  0  2  1 ] (0.00002804)
[  0  0  1  0  0  0  0  2  2 ] (0.00006057)
[  0  0  1  0  0  0  0  3  0 ] (0.00009165)
[  0  0  1  0  0  0  0  3  1 ] (0.00001479)
[  0  0  1  0  0  0  0  4  0 ] (0.00000842)
[  0  0  1  0  0  0  1  0  0 ] (0.00000319)
[  0  0  1  0  0  0  1  0  1 ] (0.00001463)
[  0  0  1  0  0  0  1  0  2 ] (0.00089602)
[  0  0  1  0  0  0  1  0  3 ] (0.00003349)
[  0  0  1  0  0  0  1  1  0 ] (0.00002666)
[  0  0  1  0  0  0  1  1  1 ] (0.00000747)
[  0  0  1  0  0  0  1  1  2 ] (0.00000605)
[  0  0  1  0  0  0  1  2  0 ] (0.00004160)
[  0  0  1  0  0  0  1  2  1 ] (0.00009601)
[  0  0  1  0  0  0  1  3  0 ] (0.00000525)
[  0  0  1  0  0  0  2  0  0 ] (0.00000042)
[  0  0  1  0  0  0  2  0  1 ] (0.00006110)
[  0  0  1  0  0  0  2  0  2 ] (0.00000009)
[  0  0  1  0  0  0  2  1  0 ] (0.00000693)
[  0  0  1  0  0  0  2  1  1 ] (0.00000423)
[  0  0  1  0  0  0  2  2  0 ] (0.00002692)
[  0  0  1  0  0  0  3  0  0 ] (0.00001738)
[  0  0  1  0  0  0  3  0  1 ] (0.00012220)
[  0  0  1  0  0  0  3  1  0 ] (0.00000175)
[  0  0  1  0  0  0  4  0  0 ] (0.00000838)
[  0  0  1  0  0  1  0  0  0 ] (0.00001115)
[  0  0  1  0  0  1  0  0  1 ] (0.00000023)
[  0  0  1  0  0  1  0  0  2 ] (0.00000544)
[  0  0  1  0  0  1  0  0  3 ] (0.00000465)
[  0  0  1  0  0  1  0  1  0 ] (0.00007688)
[  0  0  1  0  0  1  0  1  1 ] (0.00000067)
[  0  0  1  0  0  1  0  1  2 ] (0.00007315)
[  0  0  1  0  0  1  0  2  0 ] (0.00000131)
[  0  0  1  0  0  1  0  2  1 ] (0.00001392)
[  0  0  1  0  0  1  0  3  0 ] (0.00032441)
[  0  0  1  0  0  1  1  0  0 ] (0.00004177)
[  0  0  1  0  0  1  1  0  1 ] (0.00006855)
[  0  0  1  0  0  1  1  0  2 ] (0.00003595)
[  0  0  1  0  0  1  1  1  0 ] (0.00001376)
[  0  0  1  0  0  1  1  1  1 ] (0.00003244)
[  0  0  1  0  0  1  1  2  0 ] (0.00000453)
[  0  0  1  0  0  1  2  0  0 ] (0.00000271)
[  0  0  1  0  0  1  2  0  1 ] (0.00002177)
[  0  0  1  0  0  1  2  1  0 ] (0.00002722)
[  0  0  1  0  0  1  3  0  0 ] (0.00002084)
[  0  0  1  0  0  2  0  0  0 ] (0.00000030)
[  0  0  1  0  0  2  0  0  1 ] (0.00002714)
[  0  0  1  0  0  2  0  0  2 ] (0.00005968)
[  0  0  1  0  0  2  0  1  0 ] (0.00004738)
[  0  0  1  0  0  2  0  1  1 ] (0.00004379)
[  0  0  1  0  0  2  0  2  0 ] (0.00003840)
[  0  0  1  0  0  2  1  0  0 ] (0.00002175)
[  0  0  1  0  0  2  1  0  1 ] (0.00008367)
[  0  0  1  0  0  2  1  1  0 ] (0.00020003)
[  0  0  1  0  0  2  2  0  0 ] (0.00000006)
[  0  0  1  0  0  3  0  0  0 ] (0.00000033)
[  0  0  1  0  0  3  0  0  1 ] (0.00002441)
[  0  0  1  0  0  3  0  1  0 ] (0.00015481)
[  0  0  1  0  0  3  1  0  0 ] (0.00013642)
[  0  0  1  0  0  4  0  0  0 ] (0.00000329)
[  0  0  1  0  1  0  0  0  0 ] (0.00000482)
[  0  0  1  0  1  0  0  0  1 ] (0.00001192)
[  0  0  1  0  1  0  0  0  2 ] (0.00011512)
[  0  0  1  0  1  0  0  0  3 ] (0.00005087)
[  0  0  1  0  1  0  0  1  0 ] (0.00048505)
[  0  0  1  0  1  0  0  1  1 ] (0.00197028)
[  0  0  1  0  1  0  0  1  2 ] (0.00015336)
[  0  0  1  0  1  0  0  2  0 ] (0.00002191)
[  0  0  1  0  1  0  0  2  1 ] (0.00005314)
[  0  0  1  0  1  0  0  3  0 ] (0.00077383)
[  0  0  1  0  1  0  1  0  0 ] (0.00001942)
[  0  0  1  0  1  0  1  0  1 ] (0.00001654)
[  0  0  1  0  1  0  1  0  2 ] (0.00014425)
[  0  0  1  0  1  0  1  1  0 ] (0.00012298)
[  0  0  1  0  1  0  1  1  1 ] (0.00006675)
[  0  0  1  0  1  0  1  2  0 ] (0.00000071)
[  0  0  1  0  1  0  2  0  0 ] (0.00000113)
[  0  0  1  0  1  0  2  0  1 ] (0.00011034)
[  0  0  1  0  1  0  2  1  0 ] (0.00007279)
[  0  0  1  0  1  0  3  0  0 ] (0.00009874)
[  0  0  1  0  1  1  0  0  0 ] (0.00000092)
[  0  0  1  0  1  1  0  0  1 ] (0.00030890)
[  0  0  1  0  1  1  0  0  2 ] (0.00067724)
[  0  0  1  0  1  1  0  1  0 ] (0.00001889)
[  0  0  1  0  1  1  0  1  1 ] (0.00022381)
[  0  0  1  0  1  1  0  2  0 ] (0.00092876)
[  0  0  1  0  1  1  1  0  0 ] (0.00006419)
[  0  0  1  0  1  1  1  0  1 ] (0.00000299)
[  0  0  1  0  1  1  1  1  0 ] (0.00000839)
[  0  0  1  0  1  1  2  0  0 ] (0.00005639)
[  0  0  1  0  1  2  0  0  0 ] (0.00001599)
[  0  0  1  0  1  2  0  0  1 ] (0.00094749)
[  0  0  1  0  1  2  0  1  0 ] (0.00039744)
[  0  0  1  0  1  2  1  0  0 ] (0.00002497)
[  0  0  1  0  1  3  0  0  0 ] (0.00003576)
[  0  0  1  0  2  0  0  0  0 ] (0.00000403)
[  0  0  1  0  2  0  0  0  1 ] (0.00013596)
[  0  0  1  0  2  0  0  0  2 ] (0.00006114)
[  0  0  1  0  2  0  0  1  0 ] (0.00036333)
[  0  0  1  0  2  0  0  1  1 ] (0.00048301)
[  0  0  1  0  2  0  0  2  0 ] (0.00022131)
[  0  0  1  0  2  0  1  0  0 ] (0.00001953)
[  0  0  1  0  2  0  1  0  1 ] (0.00000441)
[  0  0  1  0  2  0  1  1  0 ] (0.00051385)
[  0  0  1  0  2  0  2  0  0 ] (0.00000002)
[  0  0  1  0  2  1  0  0  0 ] (0.00000052)
[  0  0  1  0  2  1  0  0  1 ] (0.00000000)
[  0  0  1  0  2  1  0  1  0 ] (0.00271720)
[  0  0  1  0  2  1  1  0  0 ] (0.00006248)
[  0  0  1  0  2  2  0  0  0 ] (0.00000058)
[  0  0  1  0  3  0  0  0  0 ] (0.00000025)
[  0  0  1  0  3  0  0  0  1 ] (0.00000804)
[  0  0  1  0  3  0  0  1  0 ] (0.00043444)
[  0  0  1  0  3  0  1  0  0 ] (0.00000506)
[  0  0  1  0  3  1  0  0  0 ] (0.00000750)
[  0  0  1  0  4  0  0  0  0 ] (0.00000942)
[  0  0  1  1  0  0  0  0  0 ] (0.00000279)
[  0  0  1  1  0  0  0  0  1 ] (0.00014138)
[  0  0  1  1  0  0  0  0  2 ] (0.00000073)
[  0  0  1  1  0  0  0  0  3 ] (0.00019069)
[  0  0  1  1  0  0  0  1  0 ] (0.00003450)
[  0  0  1  1  0  0  0  1  1 ] (0.00000358)
[  0  0  1  1  0  0  0  1  2 ] (0.00000451)
[  0  0  1  1  0  0  0  2  0 ] (0.00048294)
[  0  0  1  1  0  0  0  2  1 ] (0.00056505)
[  0  0  1  1  0  0  0  3  0 ] (0.01560314)
[  0  0  1  1  0  0  1  0  0 ] (0.00000463)
[  0  0  1  1  0  0  1  0  1 ] (0.00000183)
[  0  0  1  1  0  0  1  0  2 ] (0.00007146)
[  0  0  1  1  0  0  1  1  0 ] (0.00000155)
[  0  0  1  1  0  0  1  1  1 ] (0.00000395)
[  0  0  1  1  0  0  1  2  0 ] (0.00135103)
[  0  0  1  1  0  0  2  0  0 ] (0.00000070)
[  0  0  1  1  0  0  2  0  1 ] (0.00000713)
[  0  0  1  1  0  0  2  1  0 ] (0.00010189)
[  0  0  1  1  0  0  3  0  0 ] (0.00000007)
[  0  0  1  1  0  1  0  0  0 ] (0.00000051)
[  0  0  1  1  0  1  0  0  1 ] (0.00012643)
[  0  0  1  1  0  1  0  0  2 ] (0.00012099)
[  0  0  1  1  0  1  0  1  0 ] (0.00000195)
[  0  0  1  1  0  1  0  1  1 ] (0.00002878)
[  0  0  1  1  0  1  0  2  0 ] (0.00283702)
[  0  0  1  1  0  1  1  0  0 ] (0.00002564)
[  0  0  1  1  0  1  1  0  1 ] (0.00000726)
[  0  0  1  1  0  1  1  1  0 ] (0.00041582)
[  0  0  1  1  0  1  2  0  0 ] (0.00002972)
[  0  0  1  1  0  2  0  0  0 ] (0.00000556)
[  0  0  1  1  0  2  0  0  1 ] (0.00043687)
[  0  0  1  1  0  2  0  1  0 ] (0.00000901)
[  0  0  1  1  0  2  1  0  0 ] (0.00009662)
[  0  0  1  1  0  3  0  0  0 ] (0.00001954)
[  0  0  1  1  1  0  0  0  0 ] (0.00001696)
[  0  0  1  1  1  0  0  0  1 ] (0.00013793)
[  0  0  1  1  1  0  0  0  2 ] (0.00001215)
[  0  0  1  1  1  0  0  1  0 ] (0.00126258)
[  0  0  1  1  1  0  0  1  1 ] (0.00174443)
[  0  0  1  1  1  0  0  2  0 ] (0.00075574)
[  0  0  1  1  1  0  1  0  0 ] (0.00054482)
[  0  0  1  1  1  0  1  0  1 ] (0.00013265)
[  0  0  1  1  1  0  1  1  0 ] (0.00143286)
[  0  0  1  1  1  0  2  0  0 ] (0.00004392)
[  0  0  1  1  1  1  0  0  0 ] (0.00011725)
[  0  0  1  1  1  1  0  0  1 ] (0.00054119)
[  0  0  1  1  1  1  0  1  0 ] (0.01055445)
[  0  0  1  1  1  1  1  0  0 ] (0.00346695)
[  0  0  1  1  1  2  0  0  0 ] (0.00003393)
[  0  0  1  1  2  0  0  0  0 ] (0.00000046)
[  0  0  1  1  2  0  0  0  1 ] (0.00003134)
[  0  0  1  1  2  0  0  1  0 ] (0.00342126)
[  0  0  1  1  2  0  1  0  0 ] (0.00024165)
[  0  0  1  1  2  1  0  0  0 ] (0.00002387)
[  0  0  1  1  3  0  0  0  0 ] (0.00003891)
[  0  0  1  2  0  0  0  0  0 ] (0.00001603)
[  0  0  1  2  0  0  0  0  1 ] (0.00000424)
[  0  0  1  2  0  0  0  0  2 ] (0.00000028)
[  0  0  1  2  0  0  0  1  0 ] (0.00001253)
[  0  0  1  2  0  0  0  1  1 ] (0.00002904)
[  0  0  1  2  0  0  0  2  0 ] (0.00003241)
[  0  0  1  2  0  0  1  0  0 ] (0.00015101)
[  0  0  1  2  0  0  1  0  1 ] (0.00000486)
[  0  0  1  2  0  0  1  1  0 ] (0.00012596)
[  0  0  1  2  0  0  2  0  0 ] (0.00000266)
[  0  0  1  2  0  1  0  0  0 ] (0.00003106)
[  0  0  1  2  0  1  0  0  1 ] (0.00001500)
[  0  0  1  2  0  1  0  1  0 ] (0.00001131)
[  0  0  1  2  0  1  1  0  0 ] (0.00031114)
[  0  0  1  2  0  2  0  0  0 ] (0.00003035)
[  0  0  1  2  1  0  0  0  0 ] (0.00000003)
[  0  0  1  2  1  0  0  0  1 ] (0.00005957)
[  0  0  1  2  1  0  0  1  0 ] (0.00005654)
[  0  0  1  2  1  0  1  0  0 ] (0.00004380)
[  0  0  1  2  1  1  0  0  0 ] (0.00000200)
[  0  0  1  2  2  0  0  0  0 ] (0.00000761)
[  0  0  1  3  0  0  0  0  0 ] (0.00001290)
[  0  0  1  3  0  0  0  0  1 ] (0.00000038)
[  0  0  1  3  0  0  0  1  0 ] (0.00000001)
[  0  0  1  3  0  0  1  0  0 ] (0.00009676)
[  0  0  1  3  0  1  0  0  0 ] (0.00001782)
[  0  0  1  3  1  0  0  0  0 ] (0.00000000)
[  0  0  1  4  0  0  0  0  0 ] (0.00000152)
[  0  0  2  0  0  0  0  0  0 ] (0.00000303)
[  0  0  2  0  0  0  0  0  1 ] (0.00000000)
[  0  0  2  0  0  0  0  0  2 ] (0.00000376)
[  0  0  2  0  0  0  0  0  3 ] (0.00003065)
[  0  0  2  0  0  0  0  1  0 ] (0.00002555)
[  0  0  2  0  0  0  0  1  1 ] (0.00009696)
[  0  0  2  0  0  0  0  1  2 ] (0.00017888)
[  0  0  2  0  0  0  0  2  0 ] (0.00001039)
[  0  0  2  0  0  0  0  2  1 ] (0.00001632)
[  0  0  2  0  0  0  0  3  0 ] (0.00002368)
[  0  0  2  0  0  0  1  0  0 ] (0.00001899)
[  0  0  2  0  0  0  1  0  1 ] (0.00003080)
[  0  0  2  0  0  0  1  0  2 ] (0.00000738)
[  0  0  2  0  0  0  1  1  0 ] (0.00042816)
[  0  0  2  0  0  0  1  1  1 ] (0.00029366)
[  0  0  2  0  0  0  1  2  0 ] (0.00000339)
[  0  0  2  0  0  0  2  0  0 ] (0.00002234)
[  0  0  2  0  0  0  2  0  1 ] (0.00042092)
[  0  0  2  0  0  0  2  1  0 ] (0.00383429)
[  0  0  2  0  0  0  3  0  0 ] (0.00001634)
[  0  0  2  0  0  1  0  0  0 ] (0.00000110)
[  0  0  2  0  0  1  0  0  1 ] (0.00000202)
[  0  0  2  0  0  1  0  0  2 ] (0.00000250)
[  0  0  2  0  0  1  0  1  0 ] (0.00004467)
[  0  0  2  0  0  1  0  1  1 ] (0.00016488)
[  0  0  2  0  0  1  0  2  0 ] (0.00000000)
[  0  0  2  0  0  1  1  0  0 ] (0.00006726)
[  0  0  2  0  0  1  1  0  1 ] (0.00061269)
[  0  0  2  0  0  1  1  1  0 ] (0.02022288)
[  0  0  2  0  0  1  2  0  0 ] (0.00000023)
[  0  0  2  0  0  2  0  0  0 ] (0.00000495)
[  0  0  2  0  0  2  0  0  1 ] (0.00001232)
[  0  0  2  0  0  2  0  1  0 ] (0.00002800)
[  0  0  2  0  0  2  1  0  0 ] (0.00005785)
[  0  0  2  0  0  3  0  0  0 ] (0.00000449)
[  0  0  2  0  1  0  0  0  0 ] (0.00001341)
[  0  0  2  0  1  0  0  0  1 ] (0.00006709)
[  0  0  2  0  1  0  0  0  2 ] (0.00002691)
[  0  0  2  0  1  0  0  1  0 ] (0.00001197)
[  0  0  2  0  1  0  0  1  1 ] (0.00008021)
[  0  0  2  0  1  0  0  2  0 ] (0.00000878)
[  0  0  2  0  1  0  1  0  0 ] (0.00000744)
[  0  0  2  0  1  0  1  0  1 ] (0.00001838)
[  0  0  2  0  1  0  1  1  0 ] (0.00002030)
[  0  0  2  0  1  0  2  0  0 ] (0.00003337)
[  0  0  2  0  1  1  0  0  0 ] (0.00006926)
[  0  0  2  0  1  1  0  0  1 ] (0.00024094)
[  0  0  2  0  1  1  0  1  0 ] (0.00005671)
[  0  0  2  0  1  1  1  0  0 ] (0.00011322)
[  0  0  2  0  1  2  0  0  0 ] (0.00001272)
[  0  0  2  0  2  0  0  0  0 ] (0.00000644)
[  0  0  2  0  2  0  0  0  1 ] (0.00000129)
[  0  0  2  0  2  0  0  1  0 ] (0.00026282)
[  0  0  2  0  2  0  1  0  0 ] (0.00003998)
[  0  0  2  0  2  1  0  0  0 ] (0.00000299)
[  0  0  2  0  3  0  0  0  0 ] (0.00000066)
[  0  0  2  1  0  0  0  0  0 ] (0.00000436)
[  0  0  2  1  0  0  0  0  1 ] (0.00007171)
[  0  0  2  1  0  0  0  0  2 ] (0.00000025)
[  0  0  2  1  0  0  0  1  0 ] (0.00004229)
[  0  0  2  1  0  0  0  1  1 ] (0.00051804)
[  0  0  2  1  0  0  0  2  0 ] (0.00000552)
[  0  0  2  1  0  0  1  0  0 ] (0.00002403)
[  0  0  2  1  0  0  1  0  1 ] (0.00002072)
[  0  0  2  1  0  0  1  1  0 ] (0.00034569)
[  0  0  2  1  0  0  2  0  0 ] (0.00000415)
[  0  0  2  1  0  1  0  0  0 ] (0.00000341)
[  0  0  2  1  0  1  0  0  1 ] (0.00019361)
[  0  0  2  1  0  1  0  1  0 ] (0.00002096)
[  0  0  2  1  0  1  1  0  0 ] (0.00006264)
[  0  0  2  1  0  2  0  0  0 ] (0.00000527)
[  0  0  2  1  1  0  0  0  0 ] (0.00000012)
[  0  0  2  1  1  0  0  0  1 ] (0.00002594)
[  0  0  2  1  1  0  0  1  0 ] (0.00019237)
[  0  0  2  1  1  0  1  0  0 ] (0.00006928)
[  0  0  2  1  1  1  0  0  0 ] (0.00000694)
[  0  0  2  1  2  0  0  0  0 ] (0.00000182)
[  0  0  2  2  0  0  0  0  0 ] (0.00000559)
[  0  0  2  2  0  0  0  0  1 ] (0.00000002)
[  0  0  2  2  0  0  0  1  0 ] (0.00001227)
[  0  0  2  2  0  0  1  0  0 ] (0.00004702)
[  0  0  2  2  0  1  0  0  0 ] (0.00000937)
[  0  0  2  2  1  0  0  0  0 ] (0.00000366)
[  0  0  2  3  0  0  0  0  0 ] (0.00000429)
[  0  0  3  0  0  0  0  0  0 ] (0.00000001)
[  0  0  3  0  0  0  0  0  1 ] (0.00001256)
[  0  0  3  0  0  0  0  0  2 ] (0.00000012)
[  0  0  3  0  0  0  0  1  0 ] (0.00011937)
[  0  0  3  0  0  0  0  1  1 ] (0.00005105)
[  0  0  3  0  0  0  0  2  0 ] (0.00003103)
[  0  0  3  0  0  0  1  0  0 ] (0.00001618)
[  0  0  3  0  0  0  1  0  1 ] (0.00000018)
[  0  0  3  0  0  0  1  1  0 ] (0.00000337)
[  0  0  3  0  0  0  2  0  0 ] (0.00000298)
[  0  0  3  0  0  1  0  0  0 ] (0.00000313)
[  0  0  3  0  0  1  0  0  1 ] (0.00004625)
[  0  0  3  0  0  1  0  1  0 ] (0.00040737)
[  0  0  3  0  0  1  1  0  0 ] (0.00014429)
[  0  0  3  0  0  2  0  0  0 ] (0.00000262)
[  0  0  3  0  1  0  0  0  0 ] (0.00000169)
[  0  0  3  0  1  0  0  0  1 ] (0.00002569)
[  0  0  3  0  1  0  0  1  0 ] (0.00010490)
[  0  0  3  0  1  0  1  0  0 ] (0.00002170)
[  0  0  3  0  1  1  0  0  0 ] (0.00000012)
[  0  0  3  0  2  0  0  0  0 ] (0.00000514)
[  0  0  3  1  0  0  0  0  0 ] (0.00000255)
[  0  0  3  1  0  0  0  0  1 ] (0.00001769)
[  0  0  3  1  0  0  0  1  0 ] (0.00003806)
[  0  0  3  1  0  0  1  0  0 ] (0.00000032)
[  0  0  3  1  0  1  0  0  0 ] (0.00000695)
[  0  0  3  1  1  0  0  0  0 ] (0.00000011)
[  0  0  3  2  0  0  0  0  0 ] (0.00000148)
[  0  0  4  0  0  0  0  0  0 ] (0.00000189)
[  0  0  4  0  0  0  0  0  1 ] (0.00003524)
[  0  0  4  0  0  0  0  1  0 ] (0.00002794)
[  0  0  4  0  0  0  1  0  0 ] (0.00000404)
[  0  0  4  0  0  1  0  0  0 ] (0.00000241)
[  0  0  4  0  1  0  0  0  0 ] (0.00000152)
[  0  0  4  1  0  0  0  0  0 ] (0.00000057)
[  0  0  5  0  0  0  0  0  0 ] (0.00000020)
[  0  1  0  0  0  0  0  0  0 ] (0.00000093)
[  0  1  0  0  0  0  0  0  1 ] (0.00000073)
[  0  1  0  0  0  0  0  0  2 ] (0.00000031)
[  0  1  0  0  0  0  0  0  3 ] (0.00012008)
[  0  1  0  0  0  0  0  0  4 ] (0.00000224)
[  0  1  0  0  0  0  0  1  0 ] (0.00003672)
[  0  1  0  0  0  0  0  1  1 ] (0.00129964)
[  0  1  0  0  0  0  0  1  2 ] (0.04732077)
[  0  1  0  0  0  0  0  1  3 ] (0.00027646)
[  0  1  0  0  0  0  0  2  0 ] (0.00000140)
[  0  1  0  0  0  0  0  2  1 ] (0.00010979)
[  0  1  0  0  0  0  0  2  2 ] (0.00015841)
[  0  1  0  0  0  0  0  3  0 ] (0.00004395)
[  0  1  0  0  0  0  0  3  1 ] (0.00004851)
[  0  1  0  0  0  0  0  4  0 ] (0.00295486)
[  0  1  0  0  0  0  1  0  0 ] (0.00000824)
[  0  1  0  0  0  0  1  0  1 ] (0.00000397)
[  0  1  0  0  0  0  1  0  2 ] (0.00001030)
[  0  1  0  0  0  0  1  0  3 ] (0.00000171)
[  0  1  0  0  0  0  1  1  0 ] (0.00025761)
[  0  1  0  0  0  0  1  1  1 ] (0.00000287)
[  0  1  0  0  0  0  1  1  2 ] (0.00046801)
[  0  1  0  0  0  0  1  2  0 ] (0.00015290)
[  0  1  0  0  0  0  1  2  1 ] (0.00000056)
[  0  1  0  0  0  0  1  3  0 ] (0.00000002)
[  0  1  0  0  0  0  2  0  0 ] (0.00000189)
[  0  1  0  0  0  0  2  0  1 ] (0.00005091)
[  0  1  0  0  0  0  2  0  2 ] (0.00001720)
[  0  1  0  0  0  0  2  1  0 ] (0.00008345)
[  0  1  0  0  0  0  2  1  1 ] (0.00003400)
[  0  1  0  0  0  0  2  2  0 ] (0.00004044)
[  0  1  0  0  0  0  3  0  0 ] (0.00000196)
[  0  1  0  0  0  0  3  0  1 ] (0.00000449)
[  0  1  0  0  0  0  3  1  0 ] (0.00002867)
[  0  1  0  0  0  0  4  0  0 ] (0.00031135)
[  0  1  0  0  0  1  0  0  0 ] (0.00000002)
[  0  1  0  0  0  1  0  0  1 ] (0.00000741)
[  0  1  0  0  0  1  0  0  2 ] (0.00000198)
[  0  1  0  0  0  1  0  0  3 ] (0.00026690)
[  0  1  0  0  0  1  0  1  0 ] (0.00000857)
[  0  1  0  0  0  1  0  1  1 ] (0.00055429)
[  0  1  0  0  0  1  0  1  2 ] (0.00119555)
[  0  1  0  0  0  1  0  2  0 ] (0.00000206)
[  0  1  0  0  0  1  0  2  1 ] (0.00005410)
[  0  1  0  0  0  1  0  3  0 ] (0.00000025)
[  0  1  0  0  0  1  1  0  0 ] (0.00000731)
[  0  1  0  0  0  1  1  0  1 ] (0.00000340)
[  0  1  0  0  0  1  1  0  2 ] (0.00069784)
[  0  1  0  0  0  1  1  1  0 ] (0.00000001)
[  0  1  0  0  0  1  1  1  1 ] (0.00011489)
[  0  1  0  0  0  1  1  2  0 ] (0.00006764)
[  0  1  0  0  0  1  2  0  0 ] (0.00004619)
[  0  1  0  0  0  1  2  0  1 ] (0.00057662)
[  0  1  0  0  0  1  2  1  0 ] (0.00067451)
[  0  1  0  0  0  1  3  0  0 ] (0.00002205)
[  0  1  0  0  0  2  0  0  0 ] (0.00000453)
[  0  1  0  0  0  2  0  0  1 ] (0.00001111)
[  0  1  0  0  0  2  0  0  2 ] (0.00008108)
[  0  1  0  0  0  2  0  1  0 ] (0.00002217)
[  0  1  0  0  0  2  0  1  1 ] (0.00001106)
[  0  1  0  0  0  2  0  2  0 ] (0.00002333)
[  0  1  0  0  0  2  1  0  0 ] (0.00001189)
[  0  1  0  0  0  2  1  0  1 ] (0.00037984)
[  0  1  0  0  0  2  1  1  0 ] (0.00021583)
[  0  1  0  0  0  2  2  0  0 ] (0.00002124)
[  0  1  0  0  0  3  0  0  0 ] (0.00000080)
[  0  1  0  0  0  3  0  0  1 ] (0.00000463)
[  0  1  0  0  0  3  0  1  0 ] (0.00001835)
[  0  1  0  0  0  3  1  0  0 ] (0.00000010)
[  0  1  0  0  0  4  0  0  0 ] (0.00000060)
[  0  1  0  0  1  0  0  0  0 ] (0.00000034)
[  0  1  0  0  1  0  0  0  1 ] (0.00000094)
[  0  1  0  0  1  0  0  0  2 ] (0.00003283)
[  0  1  0  0  1  0  0  0  3 ] (0.00000433)
[  0  1  0  0  1  0  0  1  0 ] (0.00017327)
[  0  1  0  0  1  0  0  1  1 ] (0.00090710)
[  0  1  0  0  1  0  0  1  2 ] (0.00014185)
[  0  1  0  0  1  0  0  2  0 ] (0.00000076)
[  0  1  0  0  1  0  0  2  1 ] (0.00000502)
[  0  1  0  0  1  0  0  3  0 ] (0.00033916)
[  0  1  0  0  1  0  1  0  0 ] (0.00002812)
[  0  1  0  0  1  0  1  0  1 ] (0.00039421)
[  0  1  0  0  1  0  1  0  2 ] (0.00240289)
[  0  1  0  0  1  0  1  1  0 ] (0.00004292)
[  0  1  0  0  1  0  1  1  1 ] (0.00020145)
[  0  1  0  0  1  0  1  2  0 ] (0.00000027)
[  0  1  0  0  1  0  2  0  0 ] (0.00001044)
[  0  1  0  0  1  0  2  0  1 ] (0.00007811)
[  0  1  0  0  1  0  2  1  0 ] (0.00027381)
[  0  1  0  0  1  0  3  0  0 ] (0.00000840)
[  0  1  0  0  1  1  0  0  0 ] (0.00000127)
[  0  1  0  0  1  1  0  0  1 ] (0.00000028)
[  0  1  0  0  1  1  0  0  2 ] (0.00075634)
[  0  1  0  0  1  1  0  1  0 ] (0.00001114)
[  0  1  0  0  1  1  0  1  1 ] (0.00027289)
[  0  1  0  0  1  1  0  2  0 ] (0.00003546)
[  0  1  0  0  1  1  1  0  0 ] (0.00000335)
[  0  1  0  0  1  1  1  0  1 ] (0.00004576)
[  0  1  0  0  1  1  1  1  0 ] (0.00052488)
[  0  1  0  0  1  1  2  0  0 ] (0.00001792)
[  0  1  0  0  1  2  0  0  0 ] (0.00001040)
[  0  1  0  0  1  2  0  0  1 ] (0.00002566)
[  0  1  0  0  1  2  0  1  0 ] (0.00021264)
[  0  1  0  0  1  2  1  0  0 ] (0.00011098)
[  0  1  0  0  1  3  0  0  0 ] (0.00000707)
[  0  1  0  0  2  0  0  0  0 ] (0.00000001)
[  0  1  0  0  2  0  0  0  1 ] (0.00004105)
[  0  1  0  0  2  0  0  0  2 ] (0.00000033)
[  0  1  0  0  2  0  0  1  0 ] (0.00015057)
[  0  1  0  0  2  0  0  1  1 ] (0.00002120)
[  0  1  0  0  2  0  0  2  0 ] (0.00000029)
[  0  1  0  0  2  0  1  0  0 ] (0.00000311)
[  0  1  0  0  2  0  1  0  1 ] (0.00136592)
[  0  1  0  0  2  0  1  1  0 ] (0.00003214)
[  0  1  0  0  2  0  2  0  0 ] (0.00001489)
[  0  1  0  0  2  1  0  0  0 ] (0.00000257)
[  0  1  0  0  2  1  0  0  1 ] (0.00000050)
[  0  1  0  0  2  1  0  1  0 ] (0.00069444)
[  0  1  0  0  2  1  1  0  0 ] (0.00002678)
[  0  1  0  0  2  2  0  0  0 ] (0.00000557)
[  0  1  0  0  3  0  0  0  0 ] (0.00001527)
[  0  1  0  0  3  0  0  0  1 ] (0.00007323)
[  0  1  0  0  3  0  0  1  0 ] (0.00010558)
[  0  1  0  0  3  0  1  0  0 ] (0.00004472)
[  0  1  0  0  3  1  0  0  0 ] (0.00000789)
[  0  1  0  0  4  0  0  0  0 ] (0.00000010)
[  0  1  0  1  0  0  0  0  0 ] (0.00000222)
[  0  1  0  1  0  0  0  0  1 ] (0.00003228)
[  0  1  0  1  0  0  0  0  2 ] (0.00070989)
[  0  1  0  1  0  0  0  0  3 ] (0.00004859)
[  0  1  0  1  0  0  0  1  0 ] (0.00002156)
[  0  1  0  1  0  0  0  1  1 ] (0.00002483)
[  0  1  0  1  0  0  0  1  2 ] (0.00000403)
[  0  1  0  1  0  0  0  2  0 ] (0.00009346)
[  0  1  0  1  0  0  0  2  1 ] (0.00028137)
[  0  1  0  1  0  0  0  3  0 ] (0.00020231)
[  0  1  0  1  0  0  1  0  0 ] (0.00000248)
[  0  1  0  1  0  0  1  0  1 ] (0.00007264)
[  0  1  0  1  0  0  1  0  2 ] (0.00002194)
[  0  1  0  1  0  0  1  1  0 ] (0.00003059)
[  0  1  0  1  0  0  1  1  1 ] (0.00000031)
[  0  1  0  1  0  0  1  2  0 ] (0.00000214)
[  0  1  0  1  0  0  2  0  0 ] (0.00000516)
[  0  1  0  1  0  0  2  0  1 ] (0.00017876)
[  0  1  0  1  0  0  2  1  0 ] (0.00002062)
[  0  1  0  1  0  0  3  0  0 ] (0.00000790)
[  0  1  0  1  0  1  0  0  0 ] (0.00000645)
[  0  1  0  1  0  1  0  0  1 ] (0.00021030)
[  0  1  0  1  0  1  0  0  2 ] (0.00415574)
[  0  1  0  1  0  1  0  1  0 ] (0.00000035)
[  0  1  0  1  0  1  0  1  1 ] (0.00004487)
[  0  1  0  1  0  1  0  2  0 ] (0.00152462)
[  0  1  0  1  0  1  1  0  0 ] (0.00001134)
[  0  1  0  1  0  1  1  0  1 ] (0.00001018)
[  0  1  0  1  0  1  1  1  0 ] (0.00000317)
[  0  1  0  1  0  1  2  0  0 ] (0.00002666)
[  0  1  0  1  0  2  0  0  0 ] (0.00001038)
[  0  1  0  1  0  2  0  0  1 ] (0.00012752)
[  0  1  0  1  0  2  0  1  0 ] (0.00000017)
[  0  1  0  1  0  2  1  0  0 ] (0.00000090)
[  0  1  0  1  0  3  0  0  0 ] (0.00000959)
[  0  1  0  1  1  0  0  0  0 ] (0.00000814)
[  0  1  0  1  1  0  0  0  1 ] (0.00002321)
[  0  1  0  1  1  0  0  0  2 ] (0.00043717)
[  0  1  0  1  1  0  0  1  0 ] (0.00000587)
[  0  1  0  1  1  0  0  1  1 ] (0.00000031)
[  0  1  0  1  1  0  0  2  0 ] (0.00231579)
[  0  1  0  1  1  0  1  0  0 ] (0.00000902)
[  0  1  0  1  1  0  1  0  1 ] (0.00041060)
[  0  1  0  1  1  0  1  1  0 ] (0.00070477)
[  0  1  0  1  1  0  2  0  0 ] (0.00000458)
[  0  1  0  1  1  1  0  0  0 ] (0.00001063)
[  0  1  0  1  1  1  0  0  1 ] (0.00013368)
[  0  1  0  1  1  1  0  1  0 ] (0.00123278)
[  0  1  0  1  1  1  1  0  0 ] (0.00015334)
[  0  1  0  1  1  2  0  0  0 ] (0.00000546)
[  0  1  0  1  2  0  0  0  0 ] (0.00000196)
[  0  1  0  1  2  0  0  0  1 ] (0.00006013)
[  0  1  0  1  2  0  0  1  0 ] (0.00011019)
[  0  1  0  1  2  0  1  0  0 ] (0.00005983)
[  0  1  0  1  2  1  0  0  0 ] (0.00000299)
[  0  1  0  1  3  0  0  0  0 ] (0.00000049)
[  0  1  0  2  0  0  0  0  0 ] (0.00000209)
[  0  1  0  2  0  0  0  0  1 ] (0.00000505)
[  0  1  0  2  0  0  0  0  2 ] (0.00000019)
[  0  1  0  2  0  0  0  1  0 ] (0.00000176)
[  0  1  0  2  0  0  0  1  1 ] (0.00000111)
[  0  1  0  2  0  0  0  2  0 ] (0.00000557)
[  0  1  0  2  0  0  1  0  0 ] (0.00002303)
[  0  1  0  2  0  0  1  0  1 ] (0.00006372)
[  0  1  0  2  0  0  1  1  0 ] (0.00004860)
[  0  1  0  2  0  0  2  0  0 ] (0.00000827)
[  0  1  0  2  0  1  0  0  0 ] (0.00000318)
[  0  1  0  2  0  1  0  0  1 ] (0.00001287)
[  0  1  0  2  0  1  0  1  0 ] (0.00000287)
[  0  1  0  2  0  1  1  0  0 ] (0.00004158)
[  0  1  0  2  0  2  0  0  0 ] (0.00000254)
[  0  1  0  2  1  0  0  0  0 ] (0.00000427)
[  0  1  0  2  1  0  0  0  1 ] (0.00002246)
[  0  1  0  2  1  0  0  1  0 ] (0.00000155)
[  0  1  0  2  1  0  1  0  0 ] (0.00005003)
[  0  1  0  2  1  1  0  0  0 ] (0.00000878)
[  0  1  0  2  2  0  0  0  0 ] (0.00000163)
[  0  1  0  3  0  0  0  0  0 ] (0.00000074)
[  0  1  0  3  0  0  0  0  1 ] (0.00000974)
[  0  1  0  3  0  0  0  1  0 ] (0.00000036)
[  0  1  0  3  0  0  1  0  0 ] (0.00001507)
[  0  1  0  3  0  1  0  0  0 ] (0.00000164)
[  0  1  0  3  1  0  0  0  0 ] (0.00000204)
[  0  1  0  4  0  0  0  0  0 ] (0.00000152)
[  0  1  1  0  0  0  0  0  0 ] (0.00000187)
[  0  1  1  0  0  0  0  0  1 ] (0.00000593)
[  0  1  1  0  0  0  0  0  2 ] (0.00004183)
[  0  1  1  0  0  0  0  0  3 ] (0.00001720)
[  0  1  1  0  0  0  0  1  0 ] (0.00000304)
[  0  1  1  0  0  0  0  1  1 ] (0.00000617)
[  0  1  1  0  0  0  0  1  2 ] (0.00000617)
[  0  1  1  0  0  0  0  2  0 ] (0.00000431)
[  0  1  1  0  0  0  0  2  1 ] (0.00001607)
[  0  1  1  0  0  0  0  3  0 ] (0.00011352)
[  0  1  1  0  0  0  1  0  0 ] (0.00001369)
[  0  1  1  0  0  0  1  0  1 ] (0.00008517)
[  0  1  1  0  0  0  1  0  2 ] (0.00010789)
[  0  1  1  0  0  0  1  1  0 ] (0.00000035)
[  0  1  1  0  0  0  1  1  1 ] (0.00004755)
[  0  1  1  0  0  0  1  2  0 ] (0.00000025)
[  0  1  1  0  0  0  2  0  0 ] (0.00000244)
[  0  1  1  0  0  0  2  0  1 ] (0.00060824)
[  0  1  1  0  0  0  2  1  0 ] (0.00000760)
[  0  1  1  0  0  0  3  0  0 ] (0.00000179)
[  0  1  1  0  0  1  0  0  0 ] (0.00000163)
[  0  1  1  0  0  1  0  0  1 ] (0.00002154)
[  0  1  1  0  0  1  0  0  2 ] (0.00004606)
[  0  1  1  0  0  1  0  1  0 ] (0.00005028)
[  0  1  1  0  0  1  0  1  1 ] (0.00012041)
[  0  1  1  0  0  1  0  2  0 ] (0.00003734)
[  0  1  1  0  0  1  1  0  0 ] (0.00000344)
[  0  1  1  0  0  1  1  0  1 ] (0.00005388)
[  0  1  1  0  0  1  1  1  0 ] (0.00007757)
[  0  1  1  0  0  1  2  0  0 ] (0.00000544)
[  0  1  1  0  0  2  0  0  0 ] (0.00000000)
[  0  1  1  0  0  2  0  0  1 ] (0.00000080)
[  0  1  1  0  0  2  0  1  0 ] (0.00001131)
[  0  1  1  0  0  2  1  0  0 ] (0.00000055)
[  0  1  1  0  0  3  0  0  0 ] (0.00000003)
[  0  1  1  0  1  0  0  0  0 ] (0.00000131)
[  0  1  1  0  1  0  0  0  1 ] (0.00018771)
[  0  1  1  0  1  0  0  0  2 ] (0.00311992)
[  0  1  1  0  1  0  0  1  0 ] (0.00001393)
[  0  1  1  0  1  0  0  1  1 ] (0.00006725)
[  0  1  1  0  1  0  0  2  0 ] (0.00191878)
[  0  1  1  0  1  0  1  0  0 ] (0.00000112)
[  0  1  1  0  1  0  1  0  1 ] (0.00009117)
[  0  1  1  0  1  0  1  1  0 ] (0.00001278)
[  0  1  1  0  1  0  2  0  0 ] (0.00002876)
[  0  1  1  0  1  1  0  0  0 ] (0.00000137)
[  0  1  1  0  1  1  0  0  1 ] (0.00009375)
[  0  1  1  0  1  1  0  1  0 ] (0.00000008)
[  0  1  1  0  1  1  1  0  0 ] (0.00005086)
[  0  1  1  0  1  2  0  0  0 ] (0.00000097)
[  0  1  1  0  2  0  0  0  0 ] (0.00000230)
[  0  1  1  0  2  0  0  0  1 ] (0.00000851)
[  0  1  1  0  2  0  0  1  0 ] (0.00043221)
[  0  1  1  0  2  0  1  0  0 ] (0.00000127)
[  0  1  1  0  2  1  0  0  0 ] (0.00000019)
[  0  1  1  0  3  0  0  0  0 ] (0.00000001)
[  0  1  1  1  0  0  0  0  0 ] (0.00000595)
[  0  1  1  1  0  0  0  0  1 ] (0.00007508)
[  0  1  1  1  0  0  0  0  2 ] (0.00097658)
[  0  1  1  1  0  0  0  1  0 ] (0.00000292)
[  0  1  1  1  0  0  0  1  1 ] (0.00008213)
[  0  1  1  1  0  0  0  2  0 ] (0.00018083)
[  0  1  1  1  0  0  1  0  0 ] (0.00005546)
[  0  1  1  1  0  0  1  0  1 ] (0.00043343)
[  0  1  1  1  0  0  1  1  0 ] (0.00191601)
[  0  1  1  1  0  0  2  0  0 ] (0.00001598)
[  0  1  1  1  0  1  0  0  0 ] (0.00000375)
[  0  1  1  1  0  1  0  0  1 ] (0.00005738)
[  0  1  1  1  0  1  0  1  0 ] (0.00000306)
[  0  1  1  1  0  1  1  0  0 ] (0.00001402)
[  0  1  1  1  0  2  0  0  0 ] (0.00000608)
[  0  1  1  1  1  0  0  0  0 ] (0.00004076)
[  0  1  1  1  1  0  0  0  1 ] (0.00027246)
[  0  1  1  1  1  0  0  1  0 ] (0.00028645)
[  0  1  1  1  1  0  1  0  0 ] (0.00025411)
[  0  1  1  1  1  1  0  0  0 ] (0.00004340)
[  0  1  1  1  2  0  0  0  0 ] (0.00000005)
[  0  1  1  2  0  0  0  0  0 ] (0.00000344)
[  0  1  1  2  0  0  0  0  1 ] (0.00000846)
[  0  1  1  2  0  0  0  1  0 ] (0.00000022)
[  0  1  1  2  0  0  1  0  0 ] (0.00001359)
[  0  1  1  2  0  1  0  0  0 ] (0.00000644)
[  0  1  1  2  1  0  0  0  0 ] (0.00000049)
[  0  1  1  3  0  0  0  0  0 ] (0.00000061)
[  0  1  2  0  0  0  0  0  0 ] (0.00001251)
[  0  1  2  0  0  0  0  0  1 ] (0.00004159)
[  0  1  2  0  0  0  0  0  2 ] (0.00001132)
[  0  1  2  0  0  0  0  1  0 ] (0.00120200)
[  0  1  2  0  0  0  0  1  1 ] (0.01360744)
[  0  1  2  0  0  0  0  2  0 ] (0.00001165)
[  0  1  2  0  0  0  1  0  0 ] (0.00007124)
[  0  1  2  0  0  0  1  0  1 ] (0.00045558)
[  0  1  2  0  0  0  1  1  0 ] (0.00222401)
[  0  1  2  0  0  0  2  0  0 ] (0.00000429)
[  0  1  2  0  0  1  0  0  0 ] (0.00000642)
[  0  1  2  0  0  1  0  0  1 ] (0.00002603)
[  0  1  2  0  0  1  0  1  0 ] (0.00011264)
[  0  1  2  0  0  1  1  0  0 ] (0.00000590)
[  0  1  2  0  0  2  0  0  0 ] (0.00000154)
[  0  1  2  0  1  0  0  0  0 ] (0.00001486)
[  0  1  2  0  1  0  0  0  1 ] (0.00003968)
[  0  1  2  0  1  0  0  1  0 ] (0.00000344)
[  0  1  2  0  1  0  1  0  0 ] (0.00002342)
[  0  1  2  0  1  1  0  0  0 ] (0.00000005)
[  0  1  2  0  2  0  0  0  0 ] (0.00000082)
[  0  1  2  1  0  0  0  0  0 ] (0.00000537)
[  0  1  2  1  0  0  0  0  1 ] (0.00000753)
[  0  1  2  1  0  0  0  1  0 ] (0.00001213)
[  0  1  2  1  0  0  1  0  0 ] (0.00000650)
[  0  1  2  1  0  1  0  0  0 ] (0.00000005)
[  0  1  2  1  1  0  0  0  0 ] (0.00000061)
[  0  1  2  2  0  0  0  0  0 ] (0.00000205)
[  0  1  3  0  0  0  0  0  0 ] (0.00000021)
[  0  1  3  0  0  0  0  0  1 ] (0.00000013)
[  0  1  3  0  0  0  0  1  0 ] (0.00000920)
[  0  1  3  0  0  0  1  0  0 ] (0.00000189)
[  0  1  3  0  0  1  0  0  0 ] (0.00000154)
[  0  1  3  0  1  0  0  0  0 ] (0.00000010)
[  0  1  3  1  0  0  0  0  0 ] (0.00000024)
[  0  1  4  0  0  0  0  0  0 ] (0.00000073)
[  0  2  0  0  0  0  0  0  0 ] (0.00000185)
[  0  2  0  0  0  0  0  0  1 ] (0.00000009)
[  0  2  0  0  0  0  0  0  2 ] (0.00000028)
[  0  2  0  0  0  0  0  0  3 ] (0.00015031)
[  0  2  0  0  0  0  0  1  0 ] (0.00000285)
[  0  2  0  0  0  0  0  1  1 ] (0.00004679)
[  0  2  0  0  0  0  0  1  2 ] (0.00000440)
[  0  2  0  0  0  0  0  2  0 ] (0.00000284)
[  0  2  0  0  0  0  0  2  1 ] (0.00014306)
[  0  2  0  0  0  0  0  3  0 ] (0.00010917)
[  0  2  0  0  0  0  1  0  0 ] (0.00001184)
[  0  2  0  0  0  0  1  0  1 ] (0.00003247)
[  0  2  0  0  0  0  1  0  2 ] (0.00008686)
[  0  2  0  0  0  0  1  1  0 ] (0.00003638)
[  0  2  0  0  0  0  1  1  1 ] (0.00012692)
[  0  2  0  0  0  0  1  2  0 ] (0.00000173)
[  0  2  0  0  0  0  2  0  0 ] (0.00000114)
[  0  2  0  0  0  0  2  0  1 ] (0.00003063)
[  0  2  0  0  0  0  2  1  0 ] (0.00006266)
[  0  2  0  0  0  0  3  0  0 ] (0.00015342)
[  0  2  0  0  0  1  0  0  0 ] (0.00000101)
[  0  2  0  0  0  1  0  0  1 ] (0.00000065)
[  0  2  0  0  0  1  0  0  2 ] (0.00000603)
[  0  2  0  0  0  1  0  1  0 ] (0.00002090)
[  0  2  0  0  0  1  0  1  1 ] (0.00019117)
[  0  2  0  0  0  1  0  2  0 ] (0.00000216)
[  0  2  0  0  0  1  1  0  0 ] (0.00003736)
[  0  2  0  0  0  1  1  0  1 ] (0.00036313)
[  0  2  0  0  0  1  1  1  0 ] (0.00027054)
[  0  2  0  0  0  1  2  0  0 ] (0.00000008)
[  0  2  0  0  0  2  0  0  0 ] (0.00000007)
[  0  2  0  0  0  2  0  0  1 ] (0.00000147)
[  0  2  0  0  0  2  0  1  0 ] (0.00000034)
[  0  2  0  0  0  2  1  0  0 ] (0.00000723)
[  0  2  0  0  0  3  0  0  0 ] (0.00000025)
[  0  2  0  0  1  0  0  0  0 ] (0.00000166)
[  0  2  0  0  1  0  0  0  1 ] (0.00001364)
[  0  2  0  0  1  0  0  0  2 ] (0.00000014)
[  0  2  0  0  1  0  0  1  0 ] (0.00000246)
[  0  2  0  0  1  0  0  1  1 ] (0.00535472)
[  0  2  0  0  1  0  0  2  0 ] (0.00005157)
[  0  2  0  0  1  0  1  0  0 ] (0.00005992)
[  0  2  0  0  1  0  1  0  1 ] (0.00005592)
[  0  2  0  0  1  0  1  1  0 ] (0.00761036)
[  0  2  0  0  1  0  2  0  0 ] (0.00000835)
[  0  2  0  0  1  1  0  0  0 ] (0.00000002)
[  0  2  0  0  1  1  0  0  1 ] (0.00000006)
[  0  2  0  0  1  1  0  1  0 ] (0.00000941)
[  0  2  0  0  1  1  1  0  0 ] (0.00000097)
[  0  2  0  0  1  2  0  0  0 ] (0.00000062)
[  0  2  0  0  2  0  0  0  0 ] (0.00000388)
[  0  2  0  0  2  0  0  0  1 ] (0.00001099)
[  0  2  0  0  2  0  0  1  0 ] (0.00000748)
[  0  2  0  0  2  0  1  0  0 ] (0.00000441)
[  0  2  0  0  2  1  0  0  0 ] (0.00000141)
[  0  2  0  0  3  0  0  0  0 ] (0.00001699)
[  0  2  0  1  0  0  0  0  0 ] (0.00000048)
[  0  2  0  1  0  0  0  0  1 ] (0.00000893)
[  0  2  0  1  0  0  0  0  2 ] (0.00000034)
[  0  2  0  1  0  0  0  1  0 ] (0.00000358)
[  0  2  0  1  0  0  0  1  1 ] (0.00002483)
[  0  2  0  1  0  0  0  2  0 ] (0.00000840)
[  0  2  0  1  0  0  1  0  0 ] (0.00000023)
[  0  2  0  1  0  0  1  0  1 ] (0.00000202)
[  0  2  0  1  0  0  1  1  0 ] (0.00012457)
[  0  2  0  1  0  0  2  0  0 ] (0.00000194)
[  0  2  0  1  0  1  0  0  0 ] (0.00000002)
[  0  2  0  1  0  1  0  0  1 ] (0.00000082)
[  0  2  0  1  0  1  0  1  0 ] (0.00000120)
[  0  2  0  1  0  1  1  0  0 ] (0.00000828)
[  0  2  0  1  0  2  0  0  0 ] (0.00000038)
[  0  2  0  1  1  0  0  0  0 ] (0.00000015)
[  0  2  0  1  1  0  0  0  1 ] (0.00000471)
[  0  2  0  1  1  0  0  1  0 ] (0.00002772)
[  0  2  0  1  1  0  1  0  0 ] (0.00000075)
[  0  2  0  1  1  1  0  0  0 ] (0.00000032)
[  0  2  0  1  2  0  0  0  0 ] (0.00000039)
[  0  2  0  2  0  0  0  0  0 ] (0.00000058)
[  0  2  0  2  0  0  0  0  1 ] (0.00000221)
[  0  2  0  2  0  0  0  1  0 ] (0.00000059)
[  0  2  0  2  0  0  1  0  0 ] (0.00000236)
[  0  2  0  2  0  1  0  0  0 ] (0.00000036)
[  0  2  0  2  1  0  0  0  0 ] (0.00000022)
[  0  2  0  3  0  0  0  0  0 ] (0.00000032)
[  0  2  1  0  0  0  0  0  0 ] (0.00000012)
[  0  2  1  0  0  0  0  0  1 ] (0.00000026)
[  0  2  1  0  0  0  0  0  2 ] (0.00000965)
[  0  2  1  0  0  0  0  1  0 ] (0.00022271)
[  0  2  1  0  0  0  0  1  1 ] (0.00278374)
[  0  2  1  0  0  0  0  2  0 ] (0.00000744)
[  0  2  1  0  0  0  1  0  0 ] (0.00000044)
[  0  2  1  0  0  0  1  0  1 ] (0.00000825)
[  0  2  1  0  0  0  1  1  0 ] (0.00088870)
[  0  2  1  0  0  0  2  0  0 ] (0.00000000)
[  0  2  1  0  0  1  0  0  0 ] (0.00000002)
[  0  2  1  0  0  1  0  0  1 ] (0.00000181)
[  0  2  1  0  0  1  0  1  0 ] (0.00000905)
[  0  2  1  0  0  1  1  0  0 ] (0.00000521)
[  0  2  1  0  0  2  0  0  0 ] (0.00000006)
[  0  2  1  0  1  0  0  0  0 ] (0.00000072)
[  0  2  1  0  1  0  0  0  1 ] (0.00000479)
[  0  2  1  0  1  0  0  1  0 ] (0.00000336)
[  0  2  1  0  1  0  1  0  0 ] (0.00000553)
[  0  2  1  0  1  1  0  0  0 ] (0.00000161)
[  0  2  1  0  2  0  0  0  0 ] (0.00000042)
[  0  2  1  1  0  0  0  0  0 ] (0.00000085)
[  0  2  1  1  0  0  0  0  1 ] (0.00000263)
[  0  2  1  1  0  0  0  1  0 ] (0.00000198)
[  0  2  1  1  0  0  1  0  0 ] (0.00000267)
[  0  2  1  1  0  1  0  0  0 ] (0.00000022)
[  0  2  1  1  1  0  0  0  0 ] (0.00000161)
[  0  2  1  2  0  0  0  0  0 ] (0.00000003)
[  0  2  2  0  0  0  0  0  0 ] (0.00000101)
[  0  2  2  0  0  0  0  0  1 ] (0.00000018)
[  0  2  2  0  0  0  0  1  0 ] (0.00003824)
[  0  2  2  0  0  0  1  0  0 ] (0.00000000)
[  0  2  2  0  0  1  0  0  0 ] (0.00000005)
[  0  2  2  0  1  0  0  0  0 ] (0.00000131)
[  0  2  2  1  0  0  0  0  0 ] (0.00000128)
[  0  2  3  0  0  0  0  0  0 ] (0.00000000)
[  0  3  0  0  0  0  0  0  0 ] (0.00000000)
[  0  3  0  0  0  0  0  0  1 ] (0.00000092)
[  0  3  0  0  0  0  0  0  2 ] (0.00001018)
[  0  3  0  0  0  0  0  1  0 ] (0.00002668)
[  0  3  0  0  0  0  0  1  1 ] (0.00038928)
[  0  3  0  0  0  0  0  2  0 ] (0.00005341)
[  0  3  0  0  0  0  1  0  0 ] (0.00000460)
[  0  3  0  0  0  0  1  0  1 ] (0.00000786)
[  0  3  0  0  0  0  1  1  0 ] (0.00012034)
[  0  3  0  0  0  0  2  0  0 ] (0.00002216)
[  0  3  0  0  0  1  0  0  0 ] (0.00000009)
[  0  3  0  0  0  1  0  0  1 ] (0.00000099)
[  0  3  0  0  0  1  0  1  0 ] (0.00000256)
[  0  3  0  0  0  1  1  0  0 ] (0.00003402)
[  0  3  0  0  0  2  0  0  0 ] (0.00000018)
[  0  3  0  0  1  0  0  0  0 ] (0.00000182)
[  0  3  0  0  1  0  0  0  1 ] (0.00002169)
[  0  3  0  0  1  0  0  1  0 ] (0.00000006)
[  0  3  0  0  1  0  1  0  0 ] (0.00014212)
[  0  3  0  0  1  1  0  0  0 ] (0.00000118)
[  0  3  0  0  2  0  0  0  0 ] (0.00000001)
[  0  3  0  1  0  0  0  0  0 ] (0.00000003)
[  0  3  0  1  0  0  0  0  1 ] (0.00000713)
[  0  3  0  1  0  0  0  1  0 ] (0.00000021)
[  0  3  0  1  0  0  1  0  0 ] (0.00000265)
[  0  3  0  1  0  1  0  0  0 ] (0.00000001)
[  0  3  0  1  1  0  0  0  0 ] (0.00000065)
[  0  3  0  2  0  0  0  0  0 ] (0.00000046)
[  0  3  1  0  0  0  0  0  0 ] (0.00000041)
[  0  3  1  0  0  0  0  0  1 ] (0.00000204)
[  0  3  1  0  0  0  0  1  0 ] (0.00000126)
[  0  3  1  0  0  0  1  0  0 ] (0.00000007)
[  0  3  1  0  0  1  0  0  0 ] (0.00000000)
[  0  3  1  0  1  0  0  0  0 ] (0.00000009)
[  0  3  1  1  0  0  0  0  0 ] (0.00000004)
[  0  3  2  0  0  0  0  0  0 ] (0.00000183)
[  0  4  0  0  0  0  0  0  0 ] (0.00000028)
[  0  4  0  0  0  0  0  0  1 ] (0.00000866)
[  0  4  0  0  0  0  0  1  0 ] (0.00000439)
[  0  4  0  0  0  0  1  0  0 ] (0.00000020)
[  0  4  0  0  0  1  0  0  0 ] (0.00000047)
[  0  4  0  0  1  0  0  0  0 ] (0.00000013)
[  0  4  0  1  0  0  0  0  0 ] (0.00000037)
[  0  4  1  0  0  0  0  0  0 ] (0.00000024)
[  0  5  0  0  0  0  0  0  0 ] (0.00000048)
[  1  0  0  0  0  0  0  0  0 ] (0.00000152)
[  1  0  0  0  0  0  0  0  1 ] (0.00000769)
[  1  0  0  0  0  0  0  0  2 ] (0.00000159)
[  1  0  0  0  0  0  0  0  3 ] (0.00023765)
[  1  0  0  0  0  0  0  0  4 ] (0.00000056)
[  1  0  0  0  0  0  0  1  0 ] (0.00000039)
[  1  0  0  0  0  0  0  1  1 ] (0.00009331)
[  1  0  0  0  0  0  0  1  2 ] (0.00016527)
[  1  0  0  0  0  0  0  1  3 ] (0.00004438)
[  1  0  0  0  0  0  0  2  0 ] (0.00001766)
[  1  0  0  0  0  0  0  2  1 ] (0.00011864)
[  1  0  0  0  0  0  0  2  2 ] (0.00009896)
[  1  0  0  0  0  0  0  3  0 ] (0.00000029)
[  1  0  0  0  0  0  0  3  1 ] (0.00016298)
[  1  0  0  0  0  0  0  4  0 ] (0.00041834)
[  1  0  0  0  0  0  1  0  0 ] (0.00000074)
[  1  0  0  0  0  0  1  0  1 ] (0.00017327)
[  1  0  0  0  0  0  1  0  2 ] (0.00060244)
[  1  0  0  0  0  0  1  0  3 ] (0.00023932)
[  1  0  0  0  0  0  1  1  0 ] (0.00039848)
[  1  0  0  0  0  0  1  1  1 ] (0.01886954)
[  1  0  0  0  0  0  1  1  2 ] (0.00305086)
[  1  0  0  0  0  0  1  2  0 ] (0.00000804)
[  1  0  0  0  0  0  1  2  1 ] (0.00000508)
[  1  0  0  0  0  0  1  3  0 ] (0.00073740)
[  1  0  0  0  0  0  2  0  0 ] (0.00002618)
[  1  0  0  0  0  0  2  0  1 ] (0.00016088)
[  1  0  0  0  0  0  2  0  2 ] (0.00206442)
[  1  0  0  0  0  0  2  1  0 ] (0.00040557)
[  1  0  0  0  0  0  2  1  1 ] (0.00004621)
[  1  0  0  0  0  0  2  2  0 ] (0.00005137)
[  1  0  0  0  0  0  3  0  0 ] (0.00007489)
[  1  0  0  0  0  0  3  0  1 ] (0.00165946)
[  1  0  0  0  0  0  3  1  0 ] (0.00019671)
[  1  0  0  0  0  0  4  0  0 ] (0.00000557)
[  1  0  0  0  0  1  0  0  0 ] (0.00001690)
[  1  0  0  0  0  1  0  0  1 ] (0.00006372)
[  1  0  0  0  0  1  0  0  2 ] (0.00000606)
[  1  0  0  0  0  1  0  0  3 ] (0.00039216)
[  1  0  0  0  0  1  0  1  0 ] (0.00000007)
[  1  0  0  0  0  1  0  1  1 ] (0.00003197)
[  1  0  0  0  0  1  0  1  2 ] (0.00000257)
[  1  0  0  0  0  1  0  2  0 ] (0.00007167)
[  1  0  0  0  0  1  0  2  1 ] (0.00174285)
[  1  0  0  0  0  1  0  3  0 ] (0.00171771)
[  1  0  0  0  0  1  1  0  0 ] (0.00015526)
[  1  0  0  0  0  1  1  0  1 ] (0.00499036)
[  1  0  0  0  0  1  1  0  2 ] (0.00123500)
[  1  0  0  0  0  1  1  1  0 ] (0.00041304)
[  1  0  0  0  0  1  1  1  1 ] (0.00118111)
[  1  0  0  0  0  1  1  2  0 ] (0.00069111)
[  1  0  0  0  0  1  2  0  0 ] (0.00073263)
[  1  0  0  0  0  1  2  0  1 ] (0.01543860)
[  1  0  0  0  0  1  2  1  0 ] (0.00524446)
[  1  0  0  0  0  1  3  0  0 ] (0.00021729)
[  1  0  0  0  0  2  0  0  0 ] (0.00000001)
[  1  0  0  0  0  2  0  0  1 ] (0.00000214)
[  1  0  0  0  0  2  0  0  2 ] (0.00005364)
[  1  0  0  0  0  2  0  1  0 ] (0.00012549)
[  1  0  0  0  0  2  0  1  1 ] (0.00020155)
[  1  0  0  0  0  2  0  2  0 ] (0.00000132)
[  1  0  0  0  0  2  1  0  0 ] (0.00117606)
[  1  0  0  0  0  2  1  0  1 ] (0.02634247)
[  1  0  0  0  0  2  1  1  0 ] (0.00006002)
[  1  0  0  0  0  2  2  0  0 ] (0.00001434)
[  1  0  0  0  0  3  0  0  0 ] (0.00000290)
[  1  0  0  0  0  3  0  0  1 ] (0.00007305)
[  1  0  0  0  0  3  0  1  0 ] (0.00000502)
[  1  0  0  0  0  3  1  0  0 ] (0.00013626)
[  1  0  0  0  0  4  0  0  0 ] (0.00001289)
[  1  0  0  0  1  0  0  0  0 ] (0.00000235)
[  1  0  0  0  1  0  0  0  1 ] (0.00015936)
[  1  0  0  0  1  0  0  0  2 ] (0.00002163)
[  1  0  0  0  1  0  0  0  3 ] (0.00033904)
[  1  0  0  0  1  0  0  1  0 ] (0.00001317)
[  1  0  0  0  1  0  0  1  1 ] (0.00229702)
[  1  0  0  0  1  0  0  1  2 ] (0.00027393)
[  1  0  0  0  1  0  0  2  0 ] (0.00026973)
[  1  0  0  0  1  0  0  2  1 ] (0.00009676)
[  1  0  0  0  1  0  0  3  0 ] (0.04244931)
[  1  0  0  0  1  0  1  0  0 ] (0.00033278)
[  1  0  0  0  1  0  1  0  1 ] (0.00018416)
[  1  0  0  0  1  0  1  0  2 ] (0.00005733)
[  1  0  0  0  1  0  1  1  0 ] (0.00007392)
[  1  0  0  0  1  0  1  1  1 ] (0.00006436)
[  1  0  0  0  1  0  1  2  0 ] (0.00000582)
[  1  0  0  0  1  0  2  0  0 ] (0.00000477)
[  1  0  0  0  1  0  2  0  1 ] (0.00064056)
[  1  0  0  0  1  0  2  1  0 ] (0.00088838)
[  1  0  0  0  1  0  3  0  0 ] (0.00053110)
[  1  0  0  0  1  1  0  0  0 ] (0.00000114)
[  1  0  0  0  1  1  0  0  1 ] (0.00000094)
[  1  0  0  0  1  1  0  0  2 ] (0.00013301)
[  1  0  0  0  1  1  0  1  0 ] (0.00000270)
[  1  0  0  0  1  1  0  1  1 ] (0.00156769)
[  1  0  0  0  1  1  0  2  0 ] (0.00255366)
[  1  0  0  0  1  1  1  0  0 ] (0.00025899)
[  1  0  0  0  1  1  1  0  1 ] (0.00148365)
[  1  0  0  0  1  1  1  1  0 ] (0.00511274)
[  1  0  0  0  1  1  2  0  0 ] (0.00014293)
[  1  0  0  0  1  2  0  0  0 ] (0.00001921)
[  1  0  0  0  1  2  0  0  1 ] (0.00009724)
[  1  0  0  0  1  2  0  1  0 ] (0.00007543)
[  1  0  0  0  1  2  1  0  0 ] (0.00000401)
[  1  0  0  0  1  3  0  0  0 ] (0.00000073)
[  1  0  0  0  2  0  0  0  0 ] (0.00000004)
[  1  0  0  0  2  0  0  0  1 ] (0.00000072)
[  1  0  0  0  2  0  0  0  2 ] (0.00000306)
[  1  0  0  0  2  0  0  1  0 ] (0.00000134)
[  1  0  0  0  2  0  0  1  1 ] (0.02807029)
[  1  0  0  0  2  0  0  2  0 ] (0.00000073)
[  1  0  0  0  2  0  1  0  0 ] (0.00007297)
[  1  0  0  0  2  0  1  0  1 ] (0.00107267)
[  1  0  0  0  2  0  1  1  0 ] (0.02969761)
[  1  0  0  0  2  0  2  0  0 ] (0.00000117)
[  1  0  0  0  2  1  0  0  0 ] (0.00001328)
[  1  0  0  0  2  1  0  0  1 ] (0.00004849)
[  1  0  0  0  2  1  0  1  0 ] (0.00011985)
[  1  0  0  0  2  1  1  0  0 ] (0.00000002)
[  1  0  0  0  2  2  0  0  0 ] (0.00000319)
[  1  0  0  0  3  0  0  0  0 ] (0.00000472)
[  1  0  0  0  3  0  0  0  1 ] (0.00006090)
[  1  0  0  0  3  0  0  1  0 ] (0.00070077)
[  1  0  0  0  3  0  1  0  0 ] (0.00002206)
[  1  0  0  0  3  1  0  0  0 ] (0.00000121)
[  1  0  0  0  4  0  0  0  0 ] (0.00020345)
[  1  0  0  1  0  0  0  0  0 ] (0.00000348)
[  1  0  0  1  0  0  0  0  1 ] (0.00000478)
[  1  0  0  1  0  0  0  0  2 ] (0.00003174)
[  1  0  0  1  0  0  0  0  3 ] (0.00056528)
[  1  0  0  1  0  0  0  1  0 ] (0.00000752)
[  1  0  0  1  0  0  0  1  1 ] (0.00019404)
[  1  0  0  1  0  0  0  1  2 ] (0.00063525)
[  1  0  0  1  0  0  0  2  0 ] (0.00003040)
[  1  0  0  1  0  0  0  2  1 ] (0.00097491)
[  1  0  0  1  0  0  0  3  0 ] (0.00001404)
[  1  0  0  1  0  0  1  0  0 ] (0.00000008)
[  1  0  0  1  0  0  1  0  1 ] (0.00055460)
[  1  0  0  1  0  0  1  0  2 ] (0.00038700)
[  1  0  0  1  0  0  1  1  0 ] (0.00000716)
[  1  0  0  1  0  0  1  1  1 ] (0.00002892)
[  1  0  0  1  0  0  1  2  0 ] (0.00063292)
[  1  0  0  1  0  0  2  0  0 ] (0.00002097)
[  1  0  0  1  0  0  2  0  1 ] (0.00019681)
[  1  0  0  1  0  0  2  1  0 ] (0.00036003)
[  1  0  0  1  0  0  3  0  0 ] (0.00000074)
[  1  0  0  1  0  1  0  0  0 ] (0.00000287)
[  1  0  0  1  0  1  0  0  1 ] (0.00012214)
[  1  0  0  1  0  1  0  0  2 ] (0.00034740)
[  1  0  0  1  0  1  0  1  0 ] (0.00004342)
[  1  0  0  1  0  1  0  1  1 ] (0.00039571)
[  1  0  0  1  0  1  0  2  0 ] (0.00015155)
[  1  0  0  1  0  1  1  0  0 ] (0.00038588)
[  1  0  0  1  0  1  1  0  1 ] (0.01117631)
[  1  0  0  1  0  1  1  1  0 ] (0.00502988)
[  1  0  0  1  0  1  2  0  0 ] (0.00000484)
[  1  0  0  1  0  2  0  0  0 ] (0.00004424)
[  1  0  0  1  0  2  0  0  1 ] (0.00000828)
[  1  0  0  1  0  2  0  1  0 ] (0.00000439)
[  1  0  0  1  0  2  1  0  0 ] (0.00001246)
[  1  0  0  1  0  3  0  0  0 ] (0.00000679)
[  1  0  0  1  1  0  0  0  0 ] (0.00002052)
[  1  0  0  1  1  0  0  0  1 ] (0.00003557)
[  1  0  0  1  1  0  0  0  2 ] (0.00034035)
[  1  0  0  1  1  0  0  1  0 ] (0.00000271)
[  1  0  0  1  1  0  0  1  1 ] (0.00207751)
[  1  0  0  1  1  0  0  2  0 ] (0.00060521)
[  1  0  0  1  1  0  1  0  0 ] (0.00011114)
[  1  0  0  1  1  0  1  0  1 ] (0.00145976)
[  1  0  0  1  1  0  1  1  0 ] (0.00010893)
[  1  0  0  1  1  0  2  0  0 ] (0.00000024)
[  1  0  0  1  1  1  0  0  0 ] (0.00000822)
[  1  0  0  1  1  1  0  0  1 ] (0.00007492)
[  1  0  0  1  1  1  0  1  0 ] (0.00028316)
[  1  0  0  1  1  1  1  0  0 ] (0.00003767)
[  1  0  0  1  1  2  0  0  0 ] (0.00000012)
[  1  0  0  1  2  0  0  0  0 ] (0.00000591)
[  1  0  0  1  2  0  0  0  1 ] (0.00003128)
[  1  0  0  1  2  0  0  1  0 ] (0.00005351)
[  1  0  0  1  2  0  1  0  0 ] (0.00001370)
[  1  0  0  1  2  1  0  0  0 ] (0.00000002)
[  1  0  0  1  3  0  0  0  0 ] (0.00000160)
[  1  0  0  2  0  0  0  0  0 ] (0.00000037)
[  1  0  0  2  0  0  0  0  1 ] (0.00000224)
[  1  0  0  2  0  0  0  0  2 ] (0.00000157)
[  1  0  0  2  0  0  0  1  0 ] (0.00007167)
[  1  0  0  2  0  0  0  1  1 ] (0.00161569)
[  1  0  0  2  0  0  0  2  0 ] (0.00000449)
[  1  0  0  2  0  0  1  0  0 ] (0.00008548)
[  1  0  0  2  0  0  1  0  1 ] (0.00069712)
[  1  0  0  2  0  0  1  1  0 ] (0.00016190)
[  1  0  0  2  0  0  2  0  0 ] (0.00000188)
[  1  0  0  2  0  1  0  0  0 ] (0.00000020)
[  1  0  0  2  0  1  0  0  1 ] (0.00000007)
[  1  0  0  2  0  1  0  1  0 ] (0.00000528)
[  1  0  0  2  0  1  1  0  0 ] (0.00007555)
[  1  0  0  2  0  2  0  0  0 ] (0.00000054)
[  1  0  0  2  1  0  0  0  0 ] (0.00000184)
[  1  0  0  2  1  0  0  0  1 ] (0.00000817)
[  1  0  0  2  1  0  0  1  0 ] (0.00000858)
[  1  0  0  2  1  0  1  0  0 ] (0.00000670)
[  1  0  0  2  1  1  0  0  0 ] (0.00000208)
[  1  0  0  2  2  0  0  0  0 ] (0.00000008)
[  1  0  0  3  0  0  0  0  0 ] (0.00000113)
[  1  0  0  3  0  0  0  0  1 ] (0.00000731)
[  1  0  0  3  0  0  0  1  0 ] (0.00003105)
[  1  0  0  3  0  0  1  0  0 ] (0.00001368)
[  1  0  0  3  0  1  0  0  0 ] (0.00000003)
[  1  0  0  3  1  0  0  0  0 ] (0.00000343)
[  1  0  0  4  0  0  0  0  0 ] (0.00000458)
[  1  0  1  0  0  0  0  0  0 ] (0.00000476)
[  1  0  1  0  0  0  0  0  1 ] (0.00000007)
[  1  0  1  0  0  0  0  0  2 ] (0.00000755)
[  1  0  1  0  0  0  0  0  3 ] (0.00007978)
[  1  0  1  0  0  0  0  1  0 ] (0.00001991)
[  1  0  1  0  0  0  0  1  1 ] (0.00015096)
[  1  0  1  0  0  0  0  1  2 ] (0.00083879)
[  1  0  1  0  0  0  0  2  0 ] (0.00000432)
[  1  0  1  0  0  0  0  2  1 ] (0.00008844)
[  1  0  1  0  0  0  0  3  0 ] (0.00006115)
[  1  0  1  0  0  0  1  0  0 ] (0.00002043)
[  1  0  1  0  0  0  1  0  1 ] (0.00064816)
[  1  0  1  0  0  0  1  0  2 ] (0.00040490)
[  1  0  1  0  0  0  1  1  0 ] (0.00011872)
[  1  0  1  0  0  0  1  1  1 ] (0.00083885)
[  1  0  1  0  0  0  1  2  0 ] (0.00012285)
[  1  0  1  0  0  0  2  0  0 ] (0.00039052)
[  1  0  1  0  0  0  2  0  1 ] (0.00319630)
[  1  0  1  0  0  0  2  1  0 ] (0.00800829)
[  1  0  1  0  0  0  3  0  0 ] (0.00008700)
[  1  0  1  0  0  1  0  0  0 ] (0.00000553)
[  1  0  1  0  0  1  0  0  1 ] (0.00000281)
[  1  0  1  0  0  1  0  0  2 ] (0.00002198)
[  1  0  1  0  0  1  0  1  0 ] (0.00001577)
[  1  0  1  0  0  1  0  1  1 ] (0.00188800)
[  1  0  1  0  0  1  0  2  0 ] (0.00002329)
[  1  0  1  0  0  1  1  0  0 ] (0.00030793)
[  1  0  1  0  0  1  1  0  1 ] (0.01006983)
[  1  0  1  0  0  1  1  1  0 ] (0.00990709)
[  1  0  1  0  0  1  2  0  0 ] (0.00000660)
[  1  0  1  0  0  2  0  0  0 ] (0.00002863)
[  1  0  1  0  0  2  0  0  1 ] (0.00006543)
[  1  0  1  0  0  2  0  1  0 ] (0.00003806)
[  1  0  1  0  0  2  1  0  0 ] (0.00005644)
[  1  0  1  0  0  3  0  0  0 ] (0.00000303)
[  1  0  1  0  1  0  0  0  0 ] (0.00000196)
[  1  0  1  0  1  0  0  0  1 ] (0.00000884)
[  1  0  1  0  1  0  0  0  2 ] (0.00015990)
[  1  0  1  0  1  0  0  1  0 ] (0.00000763)
[  1  0  1  0  1  0  0  1  1 ] (0.00279008)
[  1  0  1  0  1  0  0  2  0 ] (0.00014528)
[  1  0  1  0  1  0  1  0  0 ] (0.00041521)
[  1  0  1  0  1  0  1  0  1 ] (0.01077308)
[  1  0  1  0  1  0  1  1  0 ] (0.00533045)
[  1  0  1  0  1  0  2  0  0 ] (0.00011518)
[  1  0  1  0  1  1  0  0  0 ] (0.00000215)
[  1  0  1  0  1  1  0  0  1 ] (0.00003609)
[  1  0  1  0  1  1  0  1  0 ] (0.00015893)
[  1  0  1  0  1  1  1  0  0 ] (0.00015090)
[  1  0  1  0  1  2  0  0  0 ] (0.00000003)
[  1  0  1  0  2  0  0  0  0 ] (0.00004185)
[  1  0  1  0  2  0  0  0  1 ] (0.00003878)
[  1  0  1  0  2  0  0  1  0 ] (0.00000611)
[  1  0  1  0  2  0  1  0  0 ] (0.00000137)
[  1  0  1  0  2  1  0  0  0 ] (0.00000301)
[  1  0  1  0  3  0  0  0  0 ] (0.00000958)
[  1  0  1  1  0  0  0  0  0 ] (0.00000239)
[  1  0  1  1  0  0  0  0  1 ] (0.00001404)
[  1  0  1  1  0  0  0  0  2 ] (0.00002489)
[  1  0  1  1  0  0  0  1  0 ] (0.00009077)
[  1  0  1  1  0  0  0  1  1 ] (0.00011242)
[  1  0  1  1  0  0  0  2  0 ] (0.00000102)
[  1  0  1  1  0  0  1  0  0 ] (0.00000766)
[  1  0  1  1  0  0  1  0  1 ] (0.00023558)
[  1  0  1  1  0  0  1  1  0 ] (0.00057986)
[  1  0  1  1  0  0  2  0  0 ] (0.00000820)
[  1  0  1  1  0  1  0  0  0 ] (0.00001412)
[  1  0  1  1  0  1  0  0  1 ] (0.00000107)
[  1  0  1  1  0  1  0  1  0 ] (0.00000024)
[  1  0  1  1  0  1  1  0  0 ] (0.00000167)
[  1  0  1  1  0  2  0  0  0 ] (0.00000001)
[  1  0  1  1  1  0  0  0  0 ] (0.00002134)
[  1  0  1  1  1  0  0  0  1 ] (0.00007754)
[  1  0  1  1  1  0  0  1  0 ] (0.00046279)
[  1  0  1  1  1  0  1  0  0 ] (0.00002014)
[  1  0  1  1  1  1  0  0  0 ] (0.00000450)
[  1  0  1  1  2  0  0  0  0 ] (0.00001544)
[  1  0  1  2  0  0  0  0  0 ] (0.00000064)
[  1  0  1  2  0  0  0  0  1 ] (0.00000020)
[  1  0  1  2  0  0  0  1  0 ] (0.00000128)
[  1  0  1  2  0  0  1  0  0 ] (0.00000708)
[  1  0  1  2  0  1  0  0  0 ] (0.00000054)
[  1  0  1  2  1  0  0  0  0 ] (0.00000046)
[  1  0  1  3  0  0  0  0  0 ] (0.00000034)
[  1  0  2  0  0  0  0  0  0 ] (0.00000171)
[  1  0  2  0  0  0  0  0  1 ] (0.00001339)
[  1  0  2  0  0  0  0  0  2 ] (0.00000892)
[  1  0  2  0  0  0  0  1  0 ] (0.00003431)
[  1  0  2  0  0  0  0  1  1 ] (0.00013913)
[  1  0  2  0  0  0  0  2  0 ] (0.00000771)
[  1  0  2  0  0  0  1  0  0 ] (0.00000006)
[  1  0  2  0  0  0  1  0  1 ] (0.00002129)
[  1  0  2  0  0  0  1  1  0 ] (0.00010741)
[  1  0  2  0  0  0  2  0  0 ] (0.00001397)
[  1  0  2  0  0  1  0  0  0 ] (0.00000756)
[  1  0  2  0  0  1  0  0  1 ] (0.00000367)
[  1  0  2  0  0  1  0  1  0 ] (0.00001360)
[  1  0  2  0  0  1  1  0  0 ] (0.00001018)
[  1  0  2  0  0  2  0  0  0 ] (0.00000006)
[  1  0  2  0  1  0  0  0  0 ] (0.00001511)
[  1  0  2  0  1  0  0  0  1 ] (0.00003917)
[  1  0  2  0  1  0  0  1  0 ] (0.00000059)
[  1  0  2  0  1  0  1  0  0 ] (0.00000029)
[  1  0  2  0  1  1  0  0  0 ] (0.00000021)
[  1  0  2  0  2  0  0  0  0 ] (0.00000125)
[  1  0  2  1  0  0  0  0  0 ] (0.00000066)
[  1  0  2  1  0  0  0  0  1 ] (0.00000113)
[  1  0  2  1  0  0  0  1  0 ] (0.00000151)
[  1  0  2  1  0  0  1  0  0 ] (0.00000026)
[  1  0  2  1  0  1  0  0  0 ] (0.00000014)
[  1  0  2  1  1  0  0  0  0 ] (0.00000115)
[  1  0  2  2  0  0  0  0  0 ] (0.00000001)
[  1  0  3  0  0  0  0  0  0 ] (0.00000014)
[  1  0  3  0  0  0  0  0  1 ] (0.00000554)
[  1  0  3  0  0  0  0  1  0 ] (0.00003095)
[  1  0  3  0  0  0  1  0  0 ] (0.00000046)
[  1  0  3  0  0  1  0  0  0 ] (0.00000225)
[  1  0  3  0  1  0  0  0  0 ] (0.00002974)
[  1  0  3  1  0  0  0  0  0 ] (0.00000030)
[  1  0  4  0  0  0  0  0  0 ] (0.00000024)
[  1  1  0  0  0  0  0  0  0 ] (0.00000100)
[  1  1  0  0  0  0  0  0  1 ] (0.00000351)
[  1  1  0  0  0  0  0  0  2 ] (0.00012572)
[  1  1  0  0  0  0  0  0  3 ] (0.00228665)
[  1  1  0  0  0  0  0  1  0 ] (0.00000368)
[  1  1  0  0  0  0  0  1  1 ] (0.00043597)
[  1  1  0  0  0  0  0  1  2 ] (0.00164572)
[  1  1  0  0  0  0  0  2  0 ] (0.00003611)
[  1  1  0  0  0  0  0  2  1 ] (0.00602453)
[  1  1  0  0  0  0  0  3  0 ] (0.00814574)
[  1  1  0  0  0  0  1  0  0 ] (0.00033055)
[  1  1  0  0  0  0  1  0  1 ] (0.00061377)
[  1  1  0  0  0  0  1  0  2 ] (0.00243078)
[  1  1  0  0  0  0  1  1  0 ] (0.00000480)
[  1  1  0  0  0  0  1  1  1 ] (0.00012328)
[  1  1  0  0  0  0  1  2  0 ] (0.02118379)
[  1  1  0  0  0  0  2  0  0 ] (0.00001616)
[  1  1  0  0  0  0  2  0  1 ] (0.00000063)
[  1  1  0  0  0  0  2  1  0 ] (0.01187633)
[  1  1  0  0  0  0  3  0  0 ] (0.00006146)
[  1  1  0  0  0  1  0  0  0 ] (0.00000037)
[  1  1  0  0  0  1  0  0  1 ] (0.00000005)
[  1  1  0  0  0  1  0  0  2 ] (0.00013229)
[  1  1  0  0  0  1  0  1  0 ] (0.00001827)
[  1  1  0  0  0  1  0  1  1 ] (0.00048104)
[  1  1  0  0  0  1  0  2  0 ] (0.00036046)
[  1  1  0  0  0  1  1  0  0 ] (0.00074281)
[  1  1  0  0  0  1  1  0  1 ] (0.01807501)
[  1  1  0  0  0  1  1  1  0 ] (0.00327228)
[  1  1  0  0  0  1  2  0  0 ] (0.00004331)
[  1  1  0  0  0  2  0  0  0 ] (0.00003455)
[  1  1  0  0  0  2  0  0  1 ] (0.00021269)
[  1  1  0  0  0  2  0  1  0 ] (0.00002028)
[  1  1  0  0  0  2  1  0  0 ] (0.00009738)
[  1  1  0  0  0  3  0  0  0 ] (0.00001479)
[  1  1  0  0  1  0  0  0  0 ] (0.00000147)
[  1  1  0  0  1  0  0  0  1 ] (0.00018128)
[  1  1  0  0  1  0  0  0  2 ] (0.00071182)
[  1  1  0  0  1  0  0  1  0 ] (0.00017945)
[  1  1  0  0  1  0  0  1  1 ] (0.02894169)
[  1  1  0  0  1  0  0  2  0 ] (0.00025969)
[  1  1  0  0  1  0  1  0  0 ] (0.00075260)
[  1  1  0  0  1  0  1  0  1 ] (0.00952842)
[  1  1  0  0  1  0  1  1  0 ] (0.06686884)
[  1  1  0  0  1  0  2  0  0 ] (0.00003041)
[  1  1  0  0  1  1  0  0  0 ] (0.00000707)
[  1  1  0  0  1  1  0  0  1 ] (0.00001782)
[  1  1  0  0  1  1  0  1  0 ] (0.00007412)
[  1  1  0  0  1  1  1  0  0 ] (0.00011287)
[  1  1  0  0  1  2  0  0  0 ] (0.00000022)
[  1  1  0  0  2  0  0  0  0 ] (0.00003819)
[  1  1  0  0  2  0  0  0  1 ] (0.00002442)
[  1  1  0  0  2  0  0  1  0 ] (0.00005584)
[  1  1  0  0  2  0  1  0  0 ] (0.00007345)
[  1  1  0  0  2  1  0  0  0 ] (0.00000276)
[  1  1  0  0  3  0  0  0  0 ] (0.00009716)
[  1  1  0  1  0  0  0  0  0 ] (0.00000702)
[  1  1  0  1  0  0  0  0  1 ] (0.00000600)
[  1  1  0  1  0  0  0  0  2 ] (0.00004645)
[  1  1  0  1  0  0  0  1  0 ] (0.00002203)
[  1  1  0  1  0  0  0  1  1 ] (0.00404566)
[  1  1  0  1  0  0  0  2  0 ] (0.00000653)
[  1  1  0  1  0  0  1  0  0 ] (0.00000079)
[  1  1  0  1  0  0  1  0  1 ] (0.00028588)
[  1  1  0  1  0  0  1  1  0 ] (0.00022285)
[  1  1  0  1  0  0  2  0  0 ] (0.00000022)
[  1  1  0  1  0  1  0  0  0 ] (0.00001058)
[  1  1  0  1  0  1  0  0  1 ] (0.00003653)
[  1  1  0  1  0  1  0  1  0 ] (0.00001861)
[  1  1  0  1  0  1  1  0  0 ] (0.00000259)
[  1  1  0  1  0  2  0  0  0 ] (0.00000030)
[  1  1  0  1  1  0  0  0  0 ] (0.00001343)
[  1  1  0  1  1  0  0  0  1 ] (0.00002518)
[  1  1  0  1  1  0  0  1  0 ] (0.00005593)
[  1  1  0  1  1  0  1  0  0 ] (0.00001406)
[  1  1  0  1  1  1  0  0  0 ] (0.00000383)
[  1  1  0  1  2  0  0  0  0 ] (0.00000004)
[  1  1  0  2  0  0  0  0  0 ] (0.00000045)
[  1  1  0  2  0  0  0  0  1 ] (0.00000472)
[  1  1  0  2  0  0  0  1  0 ] (0.00000000)
[  1  1  0  2  0  0  1  0  0 ] (0.00000457)
[  1  1  0  2  0  1  0  0  0 ] (0.00000023)
[  1  1  0  2  1  0  0  0  0 ] (0.00000107)
[  1  1  0  3  0  0  0  0  0 ] (0.00000014)
[  1  1  1  0  0  0  0  0  0 ] (0.00000267)
[  1  1  1  0  0  0  0  0  1 ] (0.00010588)
[  1  1  1  0  0  0  0  0  2 ] (0.00011060)
[  1  1  1  0  0  0  0  1  0 ] (0.00005322)
[  1  1  1  0  0  0  0  1  1 ] (0.00051134)
[  1  1  1  0  0  0  0  2  0 ] (0.00002385)
[  1  1  1  0  0  0  1  0  0 ] (0.00013315)
[  1  1  1  0  0  0  1  0  1 ] (0.00082711)
[  1  1  1  0  0  0  1  1  0 ] (0.00055149)
[  1  1  1  0  0  0  2  0  0 ] (0.00000032)
[  1  1  1  0  0  1  0  0  0 ] (0.00002587)
[  1  1  1  0  0  1  0  0  1 ] (0.00009549)
[  1  1  1  0  0  1  0  1  0 ] (0.00003114)
[  1  1  1  0  0  1  1  0  0 ] (0.00008585)
[  1  1  1  0  0  2  0  0  0 ] (0.00000255)
[  1  1  1  0  1  0  0  0  0 ] (0.00000466)
[  1  1  1  0  1  0  0  0  1 ] (0.00003229)
[  1  1  1  0  1  0  0  1  0 ] (0.00012663)
[  1  1  1  0  1  0  1  0  0 ] (0.00002569)
[  1  1  1  0  1  1  0  0  0 ] (0.00000081)
[  1  1  1  0  2  0  0  0  0 ] (0.00000057)
[  1  1  1  1  0  0  0  0  0 ] (0.00000430)
[  1  1  1  1  0  0  0  0  1 ] (0.00001089)
[  1  1  1  1  0  0  0  1  0 ] (0.00000490)
[  1  1  1  1  0  0  1  0  0 ] (0.00002282)
[  1  1  1  1  0  1  0  0  0 ] (0.00000021)
[  1  1  1  1  1  0  0  0  0 ] (0.00000159)
[  1  1  1  2  0  0  0  0  0 ] (0.00000054)
[  1  1  2  0  0  0  0  0  0 ] (0.00000004)
[  1  1  2  0  0  0  0  0  1 ] (0.00001987)
[  1  1  2  0  0  0  0  1  0 ] (0.00000053)
[  1  1  2  0  0  0  1  0  0 ] (0.00000303)
[  1  1  2  0  0  1  0  0  0 ] (0.00000173)
[  1  1  2  0  1  0  0  0  0 ] (0.00000009)
[  1  1  2  1  0  0  0  0  0 ] (0.00000020)
[  1  1  3  0  0  0  0  0  0 ] (0.00000056)
[  1  2  0  0  0  0  0  0  0 ] (0.00000232)
[  1  2  0  0  0  0  0  0  1 ] (0.00001412)
[  1  2  0  0  0  0  0  0  2 ] (0.00002998)
[  1  2  0  0  0  0  0  1  0 ] (0.00004336)
[  1  2  0  0  0  0  0  1  1 ] (0.00009713)
[  1  2  0  0  0  0  0  2  0 ] (0.00004006)
[  1  2  0  0  0  0  1  0  0 ] (0.00002729)
[  1  2  0  0  0  0  1  0  1 ] (0.00045893)
[  1  2  0  0  0  0  1  1  0 ] (0.00065679)
[  1  2  0  0  0  0  2  0  0 ] (0.00000001)
[  1  2  0  0  0  1  0  0  0 ] (0.00001215)
[  1  2  0  0  0  1  0  0  1 ] (0.00003175)
[  1  2  0  0  0  1  0  1  0 ] (0.00000007)
[  1  2  0  0  0  1  1  0  0 ] (0.00001422)
[  1  2  0  0  0  2  0  0  0 ] (0.00000380)
[  1  2  0  0  1  0  0  0  0 ] (0.00001781)
[  1  2  0  0  1  0  0  0  1 ] (0.00005669)
[  1  2  0  0  1  0  0  1  0 ] (0.00000372)
[  1  2  0  0  1  0  1  0  0 ] (0.00001325)
[  1  2  0  0  1  1  0  0  0 ] (0.00000008)
[  1  2  0  0  2  0  0  0  0 ] (0.00000005)
[  1  2  0  1  0  0  0  0  0 ] (0.00000040)
[  1  2  0  1  0  0  0  0  1 ] (0.00000179)
[  1  2  0  1  0  0  0  1  0 ] (0.00000000)
[  1  2  0  1  0  0  1  0  0 ] (0.00000039)
[  1  2  0  1  0  1  0  0  0 ] (0.00000038)
[  1  2  0  1  1  0  0  0  0 ] (0.00000000)
[  1  2  0  2  0  0  0  0  0 ] (0.00000005)
[  1  2  1  0  0  0  0  0  0 ] (0.00000150)
[  1  2  1  0  0  0  0  0  1 ] (0.00000103)
[  1  2  1  0  0  0  0  1  0 ] (0.00000035)
[  1  2  1  0  0  0  1  0  0 ] (0.00001552)
[  1  2  1  0  0  1  0  0  0 ] (0.00000194)
[  1  2  1  0  1  0  0  0  0 ] (0.00000092)
[  1  2  1  1  0  0  0  0  0 ] (0.00000165)
[  1  2  2  0  0  0  0  0  0 ] (0.00000024)
[  1  3  0  0  0  0  0  0  0 ] (0.00000701)
[  1  3  0  0  0  0  0  0  1 ] (0.00002198)
[  1  3  0  0  0  0  0  1  0 ] (0.00000333)
[  1  3  0  0  0  0  1  0  0 ] (0.00000015)
[  1  3  0  0  0  1  0  0  0 ] (0.00002099)
[  1  3  0  0  1  0  0  0  0 ] (0.00000008)
[  1  3  0  1  0  0  0  0  0 ] (0.00000001)
[  1  3  1  0  0  0  0  0  0 ] (0.00000315)
[  1  4  0  0  0  0  0  0  0 ] (0.00000094)
[  2  0  0  0  0  0  0  0  0 ] (0.00000296)
[  2  0  0  0  0  0  0  0  1 ] (0.00000950)
[  2  0  0  0  0  0  0  0  2 ] (0.00000311)
[  2  0  0  0  0  0  0  0  3 ] (0.01153959)
[  2  0  0  0  0  0  0  1  0 ] (0.00000838)
[  2  0  0  0  0  0  0  1  1 ] (0.00023975)
[  2  0  0  0  0  0  0  1  2 ] (0.00633717)
[  2  0  0  0  0  0  0  2  0 ] (0.00000890)
[  2  0  0  0  0  0  0  2  1 ] (0.00347204)
[  2  0  0  0  0  0  0  3  0 ] (0.00004139)
[  2  0  0  0  0  0  1  0  0 ] (0.00000517)
[  2  0  0  0  0  0  1  0  1 ] (0.00014816)
[  2  0  0  0  0  0  1  0  2 ] (0.00004481)
[  2  0  0  0  0  0  1  1  0 ] (0.00000072)
[  2  0  0  0  0  0  1  1  1 ] (0.00020227)
[  2  0  0  0  0  0  1  2  0 ] (0.00449061)
[  2  0  0  0  0  0  2  0  0 ] (0.00013773)
[  2  0  0  0  0  0  2  0  1 ] (0.00002996)
[  2  0  0  0  0  0  2  1  0 ] (0.00006020)
[  2  0  0  0  0  0  3  0  0 ] (0.00011235)
[  2  0  0  0  0  1  0  0  0 ] (0.00000975)
[  2  0  0  0  0  1  0  0  1 ] (0.00004613)
[  2  0  0  0  0  1  0  0  2 ] (0.00001678)
[  2  0  0  0  0  1  0  1  0 ] (0.00008476)
[  2  0  0  0  0  1  0  1  1 ] (0.00037637)
[  2  0  0  0  0  1  0  2  0 ] (0.00017042)
[  2  0  0  0  0  1  1  0  0 ] (0.00005747)
[  2  0  0  0  0  1  1  0  1 ] (0.00068342)
[  2  0  0  0  0  1  1  1  0 ] (0.00057168)
[  2  0  0  0  0  1  2  0  0 ] (0.00000583)
[  2  0  0  0  0  2  0  0  0 ] (0.00000200)
[  2  0  0  0  0  2  0  0  1 ] (0.00005763)
[  2  0  0  0  0  2  0  1  0 ] (0.00000760)
[  2  0  0  0  0  2  1  0  0 ] (0.00002181)
[  2  0  0  0  0  3  0  0  0 ] (0.00000007)
[  2  0  0  0  1  0  0  0  0 ] (0.00001649)
[  2  0  0  0  1  0  0  0  1 ] (0.00004385)
[  2  0  0  0  1  0  0  0  2 ] (0.00007143)
[  2  0  0  0  1  0  0  1  0 ] (0.00009912)
[  2  0  0  0  1  0  0  1  1 ] (0.00012821)
[  2  0  0  0  1  0  0  2  0 ] (0.00025379)
[  2  0  0  0  1  0  1  0  0 ] (0.00000161)
[  2  0  0  0  1  0  1  0  1 ] (0.00001167)
[  2  0  0  0  1  0  1  1  0 ] (0.00021914)
[  2  0  0  0  1  0  2  0  0 ] (0.00000098)
[  2  0  0  0  1  1  0  0  0 ] (0.00001309)
[  2  0  0  0  1  1  0  0  1 ] (0.00002406)
[  2  0  0  0  1  1  0  1  0 ] (0.00000002)
[  2  0  0  0  1  1  1  0  0 ] (0.00000009)
[  2  0  0  0  1  2  0  0  0 ] (0.00000713)
[  2  0  0  0  2  0  0  0  0 ] (0.00000952)
[  2  0  0  0  2  0  0  0  1 ] (0.00000529)
[  2  0  0  0  2  0  0  1  0 ] (0.00000815)
[  2  0  0  0  2  0  1  0  0 ] (0.00001389)
[  2  0  0  0  2  1  0  0  0 ] (0.00000071)
[  2  0  0  0  3  0  0  0  0 ] (0.00000452)
[  2  0  0  1  0  0  0  0  0 ] (0.00000425)
[  2  0  0  1  0  0  0  0  1 ] (0.00005694)
[  2  0  0  1  0  0  0  0  2 ] (0.00002496)
[  2  0  0  1  0  0  0  1  0 ] (0.00003184)
[  2  0  0  1  0  0  0  1  1 ] (0.00085181)
[  2  0  0  1  0  0  0  2  0 ] (0.00000009)
[  2  0  0  1  0  0  1  0  0 ] (0.00000937)
[  2  0  0  1  0  0  1  0  1 ] (0.00016493)
[  2  0  0  1  0  0  1  1  0 ] (0.00036855)
[  2  0  0  1  0  0  2  0  0 ] (0.00000037)
[  2  0  0  1  0  1  0  0  0 ] (0.00000389)
[  2  0  0  1  0  1  0  0  1 ] (0.00012614)
[  2  0  0  1  0  1  0  1  0 ] (0.00000429)
[  2  0  0  1  0  1  1  0  0 ] (0.00000487)
[  2  0  0  1  0  2  0  0  0 ] (0.00000576)
[  2  0  0  1  1  0  0  0  0 ] (0.00000144)
[  2  0  0  1  1  0  0  0  1 ] (0.00000182)
[  2  0  0  1  1  0  0  1  0 ] (0.00000002)
[  2  0  0  1  1  0  1  0  0 ] (0.00000468)
[  2  0  0  1  1  1  0  0  0 ] (0.00000032)
[  2  0  0  1  2  0  0  0  0 ] (0.00000135)
[  2  0  0  2  0  0  0  0  0 ] (0.00000194)
[  2  0  0  2  0  0  0  0  1 ] (0.00000518)
[  2  0  0  2  0  0  0  1  0 ] (0.00000177)
[  2  0  0  2  0  0  1  0  0 ] (0.00000005)
[  2  0  0  2  0  1  0  0  0 ] (0.00000026)
[  2  0  0  2  1  0  0  0  0 ] (0.00000077)
[  2  0  0  3  0  0  0  0  0 ] (0.00000181)
[  2  0  1  0  0  0  0  0  0 ] (0.00000002)
[  2  0  1  0  0  0  0  0  1 ] (0.00000720)
[  2  0  1  0  0  0  0  0  2 ] (0.00000015)
[  2  0  1  0  0  0  0  1  0 ] (0.00000062)
[  2  0  1  0  0  0  0  1  1 ] (0.00000149)
[  2  0  1  0  0  0  0  2  0 ] (0.00000769)
[  2  0  1  0  0  0  1  0  0 ] (0.00000163)
[  2  0  1  0  0  0  1  0  1 ] (0.00030380)
[  2  0  1  0  0  0  1  1  0 ] (0.00001858)
[  2  0  1  0  0  0  2  0  0 ] (0.00000247)
[  2  0  1  0  0  1  0  0  0 ] (0.00000269)
[  2  0  1  0  0  1  0  0  1 ] (0.00000422)
[  2  0  1  0  0  1  0  1  0 ] (0.00001465)
[  2  0  1  0  0  1  1  0  0 ] (0.00003361)
[  2  0  1  0  0  2  0  0  0 ] (0.00000129)
[  2  0  1  0  1  0  0  0  0 ] (0.00000139)
[  2  0  1  0  1  0  0  0  1 ] (0.00000229)
[  2  0  1  0  1  0  0  1  0 ] (0.00012431)
[  2  0  1  0  1  0  1  0  0 ] (0.00000004)
[  2  0  1  0  1  1  0  0  0 ] (0.00000172)
[  2  0  1  0  2  0  0  0  0 ] (0.00000219)
[  2  0  1  1  0  0  0  0  0 ] (0.00000568)
[  2  0  1  1  0  0  0  0  1 ] (0.00001840)
[  2  0  1  1  0  0  0  1  0 ] (0.00000000)
[  2  0  1  1  0  0  1  0  0 ] (0.00000091)
[  2  0  1  1  0  1  0  0  0 ] (0.00000209)
[  2  0  1  1  1  0  0  0  0 ] (0.00000103)
[  2  0  1  2  0  0  0  0  0 ] (0.00000032)
[  2  0  2  0  0  0  0  0  0 ] (0.00000008)
[  2  0  2  0  0  0  0  0  1 ] (0.00000029)
[  2  0  2  0  0  0  0  1  0 ] (0.00000329)
[  2  0  2  0  0  0  1  0  0 ] (0.00000095)
[  2  0  2  0  0  1  0  0  0 ] (0.00000100)
[  2  0  2  0  1  0  0  0  0 ] (0.00000007)
[  2  0  2  1  0  0  0  0  0 ] (0.00000029)
[  2  0  3  0  0  0  0  0  0 ] (0.00000037)
[  2  1  0  0  0  0  0  0  0 ] (0.00000697)
[  2  1  0  0  0  0  0  0  1 ] (0.00000152)
[  2  1  0  0  0  0  0  0  2 ] (0.00000792)
[  2  1  0  0  0  0  0  1  0 ] (0.00006149)
[  2  1  0  0  0  0  0  1  1 ] (0.00134222)
[  2  1  0  0  0  0  0  2  0 ] (0.00004200)
[  2  1  0  0  0  0  1  0  0 ] (0.00000827)
[  2  1  0  0  0  0  1  0  1 ] (0.00015844)
[  2  1  0  0  0  0  1  1  0 ] (0.00007821)
[  2  1  0  0  0  0  2  0  0 ] (0.00000012)
[  2  1  0  0  0  1  0  0  0 ] (0.00000469)
[  2  1  0  0  0  1  0  0  1 ] (0.00002789)
[  2  1  0  0  0  1  0  1  0 ] (0.00000000)
[  2  1  0  0  0  1  1  0  0 ] (0.00003609)
[  2  1  0  0  0  2  0  0  0 ] (0.00000034)
[  2  1  0  0  1  0  0  0  0 ] (0.00000754)
[  2  1  0  0  1  0  0  0  1 ] (0.00000212)
[  2  1  0  0  1  0  0  1  0 ] (0.00008403)
[  2  1  0  0  1  0  1  0  0 ] (0.00005246)
[  2  1  0  0  1  1  0  0  0 ] (0.00000069)
[  2  1  0  0  2  0  0  0  0 ] (0.00000035)
[  2  1  0  1  0  0  0  0  0 ] (0.00000508)
[  2  1  0  1  0  0  0  0  1 ] (0.00002619)
[  2  1  0  1  0  0  0  1  0 ] (0.00000264)
[  2  1  0  1  0  0  1  0  0 ] (0.00000514)
[  2  1  0  1  0  1  0  0  0 ] (0.00000580)
[  2  1  0  1  1  0  0  0  0 ] (0.00000279)
[  2  1  0  2  0  0  0  0  0 ] (0.00000027)
[  2  1  1  0  0  0  0  0  0 ] (0.00000000)
[  2  1  1  0  0  0  0  0  1 ] (0.00000010)
[  2  1  1  0  0  0  0  1  0 ] (0.00005242)
[  2  1  1  0  0  0  1  0  0 ] (0.00000239)
[  2  1  1  0  0  1  0  0  0 ] (0.00000144)
[  2  1  1  0  1  0  0  0  0 ] (0.00000012)
[  2  1  1  1  0  0  0  0  0 ] (0.00000512)
[  2  1  2  0  0  0  0  0  0 ] (0.00000146)
[  2  2  0  0  0  0  0  0  0 ] (0.00000003)
[  2  2  0  0  0  0  0  0  1 ] (0.00000000)
[  2  2  0  0  0  0  0  1  0 ] (0.00001786)
[  2  2  0  0  0  0  1  0  0 ] (0.00000578)
[  2  2  0  0  0  1  0  0  0 ] (0.00000008)
[  2  2  0  0  1  0  0  0  0 ] (0.00000161)
[  2  2  0  1  0  0  0  0  0 ] (0.00000109)
[  2  2  1  0  0  0  0  0  0 ] (0.00000006)
[  2  3  0  0  0  0  0  0  0 ] (0.00000037)
[  3  0  0  0  0  0  0  0  0 ] (0.00000001)
[  3  0  0  0  0  0  0  0  1 ] (0.00000067)
[  3  0  0  0  0  0  0  0  2 ] (0.00000379)
[  3  0  0  0  0  0  0  1  0 ] (0.00000218)
[  3  0  0  0  0  0  0  1  1 ] (0.00000309)
[  3  0  0  0  0  0  0  2  0 ] (0.00000865)
[  3  0  0  0  0  0  1  0  0 ] (0.00001583)
[  3  0  0  0  0  0  1  0  1 ] (0.00010597)
[  3  0  0  0  0  0  1  1  0 ] (0.00007113)
[  3  0  0  0  0  0  2  0  0 ] (0.00000755)
[  3  0  0  0  0  1  0  0  0 ] (0.00000130)
[  3  0  0  0  0  1  0  0  1 ] (0.00000163)
[  3  0  0  0  0  1  0  1  0 ] (0.00000014)
[  3  0  0  0  0  1  1  0  0 ] (0.00001278)
[  3  0  0  0  0  2  0  0  0 ] (0.00000037)
[  3  0  0  0  1  0  0  0  0 ] (0.00000513)
[  3  0  0  0  1  0  0  0  1 ] (0.00001872)
[  3  0  0  0  1  0  0  1  0 ] (0.00000762)
[  3  0  0  0  1  0  1  0  0 ] (0.00000897)
[  3  0  0  0  1  1  0  0  0 ] (0.00000005)
[  3  0  0  0  2  0  0  0  0 ] (0.00000230)
[  3  0  0  1  0  0  0  0  0 ] (0.00000000)
[  3  0  0  1  0  0  0  0  1 ] (0.00000016)
[  3  0  0  1  0  0  0  1  0 ] (0.00000261)
[  3  0  0  1  0  0  1  0  0 ] (0.00000000)
[  3  0  0  1  0  1  0  0  0 ] (0.00000002)
[  3  0  0  1  1  0  0  0  0 ] (0.00000006)
[  3  0  0  2  0  0  0  0  0 ] (0.00000005)
[  3  0  1  0  0  0  0  0  0 ] (0.00000031)
[  3  0  1  0  0  0  0  0  1 ] (0.00000226)
[  3  0  1  0  0  0  0  1  0 ] (0.00000034)
[  3  0  1  0  0  0  1  0  0 ] (0.00001151)
[  3  0  1  0  0  1  0  0  0 ] (0.00000173)
[  3  0  1  0  1  0  0  0  0 ] (0.00000002)
[  3  0  1  1  0  0  0  0  0 ] (0.00000052)
[  3  0  2  0  0  0  0  0  0 ] (0.00000003)
[  3  1  0  0  0  0  0  0  0 ] (0.00000010)
[  3  1  0  0  0  0  0  0  1 ] (0.00000298)
[  3  1  0  0  0  0  0  1  0 ] (0.00000001)
[  3  1  0  0  0  0  1  0  0 ] (0.00000906)
[  3  1  0  0  0  1  0  0  0 ] (0.00000065)
[  3  1  0  0  1  0  0  0  0 ] (0.00000262)
[  3  1  0  1  0  0  0  0  0 ] (0.00000002)
[  3  1  1  0  0  0  0  0  0 ] (0.00000058)
[  3  2  0  0  0  0  0  0  0 ] (0.00000027)
[  4  0  0  0  0  0  0  0  0 ] (0.00000091)
[  4  0  0  0  0  0  0  0  1 ] (0.00004003)
[  4  0  0  0  0  0  0  1  0 ] (0.00002564)
[  4  0  0  0  0  0  1  0  0 ] (0.00000321)
[  4  0  0  0  0  1  0  0  0 ] (0.00000008)
[  4  0  0  0  1  0  0  0  0 ] (0.00000081)
[  4  0  0  1  0  0  0  0  0 ] (0.00000217)
[  4  0  1  0  0  0  0  0  0 ] (0.00000005)
[  4  1  0  0  0  0  0  0  0 ] (0.00000105)
[  5  0  0  0  0  0  0  0  0 ] (0.00000002)
