|  -946.122586975677 |   214.768843178400 

[  0  0  0  0  0  0  0  0  0 ] (0.00000332)
[  0  0  0  0  0  0  0  0  1 ] (0.00004218)
[  0  0  0  0  0  0  0  0  2 ] (0.00002445)
[  0  0  0  0  0  0  0  0  3 ] (0.00000062)
[  0  0  0  0  0  0  0  0  4 ] (0.00000152)
[  0  0  0  0  0  0  0  0  5 ] (0.00000000)
[  0  0  0  0  0  0  0  1  0 ] (0.00001008)
[  0  0  0  0  0  0  0  1  1 ] (0.00005569)
[  0  0  0  0  0  0  0  1  2 ] (0.00000283)
[  0  0  0  0  0  0  0  1  3 ] (0.00000407)
[  0  0  0  0  0  0  0  1  4 ] (0.00000016)
[  0  0  0  0  0  0  0  2  0 ] (0.00007529)
[  0  0  0  0  0  0  0  2  1 ] (0.00022495)
[  0  0  0  0  0  0  0  2  2 ] (0.00002147)
[  0  0  0  0  0  0  0  2  3 ] (0.00000678)
[  0  0  0  0  0  0  0  3  0 ] (0.00003067)
[  0  0  0  0  0  0  0  3  1 ] (0.00000195)
[  0  0  0  0  0  0  0  3  2 ] (0.00000024)
[  0  0  0  0  0  0  0  4  0 ] (0.00001618)
[  0  0  0  0  0  0  0  4  1 ] (0.00000248)
[  0  0  0  0  0  0  0  5  0 ] (0.00000038)
[  0  0  0  0  0  0  1  0  0 ] (0.00002525)
[  0  0  0  0  0  0  1  0  1 ] (0.00004574)
[  0  0  0  0  0  0  1  0  2 ] (0.00000004)
[  0  0  0  0  0  0  1  0  3 ] (0.00000136)
[  0  0  0  0  0  0  1  0  4 ] (0.00000000)
[  0  0  0  0  0  0  1  1  0 ] (0.00000421)
[  0  0  0  0  0  0  1  1  1 ] (0.00001887)
[  0  0  0  0  0  0  1  1  2 ] (0.00000022)
[  0  0  0  0  0  0  1  1  3 ] (0.00000046)
[  0  0  0  0  0  0  1  2  0 ] (0.00014291)
[  0  0  0  0  0  0  1  2  1 ] (0.00000074)
[  0  0  0  0  0  0  1  2  2 ] (0.00000091)
[  0  0  0  0  0  0  1  3  0 ] (0.00002710)
[  0  0  0  0  0  0  1  3  1 ] (0.00000039)
[  0  0  0  0  0  0  1  4  0 ] (0.00000007)
[  0  0  0  0  0  0  2  0  0 ] (0.00003654)
[  0  0  0  0  0  0  2  0  1 ] (0.00000537)
[  0  0  0  0  0  0  2  0  2 ] (0.00000455)
[  0  0  0  0  0  0  2  0  3 ] (0.00000019)
[  0  0  0  0  0  0  2  1  0 ] (0.00001092)
[  0  0  0  0  0  0  2  1  1 ] (0.00000494)
[  0  0  0  0  0  0  2  1  2 ] (0.00000077)
[  0  0  0  0  0  0  2  2  0 ] (0.00001285)
[  0  0  0  0  0  0  2  2  1 ] (0.00000189)
[  0  0  0  0  0  0  2  3  0 ] (0.00001480)
[  0  0  0  0  0  0  3  0  0 ] (0.00020694)
[  0  0  0  0  0  0  3  0  1 ] (0.00000703)
[  0  0  0  0  0  0  3  0  2 ] (0.00001373)
[  0  0  0  0  0  0  3  1  0 ] (0.00000299)
[  0  0  0  0  0  0  3  1  1 ] (0.00001266)
[  0  0  0  0  0  0  3  2  0 ] (0.00000012)
[  0  0  0  0  0  0  4  0  0 ] (0.00017873)
[  0  0  0  0  0  0  4  0  1 ] (0.00001379)
[  0  0  0  0  0  0  4  1  0 ] (0.00000101)
[  0  0  0  0  0  0  5  0  0 ] (0.00000573)
[  0  0  0  0  0  1  0  0  0 ] (0.00000454)
[  0  0  0  0  0  1  0  0  1 ] (0.00001661)
[  0  0  0  0  0  1  0  0  2 ] (0.00002270)
[  0  0  0  0  0  1  0  0  3 ] (0.00000000)
[  0  0  0  0  0  1  0  0  4 ] (0.00000137)
[  0  0  0  0  0  1  0  1  0 ] (0.00002152)
[  0  0  0  0  0  1  0  1  1 ] (0.00013734)
[  0  0  0  0  0  1  0  1  2 ] (0.00000341)
[  0  0  0  0  0  1  0  1  3 ] (0.00000029)
[  0  0  0  0  0  1  0  2  0 ] (0.00012415)
[  0  0  0  0  0  1  0  2  1 ] (0.00000809)
[  0  0  0  0  0  1  0  2  2 ] (0.00000003)
[  0  0  0  0  0  1  0  3  0 ] (0.00013229)
[  0  0  0  0  0  1  0  3  1 ] (0.00000323)
[  0  0  0  0  0  1  0  4  0 ] (0.00000437)
[  0  0  0  0  0  1  1  0  0 ] (0.00000008)
[  0  0  0  0  0  1  1  0  1 ] (0.00032205)
[  0  0  0  0  0  1  1  0  2 ] (0.00000682)
[  0  0  0  0  0  1  1  0  3 ] (0.00000343)
[  0  0  0  0  0  1  1  1  0 ] (0.00006284)
[  0  0  0  0  0  1  1  1  1 ] (0.00000581)
[  0  0  0  0  0  1  1  1  2 ] (0.00000015)
[  0  0  0  0  0  1  1  2  0 ] (0.00002562)
[  0  0  0  0  0  1  1  2  1 ] (0.00000730)
[  0  0  0  0  0  1  1  3  0 ] (0.00008647)
[  0  0  0  0  0  1  2  0  0 ] (0.00011233)
[  0  0  0  0  0  1  2  0  1 ] (0.00002583)
[  0  0  0  0  0  1  2  0  2 ] (0.00000185)
[  0  0  0  0  0  1  2  1  0 ] (0.00000351)
[  0  0  0  0  0  1  2  1  1 ] (0.00000014)
[  0  0  0  0  0  1  2  2  0 ] (0.00000060)
[  0  0  0  0  0  1  3  0  0 ] (0.00711172)
[  0  0  0  0  0  1  3  0  1 ] (0.00032353)
[  0  0  0  0  0  1  3  1  0 ] (0.00000722)
[  0  0  0  0  0  1  4  0  0 ] (0.00001033)
[  0  0  0  0  0  2  0  0  0 ] (0.00000588)
[  0  0  0  0  0  2  0  0  1 ] (0.00007434)
[  0  0  0  0  0  2  0  0  2 ] (0.00013451)
[  0  0  0  0  0  2  0  0  3 ] (0.00000072)
[  0  0  0  0  0  2  0  1  0 ] (0.00000820)
[  0  0  0  0  0  2  0  1  1 ] (0.00001157)
[  0  0  0  0  0  2  0  1  2 ] (0.00000225)
[  0  0  0  0  0  2  0  2  0 ] (0.00004622)
[  0  0  0  0  0  2  0  2  1 ] (0.00000585)
[  0  0  0  0  0  2  0  3  0 ] (0.00000000)
[  0  0  0  0  0  2  1  0  0 ] (0.00000484)
[  0  0  0  0  0  2  1  0  1 ] (0.00008035)
[  0  0  0  0  0  2  1  0  2 ] (0.00000053)
[  0  0  0  0  0  2  1  1  0 ] (0.00000339)
[  0  0  0  0  0  2  1  1  1 ] (0.00000000)
[  0  0  0  0  0  2  1  2  0 ] (0.00000478)
[  0  0  0  0  0  2  2  0  0 ] (0.00016072)
[  0  0  0  0  0  2  2  0  1 ] (0.00001135)
[  0  0  0  0  0  2  2  1  0 ] (0.00000062)
[  0  0  0  0  0  2  3  0  0 ] (0.00000019)
[  0  0  0  0  0  3  0  0  0 ] (0.00001542)
[  0  0  0  0  0  3  0  0  1 ] (0.00120618)
[  0  0  0  0  0  3  0  0  2 ] (0.00000300)
[  0  0  0  0  0  3  0  1  0 ] (0.00000005)
[  0  0  0  0  0  3  0  1  1 ] (0.00000010)
[  0  0  0  0  0  3  0  2  0 ] (0.00000007)
[  0  0  0  0  0  3  1  0  0 ] (0.00004666)
[  0  0  0  0  0  3  1  0  1 ] (0.00000681)
[  0  0  0  0  0  3  1  1  0 ] (0.00000050)
[  0  0  0  0  0  3  2  0  0 ] (0.00004721)
[  0  0  0  0  0  4  0  0  0 ] (0.00007350)
[  0  0  0  0  0  4  0  0  1 ] (0.00000466)
[  0  0  0  0  0  4  0  1  0 ] (0.00000277)
[  0  0  0  0  0  4  1  0  0 ] (0.00018040)
[  0  0  0  0  0  5  0  0  0 ] (0.00006180)
[  0  0  0  0  1  0  0  0  0 ] (0.00001111)
[  0  0  0  0  1  0  0  0  1 ] (0.00000848)
[  0  0  0  0  1  0  0  0  2 ] (0.00055785)
[  0  0  0  0  1  0  0  0  3 ] (0.00000460)
[  0  0  0  0  1  0  0  0  4 ] (0.00000004)
[  0  0  0  0  1  0  0  1  0 ] (0.00033896)
[  0  0  0  0  1  0  0  1  1 ] (0.00055641)
[  0  0  0  0  1  0  0  1  2 ] (0.00000549)
[  0  0  0  0  1  0  0  1  3 ] (0.00000734)
[  0  0  0  0  1  0  0  2  0 ] (0.00020358)
[  0  0  0  0  1  0  0  2  1 ] (0.00022069)
[  0  0  0  0  1  0  0  2  2 ] (0.00001037)
[  0  0  0  0  1  0  0  3  0 ] (0.00005166)
[  0  0  0  0  1  0  0  3  1 ] (0.00003036)
[  0  0  0  0  1  0  0  4  0 ] (0.00012116)
[  0  0  0  0  1  0  1  0  0 ] (0.00008406)
[  0  0  0  0  1  0  1  0  1 ] (0.00276194)
[  0  0  0  0  1  0  1  0  2 ] (0.00012573)
[  0  0  0  0  1  0  1  0  3 ] (0.00004468)
[  0  0  0  0  1  0  1  1  0 ] (0.00906135)
[  0  0  0  0  1  0  1  1  1 ] (0.00070742)
[  0  0  0  0  1  0  1  1  2 ] (0.00000104)
[  0  0  0  0  1  0  1  2  0 ] (0.00014608)
[  0  0  0  0  1  0  1  2  1 ] (0.00000500)
[  0  0  0  0  1  0  1  3  0 ] (0.00000921)
[  0  0  0  0  1  0  2  0  0 ] (0.00002926)
[  0  0  0  0  1  0  2  0  1 ] (0.00001272)
[  0  0  0  0  1  0  2  0  2 ] (0.00000199)
[  0  0  0  0  1  0  2  1  0 ] (0.00057242)
[  0  0  0  0  1  0  2  1  1 ] (0.00010346)
[  0  0  0  0  1  0  2  2  0 ] (0.00003560)
[  0  0  0  0  1  0  3  0  0 ] (0.00045451)
[  0  0  0  0  1  0  3  0  1 ] (0.00002851)
[  0  0  0  0  1  0  3  1  0 ] (0.00018141)
[  0  0  0  0  1  0  4  0  0 ] (0.00004532)
[  0  0  0  0  1  1  0  0  0 ] (0.00000219)
[  0  0  0  0  1  1  0  0  1 ] (0.00002135)
[  0  0  0  0  1  1  0  0  2 ] (0.00007556)
[  0  0  0  0  1  1  0  0  3 ] (0.00000003)
[  0  0  0  0  1  1  0  1  0 ] (0.00006144)
[  0  0  0  0  1  1  0  1  1 ] (0.00009954)
[  0  0  0  0  1  1  0  1  2 ] (0.00001268)
[  0  0  0  0  1  1  0  2  0 ] (0.00020774)
[  0  0  0  0  1  1  0  2  1 ] (0.00001375)
[  0  0  0  0  1  1  0  3  0 ] (0.00000402)
[  0  0  0  0  1  1  1  0  0 ] (0.00000133)
[  0  0  0  0  1  1  1  0  1 ] (0.00012837)
[  0  0  0  0  1  1  1  0  2 ] (0.00001138)
[  0  0  0  0  1  1  1  1  0 ] (0.00040116)
[  0  0  0  0  1  1  1  1  1 ] (0.00000432)
[  0  0  0  0  1  1  1  2  0 ] (0.00000078)
[  0  0  0  0  1  1  2  0  0 ] (0.00006693)
[  0  0  0  0  1  1  2  0  1 ] (0.00001379)
[  0  0  0  0  1  1  2  1  0 ] (0.00006494)
[  0  0  0  0  1  1  3  0  0 ] (0.00002252)
[  0  0  0  0  1  2  0  0  0 ] (0.00002059)
[  0  0  0  0  1  2  0  0  1 ] (0.00005033)
[  0  0  0  0  1  2  0  0  2 ] (0.00000009)
[  0  0  0  0  1  2  0  1  0 ] (0.00952609)
[  0  0  0  0  1  2  0  1  1 ] (0.00023331)
[  0  0  0  0  1  2  0  2  0 ] (0.00000592)
[  0  0  0  0  1  2  1  0  0 ] (0.00023281)
[  0  0  0  0  1  2  1  0  1 ] (0.00001246)
[  0  0  0  0  1  2  1  1  0 ] (0.00040904)
[  0  0  0  0  1  2  2  0  0 ] (0.00003339)
[  0  0  0  0  1  3  0  0  0 ] (0.00007448)
[  0  0  0  0  1  3  0  0  1 ] (0.00001523)
[  0  0  0  0  1  3  0  1  0 ] (0.00011975)
[  0  0  0  0  1  3  1  0  0 ] (0.00014894)
[  0  0  0  0  1  4  0  0  0 ] (0.00007223)
[  0  0  0  0  2  0  0  0  0 ] (0.00010962)
[  0  0  0  0  2  0  0  0  1 ] (0.00001102)
[  0  0  0  0  2  0  0  0  2 ] (0.00070332)
[  0  0  0  0  2  0  0  0  3 ] (0.00000013)
[  0  0  0  0  2  0  0  1  0 ] (0.00011999)
[  0  0  0  0  2  0  0  1  1 ] (0.00001165)
[  0  0  0  0  2  0  0  1  2 ] (0.00000305)
[  0  0  0  0  2  0  0  2  0 ] (0.00000083)
[  0  0  0  0  2  0  0  2  1 ] (0.00000296)
[  0  0  0  0  2  0  0  3  0 ] (0.00000271)
[  0  0  0  0  2  0  1  0  0 ] (0.00015736)
[  0  0  0  0  2  0  1  0  1 ] (0.00010036)
[  0  0  0  0  2  0  1  0  2 ] (0.00000020)
[  0  0  0  0  2  0  1  1  0 ] (0.00001892)
[  0  0  0  0  2  0  1  1  1 ] (0.00000595)
[  0  0  0  0  2  0  1  2  0 ] (0.00000001)
[  0  0  0  0  2  0  2  0  0 ] (0.00000373)
[  0  0  0  0  2  0  2  0  1 ] (0.00000043)
[  0  0  0  0  2  0  2  1  0 ] (0.00000265)
[  0  0  0  0  2  0  3  0  0 ] (0.00003737)
[  0  0  0  0  2  1  0  0  0 ] (0.00031472)
[  0  0  0  0  2  1  0  0  1 ] (0.00012052)
[  0  0  0  0  2  1  0  0  2 ] (0.00023274)
[  0  0  0  0  2  1  0  1  0 ] (0.00047731)
[  0  0  0  0  2  1  0  1  1 ] (0.00001107)
[  0  0  0  0  2  1  0  2  0 ] (0.00000244)
[  0  0  0  0  2  1  1  0  0 ] (0.00000102)
[  0  0  0  0  2  1  1  0  1 ] (0.00000031)
[  0  0  0  0  2  1  1  1  0 ] (0.00007439)
[  0  0  0  0  2  1  2  0  0 ] (0.00000070)
[  0  0  0  0  2  2  0  0  0 ] (0.00019566)
[  0  0  0  0  2  2  0  0  1 ] (0.00040940)
[  0  0  0  0  2  2  0  1  0 ] (0.00011107)
[  0  0  0  0  2  2  1  0  0 ] (0.00016852)
[  0  0  0  0  2  3  0  0  0 ] (0.00872463)
[  0  0  0  0  3  0  0  0  0 ] (0.00005879)
[  0  0  0  0  3  0  0  0  1 ] (0.00070463)
[  0  0  0  0  3  0  0  0  2 ] (0.00011186)
[  0  0  0  0  3  0  0  1  0 ] (0.00025894)
[  0  0  0  0  3  0  0  1  1 ] (0.00001174)
[  0  0  0  0  3  0  0  2  0 ] (0.00002403)
[  0  0  0  0  3  0  1  0  0 ] (0.00000419)
[  0  0  0  0  3  0  1  0  1 ] (0.00001486)
[  0  0  0  0  3  0  1  1  0 ] (0.00000300)
[  0  0  0  0  3  0  2  0  0 ] (0.00002585)
[  0  0  0  0  3  1  0  0  0 ] (0.00004880)
[  0  0  0  0  3  1  0  0  1 ] (0.00003824)
[  0  0  0  0  3  1  0  1  0 ] (0.00004584)
[  0  0  0  0  3  1  1  0  0 ] (0.00024196)
[  0  0  0  0  3  2  0  0  0 ] (0.00010790)
[  0  0  0  0  4  0  0  0  0 ] (0.00019885)
[  0  0  0  0  4  0  0  0  1 ] (0.00000548)
[  0  0  0  0  4  0  0  1  0 ] (0.00020714)
[  0  0  0  0  4  0  1  0  0 ] (0.00002063)
[  0  0  0  0  4  1  0  0  0 ] (0.00001560)
[  0  0  0  0  5  0  0  0  0 ] (0.00777199)
[  0  0  0  1  0  0  0  0  0 ] (0.00000685)
[  0  0  0  1  0  0  0  0  1 ] (0.00001462)
[  0  0  0  1  0  0  0  0  2 ] (0.00004093)
[  0  0  0  1  0  0  0  0  3 ] (0.00000777)
[  0  0  0  1  0  0  0  0  4 ] (0.00000003)
[  0  0  0  1  0  0  0  1  0 ] (0.00000980)
[  0  0  0  1  0  0  0  1  1 ] (0.00290191)
[  0  0  0  1  0  0  0  1  2 ] (0.00015313)
[  0  0  0  1  0  0  0  1  3 ] (0.00004451)
[  0  0  0  1  0  0  0  2  0 ] (0.00000474)
[  0  0  0  1  0  0  0  2  1 ] (0.00000934)
[  0  0  0  1  0  0  0  2  2 ] (0.00000053)
[  0  0  0  1  0  0  0  3  0 ] (0.00007543)
[  0  0  0  1  0  0  0  3  1 ] (0.00000079)
[  0  0  0  1  0  0  0  4  0 ] (0.00012410)
[  0  0  0  1  0  0  1  0  0 ] (0.00000161)
[  0  0  0  1  0  0  1  0  1 ] (0.00002112)
[  0  0  0  1  0  0  1  0  2 ] (0.00000279)
[  0  0  0  1  0  0  1  0  3 ] (0.00000024)
[  0  0  0  1  0  0  1  1  0 ] (0.00186786)
[  0  0  0  1  0  0  1  1  1 ] (0.00002340)
[  0  0  0  1  0  0  1  1  2 ] (0.00000421)
[  0  0  0  1  0  0  1  2  0 ] (0.00000021)
[  0  0  0  1  0  0  1  2  1 ] (0.00000052)
[  0  0  0  1  0  0  1  3  0 ] (0.00000174)
[  0  0  0  1  0  0  2  0  0 ] (0.00000663)
[  0  0  0  1  0  0  2  0  1 ] (0.00000009)
[  0  0  0  1  0  0  2  0  2 ] (0.00000005)
[  0  0  0  1  0  0  2  1  0 ] (0.00002921)
[  0  0  0  1  0  0  2  1  1 ] (0.00000215)
[  0  0  0  1  0  0  2  2  0 ] (0.00000052)
[  0  0  0  1  0  0  3  0  0 ] (0.00000173)
[  0  0  0  1  0  0  3  0  1 ] (0.00000029)
[  0  0  0  1  0  0  3  1  0 ] (0.00000596)
[  0  0  0  1  0  0  4  0  0 ] (0.00000002)
[  0  0  0  1  0  1  0  0  0 ] (0.00000693)
[  0  0  0  1  0  1  0  0  1 ] (0.00034428)
[  0  0  0  1  0  1  0  0  2 ] (0.00000198)
[  0  0  0  1  0  1  0  0  3 ] (0.00000023)
[  0  0  0  1  0  1  0  1  0 ] (0.00154107)
[  0  0  0  1  0  1  0  1  1 ] (0.00054327)
[  0  0  0  1  0  1  0  1  2 ] (0.00000771)
[  0  0  0  1  0  1  0  2  0 ] (0.00044070)
[  0  0  0  1  0  1  0  2  1 ] (0.00002888)
[  0  0  0  1  0  1  0  3  0 ] (0.00000122)
[  0  0  0  1  0  1  1  0  0 ] (0.00001763)
[  0  0  0  1  0  1  1  0  1 ] (0.00000396)
[  0  0  0  1  0  1  1  0  2 ] (0.00000251)
[  0  0  0  1  0  1  1  1  0 ] (0.00000578)
[  0  0  0  1  0  1  1  1  1 ] (0.00000266)
[  0  0  0  1  0  1  1  2  0 ] (0.00004309)
[  0  0  0  1  0  1  2  0  0 ] (0.00004838)
[  0  0  0  1  0  1  2  0  1 ] (0.00000259)
[  0  0  0  1  0  1  2  1  0 ] (0.00000799)
[  0  0  0  1  0  1  3  0  0 ] (0.00008698)
[  0  0  0  1  0  2  0  0  0 ] (0.00000896)
[  0  0  0  1  0  2  0  0  1 ] (0.00199743)
[  0  0  0  1  0  2  0  0  2 ] (0.00001746)
[  0  0  0  1  0  2  0  1  0 ] (0.00001283)
[  0  0  0  1  0  2  0  1  1 ] (0.00000486)
[  0  0  0  1  0  2  0  2  0 ] (0.00002417)
[  0  0  0  1  0  2  1  0  0 ] (0.00000843)
[  0  0  0  1  0  2  1  0  1 ] (0.00000000)
[  0  0  0  1  0  2  1  1  0 ] (0.00001164)
[  0  0  0  1  0  2  2  0  0 ] (0.00000399)
[  0  0  0  1  0  3  0  0  0 ] (0.00000081)
[  0  0  0  1  0  3  0  0  1 ] (0.00011238)
[  0  0  0  1  0  3  0  1  0 ] (0.00004914)
[  0  0  0  1  0  3  1  0  0 ] (0.00001609)
[  0  0  0  1  0  4  0  0  0 ] (0.00003448)
[  0  0  0  1  1  0  0  0  0 ] (0.00015576)
[  0  0  0  1  1  0  0  0  1 ] (0.00073162)
[  0  0  0  1  1  0  0  0  2 ] (0.00000021)
[  0  0  0  1  1  0  0  0  3 ] (0.00000602)
[  0  0  0  1  1  0  0  1  0 ] (0.00007798)
[  0  0  0  1  1  0  0  1  1 ] (0.00005637)
[  0  0  0  1  1  0  0  1  2 ] (0.00000215)
[  0  0  0  1  1  0  0  2  0 ] (0.09877526)
[  0  0  0  1  1  0  0  2  1 ] (0.00834145)
[  0  0  0  1  1  0  0  3  0 ] (0.00010843)
[  0  0  0  1  1  0  1  0  0 ] (0.00064044)
[  0  0  0  1  1  0  1  0  1 ] (0.00000270)
[  0  0  0  1  1  0  1  0  2 ] (0.00000536)
[  0  0  0  1  1  0  1  1  0 ] (0.00016720)
[  0  0  0  1  1  0  1  1  1 ] (0.00002320)
[  0  0  0  1  1  0  1  2  0 ] (0.01034912)
[  0  0  0  1  1  0  2  0  0 ] (0.00000511)
[  0  0  0  1  1  0  2  0  1 ] (0.00000080)
[  0  0  0  1  1  0  2  1  0 ] (0.00000040)
[  0  0  0  1  1  0  3  0  0 ] (0.00003842)
[  0  0  0  1  1  1  0  0  0 ] (0.00000402)
[  0  0  0  1  1  1  0  0  1 ] (0.00015802)
[  0  0  0  1  1  1  0  0  2 ] (0.00000659)
[  0  0  0  1  1  1  0  1  0 ] (0.00000136)
[  0  0  0  1  1  1  0  1  1 ] (0.00000224)
[  0  0  0  1  1  1  0  2  0 ] (0.00432963)
[  0  0  0  1  1  1  1  0  0 ] (0.00008113)
[  0  0  0  1  1  1  1  0  1 ] (0.00000017)
[  0  0  0  1  1  1  1  1  0 ] (0.00004226)
[  0  0  0  1  1  1  2  0  0 ] (0.00000556)
[  0  0  0  1  1  2  0  0  0 ] (0.00002381)
[  0  0  0  1  1  2  0  0  1 ] (0.00000984)
[  0  0  0  1  1  2  0  1  0 ] (0.00000336)
[  0  0  0  1  1  2  1  0  0 ] (0.00003196)
[  0  0  0  1  1  3  0  0  0 ] (0.01312151)
[  0  0  0  1  2  0  0  0  0 ] (0.00003318)
[  0  0  0  1  2  0  0  0  1 ] (0.00005067)
[  0  0  0  1  2  0  0  0  2 ] (0.00000005)
[  0  0  0  1  2  0  0  1  0 ] (0.00002345)
[  0  0  0  1  2  0  0  1  1 ] (0.00002261)
[  0  0  0  1  2  0  0  2  0 ] (0.00000000)
[  0  0  0  1  2  0  1  0  0 ] (0.00000632)
[  0  0  0  1  2  0  1  0  1 ] (0.00000078)
[  0  0  0  1  2  0  1  1  0 ] (0.00002050)
[  0  0  0  1  2  0  2  0  0 ] (0.00000107)
[  0  0  0  1  2  1  0  0  0 ] (0.00004081)
[  0  0  0  1  2  1  0  0  1 ] (0.00004167)
[  0  0  0  1  2  1  0  1  0 ] (0.00014136)
[  0  0  0  1  2  1  1  0  0 ] (0.00000124)
[  0  0  0  1  2  2  0  0  0 ] (0.00006435)
[  0  0  0  1  3  0  0  0  0 ] (0.00000075)
[  0  0  0  1  3  0  0  0  1 ] (0.00017595)
[  0  0  0  1  3  0  0  1  0 ] (0.00004476)
[  0  0  0  1  3  0  1  0  0 ] (0.00045676)
[  0  0  0  1  3  1  0  0  0 ] (0.00011313)
[  0  0  0  1  4  0  0  0  0 ] (0.00153630)
[  0  0  0  2  0  0  0  0  0 ] (0.00000556)
[  0  0  0  2  0  0  0  0  1 ] (0.00000457)
[  0  0  0  2  0  0  0  0  2 ] (0.00010688)
[  0  0  0  2  0  0  0  0  3 ] (0.00000005)
[  0  0  0  2  0  0  0  1  0 ] (0.00000818)
[  0  0  0  2  0  0  0  1  1 ] (0.00000262)
[  0  0  0  2  0  0  0  1  2 ] (0.00000503)
[  0  0  0  2  0  0  0  2  0 ] (0.00007966)
[  0  0  0  2  0  0  0  2  1 ] (0.00001420)
[  0  0  0  2  0  0  0  3  0 ] (0.00000353)
[  0  0  0  2  0  0  1  0  0 ] (0.00003219)
[  0  0  0  2  0  0  1  0  1 ] (0.00619991)
[  0  0  0  2  0  0  1  0  2 ] (0.00022801)
[  0  0  0  2  0  0  1  1  0 ] (0.00062357)
[  0  0  0  2  0  0  1  1  1 ] (0.00003548)
[  0  0  0  2  0  0  1  2  0 ] (0.00000194)
[  0  0  0  2  0  0  2  0  0 ] (0.00000000)
[  0  0  0  2  0  0  2  0  1 ] (0.00006677)
[  0  0  0  2  0  0  2  1  0 ] (0.00002537)
[  0  0  0  2  0  0  3  0  0 ] (0.00006737)
[  0  0  0  2  0  1  0  0  0 ] (0.00001531)
[  0  0  0  2  0  1  0  0  1 ] (0.00012664)
[  0  0  0  2  0  1  0  0  2 ] (0.00002407)
[  0  0  0  2  0  1  0  1  0 ] (0.00000001)
[  0  0  0  2  0  1  0  1  1 ] (0.00003028)
[  0  0  0  2  0  1  0  2  0 ] (0.00003598)
[  0  0  0  2  0  1  1  0  0 ] (0.00048630)
[  0  0  0  2  0  1  1  0  1 ] (0.00054721)
[  0  0  0  2  0  1  1  1  0 ] (0.00007924)
[  0  0  0  2  0  1  2  0  0 ] (0.00002609)
[  0  0  0  2  0  2  0  0  0 ] (0.00001007)
[  0  0  0  2  0  2  0  0  1 ] (0.00009580)
[  0  0  0  2  0  2  0  1  0 ] (0.00003375)
[  0  0  0  2  0  2  1  0  0 ] (0.00382753)
[  0  0  0  2  0  3  0  0  0 ] (0.00020497)
[  0  0  0  2  1  0  0  0  0 ] (0.00000288)
[  0  0  0  2  1  0  0  0  1 ] (0.00000838)
[  0  0  0  2  1  0  0  0  2 ] (0.00000204)
[  0  0  0  2  1  0  0  1  0 ] (0.00000005)
[  0  0  0  2  1  0  0  1  1 ] (0.00001281)
[  0  0  0  2  1  0  0  2  0 ] (0.00001312)
[  0  0  0  2  1  0  1  0  0 ] (0.00000213)
[  0  0  0  2  1  0  1  0  1 ] (0.00001436)
[  0  0  0  2  1  0  1  1  0 ] (0.00000514)
[  0  0  0  2  1  0  2  0  0 ] (0.00000074)
[  0  0  0  2  1  1  0  0  0 ] (0.00002679)
[  0  0  0  2  1  1  0  0  1 ] (0.00005692)
[  0  0  0  2  1  1  0  1  0 ] (0.00002091)
[  0  0  0  2  1  1  1  0  0 ] (0.00000076)
[  0  0  0  2  1  2  0  0  0 ] (0.00001496)
[  0  0  0  2  2  0  0  0  0 ] (0.00004689)
[  0  0  0  2  2  0  0  0  1 ] (0.00019696)
[  0  0  0  2  2  0  0  1  0 ] (0.00000003)
[  0  0  0  2  2  0  1  0  0 ] (0.00031252)
[  0  0  0  2  2  1  0  0  0 ] (0.00053234)
[  0  0  0  2  3  0  0  0  0 ] (0.00000124)
[  0  0  0  3  0  0  0  0  0 ] (0.00000906)
[  0  0  0  3  0  0  0  0  1 ] (0.00006102)
[  0  0  0  3  0  0  0  0  2 ] (0.00001121)
[  0  0  0  3  0  0  0  1  0 ] (0.00000600)
[  0  0  0  3  0  0  0  1  1 ] (0.00001792)
[  0  0  0  3  0  0  0  2  0 ] (0.00010879)
[  0  0  0  3  0  0  1  0  0 ] (0.00000389)
[  0  0  0  3  0  0  1  0  1 ] (0.00007681)
[  0  0  0  3  0  0  1  1  0 ] (0.00002037)
[  0  0  0  3  0  0  2  0  0 ] (0.00010506)
[  0  0  0  3  0  1  0  0  0 ] (0.00001921)
[  0  0  0  3  0  1  0  0  1 ] (0.00007465)
[  0  0  0  3  0  1  0  1  0 ] (0.00027759)
[  0  0  0  3  0  1  1  0  0 ] (0.00000227)
[  0  0  0  3  0  2  0  0  0 ] (0.00000004)
[  0  0  0  3  1  0  0  0  0 ] (0.00001737)
[  0  0  0  3  1  0  0  0  1 ] (0.00002818)
[  0  0  0  3  1  0  0  1  0 ] (0.00000001)
[  0  0  0  3  1  0  1  0  0 ] (0.00141753)
[  0  0  0  3  1  1  0  0  0 ] (0.00003106)
[  0  0  0  3  2  0  0  0  0 ] (0.00005614)
[  0  0  0  4  0  0  0  0  0 ] (0.00003560)
[  0  0  0  4  0  0  0  0  1 ] (0.00108353)
[  0  0  0  4  0  0  0  1  0 ] (0.00003018)
[  0  0  0  4  0  0  1  0  0 ] (0.00000378)
[  0  0  0  4  0  1  0  0  0 ] (0.00009024)
[  0  0  0  4  1  0  0  0  0 ] (0.00009254)
[  0  0  0  5  0  0  0  0  0 ] (0.00011599)
[  0  0  1  0  0  0  0  0  0 ] (0.00013714)
[  0  0  1  0  0  0  0  0  1 ] (0.00003905)
[  0  0  1  0  0  0  0  0  2 ] (0.00000224)
[  0  0  1  0  0  0  0  0  3 ] (0.00003118)
[  0  0  1  0  0  0  0  0  4 ] (0.00000294)
[  0  0  1  0  0  0  0  1  0 ] (0.00002103)
[  0  0  1  0  0  0  0  1  1 ] (0.00082378)
[  0  0  1  0  0  0  0  1  2 ] (0.00007573)
[  0  0  1  0  0  0  0  1  3 ] (0.00001301)
[  0  0  1  0  0  0  0  2  0 ] (0.00069392)
[  0  0  1  0  0  0  0  2  1 ] (0.00025384)
[  0  0  1  0  0  0  0  2  2 ] (0.00000026)
[  0  0  1  0  0  0  0  3  0 ] (0.00020914)
[  0  0  1  0  0  0  0  3  1 ] (0.00000446)
[  0  0  1  0  0  0  0  4  0 ] (0.00000428)
[  0  0  1  0  0  0  1  0  0 ] (0.00000653)
[  0  0  1  0  0  0  1  0  1 ] (0.00000196)
[  0  0  1  0  0  0  1  0  2 ] (0.00001194)
[  0  0  1  0  0  0  1  0  3 ] (0.00000001)
[  0  0  1  0  0  0  1  1  0 ] (0.00008195)
[  0  0  1  0  0  0  1  1  1 ] (0.00000039)
[  0  0  1  0  0  0  1  1  2 ] (0.00000002)
[  0  0  1  0  0  0  1  2  0 ] (0.00006394)
[  0  0  1  0  0  0  1  2  1 ] (0.00005065)
[  0  0  1  0  0  0  1  3  0 ] (0.00000003)
[  0  0  1  0  0  0  2  0  0 ] (0.00000013)
[  0  0  1  0  0  0  2  0  1 ] (0.00000119)
[  0  0  1  0  0  0  2  0  2 ] (0.00000002)
[  0  0  1  0  0  0  2  1  0 ] (0.00007763)
[  0  0  1  0  0  0  2  1  1 ] (0.00001145)
[  0  0  1  0  0  0  2  2  0 ] (0.00000014)
[  0  0  1  0  0  0  3  0  0 ] (0.00002651)
[  0  0  1  0  0  0  3  0  1 ] (0.00000800)
[  0  0  1  0  0  0  3  1  0 ] (0.00000266)
[  0  0  1  0  0  0  4  0  0 ] (0.00000176)
[  0  0  1  0  0  1  0  0  0 ] (0.00007036)
[  0  0  1  0  0  1  0  0  1 ] (0.00042391)
[  0  0  1  0  0  1  0  0  2 ] (0.00071832)
[  0  0  1  0  0  1  0  0  3 ] (0.00000152)
[  0  0  1  0  0  1  0  1  0 ] (0.00009380)
[  0  0  1  0  0  1  0  1  1 ] (0.00027616)
[  0  0  1  0  0  1  0  1  2 ] (0.00000182)
[  0  0  1  0  0  1  0  2  0 ] (0.00087584)
[  0  0  1  0  0  1  0  2  1 ] (0.00008219)
[  0  0  1  0  0  1  0  3  0 ] (0.00003867)
[  0  0  1  0  0  1  1  0  0 ] (0.00030913)
[  0  0  1  0  0  1  1  0  1 ] (0.00028237)
[  0  0  1  0  0  1  1  0  2 ] (0.00000291)
[  0  0  1  0  0  1  1  1  0 ] (0.00000036)
[  0  0  1  0  0  1  1  1  1 ] (0.00000122)
[  0  0  1  0  0  1  1  2  0 ] (0.00000035)
[  0  0  1  0  0  1  2  0  0 ] (0.00012687)
[  0  0  1  0  0  1  2  0  1 ] (0.00000242)
[  0  0  1  0  0  1  2  1  0 ] (0.00000233)
[  0  0  1  0  0  1  3  0  0 ] (0.00002232)
[  0  0  1  0  0  2  0  0  0 ] (0.00012366)
[  0  0  1  0  0  2  0  0  1 ] (0.00085577)
[  0  0  1  0  0  2  0  0  2 ] (0.00000538)
[  0  0  1  0  0  2  0  1  0 ] (0.00039970)
[  0  0  1  0  0  2  0  1  1 ] (0.00001149)
[  0  0  1  0  0  2  0  2  0 ] (0.00012943)
[  0  0  1  0  0  2  1  0  0 ] (0.00009966)
[  0  0  1  0  0  2  1  0  1 ] (0.00001067)
[  0  0  1  0  0  2  1  1  0 ] (0.00000058)
[  0  0  1  0  0  2  2  0  0 ] (0.00023629)
[  0  0  1  0  0  3  0  0  0 ] (0.00027742)
[  0  0  1  0  0  3  0  0  1 ] (0.00011563)
[  0  0  1  0  0  3  0  1  0 ] (0.00000046)
[  0  0  1  0  0  3  1  0  0 ] (0.00003550)
[  0  0  1  0  0  4  0  0  0 ] (0.00049521)
[  0  0  1  0  1  0  0  0  0 ] (0.00001356)
[  0  0  1  0  1  0  0  0  1 ] (0.00006040)
[  0  0  1  0  1  0  0  0  2 ] (0.00005035)
[  0  0  1  0  1  0  0  0  3 ] (0.00000016)
[  0  0  1  0  1  0  0  1  0 ] (0.00184418)
[  0  0  1  0  1  0  0  1  1 ] (0.00021342)
[  0  0  1  0  1  0  0  1  2 ] (0.00000993)
[  0  0  1  0  1  0  0  2  0 ] (0.00102267)
[  0  0  1  0  1  0  0  2  1 ] (0.00004605)
[  0  0  1  0  1  0  0  3  0 ] (0.00000981)
[  0  0  1  0  1  0  1  0  0 ] (0.00002185)
[  0  0  1  0  1  0  1  0  1 ] (0.00003262)
[  0  0  1  0  1  0  1  0  2 ] (0.00000530)
[  0  0  1  0  1  0  1  1  0 ] (0.00001080)
[  0  0  1  0  1  0  1  1  1 ] (0.00005943)
[  0  0  1  0  1  0  1  2  0 ] (0.00004687)
[  0  0  1  0  1  0  2  0  0 ] (0.00000688)
[  0  0  1  0  1  0  2  0  1 ] (0.00000188)
[  0  0  1  0  1  0  2  1  0 ] (0.00004948)
[  0  0  1  0  1  0  3  0  0 ] (0.00002966)
[  0  0  1  0  1  1  0  0  0 ] (0.00001569)
[  0  0  1  0  1  1  0  0  1 ] (0.00023354)
[  0  0  1  0  1  1  0  0  2 ] (0.00001652)
[  0  0  1  0  1  1  0  1  0 ] (0.05930983)
[  0  0  1  0  1  1  0  1  1 ] (0.00198877)
[  0  0  1  0  1  1  0  2  0 ] (0.00002166)
[  0  0  1  0  1  1  1  0  0 ] (0.00025213)
[  0  0  1  0  1  1  1  0  1 ] (0.00002398)
[  0  0  1  0  1  1  1  1  0 ] (0.00247465)
[  0  0  1  0  1  1  2  0  0 ] (0.00000200)
[  0  0  1  0  1  2  0  0  0 ] (0.00017513)
[  0  0  1  0  1  2  0  0  1 ] (0.00005792)
[  0  0  1  0  1  2  0  1  0 ] (0.00510199)
[  0  0  1  0  1  2  1  0  0 ] (0.00000348)
[  0  0  1  0  1  3  0  0  0 ] (0.01028782)
[  0  0  1  0  2  0  0  0  0 ] (0.00017255)
[  0  0  1  0  2  0  0  0  1 ] (0.00004801)
[  0  0  1  0  2  0  0  0  2 ] (0.00002285)
[  0  0  1  0  2  0  0  1  0 ] (0.00003700)
[  0  0  1  0  2  0  0  1  1 ] (0.00001989)
[  0  0  1  0  2  0  0  2  0 ] (0.00031427)
[  0  0  1  0  2  0  1  0  0 ] (0.00011837)
[  0  0  1  0  2  0  1  0  1 ] (0.00002427)
[  0  0  1  0  2  0  1  1  0 ] (0.00000790)
[  0  0  1  0  2  0  2  0  0 ] (0.00000050)
[  0  0  1  0  2  1  0  0  0 ] (0.00048268)
[  0  0  1  0  2  1  0  0  1 ] (0.00037735)
[  0  0  1  0  2  1  0  1  0 ] (0.00000331)
[  0  0  1  0  2  1  1  0  0 ] (0.00124061)
[  0  0  1  0  2  2  0  0  0 ] (0.00130966)
[  0  0  1  0  3  0  0  0  0 ] (0.00049456)
[  0  0  1  0  3  0  0  0  1 ] (0.00011642)
[  0  0  1  0  3  0  0  1  0 ] (0.00001967)
[  0  0  1  0  3  0  1  0  0 ] (0.00021980)
[  0  0  1  0  3  1  0  0  0 ] (0.00270375)
[  0  0  1  0  4  0  0  0  0 ] (0.00001468)
[  0  0  1  1  0  0  0  0  0 ] (0.00000040)
[  0  0  1  1  0  0  0  0  1 ] (0.00003370)
[  0  0  1  1  0  0  0  0  2 ] (0.00145527)
[  0  0  1  1  0  0  0  0  3 ] (0.00000001)
[  0  0  1  1  0  0  0  1  0 ] (0.00128431)
[  0  0  1  1  0  0  0  1  1 ] (0.00065131)
[  0  0  1  1  0  0  0  1  2 ] (0.00000173)
[  0  0  1  1  0  0  0  2  0 ] (0.00002594)
[  0  0  1  1  0  0  0  2  1 ] (0.00000041)
[  0  0  1  1  0  0  0  3  0 ] (0.00002221)
[  0  0  1  1  0  0  1  0  0 ] (0.00000311)
[  0  0  1  1  0  0  1  0  1 ] (0.00003718)
[  0  0  1  1  0  0  1  0  2 ] (0.00003360)
[  0  0  1  1  0  0  1  1  0 ] (0.00015150)
[  0  0  1  1  0  0  1  1  1 ] (0.00001186)
[  0  0  1  1  0  0  1  2  0 ] (0.00000454)
[  0  0  1  1  0  0  2  0  0 ] (0.00003544)
[  0  0  1  1  0  0  2  0  1 ] (0.00002633)
[  0  0  1  1  0  0  2  1  0 ] (0.00007542)
[  0  0  1  1  0  0  3  0  0 ] (0.00018750)
[  0  0  1  1  0  1  0  0  0 ] (0.00043579)
[  0  0  1  1  0  1  0  0  1 ] (0.00051094)
[  0  0  1  1  0  1  0  0  2 ] (0.00043200)
[  0  0  1  1  0  1  0  1  0 ] (0.00522233)
[  0  0  1  1  0  1  0  1  1 ] (0.00008090)
[  0  0  1  1  0  1  0  2  0 ] (0.00001820)
[  0  0  1  1  0  1  1  0  0 ] (0.00000456)
[  0  0  1  1  0  1  1  0  1 ] (0.00001972)
[  0  0  1  1  0  1  1  1  0 ] (0.00031992)
[  0  0  1  1  0  1  2  0  0 ] (0.00007383)
[  0  0  1  1  0  2  0  0  0 ] (0.00015215)
[  0  0  1  1  0  2  0  0  1 ] (0.00100735)
[  0  0  1  1  0  2  0  1  0 ] (0.00083071)
[  0  0  1  1  0  2  1  0  0 ] (0.00000263)
[  0  0  1  1  0  3  0  0  0 ] (0.00403194)
[  0  0  1  1  1  0  0  0  0 ] (0.00001152)
[  0  0  1  1  1  0  0  0  1 ] (0.00612589)
[  0  0  1  1  1  0  0  0  2 ] (0.00024704)
[  0  0  1  1  1  0  0  1  0 ] (0.00031951)
[  0  0  1  1  1  0  0  1  1 ] (0.00002426)
[  0  0  1  1  1  0  0  2  0 ] (0.00000008)
[  0  0  1  1  1  0  1  0  0 ] (0.00002237)
[  0  0  1  1  1  0  1  0  1 ] (0.00001922)
[  0  0  1  1  1  0  1  1  0 ] (0.00003096)
[  0  0  1  1  1  0  2  0  0 ] (0.00003829)
[  0  0  1  1  1  1  0  0  0 ] (0.00000009)
[  0  0  1  1  1  1  0  0  1 ] (0.00165921)
[  0  0  1  1  1  1  0  1  0 ] (0.00009378)
[  0  0  1  1  1  1  1  0  0 ] (0.00000166)
[  0  0  1  1  1  2  0  0  0 ] (0.00025383)
[  0  0  1  1  2  0  0  0  0 ] (0.00008976)
[  0  0  1  1  2  0  0  0  1 ] (0.00007542)
[  0  0  1  1  2  0  0  1  0 ] (0.00016778)
[  0  0  1  1  2  0  1  0  0 ] (0.00039642)
[  0  0  1  1  2  1  0  0  0 ] (0.00030771)
[  0  0  1  1  3  0  0  0  0 ] (0.00030792)
[  0  0  1  2  0  0  0  0  0 ] (0.00026107)
[  0  0  1  2  0  0  0  0  1 ] (0.00007992)
[  0  0  1  2  0  0  0  0  2 ] (0.00004067)
[  0  0  1  2  0  0  0  1  0 ] (0.00006024)
[  0  0  1  2  0  0  0  1  1 ] (0.00000107)
[  0  0  1  2  0  0  0  2  0 ] (0.00130285)
[  0  0  1  2  0  0  1  0  0 ] (0.00002438)
[  0  0  1  2  0  0  1  0  1 ] (0.00004943)
[  0  0  1  2  0  0  1  1  0 ] (0.00003137)
[  0  0  1  2  0  0  2  0  0 ] (0.00160613)
[  0  0  1  2  0  1  0  0  0 ] (0.00086440)
[  0  0  1  2  0  1  0  0  1 ] (0.00001258)
[  0  0  1  2  0  1  0  1  0 ] (0.00090273)
[  0  0  1  2  0  1  1  0  0 ] (0.00094987)
[  0  0  1  2  0  2  0  0  0 ] (0.00110834)
[  0  0  1  2  1  0  0  0  0 ] (0.00004179)
[  0  0  1  2  1  0  0  0  1 ] (0.00038384)
[  0  0  1  2  1  0  0  1  0 ] (0.00170653)
[  0  0  1  2  1  0  1  0  0 ] (0.00030535)
[  0  0  1  2  1  1  0  0  0 ] (0.00003622)
[  0  0  1  2  2  0  0  0  0 ] (0.00055885)
[  0  0  1  3  0  0  0  0  0 ] (0.00070373)
[  0  0  1  3  0  0  0  0  1 ] (0.00035144)
[  0  0  1  3  0  0  0  1  0 ] (0.00123547)
[  0  0  1  3  0  0  1  0  0 ] (0.00004327)
[  0  0  1  3  0  1  0  0  0 ] (0.00115897)
[  0  0  1  3  1  0  0  0  0 ] (0.00014942)
[  0  0  1  4  0  0  0  0  0 ] (0.00026275)
[  0  0  2  0  0  0  0  0  0 ] (0.00000831)
[  0  0  2  0  0  0  0  0  1 ] (0.00001364)
[  0  0  2  0  0  0  0  0  2 ] (0.00024680)
[  0  0  2  0  0  0  0  0  3 ] (0.00000157)
[  0  0  2  0  0  0  0  1  0 ] (0.00001344)
[  0  0  2  0  0  0  0  1  1 ] (0.00005043)
[  0  0  2  0  0  0  0  1  2 ] (0.00001111)
[  0  0  2  0  0  0  0  2  0 ] (0.00002274)
[  0  0  2  0  0  0  0  2  1 ] (0.00001418)
[  0  0  2  0  0  0  0  3  0 ] (0.00000208)
[  0  0  2  0  0  0  1  0  0 ] (0.00002557)
[  0  0  2  0  0  0  1  0  1 ] (0.00000075)
[  0  0  2  0  0  0  1  0  2 ] (0.00000564)
[  0  0  2  0  0  0  1  1  0 ] (0.00101952)
[  0  0  2  0  0  0  1  1  1 ] (0.00016134)
[  0  0  2  0  0  0  1  2  0 ] (0.00000674)
[  0  0  2  0  0  0  2  0  0 ] (0.00000840)
[  0  0  2  0  0  0  2  0  1 ] (0.00000098)
[  0  0  2  0  0  0  2  1  0 ] (0.00001833)
[  0  0  2  0  0  0  3  0  0 ] (0.00001752)
[  0  0  2  0  0  1  0  0  0 ] (0.00000321)
[  0  0  2  0  0  1  0  0  1 ] (0.00009748)
[  0  0  2  0  0  1  0  0  2 ] (0.00000850)
[  0  0  2  0  0  1  0  1  0 ] (0.00002619)
[  0  0  2  0  0  1  0  1  1 ] (0.00005204)
[  0  0  2  0  0  1  0  2  0 ] (0.00002551)
[  0  0  2  0  0  1  1  0  0 ] (0.00004486)
[  0  0  2  0  0  1  1  0  1 ] (0.00005220)
[  0  0  2  0  0  1  1  1  0 ] (0.00000398)
[  0  0  2  0  0  1  2  0  0 ] (0.00014267)
[  0  0  2  0  0  2  0  0  0 ] (0.00000265)
[  0  0  2  0  0  2  0  0  1 ] (0.00075534)
[  0  0  2  0  0  2  0  1  0 ] (0.00001225)
[  0  0  2  0  0  2  1  0  0 ] (0.00139474)
[  0  0  2  0  0  3  0  0  0 ] (0.00000096)
[  0  0  2  0  1  0  0  0  0 ] (0.00001733)
[  0  0  2  0  1  0  0  0  1 ] (0.00012319)
[  0  0  2  0  1  0  0  0  2 ] (0.00000024)
[  0  0  2  0  1  0  0  1  0 ] (0.00004092)
[  0  0  2  0  1  0  0  1  1 ] (0.00000008)
[  0  0  2  0  1  0  0  2  0 ] (0.00002726)
[  0  0  2  0  1  0  1  0  0 ] (0.00000270)
[  0  0  2  0  1  0  1  0  1 ] (0.00001940)
[  0  0  2  0  1  0  1  1  0 ] (0.00000277)
[  0  0  2  0  1  0  2  0  0 ] (0.00020749)
[  0  0  2  0  1  1  0  0  0 ] (0.00009996)
[  0  0  2  0  1  1  0  0  1 ] (0.00005862)
[  0  0  2  0  1  1  0  1  0 ] (0.00002552)
[  0  0  2  0  1  1  1  0  0 ] (0.00009051)
[  0  0  2  0  1  2  0  0  0 ] (0.00003901)
[  0  0  2  0  2  0  0  0  0 ] (0.00007892)
[  0  0  2  0  2  0  0  0  1 ] (0.00043030)
[  0  0  2  0  2  0  0  1  0 ] (0.00009766)
[  0  0  2  0  2  0  1  0  0 ] (0.00025302)
[  0  0  2  0  2  1  0  0  0 ] (0.00061023)
[  0  0  2  0  3  0  0  0  0 ] (0.00001165)
[  0  0  2  1  0  0  0  0  0 ] (0.00002224)
[  0  0  2  1  0  0  0  0  1 ] (0.00000241)
[  0  0  2  1  0  0  0  0  2 ] (0.00000030)
[  0  0  2  1  0  0  0  1  0 ] (0.00041772)
[  0  0  2  1  0  0  0  1  1 ] (0.00013435)
[  0  0  2  1  0  0  0  2  0 ] (0.00002202)
[  0  0  2  1  0  0  1  0  0 ] (0.00000902)
[  0  0  2  1  0  0  1  0  1 ] (0.00004320)
[  0  0  2  1  0  0  1  1  0 ] (0.00003534)
[  0  0  2  1  0  0  2  0  0 ] (0.00022292)
[  0  0  2  1  0  1  0  0  0 ] (0.00001992)
[  0  0  2  1  0  1  0  0  1 ] (0.00001090)
[  0  0  2  1  0  1  0  1  0 ] (0.00599764)
[  0  0  2  1  0  1  1  0  0 ] (0.00047188)
[  0  0  2  1  0  2  0  0  0 ] (0.00008283)
[  0  0  2  1  1  0  0  0  0 ] (0.00317014)
[  0  0  2  1  1  0  0  0  1 ] (0.00133095)
[  0  0  2  1  1  0  0  1  0 ] (0.00016197)
[  0  0  2  1  1  0  1  0  0 ] (0.00178851)
[  0  0  2  1  1  1  0  0  0 ] (0.01095120)
[  0  0  2  1  2  0  0  0  0 ] (0.00013970)
[  0  0  2  2  0  0  0  0  0 ] (0.00000548)
[  0  0  2  2  0  0  0  0  1 ] (0.00363179)
[  0  0  2  2  0  0  0  1  0 ] (0.00004277)
[  0  0  2  2  0  0  1  0  0 ] (0.00004916)
[  0  0  2  2  0  1  0  0  0 ] (0.00012251)
[  0  0  2  2  1  0  0  0  0 ] (0.00006234)
[  0  0  2  3  0  0  0  0  0 ] (0.00004835)
[  0  0  3  0  0  0  0  0  0 ] (0.00000852)
[  0  0  3  0  0  0  0  0  1 ] (0.00010431)
[  0  0  3  0  0  0  0  0  2 ] (0.00100845)
[  0  0  3  0  0  0  0  1  0 ] (0.00001143)
[  0  0  3  0  0  0  0  1  1 ] (0.00000102)
[  0  0  3  0  0  0  0  2  0 ] (0.00222630)
[  0  0  3  0  0  0  1  0  0 ] (0.00003628)
[  0  0  3  0  0  0  1  0  1 ] (0.00000042)
[  0  0  3  0  0  0  1  1  0 ] (0.00004247)
[  0  0  3  0  0  0  2  0  0 ] (0.00000728)
[  0  0  3  0  0  1  0  0  0 ] (0.00000778)
[  0  0  3  0  0  1  0  0  1 ] (0.00047057)
[  0  0  3  0  0  1  0  1  0 ] (0.00071796)
[  0  0  3  0  0  1  1  0  0 ] (0.00011777)
[  0  0  3  0  0  2  0  0  0 ] (0.00000098)
[  0  0  3  0  1  0  0  0  0 ] (0.00001950)
[  0  0  3  0  1  0  0  0  1 ] (0.00175819)
[  0  0  3  0  1  0  0  1  0 ] (0.01224759)
[  0  0  3  0  1  0  1  0  0 ] (0.00014877)
[  0  0  3  0  1  1  0  0  0 ] (0.00011571)
[  0  0  3  0  2  0  0  0  0 ] (0.00005503)
[  0  0  3  1  0  0  0  0  0 ] (0.00014894)
[  0  0  3  1  0  0  0  0  1 ] (0.00169694)
[  0  0  3  1  0  0  0  1  0 ] (0.01153586)
[  0  0  3  1  0  0  1  0  0 ] (0.00000319)
[  0  0  3  1  0  1  0  0  0 ] (0.00016236)
[  0  0  3  1  1  0  0  0  0 ] (0.00189879)
[  0  0  3  2  0  0  0  0  0 ] (0.00005686)
[  0  0  4  0  0  0  0  0  0 ] (0.00025041)
[  0  0  4  0  0  0  0  0  1 ] (0.00000122)
[  0  0  4  0  0  0  0  1  0 ] (0.00000036)
[  0  0  4  0  0  0  1  0  0 ] (0.00004881)
[  0  0  4  0  0  1  0  0  0 ] (0.00069237)
[  0  0  4  0  1  0  0  0  0 ] (0.00008158)
[  0  0  4  1  0  0  0  0  0 ] (0.00002514)
[  0  0  5  0  0  0  0  0  0 ] (0.00000046)
[  0  1  0  0  0  0  0  0  0 ] (0.00000927)
[  0  1  0  0  0  0  0  0  1 ] (0.00002477)
[  0  1  0  0  0  0  0  0  2 ] (0.00029451)
[  0  1  0  0  0  0  0  0  3 ] (0.00000010)
[  0  1  0  0  0  0  0  0  4 ] (0.00000399)
[  0  1  0  0  0  0  0  1  0 ] (0.00002055)
[  0  1  0  0  0  0  0  1  1 ] (0.00090465)
[  0  1  0  0  0  0  0  1  2 ] (0.00003369)
[  0  1  0  0  0  0  0  1  3 ] (0.00001435)
[  0  1  0  0  0  0  0  2  0 ] (0.00008422)
[  0  1  0  0  0  0  0  2  1 ] (0.00001184)
[  0  1  0  0  0  0  0  2  2 ] (0.00000055)
[  0  1  0  0  0  0  0  3  0 ] (0.00004313)
[  0  1  0  0  0  0  0  3  1 ] (0.00000291)
[  0  1  0  0  0  0  0  4  0 ] (0.00000733)
[  0  1  0  0  0  0  1  0  0 ] (0.00009568)
[  0  1  0  0  0  0  1  0  1 ] (0.00003432)
[  0  1  0  0  0  0  1  0  2 ] (0.00004526)
[  0  1  0  0  0  0  1  0  3 ] (0.00000021)
[  0  1  0  0  0  0  1  1  0 ] (0.00000454)
[  0  1  0  0  0  0  1  1  1 ] (0.00003074)
[  0  1  0  0  0  0  1  1  2 ] (0.00000247)
[  0  1  0  0  0  0  1  2  0 ] (0.00000131)
[  0  1  0  0  0  0  1  2  1 ] (0.00000729)
[  0  1  0  0  0  0  1  3  0 ] (0.00003748)
[  0  1  0  0  0  0  2  0  0 ] (0.00000024)
[  0  1  0  0  0  0  2  0  1 ] (0.00000438)
[  0  1  0  0  0  0  2  0  2 ] (0.00000075)
[  0  1  0  0  0  0  2  1  0 ] (0.00000623)
[  0  1  0  0  0  0  2  1  1 ] (0.00000513)
[  0  1  0  0  0  0  2  2  0 ] (0.00000260)
[  0  1  0  0  0  0  3  0  0 ] (0.00079945)
[  0  1  0  0  0  0  3  0  1 ] (0.00010895)
[  0  1  0  0  0  0  3  1  0 ] (0.00000018)
[  0  1  0  0  0  0  4  0  0 ] (0.00004008)
[  0  1  0  0  0  1  0  0  0 ] (0.00000658)
[  0  1  0  0  0  1  0  0  1 ] (0.00000039)
[  0  1  0  0  0  1  0  0  2 ] (0.00001258)
[  0  1  0  0  0  1  0  0  3 ] (0.00001920)
[  0  1  0  0  0  1  0  1  0 ] (0.00000453)
[  0  1  0  0  0  1  0  1  1 ] (0.00014600)
[  0  1  0  0  0  1  0  1  2 ] (0.00000827)
[  0  1  0  0  0  1  0  2  0 ] (0.00000140)
[  0  1  0  0  0  1  0  2  1 ] (0.00000714)
[  0  1  0  0  0  1  0  3  0 ] (0.00000819)
[  0  1  0  0  0  1  1  0  0 ] (0.00001179)
[  0  1  0  0  0  1  1  0  1 ] (0.00012465)
[  0  1  0  0  0  1  1  0  2 ] (0.00000013)
[  0  1  0  0  0  1  1  1  0 ] (0.00000143)
[  0  1  0  0  0  1  1  1  1 ] (0.00000189)
[  0  1  0  0  0  1  1  2  0 ] (0.00001253)
[  0  1  0  0  0  1  2  0  0 ] (0.00015604)
[  0  1  0  0  0  1  2  0  1 ] (0.00001306)
[  0  1  0  0  0  1  2  1  0 ] (0.00000443)
[  0  1  0  0  0  1  3  0  0 ] (0.00006888)
[  0  1  0  0  0  2  0  0  0 ] (0.00000085)
[  0  1  0  0  0  2  0  0  1 ] (0.00015971)
[  0  1  0  0  0  2  0  0  2 ] (0.00004937)
[  0  1  0  0  0  2  0  1  0 ] (0.00024669)
[  0  1  0  0  0  2  0  1  1 ] (0.00000299)
[  0  1  0  0  0  2  0  2  0 ] (0.00000206)
[  0  1  0  0  0  2  1  0  0 ] (0.00028705)
[  0  1  0  0  0  2  1  0  1 ] (0.00003464)
[  0  1  0  0  0  2  1  1  0 ] (0.00000031)
[  0  1  0  0  0  2  2  0  0 ] (0.00006077)
[  0  1  0  0  0  3  0  0  0 ] (0.00002460)
[  0  1  0  0  0  3  0  0  1 ] (0.00017392)
[  0  1  0  0  0  3  0  1  0 ] (0.00000001)
[  0  1  0  0  0  3  1  0  0 ] (0.00415354)
[  0  1  0  0  0  4  0  0  0 ] (0.00049845)
[  0  1  0  0  1  0  0  0  0 ] (0.00000398)
[  0  1  0  0  1  0  0  0  1 ] (0.00050920)
[  0  1  0  0  1  0  0  0  2 ] (0.00046382)
[  0  1  0  0  1  0  0  0  3 ] (0.00001495)
[  0  1  0  0  1  0  0  1  0 ] (0.00058249)
[  0  1  0  0  1  0  0  1  1 ] (0.00000000)
[  0  1  0  0  1  0  0  1  2 ] (0.00000011)
[  0  1  0  0  1  0  0  2  0 ] (0.00349391)
[  0  1  0  0  1  0  0  2  1 ] (0.00029860)
[  0  1  0  0  1  0  0  3  0 ] (0.00000023)
[  0  1  0  0  1  0  1  0  0 ] (0.00006838)
[  0  1  0  0  1  0  1  0  1 ] (0.00007000)
[  0  1  0  0  1  0  1  0  2 ] (0.00004326)
[  0  1  0  0  1  0  1  1  0 ] (0.00029469)
[  0  1  0  0  1  0  1  1  1 ] (0.00000220)
[  0  1  0  0  1  0  1  2  0 ] (0.00038377)
[  0  1  0  0  1  0  2  0  0 ] (0.00000022)
[  0  1  0  0  1  0  2  0  1 ] (0.00001038)
[  0  1  0  0  1  0  2  1  0 ] (0.00002812)
[  0  1  0  0  1  0  3  0  0 ] (0.00001062)
[  0  1  0  0  1  1  0  0  0 ] (0.00014911)
[  0  1  0  0  1  1  0  0  1 ] (0.00373256)
[  0  1  0  0  1  1  0  0  2 ] (0.00001634)
[  0  1  0  0  1  1  0  1  0 ] (0.00534818)
[  0  1  0  0  1  1  0  1  1 ] (0.00033238)
[  0  1  0  0  1  1  0  2  0 ] (0.00018469)
[  0  1  0  0  1  1  1  0  0 ] (0.00000001)
[  0  1  0  0  1  1  1  0  1 ] (0.00003263)
[  0  1  0  0  1  1  1  1  0 ] (0.00026929)
[  0  1  0  0  1  1  2  0  0 ] (0.00003198)
[  0  1  0  0  1  2  0  0  0 ] (0.00007809)
[  0  1  0  0  1  2  0  0  1 ] (0.00077192)
[  0  1  0  0  1  2  0  1  0 ] (0.00009102)
[  0  1  0  0  1  2  1  0  0 ] (0.00000770)
[  0  1  0  0  1  3  0  0  0 ] (0.00331581)
[  0  1  0  0  2  0  0  0  0 ] (0.00003384)
[  0  1  0  0  2  0  0  0  1 ] (0.00037118)
[  0  1  0  0  2  0  0  0  2 ] (0.00000917)
[  0  1  0  0  2  0  0  1  0 ] (0.00000165)
[  0  1  0  0  2  0  0  1  1 ] (0.00000133)
[  0  1  0  0  2  0  0  2  0 ] (0.00001057)
[  0  1  0  0  2  0  1  0  0 ] (0.00004479)
[  0  1  0  0  2  0  1  0  1 ] (0.00000022)
[  0  1  0  0  2  0  1  1  0 ] (0.00000111)
[  0  1  0  0  2  0  2  0  0 ] (0.00026147)
[  0  1  0  0  2  1  0  0  0 ] (0.00002579)
[  0  1  0  0  2  1  0  0  1 ] (0.00004399)
[  0  1  0  0  2  1  0  1  0 ] (0.00005680)
[  0  1  0  0  2  1  1  0  0 ] (0.00051524)
[  0  1  0  0  2  2  0  0  0 ] (0.00000838)
[  0  1  0  0  3  0  0  0  0 ] (0.00021581)
[  0  1  0  0  3  0  0  0  1 ] (0.00367775)
[  0  1  0  0  3  0  0  1  0 ] (0.00043759)
[  0  1  0  0  3  0  1  0  0 ] (0.01781710)
[  0  1  0  0  3  1  0  0  0 ] (0.00022865)
[  0  1  0  0  4  0  0  0  0 ] (0.00000399)
[  0  1  0  1  0  0  0  0  0 ] (0.00000000)
[  0  1  0  1  0  0  0  0  1 ] (0.00000216)
[  0  1  0  1  0  0  0  0  2 ] (0.00000009)
[  0  1  0  1  0  0  0  0  3 ] (0.00000216)
[  0  1  0  1  0  0  0  1  0 ] (0.00000773)
[  0  1  0  1  0  0  0  1  1 ] (0.00005430)
[  0  1  0  1  0  0  0  1  2 ] (0.00000174)
[  0  1  0  1  0  0  0  2  0 ] (0.00010640)
[  0  1  0  1  0  0  0  2  1 ] (0.00005204)
[  0  1  0  1  0  0  0  3  0 ] (0.00000628)
[  0  1  0  1  0  0  1  0  0 ] (0.00000011)
[  0  1  0  1  0  0  1  0  1 ] (0.00010613)
[  0  1  0  1  0  0  1  0  2 ] (0.00000045)
[  0  1  0  1  0  0  1  1  0 ] (0.00009286)
[  0  1  0  1  0  0  1  1  1 ] (0.00001563)
[  0  1  0  1  0  0  1  2  0 ] (0.00001230)
[  0  1  0  1  0  0  2  0  0 ] (0.00000486)
[  0  1  0  1  0  0  2  0  1 ] (0.00000401)
[  0  1  0  1  0  0  2  1  0 ] (0.00000416)
[  0  1  0  1  0  0  3  0  0 ] (0.00000031)
[  0  1  0  1  0  1  0  0  0 ] (0.00000307)
[  0  1  0  1  0  1  0  0  1 ] (0.00005680)
[  0  1  0  1  0  1  0  0  2 ] (0.00000148)
[  0  1  0  1  0  1  0  1  0 ] (0.00027941)
[  0  1  0  1  0  1  0  1  1 ] (0.00003045)
[  0  1  0  1  0  1  0  2  0 ] (0.00000021)
[  0  1  0  1  0  1  1  0  0 ] (0.00000104)
[  0  1  0  1  0  1  1  0  1 ] (0.00000145)
[  0  1  0  1  0  1  1  1  0 ] (0.00000524)
[  0  1  0  1  0  1  2  0  0 ] (0.00016645)
[  0  1  0  1  0  2  0  0  0 ] (0.00000025)
[  0  1  0  1  0  2  0  0  1 ] (0.00006658)
[  0  1  0  1  0  2  0  1  0 ] (0.00009920)
[  0  1  0  1  0  2  1  0  0 ] (0.00117663)
[  0  1  0  1  0  3  0  0  0 ] (0.00003487)
[  0  1  0  1  1  0  0  0  0 ] (0.00029097)
[  0  1  0  1  1  0  0  0  1 ] (0.00000382)
[  0  1  0  1  1  0  0  0  2 ] (0.00000953)
[  0  1  0  1  1  0  0  1  0 ] (0.00009000)
[  0  1  0  1  1  0  0  1  1 ] (0.00000776)
[  0  1  0  1  1  0  0  2  0 ] (0.00149077)
[  0  1  0  1  1  0  1  0  0 ] (0.00008223)
[  0  1  0  1  1  0  1  0  1 ] (0.00002529)
[  0  1  0  1  1  0  1  1  0 ] (0.00003015)
[  0  1  0  1  1  0  2  0  0 ] (0.00000014)
[  0  1  0  1  1  1  0  0  0 ] (0.00113874)
[  0  1  0  1  1  1  0  0  1 ] (0.00001312)
[  0  1  0  1  1  1  0  1  0 ] (0.00002516)
[  0  1  0  1  1  1  1  0  0 ] (0.00017600)
[  0  1  0  1  1  2  0  0  0 ] (0.00307687)
[  0  1  0  1  2  0  0  0  0 ] (0.00000000)
[  0  1  0  1  2  0  0  0  1 ] (0.00000370)
[  0  1  0  1  2  0  0  1  0 ] (0.00001189)
[  0  1  0  1  2  0  1  0  0 ] (0.00006052)
[  0  1  0  1  2  1  0  0  0 ] (0.00000767)
[  0  1  0  1  3  0  0  0  0 ] (0.00001076)
[  0  1  0  2  0  0  0  0  0 ] (0.00000000)
[  0  1  0  2  0  0  0  0  1 ] (0.00014938)
[  0  1  0  2  0  0  0  0  2 ] (0.00017806)
[  0  1  0  2  0  0  0  1  0 ] (0.00001678)
[  0  1  0  2  0  0  0  1  1 ] (0.00001310)
[  0  1  0  2  0  0  0  2  0 ] (0.00001840)
[  0  1  0  2  0  0  1  0  0 ] (0.00093802)
[  0  1  0  2  0  0  1  0  1 ] (0.00045349)
[  0  1  0  2  0  0  1  1  0 ] (0.00000886)
[  0  1  0  2  0  0  2  0  0 ] (0.00027751)
[  0  1  0  2  0  1  0  0  0 ] (0.00003762)
[  0  1  0  2  0  1  0  0  1 ] (0.00371632)
[  0  1  0  2  0  1  0  1  0 ] (0.00006327)
[  0  1  0  2  0  1  1  0  0 ] (0.00423734)
[  0  1  0  2  0  2  0  0  0 ] (0.00005951)
[  0  1  0  2  1  0  0  0  0 ] (0.00007396)
[  0  1  0  2  1  0  0  0  1 ] (0.00067672)
[  0  1  0  2  1  0  0  1  0 ] (0.00001165)
[  0  1  0  2  1  0  1  0  0 ] (0.00004912)
[  0  1  0  2  1  1  0  0  0 ] (0.00041292)
[  0  1  0  2  2  0  0  0  0 ] (0.00005272)
[  0  1  0  3  0  0  0  0  0 ] (0.00003637)
[  0  1  0  3  0  0  0  0  1 ] (0.00006242)
[  0  1  0  3  0  0  0  1  0 ] (0.00182295)
[  0  1  0  3  0  0  1  0  0 ] (0.00006147)
[  0  1  0  3  0  1  0  0  0 ] (0.00013796)
[  0  1  0  3  1  0  0  0  0 ] (0.00000210)
[  0  1  0  4  0  0  0  0  0 ] (0.00006063)
[  0  1  1  0  0  0  0  0  0 ] (0.00004804)
[  0  1  1  0  0  0  0  0  1 ] (0.00006044)
[  0  1  1  0  0  0  0  0  2 ] (0.00101230)
[  0  1  1  0  0  0  0  0  3 ] (0.00000649)
[  0  1  1  0  0  0  0  1  0 ] (0.00000014)
[  0  1  1  0  0  0  0  1  1 ] (0.00000450)
[  0  1  1  0  0  0  0  1  2 ] (0.00000239)
[  0  1  1  0  0  0  0  2  0 ] (0.00026777)
[  0  1  1  0  0  0  0  2  1 ] (0.00008785)
[  0  1  1  0  0  0  0  3  0 ] (0.00001433)
[  0  1  1  0  0  0  1  0  0 ] (0.00001235)
[  0  1  1  0  0  0  1  0  1 ] (0.00134105)
[  0  1  1  0  0  0  1  0  2 ] (0.00008930)
[  0  1  1  0  0  0  1  1  0 ] (0.00007886)
[  0  1  1  0  0  0  1  1  1 ] (0.00000547)
[  0  1  1  0  0  0  1  2  0 ] (0.00004275)
[  0  1  1  0  0  0  2  0  0 ] (0.00001923)
[  0  1  1  0  0  0  2  0  1 ] (0.00000008)
[  0  1  1  0  0  0  2  1  0 ] (0.00000016)
[  0  1  1  0  0  0  3  0  0 ] (0.00002025)
[  0  1  1  0  0  1  0  0  0 ] (0.00010703)
[  0  1  1  0  0  1  0  0  1 ] (0.00077208)
[  0  1  1  0  0  1  0  0  2 ] (0.00044861)
[  0  1  1  0  0  1  0  1  0 ] (0.00014715)
[  0  1  1  0  0  1  0  1  1 ] (0.00002523)
[  0  1  1  0  0  1  0  2  0 ] (0.00002748)
[  0  1  1  0  0  1  1  0  0 ] (0.00000550)
[  0  1  1  0  0  1  1  0  1 ] (0.00003444)
[  0  1  1  0  0  1  1  1  0 ] (0.00000437)
[  0  1  1  0  0  1  2  0  0 ] (0.00016042)
[  0  1  1  0  0  2  0  0  0 ] (0.00013622)
[  0  1  1  0  0  2  0  0  1 ] (0.00020008)
[  0  1  1  0  0  2  0  1  0 ] (0.00032765)
[  0  1  1  0  0  2  1  0  0 ] (0.00916642)
[  0  1  1  0  0  3  0  0  0 ] (0.00027263)
[  0  1  1  0  1  0  0  0  0 ] (0.00002798)
[  0  1  1  0  1  0  0  0  1 ] (0.00022452)
[  0  1  1  0  1  0  0  0  2 ] (0.00000106)
[  0  1  1  0  1  0  0  1  0 ] (0.00011213)
[  0  1  1  0  1  0  0  1  1 ] (0.00000034)
[  0  1  1  0  1  0  0  2  0 ] (0.00015116)
[  0  1  1  0  1  0  1  0  0 ] (0.00001893)
[  0  1  1  0  1  0  1  0  1 ] (0.00000187)
[  0  1  1  0  1  0  1  1  0 ] (0.00001778)
[  0  1  1  0  1  0  2  0  0 ] (0.00008727)
[  0  1  1  0  1  1  0  0  0 ] (0.00001436)
[  0  1  1  0  1  1  0  0  1 ] (0.00020580)
[  0  1  1  0  1  1  0  1  0 ] (0.00072808)
[  0  1  1  0  1  1  1  0  0 ] (0.00012770)
[  0  1  1  0  1  2  0  0  0 ] (0.00000695)
[  0  1  1  0  2  0  0  0  0 ] (0.00028589)
[  0  1  1  0  2  0  0  0  1 ] (0.00003615)
[  0  1  1  0  2  0  0  1  0 ] (0.00002056)
[  0  1  1  0  2  0  1  0  0 ] (0.00000025)
[  0  1  1  0  2  1  0  0  0 ] (0.00125917)
[  0  1  1  0  3  0  0  0  0 ] (0.00029182)
[  0  1  1  1  0  0  0  0  0 ] (0.00001184)
[  0  1  1  1  0  0  0  0  1 ] (0.00036475)
[  0  1  1  1  0  0  0  0  2 ] (0.00006434)
[  0  1  1  1  0  0  0  1  0 ] (0.00001055)
[  0  1  1  1  0  0  0  1  1 ] (0.00003521)
[  0  1  1  1  0  0  0  2  0 ] (0.00000151)
[  0  1  1  1  0  0  1  0  0 ] (0.00000014)
[  0  1  1  1  0  0  1  0  1 ] (0.00002983)
[  0  1  1  1  0  0  1  1  0 ] (0.00002429)
[  0  1  1  1  0  0  2  0  0 ] (0.00000792)
[  0  1  1  1  0  1  0  0  0 ] (0.00002019)
[  0  1  1  1  0  1  0  0  1 ] (0.00004488)
[  0  1  1  1  0  1  0  1  0 ] (0.00181169)
[  0  1  1  1  0  1  1  0  0 ] (0.00070179)
[  0  1  1  1  0  2  0  0  0 ] (0.00000073)
[  0  1  1  1  1  0  0  0  0 ] (0.00086201)
[  0  1  1  1  1  0  0  0  1 ] (0.00005441)
[  0  1  1  1  1  0  0  1  0 ] (0.00000008)
[  0  1  1  1  1  0  1  0  0 ] (0.00094156)
[  0  1  1  1  1  1  0  0  0 ] (0.00561675)
[  0  1  1  1  2  0  0  0  0 ] (0.00000002)
[  0  1  1  2  0  0  0  0  0 ] (0.00022794)
[  0  1  1  2  0  0  0  0  1 ] (0.02383908)
[  0  1  1  2  0  0  0  1  0 ] (0.00076184)
[  0  1  1  2  0  0  1  0  0 ] (0.00453393)
[  0  1  1  2  0  1  0  0  0 ] (0.00000008)
[  0  1  1  2  1  0  0  0  0 ] (0.00019355)
[  0  1  1  3  0  0  0  0  0 ] (0.00017826)
[  0  1  2  0  0  0  0  0  0 ] (0.00001544)
[  0  1  2  0  0  0  0  0  1 ] (0.00000005)
[  0  1  2  0  0  0  0  0  2 ] (0.00004837)
[  0  1  2  0  0  0  0  1  0 ] (0.00001143)
[  0  1  2  0  0  0  0  1  1 ] (0.00003134)
[  0  1  2  0  0  0  0  2  0 ] (0.00004126)
[  0  1  2  0  0  0  1  0  0 ] (0.00000043)
[  0  1  2  0  0  0  1  0  1 ] (0.00000222)
[  0  1  2  0  0  0  1  1  0 ] (0.00004745)
[  0  1  2  0  0  0  2  0  0 ] (0.00000651)
[  0  1  2  0  0  1  0  0  0 ] (0.00005692)
[  0  1  2  0  0  1  0  0  1 ] (0.00007003)
[  0  1  2  0  0  1  0  1  0 ] (0.00008850)
[  0  1  2  0  0  1  1  0  0 ] (0.00007651)
[  0  1  2  0  0  2  0  0  0 ] (0.00001252)
[  0  1  2  0  1  0  0  0  0 ] (0.00002051)
[  0  1  2  0  1  0  0  0  1 ] (0.00007248)
[  0  1  2  0  1  0  0  1  0 ] (0.00013365)
[  0  1  2  0  1  0  1  0  0 ] (0.00633268)
[  0  1  2  0  1  1  0  0  0 ] (0.00008897)
[  0  1  2  0  2  0  0  0  0 ] (0.00002534)
[  0  1  2  1  0  0  0  0  0 ] (0.00001850)
[  0  1  2  1  0  0  0  0  1 ] (0.00564374)
[  0  1  2  1  0  0  0  1  0 ] (0.00112679)
[  0  1  2  1  0  0  1  0  0 ] (0.00027578)
[  0  1  2  1  0  1  0  0  0 ] (0.00002103)
[  0  1  2  1  1  0  0  0  0 ] (0.00104366)
[  0  1  2  2  0  0  0  0  0 ] (0.00002983)
[  0  1  3  0  0  0  0  0  0 ] (0.00001639)
[  0  1  3  0  0  0  0  0  1 ] (0.00008190)
[  0  1  3  0  0  0  0  1  0 ] (0.00006001)
[  0  1  3  0  0  0  1  0  0 ] (0.00000032)
[  0  1  3  0  0  1  0  0  0 ] (0.00010345)
[  0  1  3  0  1  0  0  0  0 ] (0.00001145)
[  0  1  3  1  0  0  0  0  0 ] (0.00006330)
[  0  1  4  0  0  0  0  0  0 ] (0.00008774)
[  0  2  0  0  0  0  0  0  0 ] (0.00000127)
[  0  2  0  0  0  0  0  0  1 ] (0.00016263)
[  0  2  0  0  0  0  0  0  2 ] (0.00017895)
[  0  2  0  0  0  0  0  0  3 ] (0.00000957)
[  0  2  0  0  0  0  0  1  0 ] (0.00000900)
[  0  2  0  0  0  0  0  1  1 ] (0.00028224)
[  0  2  0  0  0  0  0  1  2 ] (0.00000744)
[  0  2  0  0  0  0  0  2  0 ] (0.00000318)
[  0  2  0  0  0  0  0  2  1 ] (0.00000127)
[  0  2  0  0  0  0  0  3  0 ] (0.00000009)
[  0  2  0  0  0  0  1  0  0 ] (0.00025620)
[  0  2  0  0  0  0  1  0  1 ] (0.00135561)
[  0  2  0  0  0  0  1  0  2 ] (0.00022945)
[  0  2  0  0  0  0  1  1  0 ] (0.00076496)
[  0  2  0  0  0  0  1  1  1 ] (0.00008123)
[  0  2  0  0  0  0  1  2  0 ] (0.00000292)
[  0  2  0  0  0  0  2  0  0 ] (0.00002253)
[  0  2  0  0  0  0  2  0  1 ] (0.00008369)
[  0  2  0  0  0  0  2  1  0 ] (0.00003818)
[  0  2  0  0  0  0  3  0  0 ] (0.00003801)
[  0  2  0  0  0  1  0  0  0 ] (0.00001708)
[  0  2  0  0  0  1  0  0  1 ] (0.00221581)
[  0  2  0  0  0  1  0  0  2 ] (0.00008982)
[  0  2  0  0  0  1  0  1  0 ] (0.00000089)
[  0  2  0  0  0  1  0  1  1 ] (0.00000184)
[  0  2  0  0  0  1  0  2  0 ] (0.00007771)
[  0  2  0  0  0  1  1  0  0 ] (0.00000016)
[  0  2  0  0  0  1  1  0  1 ] (0.00024779)
[  0  2  0  0  0  1  1  1  0 ] (0.00010152)
[  0  2  0  0  0  1  2  0  0 ] (0.00033406)
[  0  2  0  0  0  2  0  0  0 ] (0.00019550)
[  0  2  0  0  0  2  0  0  1 ] (0.03314085)
[  0  2  0  0  0  2  0  1  0 ] (0.00026669)
[  0  2  0  0  0  2  1  0  0 ] (0.00047725)
[  0  2  0  0  0  3  0  0  0 ] (0.00001330)
[  0  2  0  0  1  0  0  0  0 ] (0.00000064)
[  0  2  0  0  1  0  0  0  1 ] (0.00019292)
[  0  2  0  0  1  0  0  0  2 ] (0.00021114)
[  0  2  0  0  1  0  0  1  0 ] (0.00001102)
[  0  2  0  0  1  0  0  1  1 ] (0.00003993)
[  0  2  0  0  1  0  0  2  0 ] (0.00017125)
[  0  2  0  0  1  0  1  0  0 ] (0.00001405)
[  0  2  0  0  1  0  1  0  1 ] (0.00003757)
[  0  2  0  0  1  0  1  1  0 ] (0.00007151)
[  0  2  0  0  1  0  2  0  0 ] (0.01856215)
[  0  2  0  0  1  1  0  0  0 ] (0.00000742)
[  0  2  0  0  1  1  0  0  1 ] (0.00006529)
[  0  2  0  0  1  1  0  1  0 ] (0.00000627)
[  0  2  0  0  1  1  1  0  0 ] (0.00212582)
[  0  2  0  0  1  2  0  0  0 ] (0.00003869)
[  0  2  0  0  2  0  0  0  0 ] (0.00000962)
[  0  2  0  0  2  0  0  0  1 ] (0.00005336)
[  0  2  0  0  2  0  0  1  0 ] (0.00003266)
[  0  2  0  0  2  0  1  0  0 ] (0.00125809)
[  0  2  0  0  2  1  0  0  0 ] (0.00000738)
[  0  2  0  0  3  0  0  0  0 ] (0.00000153)
[  0  2  0  1  0  0  0  0  0 ] (0.00000421)
[  0  2  0  1  0  0  0  0  1 ] (0.00001434)
[  0  2  0  1  0  0  0  0  2 ] (0.00001169)
[  0  2  0  1  0  0  0  1  0 ] (0.00006982)
[  0  2  0  1  0  0  0  1  1 ] (0.00000117)
[  0  2  0  1  0  0  0  2  0 ] (0.00000252)
[  0  2  0  1  0  0  1  0  0 ] (0.00015547)
[  0  2  0  1  0  0  1  0  1 ] (0.00016062)
[  0  2  0  1  0  0  1  1  0 ] (0.00006785)
[  0  2  0  1  0  0  2  0  0 ] (0.00000097)
[  0  2  0  1  0  1  0  0  0 ] (0.00000334)
[  0  2  0  1  0  1  0  0  1 ] (0.00000798)
[  0  2  0  1  0  1  0  1  0 ] (0.00036930)
[  0  2  0  1  0  1  1  0  0 ] (0.00090262)
[  0  2  0  1  0  2  0  0  0 ] (0.00000065)
[  0  2  0  1  1  0  0  0  0 ] (0.00004730)
[  0  2  0  1  1  0  0  0  1 ] (0.00017456)
[  0  2  0  1  1  0  0  1  0 ] (0.00000389)
[  0  2  0  1  1  0  1  0  0 ] (0.00244254)
[  0  2  0  1  1  1  0  0  0 ] (0.00010083)
[  0  2  0  1  2  0  0  0  0 ] (0.00000062)
[  0  2  0  2  0  0  0  0  0 ] (0.00006339)
[  0  2  0  2  0  0  0  0  1 ] (0.00114143)
[  0  2  0  2  0  0  0  1  0 ] (0.00016439)
[  0  2  0  2  0  0  1  0  0 ] (0.00007989)
[  0  2  0  2  0  1  0  0  0 ] (0.00001917)
[  0  2  0  2  1  0  0  0  0 ] (0.00000288)
[  0  2  0  3  0  0  0  0  0 ] (0.00000278)
[  0  2  1  0  0  0  0  0  0 ] (0.00000003)
[  0  2  1  0  0  0  0  0  1 ] (0.00005871)
[  0  2  1  0  0  0  0  0  2 ] (0.00046701)
[  0  2  1  0  0  0  0  1  0 ] (0.00001210)
[  0  2  1  0  0  0  0  1  1 ] (0.00000098)
[  0  2  1  0  0  0  0  2  0 ] (0.00045291)
[  0  2  1  0  0  0  1  0  0 ] (0.00002270)
[  0  2  1  0  0  0  1  0  1 ] (0.00000521)
[  0  2  1  0  0  0  1  1  0 ] (0.00003031)
[  0  2  1  0  0  0  2  0  0 ] (0.00002943)
[  0  2  1  0  0  1  0  0  0 ] (0.00000207)
[  0  2  1  0  0  1  0  0  1 ] (0.00003415)
[  0  2  1  0  0  1  0  1  0 ] (0.00007512)
[  0  2  1  0  0  1  1  0  0 ] (0.00003546)
[  0  2  1  0  0  2  0  0  0 ] (0.00000391)
[  0  2  1  0  1  0  0  0  0 ] (0.00000118)
[  0  2  1  0  1  0  0  0  1 ] (0.00107691)
[  0  2  1  0  1  0  0  1  0 ] (0.00015460)
[  0  2  1  0  1  0  1  0  0 ] (0.00068957)
[  0  2  1  0  1  1  0  0  0 ] (0.00001464)
[  0  2  1  0  2  0  0  0  0 ] (0.00000544)
[  0  2  1  1  0  0  0  0  0 ] (0.00004649)
[  0  2  1  1  0  0  0  0  1 ] (0.00002117)
[  0  2  1  1  0  0  0  1  0 ] (0.00320581)
[  0  2  1  1  0  0  1  0  0 ] (0.00054521)
[  0  2  1  1  0  1  0  0  0 ] (0.00001864)
[  0  2  1  1  1  0  0  0  0 ] (0.00000450)
[  0  2  1  2  0  0  0  0  0 ] (0.00005186)
[  0  2  2  0  0  0  0  0  0 ] (0.00000020)
[  0  2  2  0  0  0  0  0  1 ] (0.00000633)
[  0  2  2  0  0  0  0  1  0 ] (0.00005117)
[  0  2  2  0  0  0  1  0  0 ] (0.00000239)
[  0  2  2  0  0  1  0  0  0 ] (0.00000095)
[  0  2  2  0  1  0  0  0  0 ] (0.00000884)
[  0  2  2  1  0  0  0  0  0 ] (0.00000444)
[  0  2  3  0  0  0  0  0  0 ] (0.00000339)
[  0  3  0  0  0  0  0  0  0 ] (0.00000001)
[  0  3  0  0  0  0  0  0  1 ] (0.00001321)
[  0  3  0  0  0  0  0  0  2 ] (0.01066460)
[  0  3  0  0  0  0  0  1  0 ] (0.00001352)
[  0  3  0  0  0  0  0  1  1 ] (0.00000453)
[  0  3  0  0  0  0  0  2  0 ] (0.00329562)
[  0  3  0  0  0  0  1  0  0 ] (0.00027660)
[  0  3  0  0  0  0  1  0  1 ] (0.00010146)
[  0  3  0  0  0  0  1  1  0 ] (0.00024693)
[  0  3  0  0  0  0  2  0  0 ] (0.00025131)
[  0  3  0  0  0  1  0  0  0 ] (0.00000231)
[  0  3  0  0  0  1  0  0  1 ] (0.00053153)
[  0  3  0  0  0  1  0  1  0 ] (0.00009235)
[  0  3  0  0  0  1  1  0  0 ] (0.00051631)
[  0  3  0  0  0  2  0  0  0 ] (0.00003005)
[  0  3  0  0  1  0  0  0  0 ] (0.00000505)
[  0  3  0  0  1  0  0  0  1 ] (0.00014056)
[  0  3  0  0  1  0  0  1  0 ] (0.00481870)
[  0  3  0  0  1  0  1  0  0 ] (0.00015134)
[  0  3  0  0  1  1  0  0  0 ] (0.00000002)
[  0  3  0  0  2  0  0  0  0 ] (0.00000163)
[  0  3  0  1  0  0  0  0  0 ] (0.00000137)
[  0  3  0  1  0  0  0  0  1 ] (0.00000015)
[  0  3  0  1  0  0  0  1  0 ] (0.00001350)
[  0  3  0  1  0  0  1  0  0 ] (0.00000079)
[  0  3  0  1  0  1  0  0  0 ] (0.00000315)
[  0  3  0  1  1  0  0  0  0 ] (0.00001593)
[  0  3  0  2  0  0  0  0  0 ] (0.00001852)
[  0  3  1  0  0  0  0  0  0 ] (0.00001342)
[  0  3  1  0  0  0  0  0  1 ] (0.00004090)
[  0  3  1  0  0  0  0  1  0 ] (0.00000249)
[  0  3  1  0  0  0  1  0  0 ] (0.00000183)
[  0  3  1  0  0  1  0  0  0 ] (0.00000032)
[  0  3  1  0  1  0  0  0  0 ] (0.00000773)
[  0  3  1  1  0  0  0  0  0 ] (0.00000743)
[  0  3  2  0  0  0  0  0  0 ] (0.00000650)
[  0  4  0  0  0  0  0  0  0 ] (0.00002567)
[  0  4  0  0  0  0  0  0  1 ] (0.00024691)
[  0  4  0  0  0  0  0  1  0 ] (0.00008800)
[  0  4  0  0  0  0  1  0  0 ] (0.00020237)
[  0  4  0  0  0  1  0  0  0 ] (0.00000405)
[  0  4  0  0  1  0  0  0  0 ] (0.00001174)
[  0  4  0  1  0  0  0  0  0 ] (0.00000035)
[  0  4  1  0  0  0  0  0  0 ] (0.00000143)
[  0  5  0  0  0  0  0  0  0 ] (0.00000777)
[  1  0  0  0  0  0  0  0  0 ] (0.00001185)
[  1  0  0  0  0  0  0  0  1 ] (0.00000381)
[  1  0  0  0  0  0  0  0  2 ] (0.00000091)
[  1  0  0  0  0  0  0  0  3 ] (0.00000355)
[  1  0  0  0  0  0  0  0  4 ] (0.00000001)
[  1  0  0  0  0  0  0  1  0 ] (0.00000285)
[  1  0  0  0  0  0  0  1  1 ] (0.00009631)
[  1  0  0  0  0  0  0  1  2 ] (0.00004046)
[  1  0  0  0  0  0  0  1  3 ] (0.00000363)
[  1  0  0  0  0  0  0  2  0 ] (0.00000402)
[  1  0  0  0  0  0  0  2  1 ] (0.00000999)
[  1  0  0  0  0  0  0  2  2 ] (0.00000335)
[  1  0  0  0  0  0  0  3  0 ] (0.00000028)
[  1  0  0  0  0  0  0  3  1 ] (0.00000023)
[  1  0  0  0  0  0  0  4  0 ] (0.00007591)
[  1  0  0  0  0  0  1  0  0 ] (0.00002199)
[  1  0  0  0  0  0  1  0  1 ] (0.00006673)
[  1  0  0  0  0  0  1  0  2 ] (0.00005917)
[  1  0  0  0  0  0  1  0  3 ] (0.00000330)
[  1  0  0  0  0  0  1  1  0 ] (0.00010209)
[  1  0  0  0  0  0  1  1  1 ] (0.00000362)
[  1  0  0  0  0  0  1  1  2 ] (0.00000090)
[  1  0  0  0  0  0  1  2  0 ] (0.00020215)
[  1  0  0  0  0  0  1  2  1 ] (0.00001480)
[  1  0  0  0  0  0  1  3  0 ] (0.00002776)
[  1  0  0  0  0  0  2  0  0 ] (0.00007163)
[  1  0  0  0  0  0  2  0  1 ] (0.00071762)
[  1  0  0  0  0  0  2  0  2 ] (0.00010355)
[  1  0  0  0  0  0  2  1  0 ] (0.00125087)
[  1  0  0  0  0  0  2  1  1 ] (0.00015777)
[  1  0  0  0  0  0  2  2  0 ] (0.00000817)
[  1  0  0  0  0  0  3  0  0 ] (0.00000316)
[  1  0  0  0  0  0  3  0  1 ] (0.00000967)
[  1  0  0  0  0  0  3  1  0 ] (0.00000134)
[  1  0  0  0  0  0  4  0  0 ] (0.00008280)
[  1  0  0  0  0  1  0  0  0 ] (0.00000827)
[  1  0  0  0  0  1  0  0  1 ] (0.00000063)
[  1  0  0  0  0  1  0  0  2 ] (0.00001654)
[  1  0  0  0  0  1  0  0  3 ] (0.00000004)
[  1  0  0  0  0  1  0  1  0 ] (0.00004000)
[  1  0  0  0  0  1  0  1  1 ] (0.00002429)
[  1  0  0  0  0  1  0  1  2 ] (0.00000286)
[  1  0  0  0  0  1  0  2  0 ] (0.00006989)
[  1  0  0  0  0  1  0  2  1 ] (0.00003664)
[  1  0  0  0  0  1  0  3  0 ] (0.00000525)
[  1  0  0  0  0  1  1  0  0 ] (0.00001066)
[  1  0  0  0  0  1  1  0  1 ] (0.00029201)
[  1  0  0  0  0  1  1  0  2 ] (0.00000345)
[  1  0  0  0  0  1  1  1  0 ] (0.00005082)
[  1  0  0  0  0  1  1  1  1 ] (0.00000363)
[  1  0  0  0  0  1  1  2  0 ] (0.00001973)
[  1  0  0  0  0  1  2  0  0 ] (0.00006417)
[  1  0  0  0  0  1  2  0  1 ] (0.00021798)
[  1  0  0  0  0  1  2  1  0 ] (0.00000793)
[  1  0  0  0  0  1  3  0  0 ] (0.00000808)
[  1  0  0  0  0  2  0  0  0 ] (0.00000015)
[  1  0  0  0  0  2  0  0  1 ] (0.00044057)
[  1  0  0  0  0  2  0  0  2 ] (0.00008161)
[  1  0  0  0  0  2  0  1  0 ] (0.00006769)
[  1  0  0  0  0  2  0  1  1 ] (0.00002808)
[  1  0  0  0  0  2  0  2  0 ] (0.00002556)
[  1  0  0  0  0  2  1  0  0 ] (0.00004129)
[  1  0  0  0  0  2  1  0  1 ] (0.00001139)
[  1  0  0  0  0  2  1  1  0 ] (0.00000008)
[  1  0  0  0  0  2  2  0  0 ] (0.02407459)
[  1  0  0  0  0  3  0  0  0 ] (0.00000210)
[  1  0  0  0  0  3  0  0  1 ] (0.00003279)
[  1  0  0  0  0  3  0  1  0 ] (0.00035364)
[  1  0  0  0  0  3  1  0  0 ] (0.00232593)
[  1  0  0  0  0  4  0  0  0 ] (0.00001594)
[  1  0  0  0  1  0  0  0  0 ] (0.00000575)
[  1  0  0  0  1  0  0  0  1 ] (0.00001605)
[  1  0  0  0  1  0  0  0  2 ] (0.00014006)
[  1  0  0  0  1  0  0  0  3 ] (0.00000136)
[  1  0  0  0  1  0  0  1  0 ] (0.00020397)
[  1  0  0  0  1  0  0  1  1 ] (0.00014694)
[  1  0  0  0  1  0  0  1  2 ] (0.00000269)
[  1  0  0  0  1  0  0  2  0 ] (0.00002794)
[  1  0  0  0  1  0  0  2  1 ] (0.00000000)
[  1  0  0  0  1  0  0  3  0 ] (0.00000006)
[  1  0  0  0  1  0  1  0  0 ] (0.00016564)
[  1  0  0  0  1  0  1  0  1 ] (0.00009624)
[  1  0  0  0  1  0  1  0  2 ] (0.00000000)
[  1  0  0  0  1  0  1  1  0 ] (0.00020691)
[  1  0  0  0  1  0  1  1  1 ] (0.00000664)
[  1  0  0  0  1  0  1  2  0 ] (0.00009931)
[  1  0  0  0  1  0  2  0  0 ] (0.00002526)
[  1  0  0  0  1  0  2  0  1 ] (0.00005234)
[  1  0  0  0  1  0  2  1  0 ] (0.00000085)
[  1  0  0  0  1  0  3  0  0 ] (0.00013529)
[  1  0  0  0  1  1  0  0  0 ] (0.00001063)
[  1  0  0  0  1  1  0  0  1 ] (0.00007267)
[  1  0  0  0  1  1  0  0  2 ] (0.00000136)
[  1  0  0  0  1  1  0  1  0 ] (0.00003707)
[  1  0  0  0  1  1  0  1  1 ] (0.00001259)
[  1  0  0  0  1  1  0  2  0 ] (0.00000055)
[  1  0  0  0  1  1  1  0  0 ] (0.00010865)
[  1  0  0  0  1  1  1  0  1 ] (0.00001166)
[  1  0  0  0  1  1  1  1  0 ] (0.00000517)
[  1  0  0  0  1  1  2  0  0 ] (0.00004662)
[  1  0  0  0  1  2  0  0  0 ] (0.00000254)
[  1  0  0  0  1  2  0  0  1 ] (0.00011987)
[  1  0  0  0  1  2  0  1  0 ] (0.00051994)
[  1  0  0  0  1  2  1  0  0 ] (0.00049598)
[  1  0  0  0  1  3  0  0  0 ] (0.00017719)
[  1  0  0  0  2  0  0  0  0 ] (0.00000088)
[  1  0  0  0  2  0  0  0  1 ] (0.00000804)
[  1  0  0  0  2  0  0  0  2 ] (0.00000714)
[  1  0  0  0  2  0  0  1  0 ] (0.00014814)
[  1  0  0  0  2  0  0  1  1 ] (0.00000035)
[  1  0  0  0  2  0  0  2  0 ] (0.00002923)
[  1  0  0  0  2  0  1  0  0 ] (0.00000070)
[  1  0  0  0  2  0  1  0  1 ] (0.00000000)
[  1  0  0  0  2  0  1  1  0 ] (0.00000150)
[  1  0  0  0  2  0  2  0  0 ] (0.00047900)
[  1  0  0  0  2  1  0  0  0 ] (0.00000122)
[  1  0  0  0  2  1  0  0  1 ] (0.00000727)
[  1  0  0  0  2  1  0  1  0 ] (0.00000006)
[  1  0  0  0  2  1  1  0  0 ] (0.00016467)
[  1  0  0  0  2  2  0  0  0 ] (0.00001191)
[  1  0  0  0  3  0  0  0  0 ] (0.00000060)
[  1  0  0  0  3  0  0  0  1 ] (0.00081533)
[  1  0  0  0  3  0  0  1  0 ] (0.02000378)
[  1  0  0  0  3  0  1  0  0 ] (0.00034970)
[  1  0  0  0  3  1  0  0  0 ] (0.00004756)
[  1  0  0  0  4  0  0  0  0 ] (0.00000434)
[  1  0  0  1  0  0  0  0  0 ] (0.00003042)
[  1  0  0  1  0  0  0  0  1 ] (0.00002196)
[  1  0  0  1  0  0  0  0  2 ] (0.00015569)
[  1  0  0  1  0  0  0  0  3 ] (0.00000652)
[  1  0  0  1  0  0  0  1  0 ] (0.00009731)
[  1  0  0  1  0  0  0  1  1 ] (0.00021760)
[  1  0  0  1  0  0  0  1  2 ] (0.00000001)
[  1  0  0  1  0  0  0  2  0 ] (0.00001005)
[  1  0  0  1  0  0  0  2  1 ] (0.00000264)
[  1  0  0  1  0  0  0  3  0 ] (0.00009242)
[  1  0  0  1  0  0  1  0  0 ] (0.00000510)
[  1  0  0  1  0  0  1  0  1 ] (0.00050854)
[  1  0  0  1  0  0  1  0  2 ] (0.00002710)
[  1  0  0  1  0  0  1  1  0 ] (0.00032041)
[  1  0  0  1  0  0  1  1  1 ] (0.00000465)
[  1  0  0  1  0  0  1  2  0 ] (0.00001364)
[  1  0  0  1  0  0  2  0  0 ] (0.00000653)
[  1  0  0  1  0  0  2  0  1 ] (0.00005462)
[  1  0  0  1  0  0  2  1  0 ] (0.00000000)
[  1  0  0  1  0  0  3  0  0 ] (0.00156963)
[  1  0  0  1  0  1  0  0  0 ] (0.00000916)
[  1  0  0  1  0  1  0  0  1 ] (0.00013258)
[  1  0  0  1  0  1  0  0  2 ] (0.00008346)
[  1  0  0  1  0  1  0  1  0 ] (0.00008074)
[  1  0  0  1  0  1  0  1  1 ] (0.00000609)
[  1  0  0  1  0  1  0  2  0 ] (0.00002851)
[  1  0  0  1  0  1  1  0  0 ] (0.00000353)
[  1  0  0  1  0  1  1  0  1 ] (0.00000616)
[  1  0  0  1  0  1  1  1  0 ] (0.00002384)
[  1  0  0  1  0  1  2  0  0 ] (0.00000003)
[  1  0  0  1  0  2  0  0  0 ] (0.00001164)
[  1  0  0  1  0  2  0  0  1 ] (0.00025815)
[  1  0  0  1  0  2  0  1  0 ] (0.00009652)
[  1  0  0  1  0  2  1  0  0 ] (0.00212302)
[  1  0  0  1  0  3  0  0  0 ] (0.00012509)
[  1  0  0  1  1  0  0  0  0 ] (0.00000196)
[  1  0  0  1  1  0  0  0  1 ] (0.00014582)
[  1  0  0  1  1  0  0  0  2 ] (0.00000910)
[  1  0  0  1  1  0  0  1  0 ] (0.00009686)
[  1  0  0  1  1  0  0  1  1 ] (0.00000257)
[  1  0  0  1  1  0  0  2  0 ] (0.00043930)
[  1  0  0  1  1  0  1  0  0 ] (0.00000954)
[  1  0  0  1  1  0  1  0  1 ] (0.00003157)
[  1  0  0  1  1  0  1  1  0 ] (0.00001651)
[  1  0  0  1  1  0  2  0  0 ] (0.00048665)
[  1  0  0  1  1  1  0  0  0 ] (0.00000118)
[  1  0  0  1  1  1  0  0  1 ] (0.00005938)
[  1  0  0  1  1  1  0  1  0 ] (0.00007521)
[  1  0  0  1  1  1  1  0  0 ] (0.00000955)
[  1  0  0  1  1  2  0  0  0 ] (0.00000537)
[  1  0  0  1  2  0  0  0  0 ] (0.00002367)
[  1  0  0  1  2  0  0  0  1 ] (0.00003740)
[  1  0  0  1  2  0  0  1  0 ] (0.00021839)
[  1  0  0  1  2  0  1  0  0 ] (0.00000009)
[  1  0  0  1  2  1  0  0  0 ] (0.00005847)
[  1  0  0  1  3  0  0  0  0 ] (0.00003869)
[  1  0  0  2  0  0  0  0  0 ] (0.00000047)
[  1  0  0  2  0  0  0  0  1 ] (0.00000088)
[  1  0  0  2  0  0  0  0  2 ] (0.00000697)
[  1  0  0  2  0  0  0  1  0 ] (0.00089385)
[  1  0  0  2  0  0  0  1  1 ] (0.00020474)
[  1  0  0  2  0  0  0  2  0 ] (0.00004752)
[  1  0  0  2  0  0  1  0  0 ] (0.00000144)
[  1  0  0  2  0  0  1  0  1 ] (0.00000274)
[  1  0  0  2  0  0  1  1  0 ] (0.00086918)
[  1  0  0  2  0  0  2  0  0 ] (0.00009309)
[  1  0  0  2  0  1  0  0  0 ] (0.00000028)
[  1  0  0  2  0  1  0  0  1 ] (0.00000060)
[  1  0  0  2  0  1  0  1  0 ] (0.00950520)
[  1  0  0  2  0  1  1  0  0 ] (0.00000907)
[  1  0  0  2  0  2  0  0  0 ] (0.00000002)
[  1  0  0  2  1  0  0  0  0 ] (0.00004212)
[  1  0  0  2  1  0  0  0  1 ] (0.00036689)
[  1  0  0  2  1  0  0  1  0 ] (0.00000095)
[  1  0  0  2  1  0  1  0  0 ] (0.00055805)
[  1  0  0  2  1  1  0  0  0 ] (0.00024334)
[  1  0  0  2  2  0  0  0  0 ] (0.00000359)
[  1  0  0  3  0  0  0  0  0 ] (0.00000065)
[  1  0  0  3  0  0  0  0  1 ] (0.00001055)
[  1  0  0  3  0  0  0  1  0 ] (0.00002717)
[  1  0  0  3  0  0  1  0  0 ] (0.00002867)
[  1  0  0  3  0  1  0  0  0 ] (0.00000213)
[  1  0  0  3  1  0  0  0  0 ] (0.00000366)
[  1  0  0  4  0  0  0  0  0 ] (0.00004820)
[  1  0  1  0  0  0  0  0  0 ] (0.00000975)
[  1  0  1  0  0  0  0  0  1 ] (0.00002824)
[  1  0  1  0  0  0  0  0  2 ] (0.00009112)
[  1  0  1  0  0  0  0  0  3 ] (0.00000151)
[  1  0  1  0  0  0  0  1  0 ] (0.00000073)
[  1  0  1  0  0  0  0  1  1 ] (0.00002923)
[  1  0  1  0  0  0  0  1  2 ] (0.00000577)
[  1  0  1  0  0  0  0  2  0 ] (0.00005663)
[  1  0  1  0  0  0  0  2  1 ] (0.00001488)
[  1  0  1  0  0  0  0  3  0 ] (0.00000572)
[  1  0  1  0  0  0  1  0  0 ] (0.00023888)
[  1  0  1  0  0  0  1  0  1 ] (0.00272955)
[  1  0  1  0  0  0  1  0  2 ] (0.00029890)
[  1  0  1  0  0  0  1  1  0 ] (0.00199681)
[  1  0  1  0  0  0  1  1  1 ] (0.00042591)
[  1  0  1  0  0  0  1  2  0 ] (0.00005829)
[  1  0  1  0  0  0  2  0  0 ] (0.00006156)
[  1  0  1  0  0  0  2  0  1 ] (0.00007988)
[  1  0  1  0  0  0  2  1  0 ] (0.00002609)
[  1  0  1  0  0  0  3  0  0 ] (0.00001150)
[  1  0  1  0  0  1  0  0  0 ] (0.00000030)
[  1  0  1  0  0  1  0  0  1 ] (0.00047339)
[  1  0  1  0  0  1  0  0  2 ] (0.00000621)
[  1  0  1  0  0  1  0  1  0 ] (0.00007338)
[  1  0  1  0  0  1  0  1  1 ] (0.00000061)
[  1  0  1  0  0  1  0  2  0 ] (0.00004347)
[  1  0  1  0  0  1  1  0  0 ] (0.00001305)
[  1  0  1  0  0  1  1  0  1 ] (0.00057017)
[  1  0  1  0  0  1  1  1  0 ] (0.00003636)
[  1  0  1  0  0  1  2  0  0 ] (0.00390478)
[  1  0  1  0  0  2  0  0  0 ] (0.00000550)
[  1  0  1  0  0  2  0  0  1 ] (0.00097232)
[  1  0  1  0  0  2  0  1  0 ] (0.00381572)
[  1  0  1  0  0  2  1  0  0 ] (0.00000000)
[  1  0  1  0  0  3  0  0  0 ] (0.00002965)
[  1  0  1  0  1  0  0  0  0 ] (0.00003167)
[  1  0  1  0  1  0  0  0  1 ] (0.00000718)
[  1  0  1  0  1  0  0  0  2 ] (0.00002061)
[  1  0  1  0  1  0  0  1  0 ] (0.00003361)
[  1  0  1  0  1  0  0  1  1 ] (0.00014639)
[  1  0  1  0  1  0  0  2  0 ] (0.00002232)
[  1  0  1  0  1  0  1  0  0 ] (0.00010984)
[  1  0  1  0  1  0  1  0  1 ] (0.00004007)
[  1  0  1  0  1  0  1  1  0 ] (0.00000008)
[  1  0  1  0  1  0  2  0  0 ] (0.00056287)
[  1  0  1  0  1  1  0  0  0 ] (0.00000314)
[  1  0  1  0  1  1  0  0  1 ] (0.00011121)
[  1  0  1  0  1  1  0  1  0 ] (0.00002463)
[  1  0  1  0  1  1  1  0  0 ] (0.00000764)
[  1  0  1  0  1  2  0  0  0 ] (0.00001102)
[  1  0  1  0  2  0  0  0  0 ] (0.00000388)
[  1  0  1  0  2  0  0  0  1 ] (0.00098057)
[  1  0  1  0  2  0  0  1  0 ] (0.00003554)
[  1  0  1  0  2  0  1  0  0 ] (0.00034693)
[  1  0  1  0  2  1  0  0  0 ] (0.00000196)
[  1  0  1  0  3  0  0  0  0 ] (0.00000177)
[  1  0  1  1  0  0  0  0  0 ] (0.00000309)
[  1  0  1  1  0  0  0  0  1 ] (0.00009985)
[  1  0  1  1  0  0  0  0  2 ] (0.00006124)
[  1  0  1  1  0  0  0  1  0 ] (0.00001590)
[  1  0  1  1  0  0  0  1  1 ] (0.00000348)
[  1  0  1  1  0  0  0  2  0 ] (0.00039646)
[  1  0  1  1  0  0  1  0  0 ] (0.00052732)
[  1  0  1  1  0  0  1  0  1 ] (0.00063723)
[  1  0  1  1  0  0  1  1  0 ] (0.00000442)
[  1  0  1  1  0  0  2  0  0 ] (0.00291790)
[  1  0  1  1  0  1  0  0  0 ] (0.00002728)
[  1  0  1  1  0  1  0  0  1 ] (0.00015895)
[  1  0  1  1  0  1  0  1  0 ] (0.00007746)
[  1  0  1  1  0  1  1  0  0 ] (0.01111718)
[  1  0  1  1  0  2  0  0  0 ] (0.00000020)
[  1  0  1  1  1  0  0  0  0 ] (0.00000000)
[  1  0  1  1  1  0  0  0  1 ] (0.00005147)
[  1  0  1  1  1  0  0  1  0 ] (0.00626654)
[  1  0  1  1  1  0  1  0  0 ] (0.00032070)
[  1  0  1  1  1  1  0  0  0 ] (0.00000516)
[  1  0  1  1  2  0  0  0  0 ] (0.00001774)
[  1  0  1  2  0  0  0  0  0 ] (0.00002261)
[  1  0  1  2  0  0  0  0  1 ] (0.00003755)
[  1  0  1  2  0  0  0  1  0 ] (0.00105774)
[  1  0  1  2  0  0  1  0  0 ] (0.00004266)
[  1  0  1  2  0  1  0  0  0 ] (0.00000434)
[  1  0  1  2  1  0  0  0  0 ] (0.00008035)
[  1  0  1  3  0  0  0  0  0 ] (0.00000297)
[  1  0  2  0  0  0  0  0  0 ] (0.00000016)
[  1  0  2  0  0  0  0  0  1 ] (0.00001974)
[  1  0  2  0  0  0  0  0  2 ] (0.00092272)
[  1  0  2  0  0  0  0  1  0 ] (0.00014768)
[  1  0  2  0  0  0  0  1  1 ] (0.00001052)
[  1  0  2  0  0  0  0  2  0 ] (0.00863096)
[  1  0  2  0  0  0  1  0  0 ] (0.00005449)
[  1  0  2  0  0  0  1  0  1 ] (0.00029013)
[  1  0  2  0  0  0  1  1  0 ] (0.00000033)
[  1  0  2  0  0  0  2  0  0 ] (0.00000040)
[  1  0  2  0  0  1  0  0  0 ] (0.00000322)
[  1  0  2  0  0  1  0  0  1 ] (0.00006046)
[  1  0  2  0  0  1  0  1  0 ] (0.00019677)
[  1  0  2  0  0  1  1  0  0 ] (0.00005455)
[  1  0  2  0  0  2  0  0  0 ] (0.00000140)
[  1  0  2  0  1  0  0  0  0 ] (0.00039072)
[  1  0  2  0  1  0  0  0  1 ] (0.00768583)
[  1  0  2  0  1  0  0  1  0 ] (0.00000111)
[  1  0  2  0  1  0  1  0  0 ] (0.00000187)
[  1  0  2  0  1  1  0  0  0 ] (0.00021374)
[  1  0  2  0  2  0  0  0  0 ] (0.00000640)
[  1  0  2  1  0  0  0  0  0 ] (0.00000895)
[  1  0  2  1  0  0  0  0  1 ] (0.00000112)
[  1  0  2  1  0  0  0  1  0 ] (0.00000010)
[  1  0  2  1  0  0  1  0  0 ] (0.00068682)
[  1  0  2  1  0  1  0  0  0 ] (0.00000045)
[  1  0  2  1  1  0  0  0  0 ] (0.00000797)
[  1  0  2  2  0  0  0  0  0 ] (0.00000221)
[  1  0  3  0  0  0  0  0  0 ] (0.00000033)
[  1  0  3  0  0  0  0  0  1 ] (0.00004209)
[  1  0  3  0  0  0  0  1  0 ] (0.00002445)
[  1  0  3  0  0  0  1  0  0 ] (0.00003734)
[  1  0  3  0  0  1  0  0  0 ] (0.00000003)
[  1  0  3  0  1  0  0  0  0 ] (0.00001295)
[  1  0  3  1  0  0  0  0  0 ] (0.00000586)
[  1  0  4  0  0  0  0  0  0 ] (0.00000113)
[  1  1  0  0  0  0  0  0  0 ] (0.00000599)
[  1  1  0  0  0  0  0  0  1 ] (0.00000067)
[  1  1  0  0  0  0  0  0  2 ] (0.00008582)
[  1  1  0  0  0  0  0  0  3 ] (0.00000226)
[  1  1  0  0  0  0  0  1  0 ] (0.00010067)
[  1  1  0  0  0  0  0  1  1 ] (0.00013099)
[  1  1  0  0  0  0  0  1  2 ] (0.00005925)
[  1  1  0  0  0  0  0  2  0 ] (0.00000007)
[  1  1  0  0  0  0  0  2  1 ] (0.00000045)
[  1  1  0  0  0  0  0  3  0 ] (0.00010657)
[  1  1  0  0  0  0  1  0  0 ] (0.00009293)
[  1  1  0  0  0  0  1  0  1 ] (0.00103780)
[  1  1  0  0  0  0  1  0  2 ] (0.00011035)
[  1  1  0  0  0  0  1  1  0 ] (0.00458659)
[  1  1  0  0  0  0  1  1  1 ] (0.00043168)
[  1  1  0  0  0  0  1  2  0 ] (0.00002348)
[  1  1  0  0  0  0  2  0  0 ] (0.00000012)
[  1  1  0  0  0  0  2  0  1 ] (0.00017395)
[  1  1  0  0  0  0  2  1  0 ] (0.00043889)
[  1  1  0  0  0  0  3  0  0 ] (0.00082570)
[  1  1  0  0  0  1  0  0  0 ] (0.00000839)
[  1  1  0  0  0  1  0  0  1 ] (0.00000108)
[  1  1  0  0  0  1  0  0  2 ] (0.00001000)
[  1  1  0  0  0  1  0  1  0 ] (0.00001528)
[  1  1  0  0  0  1  0  1  1 ] (0.00006368)
[  1  1  0  0  0  1  0  2  0 ] (0.00000032)
[  1  1  0  0  0  1  1  0  0 ] (0.00000062)
[  1  1  0  0  0  1  1  0  1 ] (0.00013409)
[  1  1  0  0  0  1  1  1  0 ] (0.00014862)
[  1  1  0  0  0  1  2  0  0 ] (0.00056290)
[  1  1  0  0  0  2  0  0  0 ] (0.00000850)
[  1  1  0  0  0  2  0  0  1 ] (0.00001473)
[  1  1  0  0  0  2  0  1  0 ] (0.00003726)
[  1  1  0  0  0  2  1  0  0 ] (0.00013383)
[  1  1  0  0  0  3  0  0  0 ] (0.00000371)
[  1  1  0  0  1  0  0  0  0 ] (0.00001408)
[  1  1  0  0  1  0  0  0  1 ] (0.00000541)
[  1  1  0  0  1  0  0  0  2 ] (0.00011910)
[  1  1  0  0  1  0  0  1  0 ] (0.00007722)
[  1  1  0  0  1  0  0  1  1 ] (0.00002510)
[  1  1  0  0  1  0  0  2  0 ] (0.00004425)
[  1  1  0  0  1  0  1  0  0 ] (0.00000004)
[  1  1  0  0  1  0  1  0  1 ] (0.00001786)
[  1  1  0  0  1  0  1  1  0 ] (0.00009274)
[  1  1  0  0  1  0  2  0  0 ] (0.00263067)
[  1  1  0  0  1  1  0  0  0 ] (0.00000568)
[  1  1  0  0  1  1  0  0  1 ] (0.00022190)
[  1  1  0  0  1  1  0  1  0 ] (0.00008956)
[  1  1  0  0  1  1  1  0  0 ] (0.00123432)
[  1  1  0  0  1  2  0  0  0 ] (0.00002140)
[  1  1  0  0  2  0  0  0  0 ] (0.00001247)
[  1  1  0  0  2  0  0  0  1 ] (0.00056571)
[  1  1  0  0  2  0  0  1  0 ] (0.00086353)
[  1  1  0  0  2  0  1  0  0 ] (0.00007897)
[  1  1  0  0  2  1  0  0  0 ] (0.00000203)
[  1  1  0  0  3  0  0  0  0 ] (0.00000963)
[  1  1  0  1  0  0  0  0  0 ] (0.00003424)
[  1  1  0  1  0  0  0  0  1 ] (0.00002771)
[  1  1  0  1  0  0  0  0  2 ] (0.00000921)
[  1  1  0  1  0  0  0  1  0 ] (0.00000618)
[  1  1  0  1  0  0  0  1  1 ] (0.00000001)
[  1  1  0  1  0  0  0  2  0 ] (0.00036360)
[  1  1  0  1  0  0  1  0  0 ] (0.00045585)
[  1  1  0  1  0  0  1  0  1 ] (0.00000873)
[  1  1  0  1  0  0  1  1  0 ] (0.00000412)
[  1  1  0  1  0  0  2  0  0 ] (0.00001893)
[  1  1  0  1  0  1  0  0  0 ] (0.00000584)
[  1  1  0  1  0  1  0  0  1 ] (0.00188308)
[  1  1  0  1  0  1  0  1  0 ] (0.00112838)
[  1  1  0  1  0  1  1  0  0 ] (0.00334057)
[  1  1  0  1  0  2  0  0  0 ] (0.00004324)
[  1  1  0  1  1  0  0  0  0 ] (0.00000120)
[  1  1  0  1  1  0  0  0  1 ] (0.00036907)
[  1  1  0  1  1  0  0  1  0 ] (0.00070701)
[  1  1  0  1  1  0  1  0  0 ] (0.00014789)
[  1  1  0  1  1  1  0  0  0 ] (0.00000121)
[  1  1  0  1  2  0  0  0  0 ] (0.00000196)
[  1  1  0  2  0  0  0  0  0 ] (0.00000474)
[  1  1  0  2  0  0  0  0  1 ] (0.00010714)
[  1  1  0  2  0  0  0  1  0 ] (0.00005251)
[  1  1  0  2  0  0  1  0  0 ] (0.00004418)
[  1  1  0  2  0  1  0  0  0 ] (0.00000022)
[  1  1  0  2  1  0  0  0  0 ] (0.00000492)
[  1  1  0  3  0  0  0  0  0 ] (0.00000411)
[  1  1  1  0  0  0  0  0  0 ] (0.00000271)
[  1  1  1  0  0  0  0  0  1 ] (0.00029360)
[  1  1  1  0  0  0  0  0  2 ] (0.00014976)
[  1  1  1  0  0  0  0  1  0 ] (0.00007136)
[  1  1  1  0  0  0  0  1  1 ] (0.00003710)
[  1  1  1  0  0  0  0  2  0 ] (0.00027552)
[  1  1  1  0  0  0  1  0  0 ] (0.00001365)
[  1  1  1  0  0  0  1  0  1 ] (0.00053245)
[  1  1  1  0  0  0  1  1  0 ] (0.00008919)
[  1  1  1  0  0  0  2  0  0 ] (0.00092526)
[  1  1  1  0  0  1  0  0  0 ] (0.00003356)
[  1  1  1  0  0  1  0  0  1 ] (0.00596298)
[  1  1  1  0  0  1  0  1  0 ] (0.00024791)
[  1  1  1  0  0  1  1  0  0 ] (0.00030201)
[  1  1  1  0  0  2  0  0  0 ] (0.00002230)
[  1  1  1  0  1  0  0  0  0 ] (0.00000000)
[  1  1  1  0  1  0  0  0  1 ] (0.00002785)
[  1  1  1  0  1  0  0  1  0 ] (0.00007523)
[  1  1  1  0  1  0  1  0  0 ] (0.00000024)
[  1  1  1  0  1  1  0  0  0 ] (0.00006563)
[  1  1  1  0  2  0  0  0  0 ] (0.00000621)
[  1  1  1  1  0  0  0  0  0 ] (0.00000549)
[  1  1  1  1  0  0  0  0  1 ] (0.00005032)
[  1  1  1  1  0  0  0  1  0 ] (0.01040476)
[  1  1  1  1  0  0  1  0  0 ] (0.00014740)
[  1  1  1  1  0  1  0  0  0 ] (0.00000754)
[  1  1  1  1  1  0  0  0  0 ] (0.00002109)
[  1  1  1  2  0  0  0  0  0 ] (0.00000017)
[  1  1  2  0  0  0  0  0  0 ] (0.00000223)
[  1  1  2  0  0  0  0  0  1 ] (0.00000034)
[  1  1  2  0  0  0  0  1  0 ] (0.00000952)
[  1  1  2  0  0  0  1  0  0 ] (0.00001868)
[  1  1  2  0  0  1  0  0  0 ] (0.00000039)
[  1  1  2  0  1  0  0  0  0 ] (0.00000023)
[  1  1  2  1  0  0  0  0  0 ] (0.00000000)
[  1  1  3  0  0  0  0  0  0 ] (0.00000013)
[  1  2  0  0  0  0  0  0  0 ] (0.00000335)
[  1  2  0  0  0  0  0  0  1 ] (0.00000753)
[  1  2  0  0  0  0  0  0  2 ] (0.00004801)
[  1  2  0  0  0  0  0  1  0 ] (0.00004030)
[  1  2  0  0  0  0  0  1  1 ] (0.00000983)
[  1  2  0  0  0  0  0  2  0 ] (0.00018942)
[  1  2  0  0  0  0  1  0  0 ] (0.00000539)
[  1  2  0  0  0  0  1  0  1 ] (0.00013108)
[  1  2  0  0  0  0  1  1  0 ] (0.00003122)
[  1  2  0  0  0  0  2  0  0 ] (0.00005113)
[  1  2  0  0  0  1  0  0  0 ] (0.00000770)
[  1  2  0  0  0  1  0  0  1 ] (0.00000261)
[  1  2  0  0  0  1  0  1  0 ] (0.00136407)
[  1  2  0  0  0  1  1  0  0 ] (0.00012516)
[  1  2  0  0  0  2  0  0  0 ] (0.00000090)
[  1  2  0  0  1  0  0  0  0 ] (0.00003697)
[  1  2  0  0  1  0  0  0  1 ] (0.00030873)
[  1  2  0  0  1  0  0  1  0 ] (0.00237937)
[  1  2  0  0  1  0  1  0  0 ] (0.00007373)
[  1  2  0  0  1  1  0  0  0 ] (0.00000100)
[  1  2  0  0  2  0  0  0  0 ] (0.00000296)
[  1  2  0  1  0  0  0  0  0 ] (0.00001184)
[  1  2  0  1  0  0  0  0  1 ] (0.00030558)
[  1  2  0  1  0  0  0  1  0 ] (0.00000460)
[  1  2  0  1  0  0  1  0  0 ] (0.00001367)
[  1  2  0  1  0  1  0  0  0 ] (0.00000335)
[  1  2  0  1  1  0  0  0  0 ] (0.00000869)
[  1  2  0  2  0  0  0  0  0 ] (0.00000254)
[  1  2  1  0  0  0  0  0  0 ] (0.00000079)
[  1  2  1  0  0  0  0  0  1 ] (0.00004813)
[  1  2  1  0  0  0  0  1  0 ] (0.00003891)
[  1  2  1  0  0  0  1  0  0 ] (0.00005825)
[  1  2  1  0  0  1  0  0  0 ] (0.00000067)
[  1  2  1  0  1  0  0  0  0 ] (0.00000771)
[  1  2  1  1  0  0  0  0  0 ] (0.00004338)
[  1  2  2  0  0  0  0  0  0 ] (0.00000178)
[  1  3  0  0  0  0  0  0  0 ] (0.00000602)
[  1  3  0  0  0  0  0  0  1 ] (0.00000921)
[  1  3  0  0  0  0  0  1  0 ] (0.00000202)
[  1  3  0  0  0  0  1  0  0 ] (0.00004741)
[  1  3  0  0  0  1  0  0  0 ] (0.00000097)
[  1  3  0  0  1  0  0  0  0 ] (0.00000660)
[  1  3  0  1  0  0  0  0  0 ] (0.00002068)
[  1  3  1  0  0  0  0  0  0 ] (0.00001639)
[  1  4  0  0  0  0  0  0  0 ] (0.00000768)
[  2  0  0  0  0  0  0  0  0 ] (0.00000177)
[  2  0  0  0  0  0  0  0  1 ] (0.00005893)
[  2  0  0  0  0  0  0  0  2 ] (0.00014619)
[  2  0  0  0  0  0  0  0  3 ] (0.00000668)
[  2  0  0  0  0  0  0  1  0 ] (0.00002558)
[  2  0  0  0  0  0  0  1  1 ] (0.00001062)
[  2  0  0  0  0  0  0  1  2 ] (0.00000441)
[  2  0  0  0  0  0  0  2  0 ] (0.00002458)
[  2  0  0  0  0  0  0  2  1 ] (0.00000218)
[  2  0  0  0  0  0  0  3  0 ] (0.00005784)
[  2  0  0  0  0  0  1  0  0 ] (0.00025735)
[  2  0  0  0  0  0  1  0  1 ] (0.00016395)
[  2  0  0  0  0  0  1  0  2 ] (0.00004421)
[  2  0  0  0  0  0  1  1  0 ] (0.00011487)
[  2  0  0  0  0  0  1  1  1 ] (0.00002238)
[  2  0  0  0  0  0  1  2  0 ] (0.00002385)
[  2  0  0  0  0  0  2  0  0 ] (0.00000720)
[  2  0  0  0  0  0  2  0  1 ] (0.00054315)
[  2  0  0  0  0  0  2  1  0 ] (0.00002188)
[  2  0  0  0  0  0  3  0  0 ] (0.00094462)
[  2  0  0  0  0  1  0  0  0 ] (0.00004144)
[  2  0  0  0  0  1  0  0  1 ] (0.00015094)
[  2  0  0  0  0  1  0  0  2 ] (0.00155581)
[  2  0  0  0  0  1  0  1  0 ] (0.00004345)
[  2  0  0  0  0  1  0  1  1 ] (0.00001519)
[  2  0  0  0  0  1  0  2  0 ] (0.00306162)
[  2  0  0  0  0  1  1  0  0 ] (0.00078413)
[  2  0  0  0  0  1  1  0  1 ] (0.00001964)
[  2  0  0  0  0  1  1  1  0 ] (0.00011502)
[  2  0  0  0  0  1  2  0  0 ] (0.00088793)
[  2  0  0  0  0  2  0  0  0 ] (0.00003288)
[  2  0  0  0  0  2  0  0  1 ] (0.00029521)
[  2  0  0  0  0  2  0  1  0 ] (0.00017736)
[  2  0  0  0  0  2  1  0  0 ] (0.00282979)
[  2  0  0  0  0  3  0  0  0 ] (0.00013025)
[  2  0  0  0  1  0  0  0  0 ] (0.00000885)
[  2  0  0  0  1  0  0  0  1 ] (0.00004293)
[  2  0  0  0  1  0  0  0  2 ] (0.00000299)
[  2  0  0  0  1  0  0  1  0 ] (0.00008706)
[  2  0  0  0  1  0  0  1  1 ] (0.00007252)
[  2  0  0  0  1  0  0  2  0 ] (0.00015502)
[  2  0  0  0  1  0  1  0  0 ] (0.00053627)
[  2  0  0  0  1  0  1  0  1 ] (0.00068999)
[  2  0  0  0  1  0  1  1  0 ] (0.00032891)
[  2  0  0  0  1  0  2  0  0 ] (0.00009324)
[  2  0  0  0  1  1  0  0  0 ] (0.00000014)
[  2  0  0  0  1  1  0  0  1 ] (0.00049183)
[  2  0  0  0  1  1  0  1  0 ] (0.00698105)
[  2  0  0  0  1  1  1  0  0 ] (0.00415900)
[  2  0  0  0  1  2  0  0  0 ] (0.00009140)
[  2  0  0  0  2  0  0  0  0 ] (0.00009338)
[  2  0  0  0  2  0  0  0  1 ] (0.00088757)
[  2  0  0  0  2  0  0  1  0 ] (0.00011358)
[  2  0  0  0  2  0  1  0  0 ] (0.00000798)
[  2  0  0  0  2  1  0  0  0 ] (0.00011821)
[  2  0  0  0  3  0  0  0  0 ] (0.00000878)
[  2  0  0  1  0  0  0  0  0 ] (0.00000019)
[  2  0  0  1  0  0  0  0  1 ] (0.00001095)
[  2  0  0  1  0  0  0  0  2 ] (0.00004998)
[  2  0  0  1  0  0  0  1  0 ] (0.00003522)
[  2  0  0  1  0  0  0  1  1 ] (0.00004341)
[  2  0  0  1  0  0  0  2  0 ] (0.00003108)
[  2  0  0  1  0  0  1  0  0 ] (0.00000012)
[  2  0  0  1  0  0  1  0  1 ] (0.00004983)
[  2  0  0  1  0  0  1  1  0 ] (0.00000001)
[  2  0  0  1  0  0  2  0  0 ] (0.00008835)
[  2  0  0  1  0  1  0  0  0 ] (0.00000505)
[  2  0  0  1  0  1  0  0  1 ] (0.00007581)
[  2  0  0  1  0  1  0  1  0 ] (0.00017234)
[  2  0  0  1  0  1  1  0  0 ] (0.00002659)
[  2  0  0  1  0  2  0  0  0 ] (0.00000000)
[  2  0  0  1  1  0  0  0  0 ] (0.00009414)
[  2  0  0  1  1  0  0  0  1 ] (0.00046209)
[  2  0  0  1  1  0  0  1  0 ] (0.00014826)
[  2  0  0  1  1  0  1  0  0 ] (0.00001219)
[  2  0  0  1  1  1  0  0  0 ] (0.00028536)
[  2  0  0  1  2  0  0  0  0 ] (0.00000126)
[  2  0  0  2  0  0  0  0  0 ] (0.00000178)
[  2  0  0  2  0  0  0  0  1 ] (0.00001100)
[  2  0  0  2  0  0  0  1  0 ] (0.00000754)
[  2  0  0  2  0  0  1  0  0 ] (0.00006345)
[  2  0  0  2  0  1  0  0  0 ] (0.00000375)
[  2  0  0  2  1  0  0  0  0 ] (0.00000012)
[  2  0  0  3  0  0  0  0  0 ] (0.00000166)
[  2  0  1  0  0  0  0  0  0 ] (0.00000065)
[  2  0  1  0  0  0  0  0  1 ] (0.00032597)
[  2  0  1  0  0  0  0  0  2 ] (0.02163639)
[  2  0  1  0  0  0  0  1  0 ] (0.00018270)
[  2  0  1  0  0  0  0  1  1 ] (0.00003323)
[  2  0  1  0  0  0  0  2  0 ] (0.03002358)
[  2  0  1  0  0  0  1  0  0 ] (0.00002227)
[  2  0  1  0  0  0  1  0  1 ] (0.00029537)
[  2  0  1  0  0  0  1  1  0 ] (0.00009919)
[  2  0  1  0  0  0  2  0  0 ] (0.00003583)
[  2  0  1  0  0  1  0  0  0 ] (0.00000034)
[  2  0  1  0  0  1  0  0  1 ] (0.00030845)
[  2  0  1  0  0  1  0  1  0 ] (0.00089881)
[  2  0  1  0  0  1  1  0  0 ] (0.00017131)
[  2  0  1  0  0  2  0  0  0 ] (0.00000381)
[  2  0  1  0  1  0  0  0  0 ] (0.00001810)
[  2  0  1  0  1  0  0  0  1 ] (0.00000042)
[  2  0  1  0  1  0  0  1  0 ] (0.00012449)
[  2  0  1  0  1  0  1  0  0 ] (0.00026482)
[  2  0  1  0  1  1  0  0  0 ] (0.00004230)
[  2  0  1  0  2  0  0  0  0 ] (0.00000002)
[  2  0  1  1  0  0  0  0  0 ] (0.00000901)
[  2  0  1  1  0  0  0  0  1 ] (0.00000723)
[  2  0  1  1  0  0  0  1  0 ] (0.00050906)
[  2  0  1  1  0  0  1  0  0 ] (0.00000020)
[  2  0  1  1  0  1  0  0  0 ] (0.00004802)
[  2  0  1  1  1  0  0  0  0 ] (0.00003084)
[  2  0  1  2  0  0  0  0  0 ] (0.00000148)
[  2  0  2  0  0  0  0  0  0 ] (0.00000890)
[  2  0  2  0  0  0  0  0  1 ] (0.00005479)
[  2  0  2  0  0  0  0  1  0 ] (0.00001294)
[  2  0  2  0  0  0  1  0  0 ] (0.00000031)
[  2  0  2  0  0  1  0  0  0 ] (0.00000004)
[  2  0  2  0  1  0  0  0  0 ] (0.00000468)
[  2  0  2  1  0  0  0  0  0 ] (0.00000421)
[  2  0  3  0  0  0  0  0  0 ] (0.00000026)
[  2  1  0  0  0  0  0  0  0 ] (0.00000115)
[  2  1  0  0  0  0  0  0  1 ] (0.00038360)
[  2  1  0  0  0  0  0  0  2 ] (0.00295147)
[  2  1  0  0  0  0  0  1  0 ] (0.00001542)
[  2  1  0  0  0  0  0  1  1 ] (0.00002017)
[  2  1  0  0  0  0  0  2  0 ] (0.00114832)
[  2  1  0  0  0  0  1  0  0 ] (0.00125555)
[  2  1  0  0  0  0  1  0  1 ] (0.00045610)
[  2  1  0  0  0  0  1  1  0 ] (0.00000240)
[  2  1  0  0  0  0  2  0  0 ] (0.00004791)
[  2  1  0  0  0  1  0  0  0 ] (0.00000682)
[  2  1  0  0  0  1  0  0  1 ] (0.00304253)
[  2  1  0  0  0  1  0  1  0 ] (0.00000610)
[  2  1  0  0  0  1  1  0  0 ] (0.00752895)
[  2  1  0  0  0  2  0  0  0 ] (0.00013181)
[  2  1  0  0  1  0  0  0  0 ] (0.00007051)
[  2  1  0  0  1  0  0  0  1 ] (0.00031056)
[  2  1  0  0  1  0  0  1  0 ] (0.00747828)
[  2  1  0  0  1  0  1  0  0 ] (0.00033468)
[  2  1  0  0  1  1  0  0  0 ] (0.00019482)
[  2  1  0  0  2  0  0  0  0 ] (0.00000059)
[  2  1  0  1  0  0  0  0  0 ] (0.00000229)
[  2  1  0  1  0  0  0  0  1 ] (0.00000009)
[  2  1  0  1  0  0  0  1  0 ] (0.00000388)
[  2  1  0  1  0  0  1  0  0 ] (0.00000990)
[  2  1  0  1  0  1  0  0  0 ] (0.00000114)
[  2  1  0  1  1  0  0  0  0 ] (0.00002483)
[  2  1  0  2  0  0  0  0  0 ] (0.00000095)
[  2  1  1  0  0  0  0  0  0 ] (0.00000767)
[  2  1  1  0  0  0  0  0  1 ] (0.00025307)
[  2  1  1  0  0  0  0  1  0 ] (0.00002384)
[  2  1  1  0  0  0  1  0  0 ] (0.00005805)
[  2  1  1  0  0  1  0  0  0 ] (0.00000132)
[  2  1  1  0  1  0  0  0  0 ] (0.00001899)
[  2  1  1  1  0  0  0  0  0 ] (0.00001594)
[  2  1  2  0  0  0  0  0  0 ] (0.00000005)
[  2  2  0  0  0  0  0  0  0 ] (0.00001940)
[  2  2  0  0  0  0  0  0  1 ] (0.00000017)
[  2  2  0  0  0  0  0  1  0 ] (0.00000695)
[  2  2  0  0  0  0  1  0  0 ] (0.00075908)
[  2  2  0  0  0  1  0  0  0 ] (0.00014248)
[  2  2  0  0  1  0  0  0  0 ] (0.00000512)
[  2  2  0  1  0  0  0  0  0 ] (0.00000056)
[  2  2  1  0  0  0  0  0  0 ] (0.00000007)
[  2  3  0  0  0  0  0  0  0 ] (0.00002247)
[  3  0  0  0  0  0  0  0  0 ] (0.00000022)
[  3  0  0  0  0  0  0  0  1 ] (0.00018326)
[  3  0  0  0  0  0  0  0  2 ] (0.00060758)
[  3  0  0  0  0  0  0  1  0 ] (0.00000096)
[  3  0  0  0  0  0  0  1  1 ] (0.00000289)
[  3  0  0  0  0  0  0  2  0 ] (0.00011689)
[  3  0  0  0  0  0  1  0  0 ] (0.00000003)
[  3  0  0  0  0  0  1  0  1 ] (0.00244567)
[  3  0  0  0  0  0  1  1  0 ] (0.00001092)
[  3  0  0  0  0  0  2  0  0 ] (0.00000041)
[  3  0  0  0  0  1  0  0  0 ] (0.00000016)
[  3  0  0  0  0  1  0  0  1 ] (0.00036188)
[  3  0  0  0  0  1  0  1  0 ] (0.00000011)
[  3  0  0  0  0  1  1  0  0 ] (0.00042253)
[  3  0  0  0  0  2  0  0  0 ] (0.00000060)
[  3  0  0  0  1  0  0  0  0 ] (0.00000362)
[  3  0  0  0  1  0  0  0  1 ] (0.00000070)
[  3  0  0  0  1  0  0  1  0 ] (0.00009240)
[  3  0  0  0  1  0  1  0  0 ] (0.00011182)
[  3  0  0  0  1  1  0  0  0 ] (0.00000231)
[  3  0  0  0  2  0  0  0  0 ] (0.00000000)
[  3  0  0  1  0  0  0  0  0 ] (0.00000044)
[  3  0  0  1  0  0  0  0  1 ] (0.00000010)
[  3  0  0  1  0  0  0  1  0 ] (0.00001291)
[  3  0  0  1  0  0  1  0  0 ] (0.00001835)
[  3  0  0  1  0  1  0  0  0 ] (0.00000021)
[  3  0  0  1  1  0  0  0  0 ] (0.00000006)
[  3  0  0  2  0  0  0  0  0 ] (0.00000032)
[  3  0  1  0  0  0  0  0  0 ] (0.00000684)
[  3  0  1  0  0  0  0  0  1 ] (0.00009007)
[  3  0  1  0  0  0  0  1  0 ] (0.00003570)
[  3  0  1  0  0  0  1  0  0 ] (0.00005251)
[  3  0  1  0  0  1  0  0  0 ] (0.00000000)
[  3  0  1  0  1  0  0  0  0 ] (0.00000660)
[  3  0  1  1  0  0  0  0  0 ] (0.00001706)
[  3  0  2  0  0  0  0  0  0 ] (0.00000060)
[  3  1  0  0  0  0  0  0  0 ] (0.00000191)
[  3  1  0  0  0  0  0  0  1 ] (0.00058181)
[  3  1  0  0  0  0  0  1  0 ] (0.00000276)
[  3  1  0  0  0  0  1  0  0 ] (0.00022845)
[  3  1  0  0  0  1  0  0  0 ] (0.00000959)
[  3  1  0  0  1  0  0  0  0 ] (0.00000015)
[  3  1  0  1  0  0  0  0  0 ] (0.00000082)
[  3  1  1  0  0  0  0  0  0 ] (0.00000219)
[  3  2  0  0  0  0  0  0  0 ] (0.00000093)
[  4  0  0  0  0  0  0  0  0 ] (0.00000887)
[  4  0  0  0  0  0  0  0  1 ] (0.00001903)
[  4  0  0  0  0  0  0  1  0 ] (0.00000069)
[  4  0  0  0  0  0  1  0  0 ] (0.00000343)
[  4  0  0  0  0  1  0  0  0 ] (0.00001888)
[  4  0  0  0  1  0  0  0  0 ] (0.00004259)
[  4  0  0  1  0  0  0  0  0 ] (0.00000153)
[  4  0  1  0  0  0  0  0  0 ] (0.00003400)
[  4  1  0  0  0  0  0  0  0 ] (0.00000719)
[  5  0  0  0  0  0  0  0  0 ] (0.00000084)
