|  -859.494681608815 |   301.396748545262 

[  0  0  0  0  0  0  0  0  0 ] (0.00000008)
[  0  0  0  0  0  0  0  0  1 ] (0.00001671)
[  0  0  0  0  0  0  0  0  2 ] (0.00000002)
[  0  0  0  0  0  0  0  0  3 ] (0.00000299)
[  0  0  0  0  0  0  0  0  4 ] (0.00004611)
[  0  0  0  0  0  0  0  0  5 ] (0.00000296)
[  0  0  0  0  0  0  0  1  0 ] (0.00003305)
[  0  0  0  0  0  0  0  1  1 ] (0.00001110)
[  0  0  0  0  0  0  0  1  2 ] (0.00014519)
[  0  0  0  0  0  0  0  1  3 ] (0.00001768)
[  0  0  0  0  0  0  0  1  4 ] (0.00000829)
[  0  0  0  0  0  0  0  2  0 ] (0.00011686)
[  0  0  0  0  0  0  0  2  1 ] (0.00060697)
[  0  0  0  0  0  0  0  2  2 ] (0.00084790)
[  0  0  0  0  0  0  0  2  3 ] (0.00006535)
[  0  0  0  0  0  0  0  3  0 ] (0.00008807)
[  0  0  0  0  0  0  0  3  1 ] (0.00308145)
[  0  0  0  0  0  0  0  3  2 ] (0.00012785)
[  0  0  0  0  0  0  0  4  0 ] (0.00001377)
[  0  0  0  0  0  0  0  4  1 ] (0.00000137)
[  0  0  0  0  0  0  0  5  0 ] (0.00007927)
[  0  0  0  0  0  0  1  0  0 ] (0.00000006)
[  0  0  0  0  0  0  1  0  1 ] (0.00008366)
[  0  0  0  0  0  0  1  0  2 ] (0.00005344)
[  0  0  0  0  0  0  1  0  3 ] (0.00022596)
[  0  0  0  0  0  0  1  0  4 ] (0.00000810)
[  0  0  0  0  0  0  1  1  0 ] (0.00000164)
[  0  0  0  0  0  0  1  1  1 ] (0.00000038)
[  0  0  0  0  0  0  1  1  2 ] (0.00002730)
[  0  0  0  0  0  0  1  1  3 ] (0.00000097)
[  0  0  0  0  0  0  1  2  0 ] (0.00071256)
[  0  0  0  0  0  0  1  2  1 ] (0.01555206)
[  0  0  0  0  0  0  1  2  2 ] (0.00296990)
[  0  0  0  0  0  0  1  3  0 ] (0.00025091)
[  0  0  0  0  0  0  1  3  1 ] (0.00010688)
[  0  0  0  0  0  0  1  4  0 ] (0.00000074)
[  0  0  0  0  0  0  2  0  0 ] (0.00000622)
[  0  0  0  0  0  0  2  0  1 ] (0.00000025)
[  0  0  0  0  0  0  2  0  2 ] (0.00000075)
[  0  0  0  0  0  0  2  0  3 ] (0.00002080)
[  0  0  0  0  0  0  2  1  0 ] (0.00014169)
[  0  0  0  0  0  0  2  1  1 ] (0.00233974)
[  0  0  0  0  0  0  2  1  2 ] (0.00055975)
[  0  0  0  0  0  0  2  2  0 ] (0.00014647)
[  0  0  0  0  0  0  2  2  1 ] (0.00048118)
[  0  0  0  0  0  0  2  3  0 ] (0.00001647)
[  0  0  0  0  0  0  3  0  0 ] (0.00000535)
[  0  0  0  0  0  0  3  0  1 ] (0.00000727)
[  0  0  0  0  0  0  3  0  2 ] (0.00012945)
[  0  0  0  0  0  0  3  1  0 ] (0.00004041)
[  0  0  0  0  0  0  3  1  1 ] (0.00001284)
[  0  0  0  0  0  0  3  2  0 ] (0.00378479)
[  0  0  0  0  0  0  4  0  0 ] (0.00000062)
[  0  0  0  0  0  0  4  0  1 ] (0.00002178)
[  0  0  0  0  0  0  4  1  0 ] (0.00003473)
[  0  0  0  0  0  0  5  0  0 ] (0.00005697)
[  0  0  0  0  0  1  0  0  0 ] (0.00000548)
[  0  0  0  0  0  1  0  0  1 ] (0.00000006)
[  0  0  0  0  0  1  0  0  2 ] (0.00004507)
[  0  0  0  0  0  1  0  0  3 ] (0.00220063)
[  0  0  0  0  0  1  0  0  4 ] (0.00002711)
[  0  0  0  0  0  1  0  1  0 ] (0.00004608)
[  0  0  0  0  0  1  0  1  1 ] (0.00037094)
[  0  0  0  0  0  1  0  1  2 ] (0.00167516)
[  0  0  0  0  0  1  0  1  3 ] (0.00001667)
[  0  0  0  0  0  1  0  2  0 ] (0.00000074)
[  0  0  0  0  0  1  0  2  1 ] (0.00005924)
[  0  0  0  0  0  1  0  2  2 ] (0.00035812)
[  0  0  0  0  0  1  0  3  0 ] (0.00000229)
[  0  0  0  0  0  1  0  3  1 ] (0.00013597)
[  0  0  0  0  0  1  0  4  0 ] (0.00009726)
[  0  0  0  0  0  1  1  0  0 ] (0.00000928)
[  0  0  0  0  0  1  1  0  1 ] (0.00009440)
[  0  0  0  0  0  1  1  0  2 ] (0.00012240)
[  0  0  0  0  0  1  1  0  3 ] (0.00010571)
[  0  0  0  0  0  1  1  1  0 ] (0.00000042)
[  0  0  0  0  0  1  1  1  1 ] (0.00033626)
[  0  0  0  0  0  1  1  1  2 ] (0.00005921)
[  0  0  0  0  0  1  1  2  0 ] (0.00000371)
[  0  0  0  0  0  1  1  2  1 ] (0.00020611)
[  0  0  0  0  0  1  1  3  0 ] (0.00008014)
[  0  0  0  0  0  1  2  0  0 ] (0.00002738)
[  0  0  0  0  0  1  2  0  1 ] (0.00005454)
[  0  0  0  0  0  1  2  0  2 ] (0.00125158)
[  0  0  0  0  0  1  2  1  0 ] (0.00022372)
[  0  0  0  0  0  1  2  1  1 ] (0.00003439)
[  0  0  0  0  0  1  2  2  0 ] (0.00002924)
[  0  0  0  0  0  1  3  0  0 ] (0.00013859)
[  0  0  0  0  0  1  3  0  1 ] (0.00238509)
[  0  0  0  0  0  1  3  1  0 ] (0.00017297)
[  0  0  0  0  0  1  4  0  0 ] (0.00405731)
[  0  0  0  0  0  2  0  0  0 ] (0.00000589)
[  0  0  0  0  0  2  0  0  1 ] (0.00000359)
[  0  0  0  0  0  2  0  0  2 ] (0.00013709)
[  0  0  0  0  0  2  0  0  3 ] (0.00144727)
[  0  0  0  0  0  2  0  1  0 ] (0.00003374)
[  0  0  0  0  0  2  0  1  1 ] (0.00028266)
[  0  0  0  0  0  2  0  1  2 ] (0.00060628)
[  0  0  0  0  0  2  0  2  0 ] (0.00000100)
[  0  0  0  0  0  2  0  2  1 ] (0.00244250)
[  0  0  0  0  0  2  0  3  0 ] (0.00001857)
[  0  0  0  0  0  2  1  0  0 ] (0.00000043)
[  0  0  0  0  0  2  1  0  1 ] (0.00000108)
[  0  0  0  0  0  2  1  0  2 ] (0.00027621)
[  0  0  0  0  0  2  1  1  0 ] (0.00018334)
[  0  0  0  0  0  2  1  1  1 ] (0.00000426)
[  0  0  0  0  0  2  1  2  0 ] (0.00210479)
[  0  0  0  0  0  2  2  0  0 ] (0.00096207)
[  0  0  0  0  0  2  2  0  1 ] (0.00873456)
[  0  0  0  0  0  2  2  1  0 ] (0.00518154)
[  0  0  0  0  0  2  3  0  0 ] (0.00023028)
[  0  0  0  0  0  3  0  0  0 ] (0.00000081)
[  0  0  0  0  0  3  0  0  1 ] (0.00000460)
[  0  0  0  0  0  3  0  0  2 ] (0.00013835)
[  0  0  0  0  0  3  0  1  0 ] (0.00042514)
[  0  0  0  0  0  3  0  1  1 ] (0.00003064)
[  0  0  0  0  0  3  0  2  0 ] (0.00002460)
[  0  0  0  0  0  3  1  0  0 ] (0.00005172)
[  0  0  0  0  0  3  1  0  1 ] (0.00051866)
[  0  0  0  0  0  3  1  1  0 ] (0.02529800)
[  0  0  0  0  0  3  2  0  0 ] (0.00010430)
[  0  0  0  0  0  4  0  0  0 ] (0.00000671)
[  0  0  0  0  0  4  0  0  1 ] (0.00002309)
[  0  0  0  0  0  4  0  1  0 ] (0.00003915)
[  0  0  0  0  0  4  1  0  0 ] (0.00000833)
[  0  0  0  0  0  5  0  0  0 ] (0.00000107)
[  0  0  0  0  1  0  0  0  0 ] (0.00001854)
[  0  0  0  0  1  0  0  0  1 ] (0.00006700)
[  0  0  0  0  1  0  0  0  2 ] (0.00003797)
[  0  0  0  0  1  0  0  0  3 ] (0.00022591)
[  0  0  0  0  1  0  0  0  4 ] (0.00000859)
[  0  0  0  0  1  0  0  1  0 ] (0.00000433)
[  0  0  0  0  1  0  0  1  1 ] (0.00000046)
[  0  0  0  0  1  0  0  1  2 ] (0.00090751)
[  0  0  0  0  1  0  0  1  3 ] (0.00001902)
[  0  0  0  0  1  0  0  2  0 ] (0.00013750)
[  0  0  0  0  1  0  0  2  1 ] (0.00020154)
[  0  0  0  0  1  0  0  2  2 ] (0.00045152)
[  0  0  0  0  1  0  0  3  0 ] (0.00032416)
[  0  0  0  0  1  0  0  3  1 ] (0.00065395)
[  0  0  0  0  1  0  0  4  0 ] (0.00013240)
[  0  0  0  0  1  0  1  0  0 ] (0.00008619)
[  0  0  0  0  1  0  1  0  1 ] (0.00020001)
[  0  0  0  0  1  0  1  0  2 ] (0.00176086)
[  0  0  0  0  1  0  1  0  3 ] (0.00004750)
[  0  0  0  0  1  0  1  1  0 ] (0.00008545)
[  0  0  0  0  1  0  1  1  1 ] (0.00303520)
[  0  0  0  0  1  0  1  1  2 ] (0.00014790)
[  0  0  0  0  1  0  1  2  0 ] (0.00001007)
[  0  0  0  0  1  0  1  2  1 ] (0.00009564)
[  0  0  0  0  1  0  1  3  0 ] (0.00122549)
[  0  0  0  0  1  0  2  0  0 ] (0.00000340)
[  0  0  0  0  1  0  2  0  1 ] (0.00002438)
[  0  0  0  0  1  0  2  0  2 ] (0.00000014)
[  0  0  0  0  1  0  2  1  0 ] (0.00004741)
[  0  0  0  0  1  0  2  1  1 ] (0.00000457)
[  0  0  0  0  1  0  2  2  0 ] (0.00024087)
[  0  0  0  0  1  0  3  0  0 ] (0.00000636)
[  0  0  0  0  1  0  3  0  1 ] (0.00229182)
[  0  0  0  0  1  0  3  1  0 ] (0.00034770)
[  0  0  0  0  1  0  4  0  0 ] (0.00051060)
[  0  0  0  0  1  1  0  0  0 ] (0.00001657)
[  0  0  0  0  1  1  0  0  1 ] (0.00003741)
[  0  0  0  0  1  1  0  0  2 ] (0.00023198)
[  0  0  0  0  1  1  0  0  3 ] (0.00052130)
[  0  0  0  0  1  1  0  1  0 ] (0.00007875)
[  0  0  0  0  1  1  0  1  1 ] (0.00050853)
[  0  0  0  0  1  1  0  1  2 ] (0.00006159)
[  0  0  0  0  1  1  0  2  0 ] (0.00000026)
[  0  0  0  0  1  1  0  2  1 ] (0.00000920)
[  0  0  0  0  1  1  0  3  0 ] (0.00059366)
[  0  0  0  0  1  1  1  0  0 ] (0.00000934)
[  0  0  0  0  1  1  1  0  1 ] (0.00111123)
[  0  0  0  0  1  1  1  0  2 ] (0.00006384)
[  0  0  0  0  1  1  1  1  0 ] (0.00012793)
[  0  0  0  0  1  1  1  1  1 ] (0.00055188)
[  0  0  0  0  1  1  1  2  0 ] (0.00025747)
[  0  0  0  0  1  1  2  0  0 ] (0.00000778)
[  0  0  0  0  1  1  2  0  1 ] (0.00100426)
[  0  0  0  0  1  1  2  1  0 ] (0.00040821)
[  0  0  0  0  1  1  3  0  0 ] (0.00011576)
[  0  0  0  0  1  2  0  0  0 ] (0.00000022)
[  0  0  0  0  1  2  0  0  1 ] (0.00000005)
[  0  0  0  0  1  2  0  0  2 ] (0.00009596)
[  0  0  0  0  1  2  0  1  0 ] (0.00000157)
[  0  0  0  0  1  2  0  1  1 ] (0.00272535)
[  0  0  0  0  1  2  0  2  0 ] (0.00004587)
[  0  0  0  0  1  2  1  0  0 ] (0.00001928)
[  0  0  0  0  1  2  1  0  1 ] (0.00304216)
[  0  0  0  0  1  2  1  1  0 ] (0.00075065)
[  0  0  0  0  1  2  2  0  0 ] (0.00004424)
[  0  0  0  0  1  3  0  0  0 ] (0.00001709)
[  0  0  0  0  1  3  0  0  1 ] (0.00001140)
[  0  0  0  0  1  3  0  1  0 ] (0.00025593)
[  0  0  0  0  1  3  1  0  0 ] (0.00003690)
[  0  0  0  0  1  4  0  0  0 ] (0.00000895)
[  0  0  0  0  2  0  0  0  0 ] (0.00000073)
[  0  0  0  0  2  0  0  0  1 ] (0.00000103)
[  0  0  0  0  2  0  0  0  2 ] (0.00000744)
[  0  0  0  0  2  0  0  0  3 ] (0.00024139)
[  0  0  0  0  2  0  0  1  0 ] (0.00001410)
[  0  0  0  0  2  0  0  1  1 ] (0.00004609)
[  0  0  0  0  2  0  0  1  2 ] (0.00003462)
[  0  0  0  0  2  0  0  2  0 ] (0.00000985)
[  0  0  0  0  2  0  0  2  1 ] (0.00000014)
[  0  0  0  0  2  0  0  3  0 ] (0.00005616)
[  0  0  0  0  2  0  1  0  0 ] (0.00002407)
[  0  0  0  0  2  0  1  0  1 ] (0.00070692)
[  0  0  0  0  2  0  1  0  2 ] (0.00159157)
[  0  0  0  0  2  0  1  1  0 ] (0.00023729)
[  0  0  0  0  2  0  1  1  1 ] (0.00017391)
[  0  0  0  0  2  0  1  2  0 ] (0.00000041)
[  0  0  0  0  2  0  2  0  0 ] (0.00019731)
[  0  0  0  0  2  0  2  0  1 ] (0.00208988)
[  0  0  0  0  2  0  2  1  0 ] (0.00021221)
[  0  0  0  0  2  0  3  0  0 ] (0.00000535)
[  0  0  0  0  2  1  0  0  0 ] (0.00001462)
[  0  0  0  0  2  1  0  0  1 ] (0.00012008)
[  0  0  0  0  2  1  0  0  2 ] (0.00006437)
[  0  0  0  0  2  1  0  1  0 ] (0.00005006)
[  0  0  0  0  2  1  0  1  1 ] (0.00001010)
[  0  0  0  0  2  1  0  2  0 ] (0.00003190)
[  0  0  0  0  2  1  1  0  0 ] (0.00103421)
[  0  0  0  0  2  1  1  0  1 ] (0.01484242)
[  0  0  0  0  2  1  1  1  0 ] (0.00165295)
[  0  0  0  0  2  1  2  0  0 ] (0.00001890)
[  0  0  0  0  2  2  0  0  0 ] (0.00000119)
[  0  0  0  0  2  2  0  0  1 ] (0.00000888)
[  0  0  0  0  2  2  0  1  0 ] (0.00000123)
[  0  0  0  0  2  2  1  0  0 ] (0.00013828)
[  0  0  0  0  2  3  0  0  0 ] (0.00000298)
[  0  0  0  0  3  0  0  0  0 ] (0.00000041)
[  0  0  0  0  3  0  0  0  1 ] (0.00000014)
[  0  0  0  0  3  0  0  0  2 ] (0.00001543)
[  0  0  0  0  3  0  0  1  0 ] (0.00268523)
[  0  0  0  0  3  0  0  1  1 ] (0.03052997)
[  0  0  0  0  3  0  0  2  0 ] (0.00007234)
[  0  0  0  0  3  0  1  0  0 ] (0.00011221)
[  0  0  0  0  3  0  1  0  1 ] (0.00094313)
[  0  0  0  0  3  0  1  1  0 ] (0.00812937)
[  0  0  0  0  3  0  2  0  0 ] (0.00000511)
[  0  0  0  0  3  1  0  0  0 ] (0.00000000)
[  0  0  0  0  3  1  0  0  1 ] (0.00003373)
[  0  0  0  0  3  1  0  1  0 ] (0.00021196)
[  0  0  0  0  3  1  1  0  0 ] (0.00000000)
[  0  0  0  0  3  2  0  0  0 ] (0.00000213)
[  0  0  0  0  4  0  0  0  0 ] (0.00008980)
[  0  0  0  0  4  0  0  0  1 ] (0.00021221)
[  0  0  0  0  4  0  0  1  0 ] (0.00001402)
[  0  0  0  0  4  0  1  0  0 ] (0.00026330)
[  0  0  0  0  4  1  0  0  0 ] (0.00000022)
[  0  0  0  0  5  0  0  0  0 ] (0.00002382)
[  0  0  0  1  0  0  0  0  0 ] (0.00000044)
[  0  0  0  1  0  0  0  0  1 ] (0.00001937)
[  0  0  0  1  0  0  0  0  2 ] (0.00000034)
[  0  0  0  1  0  0  0  0  3 ] (0.00006301)
[  0  0  0  1  0  0  0  0  4 ] (0.00010944)
[  0  0  0  1  0  0  0  1  0 ] (0.00000152)
[  0  0  0  1  0  0  0  1  1 ] (0.00003474)
[  0  0  0  1  0  0  0  1  2 ] (0.00000248)
[  0  0  0  1  0  0  0  1  3 ] (0.00000807)
[  0  0  0  1  0  0  0  2  0 ] (0.00005198)
[  0  0  0  1  0  0  0  2  1 ] (0.00000868)
[  0  0  0  1  0  0  0  2  2 ] (0.00016867)
[  0  0  0  1  0  0  0  3  0 ] (0.00008391)
[  0  0  0  1  0  0  0  3  1 ] (0.00000025)
[  0  0  0  1  0  0  0  4  0 ] (0.00000982)
[  0  0  0  1  0  0  1  0  0 ] (0.00000631)
[  0  0  0  1  0  0  1  0  1 ] (0.00002838)
[  0  0  0  1  0  0  1  0  2 ] (0.00049479)
[  0  0  0  1  0  0  1  0  3 ] (0.00001309)
[  0  0  0  1  0  0  1  1  0 ] (0.00000913)
[  0  0  0  1  0  0  1  1  1 ] (0.00008689)
[  0  0  0  1  0  0  1  1  2 ] (0.00004321)
[  0  0  0  1  0  0  1  2  0 ] (0.00010867)
[  0  0  0  1  0  0  1  2  1 ] (0.00009180)
[  0  0  0  1  0  0  1  3  0 ] (0.00002170)
[  0  0  0  1  0  0  2  0  0 ] (0.00001389)
[  0  0  0  1  0  0  2  0  1 ] (0.00002473)
[  0  0  0  1  0  0  2  0  2 ] (0.00301603)
[  0  0  0  1  0  0  2  1  0 ] (0.00003469)
[  0  0  0  1  0  0  2  1  1 ] (0.00006003)
[  0  0  0  1  0  0  2  2  0 ] (0.00003379)
[  0  0  0  1  0  0  3  0  0 ] (0.00011163)
[  0  0  0  1  0  0  3  0  1 ] (0.00428000)
[  0  0  0  1  0  0  3  1  0 ] (0.00009724)
[  0  0  0  1  0  0  4  0  0 ] (0.00067149)
[  0  0  0  1  0  1  0  0  0 ] (0.00000006)
[  0  0  0  1  0  1  0  0  1 ] (0.00005085)
[  0  0  0  1  0  1  0  0  2 ] (0.00000855)
[  0  0  0  1  0  1  0  0  3 ] (0.00004174)
[  0  0  0  1  0  1  0  1  0 ] (0.00000008)
[  0  0  0  1  0  1  0  1  1 ] (0.00015303)
[  0  0  0  1  0  1  0  1  2 ] (0.00007400)
[  0  0  0  1  0  1  0  2  0 ] (0.00000898)
[  0  0  0  1  0  1  0  2  1 ] (0.00061350)
[  0  0  0  1  0  1  0  3  0 ] (0.00101734)
[  0  0  0  1  0  1  1  0  0 ] (0.00003653)
[  0  0  0  1  0  1  1  0  1 ] (0.00016022)
[  0  0  0  1  0  1  1  0  2 ] (0.00004491)
[  0  0  0  1  0  1  1  1  0 ] (0.00000234)
[  0  0  0  1  0  1  1  1  1 ] (0.00000890)
[  0  0  0  1  0  1  1  2  0 ] (0.00035703)
[  0  0  0  1  0  1  2  0  0 ] (0.00054938)
[  0  0  0  1  0  1  2  0  1 ] (0.00680486)
[  0  0  0  1  0  1  2  1  0 ] (0.00025508)
[  0  0  0  1  0  1  3  0  0 ] (0.00005697)
[  0  0  0  1  0  2  0  0  0 ] (0.00000502)
[  0  0  0  1  0  2  0  0  1 ] (0.00001646)
[  0  0  0  1  0  2  0  0  2 ] (0.00002150)
[  0  0  0  1  0  2  0  1  0 ] (0.00003722)
[  0  0  0  1  0  2  0  1  1 ] (0.00003565)
[  0  0  0  1  0  2  0  2  0 ] (0.00005571)
[  0  0  0  1  0  2  1  0  0 ] (0.00010330)
[  0  0  0  1  0  2  1  0  1 ] (0.00123866)
[  0  0  0  1  0  2  1  1  0 ] (0.00056310)
[  0  0  0  1  0  2  2  0  0 ] (0.00000760)
[  0  0  0  1  0  3  0  0  0 ] (0.00000309)
[  0  0  0  1  0  3  0  0  1 ] (0.00004053)
[  0  0  0  1  0  3  0  1  0 ] (0.00002978)
[  0  0  0  1  0  3  1  0  0 ] (0.00002558)
[  0  0  0  1  0  4  0  0  0 ] (0.00000267)
[  0  0  0  1  1  0  0  0  0 ] (0.00001188)
[  0  0  0  1  1  0  0  0  1 ] (0.00003763)
[  0  0  0  1  1  0  0  0  2 ] (0.00014519)
[  0  0  0  1  1  0  0  0  3 ] (0.00013726)
[  0  0  0  1  1  0  0  1  0 ] (0.00000858)
[  0  0  0  1  1  0  0  1  1 ] (0.00029334)
[  0  0  0  1  1  0  0  1  2 ] (0.00003027)
[  0  0  0  1  1  0  0  2  0 ] (0.00001493)
[  0  0  0  1  1  0  0  2  1 ] (0.00004757)
[  0  0  0  1  1  0  0  3  0 ] (0.00033368)
[  0  0  0  1  1  0  1  0  0 ] (0.00000458)
[  0  0  0  1  1  0  1  0  1 ] (0.00019112)
[  0  0  0  1  1  0  1  0  2 ] (0.00025553)
[  0  0  0  1  1  0  1  1  0 ] (0.00003313)
[  0  0  0  1  1  0  1  1  1 ] (0.00000377)
[  0  0  0  1  1  0  1  2  0 ] (0.00010259)
[  0  0  0  1  1  0  2  0  0 ] (0.00009757)
[  0  0  0  1  1  0  2  0  1 ] (0.00156513)
[  0  0  0  1  1  0  2  1  0 ] (0.00165185)
[  0  0  0  1  1  0  3  0  0 ] (0.00035751)
[  0  0  0  1  1  1  0  0  0 ] (0.00002208)
[  0  0  0  1  1  1  0  0  1 ] (0.00011996)
[  0  0  0  1  1  1  0  0  2 ] (0.00106450)
[  0  0  0  1  1  1  0  1  0 ] (0.00000523)
[  0  0  0  1  1  1  0  1  1 ] (0.00011021)
[  0  0  0  1  1  1  0  2  0 ] (0.00039852)
[  0  0  0  1  1  1  1  0  0 ] (0.00000955)
[  0  0  0  1  1  1  1  0  1 ] (0.00002404)
[  0  0  0  1  1  1  1  1  0 ] (0.00026063)
[  0  0  0  1  1  1  2  0  0 ] (0.00002596)
[  0  0  0  1  1  2  0  0  0 ] (0.00002826)
[  0  0  0  1  1  2  0  0  1 ] (0.00012614)
[  0  0  0  1  1  2  0  1  0 ] (0.00000704)
[  0  0  0  1  1  2  1  0  0 ] (0.00002131)
[  0  0  0  1  1  3  0  0  0 ] (0.00002716)
[  0  0  0  1  2  0  0  0  0 ] (0.00000035)
[  0  0  0  1  2  0  0  0  1 ] (0.00000127)
[  0  0  0  1  2  0  0  0  2 ] (0.00000347)
[  0  0  0  1  2  0  0  1  0 ] (0.00002253)
[  0  0  0  1  2  0  0  1  1 ] (0.00242618)
[  0  0  0  1  2  0  0  2  0 ] (0.00000788)
[  0  0  0  1  2  0  1  0  0 ] (0.00000312)
[  0  0  0  1  2  0  1  0  1 ] (0.00013331)
[  0  0  0  1  2  0  1  1  0 ] (0.00390478)
[  0  0  0  1  2  0  2  0  0 ] (0.00000077)
[  0  0  0  1  2  1  0  0  0 ] (0.00000804)
[  0  0  0  1  2  1  0  0  1 ] (0.00000357)
[  0  0  0  1  2  1  0  1  0 ] (0.00004626)
[  0  0  0  1  2  1  1  0  0 ] (0.00000001)
[  0  0  0  1  2  2  0  0  0 ] (0.00000000)
[  0  0  0  1  3  0  0  0  0 ] (0.00000320)
[  0  0  0  1  3  0  0  0  1 ] (0.00000000)
[  0  0  0  1  3  0  0  1  0 ] (0.00001718)
[  0  0  0  1  3  0  1  0  0 ] (0.00000124)
[  0  0  0  1  3  1  0  0  0 ] (0.00000006)
[  0  0  0  1  4  0  0  0  0 ] (0.00004288)
[  0  0  0  2  0  0  0  0  0 ] (0.00000133)
[  0  0  0  2  0  0  0  0  1 ] (0.00000640)
[  0  0  0  2  0  0  0  0  2 ] (0.00000087)
[  0  0  0  2  0  0  0  0  3 ] (0.00285907)
[  0  0  0  2  0  0  0  1  0 ] (0.00033761)
[  0  0  0  2  0  0  0  1  1 ] (0.00005143)
[  0  0  0  2  0  0  0  1  2 ] (0.02789742)
[  0  0  0  2  0  0  0  2  0 ] (0.00000024)
[  0  0  0  2  0  0  0  2  1 ] (0.00003501)
[  0  0  0  2  0  0  0  3  0 ] (0.00000009)
[  0  0  0  2  0  0  1  0  0 ] (0.00004325)
[  0  0  0  2  0  0  1  0  1 ] (0.00052268)
[  0  0  0  2  0  0  1  0  2 ] (0.00111738)
[  0  0  0  2  0  0  1  1  0 ] (0.00110739)
[  0  0  0  2  0  0  1  1  1 ] (0.00316978)
[  0  0  0  2  0  0  1  2  0 ] (0.00000765)
[  0  0  0  2  0  0  2  0  0 ] (0.00003174)
[  0  0  0  2  0  0  2  0  1 ] (0.00015003)
[  0  0  0  2  0  0  2  1  0 ] (0.00091194)
[  0  0  0  2  0  0  3  0  0 ] (0.00000246)
[  0  0  0  2  0  1  0  0  0 ] (0.00000130)
[  0  0  0  2  0  1  0  0  1 ] (0.00000272)
[  0  0  0  2  0  1  0  0  2 ] (0.00000765)
[  0  0  0  2  0  1  0  1  0 ] (0.00250353)
[  0  0  0  2  0  1  0  1  1 ] (0.00989137)
[  0  0  0  2  0  1  0  2  0 ] (0.00000623)
[  0  0  0  2  0  1  1  0  0 ] (0.00011581)
[  0  0  0  2  0  1  1  0  1 ] (0.00113779)
[  0  0  0  2  0  1  1  1  0 ] (0.00891387)
[  0  0  0  2  0  1  2  0  0 ] (0.00001268)
[  0  0  0  2  0  2  0  0  0 ] (0.00000050)
[  0  0  0  2  0  2  0  0  1 ] (0.00000014)
[  0  0  0  2  0  2  0  1  0 ] (0.00052684)
[  0  0  0  2  0  2  1  0  0 ] (0.00005520)
[  0  0  0  2  0  3  0  0  0 ] (0.00000320)
[  0  0  0  2  1  0  0  0  0 ] (0.00006741)
[  0  0  0  2  1  0  0  0  1 ] (0.00009267)
[  0  0  0  2  1  0  0  0  2 ] (0.00000625)
[  0  0  0  2  1  0  0  1  0 ] (0.00000791)
[  0  0  0  2  1  0  0  1  1 ] (0.00000768)
[  0  0  0  2  1  0  0  2  0 ] (0.00011743)
[  0  0  0  2  1  0  1  0  0 ] (0.00040717)
[  0  0  0  2  1  0  1  0  1 ] (0.00053608)
[  0  0  0  2  1  0  1  1  0 ] (0.00017893)
[  0  0  0  2  1  0  2  0  0 ] (0.00002937)
[  0  0  0  2  1  1  0  0  0 ] (0.00017596)
[  0  0  0  2  1  1  0  0  1 ] (0.00033552)
[  0  0  0  2  1  1  0  1  0 ] (0.00000289)
[  0  0  0  2  1  1  1  0  0 ] (0.00069155)
[  0  0  0  2  1  2  0  0  0 ] (0.00004447)
[  0  0  0  2  2  0  0  0  0 ] (0.00000031)
[  0  0  0  2  2  0  0  0  1 ] (0.00000053)
[  0  0  0  2  2  0  0  1  0 ] (0.00000314)
[  0  0  0  2  2  0  1  0  0 ] (0.00001456)
[  0  0  0  2  2  1  0  0  0 ] (0.00000145)
[  0  0  0  2  3  0  0  0  0 ] (0.00000302)
[  0  0  0  3  0  0  0  0  0 ] (0.00000001)
[  0  0  0  3  0  0  0  0  1 ] (0.00000030)
[  0  0  0  3  0  0  0  0  2 ] (0.00000852)
[  0  0  0  3  0  0  0  1  0 ] (0.00011792)
[  0  0  0  3  0  0  0  1  1 ] (0.00021996)
[  0  0  0  3  0  0  0  2  0 ] (0.00001546)
[  0  0  0  3  0  0  1  0  0 ] (0.00000038)
[  0  0  0  3  0  0  1  0  1 ] (0.00000520)
[  0  0  0  3  0  0  1  1  0 ] (0.00038963)
[  0  0  0  3  0  0  2  0  0 ] (0.00000300)
[  0  0  0  3  0  1  0  0  0 ] (0.00000008)
[  0  0  0  3  0  1  0  0  1 ] (0.00000212)
[  0  0  0  3  0  1  0  1  0 ] (0.00005320)
[  0  0  0  3  0  1  1  0  0 ] (0.00001266)
[  0  0  0  3  0  2  0  0  0 ] (0.00000023)
[  0  0  0  3  1  0  0  0  0 ] (0.00002545)
[  0  0  0  3  1  0  0  0  1 ] (0.00004920)
[  0  0  0  3  1  0  0  1  0 ] (0.00000123)
[  0  0  0  3  1  0  1  0  0 ] (0.00005676)
[  0  0  0  3  1  1  0  0  0 ] (0.00000921)
[  0  0  0  3  2  0  0  0  0 ] (0.00000001)
[  0  0  0  4  0  0  0  0  0 ] (0.00002725)
[  0  0  0  4  0  0  0  0  1 ] (0.00000278)
[  0  0  0  4  0  0  0  1  0 ] (0.00000652)
[  0  0  0  4  0  0  1  0  0 ] (0.00009404)
[  0  0  0  4  0  1  0  0  0 ] (0.00009284)
[  0  0  0  4  1  0  0  0  0 ] (0.00000009)
[  0  0  0  5  0  0  0  0  0 ] (0.00000343)
[  0  0  1  0  0  0  0  0  0 ] (0.00000000)
[  0  0  1  0  0  0  0  0  1 ] (0.00000120)
[  0  0  1  0  0  0  0  0  2 ] (0.00003077)
[  0  0  1  0  0  0  0  0  3 ] (0.00012394)
[  0  0  1  0  0  0  0  0  4 ] (0.00002781)
[  0  0  1  0  0  0  0  1  0 ] (0.00000090)
[  0  0  1  0  0  0  0  1  1 ] (0.00000969)
[  0  0  1  0  0  0  0  1  2 ] (0.00010780)
[  0  0  1  0  0  0  0  1  3 ] (0.00000080)
[  0  0  1  0  0  0  0  2  0 ] (0.00000069)
[  0  0  1  0  0  0  0  2  1 ] (0.00002349)
[  0  0  1  0  0  0  0  2  2 ] (0.00023930)
[  0  0  1  0  0  0  0  3  0 ] (0.00005237)
[  0  0  1  0  0  0  0  3  1 ] (0.00008797)
[  0  0  1  0  0  0  0  4  0 ] (0.00026041)
[  0  0  1  0  0  0  1  0  0 ] (0.00003748)
[  0  0  1  0  0  0  1  0  1 ] (0.00030654)
[  0  0  1  0  0  0  1  0  2 ] (0.00072700)
[  0  0  1  0  0  0  1  0  3 ] (0.00116234)
[  0  0  1  0  0  0  1  1  0 ] (0.00000558)
[  0  0  1  0  0  0  1  1  1 ] (0.00009606)
[  0  0  1  0  0  0  1  1  2 ] (0.00007431)
[  0  0  1  0  0  0  1  2  0 ] (0.00012297)
[  0  0  1  0  0  0  1  2  1 ] (0.00029397)
[  0  0  1  0  0  0  1  3  0 ] (0.00011022)
[  0  0  1  0  0  0  2  0  0 ] (0.00000084)
[  0  0  1  0  0  0  2  0  1 ] (0.00000067)
[  0  0  1  0  0  0  2  0  2 ] (0.00048346)
[  0  0  1  0  0  0  2  1  0 ] (0.00001947)
[  0  0  1  0  0  0  2  1  1 ] (0.00003911)
[  0  0  1  0  0  0  2  2  0 ] (0.00118585)
[  0  0  1  0  0  0  3  0  0 ] (0.00016429)
[  0  0  1  0  0  0  3  0  1 ] (0.00196357)
[  0  0  1  0  0  0  3  1  0 ] (0.00001927)
[  0  0  1  0  0  0  4  0  0 ] (0.00043389)
[  0  0  1  0  0  1  0  0  0 ] (0.00001231)
[  0  0  1  0  0  1  0  0  1 ] (0.00002099)
[  0  0  1  0  0  1  0  0  2 ] (0.00041543)
[  0  0  1  0  0  1  0  0  3 ] (0.00209098)
[  0  0  1  0  0  1  0  1  0 ] (0.00000165)
[  0  0  1  0  0  1  0  1  1 ] (0.00000064)
[  0  0  1  0  0  1  0  1  2 ] (0.00001997)
[  0  0  1  0  0  1  0  2  0 ] (0.00000417)
[  0  0  1  0  0  1  0  2  1 ] (0.00049774)
[  0  0  1  0  0  1  0  3  0 ] (0.00012517)
[  0  0  1  0  0  1  1  0  0 ] (0.00000891)
[  0  0  1  0  0  1  1  0  1 ] (0.00002405)
[  0  0  1  0  0  1  1  0  2 ] (0.00015193)
[  0  0  1  0  0  1  1  1  0 ] (0.00004498)
[  0  0  1  0  0  1  1  1  1 ] (0.00011660)
[  0  0  1  0  0  1  1  2  0 ] (0.00033053)
[  0  0  1  0  0  1  2  0  0 ] (0.00190219)
[  0  0  1  0  0  1  2  0  1 ] (0.01719946)
[  0  0  1  0  0  1  2  1  0 ] (0.00307716)
[  0  0  1  0  0  1  3  0  0 ] (0.00018490)
[  0  0  1  0  0  2  0  0  0 ] (0.00000084)
[  0  0  1  0  0  2  0  0  1 ] (0.00000979)
[  0  0  1  0  0  2  0  0  2 ] (0.00008030)
[  0  0  1  0  0  2  0  1  0 ] (0.00023921)
[  0  0  1  0  0  2  0  1  1 ] (0.00316478)
[  0  0  1  0  0  2  0  2  0 ] (0.00000875)
[  0  0  1  0  0  2  1  0  0 ] (0.00003917)
[  0  0  1  0  0  2  1  0  1 ] (0.00049719)
[  0  0  1  0  0  2  1  1  0 ] (0.00343987)
[  0  0  1  0  0  2  2  0  0 ] (0.00030471)
[  0  0  1  0  0  3  0  0  0 ] (0.00000936)
[  0  0  1  0  0  3  0  0  1 ] (0.00000570)
[  0  0  1  0  0  3  0  1  0 ] (0.00002383)
[  0  0  1  0  0  3  1  0  0 ] (0.00002404)
[  0  0  1  0  0  4  0  0  0 ] (0.00000805)
[  0  0  1  0  1  0  0  0  0 ] (0.00000131)
[  0  0  1  0  1  0  0  0  1 ] (0.00001656)
[  0  0  1  0  1  0  0  0  2 ] (0.00006496)
[  0  0  1  0  1  0  0  0  3 ] (0.00021649)
[  0  0  1  0  1  0  0  1  0 ] (0.00001217)
[  0  0  1  0  1  0  0  1  1 ] (0.00005034)
[  0  0  1  0  1  0  0  1  2 ] (0.00000110)
[  0  0  1  0  1  0  0  2  0 ] (0.00000003)
[  0  0  1  0  1  0  0  2  1 ] (0.00000676)
[  0  0  1  0  1  0  0  3  0 ] (0.00006934)
[  0  0  1  0  1  0  1  0  0 ] (0.00000448)
[  0  0  1  0  1  0  1  0  1 ] (0.00005259)
[  0  0  1  0  1  0  1  0  2 ] (0.00000571)
[  0  0  1  0  1  0  1  1  0 ] (0.00008751)
[  0  0  1  0  1  0  1  1  1 ] (0.00001432)
[  0  0  1  0  1  0  1  2  0 ] (0.00013518)
[  0  0  1  0  1  0  2  0  0 ] (0.00016779)
[  0  0  1  0  1  0  2  0  1 ] (0.00120488)
[  0  0  1  0  1  0  2  1  0 ] (0.00004409)
[  0  0  1  0  1  0  3  0  0 ] (0.00000421)
[  0  0  1  0  1  1  0  0  0 ] (0.00000146)
[  0  0  1  0  1  1  0  0  1 ] (0.00001212)
[  0  0  1  0  1  1  0  0  2 ] (0.00000495)
[  0  0  1  0  1  1  0  1  0 ] (0.00000976)
[  0  0  1  0  1  1  0  1  1 ] (0.00020487)
[  0  0  1  0  1  1  0  2  0 ] (0.00001406)
[  0  0  1  0  1  1  1  0  0 ] (0.00009316)
[  0  0  1  0  1  1  1  0  1 ] (0.00237075)
[  0  0  1  0  1  1  1  1  0 ] (0.00084577)
[  0  0  1  0  1  1  2  0  0 ] (0.00001225)
[  0  0  1  0  1  2  0  0  0 ] (0.00000413)
[  0  0  1  0  1  2  0  0  1 ] (0.00000116)
[  0  0  1  0  1  2  0  1  0 ] (0.00001620)
[  0  0  1  0  1  2  1  0  0 ] (0.00000614)
[  0  0  1  0  1  3  0  0  0 ] (0.00000130)
[  0  0  1  0  2  0  0  0  0 ] (0.00001156)
[  0  0  1  0  2  0  0  0  1 ] (0.00004980)
[  0  0  1  0  2  0  0  0  2 ] (0.00017345)
[  0  0  1  0  2  0  0  1  0 ] (0.00000197)
[  0  0  1  0  2  0  0  1  1 ] (0.00046536)
[  0  0  1  0  2  0  0  2  0 ] (0.00006299)
[  0  0  1  0  2  0  1  0  0 ] (0.00012898)
[  0  0  1  0  2  0  1  0  1 ] (0.00048141)
[  0  0  1  0  2  0  1  1  0 ] (0.00073038)
[  0  0  1  0  2  0  2  0  0 ] (0.00000987)
[  0  0  1  0  2  1  0  0  0 ] (0.00000258)
[  0  0  1  0  2  1  0  0  1 ] (0.00000482)
[  0  0  1  0  2  1  0  1  0 ] (0.00000005)
[  0  0  1  0  2  1  1  0  0 ] (0.00000038)
[  0  0  1  0  2  2  0  0  0 ] (0.00000052)
[  0  0  1  0  3  0  0  0  0 ] (0.00001913)
[  0  0  1  0  3  0  0  0  1 ] (0.00005896)
[  0  0  1  0  3  0  0  1  0 ] (0.00001300)
[  0  0  1  0  3  0  1  0  0 ] (0.00003071)
[  0  0  1  0  3  1  0  0  0 ] (0.00000127)
[  0  0  1  0  4  0  0  0  0 ] (0.00000390)
[  0  0  1  1  0  0  0  0  0 ] (0.00000248)
[  0  0  1  1  0  0  0  0  1 ] (0.00004752)
[  0  0  1  1  0  0  0  0  2 ] (0.00009192)
[  0  0  1  1  0  0  0  0  3 ] (0.00094830)
[  0  0  1  1  0  0  0  1  0 ] (0.00000045)
[  0  0  1  1  0  0  0  1  1 ] (0.00000049)
[  0  0  1  1  0  0  0  1  2 ] (0.00002779)
[  0  0  1  1  0  0  0  2  0 ] (0.00000182)
[  0  0  1  1  0  0  0  2  1 ] (0.00003196)
[  0  0  1  1  0  0  0  3  0 ] (0.00007458)
[  0  0  1  1  0  0  1  0  0 ] (0.00001638)
[  0  0  1  1  0  0  1  0  1 ] (0.00000250)
[  0  0  1  1  0  0  1  0  2 ] (0.00118877)
[  0  0  1  1  0  0  1  1  0 ] (0.00000373)
[  0  0  1  1  0  0  1  1  1 ] (0.00006380)
[  0  0  1  1  0  0  1  2  0 ] (0.00001524)
[  0  0  1  1  0  0  2  0  0 ] (0.00023316)
[  0  0  1  1  0  0  2  0  1 ] (0.00193602)
[  0  0  1  1  0  0  2  1  0 ] (0.00108585)
[  0  0  1  1  0  0  3  0  0 ] (0.00001216)
[  0  0  1  1  0  1  0  0  0 ] (0.00001075)
[  0  0  1  1  0  1  0  0  1 ] (0.00002967)
[  0  0  1  1  0  1  0  0  2 ] (0.00020058)
[  0  0  1  1  0  1  0  1  0 ] (0.00000064)
[  0  0  1  1  0  1  0  1  1 ] (0.00022848)
[  0  0  1  1  0  1  0  2  0 ] (0.00005867)
[  0  0  1  1  0  1  1  0  0 ] (0.00008486)
[  0  0  1  1  0  1  1  0  1 ] (0.00070031)
[  0  0  1  1  0  1  1  1  0 ] (0.00006118)
[  0  0  1  1  0  1  2  0  0 ] (0.00004336)
[  0  0  1  1  0  2  0  0  0 ] (0.00000201)
[  0  0  1  1  0  2  0  0  1 ] (0.00000874)
[  0  0  1  1  0  2  0  1  0 ] (0.00000778)
[  0  0  1  1  0  2  1  0  0 ] (0.00001424)
[  0  0  1  1  0  3  0  0  0 ] (0.00000276)
[  0  0  1  1  1  0  0  0  0 ] (0.00001008)
[  0  0  1  1  1  0  0  0  1 ] (0.00007045)
[  0  0  1  1  1  0  0  0  2 ] (0.00013206)
[  0  0  1  1  1  0  0  1  0 ] (0.00049415)
[  0  0  1  1  1  0  0  1  1 ] (0.00835669)
[  0  0  1  1  1  0  0  2  0 ] (0.00048461)
[  0  0  1  1  1  0  1  0  0 ] (0.00019291)
[  0  0  1  1  1  0  1  0  1 ] (0.00158032)
[  0  0  1  1  1  0  1  1  0 ] (0.00136834)
[  0  0  1  1  1  0  2  0  0 ] (0.00004521)
[  0  0  1  1  1  1  0  0  0 ] (0.00000040)
[  0  0  1  1  1  1  0  0  1 ] (0.00002192)
[  0  0  1  1  1  1  0  1  0 ] (0.00001877)
[  0  0  1  1  1  1  1  0  0 ] (0.00000725)
[  0  0  1  1  1  2  0  0  0 ] (0.00000083)
[  0  0  1  1  2  0  0  0  0 ] (0.00000009)
[  0  0  1  1  2  0  0  0  1 ] (0.00000436)
[  0  0  1  1  2  0  0  1  0 ] (0.00000078)
[  0  0  1  1  2  0  1  0  0 ] (0.00001026)
[  0  0  1  1  2  1  0  0  0 ] (0.00000153)
[  0  0  1  1  3  0  0  0  0 ] (0.00000392)
[  0  0  1  2  0  0  0  0  0 ] (0.00000128)
[  0  0  1  2  0  0  0  0  1 ] (0.00000632)
[  0  0  1  2  0  0  0  0  2 ] (0.00002388)
[  0  0  1  2  0  0  0  1  0 ] (0.00207095)
[  0  0  1  2  0  0  0  1  1 ] (0.00524763)
[  0  0  1  2  0  0  0  2  0 ] (0.00000331)
[  0  0  1  2  0  0  1  0  0 ] (0.00004291)
[  0  0  1  2  0  0  1  0  1 ] (0.00040720)
[  0  0  1  2  0  0  1  1  0 ] (0.00571901)
[  0  0  1  2  0  0  2  0  0 ] (0.00000240)
[  0  0  1  2  0  1  0  0  0 ] (0.00000584)
[  0  0  1  2  0  1  0  0  1 ] (0.00003345)
[  0  0  1  2  0  1  0  1  0 ] (0.00104647)
[  0  0  1  2  0  1  1  0  0 ] (0.00006806)
[  0  0  1  2  0  2  0  0  0 ] (0.00000229)
[  0  0  1  2  1  0  0  0  0 ] (0.00008202)
[  0  0  1  2  1  0  0  0  1 ] (0.00008012)
[  0  0  1  2  1  0  0  1  0 ] (0.00001244)
[  0  0  1  2  1  0  1  0  0 ] (0.00031032)
[  0  0  1  2  1  1  0  0  0 ] (0.00004546)
[  0  0  1  2  2  0  0  0  0 ] (0.00000119)
[  0  0  1  3  0  0  0  0  0 ] (0.00000510)
[  0  0  1  3  0  0  0  0  1 ] (0.00002605)
[  0  0  1  3  0  0  0  1  0 ] (0.00010419)
[  0  0  1  3  0  0  1  0  0 ] (0.00001106)
[  0  0  1  3  0  1  0  0  0 ] (0.00000122)
[  0  0  1  3  1  0  0  0  0 ] (0.00000255)
[  0  0  1  4  0  0  0  0  0 ] (0.00008081)
[  0  0  2  0  0  0  0  0  0 ] (0.00000536)
[  0  0  2  0  0  0  0  0  1 ] (0.00001304)
[  0  0  2  0  0  0  0  0  2 ] (0.00010658)
[  0  0  2  0  0  0  0  0  3 ] (0.00292809)
[  0  0  2  0  0  0  0  1  0 ] (0.00007801)
[  0  0  2  0  0  0  0  1  1 ] (0.00082876)
[  0  0  2  0  0  0  0  1  2 ] (0.00925667)
[  0  0  2  0  0  0  0  2  0 ] (0.00024236)
[  0  0  2  0  0  0  0  2  1 ] (0.00054240)
[  0  0  2  0  0  0  0  3  0 ] (0.00005188)
[  0  0  2  0  0  0  1  0  0 ] (0.00016368)
[  0  0  2  0  0  0  1  0  1 ] (0.00131445)
[  0  0  2  0  0  0  1  0  2 ] (0.00750096)
[  0  0  2  0  0  0  1  1  0 ] (0.00006842)
[  0  0  2  0  0  0  1  1  1 ] (0.00010537)
[  0  0  2  0  0  0  1  2  0 ] (0.00073646)
[  0  0  2  0  0  0  2  0  0 ] (0.00030224)
[  0  0  2  0  0  0  2  0  1 ] (0.00175541)
[  0  0  2  0  0  0  2  1  0 ] (0.00024568)
[  0  0  2  0  0  0  3  0  0 ] (0.00008771)
[  0  0  2  0  0  1  0  0  0 ] (0.00000001)
[  0  0  2  0  0  1  0  0  1 ] (0.00000025)
[  0  0  2  0  0  1  0  0  2 ] (0.00003081)
[  0  0  2  0  0  1  0  1  0 ] (0.00005576)
[  0  0  2  0  0  1  0  1  1 ] (0.00070840)
[  0  0  2  0  0  1  0  2  0 ] (0.00000284)
[  0  0  2  0  0  1  1  0  0 ] (0.00006499)
[  0  0  2  0  0  1  1  0  1 ] (0.00069749)
[  0  0  2  0  0  1  1  1  0 ] (0.00056103)
[  0  0  2  0  0  1  2  0  0 ] (0.00000001)
[  0  0  2  0  0  2  0  0  0 ] (0.00000014)
[  0  0  2  0  0  2  0  0  1 ] (0.00000575)
[  0  0  2  0  0  2  0  1  0 ] (0.00003358)
[  0  0  2  0  0  2  1  0  0 ] (0.00000683)
[  0  0  2  0  0  3  0  0  0 ] (0.00000002)
[  0  0  2  0  1  0  0  0  0 ] (0.00000712)
[  0  0  2  0  1  0  0  0  1 ] (0.00002355)
[  0  0  2  0  1  0  0  0  2 ] (0.00003913)
[  0  0  2  0  1  0  0  1  0 ] (0.00043200)
[  0  0  2  0  1  0  0  1  1 ] (0.00299986)
[  0  0  2  0  1  0  0  2  0 ] (0.00005595)
[  0  0  2  0  1  0  1  0  0 ] (0.00009877)
[  0  0  2  0  1  0  1  0  1 ] (0.00052671)
[  0  0  2  0  1  0  1  1  0 ] (0.00054746)
[  0  0  2  0  1  0  2  0  0 ] (0.00000038)
[  0  0  2  0  1  1  0  0  0 ] (0.00000008)
[  0  0  2  0  1  1  0  0  1 ] (0.00000032)
[  0  0  2  0  1  1  0  1  0 ] (0.00020301)
[  0  0  2  0  1  1  1  0  0 ] (0.00000784)
[  0  0  2  0  1  2  0  0  0 ] (0.00000067)
[  0  0  2  0  2  0  0  0  0 ] (0.00000037)
[  0  0  2  0  2  0  0  0  1 ] (0.00000439)
[  0  0  2  0  2  0  0  1  0 ] (0.00000165)
[  0  0  2  0  2  0  1  0  0 ] (0.00000230)
[  0  0  2  0  2  1  0  0  0 ] (0.00000002)
[  0  0  2  0  3  0  0  0  0 ] (0.00000262)
[  0  0  2  1  0  0  0  0  0 ] (0.00000000)
[  0  0  2  1  0  0  0  0  1 ] (0.00000027)
[  0  0  2  1  0  0  0  0  2 ] (0.00000793)
[  0  0  2  1  0  0  0  1  0 ] (0.00003240)
[  0  0  2  1  0  0  0  1  1 ] (0.00028178)
[  0  0  2  1  0  0  0  2  0 ] (0.00002185)
[  0  0  2  1  0  0  1  0  0 ] (0.00004385)
[  0  0  2  1  0  0  1  0  1 ] (0.00025261)
[  0  0  2  1  0  0  1  1  0 ] (0.00000386)
[  0  0  2  1  0  0  2  0  0 ] (0.00001523)
[  0  0  2  1  0  1  0  0  0 ] (0.00000003)
[  0  0  2  1  0  1  0  0  1 ] (0.00000222)
[  0  0  2  1  0  1  0  1  0 ] (0.00000121)
[  0  0  2  1  0  1  1  0  0 ] (0.00001977)
[  0  0  2  1  0  2  0  0  0 ] (0.00000036)
[  0  0  2  1  1  0  0  0  0 ] (0.00000604)
[  0  0  2  1  1  0  0  0  1 ] (0.00003768)
[  0  0  2  1  1  0  0  1  0 ] (0.00004784)
[  0  0  2  1  1  0  1  0  0 ] (0.00001182)
[  0  0  2  1  1  1  0  0  0 ] (0.00000763)
[  0  0  2  1  2  0  0  0  0 ] (0.00000001)
[  0  0  2  2  0  0  0  0  0 ] (0.00000006)
[  0  0  2  2  0  0  0  0  1 ] (0.00000049)
[  0  0  2  2  0  0  0  1  0 ] (0.00003732)
[  0  0  2  2  0  0  1  0  0 ] (0.00000627)
[  0  0  2  2  0  1  0  0  0 ] (0.00000052)
[  0  0  2  2  1  0  0  0  0 ] (0.00000412)
[  0  0  2  3  0  0  0  0  0 ] (0.00000012)
[  0  0  3  0  0  0  0  0  0 ] (0.00000026)
[  0  0  3  0  0  0  0  0  1 ] (0.00000007)
[  0  0  3  0  0  0  0  0  2 ] (0.00004755)
[  0  0  3  0  0  0  0  1  0 ] (0.00000167)
[  0  0  3  0  0  0  0  1  1 ] (0.00013955)
[  0  0  3  0  0  0  0  2  0 ] (0.00001175)
[  0  0  3  0  0  0  1  0  0 ] (0.00000048)
[  0  0  3  0  0  0  1  0  1 ] (0.00000025)
[  0  0  3  0  0  0  1  1  0 ] (0.00002214)
[  0  0  3  0  0  0  2  0  0 ] (0.00000067)
[  0  0  3  0  0  1  0  0  0 ] (0.00000623)
[  0  0  3  0  0  1  0  0  1 ] (0.00004262)
[  0  0  3  0  0  1  0  1  0 ] (0.00000102)
[  0  0  3  0  0  1  1  0  0 ] (0.00000098)
[  0  0  3  0  0  2  0  0  0 ] (0.00000085)
[  0  0  3  0  1  0  0  0  0 ] (0.00000088)
[  0  0  3  0  1  0  0  0  1 ] (0.00000150)
[  0  0  3  0  1  0  0  1  0 ] (0.00000003)
[  0  0  3  0  1  0  1  0  0 ] (0.00000281)
[  0  0  3  0  1  1  0  0  0 ] (0.00000010)
[  0  0  3  0  2  0  0  0  0 ] (0.00000368)
[  0  0  3  1  0  0  0  0  0 ] (0.00000086)
[  0  0  3  1  0  0  0  0  1 ] (0.00000002)
[  0  0  3  1  0  0  0  1  0 ] (0.00001080)
[  0  0  3  1  0  0  1  0  0 ] (0.00000547)
[  0  0  3  1  0  1  0  0  0 ] (0.00000010)
[  0  0  3  1  1  0  0  0  0 ] (0.00000264)
[  0  0  3  2  0  0  0  0  0 ] (0.00000007)
[  0  0  4  0  0  0  0  0  0 ] (0.00000403)
[  0  0  4  0  0  0  0  0  1 ] (0.00002052)
[  0  0  4  0  0  0  0  1  0 ] (0.00000212)
[  0  0  4  0  0  0  1  0  0 ] (0.00004834)
[  0  0  4  0  0  1  0  0  0 ] (0.00000100)
[  0  0  4  0  1  0  0  0  0 ] (0.00000223)
[  0  0  4  1  0  0  0  0  0 ] (0.00000069)
[  0  0  5  0  0  0  0  0  0 ] (0.00000105)
[  0  1  0  0  0  0  0  0  0 ] (0.00000004)
[  0  1  0  0  0  0  0  0  1 ] (0.00000000)
[  0  1  0  0  0  0  0  0  2 ] (0.00000625)
[  0  1  0  0  0  0  0  0  3 ] (0.00002642)
[  0  1  0  0  0  0  0  0  4 ] (0.00005938)
[  0  1  0  0  0  0  0  1  0 ] (0.00000348)
[  0  1  0  0  0  0  0  1  1 ] (0.00000141)
[  0  1  0  0  0  0  0  1  2 ] (0.00046659)
[  0  1  0  0  0  0  0  1  3 ] (0.00003425)
[  0  1  0  0  0  0  0  2  0 ] (0.00001144)
[  0  1  0  0  0  0  0  2  1 ] (0.00000079)
[  0  1  0  0  0  0  0  2  2 ] (0.00012677)
[  0  1  0  0  0  0  0  3  0 ] (0.00006163)
[  0  1  0  0  0  0  0  3  1 ] (0.00009022)
[  0  1  0  0  0  0  0  4  0 ] (0.00070777)
[  0  1  0  0  0  0  1  0  0 ] (0.00000650)
[  0  1  0  0  0  0  1  0  1 ] (0.00000457)
[  0  1  0  0  0  0  1  0  2 ] (0.00000407)
[  0  1  0  0  0  0  1  0  3 ] (0.00084707)
[  0  1  0  0  0  0  1  1  0 ] (0.00020481)
[  0  1  0  0  0  0  1  1  1 ] (0.00009707)
[  0  1  0  0  0  0  1  1  2 ] (0.00001465)
[  0  1  0  0  0  0  1  2  0 ] (0.00004921)
[  0  1  0  0  0  0  1  2  1 ] (0.00066623)
[  0  1  0  0  0  0  1  3  0 ] (0.00111789)
[  0  1  0  0  0  0  2  0  0 ] (0.00001758)
[  0  1  0  0  0  0  2  0  1 ] (0.00003971)
[  0  1  0  0  0  0  2  0  2 ] (0.00019202)
[  0  1  0  0  0  0  2  1  0 ] (0.00001121)
[  0  1  0  0  0  0  2  1  1 ] (0.00000262)
[  0  1  0  0  0  0  2  2  0 ] (0.00770731)
[  0  1  0  0  0  0  3  0  0 ] (0.00000398)
[  0  1  0  0  0  0  3  0  1 ] (0.00010036)
[  0  1  0  0  0  0  3  1  0 ] (0.00007744)
[  0  1  0  0  0  0  4  0  0 ] (0.00040592)
[  0  1  0  0  0  1  0  0  0 ] (0.00000069)
[  0  1  0  0  0  1  0  0  1 ] (0.00000921)
[  0  1  0  0  0  1  0  0  2 ] (0.00000072)
[  0  1  0  0  0  1  0  0  3 ] (0.00535864)
[  0  1  0  0  0  1  0  1  0 ] (0.00000101)
[  0  1  0  0  0  1  0  1  1 ] (0.00000123)
[  0  1  0  0  0  1  0  1  2 ] (0.00001057)
[  0  1  0  0  0  1  0  2  0 ] (0.00001847)
[  0  1  0  0  0  1  0  2  1 ] (0.00075141)
[  0  1  0  0  0  1  0  3  0 ] (0.00130176)
[  0  1  0  0  0  1  1  0  0 ] (0.00002136)
[  0  1  0  0  0  1  1  0  1 ] (0.00004406)
[  0  1  0  0  0  1  1  0  2 ] (0.00190654)
[  0  1  0  0  0  1  1  1  0 ] (0.00013020)
[  0  1  0  0  0  1  1  1  1 ] (0.00102996)
[  0  1  0  0  0  1  1  2  0 ] (0.00000552)
[  0  1  0  0  0  1  2  0  0 ] (0.00000184)
[  0  1  0  0  0  1  2  0  1 ] (0.00001335)
[  0  1  0  0  0  1  2  1  0 ] (0.00012547)
[  0  1  0  0  0  1  3  0  0 ] (0.00011365)
[  0  1  0  0  0  2  0  0  0 ] (0.00000353)
[  0  1  0  0  0  2  0  0  1 ] (0.00000970)
[  0  1  0  0  0  2  0  0  2 ] (0.00001873)
[  0  1  0  0  0  2  0  1  0 ] (0.00041695)
[  0  1  0  0  0  2  0  1  1 ] (0.00614279)
[  0  1  0  0  0  2  0  2  0 ] (0.00006789)
[  0  1  0  0  0  2  1  0  0 ] (0.00006407)
[  0  1  0  0  0  2  1  0  1 ] (0.00037826)
[  0  1  0  0  0  2  1  1  0 ] (0.00090119)
[  0  1  0  0  0  2  2  0  0 ] (0.00000728)
[  0  1  0  0  0  3  0  0  0 ] (0.00000136)
[  0  1  0  0  0  3  0  0  1 ] (0.00001509)
[  0  1  0  0  0  3  0  1  0 ] (0.00004774)
[  0  1  0  0  0  3  1  0  0 ] (0.00000821)
[  0  1  0  0  0  4  0  0  0 ] (0.00000304)
[  0  1  0  0  1  0  0  0  0 ] (0.00000064)
[  0  1  0  0  1  0  0  0  1 ] (0.00002644)
[  0  1  0  0  1  0  0  0  2 ] (0.00015439)
[  0  1  0  0  1  0  0  0  3 ] (0.00057348)
[  0  1  0  0  1  0  0  1  0 ] (0.00002497)
[  0  1  0  0  1  0  0  1  1 ] (0.00144479)
[  0  1  0  0  1  0  0  1  2 ] (0.00167914)
[  0  1  0  0  1  0  0  2  0 ] (0.00000919)
[  0  1  0  0  1  0  0  2  1 ] (0.00075034)
[  0  1  0  0  1  0  0  3  0 ] (0.00078102)
[  0  1  0  0  1  0  1  0  0 ] (0.00012878)
[  0  1  0  0  1  0  1  0  1 ] (0.00119295)
[  0  1  0  0  1  0  1  0  2 ] (0.00493302)
[  0  1  0  0  1  0  1  1  0 ] (0.00003825)
[  0  1  0  0  1  0  1  1  1 ] (0.00002708)
[  0  1  0  0  1  0  1  2  0 ] (0.00359167)
[  0  1  0  0  1  0  2  0  0 ] (0.00000102)
[  0  1  0  0  1  0  2  0  1 ] (0.00002184)
[  0  1  0  0  1  0  2  1  0 ] (0.01627352)
[  0  1  0  0  1  0  3  0  0 ] (0.00000626)
[  0  1  0  0  1  1  0  0  0 ] (0.00001135)
[  0  1  0  0  1  1  0  0  1 ] (0.00004135)
[  0  1  0  0  1  1  0  0  2 ] (0.00083995)
[  0  1  0  0  1  1  0  1  0 ] (0.00010461)
[  0  1  0  0  1  1  0  1  1 ] (0.00962866)
[  0  1  0  0  1  1  0  2  0 ] (0.00035750)
[  0  1  0  0  1  1  1  0  0 ] (0.00186299)
[  0  1  0  0  1  1  1  0  1 ] (0.03086832)
[  0  1  0  0  1  1  1  1  0 ] (0.02311799)
[  0  1  0  0  1  1  2  0  0 ] (0.00000250)
[  0  1  0  0  1  2  0  0  0 ] (0.00002837)
[  0  1  0  0  1  2  0  0  1 ] (0.00009962)
[  0  1  0  0  1  2  0  1  0 ] (0.00000028)
[  0  1  0  0  1  2  1  0  0 ] (0.00005619)
[  0  1  0  0  1  3  0  0  0 ] (0.00000746)
[  0  1  0  0  2  0  0  0  0 ] (0.00004784)
[  0  1  0  0  2  0  0  0  1 ] (0.00025398)
[  0  1  0  0  2  0  0  0  2 ] (0.00041856)
[  0  1  0  0  2  0  0  1  0 ] (0.00011027)
[  0  1  0  0  2  0  0  1  1 ] (0.00046504)
[  0  1  0  0  2  0  0  2  0 ] (0.00012583)
[  0  1  0  0  2  0  1  0  0 ] (0.00036868)
[  0  1  0  0  2  0  1  0  1 ] (0.00241058)
[  0  1  0  0  2  0  1  1  0 ] (0.00080902)
[  0  1  0  0  2  0  2  0  0 ] (0.00011336)
[  0  1  0  0  2  1  0  0  0 ] (0.00000348)
[  0  1  0  0  2  1  0  0  1 ] (0.00000191)
[  0  1  0  0  2  1  0  1  0 ] (0.00000605)
[  0  1  0  0  2  1  1  0  0 ] (0.00000726)
[  0  1  0  0  2  2  0  0  0 ] (0.00000001)
[  0  1  0  0  3  0  0  0  0 ] (0.00003105)
[  0  1  0  0  3  0  0  0  1 ] (0.00020476)
[  0  1  0  0  3  0  0  1  0 ] (0.00014909)
[  0  1  0  0  3  0  1  0  0 ] (0.00016752)
[  0  1  0  0  3  1  0  0  0 ] (0.00000888)
[  0  1  0  0  4  0  0  0  0 ] (0.00001102)
[  0  1  0  1  0  0  0  0  0 ] (0.00000198)
[  0  1  0  1  0  0  0  0  1 ] (0.00001068)
[  0  1  0  1  0  0  0  0  2 ] (0.00001494)
[  0  1  0  1  0  0  0  0  3 ] (0.00235454)
[  0  1  0  1  0  0  0  1  0 ] (0.00001479)
[  0  1  0  1  0  0  0  1  1 ] (0.00013928)
[  0  1  0  1  0  0  0  1  2 ] (0.00018580)
[  0  1  0  1  0  0  0  2  0 ] (0.00006988)
[  0  1  0  1  0  0  0  2  1 ] (0.00258125)
[  0  1  0  1  0  0  0  3  0 ] (0.00011722)
[  0  1  0  1  0  0  1  0  0 ] (0.00015029)
[  0  1  0  1  0  0  1  0  1 ] (0.00171949)
[  0  1  0  1  0  0  1  0  2 ] (0.01729267)
[  0  1  0  1  0  0  1  1  0 ] (0.00001422)
[  0  1  0  1  0  0  1  1  1 ] (0.00000004)
[  0  1  0  1  0  0  1  2  0 ] (0.00057312)
[  0  1  0  1  0  0  2  0  0 ] (0.00000113)
[  0  1  0  1  0  0  2  0  1 ] (0.00001668)
[  0  1  0  1  0  0  2  1  0 ] (0.00008217)
[  0  1  0  1  0  0  3  0  0 ] (0.00019208)
[  0  1  0  1  0  1  0  0  0 ] (0.00000036)
[  0  1  0  1  0  1  0  0  1 ] (0.00000770)
[  0  1  0  1  0  1  0  0  2 ] (0.00000611)
[  0  1  0  1  0  1  0  1  0 ] (0.00002817)
[  0  1  0  1  0  1  0  1  1 ] (0.00125854)
[  0  1  0  1  0  1  0  2  0 ] (0.00001589)
[  0  1  0  1  0  1  1  0  0 ] (0.00003406)
[  0  1  0  1  0  1  1  0  1 ] (0.00092731)
[  0  1  0  1  0  1  1  1  0 ] (0.00009901)
[  0  1  0  1  0  1  2  0  0 ] (0.00000467)
[  0  1  0  1  0  2  0  0  0 ] (0.00000055)
[  0  1  0  1  0  2  0  0  1 ] (0.00000001)
[  0  1  0  1  0  2  0  1  0 ] (0.00000001)
[  0  1  0  1  0  2  1  0  0 ] (0.00001029)
[  0  1  0  1  0  3  0  0  0 ] (0.00000053)
[  0  1  0  1  1  0  0  0  0 ] (0.00000869)
[  0  1  0  1  1  0  0  0  1 ] (0.00020149)
[  0  1  0  1  1  0  0  0  2 ] (0.00046920)
[  0  1  0  1  1  0  0  1  0 ] (0.00004784)
[  0  1  0  1  1  0  0  1  1 ] (0.00938615)
[  0  1  0  1  1  0  0  2  0 ] (0.00000165)
[  0  1  0  1  1  0  1  0  0 ] (0.00072089)
[  0  1  0  1  1  0  1  0  1 ] (0.00819836)
[  0  1  0  1  1  0  1  1  0 ] (0.00369000)
[  0  1  0  1  1  0  2  0  0 ] (0.00000029)
[  0  1  0  1  1  1  0  0  0 ] (0.00000067)
[  0  1  0  1  1  1  0  0  1 ] (0.00002801)
[  0  1  0  1  1  1  0  1  0 ] (0.00026051)
[  0  1  0  1  1  1  1  0  0 ] (0.00040225)
[  0  1  0  1  1  2  0  0  0 ] (0.00000081)
[  0  1  0  1  2  0  0  0  0 ] (0.00000595)
[  0  1  0  1  2  0  0  0  1 ] (0.00003385)
[  0  1  0  1  2  0  0  1  0 ] (0.00000283)
[  0  1  0  1  2  0  1  0  0 ] (0.00003285)
[  0  1  0  1  2  1  0  0  0 ] (0.00000001)
[  0  1  0  1  3  0  0  0  0 ] (0.00000514)
[  0  1  0  2  0  0  0  0  0 ] (0.00000256)
[  0  1  0  2  0  0  0  0  1 ] (0.00000778)
[  0  1  0  2  0  0  0  0  2 ] (0.00000020)
[  0  1  0  2  0  0  0  1  0 ] (0.00022803)
[  0  1  0  2  0  0  0  1  1 ] (0.00004350)
[  0  1  0  2  0  0  0  2  0 ] (0.00001114)
[  0  1  0  2  0  0  1  0  0 ] (0.00002349)
[  0  1  0  2  0  0  1  0  1 ] (0.00006005)
[  0  1  0  2  0  0  1  1  0 ] (0.00073721)
[  0  1  0  2  0  0  2  0  0 ] (0.00000002)
[  0  1  0  2  0  1  0  0  0 ] (0.00000015)
[  0  1  0  2  0  1  0  0  1 ] (0.00000042)
[  0  1  0  2  0  1  0  1  0 ] (0.00015877)
[  0  1  0  2  0  1  1  0  0 ] (0.00000001)
[  0  1  0  2  0  2  0  0  0 ] (0.00000036)
[  0  1  0  2  1  0  0  0  0 ] (0.00002436)
[  0  1  0  2  1  0  0  0  1 ] (0.00002236)
[  0  1  0  2  1  0  0  1  0 ] (0.00000436)
[  0  1  0  2  1  0  1  0  0 ] (0.00012136)
[  0  1  0  2  1  1  0  0  0 ] (0.00002197)
[  0  1  0  2  2  0  0  0  0 ] (0.00000190)
[  0  1  0  3  0  0  0  0  0 ] (0.00000578)
[  0  1  0  3  0  0  0  0  1 ] (0.00001453)
[  0  1  0  3  0  0  0  1  0 ] (0.00001725)
[  0  1  0  3  0  0  1  0  0 ] (0.00000166)
[  0  1  0  3  0  1  0  0  0 ] (0.00000090)
[  0  1  0  3  1  0  0  0  0 ] (0.00000002)
[  0  1  0  4  0  0  0  0  0 ] (0.00001831)
[  0  1  1  0  0  0  0  0  0 ] (0.00000048)
[  0  1  1  0  0  0  0  0  1 ] (0.00014606)
[  0  1  1  0  0  0  0  0  2 ] (0.00040701)
[  0  1  1  0  0  0  0  0  3 ] (0.06441446)
[  0  1  1  0  0  0  0  1  0 ] (0.00004442)
[  0  1  1  0  0  0  0  1  1 ] (0.00062223)
[  0  1  1  0  0  0  0  1  2 ] (0.01614260)
[  0  1  1  0  0  0  0  2  0 ] (0.00014925)
[  0  1  1  0  0  0  0  2  1 ] (0.00156876)
[  0  1  1  0  0  0  0  3  0 ] (0.00005606)
[  0  1  1  0  0  0  1  0  0 ] (0.00004269)
[  0  1  1  0  0  0  1  0  1 ] (0.00090353)
[  0  1  1  0  0  0  1  0  2 ] (0.00455338)
[  0  1  1  0  0  0  1  1  0 ] (0.00003351)
[  0  1  1  0  0  0  1  1  1 ] (0.00041013)
[  0  1  1  0  0  0  1  2  0 ] (0.00677316)
[  0  1  1  0  0  0  2  0  0 ] (0.00012316)
[  0  1  1  0  0  0  2  0  1 ] (0.00251718)
[  0  1  1  0  0  0  2  1  0 ] (0.00008963)
[  0  1  1  0  0  0  3  0  0 ] (0.00000645)
[  0  1  1  0  0  1  0  0  0 ] (0.00000043)
[  0  1  1  0  0  1  0  0  1 ] (0.00000013)
[  0  1  1  0  0  1  0  0  2 ] (0.00020515)
[  0  1  1  0  0  1  0  1  0 ] (0.00449254)
[  0  1  1  0  0  1  0  1  1 ] (0.05739075)
[  0  1  1  0  0  1  0  2  0 ] (0.00002249)
[  0  1  1  0  0  1  1  0  0 ] (0.00020265)
[  0  1  1  0  0  1  1  0  1 ] (0.00073125)
[  0  1  1  0  0  1  1  1  0 ] (0.01348704)
[  0  1  1  0  0  1  2  0  0 ] (0.00000377)
[  0  1  1  0  0  2  0  0  0 ] (0.00000000)
[  0  1  1  0  0  2  0  0  1 ] (0.00001417)
[  0  1  1  0  0  2  0  1  0 ] (0.00011210)
[  0  1  1  0  0  2  1  0  0 ] (0.00003442)
[  0  1  1  0  0  3  0  0  0 ] (0.00000016)
[  0  1  1  0  1  0  0  0  0 ] (0.00000713)
[  0  1  1  0  1  0  0  0  1 ] (0.00002249)
[  0  1  1  0  1  0  0  0  2 ] (0.00001865)
[  0  1  1  0  1  0  0  1  0 ] (0.00032475)
[  0  1  1  0  1  0  0  1  1 ] (0.00015740)
[  0  1  1  0  1  0  0  2  0 ] (0.00007985)
[  0  1  1  0  1  0  1  0  0 ] (0.00001190)
[  0  1  1  0  1  0  1  0  1 ] (0.00057313)
[  0  1  1  0  1  0  1  1  0 ] (0.00252198)
[  0  1  1  0  1  0  2  0  0 ] (0.00000179)
[  0  1  1  0  1  1  0  0  0 ] (0.00022996)
[  0  1  1  0  1  1  0  0  1 ] (0.00037721)
[  0  1  1  0  1  1  0  1  0 ] (0.00000141)
[  0  1  1  0  1  1  1  0  0 ] (0.00024134)
[  0  1  1  0  1  2  0  0  0 ] (0.00000529)
[  0  1  1  0  2  0  0  0  0 ] (0.00003457)
[  0  1  1  0  2  0  0  0  1 ] (0.00032820)
[  0  1  1  0  2  0  0  1  0 ] (0.00000085)
[  0  1  1  0  2  0  1  0  0 ] (0.00012741)
[  0  1  1  0  2  1  0  0  0 ] (0.00001330)
[  0  1  1  0  3  0  0  0  0 ] (0.00000053)
[  0  1  1  1  0  0  0  0  0 ] (0.00000202)
[  0  1  1  1  0  0  0  0  1 ] (0.00000089)
[  0  1  1  1  0  0  0  0  2 ] (0.00001529)
[  0  1  1  1  0  0  0  1  0 ] (0.00002071)
[  0  1  1  1  0  0  0  1  1 ] (0.00127689)
[  0  1  1  1  0  0  0  2  0 ] (0.00006166)
[  0  1  1  1  0  0  1  0  0 ] (0.00014792)
[  0  1  1  1  0  0  1  0  1 ] (0.00106300)
[  0  1  1  1  0  0  1  1  0 ] (0.00009522)
[  0  1  1  1  0  0  2  0  0 ] (0.00000252)
[  0  1  1  1  0  1  0  0  0 ] (0.00001186)
[  0  1  1  1  0  1  0  0  1 ] (0.00000579)
[  0  1  1  1  0  1  0  1  0 ] (0.00001467)
[  0  1  1  1  0  1  1  0  0 ] (0.00003483)
[  0  1  1  1  0  2  0  0  0 ] (0.00000132)
[  0  1  1  1  1  0  0  0  0 ] (0.00009404)
[  0  1  1  1  1  0  0  0  1 ] (0.00038973)
[  0  1  1  1  1  0  0  1  0 ] (0.00003534)
[  0  1  1  1  1  0  1  0  0 ] (0.00010412)
[  0  1  1  1  1  1  0  0  0 ] (0.00000656)
[  0  1  1  1  2  0  0  0  0 ] (0.00000006)
[  0  1  1  2  0  0  0  0  0 ] (0.00000157)
[  0  1  1  2  0  0  0  0  1 ] (0.00004170)
[  0  1  1  2  0  0  0  1  0 ] (0.00006685)
[  0  1  1  2  0  0  1  0  0 ] (0.00000430)
[  0  1  1  2  0  1  0  0  0 ] (0.00000002)
[  0  1  1  2  1  0  0  0  0 ] (0.00001273)
[  0  1  1  3  0  0  0  0  0 ] (0.00000088)
[  0  1  2  0  0  0  0  0  0 ] (0.00000381)
[  0  1  2  0  0  0  0  0  1 ] (0.00002977)
[  0  1  2  0  0  0  0  0  2 ] (0.00002082)
[  0  1  2  0  0  0  0  1  0 ] (0.00000056)
[  0  1  2  0  0  0  0  1  1 ] (0.00001022)
[  0  1  2  0  0  0  0  2  0 ] (0.00000306)
[  0  1  2  0  0  0  1  0  0 ] (0.00004443)
[  0  1  2  0  0  0  1  0  1 ] (0.00034782)
[  0  1  2  0  0  0  1  1  0 ] (0.00000025)
[  0  1  2  0  0  0  2  0  0 ] (0.00004012)
[  0  1  2  0  0  1  0  0  0 ] (0.00000020)
[  0  1  2  0  0  1  0  0  1 ] (0.00000237)
[  0  1  2  0  0  1  0  1  0 ] (0.00000212)
[  0  1  2  0  0  1  1  0  0 ] (0.00000573)
[  0  1  2  0  0  2  0  0  0 ] (0.00000079)
[  0  1  2  0  1  0  0  0  0 ] (0.00000263)
[  0  1  2  0  1  0  0  0  1 ] (0.00000782)
[  0  1  2  0  1  0  0  1  0 ] (0.00003353)
[  0  1  2  0  1  0  1  0  0 ] (0.00000761)
[  0  1  2  0  1  1  0  0  0 ] (0.00000275)
[  0  1  2  0  2  0  0  0  0 ] (0.00000263)
[  0  1  2  1  0  0  0  0  0 ] (0.00000000)
[  0  1  2  1  0  0  0  0  1 ] (0.00000036)
[  0  1  2  1  0  0  0  1  0 ] (0.00000971)
[  0  1  2  1  0  0  1  0  0 ] (0.00000095)
[  0  1  2  1  0  1  0  0  0 ] (0.00000158)
[  0  1  2  1  1  0  0  0  0 ] (0.00000330)
[  0  1  2  2  0  0  0  0  0 ] (0.00000028)
[  0  1  3  0  0  0  0  0  0 ] (0.00000001)
[  0  1  3  0  0  0  0  0  1 ] (0.00000560)
[  0  1  3  0  0  0  0  1  0 ] (0.00000018)
[  0  1  3  0  0  0  1  0  0 ] (0.00000038)
[  0  1  3  0  0  1  0  0  0 ] (0.00000385)
[  0  1  3  0  1  0  0  0  0 ] (0.00000002)
[  0  1  3  1  0  0  0  0  0 ] (0.00000131)
[  0  1  4  0  0  0  0  0  0 ] (0.00000339)
[  0  2  0  0  0  0  0  0  0 ] (0.00000080)
[  0  2  0  0  0  0  0  0  1 ] (0.00000045)
[  0  2  0  0  0  0  0  0  2 ] (0.00001012)
[  0  2  0  0  0  0  0  0  3 ] (0.00013984)
[  0  2  0  0  0  0  0  1  0 ] (0.00000636)
[  0  2  0  0  0  0  0  1  1 ] (0.00000544)
[  0  2  0  0  0  0  0  1  2 ] (0.00006906)
[  0  2  0  0  0  0  0  2  0 ] (0.00005984)
[  0  2  0  0  0  0  0  2  1 ] (0.00025688)
[  0  2  0  0  0  0  0  3  0 ] (0.00002956)
[  0  2  0  0  0  0  1  0  0 ] (0.00000238)
[  0  2  0  0  0  0  1  0  1 ] (0.00000766)
[  0  2  0  0  0  0  1  0  2 ] (0.00005894)
[  0  2  0  0  0  0  1  1  0 ] (0.00000000)
[  0  2  0  0  0  0  1  1  1 ] (0.00002244)
[  0  2  0  0  0  0  1  2  0 ] (0.00015160)
[  0  2  0  0  0  0  2  0  0 ] (0.00001280)
[  0  2  0  0  0  0  2  0  1 ] (0.00004937)
[  0  2  0  0  0  0  2  1  0 ] (0.00010282)
[  0  2  0  0  0  0  3  0  0 ] (0.00000831)
[  0  2  0  0  0  1  0  0  0 ] (0.00000125)
[  0  2  0  0  0  1  0  0  1 ] (0.00000762)
[  0  2  0  0  0  1  0  0  2 ] (0.00000003)
[  0  2  0  0  0  1  0  1  0 ] (0.00003397)
[  0  2  0  0  0  1  0  1  1 ] (0.00007208)
[  0  2  0  0  0  1  0  2  0 ] (0.00001306)
[  0  2  0  0  0  1  1  0  0 ] (0.00001938)
[  0  2  0  0  0  1  1  0  1 ] (0.00007934)
[  0  2  0  0  0  1  1  1  0 ] (0.00016199)
[  0  2  0  0  0  1  2  0  0 ] (0.00000010)
[  0  2  0  0  0  2  0  0  0 ] (0.00000001)
[  0  2  0  0  0  2  0  0  1 ] (0.00000000)
[  0  2  0  0  0  2  0  1  0 ] (0.00000322)
[  0  2  0  0  0  2  1  0  0 ] (0.00000042)
[  0  2  0  0  0  3  0  0  0 ] (0.00000018)
[  0  2  0  0  1  0  0  0  0 ] (0.00000241)
[  0  2  0  0  1  0  0  0  1 ] (0.00000697)
[  0  2  0  0  1  0  0  0  2 ] (0.00000224)
[  0  2  0  0  1  0  0  1  0 ] (0.00009907)
[  0  2  0  0  1  0  0  1  1 ] (0.00078496)
[  0  2  0  0  1  0  0  2  0 ] (0.00001799)
[  0  2  0  0  1  0  1  0  0 ] (0.00001618)
[  0  2  0  0  1  0  1  0  1 ] (0.00000072)
[  0  2  0  0  1  0  1  1  0 ] (0.00061153)
[  0  2  0  0  1  0  2  0  0 ] (0.00000258)
[  0  2  0  0  1  1  0  0  0 ] (0.00000373)
[  0  2  0  0  1  1  0  0  1 ] (0.00001690)
[  0  2  0  0  1  1  0  1  0 ] (0.00000078)
[  0  2  0  0  1  1  1  0  0 ] (0.00000270)
[  0  2  0  0  1  2  0  0  0 ] (0.00000000)
[  0  2  0  0  2  0  0  0  0 ] (0.00001047)
[  0  2  0  0  2  0  0  0  1 ] (0.00002930)
[  0  2  0  0  2  0  0  1  0 ] (0.00000127)
[  0  2  0  0  2  0  1  0  0 ] (0.00002896)
[  0  2  0  0  2  1  0  0  0 ] (0.00000165)
[  0  2  0  0  3  0  0  0  0 ] (0.00000851)
[  0  2  0  1  0  0  0  0  0 ] (0.00000015)
[  0  2  0  1  0  0  0  0  1 ] (0.00000046)
[  0  2  0  1  0  0  0  0  2 ] (0.00001949)
[  0  2  0  1  0  0  0  1  0 ] (0.00000403)
[  0  2  0  1  0  0  0  1  1 ] (0.00005121)
[  0  2  0  1  0  0  0  2  0 ] (0.00000502)
[  0  2  0  1  0  0  1  0  0 ] (0.00000487)
[  0  2  0  1  0  0  1  0  1 ] (0.00006098)
[  0  2  0  1  0  0  1  1  0 ] (0.00000793)
[  0  2  0  1  0  0  2  0  0 ] (0.00000749)
[  0  2  0  1  0  1  0  0  0 ] (0.00000077)
[  0  2  0  1  0  1  0  0  1 ] (0.00000152)
[  0  2  0  1  0  1  0  1  0 ] (0.00000000)
[  0  2  0  1  0  1  1  0  0 ] (0.00000006)
[  0  2  0  1  0  2  0  0  0 ] (0.00000026)
[  0  2  0  1  1  0  0  0  0 ] (0.00000007)
[  0  2  0  1  1  0  0  0  1 ] (0.00000633)
[  0  2  0  1  1  0  0  1  0 ] (0.00000042)
[  0  2  0  1  1  0  1  0  0 ] (0.00000188)
[  0  2  0  1  1  1  0  0  0 ] (0.00000037)
[  0  2  0  1  2  0  0  0  0 ] (0.00000005)
[  0  2  0  2  0  0  0  0  0 ] (0.00000014)
[  0  2  0  2  0  0  0  0  1 ] (0.00000054)
[  0  2  0  2  0  0  0  1  0 ] (0.00000002)
[  0  2  0  2  0  0  1  0  0 ] (0.00000029)
[  0  2  0  2  0  1  0  0  0 ] (0.00000000)
[  0  2  0  2  1  0  0  0  0 ] (0.00000035)
[  0  2  0  3  0  0  0  0  0 ] (0.00000018)
[  0  2  1  0  0  0  0  0  0 ] (0.00000001)
[  0  2  1  0  0  0  0  0  1 ] (0.00002071)
[  0  2  1  0  0  0  0  0  2 ] (0.00000266)
[  0  2  1  0  0  0  0  1  0 ] (0.00002105)
[  0  2  1  0  0  0  0  1  1 ] (0.00002969)
[  0  2  1  0  0  0  0  2  0 ] (0.00000167)
[  0  2  1  0  0  0  1  0  0 ] (0.00002169)
[  0  2  1  0  0  0  1  0  1 ] (0.00045430)
[  0  2  1  0  0  0  1  1  0 ] (0.00003496)
[  0  2  1  0  0  0  2  0  0 ] (0.00000001)
[  0  2  1  0  0  1  0  0  0 ] (0.00000039)
[  0  2  1  0  0  1  0  0  1 ] (0.00000145)
[  0  2  1  0  0  1  0  1  0 ] (0.00009640)
[  0  2  1  0  0  1  1  0  0 ] (0.00000019)
[  0  2  1  0  0  2  0  0  0 ] (0.00000035)
[  0  2  1  0  1  0  0  0  0 ] (0.00000010)
[  0  2  1  0  1  0  0  0  1 ] (0.00000112)
[  0  2  1  0  1  0  0  1  0 ] (0.00000142)
[  0  2  1  0  1  0  1  0  0 ] (0.00000096)
[  0  2  1  0  1  1  0  0  0 ] (0.00000437)
[  0  2  1  0  2  0  0  0  0 ] (0.00000125)
[  0  2  1  1  0  0  0  0  0 ] (0.00000025)
[  0  2  1  1  0  0  0  0  1 ] (0.00000222)
[  0  2  1  1  0  0  0  1  0 ] (0.00000069)
[  0  2  1  1  0  0  1  0  0 ] (0.00000118)
[  0  2  1  1  0  1  0  0  0 ] (0.00000037)
[  0  2  1  1  1  0  0  0  0 ] (0.00000117)
[  0  2  1  2  0  0  0  0  0 ] (0.00000002)
[  0  2  2  0  0  0  0  0  0 ] (0.00000102)
[  0  2  2  0  0  0  0  0  1 ] (0.00000365)
[  0  2  2  0  0  0  0  1  0 ] (0.00000010)
[  0  2  2  0  0  0  1  0  0 ] (0.00000253)
[  0  2  2  0  0  1  0  0  0 ] (0.00000047)
[  0  2  2  0  1  0  0  0  0 ] (0.00000002)
[  0  2  2  1  0  0  0  0  0 ] (0.00000011)
[  0  2  3  0  0  0  0  0  0 ] (0.00000008)
[  0  3  0  0  0  0  0  0  0 ] (0.00000005)
[  0  3  0  0  0  0  0  0  1 ] (0.00000096)
[  0  3  0  0  0  0  0  0  2 ] (0.00001306)
[  0  3  0  0  0  0  0  1  0 ] (0.00001398)
[  0  3  0  0  0  0  0  1  1 ] (0.00001095)
[  0  3  0  0  0  0  0  2  0 ] (0.00000033)
[  0  3  0  0  0  0  1  0  0 ] (0.00000036)
[  0  3  0  0  0  0  1  0  1 ] (0.00000013)
[  0  3  0  0  0  0  1  1  0 ] (0.00000877)
[  0  3  0  0  0  0  2  0  0 ] (0.00000187)
[  0  3  0  0  0  1  0  0  0 ] (0.00000146)
[  0  3  0  0  0  1  0  0  1 ] (0.00000738)
[  0  3  0  0  0  1  0  1  0 ] (0.00001761)
[  0  3  0  0  0  1  1  0  0 ] (0.00002923)
[  0  3  0  0  0  2  0  0  0 ] (0.00000007)
[  0  3  0  0  1  0  0  0  0 ] (0.00000927)
[  0  3  0  0  1  0  0  0  1 ] (0.00002637)
[  0  3  0  0  1  0  0  1  0 ] (0.00000000)
[  0  3  0  0  1  0  1  0  0 ] (0.00001435)
[  0  3  0  0  1  1  0  0  0 ] (0.00001202)
[  0  3  0  0  2  0  0  0  0 ] (0.00000473)
[  0  3  0  1  0  0  0  0  0 ] (0.00000103)
[  0  3  0  1  0  0  0  0  1 ] (0.00000146)
[  0  3  0  1  0  0  0  1  0 ] (0.00000090)
[  0  3  0  1  0  0  1  0  0 ] (0.00000086)
[  0  3  0  1  0  1  0  0  0 ] (0.00000001)
[  0  3  0  1  1  0  0  0  0 ] (0.00000113)
[  0  3  0  2  0  0  0  0  0 ] (0.00000030)
[  0  3  1  0  0  0  0  0  0 ] (0.00000156)
[  0  3  1  0  0  0  0  0  1 ] (0.00002008)
[  0  3  1  0  0  0  0  1  0 ] (0.00000995)
[  0  3  1  0  0  0  1  0  0 ] (0.00000619)
[  0  3  1  0  0  1  0  0  0 ] (0.00000128)
[  0  3  1  0  1  0  0  0  0 ] (0.00000017)
[  0  3  1  1  0  0  0  0  0 ] (0.00000308)
[  0  3  2  0  0  0  0  0  0 ] (0.00000065)
[  0  4  0  0  0  0  0  0  0 ] (0.00000003)
[  0  4  0  0  0  0  0  0  1 ] (0.00000000)
[  0  4  0  0  0  0  0  1  0 ] (0.00000026)
[  0  4  0  0  0  0  1  0  0 ] (0.00000036)
[  0  4  0  0  0  1  0  0  0 ] (0.00000108)
[  0  4  0  0  1  0  0  0  0 ] (0.00000029)
[  0  4  0  1  0  0  0  0  0 ] (0.00000015)
[  0  4  1  0  0  0  0  0  0 ] (0.00000097)
[  0  5  0  0  0  0  0  0  0 ] (0.00000010)
[  1  0  0  0  0  0  0  0  0 ] (0.00001547)
[  1  0  0  0  0  0  0  0  1 ] (0.00001992)
[  1  0  0  0  0  0  0  0  2 ] (0.00000012)
[  1  0  0  0  0  0  0  0  3 ] (0.00109318)
[  1  0  0  0  0  0  0  0  4 ] (0.00016436)
[  1  0  0  0  0  0  0  1  0 ] (0.00000001)
[  1  0  0  0  0  0  0  1  1 ] (0.00000068)
[  1  0  0  0  0  0  0  1  2 ] (0.00015578)
[  1  0  0  0  0  0  0  1  3 ] (0.00004763)
[  1  0  0  0  0  0  0  2  0 ] (0.00001218)
[  1  0  0  0  0  0  0  2  1 ] (0.00013860)
[  1  0  0  0  0  0  0  2  2 ] (0.00012463)
[  1  0  0  0  0  0  0  3  0 ] (0.00006626)
[  1  0  0  0  0  0  0  3  1 ] (0.00821685)
[  1  0  0  0  0  0  0  4  0 ] (0.00052116)
[  1  0  0  0  0  0  1  0  0 ] (0.00000004)
[  1  0  0  0  0  0  1  0  1 ] (0.00001076)
[  1  0  0  0  0  0  1  0  2 ] (0.00024943)
[  1  0  0  0  0  0  1  0  3 ] (0.00012269)
[  1  0  0  0  0  0  1  1  0 ] (0.00022583)
[  1  0  0  0  0  0  1  1  1 ] (0.00129288)
[  1  0  0  0  0  0  1  1  2 ] (0.00109965)
[  1  0  0  0  0  0  1  2  0 ] (0.00031942)
[  1  0  0  0  0  0  1  2  1 ] (0.00130717)
[  1  0  0  0  0  0  1  3  0 ] (0.02258256)
[  1  0  0  0  0  0  2  0  0 ] (0.00033894)
[  1  0  0  0  0  0  2  0  1 ] (0.00392907)
[  1  0  0  0  0  0  2  0  2 ] (0.02771444)
[  1  0  0  0  0  0  2  1  0 ] (0.00002911)
[  1  0  0  0  0  0  2  1  1 ] (0.00001203)
[  1  0  0  0  0  0  2  2  0 ] (0.00898978)
[  1  0  0  0  0  0  3  0  0 ] (0.00010817)
[  1  0  0  0  0  0  3  0  1 ] (0.00076492)
[  1  0  0  0  0  0  3  1  0 ] (0.00117908)
[  1  0  0  0  0  0  4  0  0 ] (0.00031444)
[  1  0  0  0  0  1  0  0  0 ] (0.00000518)
[  1  0  0  0  0  1  0  0  1 ] (0.00002735)
[  1  0  0  0  0  1  0  0  2 ] (0.00000543)
[  1  0  0  0  0  1  0  0  3 ] (0.06486083)
[  1  0  0  0  0  1  0  1  0 ] (0.00000269)
[  1  0  0  0  0  1  0  1  1 ] (0.00002430)
[  1  0  0  0  0  1  0  1  2 ] (0.00027221)
[  1  0  0  0  0  1  0  2  0 ] (0.00013982)
[  1  0  0  0  0  1  0  2  1 ] (0.00160969)
[  1  0  0  0  0  1  0  3  0 ] (0.00045747)
[  1  0  0  0  0  1  1  0  0 ] (0.00014481)
[  1  0  0  0  0  1  1  0  1 ] (0.00059761)
[  1  0  0  0  0  1  1  0  2 ] (0.00046569)
[  1  0  0  0  0  1  1  1  0 ] (0.00000545)
[  1  0  0  0  0  1  1  1  1 ] (0.00019631)
[  1  0  0  0  0  1  1  2  0 ] (0.00335100)
[  1  0  0  0  0  1  2  0  0 ] (0.00001245)
[  1  0  0  0  0  1  2  0  1 ] (0.00023534)
[  1  0  0  0  0  1  2  1  0 ] (0.00001844)
[  1  0  0  0  0  1  3  0  0 ] (0.00002512)
[  1  0  0  0  0  2  0  0  0 ] (0.00000602)
[  1  0  0  0  0  2  0  0  1 ] (0.00001485)
[  1  0  0  0  0  2  0  0  2 ] (0.00002473)
[  1  0  0  0  0  2  0  1  0 ] (0.00001586)
[  1  0  0  0  0  2  0  1  1 ] (0.00000015)
[  1  0  0  0  0  2  0  2  0 ] (0.00000443)
[  1  0  0  0  0  2  1  0  0 ] (0.00005819)
[  1  0  0  0  0  2  1  0  1 ] (0.00031441)
[  1  0  0  0  0  2  1  1  0 ] (0.00000017)
[  1  0  0  0  0  2  2  0  0 ] (0.00000102)
[  1  0  0  0  0  3  0  0  0 ] (0.00006905)
[  1  0  0  0  0  3  0  0  1 ] (0.00019455)
[  1  0  0  0  0  3  0  1  0 ] (0.00001610)
[  1  0  0  0  0  3  1  0  0 ] (0.00001703)
[  1  0  0  0  0  4  0  0  0 ] (0.00000536)
[  1  0  0  0  1  0  0  0  0 ] (0.00000087)
[  1  0  0  0  1  0  0  0  1 ] (0.00000071)
[  1  0  0  0  1  0  0  0  2 ] (0.00005220)
[  1  0  0  0  1  0  0  0  3 ] (0.00008907)
[  1  0  0  0  1  0  0  1  0 ] (0.00001930)
[  1  0  0  0  1  0  0  1  1 ] (0.00001405)
[  1  0  0  0  1  0  0  1  2 ] (0.00011956)
[  1  0  0  0  1  0  0  2  0 ] (0.00000554)
[  1  0  0  0  1  0  0  2  1 ] (0.00000053)
[  1  0  0  0  1  0  0  3  0 ] (0.00031295)
[  1  0  0  0  1  0  1  0  0 ] (0.00000637)
[  1  0  0  0  1  0  1  0  1 ] (0.00008444)
[  1  0  0  0  1  0  1  0  2 ] (0.00031582)
[  1  0  0  0  1  0  1  1  0 ] (0.00002213)
[  1  0  0  0  1  0  1  1  1 ] (0.00026655)
[  1  0  0  0  1  0  1  2  0 ] (0.00036838)
[  1  0  0  0  1  0  2  0  0 ] (0.00003425)
[  1  0  0  0  1  0  2  0  1 ] (0.00006871)
[  1  0  0  0  1  0  2  1  0 ] (0.00025802)
[  1  0  0  0  1  0  3  0  0 ] (0.00004111)
[  1  0  0  0  1  1  0  0  0 ] (0.00000036)
[  1  0  0  0  1  1  0  0  1 ] (0.00002494)
[  1  0  0  0  1  1  0  0  2 ] (0.00002154)
[  1  0  0  0  1  1  0  1  0 ] (0.00059197)
[  1  0  0  0  1  1  0  1  1 ] (0.00107334)
[  1  0  0  0  1  1  0  2  0 ] (0.00001792)
[  1  0  0  0  1  1  1  0  0 ] (0.00000052)
[  1  0  0  0  1  1  1  0  1 ] (0.00003311)
[  1  0  0  0  1  1  1  1  0 ] (0.00668611)
[  1  0  0  0  1  1  2  0  0 ] (0.00000152)
[  1  0  0  0  1  2  0  0  0 ] (0.00000082)
[  1  0  0  0  1  2  0  0  1 ] (0.00000025)
[  1  0  0  0  1  2  0  1  0 ] (0.00000814)
[  1  0  0  0  1  2  1  0  0 ] (0.00000692)
[  1  0  0  0  1  3  0  0  0 ] (0.00000011)
[  1  0  0  0  2  0  0  0  0 ] (0.00000190)
[  1  0  0  0  2  0  0  0  1 ] (0.00000021)
[  1  0  0  0  2  0  0  0  2 ] (0.00001322)
[  1  0  0  0  2  0  0  1  0 ] (0.00015333)
[  1  0  0  0  2  0  0  1  1 ] (0.00054962)
[  1  0  0  0  2  0  0  2  0 ] (0.00002056)
[  1  0  0  0  2  0  1  0  0 ] (0.00004626)
[  1  0  0  0  2  0  1  0  1 ] (0.00005810)
[  1  0  0  0  2  0  1  1  0 ] (0.00064946)
[  1  0  0  0  2  0  2  0  0 ] (0.00001332)
[  1  0  0  0  2  1  0  0  0 ] (0.00000037)
[  1  0  0  0  2  1  0  0  1 ] (0.00004797)
[  1  0  0  0  2  1  0  1  0 ] (0.00002370)
[  1  0  0  0  2  1  1  0  0 ] (0.00000469)
[  1  0  0  0  2  2  0  0  0 ] (0.00000000)
[  1  0  0  0  3  0  0  0  0 ] (0.00000679)
[  1  0  0  0  3  0  0  0  1 ] (0.00000195)
[  1  0  0  0  3  0  0  1  0 ] (0.00000093)
[  1  0  0  0  3  0  1  0  0 ] (0.00000189)
[  1  0  0  0  3  1  0  0  0 ] (0.00000803)
[  1  0  0  0  4  0  0  0  0 ] (0.00000007)
[  1  0  0  1  0  0  0  0  0 ] (0.00000472)
[  1  0  0  1  0  0  0  0  1 ] (0.00002057)
[  1  0  0  1  0  0  0  0  2 ] (0.00000000)
[  1  0  0  1  0  0  0  0  3 ] (0.00009104)
[  1  0  0  1  0  0  0  1  0 ] (0.00001048)
[  1  0  0  1  0  0  0  1  1 ] (0.00000034)
[  1  0  0  1  0  0  0  1  2 ] (0.00049618)
[  1  0  0  1  0  0  0  2  0 ] (0.00016086)
[  1  0  0  1  0  0  0  2  1 ] (0.00081363)
[  1  0  0  1  0  0  0  3  0 ] (0.00012397)
[  1  0  0  1  0  0  1  0  0 ] (0.00003872)
[  1  0  0  1  0  0  1  0  1 ] (0.00006881)
[  1  0  0  1  0  0  1  0  2 ] (0.00003618)
[  1  0  0  1  0  0  1  1  0 ] (0.00000555)
[  1  0  0  1  0  0  1  1  1 ] (0.00046182)
[  1  0  0  1  0  0  1  2  0 ] (0.00011124)
[  1  0  0  1  0  0  2  0  0 ] (0.00006353)
[  1  0  0  1  0  0  2  0  1 ] (0.00037249)
[  1  0  0  1  0  0  2  1  0 ] (0.00004004)
[  1  0  0  1  0  0  3  0  0 ] (0.00007468)
[  1  0  0  1  0  1  0  0  0 ] (0.00000046)
[  1  0  0  1  0  1  0  0  1 ] (0.00000116)
[  1  0  0  1  0  1  0  0  2 ] (0.00000286)
[  1  0  0  1  0  1  0  1  0 ] (0.00025624)
[  1  0  0  1  0  1  0  1  1 ] (0.00283785)
[  1  0  0  1  0  1  0  2  0 ] (0.00001752)
[  1  0  0  1  0  1  1  0  0 ] (0.00004972)
[  1  0  0  1  0  1  1  0  1 ] (0.00035899)
[  1  0  0  1  0  1  1  1  0 ] (0.00042555)
[  1  0  0  1  0  1  2  0  0 ] (0.00000525)
[  1  0  0  1  0  2  0  0  0 ] (0.00000023)
[  1  0  0  1  0  2  0  0  1 ] (0.00000018)
[  1  0  0  1  0  2  0  1  0 ] (0.00000792)
[  1  0  0  1  0  2  1  0  0 ] (0.00000558)
[  1  0  0  1  0  3  0  0  0 ] (0.00000010)
[  1  0  0  1  1  0  0  0  0 ] (0.00000024)
[  1  0  0  1  1  0  0  0  1 ] (0.00004601)
[  1  0  0  1  1  0  0  0  2 ] (0.00000678)
[  1  0  0  1  1  0  0  1  0 ] (0.00016514)
[  1  0  0  1  1  0  0  1  1 ] (0.00105957)
[  1  0  0  1  1  0  0  2  0 ] (0.00001040)
[  1  0  0  1  1  0  1  0  0 ] (0.00003115)
[  1  0  0  1  1  0  1  0  1 ] (0.00006291)
[  1  0  0  1  1  0  1  1  0 ] (0.00132921)
[  1  0  0  1  1  0  2  0  0 ] (0.00000655)
[  1  0  0  1  1  1  0  0  0 ] (0.00000031)
[  1  0  0  1  1  1  0  0  1 ] (0.00003973)
[  1  0  0  1  1  1  0  1  0 ] (0.00001586)
[  1  0  0  1  1  1  1  0  0 ] (0.00000429)
[  1  0  0  1  1  2  0  0  0 ] (0.00000041)
[  1  0  0  1  2  0  0  0  0 ] (0.00001034)
[  1  0  0  1  2  0  0  0  1 ] (0.00000823)
[  1  0  0  1  2  0  0  1  0 ] (0.00001091)
[  1  0  0  1  2  0  1  0  0 ] (0.00002597)
[  1  0  0  1  2  1  0  0  0 ] (0.00000126)
[  1  0  0  1  3  0  0  0  0 ] (0.00001309)
[  1  0  0  2  0  0  0  0  0 ] (0.00000054)
[  1  0  0  2  0  0  0  0  1 ] (0.00002449)
[  1  0  0  2  0  0  0  0  2 ] (0.00001088)
[  1  0  0  2  0  0  0  1  0 ] (0.00002183)
[  1  0  0  2  0  0  0  1  1 ] (0.00006786)
[  1  0  0  2  0  0  0  2  0 ] (0.00000234)
[  1  0  0  2  0  0  1  0  0 ] (0.00000178)
[  1  0  0  2  0  0  1  0  1 ] (0.00000613)
[  1  0  0  2  0  0  1  1  0 ] (0.00001637)
[  1  0  0  2  0  0  2  0  0 ] (0.00000182)
[  1  0  0  2  0  1  0  0  0 ] (0.00000153)
[  1  0  0  2  0  1  0  0  1 ] (0.00000796)
[  1  0  0  2  0  1  0  1  0 ] (0.00000301)
[  1  0  0  2  0  1  1  0  0 ] (0.00000062)
[  1  0  0  2  0  2  0  0  0 ] (0.00000004)
[  1  0  0  2  1  0  0  0  0 ] (0.00000059)
[  1  0  0  2  1  0  0  0  1 ] (0.00000563)
[  1  0  0  2  1  0  0  1  0 ] (0.00000020)
[  1  0  0  2  1  0  1  0  0 ] (0.00000058)
[  1  0  0  2  1  1  0  0  0 ] (0.00000076)
[  1  0  0  2  2  0  0  0  0 ] (0.00000000)
[  1  0  0  3  0  0  0  0  0 ] (0.00000000)
[  1  0  0  3  0  0  0  0  1 ] (0.00000103)
[  1  0  0  3  0  0  0  1  0 ] (0.00000026)
[  1  0  0  3  0  0  1  0  0 ] (0.00000049)
[  1  0  0  3  0  1  0  0  0 ] (0.00000339)
[  1  0  0  3  1  0  0  0  0 ] (0.00000054)
[  1  0  0  4  0  0  0  0  0 ] (0.00000213)
[  1  0  1  0  0  0  0  0  0 ] (0.00000021)
[  1  0  1  0  0  0  0  0  1 ] (0.00000175)
[  1  0  1  0  0  0  0  0  2 ] (0.00000013)
[  1  0  1  0  0  0  0  0  3 ] (0.00016295)
[  1  0  1  0  0  0  0  1  0 ] (0.00000930)
[  1  0  1  0  0  0  0  1  1 ] (0.00017104)
[  1  0  1  0  0  0  0  1  2 ] (0.00373414)
[  1  0  1  0  0  0  0  2  0 ] (0.00000141)
[  1  0  1  0  0  0  0  2  1 ] (0.00000019)
[  1  0  1  0  0  0  0  3  0 ] (0.00000739)
[  1  0  1  0  0  0  1  0  0 ] (0.00000667)
[  1  0  1  0  0  0  1  0  1 ] (0.00001561)
[  1  0  1  0  0  0  1  0  2 ] (0.00019354)
[  1  0  1  0  0  0  1  1  0 ] (0.00001580)
[  1  0  1  0  0  0  1  1  1 ] (0.00006333)
[  1  0  1  0  0  0  1  2  0 ] (0.00004615)
[  1  0  1  0  0  0  2  0  0 ] (0.00004841)
[  1  0  1  0  0  0  2  0  1 ] (0.00025273)
[  1  0  1  0  0  0  2  1  0 ] (0.00002583)
[  1  0  1  0  0  0  3  0  0 ] (0.00000001)
[  1  0  1  0  0  1  0  0  0 ] (0.00000522)
[  1  0  1  0  0  1  0  0  1 ] (0.00006979)
[  1  0  1  0  0  1  0  0  2 ] (0.00006572)
[  1  0  1  0  0  1  0  1  0 ] (0.00003645)
[  1  0  1  0  0  1  0  1  1 ] (0.00003437)
[  1  0  1  0  0  1  0  2  0 ] (0.00006857)
[  1  0  1  0  0  1  1  0  0 ] (0.00016597)
[  1  0  1  0  0  1  1  0  1 ] (0.00086520)
[  1  0  1  0  0  1  1  1  0 ] (0.00000015)
[  1  0  1  0  0  1  2  0  0 ] (0.00000284)
[  1  0  1  0  0  2  0  0  0 ] (0.00000290)
[  1  0  1  0  0  2  0  0  1 ] (0.00000027)
[  1  0  1  0  0  2  0  1  0 ] (0.00000060)
[  1  0  1  0  0  2  1  0  0 ] (0.00000809)
[  1  0  1  0  0  3  0  0  0 ] (0.00000014)
[  1  0  1  0  1  0  0  0  0 ] (0.00000102)
[  1  0  1  0  1  0  0  0  1 ] (0.00000109)
[  1  0  1  0  1  0  0  0  2 ] (0.00000004)
[  1  0  1  0  1  0  0  1  0 ] (0.00001548)
[  1  0  1  0  1  0  0  1  1 ] (0.00001084)
[  1  0  1  0  1  0  0  2  0 ] (0.00000460)
[  1  0  1  0  1  0  1  0  0 ] (0.00005365)
[  1  0  1  0  1  0  1  0  1 ] (0.00021849)
[  1  0  1  0  1  0  1  1  0 ] (0.00001040)
[  1  0  1  0  1  0  2  0  0 ] (0.00000884)
[  1  0  1  0  1  1  0  0  0 ] (0.00000010)
[  1  0  1  0  1  1  0  0  1 ] (0.00000041)
[  1  0  1  0  1  1  0  1  0 ] (0.00000044)
[  1  0  1  0  1  1  1  0  0 ] (0.00002474)
[  1  0  1  0  1  2  0  0  0 ] (0.00000002)
[  1  0  1  0  2  0  0  0  0 ] (0.00000000)
[  1  0  1  0  2  0  0  0  1 ] (0.00000000)
[  1  0  1  0  2  0  0  1  0 ] (0.00000659)
[  1  0  1  0  2  0  1  0  0 ] (0.00000000)
[  1  0  1  0  2  1  0  0  0 ] (0.00000070)
[  1  0  1  0  3  0  0  0  0 ] (0.00000074)
[  1  0  1  1  0  0  0  0  0 ] (0.00000007)
[  1  0  1  1  0  0  0  0  1 ] (0.00000291)
[  1  0  1  1  0  0  0  0  2 ] (0.00000254)
[  1  0  1  1  0  0  0  1  0 ] (0.00006215)
[  1  0  1  1  0  0  0  1  1 ] (0.00014796)
[  1  0  1  1  0  0  0  2  0 ] (0.00000278)
[  1  0  1  1  0  0  1  0  0 ] (0.00001040)
[  1  0  1  1  0  0  1  0  1 ] (0.00000472)
[  1  0  1  1  0  0  1  1  0 ] (0.00007724)
[  1  0  1  1  0  0  2  0  0 ] (0.00000028)
[  1  0  1  1  0  1  0  0  0 ] (0.00000247)
[  1  0  1  1  0  1  0  0  1 ] (0.00000303)
[  1  0  1  1  0  1  0  1  0 ] (0.00000740)
[  1  0  1  1  0  1  1  0  0 ] (0.00000236)
[  1  0  1  1  0  2  0  0  0 ] (0.00000000)
[  1  0  1  1  1  0  0  0  0 ] (0.00000471)
[  1  0  1  1  1  0  0  0  1 ] (0.00001261)
[  1  0  1  1  1  0  0  1  0 ] (0.00000877)
[  1  0  1  1  1  0  1  0  0 ] (0.00000001)
[  1  0  1  1  1  1  0  0  0 ] (0.00000001)
[  1  0  1  1  2  0  0  0  0 ] (0.00000019)
[  1  0  1  2  0  0  0  0  0 ] (0.00000211)
[  1  0  1  2  0  0  0  0  1 ] (0.00000057)
[  1  0  1  2  0  0  0  1  0 ] (0.00000238)
[  1  0  1  2  0  0  1  0  0 ] (0.00000018)
[  1  0  1  2  0  1  0  0  0 ] (0.00000058)
[  1  0  1  2  1  0  0  0  0 ] (0.00000000)
[  1  0  1  3  0  0  0  0  0 ] (0.00000001)
[  1  0  2  0  0  0  0  0  0 ] (0.00000009)
[  1  0  2  0  0  0  0  0  1 ] (0.00000453)
[  1  0  2  0  0  0  0  0  2 ] (0.00000266)
[  1  0  2  0  0  0  0  1  0 ] (0.00000029)
[  1  0  2  0  0  0  0  1  1 ] (0.00000195)
[  1  0  2  0  0  0  0  2  0 ] (0.00000147)
[  1  0  2  0  0  0  1  0  0 ] (0.00000044)
[  1  0  2  0  0  0  1  0  1 ] (0.00000154)
[  1  0  2  0  0  0  1  1  0 ] (0.00000232)
[  1  0  2  0  0  0  2  0  0 ] (0.00000753)
[  1  0  2  0  0  1  0  0  0 ] (0.00000272)
[  1  0  2  0  0  1  0  0  1 ] (0.00001990)
[  1  0  2  0  0  1  0  1  0 ] (0.00000009)
[  1  0  2  0  0  1  1  0  0 ] (0.00000012)
[  1  0  2  0  0  2  0  0  0 ] (0.00000029)
[  1  0  2  0  1  0  0  0  0 ] (0.00000004)
[  1  0  2  0  1  0  0  0  1 ] (0.00000054)
[  1  0  2  0  1  0  0  1  0 ] (0.00000011)
[  1  0  2  0  1  0  1  0  0 ] (0.00000062)
[  1  0  2  0  1  1  0  0  0 ] (0.00000005)
[  1  0  2  0  2  0  0  0  0 ] (0.00000000)
[  1  0  2  1  0  0  0  0  0 ] (0.00000009)
[  1  0  2  1  0  0  0  0  1 ] (0.00000001)
[  1  0  2  1  0  0  0  1  0 ] (0.00000049)
[  1  0  2  1  0  0  1  0  0 ] (0.00000039)
[  1  0  2  1  0  1  0  0  0 ] (0.00000007)
[  1  0  2  1  1  0  0  0  0 ] (0.00000000)
[  1  0  2  2  0  0  0  0  0 ] (0.00000017)
[  1  0  3  0  0  0  0  0  0 ] (0.00000004)
[  1  0  3  0  0  0  0  0  1 ] (0.00000068)
[  1  0  3  0  0  0  0  1  0 ] (0.00000216)
[  1  0  3  0  0  0  1  0  0 ] (0.00000160)
[  1  0  3  0  0  1  0  0  0 ] (0.00000199)
[  1  0  3  0  1  0  0  0  0 ] (0.00000062)
[  1  0  3  1  0  0  0  0  0 ] (0.00000006)
[  1  0  4  0  0  0  0  0  0 ] (0.00000006)
[  1  1  0  0  0  0  0  0  0 ] (0.00000244)
[  1  1  0  0  0  0  0  0  1 ] (0.00005221)
[  1  1  0  0  0  0  0  0  2 ] (0.00001453)
[  1  1  0  0  0  0  0  0  3 ] (0.00337713)
[  1  1  0  0  0  0  0  1  0 ] (0.00000412)
[  1  1  0  0  0  0  0  1  1 ] (0.00014733)
[  1  1  0  0  0  0  0  1  2 ] (0.00361081)
[  1  1  0  0  0  0  0  2  0 ] (0.00022054)
[  1  1  0  0  0  0  0  2  1 ] (0.00296945)
[  1  1  0  0  0  0  0  3  0 ] (0.00007339)
[  1  1  0  0  0  0  1  0  0 ] (0.00001747)
[  1  1  0  0  0  0  1  0  1 ] (0.00001715)
[  1  1  0  0  0  0  1  0  2 ] (0.00012001)
[  1  1  0  0  0  0  1  1  0 ] (0.00007981)
[  1  1  0  0  0  0  1  1  1 ] (0.00074260)
[  1  1  0  0  0  0  1  2  0 ] (0.00001958)
[  1  1  0  0  0  0  2  0  0 ] (0.00003622)
[  1  1  0  0  0  0  2  0  1 ] (0.00017427)
[  1  1  0  0  0  0  2  1  0 ] (0.00001196)
[  1  1  0  0  0  0  3  0  0 ] (0.00000167)
[  1  1  0  0  0  1  0  0  0 ] (0.00002199)
[  1  1  0  0  0  1  0  0  1 ] (0.00014549)
[  1  1  0  0  0  1  0  0  2 ] (0.00021582)
[  1  1  0  0  0  1  0  1  0 ] (0.00015344)
[  1  1  0  0  0  1  0  1  1 ] (0.00069963)
[  1  1  0  0  0  1  0  2  0 ] (0.00002526)
[  1  1  0  0  0  1  1  0  0 ] (0.00005248)
[  1  1  0  0  0  1  1  0  1 ] (0.00103872)
[  1  1  0  0  0  1  1  1  0 ] (0.00028764)
[  1  1  0  0  0  1  2  0  0 ] (0.00000399)
[  1  1  0  0  0  2  0  0  0 ] (0.00000063)
[  1  1  0  0  0  2  0  0  1 ] (0.00001879)
[  1  1  0  0  0  2  0  1  0 ] (0.00000064)
[  1  1  0  0  0  2  1  0  0 ] (0.00000559)
[  1  1  0  0  0  3  0  0  0 ] (0.00000500)
[  1  1  0  0  1  0  0  0  0 ] (0.00000106)
[  1  1  0  0  1  0  0  0  1 ] (0.00000011)
[  1  1  0  0  1  0  0  0  2 ] (0.00010450)
[  1  1  0  0  1  0  0  1  0 ] (0.00039905)
[  1  1  0  0  1  0  0  1  1 ] (0.00115909)
[  1  1  0  0  1  0  0  2  0 ] (0.00000240)
[  1  1  0  0  1  0  1  0  0 ] (0.00000177)
[  1  1  0  0  1  0  1  0  1 ] (0.00007352)
[  1  1  0  0  1  0  1  1  0 ] (0.00172299)
[  1  1  0  0  1  0  2  0  0 ] (0.00000677)
[  1  1  0  0  1  1  0  0  0 ] (0.00000424)
[  1  1  0  0  1  1  0  0  1 ] (0.00003480)
[  1  1  0  0  1  1  0  1  0 ] (0.00003101)
[  1  1  0  0  1  1  1  0  0 ] (0.00002643)
[  1  1  0  0  1  2  0  0  0 ] (0.00000047)
[  1  1  0  0  2  0  0  0  0 ] (0.00000028)
[  1  1  0  0  2  0  0  0  1 ] (0.00000917)
[  1  1  0  0  2  0  0  1  0 ] (0.00001260)
[  1  1  0  0  2  0  1  0  0 ] (0.00000205)
[  1  1  0  0  2  1  0  0  0 ] (0.00000127)
[  1  1  0  0  3  0  0  0  0 ] (0.00001336)
[  1  1  0  1  0  0  0  0  0 ] (0.00000662)
[  1  1  0  1  0  0  0  0  1 ] (0.00006598)
[  1  1  0  1  0  0  0  0  2 ] (0.00000557)
[  1  1  0  1  0  0  0  1  0 ] (0.00000012)
[  1  1  0  1  0  0  0  1  1 ] (0.00000240)
[  1  1  0  1  0  0  0  2  0 ] (0.00000301)
[  1  1  0  1  0  0  1  0  0 ] (0.00000749)
[  1  1  0  1  0  0  1  0  1 ] (0.00004736)
[  1  1  0  1  0  0  1  1  0 ] (0.00004434)
[  1  1  0  1  0  0  2  0  0 ] (0.00000002)
[  1  1  0  1  0  1  0  0  0 ] (0.00000158)
[  1  1  0  1  0  1  0  0  1 ] (0.00002336)
[  1  1  0  1  0  1  0  1  0 ] (0.00001005)
[  1  1  0  1  0  1  1  0  0 ] (0.00000006)
[  1  1  0  1  0  2  0  0  0 ] (0.00000001)
[  1  1  0  1  1  0  0  0  0 ] (0.00000146)
[  1  1  0  1  1  0  0  0  1 ] (0.00000198)
[  1  1  0  1  1  0  0  1  0 ] (0.00000131)
[  1  1  0  1  1  0  1  0  0 ] (0.00000191)
[  1  1  0  1  1  1  0  0  0 ] (0.00000004)
[  1  1  0  1  2  0  0  0  0 ] (0.00000161)
[  1  1  0  2  0  0  0  0  0 ] (0.00000016)
[  1  1  0  2  0  0  0  0  1 ] (0.00000003)
[  1  1  0  2  0  0  0  1  0 ] (0.00000037)
[  1  1  0  2  0  0  1  0  0 ] (0.00000433)
[  1  1  0  2  0  1  0  0  0 ] (0.00000241)
[  1  1  0  2  1  0  0  0  0 ] (0.00000001)
[  1  1  0  3  0  0  0  0  0 ] (0.00000027)
[  1  1  1  0  0  0  0  0  0 ] (0.00000036)
[  1  1  1  0  0  0  0  0  1 ] (0.00001546)
[  1  1  1  0  0  0  0  0  2 ] (0.00001267)
[  1  1  1  0  0  0  0  1  0 ] (0.00009915)
[  1  1  1  0  0  0  0  1  1 ] (0.00057523)
[  1  1  1  0  0  0  0  2  0 ] (0.00002347)
[  1  1  1  0  0  0  1  0  0 ] (0.00001864)
[  1  1  1  0  0  0  1  0  1 ] (0.00000882)
[  1  1  1  0  0  0  1  1  0 ] (0.00016495)
[  1  1  1  0  0  0  2  0  0 ] (0.00000224)
[  1  1  1  0  0  1  0  0  0 ] (0.00000234)
[  1  1  1  0  0  1  0  0  1 ] (0.00001958)
[  1  1  1  0  0  1  0  1  0 ] (0.00000941)
[  1  1  1  0  0  1  1  0  0 ] (0.00000221)
[  1  1  1  0  0  2  0  0  0 ] (0.00000249)
[  1  1  1  0  1  0  0  0  0 ] (0.00000010)
[  1  1  1  0  1  0  0  0  1 ] (0.00000153)
[  1  1  1  0  1  0  0  1  0 ] (0.00004119)
[  1  1  1  0  1  0  1  0  0 ] (0.00000365)
[  1  1  1  0  1  1  0  0  0 ] (0.00000677)
[  1  1  1  0  2  0  0  0  0 ] (0.00000071)
[  1  1  1  1  0  0  0  0  0 ] (0.00000154)
[  1  1  1  1  0  0  0  0  1 ] (0.00001090)
[  1  1  1  1  0  0  0  1  0 ] (0.00002589)
[  1  1  1  1  0  0  1  0  0 ] (0.00000008)
[  1  1  1  1  0  1  0  0  0 ] (0.00000079)
[  1  1  1  1  1  0  0  0  0 ] (0.00000021)
[  1  1  1  2  0  0  0  0  0 ] (0.00000174)
[  1  1  2  0  0  0  0  0  0 ] (0.00000031)
[  1  1  2  0  0  0  0  0  1 ] (0.00000005)
[  1  1  2  0  0  0  0  1  0 ] (0.00000002)
[  1  1  2  0  0  0  1  0  0 ] (0.00000020)
[  1  1  2  0  0  1  0  0  0 ] (0.00000105)
[  1  1  2  0  1  0  0  0  0 ] (0.00000211)
[  1  1  2  1  0  0  0  0  0 ] (0.00000017)
[  1  1  3  0  0  0  0  0  0 ] (0.00000002)
[  1  2  0  0  0  0  0  0  0 ] (0.00000003)
[  1  2  0  0  0  0  0  0  1 ] (0.00000093)
[  1  2  0  0  0  0  0  0  2 ] (0.00000060)
[  1  2  0  0  0  0  0  1  0 ] (0.00000367)
[  1  2  0  0  0  0  0  1  1 ] (0.00000003)
[  1  2  0  0  0  0  0  2  0 ] (0.00000242)
[  1  2  0  0  0  0  1  0  0 ] (0.00000245)
[  1  2  0  0  0  0  1  0  1 ] (0.00003261)
[  1  2  0  0  0  0  1  1  0 ] (0.00000012)
[  1  2  0  0  0  0  2  0  0 ] (0.00000446)
[  1  2  0  0  0  1  0  0  0 ] (0.00000328)
[  1  2  0  0  0  1  0  0  1 ] (0.00000985)
[  1  2  0  0  0  1  0  1  0 ] (0.00001410)
[  1  2  0  0  0  1  1  0  0 ] (0.00000823)
[  1  2  0  0  0  2  0  0  0 ] (0.00000000)
[  1  2  0  0  1  0  0  0  0 ] (0.00000102)
[  1  2  0  0  1  0  0  0  1 ] (0.00000063)
[  1  2  0  0  1  0  0  1  0 ] (0.00000402)
[  1  2  0  0  1  0  1  0  0 ] (0.00000005)
[  1  2  0  0  1  1  0  0  0 ] (0.00000073)
[  1  2  0  0  2  0  0  0  0 ] (0.00000013)
[  1  2  0  1  0  0  0  0  0 ] (0.00000002)
[  1  2  0  1  0  0  0  0  1 ] (0.00000027)
[  1  2  0  1  0  0  0  1  0 ] (0.00000079)
[  1  2  0  1  0  0  1  0  0 ] (0.00000142)
[  1  2  0  1  0  1  0  0  0 ] (0.00000006)
[  1  2  0  1  1  0  0  0  0 ] (0.00000000)
[  1  2  0  2  0  0  0  0  0 ] (0.00000006)
[  1  2  1  0  0  0  0  0  0 ] (0.00000003)
[  1  2  1  0  0  0  0  0  1 ] (0.00000217)
[  1  2  1  0  0  0  0  1  0 ] (0.00000833)
[  1  2  1  0  0  0  1  0  0 ] (0.00000200)
[  1  2  1  0  0  1  0  0  0 ] (0.00000260)
[  1  2  1  0  1  0  0  0  0 ] (0.00000012)
[  1  2  1  1  0  0  0  0  0 ] (0.00000024)
[  1  2  2  0  0  0  0  0  0 ] (0.00000001)
[  1  3  0  0  0  0  0  0  0 ] (0.00000026)
[  1  3  0  0  0  0  0  0  1 ] (0.00000002)
[  1  3  0  0  0  0  0  1  0 ] (0.00000538)
[  1  3  0  0  0  0  1  0  0 ] (0.00000014)
[  1  3  0  0  0  1  0  0  0 ] (0.00000416)
[  1  3  0  0  1  0  0  0  0 ] (0.00000044)
[  1  3  0  1  0  0  0  0  0 ] (0.00000010)
[  1  3  1  0  0  0  0  0  0 ] (0.00000005)
[  1  4  0  0  0  0  0  0  0 ] (0.00000041)
[  2  0  0  0  0  0  0  0  0 ] (0.00000139)
[  2  0  0  0  0  0  0  0  1 ] (0.00002077)
[  2  0  0  0  0  0  0  0  2 ] (0.00003524)
[  2  0  0  0  0  0  0  0  3 ] (0.00027260)
[  2  0  0  0  0  0  0  1  0 ] (0.00000033)
[  2  0  0  0  0  0  0  1  1 ] (0.00008893)
[  2  0  0  0  0  0  0  1  2 ] (0.00019264)
[  2  0  0  0  0  0  0  2  0 ] (0.00031697)
[  2  0  0  0  0  0  0  2  1 ] (0.00090240)
[  2  0  0  0  0  0  0  3  0 ] (0.00000274)
[  2  0  0  0  0  0  1  0  0 ] (0.00000218)
[  2  0  0  0  0  0  1  0  1 ] (0.00000713)
[  2  0  0  0  0  0  1  0  2 ] (0.00004943)
[  2  0  0  0  0  0  1  1  0 ] (0.00001139)
[  2  0  0  0  0  0  1  1  1 ] (0.00009635)
[  2  0  0  0  0  0  1  2  0 ] (0.00089895)
[  2  0  0  0  0  0  2  0  0 ] (0.00001291)
[  2  0  0  0  0  0  2  0  1 ] (0.00000500)
[  2  0  0  0  0  0  2  1  0 ] (0.00001115)
[  2  0  0  0  0  0  3  0  0 ] (0.00000171)
[  2  0  0  0  0  1  0  0  0 ] (0.00000178)
[  2  0  0  0  0  1  0  0  1 ] (0.00000022)
[  2  0  0  0  0  1  0  0  2 ] (0.00000339)
[  2  0  0  0  0  1  0  1  0 ] (0.00017355)
[  2  0  0  0  0  1  0  1  1 ] (0.00132490)
[  2  0  0  0  0  1  0  2  0 ] (0.00001303)
[  2  0  0  0  0  1  1  0  0 ] (0.00002484)
[  2  0  0  0  0  1  1  0  1 ] (0.00000991)
[  2  0  0  0  0  1  1  1  0 ] (0.00000706)
[  2  0  0  0  0  1  2  0  0 ] (0.00000228)
[  2  0  0  0  0  2  0  0  0 ] (0.00000034)
[  2  0  0  0  0  2  0  0  1 ] (0.00000009)
[  2  0  0  0  0  2  0  1  0 ] (0.00000342)
[  2  0  0  0  0  2  1  0  0 ] (0.00000045)
[  2  0  0  0  0  3  0  0  0 ] (0.00000002)
[  2  0  0  0  1  0  0  0  0 ] (0.00000073)
[  2  0  0  0  1  0  0  0  1 ] (0.00001359)
[  2  0  0  0  1  0  0  0  2 ] (0.00000001)
[  2  0  0  0  1  0  0  1  0 ] (0.00000856)
[  2  0  0  0  1  0  0  1  1 ] (0.00001882)
[  2  0  0  0  1  0  0  2  0 ] (0.00000664)
[  2  0  0  0  1  0  1  0  0 ] (0.00001220)
[  2  0  0  0  1  0  1  0  1 ] (0.00014090)
[  2  0  0  0  1  0  1  1  0 ] (0.00015816)
[  2  0  0  0  1  0  2  0  0 ] (0.00000599)
[  2  0  0  0  1  1  0  0  0 ] (0.00002261)
[  2  0  0  0  1  1  0  0  1 ] (0.00004632)
[  2  0  0  0  1  1  0  1  0 ] (0.00000684)
[  2  0  0  0  1  1  1  0  0 ] (0.00000091)
[  2  0  0  0  1  2  0  0  0 ] (0.00000029)
[  2  0  0  0  2  0  0  0  0 ] (0.00000004)
[  2  0  0  0  2  0  0  0  1 ] (0.00000013)
[  2  0  0  0  2  0  0  1  0 ] (0.00000221)
[  2  0  0  0  2  0  1  0  0 ] (0.00000674)
[  2  0  0  0  2  1  0  0  0 ] (0.00000018)
[  2  0  0  0  3  0  0  0  0 ] (0.00000071)
[  2  0  0  1  0  0  0  0  0 ] (0.00000084)
[  2  0  0  1  0  0  0  0  1 ] (0.00000848)
[  2  0  0  1  0  0  0  0  2 ] (0.00000513)
[  2  0  0  1  0  0  0  1  0 ] (0.00000490)
[  2  0  0  1  0  0  0  1  1 ] (0.00000539)
[  2  0  0  1  0  0  0  2  0 ] (0.00000126)
[  2  0  0  1  0  0  1  0  0 ] (0.00000013)
[  2  0  0  1  0  0  1  0  1 ] (0.00000876)
[  2  0  0  1  0  0  1  1  0 ] (0.00000268)
[  2  0  0  1  0  0  2  0  0 ] (0.00000440)
[  2  0  0  1  0  1  0  0  0 ] (0.00000000)
[  2  0  0  1  0  1  0  0  1 ] (0.00000094)
[  2  0  0  1  0  1  0  1  0 ] (0.00000093)
[  2  0  0  1  0  1  1  0  0 ] (0.00000007)
[  2  0  0  1  0  2  0  0  0 ] (0.00000051)
[  2  0  0  1  1  0  0  0  0 ] (0.00000283)
[  2  0  0  1  1  0  0  0  1 ] (0.00000265)
[  2  0  0  1  1  0  0  1  0 ] (0.00000002)
[  2  0  0  1  1  0  1  0  0 ] (0.00000283)
[  2  0  0  1  1  1  0  0  0 ] (0.00000153)
[  2  0  0  1  2  0  0  0  0 ] (0.00000007)
[  2  0  0  2  0  0  0  0  0 ] (0.00000002)
[  2  0  0  2  0  0  0  0  1 ] (0.00000600)
[  2  0  0  2  0  0  0  1  0 ] (0.00000548)
[  2  0  0  2  0  0  1  0  0 ] (0.00000002)
[  2  0  0  2  0  1  0  0  0 ] (0.00000042)
[  2  0  0  2  1  0  0  0  0 ] (0.00000019)
[  2  0  0  3  0  0  0  0  0 ] (0.00000002)
[  2  0  1  0  0  0  0  0  0 ] (0.00000014)
[  2  0  1  0  0  0  0  0  1 ] (0.00000070)
[  2  0  1  0  0  0  0  0  2 ] (0.00000000)
[  2  0  1  0  0  0  0  1  0 ] (0.00001209)
[  2  0  1  0  0  0  0  1  1 ] (0.00019401)
[  2  0  1  0  0  0  0  2  0 ] (0.00000000)
[  2  0  1  0  0  0  1  0  0 ] (0.00000098)
[  2  0  1  0  0  0  1  0  1 ] (0.00000238)
[  2  0  1  0  0  0  1  1  0 ] (0.00004076)
[  2  0  1  0  0  0  2  0  0 ] (0.00000132)
[  2  0  1  0  0  1  0  0  0 ] (0.00000060)
[  2  0  1  0  0  1  0  0  1 ] (0.00000047)
[  2  0  1  0  0  1  0  1  0 ] (0.00001455)
[  2  0  1  0  0  1  1  0  0 ] (0.00000101)
[  2  0  1  0  0  2  0  0  0 ] (0.00000005)
[  2  0  1  0  1  0  0  0  0 ] (0.00000042)
[  2  0  1  0  1  0  0  0  1 ] (0.00000197)
[  2  0  1  0  1  0  0  1  0 ] (0.00000544)
[  2  0  1  0  1  0  1  0  0 ] (0.00000019)
[  2  0  1  0  1  1  0  0  0 ] (0.00000199)
[  2  0  1  0  2  0  0  0  0 ] (0.00000003)
[  2  0  1  1  0  0  0  0  0 ] (0.00000010)
[  2  0  1  1  0  0  0  0  1 ] (0.00000398)
[  2  0  1  1  0  0  0  1  0 ] (0.00000165)
[  2  0  1  1  0  0  1  0  0 ] (0.00000000)
[  2  0  1  1  0  1  0  0  0 ] (0.00000007)
[  2  0  1  1  1  0  0  0  0 ] (0.00000003)
[  2  0  1  2  0  0  0  0  0 ] (0.00000051)
[  2  0  2  0  0  0  0  0  0 ] (0.00000000)
[  2  0  2  0  0  0  0  0  1 ] (0.00000164)
[  2  0  2  0  0  0  0  1  0 ] (0.00000279)
[  2  0  2  0  0  0  1  0  0 ] (0.00000106)
[  2  0  2  0  0  1  0  0  0 ] (0.00000000)
[  2  0  2  0  1  0  0  0  0 ] (0.00000028)
[  2  0  2  1  0  0  0  0  0 ] (0.00000001)
[  2  0  3  0  0  0  0  0  0 ] (0.00000000)
[  2  1  0  0  0  0  0  0  0 ] (0.00000006)
[  2  1  0  0  0  0  0  0  1 ] (0.00000078)
[  2  1  0  0  0  0  0  0  2 ] (0.00000096)
[  2  1  0  0  0  0  0  1  0 ] (0.00007104)
[  2  1  0  0  0  0  0  1  1 ] (0.00068508)
[  2  1  0  0  0  0  0  2  0 ] (0.00000018)
[  2  1  0  0  0  0  1  0  0 ] (0.00000087)
[  2  1  0  0  0  0  1  0  1 ] (0.00000187)
[  2  1  0  0  0  0  1  1  0 ] (0.00004235)
[  2  1  0  0  0  0  2  0  0 ] (0.00000000)
[  2  1  0  0  0  1  0  0  0 ] (0.00000000)
[  2  1  0  0  0  1  0  0  1 ] (0.00000953)
[  2  1  0  0  0  1  0  1  0 ] (0.00006758)
[  2  1  0  0  0  1  1  0  0 ] (0.00001288)
[  2  1  0  0  0  2  0  0  0 ] (0.00000082)
[  2  1  0  0  1  0  0  0  0 ] (0.00000538)
[  2  1  0  0  1  0  0  0  1 ] (0.00000905)
[  2  1  0  0  1  0  0  1  0 ] (0.00000504)
[  2  1  0  0  1  0  1  0  0 ] (0.00001192)
[  2  1  0  0  1  1  0  0  0 ] (0.00000383)
[  2  1  0  0  2  0  0  0  0 ] (0.00000041)
[  2  1  0  1  0  0  0  0  0 ] (0.00000000)
[  2  1  0  1  0  0  0  0  1 ] (0.00000009)
[  2  1  0  1  0  0  0  1  0 ] (0.00000365)
[  2  1  0  1  0  0  1  0  0 ] (0.00000383)
[  2  1  0  1  0  1  0  0  0 ] (0.00000005)
[  2  1  0  1  1  0  0  0  0 ] (0.00000185)
[  2  1  0  2  0  0  0  0  0 ] (0.00000000)
[  2  1  1  0  0  0  0  0  0 ] (0.00000000)
[  2  1  1  0  0  0  0  0  1 ] (0.00006188)
[  2  1  1  0  0  0  0  1  0 ] (0.00002431)
[  2  1  1  0  0  0  1  0  0 ] (0.00000261)
[  2  1  1  0  0  1  0  0  0 ] (0.00000557)
[  2  1  1  0  1  0  0  0  0 ] (0.00000153)
[  2  1  1  1  0  0  0  0  0 ] (0.00000000)
[  2  1  2  0  0  0  0  0  0 ] (0.00000000)
[  2  2  0  0  0  0  0  0  0 ] (0.00000000)
[  2  2  0  0  0  0  0  0  1 ] (0.00000066)
[  2  2  0  0  0  0  0  1  0 ] (0.00000079)
[  2  2  0  0  0  0  1  0  0 ] (0.00000002)
[  2  2  0  0  0  1  0  0  0 ] (0.00000022)
[  2  2  0  0  1  0  0  0  0 ] (0.00000075)
[  2  2  0  1  0  0  0  0  0 ] (0.00000000)
[  2  2  1  0  0  0  0  0  0 ] (0.00000011)
[  2  3  0  0  0  0  0  0  0 ] (0.00000003)
[  3  0  0  0  0  0  0  0  0 ] (0.00000000)
[  3  0  0  0  0  0  0  0  1 ] (0.00000182)
[  3  0  0  0  0  0  0  0  2 ] (0.00000645)
[  3  0  0  0  0  0  0  1  0 ] (0.00001404)
[  3  0  0  0  0  0  0  1  1 ] (0.00006784)
[  3  0  0  0  0  0  0  2  0 ] (0.00000403)
[  3  0  0  0  0  0  1  0  0 ] (0.00000682)
[  3  0  0  0  0  0  1  0  1 ] (0.00000960)
[  3  0  0  0  0  0  1  1  0 ] (0.00000323)
[  3  0  0  0  0  0  2  0  0 ] (0.00000033)
[  3  0  0  0  0  1  0  0  0 ] (0.00000001)
[  3  0  0  0  0  1  0  0  1 ] (0.00000254)
[  3  0  0  0  0  1  0  1  0 ] (0.00000065)
[  3  0  0  0  0  1  1  0  0 ] (0.00000077)
[  3  0  0  0  0  2  0  0  0 ] (0.00000002)
[  3  0  0  0  1  0  0  0  0 ] (0.00000008)
[  3  0  0  0  1  0  0  0  1 ] (0.00000001)
[  3  0  0  0  1  0  0  1  0 ] (0.00000186)
[  3  0  0  0  1  0  1  0  0 ] (0.00000002)
[  3  0  0  0  1  1  0  0  0 ] (0.00000131)
[  3  0  0  0  2  0  0  0  0 ] (0.00000003)
[  3  0  0  1  0  0  0  0  0 ] (0.00000002)
[  3  0  0  1  0  0  0  0  1 ] (0.00000068)
[  3  0  0  1  0  0  0  1  0 ] (0.00000108)
[  3  0  0  1  0  0  1  0  0 ] (0.00000030)
[  3  0  0  1  0  1  0  0  0 ] (0.00000016)
[  3  0  0  1  1  0  0  0  0 ] (0.00000026)
[  3  0  0  2  0  0  0  0  0 ] (0.00000001)
[  3  0  1  0  0  0  0  0  0 ] (0.00000005)
[  3  0  1  0  0  0  0  0  1 ] (0.00000000)
[  3  0  1  0  0  0  0  1  0 ] (0.00000059)
[  3  0  1  0  0  0  1  0  0 ] (0.00000071)
[  3  0  1  0  0  1  0  0  0 ] (0.00000000)
[  3  0  1  0  1  0  0  0  0 ] (0.00000004)
[  3  0  1  1  0  0  0  0  0 ] (0.00000002)
[  3  0  2  0  0  0  0  0  0 ] (0.00000001)
[  3  1  0  0  0  0  0  0  0 ] (0.00000021)
[  3  1  0  0  0  0  0  0  1 ] (0.00000051)
[  3  1  0  0  0  0  0  1  0 ] (0.00000103)
[  3  1  0  0  0  0  1  0  0 ] (0.00000037)
[  3  1  0  0  0  1  0  0  0 ] (0.00000008)
[  3  1  0  0  1  0  0  0  0 ] (0.00000000)
[  3  1  0  1  0  0  0  0  0 ] (0.00000002)
[  3  1  1  0  0  0  0  0  0 ] (0.00000000)
[  3  2  0  0  0  0  0  0  0 ] (0.00000000)
[  4  0  0  0  0  0  0  0  0 ] (0.00000003)
[  4  0  0  0  0  0  0  0  1 ] (0.00000644)
[  4  0  0  0  0  0  0  1  0 ] (0.00000084)
[  4  0  0  0  0  0  1  0  0 ] (0.00000515)
[  4  0  0  0  0  1  0  0  0 ] (0.00000027)
[  4  0  0  0  1  0  0  0  0 ] (0.00000012)
[  4  0  0  1  0  0  0  0  0 ] (0.00000016)
[  4  0  1  0  0  0  0  0  0 ] (0.00000008)
[  4  1  0  0  0  0  0  0  0 ] (0.00000132)
[  5  0  0  0  0  0  0  0  0 ] (0.00000003)
