|  -929.383507574515 |   231.507922579562 

[  0  0  0  0  0  0  0  0  0 ] (0.00000984)
[  0  0  0  0  0  0  0  0  1 ] (0.00000224)
[  0  0  0  0  0  0  0  0  2 ] (0.00000275)
[  0  0  0  0  0  0  0  0  3 ] (0.00124825)
[  0  0  0  0  0  0  0  0  4 ] (0.00000291)
[  0  0  0  0  0  0  0  0  5 ] (0.00000092)
[  0  0  0  0  0  0  0  1  0 ] (0.00000445)
[  0  0  0  0  0  0  0  1  1 ] (0.00000623)
[  0  0  0  0  0  0  0  1  2 ] (0.00000300)
[  0  0  0  0  0  0  0  1  3 ] (0.00000005)
[  0  0  0  0  0  0  0  1  4 ] (0.00000003)
[  0  0  0  0  0  0  0  2  0 ] (0.00000061)
[  0  0  0  0  0  0  0  2  1 ] (0.00010758)
[  0  0  0  0  0  0  0  2  2 ] (0.00001585)
[  0  0  0  0  0  0  0  2  3 ] (0.00000347)
[  0  0  0  0  0  0  0  3  0 ] (0.00017224)
[  0  0  0  0  0  0  0  3  1 ] (0.00006142)
[  0  0  0  0  0  0  0  3  2 ] (0.00000015)
[  0  0  0  0  0  0  0  4  0 ] (0.00000310)
[  0  0  0  0  0  0  0  4  1 ] (0.00000116)
[  0  0  0  0  0  0  0  5  0 ] (0.00000089)
[  0  0  0  0  0  0  1  0  0 ] (0.00000192)
[  0  0  0  0  0  0  1  0  1 ] (0.00041099)
[  0  0  0  0  0  0  1  0  2 ] (0.00176346)
[  0  0  0  0  0  0  1  0  3 ] (0.00000054)
[  0  0  0  0  0  0  1  0  4 ] (0.00001697)
[  0  0  0  0  0  0  1  1  0 ] (0.00001605)
[  0  0  0  0  0  0  1  1  1 ] (0.00000022)
[  0  0  0  0  0  0  1  1  2 ] (0.00000114)
[  0  0  0  0  0  0  1  1  3 ] (0.00000009)
[  0  0  0  0  0  0  1  2  0 ] (0.00011946)
[  0  0  0  0  0  0  1  2  1 ] (0.00000263)
[  0  0  0  0  0  0  1  2  2 ] (0.00000066)
[  0  0  0  0  0  0  1  3  0 ] (0.00002548)
[  0  0  0  0  0  0  1  3  1 ] (0.00000012)
[  0  0  0  0  0  0  1  4  0 ] (0.00000005)
[  0  0  0  0  0  0  2  0  0 ] (0.00004595)
[  0  0  0  0  0  0  2  0  1 ] (0.00023773)
[  0  0  0  0  0  0  2  0  2 ] (0.00000204)
[  0  0  0  0  0  0  2  0  3 ] (0.00000641)
[  0  0  0  0  0  0  2  1  0 ] (0.00000474)
[  0  0  0  0  0  0  2  1  1 ] (0.00000007)
[  0  0  0  0  0  0  2  1  2 ] (0.00000054)
[  0  0  0  0  0  0  2  2  0 ] (0.00007209)
[  0  0  0  0  0  0  2  2  1 ] (0.00002167)
[  0  0  0  0  0  0  2  3  0 ] (0.00002888)
[  0  0  0  0  0  0  3  0  0 ] (0.00001689)
[  0  0  0  0  0  0  3  0  1 ] (0.00008112)
[  0  0  0  0  0  0  3  0  2 ] (0.00000922)
[  0  0  0  0  0  0  3  1  0 ] (0.00000001)
[  0  0  0  0  0  0  3  1  1 ] (0.00000109)
[  0  0  0  0  0  0  3  2  0 ] (0.00000217)
[  0  0  0  0  0  0  4  0  0 ] (0.00364560)
[  0  0  0  0  0  0  4  0  1 ] (0.00074190)
[  0  0  0  0  0  0  4  1  0 ] (0.00000093)
[  0  0  0  0  0  0  5  0  0 ] (0.00002257)
[  0  0  0  0  0  1  0  0  0 ] (0.00002209)
[  0  0  0  0  0  1  0  0  1 ] (0.00000057)
[  0  0  0  0  0  1  0  0  2 ] (0.00034610)
[  0  0  0  0  0  1  0  0  3 ] (0.00004534)
[  0  0  0  0  0  1  0  0  4 ] (0.00000000)
[  0  0  0  0  0  1  0  1  0 ] (0.00002265)
[  0  0  0  0  0  1  0  1  1 ] (0.00116401)
[  0  0  0  0  0  1  0  1  2 ] (0.00000787)
[  0  0  0  0  0  1  0  1  3 ] (0.00000491)
[  0  0  0  0  0  1  0  2  0 ] (0.00005237)
[  0  0  0  0  0  1  0  2  1 ] (0.00000510)
[  0  0  0  0  0  1  0  2  2 ] (0.00000112)
[  0  0  0  0  0  1  0  3  0 ] (0.00024887)
[  0  0  0  0  0  1  0  3  1 ] (0.00000008)
[  0  0  0  0  0  1  0  4  0 ] (0.00003865)
[  0  0  0  0  0  1  1  0  0 ] (0.00002511)
[  0  0  0  0  0  1  1  0  1 ] (0.00018922)
[  0  0  0  0  0  1  1  0  2 ] (0.00003106)
[  0  0  0  0  0  1  1  0  3 ] (0.00001360)
[  0  0  0  0  0  1  1  1  0 ] (0.00000002)
[  0  0  0  0  0  1  1  1  1 ] (0.00001695)
[  0  0  0  0  0  1  1  1  2 ] (0.00000010)
[  0  0  0  0  0  1  1  2  0 ] (0.00003763)
[  0  0  0  0  0  1  1  2  1 ] (0.00000154)
[  0  0  0  0  0  1  1  3  0 ] (0.00000038)
[  0  0  0  0  0  1  2  0  0 ] (0.00001713)
[  0  0  0  0  0  1  2  0  1 ] (0.00018379)
[  0  0  0  0  0  1  2  0  2 ] (0.00001565)
[  0  0  0  0  0  1  2  1  0 ] (0.00004019)
[  0  0  0  0  0  1  2  1  1 ] (0.00001020)
[  0  0  0  0  0  1  2  2  0 ] (0.00000128)
[  0  0  0  0  0  1  3  0  0 ] (0.00054384)
[  0  0  0  0  0  1  3  0  1 ] (0.00004065)
[  0  0  0  0  0  1  3  1  0 ] (0.00000428)
[  0  0  0  0  0  1  4  0  0 ] (0.00000116)
[  0  0  0  0  0  2  0  0  0 ] (0.00002238)
[  0  0  0  0  0  2  0  0  1 ] (0.00000189)
[  0  0  0  0  0  2  0  0  2 ] (0.02152390)
[  0  0  0  0  0  2  0  0  3 ] (0.00000001)
[  0  0  0  0  0  2  0  1  0 ] (0.00016389)
[  0  0  0  0  0  2  0  1  1 ] (0.00005541)
[  0  0  0  0  0  2  0  1  2 ] (0.00000152)
[  0  0  0  0  0  2  0  2  0 ] (0.00002837)
[  0  0  0  0  0  2  0  2  1 ] (0.00002213)
[  0  0  0  0  0  2  0  3  0 ] (0.00000358)
[  0  0  0  0  0  2  1  0  0 ] (0.00005633)
[  0  0  0  0  0  2  1  0  1 ] (0.00014515)
[  0  0  0  0  0  2  1  0  2 ] (0.00002275)
[  0  0  0  0  0  2  1  1  0 ] (0.00005445)
[  0  0  0  0  0  2  1  1  1 ] (0.00000042)
[  0  0  0  0  0  2  1  2  0 ] (0.00001818)
[  0  0  0  0  0  2  2  0  0 ] (0.00012937)
[  0  0  0  0  0  2  2  0  1 ] (0.00032130)
[  0  0  0  0  0  2  2  1  0 ] (0.00000343)
[  0  0  0  0  0  2  3  0  0 ] (0.00138108)
[  0  0  0  0  0  3  0  0  0 ] (0.00001230)
[  0  0  0  0  0  3  0  0  1 ] (0.00002320)
[  0  0  0  0  0  3  0  0  2 ] (0.00001502)
[  0  0  0  0  0  3  0  1  0 ] (0.00196591)
[  0  0  0  0  0  3  0  1  1 ] (0.00009001)
[  0  0  0  0  0  3  0  2  0 ] (0.00001132)
[  0  0  0  0  0  3  1  0  0 ] (0.00003133)
[  0  0  0  0  0  3  1  0  1 ] (0.00003815)
[  0  0  0  0  0  3  1  1  0 ] (0.00012057)
[  0  0  0  0  0  3  2  0  0 ] (0.00512143)
[  0  0  0  0  0  4  0  0  0 ] (0.00006470)
[  0  0  0  0  0  4  0  0  1 ] (0.00000083)
[  0  0  0  0  0  4  0  1  0 ] (0.00021782)
[  0  0  0  0  0  4  1  0  0 ] (0.00002002)
[  0  0  0  0  0  5  0  0  0 ] (0.00651225)
[  0  0  0  0  1  0  0  0  0 ] (0.00000048)
[  0  0  0  0  1  0  0  0  1 ] (0.00002968)
[  0  0  0  0  1  0  0  0  2 ] (0.00005513)
[  0  0  0  0  1  0  0  0  3 ] (0.00000001)
[  0  0  0  0  1  0  0  0  4 ] (0.00000025)
[  0  0  0  0  1  0  0  1  0 ] (0.00014725)
[  0  0  0  0  1  0  0  1  1 ] (0.00053029)
[  0  0  0  0  1  0  0  1  2 ] (0.00008337)
[  0  0  0  0  1  0  0  1  3 ] (0.00000801)
[  0  0  0  0  1  0  0  2  0 ] (0.00000168)
[  0  0  0  0  1  0  0  2  1 ] (0.00000149)
[  0  0  0  0  1  0  0  2  2 ] (0.00000030)
[  0  0  0  0  1  0  0  3  0 ] (0.00003320)
[  0  0  0  0  1  0  0  3  1 ] (0.00000010)
[  0  0  0  0  1  0  0  4  0 ] (0.00000036)
[  0  0  0  0  1  0  1  0  0 ] (0.00000055)
[  0  0  0  0  1  0  1  0  1 ] (0.00000419)
[  0  0  0  0  1  0  1  0  2 ] (0.00000467)
[  0  0  0  0  1  0  1  0  3 ] (0.00000011)
[  0  0  0  0  1  0  1  1  0 ] (0.00000156)
[  0  0  0  0  1  0  1  1  1 ] (0.00005608)
[  0  0  0  0  1  0  1  1  2 ] (0.00000005)
[  0  0  0  0  1  0  1  2  0 ] (0.00000111)
[  0  0  0  0  1  0  1  2  1 ] (0.00000013)
[  0  0  0  0  1  0  1  3  0 ] (0.00000079)
[  0  0  0  0  1  0  2  0  0 ] (0.00000756)
[  0  0  0  0  1  0  2  0  1 ] (0.00008074)
[  0  0  0  0  1  0  2  0  2 ] (0.00000319)
[  0  0  0  0  1  0  2  1  0 ] (0.00219193)
[  0  0  0  0  1  0  2  1  1 ] (0.00025360)
[  0  0  0  0  1  0  2  2  0 ] (0.00000008)
[  0  0  0  0  1  0  3  0  0 ] (0.00008320)
[  0  0  0  0  1  0  3  0  1 ] (0.00000045)
[  0  0  0  0  1  0  3  1  0 ] (0.00004367)
[  0  0  0  0  1  0  4  0  0 ] (0.00000022)
[  0  0  0  0  1  1  0  0  0 ] (0.00001077)
[  0  0  0  0  1  1  0  0  1 ] (0.00000173)
[  0  0  0  0  1  1  0  0  2 ] (0.00011498)
[  0  0  0  0  1  1  0  0  3 ] (0.00000064)
[  0  0  0  0  1  1  0  1  0 ] (0.00003357)
[  0  0  0  0  1  1  0  1  1 ] (0.00007548)
[  0  0  0  0  1  1  0  1  2 ] (0.00001113)
[  0  0  0  0  1  1  0  2  0 ] (0.00003244)
[  0  0  0  0  1  1  0  2  1 ] (0.00001049)
[  0  0  0  0  1  1  0  3  0 ] (0.00000588)
[  0  0  0  0  1  1  1  0  0 ] (0.00034513)
[  0  0  0  0  1  1  1  0  1 ] (0.00012862)
[  0  0  0  0  1  1  1  0  2 ] (0.00000094)
[  0  0  0  0  1  1  1  1  0 ] (0.00007222)
[  0  0  0  0  1  1  1  1  1 ] (0.00001951)
[  0  0  0  0  1  1  1  2  0 ] (0.00000000)
[  0  0  0  0  1  1  2  0  0 ] (0.00000000)
[  0  0  0  0  1  1  2  0  1 ] (0.00000260)
[  0  0  0  0  1  1  2  1  0 ] (0.00008738)
[  0  0  0  0  1  1  3  0  0 ] (0.00000620)
[  0  0  0  0  1  2  0  0  0 ] (0.00032483)
[  0  0  0  0  1  2  0  0  1 ] (0.00011504)
[  0  0  0  0  1  2  0  0  2 ] (0.00015990)
[  0  0  0  0  1  2  0  1  0 ] (0.00004746)
[  0  0  0  0  1  2  0  1  1 ] (0.00003438)
[  0  0  0  0  1  2  0  2  0 ] (0.00001926)
[  0  0  0  0  1  2  1  0  0 ] (0.00050267)
[  0  0  0  0  1  2  1  0  1 ] (0.00003600)
[  0  0  0  0  1  2  1  1  0 ] (0.00000463)
[  0  0  0  0  1  2  2  0  0 ] (0.00377723)
[  0  0  0  0  1  3  0  0  0 ] (0.00059398)
[  0  0  0  0  1  3  0  0  1 ] (0.00017670)
[  0  0  0  0  1  3  0  1  0 ] (0.00071382)
[  0  0  0  0  1  3  1  0  0 ] (0.00001904)
[  0  0  0  0  1  4  0  0  0 ] (0.05305453)
[  0  0  0  0  2  0  0  0  0 ] (0.00001083)
[  0  0  0  0  2  0  0  0  1 ] (0.00000682)
[  0  0  0  0  2  0  0  0  2 ] (0.00010444)
[  0  0  0  0  2  0  0  0  3 ] (0.00000046)
[  0  0  0  0  2  0  0  1  0 ] (0.00001780)
[  0  0  0  0  2  0  0  1  1 ] (0.00000278)
[  0  0  0  0  2  0  0  1  2 ] (0.00000042)
[  0  0  0  0  2  0  0  2  0 ] (0.00000235)
[  0  0  0  0  2  0  0  2  1 ] (0.00000135)
[  0  0  0  0  2  0  0  3  0 ] (0.00000440)
[  0  0  0  0  2  0  1  0  0 ] (0.00000079)
[  0  0  0  0  2  0  1  0  1 ] (0.00009348)
[  0  0  0  0  2  0  1  0  2 ] (0.00000268)
[  0  0  0  0  2  0  1  1  0 ] (0.00014434)
[  0  0  0  0  2  0  1  1  1 ] (0.00002187)
[  0  0  0  0  2  0  1  2  0 ] (0.00000009)
[  0  0  0  0  2  0  2  0  0 ] (0.00011415)
[  0  0  0  0  2  0  2  0  1 ] (0.00000260)
[  0  0  0  0  2  0  2  1  0 ] (0.00000697)
[  0  0  0  0  2  0  3  0  0 ] (0.00000001)
[  0  0  0  0  2  1  0  0  0 ] (0.00004955)
[  0  0  0  0  2  1  0  0  1 ] (0.00003105)
[  0  0  0  0  2  1  0  0  2 ] (0.00010449)
[  0  0  0  0  2  1  0  1  0 ] (0.00000034)
[  0  0  0  0  2  1  0  1  1 ] (0.00000044)
[  0  0  0  0  2  1  0  2  0 ] (0.00000208)
[  0  0  0  0  2  1  1  0  0 ] (0.00000106)
[  0  0  0  0  2  1  1  0  1 ] (0.00000015)
[  0  0  0  0  2  1  1  1  0 ] (0.00000348)
[  0  0  0  0  2  1  2  0  0 ] (0.00005244)
[  0  0  0  0  2  2  0  0  0 ] (0.00005224)
[  0  0  0  0  2  2  0  0  1 ] (0.00046725)
[  0  0  0  0  2  2  0  1  0 ] (0.00004416)
[  0  0  0  0  2  2  1  0  0 ] (0.00073377)
[  0  0  0  0  2  3  0  0  0 ] (0.00036991)
[  0  0  0  0  3  0  0  0  0 ] (0.00000493)
[  0  0  0  0  3  0  0  0  1 ] (0.00047016)
[  0  0  0  0  3  0  0  0  2 ] (0.00030987)
[  0  0  0  0  3  0  0  1  0 ] (0.00000217)
[  0  0  0  0  3  0  0  1  1 ] (0.00002184)
[  0  0  0  0  3  0  0  2  0 ] (0.00004571)
[  0  0  0  0  3  0  1  0  0 ] (0.00000311)
[  0  0  0  0  3  0  1  0  1 ] (0.00008727)
[  0  0  0  0  3  0  1  1  0 ] (0.00000160)
[  0  0  0  0  3  0  2  0  0 ] (0.01733854)
[  0  0  0  0  3  1  0  0  0 ] (0.00002455)
[  0  0  0  0  3  1  0  0  1 ] (0.00000021)
[  0  0  0  0  3  1  0  1  0 ] (0.00010828)
[  0  0  0  0  3  1  1  0  0 ] (0.00366708)
[  0  0  0  0  3  2  0  0  0 ] (0.00057439)
[  0  0  0  0  4  0  0  0  0 ] (0.00017809)
[  0  0  0  0  4  0  0  0  1 ] (0.00102561)
[  0  0  0  0  4  0  0  1  0 ] (0.00015296)
[  0  0  0  0  4  0  1  0  0 ] (0.00094284)
[  0  0  0  0  4  1  0  0  0 ] (0.00037553)
[  0  0  0  0  5  0  0  0  0 ] (0.00061620)
[  0  0  0  1  0  0  0  0  0 ] (0.00004626)
[  0  0  0  1  0  0  0  0  1 ] (0.00000460)
[  0  0  0  1  0  0  0  0  2 ] (0.00026171)
[  0  0  0  1  0  0  0  0  3 ] (0.00002634)
[  0  0  0  1  0  0  0  0  4 ] (0.00000205)
[  0  0  0  1  0  0  0  1  0 ] (0.00000014)
[  0  0  0  1  0  0  0  1  1 ] (0.00000650)
[  0  0  0  1  0  0  0  1  2 ] (0.00000615)
[  0  0  0  1  0  0  0  1  3 ] (0.00000007)
[  0  0  0  1  0  0  0  2  0 ] (0.00005583)
[  0  0  0  1  0  0  0  2  1 ] (0.00000280)
[  0  0  0  1  0  0  0  2  2 ] (0.00000067)
[  0  0  0  1  0  0  0  3  0 ] (0.00244056)
[  0  0  0  1  0  0  0  3  1 ] (0.00004298)
[  0  0  0  1  0  0  0  4  0 ] (0.00001297)
[  0  0  0  1  0  0  1  0  0 ] (0.00006580)
[  0  0  0  1  0  0  1  0  1 ] (0.00001894)
[  0  0  0  1  0  0  1  0  2 ] (0.00001205)
[  0  0  0  1  0  0  1  0  3 ] (0.00000279)
[  0  0  0  1  0  0  1  1  0 ] (0.00003659)
[  0  0  0  1  0  0  1  1  1 ] (0.00001884)
[  0  0  0  1  0  0  1  1  2 ] (0.00000000)
[  0  0  0  1  0  0  1  2  0 ] (0.00003033)
[  0  0  0  1  0  0  1  2  1 ] (0.00000442)
[  0  0  0  1  0  0  1  3  0 ] (0.00008094)
[  0  0  0  1  0  0  2  0  0 ] (0.00011450)
[  0  0  0  1  0  0  2  0  1 ] (0.00004826)
[  0  0  0  1  0  0  2  0  2 ] (0.00000581)
[  0  0  0  1  0  0  2  1  0 ] (0.00019553)
[  0  0  0  1  0  0  2  1  1 ] (0.00001965)
[  0  0  0  1  0  0  2  2  0 ] (0.00000926)
[  0  0  0  1  0  0  3  0  0 ] (0.00000001)
[  0  0  0  1  0  0  3  0  1 ] (0.00000068)
[  0  0  0  1  0  0  3  1  0 ] (0.00000012)
[  0  0  0  1  0  0  4  0  0 ] (0.00008005)
[  0  0  0  1  0  1  0  0  0 ] (0.00006912)
[  0  0  0  1  0  1  0  0  1 ] (0.00000308)
[  0  0  0  1  0  1  0  0  2 ] (0.00346735)
[  0  0  0  1  0  1  0  0  3 ] (0.00000691)
[  0  0  0  1  0  1  0  1  0 ] (0.00000509)
[  0  0  0  1  0  1  0  1  1 ] (0.00001651)
[  0  0  0  1  0  1  0  1  2 ] (0.00000257)
[  0  0  0  1  0  1  0  2  0 ] (0.00004865)
[  0  0  0  1  0  1  0  2  1 ] (0.00005520)
[  0  0  0  1  0  1  0  3  0 ] (0.00005135)
[  0  0  0  1  0  1  1  0  0 ] (0.00012455)
[  0  0  0  1  0  1  1  0  1 ] (0.00000339)
[  0  0  0  1  0  1  1  0  2 ] (0.00000025)
[  0  0  0  1  0  1  1  1  0 ] (0.00007246)
[  0  0  0  1  0  1  1  1  1 ] (0.00000001)
[  0  0  0  1  0  1  1  2  0 ] (0.00003258)
[  0  0  0  1  0  1  2  0  0 ] (0.00039895)
[  0  0  0  1  0  1  2  0  1 ] (0.00009200)
[  0  0  0  1  0  1  2  1  0 ] (0.00002102)
[  0  0  0  1  0  1  3  0  0 ] (0.00007226)
[  0  0  0  1  0  2  0  0  0 ] (0.00181822)
[  0  0  0  1  0  2  0  0  1 ] (0.00001594)
[  0  0  0  1  0  2  0  0  2 ] (0.00154643)
[  0  0  0  1  0  2  0  1  0 ] (0.00007936)
[  0  0  0  1  0  2  0  1  1 ] (0.00000343)
[  0  0  0  1  0  2  0  2  0 ] (0.00001918)
[  0  0  0  1  0  2  1  0  0 ] (0.00012537)
[  0  0  0  1  0  2  1  0  1 ] (0.00002281)
[  0  0  0  1  0  2  1  1  0 ] (0.00000038)
[  0  0  0  1  0  2  2  0  0 ] (0.00813527)
[  0  0  0  1  0  3  0  0  0 ] (0.00597632)
[  0  0  0  1  0  3  0  0  1 ] (0.00071328)
[  0  0  0  1  0  3  0  1  0 ] (0.00007685)
[  0  0  0  1  0  3  1  0  0 ] (0.00228540)
[  0  0  0  1  0  4  0  0  0 ] (0.09166176)
[  0  0  0  1  1  0  0  0  0 ] (0.00016482)
[  0  0  0  1  1  0  0  0  1 ] (0.00071228)
[  0  0  0  1  1  0  0  0  2 ] (0.00007143)
[  0  0  0  1  1  0  0  0  3 ] (0.00000360)
[  0  0  0  1  1  0  0  1  0 ] (0.00000050)
[  0  0  0  1  1  0  0  1  1 ] (0.00025409)
[  0  0  0  1  1  0  0  1  2 ] (0.00000042)
[  0  0  0  1  1  0  0  2  0 ] (0.00006190)
[  0  0  0  1  1  0  0  2  1 ] (0.00004230)
[  0  0  0  1  1  0  0  3  0 ] (0.00007867)
[  0  0  0  1  1  0  1  0  0 ] (0.00000006)
[  0  0  0  1  1  0  1  0  1 ] (0.00002426)
[  0  0  0  1  1  0  1  0  2 ] (0.00000139)
[  0  0  0  1  1  0  1  1  0 ] (0.00044958)
[  0  0  0  1  1  0  1  1  1 ] (0.00006387)
[  0  0  0  1  1  0  1  2  0 ] (0.00000404)
[  0  0  0  1  1  0  2  0  0 ] (0.00016493)
[  0  0  0  1  1  0  2  0  1 ] (0.00002189)
[  0  0  0  1  1  0  2  1  0 ] (0.00001670)
[  0  0  0  1  1  0  3  0  0 ] (0.00019164)
[  0  0  0  1  1  1  0  0  0 ] (0.00311871)
[  0  0  0  1  1  1  0  0  1 ] (0.00343336)
[  0  0  0  1  1  1  0  0  2 ] (0.00020059)
[  0  0  0  1  1  1  0  1  0 ] (0.00000161)
[  0  0  0  1  1  1  0  1  1 ] (0.00001129)
[  0  0  0  1  1  1  0  2  0 ] (0.00009783)
[  0  0  0  1  1  1  1  0  0 ] (0.00021762)
[  0  0  0  1  1  1  1  0  1 ] (0.00012136)
[  0  0  0  1  1  1  1  1  0 ] (0.00009303)
[  0  0  0  1  1  1  2  0  0 ] (0.00000661)
[  0  0  0  1  1  2  0  0  0 ] (0.00128753)
[  0  0  0  1  1  2  0  0  1 ] (0.00184689)
[  0  0  0  1  1  2  0  1  0 ] (0.00012504)
[  0  0  0  1  1  2  1  0  0 ] (0.00173761)
[  0  0  0  1  1  3  0  0  0 ] (0.04081348)
[  0  0  0  1  2  0  0  0  0 ] (0.00015808)
[  0  0  0  1  2  0  0  0  1 ] (0.00000915)
[  0  0  0  1  2  0  0  0  2 ] (0.00000498)
[  0  0  0  1  2  0  0  1  0 ] (0.00000215)
[  0  0  0  1  2  0  0  1  1 ] (0.00000000)
[  0  0  0  1  2  0  0  2  0 ] (0.00000856)
[  0  0  0  1  2  0  1  0  0 ] (0.00000760)
[  0  0  0  1  2  0  1  0  1 ] (0.00000067)
[  0  0  0  1  2  0  1  1  0 ] (0.00000903)
[  0  0  0  1  2  0  2  0  0 ] (0.00040124)
[  0  0  0  1  2  1  0  0  0 ] (0.00026627)
[  0  0  0  1  2  1  0  0  1 ] (0.00025239)
[  0  0  0  1  2  1  0  1  0 ] (0.00009610)
[  0  0  0  1  2  1  1  0  0 ] (0.00017531)
[  0  0  0  1  2  2  0  0  0 ] (0.00185949)
[  0  0  0  1  3  0  0  0  0 ] (0.00002252)
[  0  0  0  1  3  0  0  0  1 ] (0.00010987)
[  0  0  0  1  3  0  0  1  0 ] (0.00000388)
[  0  0  0  1  3  0  1  0  0 ] (0.00888903)
[  0  0  0  1  3  1  0  0  0 ] (0.00028588)
[  0  0  0  1  4  0  0  0  0 ] (0.00045878)
[  0  0  0  2  0  0  0  0  0 ] (0.00000325)
[  0  0  0  2  0  0  0  0  1 ] (0.00027285)
[  0  0  0  2  0  0  0  0  2 ] (0.00065135)
[  0  0  0  2  0  0  0  0  3 ] (0.00010819)
[  0  0  0  2  0  0  0  1  0 ] (0.00046243)
[  0  0  0  2  0  0  0  1  1 ] (0.00263636)
[  0  0  0  2  0  0  0  1  2 ] (0.00009759)
[  0  0  0  2  0  0  0  2  0 ] (0.00000793)
[  0  0  0  2  0  0  0  2  1 ] (0.00001943)
[  0  0  0  2  0  0  0  3  0 ] (0.00000182)
[  0  0  0  2  0  0  1  0  0 ] (0.00001845)
[  0  0  0  2  0  0  1  0  1 ] (0.00512219)
[  0  0  0  2  0  0  1  0  2 ] (0.00036761)
[  0  0  0  2  0  0  1  1  0 ] (0.00130944)
[  0  0  0  2  0  0  1  1  1 ] (0.00052462)
[  0  0  0  2  0  0  1  2  0 ] (0.00038360)
[  0  0  0  2  0  0  2  0  0 ] (0.01110216)
[  0  0  0  2  0  0  2  0  1 ] (0.00615171)
[  0  0  0  2  0  0  2  1  0 ] (0.00061725)
[  0  0  0  2  0  0  3  0  0 ] (0.04238117)
[  0  0  0  2  0  1  0  0  0 ] (0.00000021)
[  0  0  0  2  0  1  0  0  1 ] (0.00000112)
[  0  0  0  2  0  1  0  0  2 ] (0.00093500)
[  0  0  0  2  0  1  0  1  0 ] (0.00000449)
[  0  0  0  2  0  1  0  1  1 ] (0.00023382)
[  0  0  0  2  0  1  0  2  0 ] (0.00154823)
[  0  0  0  2  0  1  1  0  0 ] (0.00314833)
[  0  0  0  2  0  1  1  0  1 ] (0.00153834)
[  0  0  0  2  0  1  1  1  0 ] (0.00001103)
[  0  0  0  2  0  1  2  0  0 ] (0.05618597)
[  0  0  0  2  0  2  0  0  0 ] (0.00000426)
[  0  0  0  2  0  2  0  0  1 ] (0.00297882)
[  0  0  0  2  0  2  0  1  0 ] (0.00033348)
[  0  0  0  2  0  2  1  0  0 ] (0.00312578)
[  0  0  0  2  0  3  0  0  0 ] (0.00007955)
[  0  0  0  2  1  0  0  0  0 ] (0.00006577)
[  0  0  0  2  1  0  0  0  1 ] (0.00019017)
[  0  0  0  2  1  0  0  0  2 ] (0.00007602)
[  0  0  0  2  1  0  0  1  0 ] (0.00000232)
[  0  0  0  2  1  0  0  1  1 ] (0.00003364)
[  0  0  0  2  1  0  0  2  0 ] (0.00028998)
[  0  0  0  2  1  0  1  0  0 ] (0.00005579)
[  0  0  0  2  1  0  1  0  1 ] (0.00053196)
[  0  0  0  2  1  0  1  1  0 ] (0.00041451)
[  0  0  0  2  1  0  2  0  0 ] (0.04048379)
[  0  0  0  2  1  1  0  0  0 ] (0.00062127)
[  0  0  0  2  1  1  0  0  1 ] (0.00005714)
[  0  0  0  2  1  1  0  1  0 ] (0.00007428)
[  0  0  0  2  1  1  1  0  0 ] (0.01299820)
[  0  0  0  2  1  2  0  0  0 ] (0.00000678)
[  0  0  0  2  2  0  0  0  0 ] (0.00002614)
[  0  0  0  2  2  0  0  0  1 ] (0.00035811)
[  0  0  0  2  2  0  0  1  0 ] (0.00019277)
[  0  0  0  2  2  0  1  0  0 ] (0.00212809)
[  0  0  0  2  2  1  0  0  0 ] (0.00000382)
[  0  0  0  2  3  0  0  0  0 ] (0.00001427)
[  0  0  0  3  0  0  0  0  0 ] (0.00001953)
[  0  0  0  3  0  0  0  0  1 ] (0.00001402)
[  0  0  0  3  0  0  0  0  2 ] (0.00089251)
[  0  0  0  3  0  0  0  1  0 ] (0.00002384)
[  0  0  0  3  0  0  0  1  1 ] (0.00000059)
[  0  0  0  3  0  0  0  2  0 ] (0.00490848)
[  0  0  0  3  0  0  1  0  0 ] (0.00002800)
[  0  0  0  3  0  0  1  0  1 ] (0.00000615)
[  0  0  0  3  0  0  1  1  0 ] (0.00001282)
[  0  0  0  3  0  0  2  0  0 ] (0.00134705)
[  0  0  0  3  0  1  0  0  0 ] (0.00006044)
[  0  0  0  3  0  1  0  0  1 ] (0.00051237)
[  0  0  0  3  0  1  0  1  0 ] (0.00185075)
[  0  0  0  3  0  1  1  0  0 ] (0.00015986)
[  0  0  0  3  0  2  0  0  0 ] (0.00037937)
[  0  0  0  3  1  0  0  0  0 ] (0.00000317)
[  0  0  0  3  1  0  0  0  1 ] (0.00001568)
[  0  0  0  3  1  0  0  1  0 ] (0.00287693)
[  0  0  0  3  1  0  1  0  0 ] (0.00105113)
[  0  0  0  3  1  1  0  0  0 ] (0.00015331)
[  0  0  0  3  2  0  0  0  0 ] (0.00001886)
[  0  0  0  4  0  0  0  0  0 ] (0.00015461)
[  0  0  0  4  0  0  0  0  1 ] (0.00015651)
[  0  0  0  4  0  0  0  1  0 ] (0.00003515)
[  0  0  0  4  0  0  1  0  0 ] (0.00059771)
[  0  0  0  4  0  1  0  0  0 ] (0.00069735)
[  0  0  0  4  1  0  0  0  0 ] (0.00064400)
[  0  0  0  5  0  0  0  0  0 ] (0.00000225)
[  0  0  1  0  0  0  0  0  0 ] (0.00001848)
[  0  0  1  0  0  0  0  0  1 ] (0.00000730)
[  0  0  1  0  0  0  0  0  2 ] (0.00021204)
[  0  0  1  0  0  0  0  0  3 ] (0.00000390)
[  0  0  1  0  0  0  0  0  4 ] (0.00000470)
[  0  0  1  0  0  0  0  1  0 ] (0.00003733)
[  0  0  1  0  0  0  0  1  1 ] (0.00002300)
[  0  0  1  0  0  0  0  1  2 ] (0.00000407)
[  0  0  1  0  0  0  0  1  3 ] (0.00000023)
[  0  0  1  0  0  0  0  2  0 ] (0.00000596)
[  0  0  1  0  0  0  0  2  1 ] (0.00000670)
[  0  0  1  0  0  0  0  2  2 ] (0.00000973)
[  0  0  1  0  0  0  0  3  0 ] (0.00107780)
[  0  0  1  0  0  0  0  3  1 ] (0.00004668)
[  0  0  1  0  0  0  0  4  0 ] (0.00006663)
[  0  0  1  0  0  0  1  0  0 ] (0.00000600)
[  0  0  1  0  0  0  1  0  1 ] (0.00008331)
[  0  0  1  0  0  0  1  0  2 ] (0.00001512)
[  0  0  1  0  0  0  1  0  3 ] (0.00000263)
[  0  0  1  0  0  0  1  1  0 ] (0.00000093)
[  0  0  1  0  0  0  1  1  1 ] (0.00001456)
[  0  0  1  0  0  0  1  1  2 ] (0.00000001)
[  0  0  1  0  0  0  1  2  0 ] (0.00000381)
[  0  0  1  0  0  0  1  2  1 ] (0.00000684)
[  0  0  1  0  0  0  1  3  0 ] (0.00000250)
[  0  0  1  0  0  0  2  0  0 ] (0.00000198)
[  0  0  1  0  0  0  2  0  1 ] (0.00005485)
[  0  0  1  0  0  0  2  0  2 ] (0.00000655)
[  0  0  1  0  0  0  2  1  0 ] (0.00000032)
[  0  0  1  0  0  0  2  1  1 ] (0.00000299)
[  0  0  1  0  0  0  2  2  0 ] (0.00000500)
[  0  0  1  0  0  0  3  0  0 ] (0.00018864)
[  0  0  1  0  0  0  3  0  1 ] (0.00000202)
[  0  0  1  0  0  0  3  1  0 ] (0.00000138)
[  0  0  1  0  0  0  4  0  0 ] (0.00002673)
[  0  0  1  0  0  1  0  0  0 ] (0.00003862)
[  0  0  1  0  0  1  0  0  1 ] (0.00001500)
[  0  0  1  0  0  1  0  0  2 ] (0.00415825)
[  0  0  1  0  0  1  0  0  3 ] (0.00000251)
[  0  0  1  0  0  1  0  1  0 ] (0.00001943)
[  0  0  1  0  0  1  0  1  1 ] (0.00000073)
[  0  0  1  0  0  1  0  1  2 ] (0.00001474)
[  0  0  1  0  0  1  0  2  0 ] (0.00000858)
[  0  0  1  0  0  1  0  2  1 ] (0.00002494)
[  0  0  1  0  0  1  0  3  0 ] (0.00006285)
[  0  0  1  0  0  1  1  0  0 ] (0.00012989)
[  0  0  1  0  0  1  1  0  1 ] (0.00001947)
[  0  0  1  0  0  1  1  0  2 ] (0.00000900)
[  0  0  1  0  0  1  1  1  0 ] (0.00022894)
[  0  0  1  0  0  1  1  1  1 ] (0.00000670)
[  0  0  1  0  0  1  1  2  0 ] (0.00000102)
[  0  0  1  0  0  1  2  0  0 ] (0.00005832)
[  0  0  1  0  0  1  2  0  1 ] (0.00003282)
[  0  0  1  0  0  1  2  1  0 ] (0.00000585)
[  0  0  1  0  0  1  3  0  0 ] (0.00001653)
[  0  0  1  0  0  2  0  0  0 ] (0.00004742)
[  0  0  1  0  0  2  0  0  1 ] (0.00024082)
[  0  0  1  0  0  2  0  0  2 ] (0.00001689)
[  0  0  1  0  0  2  0  1  0 ] (0.00019496)
[  0  0  1  0  0  2  0  1  1 ] (0.00001884)
[  0  0  1  0  0  2  0  2  0 ] (0.00000387)
[  0  0  1  0  0  2  1  0  0 ] (0.00002630)
[  0  0  1  0  0  2  1  0  1 ] (0.00016798)
[  0  0  1  0  0  2  1  1  0 ] (0.00006204)
[  0  0  1  0  0  2  2  0  0 ] (0.02032474)
[  0  0  1  0  0  3  0  0  0 ] (0.00095077)
[  0  0  1  0  0  3  0  0  1 ] (0.00019973)
[  0  0  1  0  0  3  0  1  0 ] (0.00052362)
[  0  0  1  0  0  3  1  0  0 ] (0.00125332)
[  0  0  1  0  0  4  0  0  0 ] (0.00189842)
[  0  0  1  0  1  0  0  0  0 ] (0.00003893)
[  0  0  1  0  1  0  0  0  1 ] (0.00001318)
[  0  0  1  0  1  0  0  0  2 ] (0.00120860)
[  0  0  1  0  1  0  0  0  3 ] (0.00000001)
[  0  0  1  0  1  0  0  1  0 ] (0.00002262)
[  0  0  1  0  1  0  0  1  1 ] (0.00002329)
[  0  0  1  0  1  0  0  1  2 ] (0.00002468)
[  0  0  1  0  1  0  0  2  0 ] (0.00000066)
[  0  0  1  0  1  0  0  2  1 ] (0.00000016)
[  0  0  1  0  1  0  0  3  0 ] (0.00004104)
[  0  0  1  0  1  0  1  0  0 ] (0.00003607)
[  0  0  1  0  1  0  1  0  1 ] (0.00006615)
[  0  0  1  0  1  0  1  0  2 ] (0.00000379)
[  0  0  1  0  1  0  1  1  0 ] (0.00001625)
[  0  0  1  0  1  0  1  1  1 ] (0.00000503)
[  0  0  1  0  1  0  1  2  0 ] (0.00000190)
[  0  0  1  0  1  0  2  0  0 ] (0.00000794)
[  0  0  1  0  1  0  2  0  1 ] (0.00002389)
[  0  0  1  0  1  0  2  1  0 ] (0.00000457)
[  0  0  1  0  1  0  3  0  0 ] (0.00007909)
[  0  0  1  0  1  1  0  0  0 ] (0.00044496)
[  0  0  1  0  1  1  0  0  1 ] (0.00006302)
[  0  0  1  0  1  1  0  0  2 ] (0.00000131)
[  0  0  1  0  1  1  0  1  0 ] (0.00024331)
[  0  0  1  0  1  1  0  1  1 ] (0.00001939)
[  0  0  1  0  1  1  0  2  0 ] (0.00000311)
[  0  0  1  0  1  1  1  0  0 ] (0.00001383)
[  0  0  1  0  1  1  1  0  1 ] (0.00000033)
[  0  0  1  0  1  1  1  1  0 ] (0.00004629)
[  0  0  1  0  1  1  2  0  0 ] (0.00029308)
[  0  0  1  0  1  2  0  0  0 ] (0.00103376)
[  0  0  1  0  1  2  0  0  1 ] (0.00065326)
[  0  0  1  0  1  2  0  1  0 ] (0.00024759)
[  0  0  1  0  1  2  1  0  0 ] (0.00093098)
[  0  0  1  0  1  3  0  0  0 ] (0.00933781)
[  0  0  1  0  2  0  0  0  0 ] (0.00000142)
[  0  0  1  0  2  0  0  0  1 ] (0.00000426)
[  0  0  1  0  2  0  0  0  2 ] (0.00003952)
[  0  0  1  0  2  0  0  1  0 ] (0.00001162)
[  0  0  1  0  2  0  0  1  1 ] (0.00000191)
[  0  0  1  0  2  0  0  2  0 ] (0.00000135)
[  0  0  1  0  2  0  1  0  0 ] (0.00000515)
[  0  0  1  0  2  0  1  0  1 ] (0.00000375)
[  0  0  1  0  2  0  1  1  0 ] (0.00001245)
[  0  0  1  0  2  0  2  0  0 ] (0.00024334)
[  0  0  1  0  2  1  0  0  0 ] (0.00000012)
[  0  0  1  0  2  1  0  0  1 ] (0.00020168)
[  0  0  1  0  2  1  0  1  0 ] (0.00000709)
[  0  0  1  0  2  1  1  0  0 ] (0.00038477)
[  0  0  1  0  2  2  0  0  0 ] (0.00001767)
[  0  0  1  0  3  0  0  0  0 ] (0.00011786)
[  0  0  1  0  3  0  0  0  1 ] (0.00016372)
[  0  0  1  0  3  0  0  1  0 ] (0.00000805)
[  0  0  1  0  3  0  1  0  0 ] (0.00009910)
[  0  0  1  0  3  1  0  0  0 ] (0.00111714)
[  0  0  1  0  4  0  0  0  0 ] (0.00050418)
[  0  0  1  1  0  0  0  0  0 ] (0.00002849)
[  0  0  1  1  0  0  0  0  1 ] (0.00000628)
[  0  0  1  1  0  0  0  0  2 ] (0.00018906)
[  0  0  1  1  0  0  0  0  3 ] (0.00000381)
[  0  0  1  1  0  0  0  1  0 ] (0.00000000)
[  0  0  1  1  0  0  0  1  1 ] (0.00009283)
[  0  0  1  1  0  0  0  1  2 ] (0.00001739)
[  0  0  1  1  0  0  0  2  0 ] (0.00000016)
[  0  0  1  1  0  0  0  2  1 ] (0.00002342)
[  0  0  1  1  0  0  0  3  0 ] (0.00003521)
[  0  0  1  1  0  0  1  0  0 ] (0.00024183)
[  0  0  1  1  0  0  1  0  1 ] (0.00049939)
[  0  0  1  1  0  0  1  0  2 ] (0.00003312)
[  0  0  1  1  0  0  1  1  0 ] (0.00010668)
[  0  0  1  1  0  0  1  1  1 ] (0.00000630)
[  0  0  1  1  0  0  1  2  0 ] (0.00000002)
[  0  0  1  1  0  0  2  0  0 ] (0.00000207)
[  0  0  1  1  0  0  2  0  1 ] (0.00001207)
[  0  0  1  1  0  0  2  1  0 ] (0.00008021)
[  0  0  1  1  0  0  3  0  0 ] (0.00015030)
[  0  0  1  1  0  1  0  0  0 ] (0.00037795)
[  0  0  1  1  0  1  0  0  1 ] (0.00011759)
[  0  0  1  1  0  1  0  0  2 ] (0.00012740)
[  0  0  1  1  0  1  0  1  0 ] (0.00022909)
[  0  0  1  1  0  1  0  1  1 ] (0.00001538)
[  0  0  1  1  0  1  0  2  0 ] (0.00000512)
[  0  0  1  1  0  1  1  0  0 ] (0.00029193)
[  0  0  1  1  0  1  1  0  1 ] (0.00028939)
[  0  0  1  1  0  1  1  1  0 ] (0.00000117)
[  0  0  1  1  0  1  2  0  0 ] (0.00203641)
[  0  0  1  1  0  2  0  0  0 ] (0.00035770)
[  0  0  1  1  0  2  0  0  1 ] (0.00025584)
[  0  0  1  1  0  2  0  1  0 ] (0.00108230)
[  0  0  1  1  0  2  1  0  0 ] (0.00639763)
[  0  0  1  1  0  3  0  0  0 ] (0.00383499)
[  0  0  1  1  1  0  0  0  0 ] (0.00033845)
[  0  0  1  1  1  0  0  0  1 ] (0.00000511)
[  0  0  1  1  1  0  0  0  2 ] (0.00002104)
[  0  0  1  1  1  0  0  1  0 ] (0.00015703)
[  0  0  1  1  1  0  0  1  1 ] (0.00012969)
[  0  0  1  1  1  0  0  2  0 ] (0.00006566)
[  0  0  1  1  1  0  1  0  0 ] (0.00009147)
[  0  0  1  1  1  0  1  0  1 ] (0.00016303)
[  0  0  1  1  1  0  1  1  0 ] (0.00001469)
[  0  0  1  1  1  0  2  0  0 ] (0.00000263)
[  0  0  1  1  1  1  0  0  0 ] (0.00116976)
[  0  0  1  1  1  1  0  0  1 ] (0.00026496)
[  0  0  1  1  1  1  0  1  0 ] (0.00030183)
[  0  0  1  1  1  1  1  0  0 ] (0.00005262)
[  0  0  1  1  1  2  0  0  0 ] (0.00453351)
[  0  0  1  1  2  0  0  0  0 ] (0.00005430)
[  0  0  1  1  2  0  0  0  1 ] (0.00000005)
[  0  0  1  1  2  0  0  1  0 ] (0.00011855)
[  0  0  1  1  2  0  1  0  0 ] (0.00116742)
[  0  0  1  1  2  1  0  0  0 ] (0.00012484)
[  0  0  1  1  3  0  0  0  0 ] (0.00001500)
[  0  0  1  2  0  0  0  0  0 ] (0.00000010)
[  0  0  1  2  0  0  0  0  1 ] (0.00095336)
[  0  0  1  2  0  0  0  0  2 ] (0.00123187)
[  0  0  1  2  0  0  0  1  0 ] (0.00051457)
[  0  0  1  2  0  0  0  1  1 ] (0.00017003)
[  0  0  1  2  0  0  0  2  0 ] (0.00072311)
[  0  0  1  2  0  0  1  0  0 ] (0.00129141)
[  0  0  1  2  0  0  1  0  1 ] (0.00003633)
[  0  0  1  2  0  0  1  1  0 ] (0.00116549)
[  0  0  1  2  0  0  2  0  0 ] (0.02456914)
[  0  0  1  2  0  1  0  0  0 ] (0.00000005)
[  0  0  1  2  0  1  0  0  1 ] (0.00389306)
[  0  0  1  2  0  1  0  1  0 ] (0.00237874)
[  0  0  1  2  0  1  1  0  0 ] (0.00379194)
[  0  0  1  2  0  2  0  0  0 ] (0.00007081)
[  0  0  1  2  1  0  0  0  0 ] (0.00001480)
[  0  0  1  2  1  0  0  0  1 ] (0.00013266)
[  0  0  1  2  1  0  0  1  0 ] (0.00031001)
[  0  0  1  2  1  0  1  0  0 ] (0.01199973)
[  0  0  1  2  1  1  0  0  0 ] (0.00073803)
[  0  0  1  2  2  0  0  0  0 ] (0.00005417)
[  0  0  1  3  0  0  0  0  0 ] (0.00014028)
[  0  0  1  3  0  0  0  0  1 ] (0.00021404)
[  0  0  1  3  0  0  0  1  0 ] (0.00003619)
[  0  0  1  3  0  0  1  0  0 ] (0.00000361)
[  0  0  1  3  0  1  0  0  0 ] (0.00075913)
[  0  0  1  3  1  0  0  0  0 ] (0.00025209)
[  0  0  1  4  0  0  0  0  0 ] (0.00027523)
[  0  0  2  0  0  0  0  0  0 ] (0.00001951)
[  0  0  2  0  0  0  0  0  1 ] (0.00017186)
[  0  0  2  0  0  0  0  0  2 ] (0.00000135)
[  0  0  2  0  0  0  0  0  3 ] (0.00003537)
[  0  0  2  0  0  0  0  1  0 ] (0.00045466)
[  0  0  2  0  0  0  0  1  1 ] (0.00964618)
[  0  0  2  0  0  0  0  1  2 ] (0.00075600)
[  0  0  2  0  0  0  0  2  0 ] (0.00000546)
[  0  0  2  0  0  0  0  2  1 ] (0.00001798)
[  0  0  2  0  0  0  0  3  0 ] (0.00010329)
[  0  0  2  0  0  0  1  0  0 ] (0.00000312)
[  0  0  2  0  0  0  1  0  1 ] (0.00005990)
[  0  0  2  0  0  0  1  0  2 ] (0.00002961)
[  0  0  2  0  0  0  1  1  0 ] (0.00026257)
[  0  0  2  0  0  0  1  1  1 ] (0.00024200)
[  0  0  2  0  0  0  1  2  0 ] (0.00001890)
[  0  0  2  0  0  0  2  0  0 ] (0.00000675)
[  0  0  2  0  0  0  2  0  1 ] (0.00006024)
[  0  0  2  0  0  0  2  1  0 ] (0.00012193)
[  0  0  2  0  0  0  3  0  0 ] (0.00023484)
[  0  0  2  0  0  1  0  0  0 ] (0.00001248)
[  0  0  2  0  0  1  0  0  1 ] (0.00018002)
[  0  0  2  0  0  1  0  0  2 ] (0.00023000)
[  0  0  2  0  0  1  0  1  0 ] (0.00000009)
[  0  0  2  0  0  1  0  1  1 ] (0.00091986)
[  0  0  2  0  0  1  0  2  0 ] (0.00000627)
[  0  0  2  0  0  1  1  0  0 ] (0.00000002)
[  0  0  2  0  0  1  1  0  1 ] (0.00012690)
[  0  0  2  0  0  1  1  1  0 ] (0.00000004)
[  0  0  2  0  0  1  2  0  0 ] (0.00062486)
[  0  0  2  0  0  2  0  0  0 ] (0.00020625)
[  0  0  2  0  0  2  0  0  1 ] (0.00490972)
[  0  0  2  0  0  2  0  1  0 ] (0.00097822)
[  0  0  2  0  0  2  1  0  0 ] (0.00016588)
[  0  0  2  0  0  3  0  0  0 ] (0.00001189)
[  0  0  2  0  1  0  0  0  0 ] (0.00000833)
[  0  0  2  0  1  0  0  0  1 ] (0.00000396)
[  0  0  2  0  1  0  0  0  2 ] (0.00000309)
[  0  0  2  0  1  0  0  1  0 ] (0.00000000)
[  0  0  2  0  1  0  0  1  1 ] (0.00001007)
[  0  0  2  0  1  0  0  2  0 ] (0.00003728)
[  0  0  2  0  1  0  1  0  0 ] (0.00032149)
[  0  0  2  0  1  0  1  0  1 ] (0.00008240)
[  0  0  2  0  1  0  1  1  0 ] (0.00000033)
[  0  0  2  0  1  0  2  0  0 ] (0.00013923)
[  0  0  2  0  1  1  0  0  0 ] (0.00000017)
[  0  0  2  0  1  1  0  0  1 ] (0.00001305)
[  0  0  2  0  1  1  0  1  0 ] (0.00002384)
[  0  0  2  0  1  1  1  0  0 ] (0.00469007)
[  0  0  2  0  1  2  0  0  0 ] (0.00026448)
[  0  0  2  0  2  0  0  0  0 ] (0.00002547)
[  0  0  2  0  2  0  0  0  1 ] (0.00111214)
[  0  0  2  0  2  0  0  1  0 ] (0.00008712)
[  0  0  2  0  2  0  1  0  0 ] (0.00028714)
[  0  0  2  0  2  1  0  0  0 ] (0.00000008)
[  0  0  2  0  3  0  0  0  0 ] (0.00001146)
[  0  0  2  1  0  0  0  0  0 ] (0.00001504)
[  0  0  2  1  0  0  0  0  1 ] (0.00011390)
[  0  0  2  1  0  0  0  0  2 ] (0.00026983)
[  0  0  2  1  0  0  0  1  0 ] (0.00030916)
[  0  0  2  1  0  0  0  1  1 ] (0.00004816)
[  0  0  2  1  0  0  0  2  0 ] (0.00092577)
[  0  0  2  1  0  0  1  0  0 ] (0.00061865)
[  0  0  2  1  0  0  1  0  1 ] (0.00080328)
[  0  0  2  1  0  0  1  1  0 ] (0.00003490)
[  0  0  2  1  0  0  2  0  0 ] (0.00001544)
[  0  0  2  1  0  1  0  0  0 ] (0.00014970)
[  0  0  2  1  0  1  0  0  1 ] (0.00060823)
[  0  0  2  1  0  1  0  1  0 ] (0.00177413)
[  0  0  2  1  0  1  1  0  0 ] (0.00422459)
[  0  0  2  1  0  2  0  0  0 ] (0.00063486)
[  0  0  2  1  1  0  0  0  0 ] (0.00033776)
[  0  0  2  1  1  0  0  0  1 ] (0.00082298)
[  0  0  2  1  1  0  0  1  0 ] (0.00013417)
[  0  0  2  1  1  0  1  0  0 ] (0.00038792)
[  0  0  2  1  1  1  0  0  0 ] (0.00148527)
[  0  0  2  1  2  0  0  0  0 ] (0.00006790)
[  0  0  2  2  0  0  0  0  0 ] (0.00000220)
[  0  0  2  2  0  0  0  0  1 ] (0.00000131)
[  0  0  2  2  0  0  0  1  0 ] (0.00026146)
[  0  0  2  2  0  0  1  0  0 ] (0.00000158)
[  0  0  2  2  0  1  0  0  0 ] (0.00001429)
[  0  0  2  2  1  0  0  0  0 ] (0.00003253)
[  0  0  2  3  0  0  0  0  0 ] (0.00004352)
[  0  0  3  0  0  0  0  0  0 ] (0.00000995)
[  0  0  3  0  0  0  0  0  1 ] (0.00004549)
[  0  0  3  0  0  0  0  0  2 ] (0.00172175)
[  0  0  3  0  0  0  0  1  0 ] (0.00000031)
[  0  0  3  0  0  0  0  1  1 ] (0.00000038)
[  0  0  3  0  0  0  0  2  0 ] (0.00029860)
[  0  0  3  0  0  0  1  0  0 ] (0.00000766)
[  0  0  3  0  0  0  1  0  1 ] (0.00000437)
[  0  0  3  0  0  0  1  1  0 ] (0.00003267)
[  0  0  3  0  0  0  2  0  0 ] (0.00005774)
[  0  0  3  0  0  1  0  0  0 ] (0.00001205)
[  0  0  3  0  0  1  0  0  1 ] (0.00000715)
[  0  0  3  0  0  1  0  1  0 ] (0.00000893)
[  0  0  3  0  0  1  1  0  0 ] (0.00000129)
[  0  0  3  0  0  2  0  0  0 ] (0.00016167)
[  0  0  3  0  1  0  0  0  0 ] (0.00000783)
[  0  0  3  0  1  0  0  0  1 ] (0.00000012)
[  0  0  3  0  1  0  0  1  0 ] (0.00004145)
[  0  0  3  0  1  0  1  0  0 ] (0.00004247)
[  0  0  3  0  1  1  0  0  0 ] (0.00000860)
[  0  0  3  0  2  0  0  0  0 ] (0.00001054)
[  0  0  3  1  0  0  0  0  0 ] (0.00009900)
[  0  0  3  1  0  0  0  0  1 ] (0.00005912)
[  0  0  3  1  0  0  0  1  0 ] (0.00000555)
[  0  0  3  1  0  0  1  0  0 ] (0.00060718)
[  0  0  3  1  0  1  0  0  0 ] (0.00043784)
[  0  0  3  1  1  0  0  0  0 ] (0.00019571)
[  0  0  3  2  0  0  0  0  0 ] (0.00000617)
[  0  0  4  0  0  0  0  0  0 ] (0.00003280)
[  0  0  4  0  0  0  0  0  1 ] (0.00000112)
[  0  0  4  0  0  0  0  1  0 ] (0.00001245)
[  0  0  4  0  0  0  1  0  0 ] (0.00000664)
[  0  0  4  0  0  1  0  0  0 ] (0.00002103)
[  0  0  4  0  1  0  0  0  0 ] (0.00004285)
[  0  0  4  1  0  0  0  0  0 ] (0.00000001)
[  0  0  5  0  0  0  0  0  0 ] (0.00002368)
[  0  1  0  0  0  0  0  0  0 ] (0.00000361)
[  0  1  0  0  0  0  0  0  1 ] (0.00025665)
[  0  1  0  0  0  0  0  0  2 ] (0.00000079)
[  0  1  0  0  0  0  0  0  3 ] (0.00001491)
[  0  1  0  0  0  0  0  0  4 ] (0.00002259)
[  0  1  0  0  0  0  0  1  0 ] (0.00000008)
[  0  1  0  0  0  0  0  1  1 ] (0.00006895)
[  0  1  0  0  0  0  0  1  2 ] (0.00000565)
[  0  1  0  0  0  0  0  1  3 ] (0.00000001)
[  0  1  0  0  0  0  0  2  0 ] (0.00001720)
[  0  1  0  0  0  0  0  2  1 ] (0.00013562)
[  0  1  0  0  0  0  0  2  2 ] (0.00000575)
[  0  1  0  0  0  0  0  3  0 ] (0.00320339)
[  0  1  0  0  0  0  0  3  1 ] (0.00017966)
[  0  1  0  0  0  0  0  4  0 ] (0.00000808)
[  0  1  0  0  0  0  1  0  0 ] (0.00001100)
[  0  1  0  0  0  0  1  0  1 ] (0.00003981)
[  0  1  0  0  0  0  1  0  2 ] (0.00020208)
[  0  1  0  0  0  0  1  0  3 ] (0.00000724)
[  0  1  0  0  0  0  1  1  0 ] (0.00028709)
[  0  1  0  0  0  0  1  1  1 ] (0.00000399)
[  0  1  0  0  0  0  1  1  2 ] (0.00000012)
[  0  1  0  0  0  0  1  2  0 ] (0.00004339)
[  0  1  0  0  0  0  1  2  1 ] (0.00006778)
[  0  1  0  0  0  0  1  3  0 ] (0.00002160)
[  0  1  0  0  0  0  2  0  0 ] (0.00042685)
[  0  1  0  0  0  0  2  0  1 ] (0.00490496)
[  0  1  0  0  0  0  2  0  2 ] (0.00075609)
[  0  1  0  0  0  0  2  1  0 ] (0.00166865)
[  0  1  0  0  0  0  2  1  1 ] (0.00027468)
[  0  1  0  0  0  0  2  2  0 ] (0.00002236)
[  0  1  0  0  0  0  3  0  0 ] (0.00009646)
[  0  1  0  0  0  0  3  0  1 ] (0.00014030)
[  0  1  0  0  0  0  3  1  0 ] (0.00000773)
[  0  1  0  0  0  0  4  0  0 ] (0.00038349)
[  0  1  0  0  0  1  0  0  0 ] (0.00000006)
[  0  1  0  0  0  1  0  0  1 ] (0.00000478)
[  0  1  0  0  0  1  0  0  2 ] (0.00000143)
[  0  1  0  0  0  1  0  0  3 ] (0.00000490)
[  0  1  0  0  0  1  0  1  0 ] (0.00000015)
[  0  1  0  0  0  1  0  1  1 ] (0.00001849)
[  0  1  0  0  0  1  0  1  2 ] (0.00000997)
[  0  1  0  0  0  1  0  2  0 ] (0.00001718)
[  0  1  0  0  0  1  0  2  1 ] (0.00001116)
[  0  1  0  0  0  1  0  3  0 ] (0.00000971)
[  0  1  0  0  0  1  1  0  0 ] (0.00001339)
[  0  1  0  0  0  1  1  0  1 ] (0.00016444)
[  0  1  0  0  0  1  1  0  2 ] (0.00000146)
[  0  1  0  0  0  1  1  1  0 ] (0.00098390)
[  0  1  0  0  0  1  1  1  1 ] (0.00008874)
[  0  1  0  0  0  1  1  2  0 ] (0.00000186)
[  0  1  0  0  0  1  2  0  0 ] (0.00002806)
[  0  1  0  0  0  1  2  0  1 ] (0.00022150)
[  0  1  0  0  0  1  2  1  0 ] (0.00010211)
[  0  1  0  0  0  1  3  0  0 ] (0.00042384)
[  0  1  0  0  0  2  0  0  0 ] (0.00000100)
[  0  1  0  0  0  2  0  0  1 ] (0.00023409)
[  0  1  0  0  0  2  0  0  2 ] (0.00100590)
[  0  1  0  0  0  2  0  1  0 ] (0.00002134)
[  0  1  0  0  0  2  0  1  1 ] (0.00001192)
[  0  1  0  0  0  2  0  2  0 ] (0.00003698)
[  0  1  0  0  0  2  1  0  0 ] (0.00002928)
[  0  1  0  0  0  2  1  0  1 ] (0.00009170)
[  0  1  0  0  0  2  1  1  0 ] (0.00004305)
[  0  1  0  0  0  2  2  0  0 ] (0.00009181)
[  0  1  0  0  0  3  0  0  0 ] (0.00000907)
[  0  1  0  0  0  3  0  0  1 ] (0.00143013)
[  0  1  0  0  0  3  0  1  0 ] (0.00024718)
[  0  1  0  0  0  3  1  0  0 ] (0.00271897)
[  0  1  0  0  0  4  0  0  0 ] (0.00003335)
[  0  1  0  0  1  0  0  0  0 ] (0.00000949)
[  0  1  0  0  1  0  0  0  1 ] (0.00000174)
[  0  1  0  0  1  0  0  0  2 ] (0.00005507)
[  0  1  0  0  1  0  0  0  3 ] (0.00000276)
[  0  1  0  0  1  0  0  1  0 ] (0.00003515)
[  0  1  0  0  1  0  0  1  1 ] (0.00002906)
[  0  1  0  0  1  0  0  1  2 ] (0.00000008)
[  0  1  0  0  1  0  0  2  0 ] (0.00000373)
[  0  1  0  0  1  0  0  2  1 ] (0.00001148)
[  0  1  0  0  1  0  0  3  0 ] (0.00000010)
[  0  1  0  0  1  0  1  0  0 ] (0.00002933)
[  0  1  0  0  1  0  1  0  1 ] (0.00001173)
[  0  1  0  0  1  0  1  0  2 ] (0.00000009)
[  0  1  0  0  1  0  1  1  0 ] (0.00000237)
[  0  1  0  0  1  0  1  1  1 ] (0.00005963)
[  0  1  0  0  1  0  1  2  0 ] (0.00000540)
[  0  1  0  0  1  0  2  0  0 ] (0.00000021)
[  0  1  0  0  1  0  2  0  1 ] (0.00000470)
[  0  1  0  0  1  0  2  1  0 ] (0.00000271)
[  0  1  0  0  1  0  3  0  0 ] (0.00010802)
[  0  1  0  0  1  1  0  0  0 ] (0.00001288)
[  0  1  0  0  1  1  0  0  1 ] (0.00006688)
[  0  1  0  0  1  1  0  0  2 ] (0.00001426)
[  0  1  0  0  1  1  0  1  0 ] (0.00010623)
[  0  1  0  0  1  1  0  1  1 ] (0.00000002)
[  0  1  0  0  1  1  0  2  0 ] (0.00000625)
[  0  1  0  0  1  1  1  0  0 ] (0.00000471)
[  0  1  0  0  1  1  1  0  1 ] (0.00000212)
[  0  1  0  0  1  1  1  1  0 ] (0.00000269)
[  0  1  0  0  1  1  2  0  0 ] (0.00009712)
[  0  1  0  0  1  2  0  0  0 ] (0.00004627)
[  0  1  0  0  1  2  0  0  1 ] (0.00036204)
[  0  1  0  0  1  2  0  1  0 ] (0.00001028)
[  0  1  0  0  1  2  1  0  0 ] (0.00237899)
[  0  1  0  0  1  3  0  0  0 ] (0.00005663)
[  0  1  0  0  2  0  0  0  0 ] (0.00000698)
[  0  1  0  0  2  0  0  0  1 ] (0.00000079)
[  0  1  0  0  2  0  0  0  2 ] (0.00004548)
[  0  1  0  0  2  0  0  1  0 ] (0.00000694)
[  0  1  0  0  2  0  0  1  1 ] (0.00000033)
[  0  1  0  0  2  0  0  2  0 ] (0.00000166)
[  0  1  0  0  2  0  1  0  0 ] (0.00003795)
[  0  1  0  0  2  0  1  0  1 ] (0.00000406)
[  0  1  0  0  2  0  1  1  0 ] (0.00000052)
[  0  1  0  0  2  0  2  0  0 ] (0.00555839)
[  0  1  0  0  2  1  0  0  0 ] (0.00005216)
[  0  1  0  0  2  1  0  0  1 ] (0.00003068)
[  0  1  0  0  2  1  0  1  0 ] (0.00003883)
[  0  1  0  0  2  1  1  0  0 ] (0.00196897)
[  0  1  0  0  2  2  0  0  0 ] (0.00002164)
[  0  1  0  0  3  0  0  0  0 ] (0.00007595)
[  0  1  0  0  3  0  0  0  1 ] (0.00816586)
[  0  1  0  0  3  0  0  1  0 ] (0.00173289)
[  0  1  0  0  3  0  1  0  0 ] (0.00020729)
[  0  1  0  0  3  1  0  0  0 ] (0.00000739)
[  0  1  0  0  4  0  0  0  0 ] (0.00011710)
[  0  1  0  1  0  0  0  0  0 ] (0.00000605)
[  0  1  0  1  0  0  0  0  1 ] (0.00002972)
[  0  1  0  1  0  0  0  0  2 ] (0.00000140)
[  0  1  0  1  0  0  0  0  3 ] (0.00000434)
[  0  1  0  1  0  0  0  1  0 ] (0.00000192)
[  0  1  0  1  0  0  0  1  1 ] (0.00020400)
[  0  1  0  1  0  0  0  1  2 ] (0.00000000)
[  0  1  0  1  0  0  0  2  0 ] (0.00000159)
[  0  1  0  1  0  0  0  2  1 ] (0.00000817)
[  0  1  0  1  0  0  0  3  0 ] (0.00001866)
[  0  1  0  1  0  0  1  0  0 ] (0.00003385)
[  0  1  0  1  0  0  1  0  1 ] (0.00036569)
[  0  1  0  1  0  0  1  0  2 ] (0.00003545)
[  0  1  0  1  0  0  1  1  0 ] (0.00069768)
[  0  1  0  1  0  0  1  1  1 ] (0.00015237)
[  0  1  0  1  0  0  1  2  0 ] (0.00001586)
[  0  1  0  1  0  0  2  0  0 ] (0.00029001)
[  0  1  0  1  0  0  2  0  1 ] (0.00078625)
[  0  1  0  1  0  0  2  1  0 ] (0.00000693)
[  0  1  0  1  0  0  3  0  0 ] (0.00011000)
[  0  1  0  1  0  1  0  0  0 ] (0.00000435)
[  0  1  0  1  0  1  0  0  1 ] (0.00014490)
[  0  1  0  1  0  1  0  0  2 ] (0.00001669)
[  0  1  0  1  0  1  0  1  0 ] (0.00000336)
[  0  1  0  1  0  1  0  1  1 ] (0.00007560)
[  0  1  0  1  0  1  0  2  0 ] (0.00000017)
[  0  1  0  1  0  1  1  0  0 ] (0.00013053)
[  0  1  0  1  0  1  1  0  1 ] (0.00003660)
[  0  1  0  1  0  1  1  1  0 ] (0.00000001)
[  0  1  0  1  0  1  2  0  0 ] (0.00876205)
[  0  1  0  1  0  2  0  0  0 ] (0.00002692)
[  0  1  0  1  0  2  0  0  1 ] (0.00041448)
[  0  1  0  1  0  2  0  1  0 ] (0.00002448)
[  0  1  0  1  0  2  1  0  0 ] (0.00149537)
[  0  1  0  1  0  3  0  0  0 ] (0.00000096)
[  0  1  0  1  1  0  0  0  0 ] (0.00002913)
[  0  1  0  1  1  0  0  0  1 ] (0.00000657)
[  0  1  0  1  1  0  0  0  2 ] (0.00000037)
[  0  1  0  1  1  0  0  1  0 ] (0.00000402)
[  0  1  0  1  1  0  0  1  1 ] (0.00000060)
[  0  1  0  1  1  0  0  2  0 ] (0.00004265)
[  0  1  0  1  1  0  1  0  0 ] (0.00006607)
[  0  1  0  1  1  0  1  0  1 ] (0.00002443)
[  0  1  0  1  1  0  1  1  0 ] (0.00002706)
[  0  1  0  1  1  0  2  0  0 ] (0.00065716)
[  0  1  0  1  1  1  0  0  0 ] (0.00001950)
[  0  1  0  1  1  1  0  0  1 ] (0.00025479)
[  0  1  0  1  1  1  0  1  0 ] (0.00003346)
[  0  1  0  1  1  1  1  0  0 ] (0.00044012)
[  0  1  0  1  1  2  0  0  0 ] (0.00012419)
[  0  1  0  1  2  0  0  0  0 ] (0.00006505)
[  0  1  0  1  2  0  0  0  1 ] (0.00195891)
[  0  1  0  1  2  0  0  1  0 ] (0.00004212)
[  0  1  0  1  2  0  1  0  0 ] (0.00146290)
[  0  1  0  1  2  1  0  0  0 ] (0.00016593)
[  0  1  0  1  3  0  0  0  0 ] (0.00000449)
[  0  1  0  2  0  0  0  0  0 ] (0.00002180)
[  0  1  0  2  0  0  0  0  1 ] (0.00269501)
[  0  1  0  2  0  0  0  0  2 ] (0.00411226)
[  0  1  0  2  0  0  0  1  0 ] (0.00007070)
[  0  1  0  2  0  0  0  1  1 ] (0.00003266)
[  0  1  0  2  0  0  0  2  0 ] (0.00008983)
[  0  1  0  2  0  0  1  0  0 ] (0.00014409)
[  0  1  0  2  0  0  1  0  1 ] (0.00075430)
[  0  1  0  2  0  0  1  1  0 ] (0.00001736)
[  0  1  0  2  0  0  2  0  0 ] (0.00013227)
[  0  1  0  2  0  1  0  0  0 ] (0.00011470)
[  0  1  0  2  0  1  0  0  1 ] (0.01269236)
[  0  1  0  2  0  1  0  1  0 ] (0.00050338)
[  0  1  0  2  0  1  1  0  0 ] (0.00008633)
[  0  1  0  2  0  2  0  0  0 ] (0.00003404)
[  0  1  0  2  1  0  0  0  0 ] (0.00001080)
[  0  1  0  2  1  0  0  0  1 ] (0.00005736)
[  0  1  0  2  1  0  0  1  0 ] (0.00060090)
[  0  1  0  2  1  0  1  0  0 ] (0.00056988)
[  0  1  0  2  1  1  0  0  0 ] (0.00012802)
[  0  1  0  2  2  0  0  0  0 ] (0.00000164)
[  0  1  0  3  0  0  0  0  0 ] (0.00003383)
[  0  1  0  3  0  0  0  0  1 ] (0.00045549)
[  0  1  0  3  0  0  0  1  0 ] (0.00003004)
[  0  1  0  3  0  0  1  0  0 ] (0.00000020)
[  0  1  0  3  0  1  0  0  0 ] (0.00002068)
[  0  1  0  3  1  0  0  0  0 ] (0.00000061)
[  0  1  0  4  0  0  0  0  0 ] (0.00001165)
[  0  1  1  0  0  0  0  0  0 ] (0.00000018)
[  0  1  1  0  0  0  0  0  1 ] (0.00007299)
[  0  1  1  0  0  0  0  0  2 ] (0.00003147)
[  0  1  1  0  0  0  0  0  3 ] (0.00000014)
[  0  1  1  0  0  0  0  1  0 ] (0.00000440)
[  0  1  1  0  0  0  0  1  1 ] (0.00062809)
[  0  1  1  0  0  0  0  1  2 ] (0.00000314)
[  0  1  1  0  0  0  0  2  0 ] (0.00000021)
[  0  1  1  0  0  0  0  2  1 ] (0.00001419)
[  0  1  1  0  0  0  0  3  0 ] (0.00008512)
[  0  1  1  0  0  0  1  0  0 ] (0.00014202)
[  0  1  1  0  0  0  1  0  1 ] (0.00149535)
[  0  1  1  0  0  0  1  0  2 ] (0.00016187)
[  0  1  1  0  0  0  1  1  0 ] (0.00000051)
[  0  1  1  0  0  0  1  1  1 ] (0.00000116)
[  0  1  1  0  0  0  1  2  0 ] (0.00000484)
[  0  1  1  0  0  0  2  0  0 ] (0.00001584)
[  0  1  1  0  0  0  2  0  1 ] (0.00016994)
[  0  1  1  0  0  0  2  1  0 ] (0.00001549)
[  0  1  1  0  0  0  3  0  0 ] (0.00282012)
[  0  1  1  0  0  1  0  0  0 ] (0.00000662)
[  0  1  1  0  0  1  0  0  1 ] (0.00004803)
[  0  1  1  0  0  1  0  0  2 ] (0.00007689)
[  0  1  1  0  0  1  0  1  0 ] (0.00000466)
[  0  1  1  0  0  1  0  1  1 ] (0.00005392)
[  0  1  1  0  0  1  0  2  0 ] (0.00001177)
[  0  1  1  0  0  1  1  0  0 ] (0.00000625)
[  0  1  1  0  0  1  1  0  1 ] (0.00002237)
[  0  1  1  0  0  1  1  1  0 ] (0.00000075)
[  0  1  1  0  0  1  2  0  0 ] (0.00001540)
[  0  1  1  0  0  2  0  0  0 ] (0.00000084)
[  0  1  1  0  0  2  0  0  1 ] (0.00042964)
[  0  1  1  0  0  2  0  1  0 ] (0.00010172)
[  0  1  1  0  0  2  1  0  0 ] (0.00009103)
[  0  1  1  0  0  3  0  0  0 ] (0.00007445)
[  0  1  1  0  1  0  0  0  0 ] (0.00000720)
[  0  1  1  0  1  0  0  0  1 ] (0.00007722)
[  0  1  1  0  1  0  0  0  2 ] (0.00000013)
[  0  1  1  0  1  0  0  1  0 ] (0.00001130)
[  0  1  1  0  1  0  0  1  1 ] (0.00000181)
[  0  1  1  0  1  0  0  2  0 ] (0.00004351)
[  0  1  1  0  1  0  1  0  0 ] (0.00012750)
[  0  1  1  0  1  0  1  0  1 ] (0.00010308)
[  0  1  1  0  1  0  1  1  0 ] (0.00000028)
[  0  1  1  0  1  0  2  0  0 ] (0.00178457)
[  0  1  1  0  1  1  0  0  0 ] (0.00000759)
[  0  1  1  0  1  1  0  0  1 ] (0.00002534)
[  0  1  1  0  1  1  0  1  0 ] (0.00001086)
[  0  1  1  0  1  1  1  0  0 ] (0.00015527)
[  0  1  1  0  1  2  0  0  0 ] (0.00005580)
[  0  1  1  0  2  0  0  0  0 ] (0.00006417)
[  0  1  1  0  2  0  0  0  1 ] (0.00021926)
[  0  1  1  0  2  0  0  1  0 ] (0.00008540)
[  0  1  1  0  2  0  1  0  0 ] (0.00030237)
[  0  1  1  0  2  1  0  0  0 ] (0.00003854)
[  0  1  1  0  3  0  0  0  0 ] (0.00003580)
[  0  1  1  1  0  0  0  0  0 ] (0.00000166)
[  0  1  1  1  0  0  0  0  1 ] (0.00015893)
[  0  1  1  1  0  0  0  0  2 ] (0.00000002)
[  0  1  1  1  0  0  0  1  0 ] (0.00007155)
[  0  1  1  1  0  0  0  1  1 ] (0.00000060)
[  0  1  1  1  0  0  0  2  0 ] (0.00000523)
[  0  1  1  1  0  0  1  0  0 ] (0.00018928)
[  0  1  1  1  0  0  1  0  1 ] (0.00000380)
[  0  1  1  1  0  0  1  1  0 ] (0.00007169)
[  0  1  1  1  0  0  2  0  0 ] (0.00120855)
[  0  1  1  1  0  1  0  0  0 ] (0.00001726)
[  0  1  1  1  0  1  0  0  1 ] (0.00018802)
[  0  1  1  1  0  1  0  1  0 ] (0.00002898)
[  0  1  1  1  0  1  1  0  0 ] (0.00331983)
[  0  1  1  1  0  2  0  0  0 ] (0.00000020)
[  0  1  1  1  1  0  0  0  0 ] (0.00007435)
[  0  1  1  1  1  0  0  0  1 ] (0.00000868)
[  0  1  1  1  1  0  0  1  0 ] (0.00009009)
[  0  1  1  1  1  0  1  0  0 ] (0.00082445)
[  0  1  1  1  1  1  0  0  0 ] (0.00039152)
[  0  1  1  1  2  0  0  0  0 ] (0.00001459)
[  0  1  1  2  0  0  0  0  0 ] (0.00005369)
[  0  1  1  2  0  0  0  0  1 ] (0.00239842)
[  0  1  1  2  0  0  0  1  0 ] (0.00001692)
[  0  1  1  2  0  0  1  0  0 ] (0.00021949)
[  0  1  1  2  0  1  0  0  0 ] (0.00003852)
[  0  1  1  2  1  0  0  0  0 ] (0.00000024)
[  0  1  1  3  0  0  0  0  0 ] (0.00003270)
[  0  1  2  0  0  0  0  0  0 ] (0.00000015)
[  0  1  2  0  0  0  0  0  1 ] (0.00001007)
[  0  1  2  0  0  0  0  0  2 ] (0.00133427)
[  0  1  2  0  0  0  0  1  0 ] (0.00000194)
[  0  1  2  0  0  0  0  1  1 ] (0.00004834)
[  0  1  2  0  0  0  0  2  0 ] (0.00056620)
[  0  1  2  0  0  0  1  0  0 ] (0.00001371)
[  0  1  2  0  0  0  1  0  1 ] (0.00036536)
[  0  1  2  0  0  0  1  1  0 ] (0.00005229)
[  0  1  2  0  0  0  2  0  0 ] (0.00001837)
[  0  1  2  0  0  1  0  0  0 ] (0.00000278)
[  0  1  2  0  0  1  0  0  1 ] (0.00000610)
[  0  1  2  0  0  1  0  1  0 ] (0.00012788)
[  0  1  2  0  0  1  1  0  0 ] (0.00001540)
[  0  1  2  0  0  2  0  0  0 ] (0.00000331)
[  0  1  2  0  1  0  0  0  0 ] (0.00003393)
[  0  1  2  0  1  0  0  0  1 ] (0.00115730)
[  0  1  2  0  1  0  0  1  0 ] (0.00027925)
[  0  1  2  0  1  0  1  0  0 ] (0.00008821)
[  0  1  2  0  1  1  0  0  0 ] (0.00002731)
[  0  1  2  0  2  0  0  0  0 ] (0.00000164)
[  0  1  2  1  0  0  0  0  0 ] (0.00000298)
[  0  1  2  1  0  0  0  0  1 ] (0.00006484)
[  0  1  2  1  0  0  0  1  0 ] (0.00016426)
[  0  1  2  1  0  0  1  0  0 ] (0.00032962)
[  0  1  2  1  0  1  0  0  0 ] (0.00000000)
[  0  1  2  1  1  0  0  0  0 ] (0.00007901)
[  0  1  2  2  0  0  0  0  0 ] (0.00000525)
[  0  1  3  0  0  0  0  0  0 ] (0.00000002)
[  0  1  3  0  0  0  0  0  1 ] (0.00000422)
[  0  1  3  0  0  0  0  1  0 ] (0.00000189)
[  0  1  3  0  0  0  1  0  0 ] (0.00003805)
[  0  1  3  0  0  1  0  0  0 ] (0.00001026)
[  0  1  3  0  1  0  0  0  0 ] (0.00000051)
[  0  1  3  1  0  0  0  0  0 ] (0.00000059)
[  0  1  4  0  0  0  0  0  0 ] (0.00000005)
[  0  2  0  0  0  0  0  0  0 ] (0.00000033)
[  0  2  0  0  0  0  0  0  1 ] (0.00000368)
[  0  2  0  0  0  0  0  0  2 ] (0.00000016)
[  0  2  0  0  0  0  0  0  3 ] (0.00000081)
[  0  2  0  0  0  0  0  1  0 ] (0.00003207)
[  0  2  0  0  0  0  0  1  1 ] (0.00017167)
[  0  2  0  0  0  0  0  1  2 ] (0.00002811)
[  0  2  0  0  0  0  0  2  0 ] (0.00000272)
[  0  2  0  0  0  0  0  2  1 ] (0.00000282)
[  0  2  0  0  0  0  0  3  0 ] (0.00021299)
[  0  2  0  0  0  0  1  0  0 ] (0.00000090)
[  0  2  0  0  0  0  1  0  1 ] (0.00002747)
[  0  2  0  0  0  0  1  0  2 ] (0.00003714)
[  0  2  0  0  0  0  1  1  0 ] (0.00001682)
[  0  2  0  0  0  0  1  1  1 ] (0.00002112)
[  0  2  0  0  0  0  1  2  0 ] (0.00001427)
[  0  2  0  0  0  0  2  0  0 ] (0.00001233)
[  0  2  0  0  0  0  2  0  1 ] (0.00005831)
[  0  2  0  0  0  0  2  1  0 ] (0.00001640)
[  0  2  0  0  0  0  3  0  0 ] (0.00008350)
[  0  2  0  0  0  1  0  0  0 ] (0.00000897)
[  0  2  0  0  0  1  0  0  1 ] (0.00001604)
[  0  2  0  0  0  1  0  0  2 ] (0.00024072)
[  0  2  0  0  0  1  0  1  0 ] (0.00000000)
[  0  2  0  0  0  1  0  1  1 ] (0.00000008)
[  0  2  0  0  0  1  0  2  0 ] (0.00006120)
[  0  2  0  0  0  1  1  0  0 ] (0.00000003)
[  0  2  0  0  0  1  1  0  1 ] (0.00001260)
[  0  2  0  0  0  1  1  1  0 ] (0.00000028)
[  0  2  0  0  0  1  2  0  0 ] (0.00000002)
[  0  2  0  0  0  2  0  0  0 ] (0.00000021)
[  0  2  0  0  0  2  0  0  1 ] (0.00000020)
[  0  2  0  0  0  2  0  1  0 ] (0.00009120)
[  0  2  0  0  0  2  1  0  0 ] (0.00000126)
[  0  2  0  0  0  3  0  0  0 ] (0.00000438)
[  0  2  0  0  1  0  0  0  0 ] (0.00000193)
[  0  2  0  0  1  0  0  0  1 ] (0.00001481)
[  0  2  0  0  1  0  0  0  2 ] (0.00024949)
[  0  2  0  0  1  0  0  1  0 ] (0.00000089)
[  0  2  0  0  1  0  0  1  1 ] (0.00002400)
[  0  2  0  0  1  0  0  2  0 ] (0.00000095)
[  0  2  0  0  1  0  1  0  0 ] (0.00000968)
[  0  2  0  0  1  0  1  0  1 ] (0.00001602)
[  0  2  0  0  1  0  1  1  0 ] (0.00005574)
[  0  2  0  0  1  0  2  0  0 ] (0.00001273)
[  0  2  0  0  1  1  0  0  0 ] (0.00000259)
[  0  2  0  0  1  1  0  0  1 ] (0.00021702)
[  0  2  0  0  1  1  0  1  0 ] (0.00012034)
[  0  2  0  0  1  1  1  0  0 ] (0.00010146)
[  0  2  0  0  1  2  0  0  0 ] (0.00000681)
[  0  2  0  0  2  0  0  0  0 ] (0.00000004)
[  0  2  0  0  2  0  0  0  1 ] (0.00003864)
[  0  2  0  0  2  0  0  1  0 ] (0.00055274)
[  0  2  0  0  2  0  1  0  0 ] (0.00000005)
[  0  2  0  0  2  1  0  0  0 ] (0.00000164)
[  0  2  0  0  3  0  0  0  0 ] (0.00000176)
[  0  2  0  1  0  0  0  0  0 ] (0.00000005)
[  0  2  0  1  0  0  0  0  1 ] (0.00012859)
[  0  2  0  1  0  0  0  0  2 ] (0.00000068)
[  0  2  0  1  0  0  0  1  0 ] (0.00026892)
[  0  2  0  1  0  0  0  1  1 ] (0.00006351)
[  0  2  0  1  0  0  0  2  0 ] (0.00034949)
[  0  2  0  1  0  0  1  0  0 ] (0.00000561)
[  0  2  0  1  0  0  1  0  1 ] (0.00000419)
[  0  2  0  1  0  0  1  1  0 ] (0.00007854)
[  0  2  0  1  0  0  2  0  0 ] (0.00000145)
[  0  2  0  1  0  1  0  0  0 ] (0.00000002)
[  0  2  0  1  0  1  0  0  1 ] (0.00069820)
[  0  2  0  1  0  1  0  1  0 ] (0.00323231)
[  0  2  0  1  0  1  1  0  0 ] (0.00001667)
[  0  2  0  1  0  2  0  0  0 ] (0.00002696)
[  0  2  0  1  1  0  0  0  0 ] (0.00001488)
[  0  2  0  1  1  0  0  0  1 ] (0.00085134)
[  0  2  0  1  1  0  0  1  0 ] (0.00130188)
[  0  2  0  1  1  0  1  0  0 ] (0.00014020)
[  0  2  0  1  1  1  0  0  0 ] (0.00002789)
[  0  2  0  1  2  0  0  0  0 ] (0.00000001)
[  0  2  0  2  0  0  0  0  0 ] (0.00000050)
[  0  2  0  2  0  0  0  0  1 ] (0.00001982)
[  0  2  0  2  0  0  0  1  0 ] (0.00002923)
[  0  2  0  2  0  0  1  0  0 ] (0.00000114)
[  0  2  0  2  0  1  0  0  0 ] (0.00000082)
[  0  2  0  2  1  0  0  0  0 ] (0.00000017)
[  0  2  0  3  0  0  0  0  0 ] (0.00000000)
[  0  2  1  0  0  0  0  0  0 ] (0.00000069)
[  0  2  1  0  0  0  0  0  1 ] (0.00000419)
[  0  2  1  0  0  0  0  0  2 ] (0.00003500)
[  0  2  1  0  0  0  0  1  0 ] (0.00004118)
[  0  2  1  0  0  0  0  1  1 ] (0.00001008)
[  0  2  1  0  0  0  0  2  0 ] (0.00031485)
[  0  2  1  0  0  0  1  0  0 ] (0.00000882)
[  0  2  1  0  0  0  1  0  1 ] (0.00018661)
[  0  2  1  0  0  0  1  1  0 ] (0.00003173)
[  0  2  1  0  0  0  2  0  0 ] (0.00005638)
[  0  2  1  0  0  1  0  0  0 ] (0.00001137)
[  0  2  1  0  0  1  0  0  1 ] (0.00008284)
[  0  2  1  0  0  1  0  1  0 ] (0.00008462)
[  0  2  1  0  0  1  1  0  0 ] (0.00000219)
[  0  2  1  0  0  2  0  0  0 ] (0.00000046)
[  0  2  1  0  1  0  0  0  0 ] (0.00000442)
[  0  2  1  0  1  0  0  0  1 ] (0.00020747)
[  0  2  1  0  1  0  0  1  0 ] (0.00011900)
[  0  2  1  0  1  0  1  0  0 ] (0.00000842)
[  0  2  1  0  1  1  0  0  0 ] (0.00000027)
[  0  2  1  0  2  0  0  0  0 ] (0.00000620)
[  0  2  1  1  0  0  0  0  0 ] (0.00000005)
[  0  2  1  1  0  0  0  0  1 ] (0.00007883)
[  0  2  1  1  0  0  0  1  0 ] (0.00028395)
[  0  2  1  1  0  0  1  0  0 ] (0.00000621)
[  0  2  1  1  0  1  0  0  0 ] (0.00000052)
[  0  2  1  1  1  0  0  0  0 ] (0.00000148)
[  0  2  1  2  0  0  0  0  0 ] (0.00000043)
[  0  2  2  0  0  0  0  0  0 ] (0.00000002)
[  0  2  2  0  0  0  0  0  1 ] (0.00000006)
[  0  2  2  0  0  0  0  1  0 ] (0.00000003)
[  0  2  2  0  0  0  1  0  0 ] (0.00000499)
[  0  2  2  0  0  1  0  0  0 ] (0.00000060)
[  0  2  2  0  1  0  0  0  0 ] (0.00000100)
[  0  2  2  1  0  0  0  0  0 ] (0.00000028)
[  0  2  3  0  0  0  0  0  0 ] (0.00000001)
[  0  3  0  0  0  0  0  0  0 ] (0.00000171)
[  0  3  0  0  0  0  0  0  1 ] (0.00000086)
[  0  3  0  0  0  0  0  0  2 ] (0.00002884)
[  0  3  0  0  0  0  0  1  0 ] (0.00000062)
[  0  3  0  0  0  0  0  1  1 ] (0.00006903)
[  0  3  0  0  0  0  0  2  0 ] (0.00000414)
[  0  3  0  0  0  0  1  0  0 ] (0.00006149)
[  0  3  0  0  0  0  1  0  1 ] (0.00119018)
[  0  3  0  0  0  0  1  1  0 ] (0.00002212)
[  0  3  0  0  0  0  2  0  0 ] (0.00000000)
[  0  3  0  0  0  1  0  0  0 ] (0.00000358)
[  0  3  0  0  0  1  0  0  1 ] (0.00002628)
[  0  3  0  0  0  1  0  1  0 ] (0.00010087)
[  0  3  0  0  0  1  1  0  0 ] (0.00002116)
[  0  3  0  0  0  2  0  0  0 ] (0.00000130)
[  0  3  0  0  1  0  0  0  0 ] (0.00000533)
[  0  3  0  0  1  0  0  0  1 ] (0.00000808)
[  0  3  0  0  1  0  0  1  0 ] (0.00024843)
[  0  3  0  0  1  0  1  0  0 ] (0.00003381)
[  0  3  0  0  1  1  0  0  0 ] (0.00000083)
[  0  3  0  0  2  0  0  0  0 ] (0.00000059)
[  0  3  0  1  0  0  0  0  0 ] (0.00000570)
[  0  3  0  1  0  0  0  0  1 ] (0.00000055)
[  0  3  0  1  0  0  0  1  0 ] (0.00000850)
[  0  3  0  1  0  0  1  0  0 ] (0.00002217)
[  0  3  0  1  0  1  0  0  0 ] (0.00000132)
[  0  3  0  1  1  0  0  0  0 ] (0.00001896)
[  0  3  0  2  0  0  0  0  0 ] (0.00000155)
[  0  3  1  0  0  0  0  0  0 ] (0.00000217)
[  0  3  1  0  0  0  0  0  1 ] (0.00001899)
[  0  3  1  0  0  0  0  1  0 ] (0.00004904)
[  0  3  1  0  0  0  1  0  0 ] (0.00000205)
[  0  3  1  0  0  1  0  0  0 ] (0.00000052)
[  0  3  1  0  1  0  0  0  0 ] (0.00000008)
[  0  3  1  1  0  0  0  0  0 ] (0.00000006)
[  0  3  2  0  0  0  0  0  0 ] (0.00000022)
[  0  4  0  0  0  0  0  0  0 ] (0.00000196)
[  0  4  0  0  0  0  0  0  1 ] (0.00002342)
[  0  4  0  0  0  0  0  1  0 ] (0.00000310)
[  0  4  0  0  0  0  1  0  0 ] (0.00001683)
[  0  4  0  0  0  1  0  0  0 ] (0.00000121)
[  0  4  0  0  1  0  0  0  0 ] (0.00000189)
[  0  4  0  1  0  0  0  0  0 ] (0.00000403)
[  0  4  1  0  0  0  0  0  0 ] (0.00000005)
[  0  5  0  0  0  0  0  0  0 ] (0.00000167)
[  1  0  0  0  0  0  0  0  0 ] (0.00000826)
[  1  0  0  0  0  0  0  0  1 ] (0.00000902)
[  1  0  0  0  0  0  0  0  2 ] (0.00000439)
[  1  0  0  0  0  0  0  0  3 ] (0.00000109)
[  1  0  0  0  0  0  0  0  4 ] (0.00000095)
[  1  0  0  0  0  0  0  1  0 ] (0.00001702)
[  1  0  0  0  0  0  0  1  1 ] (0.00000778)
[  1  0  0  0  0  0  0  1  2 ] (0.00011246)
[  1  0  0  0  0  0  0  1  3 ] (0.00000002)
[  1  0  0  0  0  0  0  2  0 ] (0.00001624)
[  1  0  0  0  0  0  0  2  1 ] (0.00011305)
[  1  0  0  0  0  0  0  2  2 ] (0.00001516)
[  1  0  0  0  0  0  0  3  0 ] (0.00001836)
[  1  0  0  0  0  0  0  3  1 ] (0.00002638)
[  1  0  0  0  0  0  0  4  0 ] (0.00008612)
[  1  0  0  0  0  0  1  0  0 ] (0.00000786)
[  1  0  0  0  0  0  1  0  1 ] (0.00001844)
[  1  0  0  0  0  0  1  0  2 ] (0.00002160)
[  1  0  0  0  0  0  1  0  3 ] (0.00000002)
[  1  0  0  0  0  0  1  1  0 ] (0.00001168)
[  1  0  0  0  0  0  1  1  1 ] (0.00003160)
[  1  0  0  0  0  0  1  1  2 ] (0.00000083)
[  1  0  0  0  0  0  1  2  0 ] (0.00004449)
[  1  0  0  0  0  0  1  2  1 ] (0.00002734)
[  1  0  0  0  0  0  1  3  0 ] (0.00001796)
[  1  0  0  0  0  0  2  0  0 ] (0.00000001)
[  1  0  0  0  0  0  2  0  1 ] (0.00038161)
[  1  0  0  0  0  0  2  0  2 ] (0.00007803)
[  1  0  0  0  0  0  2  1  0 ] (0.00003891)
[  1  0  0  0  0  0  2  1  1 ] (0.00000255)
[  1  0  0  0  0  0  2  2  0 ] (0.00001408)
[  1  0  0  0  0  0  3  0  0 ] (0.00002666)
[  1  0  0  0  0  0  3  0  1 ] (0.00000070)
[  1  0  0  0  0  0  3  1  0 ] (0.00000012)
[  1  0  0  0  0  0  4  0  0 ] (0.00000500)
[  1  0  0  0  0  1  0  0  0 ] (0.00002371)
[  1  0  0  0  0  1  0  0  1 ] (0.00006351)
[  1  0  0  0  0  1  0  0  2 ] (0.00000008)
[  1  0  0  0  0  1  0  0  3 ] (0.00000001)
[  1  0  0  0  0  1  0  1  0 ] (0.00000193)
[  1  0  0  0  0  1  0  1  1 ] (0.00155203)
[  1  0  0  0  0  1  0  1  2 ] (0.00007394)
[  1  0  0  0  0  1  0  2  0 ] (0.00001397)
[  1  0  0  0  0  1  0  2  1 ] (0.00002222)
[  1  0  0  0  0  1  0  3  0 ] (0.00009195)
[  1  0  0  0  0  1  1  0  0 ] (0.00000070)
[  1  0  0  0  0  1  1  0  1 ] (0.00037733)
[  1  0  0  0  0  1  1  0  2 ] (0.00009082)
[  1  0  0  0  0  1  1  1  0 ] (0.00307423)
[  1  0  0  0  0  1  1  1  1 ] (0.00014774)
[  1  0  0  0  0  1  1  2  0 ] (0.00000717)
[  1  0  0  0  0  1  2  0  0 ] (0.00003452)
[  1  0  0  0  0  1  2  0  1 ] (0.00000011)
[  1  0  0  0  0  1  2  1  0 ] (0.00002424)
[  1  0  0  0  0  1  3  0  0 ] (0.00075434)
[  1  0  0  0  0  2  0  0  0 ] (0.00007223)
[  1  0  0  0  0  2  0  0  1 ] (0.00006704)
[  1  0  0  0  0  2  0  0  2 ] (0.00005484)
[  1  0  0  0  0  2  0  1  0 ] (0.00008522)
[  1  0  0  0  0  2  0  1  1 ] (0.00017746)
[  1  0  0  0  0  2  0  2  0 ] (0.00044289)
[  1  0  0  0  0  2  1  0  0 ] (0.00001710)
[  1  0  0  0  0  2  1  0  1 ] (0.00000759)
[  1  0  0  0  0  2  1  1  0 ] (0.00000595)
[  1  0  0  0  0  2  2  0  0 ] (0.00005389)
[  1  0  0  0  0  3  0  0  0 ] (0.00035609)
[  1  0  0  0  0  3  0  0  1 ] (0.00018231)
[  1  0  0  0  0  3  0  1  0 ] (0.00150648)
[  1  0  0  0  0  3  1  0  0 ] (0.00003096)
[  1  0  0  0  0  4  0  0  0 ] (0.00122282)
[  1  0  0  0  1  0  0  0  0 ] (0.00000891)
[  1  0  0  0  1  0  0  0  1 ] (0.00000160)
[  1  0  0  0  1  0  0  0  2 ] (0.00001910)
[  1  0  0  0  1  0  0  0  3 ] (0.00000119)
[  1  0  0  0  1  0  0  1  0 ] (0.00000838)
[  1  0  0  0  1  0  0  1  1 ] (0.00040937)
[  1  0  0  0  1  0  0  1  2 ] (0.00004873)
[  1  0  0  0  1  0  0  2  0 ] (0.00000058)
[  1  0  0  0  1  0  0  2  1 ] (0.00000099)
[  1  0  0  0  1  0  0  3  0 ] (0.00004478)
[  1  0  0  0  1  0  1  0  0 ] (0.00005819)
[  1  0  0  0  1  0  1  0  1 ] (0.00167353)
[  1  0  0  0  1  0  1  0  2 ] (0.00011478)
[  1  0  0  0  1  0  1  1  0 ] (0.00135461)
[  1  0  0  0  1  0  1  1  1 ] (0.00015038)
[  1  0  0  0  1  0  1  2  0 ] (0.00000144)
[  1  0  0  0  1  0  2  0  0 ] (0.00000005)
[  1  0  0  0  1  0  2  0  1 ] (0.00000016)
[  1  0  0  0  1  0  2  1  0 ] (0.00014169)
[  1  0  0  0  1  0  3  0  0 ] (0.00008106)
[  1  0  0  0  1  1  0  0  0 ] (0.00001128)
[  1  0  0  0  1  1  0  0  1 ] (0.00009607)
[  1  0  0  0  1  1  0  0  2 ] (0.00014257)
[  1  0  0  0  1  1  0  1  0 ] (0.00016359)
[  1  0  0  0  1  1  0  1  1 ] (0.00002977)
[  1  0  0  0  1  1  0  2  0 ] (0.00004994)
[  1  0  0  0  1  1  1  0  0 ] (0.00000109)
[  1  0  0  0  1  1  1  0  1 ] (0.00010380)
[  1  0  0  0  1  1  1  1  0 ] (0.00002609)
[  1  0  0  0  1  1  2  0  0 ] (0.00129181)
[  1  0  0  0  1  2  0  0  0 ] (0.00002367)
[  1  0  0  0  1  2  0  0  1 ] (0.00075416)
[  1  0  0  0  1  2  0  1  0 ] (0.00669267)
[  1  0  0  0  1  2  1  0  0 ] (0.00012038)
[  1  0  0  0  1  3  0  0  0 ] (0.00012098)
[  1  0  0  0  2  0  0  0  0 ] (0.00000005)
[  1  0  0  0  2  0  0  0  1 ] (0.00005109)
[  1  0  0  0  2  0  0  0  2 ] (0.00038881)
[  1  0  0  0  2  0  0  1  0 ] (0.00002363)
[  1  0  0  0  2  0  0  1  1 ] (0.00007585)
[  1  0  0  0  2  0  0  2  0 ] (0.00002861)
[  1  0  0  0  2  0  1  0  0 ] (0.00001369)
[  1  0  0  0  2  0  1  0  1 ] (0.00001548)
[  1  0  0  0  2  0  1  1  0 ] (0.00004128)
[  1  0  0  0  2  0  2  0  0 ] (0.00058905)
[  1  0  0  0  2  1  0  0  0 ] (0.00000464)
[  1  0  0  0  2  1  0  0  1 ] (0.00024581)
[  1  0  0  0  2  1  0  1  0 ] (0.00011284)
[  1  0  0  0  2  1  1  0  0 ] (0.00005786)
[  1  0  0  0  2  2  0  0  0 ] (0.00000690)
[  1  0  0  0  3  0  0  0  0 ] (0.00006272)
[  1  0  0  0  3  0  0  0  1 ] (0.00001467)
[  1  0  0  0  3  0  0  1  0 ] (0.00022277)
[  1  0  0  0  3  0  1  0  0 ] (0.00055747)
[  1  0  0  0  3  1  0  0  0 ] (0.00000001)
[  1  0  0  0  4  0  0  0  0 ] (0.00000039)
[  1  0  0  1  0  0  0  0  0 ] (0.00000549)
[  1  0  0  1  0  0  0  0  1 ] (0.00000565)
[  1  0  0  1  0  0  0  0  2 ] (0.00000089)
[  1  0  0  1  0  0  0  0  3 ] (0.00000902)
[  1  0  0  1  0  0  0  1  0 ] (0.00021448)
[  1  0  0  1  0  0  0  1  1 ] (0.00075754)
[  1  0  0  1  0  0  0  1  2 ] (0.00005817)
[  1  0  0  1  0  0  0  2  0 ] (0.00000074)
[  1  0  0  1  0  0  0  2  1 ] (0.00000055)
[  1  0  0  1  0  0  0  3  0 ] (0.00000455)
[  1  0  0  1  0  0  1  0  0 ] (0.00004046)
[  1  0  0  1  0  0  1  0  1 ] (0.00011052)
[  1  0  0  1  0  0  1  0  2 ] (0.00001308)
[  1  0  0  1  0  0  1  1  0 ] (0.00003822)
[  1  0  0  1  0  0  1  1  1 ] (0.00000601)
[  1  0  0  1  0  0  1  2  0 ] (0.00000759)
[  1  0  0  1  0  0  2  0  0 ] (0.00011051)
[  1  0  0  1  0  0  2  0  1 ] (0.00000008)
[  1  0  0  1  0  0  2  1  0 ] (0.00004579)
[  1  0  0  1  0  0  3  0  0 ] (0.00060672)
[  1  0  0  1  0  1  0  0  0 ] (0.00006186)
[  1  0  0  1  0  1  0  0  1 ] (0.00002404)
[  1  0  0  1  0  1  0  0  2 ] (0.00001738)
[  1  0  0  1  0  1  0  1  0 ] (0.00048962)
[  1  0  0  1  0  1  0  1  1 ] (0.00013739)
[  1  0  0  1  0  1  0  2  0 ] (0.00098434)
[  1  0  0  1  0  1  1  0  0 ] (0.00002209)
[  1  0  0  1  0  1  1  0  1 ] (0.00000294)
[  1  0  0  1  0  1  1  1  0 ] (0.00000535)
[  1  0  0  1  0  1  2  0  0 ] (0.00017788)
[  1  0  0  1  0  2  0  0  0 ] (0.00004346)
[  1  0  0  1  0  2  0  0  1 ] (0.00009218)
[  1  0  0  1  0  2  0  1  0 ] (0.00189997)
[  1  0  0  1  0  2  1  0  0 ] (0.00007161)
[  1  0  0  1  0  3  0  0  0 ] (0.00004486)
[  1  0  0  1  1  0  0  0  0 ] (0.00000039)
[  1  0  0  1  1  0  0  0  1 ] (0.00000015)
[  1  0  0  1  1  0  0  0  2 ] (0.00000215)
[  1  0  0  1  1  0  0  1  0 ] (0.00001780)
[  1  0  0  1  1  0  0  1  1 ] (0.00004324)
[  1  0  0  1  1  0  0  2  0 ] (0.00006987)
[  1  0  0  1  1  0  1  0  0 ] (0.00031047)
[  1  0  0  1  1  0  1  0  1 ] (0.00002128)
[  1  0  0  1  1  0  1  1  0 ] (0.00001644)
[  1  0  0  1  1  0  2  0  0 ] (0.00985504)
[  1  0  0  1  1  1  0  0  0 ] (0.00001325)
[  1  0  0  1  1  1  0  0  1 ] (0.00123666)
[  1  0  0  1  1  1  0  1  0 ] (0.00022619)
[  1  0  0  1  1  1  1  0  0 ] (0.00173079)
[  1  0  0  1  1  2  0  0  0 ] (0.00008494)
[  1  0  0  1  2  0  0  0  0 ] (0.00000270)
[  1  0  0  1  2  0  0  0  1 ] (0.00046311)
[  1  0  0  1  2  0  0  1  0 ] (0.00235874)
[  1  0  0  1  2  0  1  0  0 ] (0.00011368)
[  1  0  0  1  2  1  0  0  0 ] (0.00000107)
[  1  0  0  1  3  0  0  0  0 ] (0.00000000)
[  1  0  0  2  0  0  0  0  0 ] (0.00000273)
[  1  0  0  2  0  0  0  0  1 ] (0.00000040)
[  1  0  0  2  0  0  0  0  2 ] (0.00006673)
[  1  0  0  2  0  0  0  1  0 ] (0.00005075)
[  1  0  0  2  0  0  0  1  1 ] (0.00014584)
[  1  0  0  2  0  0  0  2  0 ] (0.00032400)
[  1  0  0  2  0  0  1  0  0 ] (0.00009368)
[  1  0  0  2  0  0  1  0  1 ] (0.00007921)
[  1  0  0  2  0  0  1  1  0 ] (0.00004001)
[  1  0  0  2  0  0  2  0  0 ] (0.00027904)
[  1  0  0  2  0  1  0  0  0 ] (0.00003629)
[  1  0  0  2  0  1  0  0  1 ] (0.00000954)
[  1  0  0  2  0  1  0  1  0 ] (0.00016032)
[  1  0  0  2  0  1  1  0  0 ] (0.00012101)
[  1  0  0  2  0  2  0  0  0 ] (0.00012440)
[  1  0  0  2  1  0  0  0  0 ] (0.00007606)
[  1  0  0  2  1  0  0  0  1 ] (0.00029146)
[  1  0  0  2  1  0  0  1  0 ] (0.00072044)
[  1  0  0  2  1  0  1  0  0 ] (0.00013879)
[  1  0  0  2  1  1  0  0  0 ] (0.00019440)
[  1  0  0  2  2  0  0  0  0 ] (0.00001004)
[  1  0  0  3  0  0  0  0  0 ] (0.00001302)
[  1  0  0  3  0  0  0  0  1 ] (0.00000392)
[  1  0  0  3  0  0  0  1  0 ] (0.00000124)
[  1  0  0  3  0  0  1  0  0 ] (0.00001774)
[  1  0  0  3  0  1  0  0  0 ] (0.00005617)
[  1  0  0  3  1  0  0  0  0 ] (0.00003278)
[  1  0  0  4  0  0  0  0  0 ] (0.00000140)
[  1  0  1  0  0  0  0  0  0 ] (0.00000057)
[  1  0  1  0  0  0  0  0  1 ] (0.00000562)
[  1  0  1  0  0  0  0  0  2 ] (0.00000034)
[  1  0  1  0  0  0  0  0  3 ] (0.00000823)
[  1  0  1  0  0  0  0  1  0 ] (0.00008355)
[  1  0  1  0  0  0  0  1  1 ] (0.00284015)
[  1  0  1  0  0  0  0  1  2 ] (0.00013588)
[  1  0  1  0  0  0  0  2  0 ] (0.00000028)
[  1  0  1  0  0  0  0  2  1 ] (0.00004556)
[  1  0  1  0  0  0  0  3  0 ] (0.00001361)
[  1  0  1  0  0  0  1  0  0 ] (0.00001338)
[  1  0  1  0  0  0  1  0  1 ] (0.00000241)
[  1  0  1  0  0  0  1  0  2 ] (0.00002471)
[  1  0  1  0  0  0  1  1  0 ] (0.00005983)
[  1  0  1  0  0  0  1  1  1 ] (0.00004995)
[  1  0  1  0  0  0  1  2  0 ] (0.00000412)
[  1  0  1  0  0  0  2  0  0 ] (0.00006883)
[  1  0  1  0  0  0  2  0  1 ] (0.00006380)
[  1  0  1  0  0  0  2  1  0 ] (0.00002826)
[  1  0  1  0  0  0  3  0  0 ] (0.00002281)
[  1  0  1  0  0  1  0  0  0 ] (0.00005287)
[  1  0  1  0  0  1  0  0  1 ] (0.00000955)
[  1  0  1  0  0  1  0  0  2 ] (0.00000224)
[  1  0  1  0  0  1  0  1  0 ] (0.00003662)
[  1  0  1  0  0  1  0  1  1 ] (0.00009891)
[  1  0  1  0  0  1  0  2  0 ] (0.00055050)
[  1  0  1  0  0  1  1  0  0 ] (0.00014947)
[  1  0  1  0  0  1  1  0  1 ] (0.00003983)
[  1  0  1  0  0  1  1  1  0 ] (0.00008051)
[  1  0  1  0  0  1  2  0  0 ] (0.00017214)
[  1  0  1  0  0  2  0  0  0 ] (0.00004392)
[  1  0  1  0  0  2  0  0  1 ] (0.00005085)
[  1  0  1  0  0  2  0  1  0 ] (0.00000014)
[  1  0  1  0  0  2  1  0  0 ] (0.00009022)
[  1  0  1  0  0  3  0  0  0 ] (0.00015247)
[  1  0  1  0  1  0  0  0  0 ] (0.00004034)
[  1  0  1  0  1  0  0  0  1 ] (0.00006117)
[  1  0  1  0  1  0  0  0  2 ] (0.00013016)
[  1  0  1  0  1  0  0  1  0 ] (0.00000625)
[  1  0  1  0  1  0  0  1  1 ] (0.00000020)
[  1  0  1  0  1  0  0  2  0 ] (0.00009497)
[  1  0  1  0  1  0  1  0  0 ] (0.00000278)
[  1  0  1  0  1  0  1  0  1 ] (0.00002440)
[  1  0  1  0  1  0  1  1  0 ] (0.00000000)
[  1  0  1  0  1  0  2  0  0 ] (0.00031238)
[  1  0  1  0  1  1  0  0  0 ] (0.00003594)
[  1  0  1  0  1  1  0  0  1 ] (0.00002925)
[  1  0  1  0  1  1  0  1  0 ] (0.00000669)
[  1  0  1  0  1  1  1  0  0 ] (0.00007219)
[  1  0  1  0  1  2  0  0  0 ] (0.00002690)
[  1  0  1  0  2  0  0  0  0 ] (0.00000208)
[  1  0  1  0  2  0  0  0  1 ] (0.00031910)
[  1  0  1  0  2  0  0  1  0 ] (0.00059929)
[  1  0  1  0  2  0  1  0  0 ] (0.00018184)
[  1  0  1  0  2  1  0  0  0 ] (0.00000018)
[  1  0  1  0  3  0  0  0  0 ] (0.00000019)
[  1  0  1  1  0  0  0  0  0 ] (0.00006937)
[  1  0  1  1  0  0  0  0  1 ] (0.00009356)
[  1  0  1  1  0  0  0  0  2 ] (0.00050564)
[  1  0  1  1  0  0  0  1  0 ] (0.00057739)
[  1  0  1  1  0  0  0  1  1 ] (0.00019545)
[  1  0  1  1  0  0  0  2  0 ] (0.00365863)
[  1  0  1  1  0  0  1  0  0 ] (0.00000030)
[  1  0  1  1  0  0  1  0  1 ] (0.00004854)
[  1  0  1  1  0  0  1  1  0 ] (0.00043804)
[  1  0  1  1  0  0  2  0  0 ] (0.00000326)
[  1  0  1  1  0  1  0  0  0 ] (0.00005131)
[  1  0  1  1  0  1  0  0  1 ] (0.00115864)
[  1  0  1  1  0  1  0  1  0 ] (0.00828750)
[  1  0  1  1  0  1  1  0  0 ] (0.00006036)
[  1  0  1  1  0  2  0  0  0 ] (0.00005910)
[  1  0  1  1  1  0  0  0  0 ] (0.00003567)
[  1  0  1  1  1  0  0  0  1 ] (0.00056593)
[  1  0  1  1  1  0  0  1  0 ] (0.00245248)
[  1  0  1  1  1  0  1  0  0 ] (0.00211833)
[  1  0  1  1  1  1  0  0  0 ] (0.00018959)
[  1  0  1  1  2  0  0  0  0 ] (0.00001264)
[  1  0  1  2  0  0  0  0  0 ] (0.00000584)
[  1  0  1  2  0  0  0  0  1 ] (0.00000618)
[  1  0  1  2  0  0  0  1  0 ] (0.00009266)
[  1  0  1  2  0  0  1  0  0 ] (0.00019607)
[  1  0  1  2  0  1  0  0  0 ] (0.00003724)
[  1  0  1  2  1  0  0  0  0 ] (0.00000583)
[  1  0  1  3  0  0  0  0  0 ] (0.00001748)
[  1  0  2  0  0  0  0  0  0 ] (0.00000608)
[  1  0  2  0  0  0  0  0  1 ] (0.00001976)
[  1  0  2  0  0  0  0  0  2 ] (0.00034442)
[  1  0  2  0  0  0  0  1  0 ] (0.00001080)
[  1  0  2  0  0  0  0  1  1 ] (0.00001032)
[  1  0  2  0  0  0  0  2  0 ] (0.00004577)
[  1  0  2  0  0  0  1  0  0 ] (0.00000362)
[  1  0  2  0  0  0  1  0  1 ] (0.00002228)
[  1  0  2  0  0  0  1  1  0 ] (0.00000008)
[  1  0  2  0  0  0  2  0  0 ] (0.00000471)
[  1  0  2  0  0  1  0  0  0 ] (0.00007082)
[  1  0  2  0  0  1  0  0  1 ] (0.00013712)
[  1  0  2  0  0  1  0  1  0 ] (0.00000376)
[  1  0  2  0  0  1  1  0  0 ] (0.00000659)
[  1  0  2  0  0  2  0  0  0 ] (0.00002116)
[  1  0  2  0  1  0  0  0  0 ] (0.00000005)
[  1  0  2  0  1  0  0  0  1 ] (0.00001529)
[  1  0  2  0  1  0  0  1  0 ] (0.00000143)
[  1  0  2  0  1  0  1  0  0 ] (0.00001466)
[  1  0  2  0  1  1  0  0  0 ] (0.00000903)
[  1  0  2  0  2  0  0  0  0 ] (0.00000028)
[  1  0  2  1  0  0  0  0  0 ] (0.00002781)
[  1  0  2  1  0  0  0  0  1 ] (0.00009353)
[  1  0  2  1  0  0  0  1  0 ] (0.00018973)
[  1  0  2  1  0  0  1  0  0 ] (0.00000597)
[  1  0  2  1  0  1  0  0  0 ] (0.00000138)
[  1  0  2  1  1  0  0  0  0 ] (0.00000596)
[  1  0  2  2  0  0  0  0  0 ] (0.00000354)
[  1  0  3  0  0  0  0  0  0 ] (0.00000524)
[  1  0  3  0  0  0  0  0  1 ] (0.00000577)
[  1  0  3  0  0  0  0  1  0 ] (0.00000342)
[  1  0  3  0  0  0  1  0  0 ] (0.00001295)
[  1  0  3  0  0  1  0  0  0 ] (0.00001252)
[  1  0  3  0  1  0  0  0  0 ] (0.00000623)
[  1  0  3  1  0  0  0  0  0 ] (0.00001909)
[  1  0  4  0  0  0  0  0  0 ] (0.00000165)
[  1  1  0  0  0  0  0  0  0 ] (0.00000003)
[  1  1  0  0  0  0  0  0  1 ] (0.00003685)
[  1  1  0  0  0  0  0  0  2 ] (0.00003377)
[  1  1  0  0  0  0  0  0  3 ] (0.00000996)
[  1  1  0  0  0  0  0  1  0 ] (0.00048533)
[  1  1  0  0  0  0  0  1  1 ] (0.00807601)
[  1  1  0  0  0  0  0  1  2 ] (0.00066631)
[  1  1  0  0  0  0  0  2  0 ] (0.00000224)
[  1  1  0  0  0  0  0  2  1 ] (0.00002038)
[  1  1  0  0  0  0  0  3  0 ] (0.00012731)
[  1  1  0  0  0  0  1  0  0 ] (0.00004375)
[  1  1  0  0  0  0  1  0  1 ] (0.00000111)
[  1  1  0  0  0  0  1  0  2 ] (0.00000336)
[  1  1  0  0  0  0  1  1  0 ] (0.00064939)
[  1  1  0  0  0  0  1  1  1 ] (0.00053472)
[  1  1  0  0  0  0  1  2  0 ] (0.00000007)
[  1  1  0  0  0  0  2  0  0 ] (0.00000376)
[  1  1  0  0  0  0  2  0  1 ] (0.00000064)
[  1  1  0  0  0  0  2  1  0 ] (0.00007483)
[  1  1  0  0  0  0  3  0  0 ] (0.00019185)
[  1  1  0  0  0  1  0  0  0 ] (0.00000156)
[  1  1  0  0  0  1  0  0  1 ] (0.00016796)
[  1  1  0  0  0  1  0  0  2 ] (0.00003883)
[  1  1  0  0  0  1  0  1  0 ] (0.00009404)
[  1  1  0  0  0  1  0  1  1 ] (0.00006287)
[  1  1  0  0  0  1  0  2  0 ] (0.00003177)
[  1  1  0  0  0  1  1  0  0 ] (0.00002567)
[  1  1  0  0  0  1  1  0  1 ] (0.00048904)
[  1  1  0  0  0  1  1  1  0 ] (0.00015287)
[  1  1  0  0  0  1  2  0  0 ] (0.00002721)
[  1  1  0  0  0  2  0  0  0 ] (0.00000020)
[  1  1  0  0  0  2  0  0  1 ] (0.00012975)
[  1  1  0  0  0  2  0  1  0 ] (0.00005675)
[  1  1  0  0  0  2  1  0  0 ] (0.00000236)
[  1  1  0  0  0  3  0  0  0 ] (0.00002156)
[  1  1  0  0  1  0  0  0  0 ] (0.00002234)
[  1  1  0  0  1  0  0  0  1 ] (0.00006373)
[  1  1  0  0  1  0  0  0  2 ] (0.00032980)
[  1  1  0  0  1  0  0  1  0 ] (0.00001135)
[  1  1  0  0  1  0  0  1  1 ] (0.00000345)
[  1  1  0  0  1  0  0  2  0 ] (0.00029771)
[  1  1  0  0  1  0  1  0  0 ] (0.00002183)
[  1  1  0  0  1  0  1  0  1 ] (0.00000002)
[  1  1  0  0  1  0  1  1  0 ] (0.00002882)
[  1  1  0  0  1  0  2  0  0 ] (0.00007391)
[  1  1  0  0  1  1  0  0  0 ] (0.00000288)
[  1  1  0  0  1  1  0  0  1 ] (0.00037491)
[  1  1  0  0  1  1  0  1  0 ] (0.00029810)
[  1  1  0  0  1  1  1  0  0 ] (0.00001082)
[  1  1  0  0  1  2  0  0  0 ] (0.00000437)
[  1  1  0  0  2  0  0  0  0 ] (0.00005206)
[  1  1  0  0  2  0  0  0  1 ] (0.00055934)
[  1  1  0  0  2  0  0  1  0 ] (0.00089580)
[  1  1  0  0  2  0  1  0  0 ] (0.00006859)
[  1  1  0  0  2  1  0  0  0 ] (0.00000503)
[  1  1  0  0  3  0  0  0  0 ] (0.00001100)
[  1  1  0  1  0  0  0  0  0 ] (0.00000131)
[  1  1  0  1  0  0  0  0  1 ] (0.00022077)
[  1  1  0  1  0  0  0  0  2 ] (0.00001244)
[  1  1  0  1  0  0  0  1  0 ] (0.00000142)
[  1  1  0  1  0  0  0  1  1 ] (0.00003381)
[  1  1  0  1  0  0  0  2  0 ] (0.00118576)
[  1  1  0  1  0  0  1  0  0 ] (0.00001141)
[  1  1  0  1  0  0  1  0  1 ] (0.00002164)
[  1  1  0  1  0  0  1  1  0 ] (0.00006744)
[  1  1  0  1  0  0  2  0  0 ] (0.00000231)
[  1  1  0  1  0  1  0  0  0 ] (0.00004883)
[  1  1  0  1  0  1  0  0  1 ] (0.00117578)
[  1  1  0  1  0  1  0  1  0 ] (0.00015855)
[  1  1  0  1  0  1  1  0  0 ] (0.00041015)
[  1  1  0  1  0  2  0  0  0 ] (0.00000000)
[  1  1  0  1  1  0  0  0  0 ] (0.00053559)
[  1  1  0  1  1  0  0  0  1 ] (0.01325628)
[  1  1  0  1  1  0  0  1  0 ] (0.00258378)
[  1  1  0  1  1  0  1  0  0 ] (0.00089324)
[  1  1  0  1  1  1  0  0  0 ] (0.00021035)
[  1  1  0  1  2  0  0  0  0 ] (0.00000151)
[  1  1  0  2  0  0  0  0  0 ] (0.00000765)
[  1  1  0  2  0  0  0  0  1 ] (0.00019016)
[  1  1  0  2  0  0  0  1  0 ] (0.00000000)
[  1  1  0  2  0  0  1  0  0 ] (0.00002424)
[  1  1  0  2  0  1  0  0  0 ] (0.00000379)
[  1  1  0  2  1  0  0  0  0 ] (0.00000109)
[  1  1  0  3  0  0  0  0  0 ] (0.00000783)
[  1  1  1  0  0  0  0  0  0 ] (0.00001100)
[  1  1  1  0  0  0  0  0  1 ] (0.00019859)
[  1  1  1  0  0  0  0  0  2 ] (0.00016218)
[  1  1  1  0  0  0  0  1  0 ] (0.00004245)
[  1  1  1  0  0  0  0  1  1 ] (0.00000014)
[  1  1  1  0  0  0  0  2  0 ] (0.00142674)
[  1  1  1  0  0  0  1  0  0 ] (0.00000022)
[  1  1  1  0  0  0  1  0  1 ] (0.00000394)
[  1  1  1  0  0  0  1  1  0 ] (0.00000190)
[  1  1  1  0  0  0  2  0  0 ] (0.00000068)
[  1  1  1  0  0  1  0  0  0 ] (0.00001080)
[  1  1  1  0  0  1  0  0  1 ] (0.00049277)
[  1  1  1  0  0  1  0  1  0 ] (0.00038406)
[  1  1  1  0  0  1  1  0  0 ] (0.00002682)
[  1  1  1  0  0  2  0  0  0 ] (0.00000001)
[  1  1  1  0  1  0  0  0  0 ] (0.00000388)
[  1  1  1  0  1  0  0  0  1 ] (0.00001668)
[  1  1  1  0  1  0  0  1  0 ] (0.00059863)
[  1  1  1  0  1  0  1  0  0 ] (0.00004471)
[  1  1  1  0  1  1  0  0  0 ] (0.00000056)
[  1  1  1  0  2  0  0  0  0 ] (0.00002947)
[  1  1  1  1  0  0  0  0  0 ] (0.00000653)
[  1  1  1  1  0  0  0  0  1 ] (0.00000501)
[  1  1  1  1  0  0  0  1  0 ] (0.00000925)
[  1  1  1  1  0  0  1  0  0 ] (0.00007763)
[  1  1  1  1  0  1  0  0  0 ] (0.00000156)
[  1  1  1  1  1  0  0  0  0 ] (0.00000108)
[  1  1  1  2  0  0  0  0  0 ] (0.00000490)
[  1  1  2  0  0  0  0  0  0 ] (0.00001450)
[  1  1  2  0  0  0  0  0  1 ] (0.00007338)
[  1  1  2  0  0  0  0  1  0 ] (0.00000026)
[  1  1  2  0  0  0  1  0  0 ] (0.00002916)
[  1  1  2  0  0  1  0  0  0 ] (0.00000092)
[  1  1  2  0  1  0  0  0  0 ] (0.00000012)
[  1  1  2  1  0  0  0  0  0 ] (0.00000362)
[  1  1  3  0  0  0  0  0  0 ] (0.00000168)
[  1  2  0  0  0  0  0  0  0 ] (0.00000003)
[  1  2  0  0  0  0  0  0  1 ] (0.00003254)
[  1  2  0  0  0  0  0  0  2 ] (0.00000015)
[  1  2  0  0  0  0  0  1  0 ] (0.00004054)
[  1  2  0  0  0  0  0  1  1 ] (0.00004374)
[  1  2  0  0  0  0  0  2  0 ] (0.00003488)
[  1  2  0  0  0  0  1  0  0 ] (0.00000644)
[  1  2  0  0  0  0  1  0  1 ] (0.00000567)
[  1  2  0  0  0  0  1  1  0 ] (0.00088099)
[  1  2  0  0  0  0  2  0  0 ] (0.00000691)
[  1  2  0  0  0  1  0  0  0 ] (0.00001404)
[  1  2  0  0  0  1  0  0  1 ] (0.00002743)
[  1  2  0  0  0  1  0  1  0 ] (0.00009055)
[  1  2  0  0  0  1  1  0  0 ] (0.00000003)
[  1  2  0  0  0  2  0  0  0 ] (0.00001015)
[  1  2  0  0  1  0  0  0  0 ] (0.00001951)
[  1  2  0  0  1  0  0  0  1 ] (0.00001553)
[  1  2  0  0  1  0  0  1  0 ] (0.00007392)
[  1  2  0  0  1  0  1  0  0 ] (0.00000026)
[  1  2  0  0  1  1  0  0  0 ] (0.00001167)
[  1  2  0  0  2  0  0  0  0 ] (0.00000001)
[  1  2  0  1  0  0  0  0  0 ] (0.00001037)
[  1  2  0  1  0  0  0  0  1 ] (0.00000029)
[  1  2  0  1  0  0  0  1  0 ] (0.00008568)
[  1  2  0  1  0  0  1  0  0 ] (0.00000031)
[  1  2  0  1  0  1  0  0  0 ] (0.00000809)
[  1  2  0  1  1  0  0  0  0 ] (0.00000515)
[  1  2  0  2  0  0  0  0  0 ] (0.00000001)
[  1  2  1  0  0  0  0  0  0 ] (0.00000226)
[  1  2  1  0  0  0  0  0  1 ] (0.00000008)
[  1  2  1  0  0  0  0  1  0 ] (0.00000015)
[  1  2  1  0  0  0  1  0  0 ] (0.00000020)
[  1  2  1  0  0  1  0  0  0 ] (0.00000092)
[  1  2  1  0  1  0  0  0  0 ] (0.00000104)
[  1  2  1  1  0  0  0  0  0 ] (0.00000125)
[  1  2  2  0  0  0  0  0  0 ] (0.00000022)
[  1  3  0  0  0  0  0  0  0 ] (0.00000146)
[  1  3  0  0  0  0  0  0  1 ] (0.00001863)
[  1  3  0  0  0  0  0  1  0 ] (0.00011263)
[  1  3  0  0  0  0  1  0  0 ] (0.00000003)
[  1  3  0  0  0  1  0  0  0 ] (0.00000886)
[  1  3  0  0  1  0  0  0  0 ] (0.00000516)
[  1  3  0  1  0  0  0  0  0 ] (0.00000007)
[  1  3  1  0  0  0  0  0  0 ] (0.00000052)
[  1  4  0  0  0  0  0  0  0 ] (0.00000123)
[  2  0  0  0  0  0  0  0  0 ] (0.00000076)
[  2  0  0  0  0  0  0  0  1 ] (0.00000040)
[  2  0  0  0  0  0  0  0  2 ] (0.00004623)
[  2  0  0  0  0  0  0  0  3 ] (0.00000897)
[  2  0  0  0  0  0  0  1  0 ] (0.00005117)
[  2  0  0  0  0  0  0  1  1 ] (0.00000059)
[  2  0  0  0  0  0  0  1  2 ] (0.00000364)
[  2  0  0  0  0  0  0  2  0 ] (0.00006288)
[  2  0  0  0  0  0  0  2  1 ] (0.00000002)
[  2  0  0  0  0  0  0  3  0 ] (0.00049072)
[  2  0  0  0  0  0  1  0  0 ] (0.00000524)
[  2  0  0  0  0  0  1  0  1 ] (0.00011018)
[  2  0  0  0  0  0  1  0  2 ] (0.00001949)
[  2  0  0  0  0  0  1  1  0 ] (0.00002519)
[  2  0  0  0  0  0  1  1  1 ] (0.00000168)
[  2  0  0  0  0  0  1  2  0 ] (0.00000171)
[  2  0  0  0  0  0  2  0  0 ] (0.00000091)
[  2  0  0  0  0  0  2  0  1 ] (0.00012074)
[  2  0  0  0  0  0  2  1  0 ] (0.00003424)
[  2  0  0  0  0  0  3  0  0 ] (0.00002208)
[  2  0  0  0  0  1  0  0  0 ] (0.00000632)
[  2  0  0  0  0  1  0  0  1 ] (0.00000003)
[  2  0  0  0  0  1  0  0  2 ] (0.00004473)
[  2  0  0  0  0  1  0  1  0 ] (0.00027188)
[  2  0  0  0  0  1  0  1  1 ] (0.00020197)
[  2  0  0  0  0  1  0  2  0 ] (0.00006511)
[  2  0  0  0  0  1  1  0  0 ] (0.00006367)
[  2  0  0  0  0  1  1  0  1 ] (0.00016554)
[  2  0  0  0  0  1  1  1  0 ] (0.00006061)
[  2  0  0  0  0  1  2  0  0 ] (0.00006399)
[  2  0  0  0  0  2  0  0  0 ] (0.00000001)
[  2  0  0  0  0  2  0  0  1 ] (0.00000176)
[  2  0  0  0  0  2  0  1  0 ] (0.00012047)
[  2  0  0  0  0  2  1  0  0 ] (0.00000770)
[  2  0  0  0  0  3  0  0  0 ] (0.00001425)
[  2  0  0  0  1  0  0  0  0 ] (0.00001497)
[  2  0  0  0  1  0  0  0  1 ] (0.00003144)
[  2  0  0  0  1  0  0  0  2 ] (0.00254317)
[  2  0  0  0  1  0  0  1  0 ] (0.00056924)
[  2  0  0  0  1  0  0  1  1 ] (0.00035009)
[  2  0  0  0  1  0  0  2  0 ] (0.00022478)
[  2  0  0  0  1  0  1  0  0 ] (0.00000183)
[  2  0  0  0  1  0  1  0  1 ] (0.00000601)
[  2  0  0  0  1  0  1  1  0 ] (0.00007438)
[  2  0  0  0  1  0  2  0  0 ] (0.00002354)
[  2  0  0  0  1  1  0  0  0 ] (0.00003024)
[  2  0  0  0  1  1  0  0  1 ] (0.00102721)
[  2  0  0  0  1  1  0  1  0 ] (0.00654786)
[  2  0  0  0  1  1  1  0  0 ] (0.00000432)
[  2  0  0  0  1  2  0  0  0 ] (0.00010557)
[  2  0  0  0  2  0  0  0  0 ] (0.00001133)
[  2  0  0  0  2  0  0  0  1 ] (0.00000093)
[  2  0  0  0  2  0  0  1  0 ] (0.00000000)
[  2  0  0  0  2  0  1  0  0 ] (0.00000000)
[  2  0  0  0  2  1  0  0  0 ] (0.00000850)
[  2  0  0  0  3  0  0  0  0 ] (0.00000039)
[  2  0  0  1  0  0  0  0  0 ] (0.00000081)
[  2  0  0  1  0  0  0  0  1 ] (0.00001271)
[  2  0  0  1  0  0  0  0  2 ] (0.00003565)
[  2  0  0  1  0  0  0  1  0 ] (0.00002096)
[  2  0  0  1  0  0  0  1  1 ] (0.00000143)
[  2  0  0  1  0  0  0  2  0 ] (0.00002460)
[  2  0  0  1  0  0  1  0  0 ] (0.00000360)
[  2  0  0  1  0  0  1  0  1 ] (0.00001048)
[  2  0  0  1  0  0  1  1  0 ] (0.00000959)
[  2  0  0  1  0  0  2  0  0 ] (0.00011751)
[  2  0  0  1  0  1  0  0  0 ] (0.00000103)
[  2  0  0  1  0  1  0  0  1 ] (0.00021200)
[  2  0  0  1  0  1  0  1  0 ] (0.00035028)
[  2  0  0  1  0  1  1  0  0 ] (0.00000006)
[  2  0  0  1  0  2  0  0  0 ] (0.00016263)
[  2  0  0  1  1  0  0  0  0 ] (0.00002076)
[  2  0  0  1  1  0  0  0  1 ] (0.00013934)
[  2  0  0  1  1  0  0  1  0 ] (0.00014543)
[  2  0  0  1  1  0  1  0  0 ] (0.00000009)
[  2  0  0  1  1  1  0  0  0 ] (0.00006086)
[  2  0  0  1  2  0  0  0  0 ] (0.00000027)
[  2  0  0  2  0  0  0  0  0 ] (0.00000159)
[  2  0  0  2  0  0  0  0  1 ] (0.00007520)
[  2  0  0  2  0  0  0  1  0 ] (0.00000265)
[  2  0  0  2  0  0  1  0  0 ] (0.00000262)
[  2  0  0  2  0  1  0  0  0 ] (0.00000160)
[  2  0  0  2  1  0  0  0  0 ] (0.00000088)
[  2  0  0  3  0  0  0  0  0 ] (0.00000078)
[  2  0  1  0  0  0  0  0  0 ] (0.00000102)
[  2  0  1  0  0  0  0  0  1 ] (0.00001110)
[  2  0  1  0  0  0  0  0  2 ] (0.00001531)
[  2  0  1  0  0  0  0  1  0 ] (0.00007432)
[  2  0  1  0  0  0  0  1  1 ] (0.00000033)
[  2  0  1  0  0  0  0  2  0 ] (0.00002064)
[  2  0  1  0  0  0  1  0  0 ] (0.00002222)
[  2  0  1  0  0  0  1  0  1 ] (0.00017720)
[  2  0  1  0  0  0  1  1  0 ] (0.00026871)
[  2  0  1  0  0  0  2  0  0 ] (0.00003178)
[  2  0  1  0  0  1  0  0  0 ] (0.00002382)
[  2  0  1  0  0  1  0  0  1 ] (0.00002450)
[  2  0  1  0  0  1  0  1  0 ] (0.00005461)
[  2  0  1  0  0  1  1  0  0 ] (0.00003350)
[  2  0  1  0  0  2  0  0  0 ] (0.00000175)
[  2  0  1  0  1  0  0  0  0 ] (0.00000034)
[  2  0  1  0  1  0  0  0  1 ] (0.00000003)
[  2  0  1  0  1  0  0  1  0 ] (0.00011672)
[  2  0  1  0  1  0  1  0  0 ] (0.00002511)
[  2  0  1  0  1  1  0  0  0 ] (0.00000035)
[  2  0  1  0  2  0  0  0  0 ] (0.00000001)
[  2  0  1  1  0  0  0  0  0 ] (0.00000008)
[  2  0  1  1  0  0  0  0  1 ] (0.00000040)
[  2  0  1  1  0  0  0  1  0 ] (0.00000040)
[  2  0  1  1  0  0  1  0  0 ] (0.00000001)
[  2  0  1  1  0  1  0  0  0 ] (0.00002076)
[  2  0  1  1  1  0  0  0  0 ] (0.00000422)
[  2  0  1  2  0  0  0  0  0 ] (0.00000182)
[  2  0  2  0  0  0  0  0  0 ] (0.00000051)
[  2  0  2  0  0  0  0  0  1 ] (0.00000931)
[  2  0  2  0  0  0  0  1  0 ] (0.00000633)
[  2  0  2  0  0  0  1  0  0 ] (0.00000000)
[  2  0  2  0  0  1  0  0  0 ] (0.00000009)
[  2  0  2  0  1  0  0  0  0 ] (0.00000092)
[  2  0  2  1  0  0  0  0  0 ] (0.00000002)
[  2  0  3  0  0  0  0  0  0 ] (0.00000012)
[  2  1  0  0  0  0  0  0  0 ] (0.00000004)
[  2  1  0  0  0  0  0  0  1 ] (0.00017808)
[  2  1  0  0  0  0  0  0  2 ] (0.00081586)
[  2  1  0  0  0  0  0  1  0 ] (0.00018565)
[  2  1  0  0  0  0  0  1  1 ] (0.00001381)
[  2  1  0  0  0  0  0  2  0 ] (0.00182703)
[  2  1  0  0  0  0  1  0  0 ] (0.00000010)
[  2  1  0  0  0  0  1  0  1 ] (0.00026712)
[  2  1  0  0  0  0  1  1  0 ] (0.00002149)
[  2  1  0  0  0  0  2  0  0 ] (0.00000096)
[  2  1  0  0  0  1  0  0  0 ] (0.00000109)
[  2  1  0  0  0  1  0  0  1 ] (0.00014144)
[  2  1  0  0  0  1  0  1  0 ] (0.00107762)
[  2  1  0  0  0  1  1  0  0 ] (0.00005401)
[  2  1  0  0  0  2  0  0  0 ] (0.00000012)
[  2  1  0  0  1  0  0  0  0 ] (0.00000342)
[  2  1  0  0  1  0  0  0  1 ] (0.00011422)
[  2  1  0  0  1  0  0  1  0 ] (0.00204173)
[  2  1  0  0  1  0  1  0  0 ] (0.00000051)
[  2  1  0  0  1  1  0  0  0 ] (0.00000186)
[  2  1  0  0  2  0  0  0  0 ] (0.00000108)
[  2  1  0  1  0  0  0  0  0 ] (0.00000880)
[  2  1  0  1  0  0  0  0  1 ] (0.00006202)
[  2  1  0  1  0  0  0  1  0 ] (0.00003563)
[  2  1  0  1  0  0  1  0  0 ] (0.00000579)
[  2  1  0  1  0  1  0  0  0 ] (0.00002477)
[  2  1  0  1  1  0  0  0  0 ] (0.00000239)
[  2  1  0  2  0  0  0  0  0 ] (0.00000406)
[  2  1  1  0  0  0  0  0  0 ] (0.00001244)
[  2  1  1  0  0  0  0  0  1 ] (0.00007574)
[  2  1  1  0  0  0  0  1  0 ] (0.00002573)
[  2  1  1  0  0  0  1  0  0 ] (0.00000133)
[  2  1  1  0  0  1  0  0  0 ] (0.00000409)
[  2  1  1  0  1  0  0  0  0 ] (0.00000360)
[  2  1  1  1  0  0  0  0  0 ] (0.00001042)
[  2  1  2  0  0  0  0  0  0 ] (0.00000048)
[  2  2  0  0  0  0  0  0  0 ] (0.00000066)
[  2  2  0  0  0  0  0  0  1 ] (0.00000257)
[  2  2  0  0  0  0  0  1  0 ] (0.00007464)
[  2  2  0  0  0  0  1  0  0 ] (0.00000554)
[  2  2  0  0  0  1  0  0  0 ] (0.00000053)
[  2  2  0  0  1  0  0  0  0 ] (0.00000019)
[  2  2  0  1  0  0  0  0  0 ] (0.00000046)
[  2  2  1  0  0  0  0  0  0 ] (0.00000050)
[  2  3  0  0  0  0  0  0  0 ] (0.00000114)
[  3  0  0  0  0  0  0  0  0 ] (0.00000001)
[  3  0  0  0  0  0  0  0  1 ] (0.00000567)
[  3  0  0  0  0  0  0  0  2 ] (0.00003132)
[  3  0  0  0  0  0  0  1  0 ] (0.00001677)
[  3  0  0  0  0  0  0  1  1 ] (0.00058580)
[  3  0  0  0  0  0  0  2  0 ] (0.00007498)
[  3  0  0  0  0  0  1  0  0 ] (0.00000170)
[  3  0  0  0  0  0  1  0  1 ] (0.00009782)
[  3  0  0  0  0  0  1  1  0 ] (0.00020571)
[  3  0  0  0  0  0  2  0  0 ] (0.00000161)
[  3  0  0  0  0  1  0  0  0 ] (0.00000000)
[  3  0  0  0  0  1  0  0  1 ] (0.00000501)
[  3  0  0  0  0  1  0  1  0 ] (0.00000979)
[  3  0  0  0  0  1  1  0  0 ] (0.00000067)
[  3  0  0  0  0  2  0  0  0 ] (0.00000005)
[  3  0  0  0  1  0  0  0  0 ] (0.00000213)
[  3  0  0  0  1  0  0  0  1 ] (0.00000131)
[  3  0  0  0  1  0  0  1  0 ] (0.00009969)
[  3  0  0  0  1  0  1  0  0 ] (0.00000502)
[  3  0  0  0  1  1  0  0  0 ] (0.00000180)
[  3  0  0  0  2  0  0  0  0 ] (0.00000109)
[  3  0  0  1  0  0  0  0  0 ] (0.00000002)
[  3  0  0  1  0  0  0  0  1 ] (0.00001592)
[  3  0  0  1  0  0  0  1  0 ] (0.00000330)
[  3  0  0  1  0  0  1  0  0 ] (0.00000152)
[  3  0  0  1  0  1  0  0  0 ] (0.00000185)
[  3  0  0  1  1  0  0  0  0 ] (0.00000025)
[  3  0  0  2  0  0  0  0  0 ] (0.00000001)
[  3  0  1  0  0  0  0  0  0 ] (0.00000022)
[  3  0  1  0  0  0  0  0  1 ] (0.00000133)
[  3  0  1  0  0  0  0  1  0 ] (0.00000104)
[  3  0  1  0  0  0  1  0  0 ] (0.00000263)
[  3  0  1  0  0  1  0  0  0 ] (0.00000597)
[  3  0  1  0  1  0  0  0  0 ] (0.00000189)
[  3  0  1  1  0  0  0  0  0 ] (0.00000056)
[  3  0  2  0  0  0  0  0  0 ] (0.00000001)
[  3  1  0  0  0  0  0  0  0 ] (0.00000033)
[  3  1  0  0  0  0  0  0  1 ] (0.00000037)
[  3  1  0  0  0  0  0  1  0 ] (0.00006145)
[  3  1  0  0  0  0  1  0  0 ] (0.00000000)
[  3  1  0  0  0  1  0  0  0 ] (0.00000065)
[  3  1  0  0  1  0  0  0  0 ] (0.00000012)
[  3  1  0  1  0  0  0  0  0 ] (0.00000000)
[  3  1  1  0  0  0  0  0  0 ] (0.00000010)
[  3  2  0  0  0  0  0  0  0 ] (0.00000011)
[  4  0  0  0  0  0  0  0  0 ] (0.00000111)
[  4  0  0  0  0  0  0  0  1 ] (0.00002378)
[  4  0  0  0  0  0  0  1  0 ] (0.00001645)
[  4  0  0  0  0  0  1  0  0 ] (0.00000033)
[  4  0  0  0  0  1  0  0  0 ] (0.00003234)
[  4  0  0  0  1  0  0  0  0 ] (0.00000164)
[  4  0  0  1  0  0  0  0  0 ] (0.00000063)
[  4  0  1  0  0  0  0  0  0 ] (0.00000005)
[  4  1  0  0  0  0  0  0  0 ] (0.00000032)
[  5  0  0  0  0  0  0  0  0 ] (0.00000014)
