|  -889.171235178389 |   271.720194975687 

[  0  0  0  0  0  0  0  0  0 ] (0.00001347)
[  0  0  0  0  0  0  0  0  1 ] (0.00001048)
[  0  0  0  0  0  0  0  0  2 ] (0.00002195)
[  0  0  0  0  0  0  0  0  3 ] (0.00031507)
[  0  0  0  0  0  0  0  0  4 ] (0.00000277)
[  0  0  0  0  0  0  0  0  5 ] (0.00000539)
[  0  0  0  0  0  0  0  1  0 ] (0.00004588)
[  0  0  0  0  0  0  0  1  1 ] (0.00011935)
[  0  0  0  0  0  0  0  1  2 ] (0.00000081)
[  0  0  0  0  0  0  0  1  3 ] (0.00011099)
[  0  0  0  0  0  0  0  1  4 ] (0.00000992)
[  0  0  0  0  0  0  0  2  0 ] (0.00000648)
[  0  0  0  0  0  0  0  2  1 ] (0.00033005)
[  0  0  0  0  0  0  0  2  2 ] (0.00002119)
[  0  0  0  0  0  0  0  2  3 ] (0.00009115)
[  0  0  0  0  0  0  0  3  0 ] (0.00007028)
[  0  0  0  0  0  0  0  3  1 ] (0.00007319)
[  0  0  0  0  0  0  0  3  2 ] (0.00000049)
[  0  0  0  0  0  0  0  4  0 ] (0.00475649)
[  0  0  0  0  0  0  0  4  1 ] (0.00028286)
[  0  0  0  0  0  0  0  5  0 ] (0.00000740)
[  0  0  0  0  0  0  1  0  0 ] (0.00005460)
[  0  0  0  0  0  0  1  0  1 ] (0.00000006)
[  0  0  0  0  0  0  1  0  2 ] (0.00002847)
[  0  0  0  0  0  0  1  0  3 ] (0.00000152)
[  0  0  0  0  0  0  1  0  4 ] (0.00001123)
[  0  0  0  0  0  0  1  1  0 ] (0.00004725)
[  0  0  0  0  0  0  1  1  1 ] (0.00156572)
[  0  0  0  0  0  0  1  1  2 ] (0.00010164)
[  0  0  0  0  0  0  1  1  3 ] (0.00001083)
[  0  0  0  0  0  0  1  2  0 ] (0.00011485)
[  0  0  0  0  0  0  1  2  1 ] (0.00018987)
[  0  0  0  0  0  0  1  2  2 ] (0.00000340)
[  0  0  0  0  0  0  1  3  0 ] (0.00204196)
[  0  0  0  0  0  0  1  3  1 ] (0.00010291)
[  0  0  0  0  0  0  1  4  0 ] (0.00002624)
[  0  0  0  0  0  0  2  0  0 ] (0.00000993)
[  0  0  0  0  0  0  2  0  1 ] (0.00038280)
[  0  0  0  0  0  0  2  0  2 ] (0.00510174)
[  0  0  0  0  0  0  2  0  3 ] (0.00018566)
[  0  0  0  0  0  0  2  1  0 ] (0.00001864)
[  0  0  0  0  0  0  2  1  1 ] (0.00011893)
[  0  0  0  0  0  0  2  1  2 ] (0.00000110)
[  0  0  0  0  0  0  2  2  0 ] (0.00040151)
[  0  0  0  0  0  0  2  2  1 ] (0.00009709)
[  0  0  0  0  0  0  2  3  0 ] (0.00000018)
[  0  0  0  0  0  0  3  0  0 ] (0.00009520)
[  0  0  0  0  0  0  3  0  1 ] (0.00000451)
[  0  0  0  0  0  0  3  0  2 ] (0.00005780)
[  0  0  0  0  0  0  3  1  0 ] (0.00046501)
[  0  0  0  0  0  0  3  1  1 ] (0.00012181)
[  0  0  0  0  0  0  3  2  0 ] (0.00004417)
[  0  0  0  0  0  0  4  0  0 ] (0.00013576)
[  0  0  0  0  0  0  4  0  1 ] (0.00007996)
[  0  0  0  0  0  0  4  1  0 ] (0.00001348)
[  0  0  0  0  0  0  5  0  0 ] (0.00002548)
[  0  0  0  0  0  1  0  0  0 ] (0.00011383)
[  0  0  0  0  0  1  0  0  1 ] (0.00003659)
[  0  0  0  0  0  1  0  0  2 ] (0.00037786)
[  0  0  0  0  0  1  0  0  3 ] (0.01227730)
[  0  0  0  0  0  1  0  0  4 ] (0.00002032)
[  0  0  0  0  0  1  0  1  0 ] (0.00000744)
[  0  0  0  0  0  1  0  1  1 ] (0.00022036)
[  0  0  0  0  0  1  0  1  2 ] (0.00031447)
[  0  0  0  0  0  1  0  1  3 ] (0.00000239)
[  0  0  0  0  0  1  0  2  0 ] (0.00644902)
[  0  0  0  0  0  1  0  2  1 ] (0.03593612)
[  0  0  0  0  0  1  0  2  2 ] (0.00464185)
[  0  0  0  0  0  1  0  3  0 ] (0.00213345)
[  0  0  0  0  0  1  0  3  1 ] (0.00010643)
[  0  0  0  0  0  1  0  4  0 ] (0.00006695)
[  0  0  0  0  0  1  1  0  0 ] (0.00023565)
[  0  0  0  0  0  1  1  0  1 ] (0.00028795)
[  0  0  0  0  0  1  1  0  2 ] (0.00540013)
[  0  0  0  0  0  1  1  0  3 ] (0.00000635)
[  0  0  0  0  0  1  1  1  0 ] (0.00000004)
[  0  0  0  0  0  1  1  1  1 ] (0.00003319)
[  0  0  0  0  0  1  1  1  2 ] (0.00001913)
[  0  0  0  0  0  1  1  2  0 ] (0.00362116)
[  0  0  0  0  0  1  1  2  1 ] (0.00807656)
[  0  0  0  0  0  1  1  3  0 ] (0.00061908)
[  0  0  0  0  0  1  2  0  0 ] (0.00003120)
[  0  0  0  0  0  1  2  0  1 ] (0.00009776)
[  0  0  0  0  0  1  2  0  2 ] (0.00065056)
[  0  0  0  0  0  1  2  1  0 ] (0.00014211)
[  0  0  0  0  0  1  2  1  1 ] (0.00004851)
[  0  0  0  0  0  1  2  2  0 ] (0.00214696)
[  0  0  0  0  0  1  3  0  0 ] (0.00098606)
[  0  0  0  0  0  1  3  0  1 ] (0.00052222)
[  0  0  0  0  0  1  3  1  0 ] (0.00027894)
[  0  0  0  0  0  1  4  0  0 ] (0.00002131)
[  0  0  0  0  0  2  0  0  0 ] (0.00001525)
[  0  0  0  0  0  2  0  0  1 ] (0.00000000)
[  0  0  0  0  0  2  0  0  2 ] (0.00012869)
[  0  0  0  0  0  2  0  0  3 ] (0.00000016)
[  0  0  0  0  0  2  0  1  0 ] (0.00000036)
[  0  0  0  0  0  2  0  1  1 ] (0.00015375)
[  0  0  0  0  0  2  0  1  2 ] (0.00007946)
[  0  0  0  0  0  2  0  2  0 ] (0.00011976)
[  0  0  0  0  0  2  0  2  1 ] (0.00037362)
[  0  0  0  0  0  2  0  3  0 ] (0.00001218)
[  0  0  0  0  0  2  1  0  0 ] (0.00015425)
[  0  0  0  0  0  2  1  0  1 ] (0.00041268)
[  0  0  0  0  0  2  1  0  2 ] (0.00001276)
[  0  0  0  0  0  2  1  1  0 ] (0.00005154)
[  0  0  0  0  0  2  1  1  1 ] (0.00000390)
[  0  0  0  0  0  2  1  2  0 ] (0.00004242)
[  0  0  0  0  0  2  2  0  0 ] (0.00001948)
[  0  0  0  0  0  2  2  0  1 ] (0.00004044)
[  0  0  0  0  0  2  2  1  0 ] (0.00012490)
[  0  0  0  0  0  2  3  0  0 ] (0.00093034)
[  0  0  0  0  0  3  0  0  0 ] (0.00000608)
[  0  0  0  0  0  3  0  0  1 ] (0.00019192)
[  0  0  0  0  0  3  0  0  2 ] (0.00001924)
[  0  0  0  0  0  3  0  1  0 ] (0.00000010)
[  0  0  0  0  0  3  0  1  1 ] (0.00002727)
[  0  0  0  0  0  3  0  2  0 ] (0.01386868)
[  0  0  0  0  0  3  1  0  0 ] (0.00002034)
[  0  0  0  0  0  3  1  0  1 ] (0.00001679)
[  0  0  0  0  0  3  1  1  0 ] (0.00014575)
[  0  0  0  0  0  3  2  0  0 ] (0.00000553)
[  0  0  0  0  0  4  0  0  0 ] (0.00010386)
[  0  0  0  0  0  4  0  0  1 ] (0.00534026)
[  0  0  0  0  0  4  0  1  0 ] (0.01000085)
[  0  0  0  0  0  4  1  0  0 ] (0.00256433)
[  0  0  0  0  0  5  0  0  0 ] (0.00001163)
[  0  0  0  0  1  0  0  0  0 ] (0.00000006)
[  0  0  0  0  1  0  0  0  1 ] (0.00009256)
[  0  0  0  0  1  0  0  0  2 ] (0.00001697)
[  0  0  0  0  1  0  0  0  3 ] (0.00449407)
[  0  0  0  0  1  0  0  0  4 ] (0.00002827)
[  0  0  0  0  1  0  0  1  0 ] (0.00000872)
[  0  0  0  0  1  0  0  1  1 ] (0.00025720)
[  0  0  0  0  1  0  0  1  2 ] (0.00004475)
[  0  0  0  0  1  0  0  1  3 ] (0.00000012)
[  0  0  0  0  1  0  0  2  0 ] (0.00246213)
[  0  0  0  0  1  0  0  2  1 ] (0.03078362)
[  0  0  0  0  1  0  0  2  2 ] (0.00407342)
[  0  0  0  0  1  0  0  3  0 ] (0.00001706)
[  0  0  0  0  1  0  0  3  1 ] (0.00035097)
[  0  0  0  0  1  0  0  4  0 ] (0.00011044)
[  0  0  0  0  1  0  1  0  0 ] (0.00000030)
[  0  0  0  0  1  0  1  0  1 ] (0.00004894)
[  0  0  0  0  1  0  1  0  2 ] (0.00004476)
[  0  0  0  0  1  0  1  0  3 ] (0.00000462)
[  0  0  0  0  1  0  1  1  0 ] (0.00000554)
[  0  0  0  0  1  0  1  1  1 ] (0.00000213)
[  0  0  0  0  1  0  1  1  2 ] (0.00000654)
[  0  0  0  0  1  0  1  2  0 ] (0.00013896)
[  0  0  0  0  1  0  1  2  1 ] (0.00232845)
[  0  0  0  0  1  0  1  3  0 ] (0.00006947)
[  0  0  0  0  1  0  2  0  0 ] (0.00005524)
[  0  0  0  0  1  0  2  0  1 ] (0.00046527)
[  0  0  0  0  1  0  2  0  2 ] (0.00027941)
[  0  0  0  0  1  0  2  1  0 ] (0.00020869)
[  0  0  0  0  1  0  2  1  1 ] (0.00006967)
[  0  0  0  0  1  0  2  2  0 ] (0.00010177)
[  0  0  0  0  1  0  3  0  0 ] (0.00056451)
[  0  0  0  0  1  0  3  0  1 ] (0.00067893)
[  0  0  0  0  1  0  3  1  0 ] (0.00017156)
[  0  0  0  0  1  0  4  0  0 ] (0.00000640)
[  0  0  0  0  1  1  0  0  0 ] (0.00001888)
[  0  0  0  0  1  1  0  0  1 ] (0.00010046)
[  0  0  0  0  1  1  0  0  2 ] (0.00001402)
[  0  0  0  0  1  1  0  0  3 ] (0.00003250)
[  0  0  0  0  1  1  0  1  0 ] (0.00011550)
[  0  0  0  0  1  1  0  1  1 ] (0.00000206)
[  0  0  0  0  1  1  0  1  2 ] (0.00003994)
[  0  0  0  0  1  1  0  2  0 ] (0.00009014)
[  0  0  0  0  1  1  0  2  1 ] (0.00083017)
[  0  0  0  0  1  1  0  3  0 ] (0.00000400)
[  0  0  0  0  1  1  1  0  0 ] (0.00060656)
[  0  0  0  0  1  1  1  0  1 ] (0.00044267)
[  0  0  0  0  1  1  1  0  2 ] (0.00047527)
[  0  0  0  0  1  1  1  1  0 ] (0.00333544)
[  0  0  0  0  1  1  1  1  1 ] (0.00093044)
[  0  0  0  0  1  1  1  2  0 ] (0.00043141)
[  0  0  0  0  1  1  2  0  0 ] (0.00013589)
[  0  0  0  0  1  1  2  0  1 ] (0.00016576)
[  0  0  0  0  1  1  2  1  0 ] (0.00037288)
[  0  0  0  0  1  1  3  0  0 ] (0.02775258)
[  0  0  0  0  1  2  0  0  0 ] (0.00000133)
[  0  0  0  0  1  2  0  0  1 ] (0.00015019)
[  0  0  0  0  1  2  0  0  2 ] (0.00006834)
[  0  0  0  0  1  2  0  1  0 ] (0.00018554)
[  0  0  0  0  1  2  0  1  1 ] (0.00015101)
[  0  0  0  0  1  2  0  2  0 ] (0.00378273)
[  0  0  0  0  1  2  1  0  0 ] (0.00006322)
[  0  0  0  0  1  2  1  0  1 ] (0.00046628)
[  0  0  0  0  1  2  1  1  0 ] (0.00040263)
[  0  0  0  0  1  2  2  0  0 ] (0.00001155)
[  0  0  0  0  1  3  0  0  0 ] (0.00031647)
[  0  0  0  0  1  3  0  0  1 ] (0.05475971)
[  0  0  0  0  1  3  0  1  0 ] (0.01823827)
[  0  0  0  0  1  3  1  0  0 ] (0.00103207)
[  0  0  0  0  1  4  0  0  0 ] (0.00019081)
[  0  0  0  0  2  0  0  0  0 ] (0.00003504)
[  0  0  0  0  2  0  0  0  1 ] (0.00002258)
[  0  0  0  0  2  0  0  0  2 ] (0.00004377)
[  0  0  0  0  2  0  0  0  3 ] (0.00000002)
[  0  0  0  0  2  0  0  1  0 ] (0.00003159)
[  0  0  0  0  2  0  0  1  1 ] (0.00001887)
[  0  0  0  0  2  0  0  1  2 ] (0.00005206)
[  0  0  0  0  2  0  0  2  0 ] (0.00017037)
[  0  0  0  0  2  0  0  2  1 ] (0.00007947)
[  0  0  0  0  2  0  0  3  0 ] (0.00055198)
[  0  0  0  0  2  0  1  0  0 ] (0.00010379)
[  0  0  0  0  2  0  1  0  1 ] (0.00012118)
[  0  0  0  0  2  0  1  0  2 ] (0.00024281)
[  0  0  0  0  2  0  1  1  0 ] (0.00000370)
[  0  0  0  0  2  0  1  1  1 ] (0.00000171)
[  0  0  0  0  2  0  1  2  0 ] (0.00012158)
[  0  0  0  0  2  0  2  0  0 ] (0.00000025)
[  0  0  0  0  2  0  2  0  1 ] (0.00047561)
[  0  0  0  0  2  0  2  1  0 ] (0.00005738)
[  0  0  0  0  2  0  3  0  0 ] (0.00222511)
[  0  0  0  0  2  1  0  0  0 ] (0.00017284)
[  0  0  0  0  2  1  0  0  1 ] (0.00036967)
[  0  0  0  0  2  1  0  0  2 ] (0.00544289)
[  0  0  0  0  2  1  0  1  0 ] (0.00002201)
[  0  0  0  0  2  1  0  1  1 ] (0.00000847)
[  0  0  0  0  2  1  0  2  0 ] (0.00106363)
[  0  0  0  0  2  1  1  0  0 ] (0.00051672)
[  0  0  0  0  2  1  1  0  1 ] (0.00129832)
[  0  0  0  0  2  1  1  1  0 ] (0.00045423)
[  0  0  0  0  2  1  2  0  0 ] (0.00071869)
[  0  0  0  0  2  2  0  0  0 ] (0.00021162)
[  0  0  0  0  2  2  0  0  1 ] (0.00061044)
[  0  0  0  0  2  2  0  1  0 ] (0.00014886)
[  0  0  0  0  2  2  1  0  0 ] (0.00132159)
[  0  0  0  0  2  3  0  0  0 ] (0.00015447)
[  0  0  0  0  3  0  0  0  0 ] (0.00000957)
[  0  0  0  0  3  0  0  0  1 ] (0.00001567)
[  0  0  0  0  3  0  0  0  2 ] (0.00049020)
[  0  0  0  0  3  0  0  1  0 ] (0.00001484)
[  0  0  0  0  3  0  0  1  1 ] (0.00006735)
[  0  0  0  0  3  0  0  2  0 ] (0.00034923)
[  0  0  0  0  3  0  1  0  0 ] (0.00026190)
[  0  0  0  0  3  0  1  0  1 ] (0.00004355)
[  0  0  0  0  3  0  1  1  0 ] (0.00047402)
[  0  0  0  0  3  0  2  0  0 ] (0.00000030)
[  0  0  0  0  3  1  0  0  0 ] (0.00013356)
[  0  0  0  0  3  1  0  0  1 ] (0.00001328)
[  0  0  0  0  3  1  0  1  0 ] (0.00002674)
[  0  0  0  0  3  1  1  0  0 ] (0.00246336)
[  0  0  0  0  3  2  0  0  0 ] (0.00008242)
[  0  0  0  0  4  0  0  0  0 ] (0.00011897)
[  0  0  0  0  4  0  0  0  1 ] (0.00072109)
[  0  0  0  0  4  0  0  1  0 ] (0.00000001)
[  0  0  0  0  4  0  1  0  0 ] (0.00123258)
[  0  0  0  0  4  1  0  0  0 ] (0.00000004)
[  0  0  0  0  5  0  0  0  0 ] (0.00018050)
[  0  0  0  1  0  0  0  0  0 ] (0.00000181)
[  0  0  0  1  0  0  0  0  1 ] (0.00003139)
[  0  0  0  1  0  0  0  0  2 ] (0.00011038)
[  0  0  0  1  0  0  0  0  3 ] (0.02760957)
[  0  0  0  1  0  0  0  0  4 ] (0.00000294)
[  0  0  0  1  0  0  0  1  0 ] (0.00000294)
[  0  0  0  1  0  0  0  1  1 ] (0.00005083)
[  0  0  0  1  0  0  0  1  2 ] (0.00039110)
[  0  0  0  1  0  0  0  1  3 ] (0.00000160)
[  0  0  0  1  0  0  0  2  0 ] (0.00034892)
[  0  0  0  1  0  0  0  2  1 ] (0.00316978)
[  0  0  0  1  0  0  0  2  2 ] (0.00074363)
[  0  0  0  1  0  0  0  3  0 ] (0.00064968)
[  0  0  0  1  0  0  0  3  1 ] (0.00005757)
[  0  0  0  1  0  0  0  4  0 ] (0.00000999)
[  0  0  0  1  0  0  1  0  0 ] (0.00001454)
[  0  0  0  1  0  0  1  0  1 ] (0.00010490)
[  0  0  0  1  0  0  1  0  2 ] (0.00473693)
[  0  0  0  1  0  0  1  0  3 ] (0.00001071)
[  0  0  0  1  0  0  1  1  0 ] (0.00001478)
[  0  0  0  1  0  0  1  1  1 ] (0.00018753)
[  0  0  0  1  0  0  1  1  2 ] (0.00000466)
[  0  0  0  1  0  0  1  2  0 ] (0.00003823)
[  0  0  0  1  0  0  1  2  1 ] (0.00022646)
[  0  0  0  1  0  0  1  3  0 ] (0.00013433)
[  0  0  0  1  0  0  2  0  0 ] (0.00000316)
[  0  0  0  1  0  0  2  0  1 ] (0.00025485)
[  0  0  0  1  0  0  2  0  2 ] (0.00002078)
[  0  0  0  1  0  0  2  1  0 ] (0.00000091)
[  0  0  0  1  0  0  2  1  1 ] (0.00001957)
[  0  0  0  1  0  0  2  2  0 ] (0.00005403)
[  0  0  0  1  0  0  3  0  0 ] (0.00002433)
[  0  0  0  1  0  0  3  0  1 ] (0.00037004)
[  0  0  0  1  0  0  3  1  0 ] (0.00035334)
[  0  0  0  1  0  0  4  0  0 ] (0.00000228)
[  0  0  0  1  0  1  0  0  0 ] (0.00000869)
[  0  0  0  1  0  1  0  0  1 ] (0.00111445)
[  0  0  0  1  0  1  0  0  2 ] (0.00073533)
[  0  0  0  1  0  1  0  0  3 ] (0.00320162)
[  0  0  0  1  0  1  0  1  0 ] (0.00020214)
[  0  0  0  1  0  1  0  1  1 ] (0.00172963)
[  0  0  0  1  0  1  0  1  2 ] (0.00002613)
[  0  0  0  1  0  1  0  2  0 ] (0.00001564)
[  0  0  0  1  0  1  0  2  1 ] (0.00003298)
[  0  0  0  1  0  1  0  3  0 ] (0.00098212)
[  0  0  0  1  0  1  1  0  0 ] (0.00011519)
[  0  0  0  1  0  1  1  0  1 ] (0.00232692)
[  0  0  0  1  0  1  1  0  2 ] (0.00004571)
[  0  0  0  1  0  1  1  1  0 ] (0.00002074)
[  0  0  0  1  0  1  1  1  1 ] (0.00010776)
[  0  0  0  1  0  1  1  2  0 ] (0.00000104)
[  0  0  0  1  0  1  2  0  0 ] (0.00002476)
[  0  0  0  1  0  1  2  0  1 ] (0.00006251)
[  0  0  0  1  0  1  2  1  0 ] (0.00005561)
[  0  0  0  1  0  1  3  0  0 ] (0.00251063)
[  0  0  0  1  0  2  0  0  0 ] (0.00001066)
[  0  0  0  1  0  2  0  0  1 ] (0.00057491)
[  0  0  0  1  0  2  0  0  2 ] (0.00780393)
[  0  0  0  1  0  2  0  1  0 ] (0.00006102)
[  0  0  0  1  0  2  0  1  1 ] (0.00029828)
[  0  0  0  1  0  2  0  2  0 ] (0.00004082)
[  0  0  0  1  0  2  1  0  0 ] (0.00009048)
[  0  0  0  1  0  2  1  0  1 ] (0.00083620)
[  0  0  0  1  0  2  1  1  0 ] (0.00056303)
[  0  0  0  1  0  2  2  0  0 ] (0.00004021)
[  0  0  0  1  0  3  0  0  0 ] (0.00025699)
[  0  0  0  1  0  3  0  0  1 ] (0.01602559)
[  0  0  0  1  0  3  0  1  0 ] (0.00379618)
[  0  0  0  1  0  3  1  0  0 ] (0.00157619)
[  0  0  0  1  0  4  0  0  0 ] (0.00012645)
[  0  0  0  1  1  0  0  0  0 ] (0.00001688)
[  0  0  0  1  1  0  0  0  1 ] (0.00009828)
[  0  0  0  1  1  0  0  0  2 ] (0.00029056)
[  0  0  0  1  1  0  0  0  3 ] (0.00003413)
[  0  0  0  1  1  0  0  1  0 ] (0.00008157)
[  0  0  0  1  1  0  0  1  1 ] (0.00526939)
[  0  0  0  1  1  0  0  1  2 ] (0.00013925)
[  0  0  0  1  1  0  0  2  0 ] (0.00000951)
[  0  0  0  1  1  0  0  2  1 ] (0.00008674)
[  0  0  0  1  1  0  0  3  0 ] (0.00010216)
[  0  0  0  1  1  0  1  0  0 ] (0.00065397)
[  0  0  0  1  1  0  1  0  1 ] (0.00000032)
[  0  0  0  1  1  0  1  0  2 ] (0.00007434)
[  0  0  0  1  1  0  1  1  0 ] (0.00033952)
[  0  0  0  1  1  0  1  1  1 ] (0.00015983)
[  0  0  0  1  1  0  1  2  0 ] (0.00030508)
[  0  0  0  1  1  0  2  0  0 ] (0.00001541)
[  0  0  0  1  1  0  2  0  1 ] (0.00005308)
[  0  0  0  1  1  0  2  1  0 ] (0.00002351)
[  0  0  0  1  1  0  3  0  0 ] (0.01892271)
[  0  0  0  1  1  1  0  0  0 ] (0.00000165)
[  0  0  0  1  1  1  0  0  1 ] (0.00167892)
[  0  0  0  1  1  1  0  0  2 ] (0.00000237)
[  0  0  0  1  1  1  0  1  0 ] (0.00122796)
[  0  0  0  1  1  1  0  1  1 ] (0.00003903)
[  0  0  0  1  1  1  0  2  0 ] (0.00072360)
[  0  0  0  1  1  1  1  0  0 ] (0.00131326)
[  0  0  0  1  1  1  1  0  1 ] (0.00003078)
[  0  0  0  1  1  1  1  1  0 ] (0.00054555)
[  0  0  0  1  1  1  2  0  0 ] (0.00009759)
[  0  0  0  1  1  2  0  0  0 ] (0.00000827)
[  0  0  0  1  1  2  0  0  1 ] (0.00732382)
[  0  0  0  1  1  2  0  1  0 ] (0.00982048)
[  0  0  0  1  1  2  1  0  0 ] (0.00298459)
[  0  0  0  1  1  3  0  0  0 ] (0.00003594)
[  0  0  0  1  2  0  0  0  0 ] (0.00006401)
[  0  0  0  1  2  0  0  0  1 ] (0.00007093)
[  0  0  0  1  2  0  0  0  2 ] (0.00167045)
[  0  0  0  1  2  0  0  1  0 ] (0.00055085)
[  0  0  0  1  2  0  0  1  1 ] (0.00057644)
[  0  0  0  1  2  0  0  2  0 ] (0.00596182)
[  0  0  0  1  2  0  1  0  0 ] (0.00028779)
[  0  0  0  1  2  0  1  0  1 ] (0.00095751)
[  0  0  0  1  2  0  1  1  0 ] (0.00006785)
[  0  0  0  1  2  0  2  0  0 ] (0.00029926)
[  0  0  0  1  2  1  0  0  0 ] (0.00009277)
[  0  0  0  1  2  1  0  0  1 ] (0.00011864)
[  0  0  0  1  2  1  0  1  0 ] (0.00175327)
[  0  0  0  1  2  1  1  0  0 ] (0.00094594)
[  0  0  0  1  2  2  0  0  0 ] (0.00005633)
[  0  0  0  1  3  0  0  0  0 ] (0.00001101)
[  0  0  0  1  3  0  0  0  1 ] (0.00034219)
[  0  0  0  1  3  0  0  1  0 ] (0.00000264)
[  0  0  0  1  3  0  1  0  0 ] (0.00014272)
[  0  0  0  1  3  1  0  0  0 ] (0.00000292)
[  0  0  0  1  4  0  0  0  0 ] (0.00000057)
[  0  0  0  2  0  0  0  0  0 ] (0.00006903)
[  0  0  0  2  0  0  0  0  1 ] (0.00000039)
[  0  0  0  2  0  0  0  0  2 ] (0.00004106)
[  0  0  0  2  0  0  0  0  3 ] (0.00030058)
[  0  0  0  2  0  0  0  1  0 ] (0.00000021)
[  0  0  0  2  0  0  0  1  1 ] (0.00000440)
[  0  0  0  2  0  0  0  1  2 ] (0.00002434)
[  0  0  0  2  0  0  0  2  0 ] (0.00007895)
[  0  0  0  2  0  0  0  2  1 ] (0.00013627)
[  0  0  0  2  0  0  0  3  0 ] (0.00011994)
[  0  0  0  2  0  0  1  0  0 ] (0.00045426)
[  0  0  0  2  0  0  1  0  1 ] (0.00003726)
[  0  0  0  2  0  0  1  0  2 ] (0.00004494)
[  0  0  0  2  0  0  1  1  0 ] (0.00006220)
[  0  0  0  2  0  0  1  1  1 ] (0.00003047)
[  0  0  0  2  0  0  1  2  0 ] (0.00009159)
[  0  0  0  2  0  0  2  0  0 ] (0.00010096)
[  0  0  0  2  0  0  2  0  1 ] (0.00227581)
[  0  0  0  2  0  0  2  1  0 ] (0.00003419)
[  0  0  0  2  0  0  3  0  0 ] (0.00086245)
[  0  0  0  2  0  1  0  0  0 ] (0.00017454)
[  0  0  0  2  0  1  0  0  1 ] (0.00003284)
[  0  0  0  2  0  1  0  0  2 ] (0.00013656)
[  0  0  0  2  0  1  0  1  0 ] (0.00001683)
[  0  0  0  2  0  1  0  1  1 ] (0.00049227)
[  0  0  0  2  0  1  0  2  0 ] (0.00070196)
[  0  0  0  2  0  1  1  0  0 ] (0.00156469)
[  0  0  0  2  0  1  1  0  1 ] (0.00093072)
[  0  0  0  2  0  1  1  1  0 ] (0.00260823)
[  0  0  0  2  0  1  2  0  0 ] (0.00000012)
[  0  0  0  2  0  2  0  0  0 ] (0.00020239)
[  0  0  0  2  0  2  0  0  1 ] (0.00000405)
[  0  0  0  2  0  2  0  1  0 ] (0.00001831)
[  0  0  0  2  0  2  1  0  0 ] (0.00197302)
[  0  0  0  2  0  3  0  0  0 ] (0.00026562)
[  0  0  0  2  1  0  0  0  0 ] (0.00000027)
[  0  0  0  2  1  0  0  0  1 ] (0.00000463)
[  0  0  0  2  1  0  0  0  2 ] (0.00010989)
[  0  0  0  2  1  0  0  1  0 ] (0.00012273)
[  0  0  0  2  1  0  0  1  1 ] (0.00032681)
[  0  0  0  2  1  0  0  2  0 ] (0.00000578)
[  0  0  0  2  1  0  1  0  0 ] (0.00000884)
[  0  0  0  2  1  0  1  0  1 ] (0.00022059)
[  0  0  0  2  1  0  1  1  0 ] (0.00062863)
[  0  0  0  2  1  0  2  0  0 ] (0.00000815)
[  0  0  0  2  1  1  0  0  0 ] (0.00000050)
[  0  0  0  2  1  1  0  0  1 ] (0.00025207)
[  0  0  0  2  1  1  0  1  0 ] (0.00084006)
[  0  0  0  2  1  1  1  0  0 ] (0.00024774)
[  0  0  0  2  1  2  0  0  0 ] (0.00000980)
[  0  0  0  2  2  0  0  0  0 ] (0.00019023)
[  0  0  0  2  2  0  0  0  1 ] (0.00027915)
[  0  0  0  2  2  0  0  1  0 ] (0.00000134)
[  0  0  0  2  2  0  1  0  0 ] (0.00080557)
[  0  0  0  2  2  1  0  0  0 ] (0.00020403)
[  0  0  0  2  3  0  0  0  0 ] (0.00005692)
[  0  0  0  3  0  0  0  0  0 ] (0.00003537)
[  0  0  0  3  0  0  0  0  1 ] (0.00001531)
[  0  0  0  3  0  0  0  0  2 ] (0.00001017)
[  0  0  0  3  0  0  0  1  0 ] (0.00082303)
[  0  0  0  3  0  0  0  1  1 ] (0.00478137)
[  0  0  0  3  0  0  0  2  0 ] (0.00006653)
[  0  0  0  3  0  0  1  0  0 ] (0.00049418)
[  0  0  0  3  0  0  1  0  1 ] (0.00000000)
[  0  0  0  3  0  0  1  1  0 ] (0.00746409)
[  0  0  0  3  0  0  2  0  0 ] (0.00001985)
[  0  0  0  3  0  1  0  0  0 ] (0.00005699)
[  0  0  0  3  0  1  0  0  1 ] (0.00015790)
[  0  0  0  3  0  1  0  1  0 ] (0.00014018)
[  0  0  0  3  0  1  1  0  0 ] (0.00134619)
[  0  0  0  3  0  2  0  0  0 ] (0.00012750)
[  0  0  0  3  1  0  0  0  0 ] (0.00001424)
[  0  0  0  3  1  0  0  0  1 ] (0.00000000)
[  0  0  0  3  1  0  0  1  0 ] (0.00005173)
[  0  0  0  3  1  0  1  0  0 ] (0.00003256)
[  0  0  0  3  1  1  0  0  0 ] (0.00002070)
[  0  0  0  3  2  0  0  0  0 ] (0.00006257)
[  0  0  0  4  0  0  0  0  0 ] (0.00000413)
[  0  0  0  4  0  0  0  0  1 ] (0.00080869)
[  0  0  0  4  0  0  0  1  0 ] (0.00002514)
[  0  0  0  4  0  0  1  0  0 ] (0.00000230)
[  0  0  0  4  0  1  0  0  0 ] (0.00000763)
[  0  0  0  4  1  0  0  0  0 ] (0.00004756)
[  0  0  0  5  0  0  0  0  0 ] (0.00019952)
[  0  0  1  0  0  0  0  0  0 ] (0.00000842)
[  0  0  1  0  0  0  0  0  1 ] (0.00004216)
[  0  0  1  0  0  0  0  0  2 ] (0.00000761)
[  0  0  1  0  0  0  0  0  3 ] (0.00005189)
[  0  0  1  0  0  0  0  0  4 ] (0.00000007)
[  0  0  1  0  0  0  0  1  0 ] (0.00001709)
[  0  0  1  0  0  0  0  1  1 ] (0.00006185)
[  0  0  1  0  0  0  0  1  2 ] (0.00200226)
[  0  0  1  0  0  0  0  1  3 ] (0.00002265)
[  0  0  1  0  0  0  0  2  0 ] (0.00020374)
[  0  0  1  0  0  0  0  2  1 ] (0.00047408)
[  0  0  1  0  0  0  0  2  2 ] (0.00003567)
[  0  0  1  0  0  0  0  3  0 ] (0.00016582)
[  0  0  1  0  0  0  0  3  1 ] (0.00001559)
[  0  0  1  0  0  0  0  4  0 ] (0.00002105)
[  0  0  1  0  0  0  1  0  0 ] (0.00007798)
[  0  0  1  0  0  0  1  0  1 ] (0.00001826)
[  0  0  1  0  0  0  1  0  2 ] (0.00015782)
[  0  0  1  0  0  0  1  0  3 ] (0.00000500)
[  0  0  1  0  0  0  1  1  0 ] (0.00002666)
[  0  0  1  0  0  0  1  1  1 ] (0.00039796)
[  0  0  1  0  0  0  1  1  2 ] (0.00000322)
[  0  0  1  0  0  0  1  2  0 ] (0.00034324)
[  0  0  1  0  0  0  1  2  1 ] (0.00039164)
[  0  0  1  0  0  0  1  3  0 ] (0.00021430)
[  0  0  1  0  0  0  2  0  0 ] (0.00001262)
[  0  0  1  0  0  0  2  0  1 ] (0.00001320)
[  0  0  1  0  0  0  2  0  2 ] (0.00003938)
[  0  0  1  0  0  0  2  1  0 ] (0.00001506)
[  0  0  1  0  0  0  2  1  1 ] (0.00000602)
[  0  0  1  0  0  0  2  2  0 ] (0.00000254)
[  0  0  1  0  0  0  3  0  0 ] (0.00041774)
[  0  0  1  0  0  0  3  0  1 ] (0.00000948)
[  0  0  1  0  0  0  3  1  0 ] (0.00000555)
[  0  0  1  0  0  0  4  0  0 ] (0.00089414)
[  0  0  1  0  0  1  0  0  0 ] (0.00000190)
[  0  0  1  0  0  1  0  0  1 ] (0.00001514)
[  0  0  1  0  0  1  0  0  2 ] (0.00004770)
[  0  0  1  0  0  1  0  0  3 ] (0.00000314)
[  0  0  1  0  0  1  0  1  0 ] (0.00008524)
[  0  0  1  0  0  1  0  1  1 ] (0.00121674)
[  0  0  1  0  0  1  0  1  2 ] (0.00000102)
[  0  0  1  0  0  1  0  2  0 ] (0.00000041)
[  0  0  1  0  0  1  0  2  1 ] (0.00006785)
[  0  0  1  0  0  1  0  3  0 ] (0.00012780)
[  0  0  1  0  0  1  1  0  0 ] (0.00005475)
[  0  0  1  0  0  1  1  0  1 ] (0.00020550)
[  0  0  1  0  0  1  1  0  2 ] (0.00026839)
[  0  0  1  0  0  1  1  1  0 ] (0.00000005)
[  0  0  1  0  0  1  1  1  1 ] (0.00003917)
[  0  0  1  0  0  1  1  2  0 ] (0.00000879)
[  0  0  1  0  0  1  2  0  0 ] (0.00000569)
[  0  0  1  0  0  1  2  0  1 ] (0.00011384)
[  0  0  1  0  0  1  2  1  0 ] (0.00003668)
[  0  0  1  0  0  1  3  0  0 ] (0.00085429)
[  0  0  1  0  0  2  0  0  0 ] (0.00000020)
[  0  0  1  0  0  2  0  0  1 ] (0.00020693)
[  0  0  1  0  0  2  0  0  2 ] (0.00001750)
[  0  0  1  0  0  2  0  1  0 ] (0.00003358)
[  0  0  1  0  0  2  0  1  1 ] (0.00022190)
[  0  0  1  0  0  2  0  2  0 ] (0.00002302)
[  0  0  1  0  0  2  1  0  0 ] (0.00017840)
[  0  0  1  0  0  2  1  0  1 ] (0.00015463)
[  0  0  1  0  0  2  1  1  0 ] (0.00007019)
[  0  0  1  0  0  2  2  0  0 ] (0.00000221)
[  0  0  1  0  0  3  0  0  0 ] (0.00003298)
[  0  0  1  0  0  3  0  0  1 ] (0.00064531)
[  0  0  1  0  0  3  0  1  0 ] (0.00000315)
[  0  0  1  0  0  3  1  0  0 ] (0.00030809)
[  0  0  1  0  0  4  0  0  0 ] (0.00000023)
[  0  0  1  0  1  0  0  0  0 ] (0.00000227)
[  0  0  1  0  1  0  0  0  1 ] (0.00006312)
[  0  0  1  0  1  0  0  0  2 ] (0.00009676)
[  0  0  1  0  1  0  0  0  3 ] (0.00003361)
[  0  0  1  0  1  0  0  1  0 ] (0.00013644)
[  0  0  1  0  1  0  0  1  1 ] (0.00115082)
[  0  0  1  0  1  0  0  1  2 ] (0.00015253)
[  0  0  1  0  1  0  0  2  0 ] (0.00019711)
[  0  0  1  0  1  0  0  2  1 ] (0.00011055)
[  0  0  1  0  1  0  0  3  0 ] (0.00009971)
[  0  0  1  0  1  0  1  0  0 ] (0.00001402)
[  0  0  1  0  1  0  1  0  1 ] (0.00008952)
[  0  0  1  0  1  0  1  0  2 ] (0.00000058)
[  0  0  1  0  1  0  1  1  0 ] (0.00076150)
[  0  0  1  0  1  0  1  1  1 ] (0.00032476)
[  0  0  1  0  1  0  1  2  0 ] (0.00017826)
[  0  0  1  0  1  0  2  0  0 ] (0.00003700)
[  0  0  1  0  1  0  2  0  1 ] (0.00001074)
[  0  0  1  0  1  0  2  1  0 ] (0.00008461)
[  0  0  1  0  1  0  3  0  0 ] (0.00000103)
[  0  0  1  0  1  1  0  0  0 ] (0.00000722)
[  0  0  1  0  1  1  0  0  1 ] (0.00029693)
[  0  0  1  0  1  1  0  0  2 ] (0.00002548)
[  0  0  1  0  1  1  0  1  0 ] (0.00008670)
[  0  0  1  0  1  1  0  1  1 ] (0.00000969)
[  0  0  1  0  1  1  0  2  0 ] (0.00166157)
[  0  0  1  0  1  1  1  0  0 ] (0.00000761)
[  0  0  1  0  1  1  1  0  1 ] (0.00000466)
[  0  0  1  0  1  1  1  1  0 ] (0.00104543)
[  0  0  1  0  1  1  2  0  0 ] (0.00028711)
[  0  0  1  0  1  2  0  0  0 ] (0.00002980)
[  0  0  1  0  1  2  0  0  1 ] (0.00153816)
[  0  0  1  0  1  2  0  1  0 ] (0.00001203)
[  0  0  1  0  1  2  1  0  0 ] (0.00001486)
[  0  0  1  0  1  3  0  0  0 ] (0.00010731)
[  0  0  1  0  2  0  0  0  0 ] (0.00003616)
[  0  0  1  0  2  0  0  0  1 ] (0.00097778)
[  0  0  1  0  2  0  0  0  2 ] (0.01837398)
[  0  0  1  0  2  0  0  1  0 ] (0.00006933)
[  0  0  1  0  2  0  0  1  1 ] (0.00009320)
[  0  0  1  0  2  0  0  2  0 ] (0.01409267)
[  0  0  1  0  2  0  1  0  0 ] (0.00000267)
[  0  0  1  0  2  0  1  0  1 ] (0.00014661)
[  0  0  1  0  2  0  1  1  0 ] (0.00029910)
[  0  0  1  0  2  0  2  0  0 ] (0.00016438)
[  0  0  1  0  2  1  0  0  0 ] (0.00000249)
[  0  0  1  0  2  1  0  0  1 ] (0.00000781)
[  0  0  1  0  2  1  0  1  0 ] (0.00061149)
[  0  0  1  0  2  1  1  0  0 ] (0.00034550)
[  0  0  1  0  2  2  0  0  0 ] (0.00000392)
[  0  0  1  0  3  0  0  0  0 ] (0.00000248)
[  0  0  1  0  3  0  0  0  1 ] (0.00006380)
[  0  0  1  0  3  0  0  1  0 ] (0.00022876)
[  0  0  1  0  3  0  1  0  0 ] (0.00020735)
[  0  0  1  0  3  1  0  0  0 ] (0.00004071)
[  0  0  1  0  4  0  0  0  0 ] (0.00006209)
[  0  0  1  1  0  0  0  0  0 ] (0.00000033)
[  0  0  1  1  0  0  0  0  1 ] (0.00045287)
[  0  0  1  1  0  0  0  0  2 ] (0.00047426)
[  0  0  1  1  0  0  0  0  3 ] (0.00100446)
[  0  0  1  1  0  0  0  1  0 ] (0.00000074)
[  0  0  1  1  0  0  0  1  1 ] (0.00017867)
[  0  0  1  1  0  0  0  1  2 ] (0.00000759)
[  0  0  1  1  0  0  0  2  0 ] (0.00007529)
[  0  0  1  1  0  0  0  2  1 ] (0.00002114)
[  0  0  1  1  0  0  0  3  0 ] (0.00684901)
[  0  0  1  1  0  0  1  0  0 ] (0.00004603)
[  0  0  1  1  0  0  1  0  1 ] (0.00020162)
[  0  0  1  1  0  0  1  0  2 ] (0.00011820)
[  0  0  1  1  0  0  1  1  0 ] (0.00002149)
[  0  0  1  1  0  0  1  1  1 ] (0.00002164)
[  0  0  1  1  0  0  1  2  0 ] (0.00052812)
[  0  0  1  1  0  0  2  0  0 ] (0.00000126)
[  0  0  1  1  0  0  2  0  1 ] (0.00017018)
[  0  0  1  1  0  0  2  1  0 ] (0.00001367)
[  0  0  1  1  0  0  3  0  0 ] (0.00072776)
[  0  0  1  1  0  1  0  0  0 ] (0.00000002)
[  0  0  1  1  0  1  0  0  1 ] (0.00056069)
[  0  0  1  1  0  1  0  0  2 ] (0.00240366)
[  0  0  1  1  0  1  0  1  0 ] (0.00000007)
[  0  0  1  1  0  1  0  1  1 ] (0.00015455)
[  0  0  1  1  0  1  0  2  0 ] (0.00413050)
[  0  0  1  1  0  1  1  0  0 ] (0.00005929)
[  0  0  1  1  0  1  1  0  1 ] (0.00088398)
[  0  0  1  1  0  1  1  1  0 ] (0.00211233)
[  0  0  1  1  0  1  2  0  0 ] (0.00006916)
[  0  0  1  1  0  2  0  0  0 ] (0.00001495)
[  0  0  1  1  0  2  0  0  1 ] (0.00085973)
[  0  0  1  1  0  2  0  1  0 ] (0.00007692)
[  0  0  1  1  0  2  1  0  0 ] (0.00012780)
[  0  0  1  1  0  3  0  0  0 ] (0.00000791)
[  0  0  1  1  1  0  0  0  0 ] (0.00042974)
[  0  0  1  1  1  0  0  0  1 ] (0.00002120)
[  0  0  1  1  1  0  0  0  2 ] (0.00004589)
[  0  0  1  1  1  0  0  1  0 ] (0.00010808)
[  0  0  1  1  1  0  0  1  1 ] (0.00002485)
[  0  0  1  1  1  0  0  2  0 ] (0.00117723)
[  0  0  1  1  1  0  1  0  0 ] (0.00405779)
[  0  0  1  1  1  0  1  0  1 ] (0.00131078)
[  0  0  1  1  1  0  1  1  0 ] (0.00028267)
[  0  0  1  1  1  0  2  0  0 ] (0.00035733)
[  0  0  1  1  1  1  0  0  0 ] (0.00095885)
[  0  0  1  1  1  1  0  0  1 ] (0.00015090)
[  0  0  1  1  1  1  0  1  0 ] (0.00005711)
[  0  0  1  1  1  1  1  0  0 ] (0.02457524)
[  0  0  1  1  1  2  0  0  0 ] (0.00061690)
[  0  0  1  1  2  0  0  0  0 ] (0.00028937)
[  0  0  1  1  2  0  0  0  1 ] (0.00167870)
[  0  0  1  1  2  0  0  1  0 ] (0.00224820)
[  0  0  1  1  2  0  1  0  0 ] (0.00143386)
[  0  0  1  1  2  1  0  0  0 ] (0.00012414)
[  0  0  1  1  3  0  0  0  0 ] (0.00000003)
[  0  0  1  2  0  0  0  0  0 ] (0.00002263)
[  0  0  1  2  0  0  0  0  1 ] (0.00054690)
[  0  0  1  2  0  0  0  0  2 ] (0.00002281)
[  0  0  1  2  0  0  0  1  0 ] (0.00010653)
[  0  0  1  2  0  0  0  1  1 ] (0.00020803)
[  0  0  1  2  0  0  0  2  0 ] (0.00010381)
[  0  0  1  2  0  0  1  0  0 ] (0.00000415)
[  0  0  1  2  0  0  1  0  1 ] (0.01085502)
[  0  0  1  2  0  0  1  1  0 ] (0.00189667)
[  0  0  1  2  0  0  2  0  0 ] (0.00000457)
[  0  0  1  2  0  1  0  0  0 ] (0.00003868)
[  0  0  1  2  0  1  0  0  1 ] (0.00123214)
[  0  0  1  2  0  1  0  1  0 ] (0.00008750)
[  0  0  1  2  0  1  1  0  0 ] (0.00067161)
[  0  0  1  2  0  2  0  0  0 ] (0.00006643)
[  0  0  1  2  1  0  0  0  0 ] (0.00000472)
[  0  0  1  2  1  0  0  0  1 ] (0.00069890)
[  0  0  1  2  1  0  0  1  0 ] (0.00009591)
[  0  0  1  2  1  0  1  0  0 ] (0.00000264)
[  0  0  1  2  1  1  0  0  0 ] (0.00000050)
[  0  0  1  2  2  0  0  0  0 ] (0.00000042)
[  0  0  1  3  0  0  0  0  0 ] (0.00001247)
[  0  0  1  3  0  0  0  0  1 ] (0.00030235)
[  0  0  1  3  0  0  0  1  0 ] (0.00001287)
[  0  0  1  3  0  0  1  0  0 ] (0.00045930)
[  0  0  1  3  0  1  0  0  0 ] (0.00002475)
[  0  0  1  3  1  0  0  0  0 ] (0.00000131)
[  0  0  1  4  0  0  0  0  0 ] (0.00000251)
[  0  0  2  0  0  0  0  0  0 ] (0.00000195)
[  0  0  2  0  0  0  0  0  1 ] (0.00000004)
[  0  0  2  0  0  0  0  0  2 ] (0.00000912)
[  0  0  2  0  0  0  0  0  3 ] (0.00061493)
[  0  0  2  0  0  0  0  1  0 ] (0.00000509)
[  0  0  2  0  0  0  0  1  1 ] (0.00001142)
[  0  0  2  0  0  0  0  1  2 ] (0.00008618)
[  0  0  2  0  0  0  0  2  0 ] (0.00001575)
[  0  0  2  0  0  0  0  2  1 ] (0.00000015)
[  0  0  2  0  0  0  0  3  0 ] (0.00000000)
[  0  0  2  0  0  0  1  0  0 ] (0.00003090)
[  0  0  2  0  0  0  1  0  1 ] (0.00004200)
[  0  0  2  0  0  0  1  0  2 ] (0.00000216)
[  0  0  2  0  0  0  1  1  0 ] (0.00011074)
[  0  0  2  0  0  0  1  1  1 ] (0.00005028)
[  0  0  2  0  0  0  1  2  0 ] (0.00004663)
[  0  0  2  0  0  0  2  0  0 ] (0.00004868)
[  0  0  2  0  0  0  2  0  1 ] (0.00060442)
[  0  0  2  0  0  0  2  1  0 ] (0.00503418)
[  0  0  2  0  0  0  3  0  0 ] (0.00000007)
[  0  0  2  0  0  1  0  0  0 ] (0.00001534)
[  0  0  2  0  0  1  0  0  1 ] (0.00000409)
[  0  0  2  0  0  1  0  0  2 ] (0.00000792)
[  0  0  2  0  0  1  0  1  0 ] (0.00000764)
[  0  0  2  0  0  1  0  1  1 ] (0.00055416)
[  0  0  2  0  0  1  0  2  0 ] (0.00021591)
[  0  0  2  0  0  1  1  0  0 ] (0.00005332)
[  0  0  2  0  0  1  1  0  1 ] (0.00068913)
[  0  0  2  0  0  1  1  1  0 ] (0.00119429)
[  0  0  2  0  0  1  2  0  0 ] (0.00000447)
[  0  0  2  0  0  2  0  0  0 ] (0.00001372)
[  0  0  2  0  0  2  0  0  1 ] (0.00001021)
[  0  0  2  0  0  2  0  1  0 ] (0.00005371)
[  0  0  2  0  0  2  1  0  0 ] (0.00013755)
[  0  0  2  0  0  3  0  0  0 ] (0.00001983)
[  0  0  2  0  1  0  0  0  0 ] (0.00000665)
[  0  0  2  0  1  0  0  0  1 ] (0.00006886)
[  0  0  2  0  1  0  0  0  2 ] (0.00027412)
[  0  0  2  0  1  0  0  1  0 ] (0.00000229)
[  0  0  2  0  1  0  0  1  1 ] (0.00019775)
[  0  0  2  0  1  0  0  2  0 ] (0.00014928)
[  0  0  2  0  1  0  1  0  0 ] (0.00000432)
[  0  0  2  0  1  0  1  0  1 ] (0.00036890)
[  0  0  2  0  1  0  1  1  0 ] (0.00017163)
[  0  0  2  0  1  0  2  0  0 ] (0.00004255)
[  0  0  2  0  1  1  0  0  0 ] (0.00000023)
[  0  0  2  0  1  1  0  0  1 ] (0.00003594)
[  0  0  2  0  1  1  0  1  0 ] (0.00002101)
[  0  0  2  0  1  1  1  0  0 ] (0.00006925)
[  0  0  2  0  1  2  0  0  0 ] (0.00000035)
[  0  0  2  0  2  0  0  0  0 ] (0.00001232)
[  0  0  2  0  2  0  0  0  1 ] (0.00000061)
[  0  0  2  0  2  0  0  1  0 ] (0.00004370)
[  0  0  2  0  2  0  1  0  0 ] (0.00005429)
[  0  0  2  0  2  1  0  0  0 ] (0.00002972)
[  0  0  2  0  3  0  0  0  0 ] (0.00000666)
[  0  0  2  1  0  0  0  0  0 ] (0.00000387)
[  0  0  2  1  0  0  0  0  1 ] (0.00010045)
[  0  0  2  1  0  0  0  0  2 ] (0.00002604)
[  0  0  2  1  0  0  0  1  0 ] (0.00000365)
[  0  0  2  1  0  0  0  1  1 ] (0.00072327)
[  0  0  2  1  0  0  0  2  0 ] (0.00001941)
[  0  0  2  1  0  0  1  0  0 ] (0.00001458)
[  0  0  2  1  0  0  1  0  1 ] (0.00006332)
[  0  0  2  1  0  0  1  1  0 ] (0.00112258)
[  0  0  2  1  0  0  2  0  0 ] (0.00003750)
[  0  0  2  1  0  1  0  0  0 ] (0.00002208)
[  0  0  2  1  0  1  0  0  1 ] (0.00040075)
[  0  0  2  1  0  1  0  1  0 ] (0.00002275)
[  0  0  2  1  0  1  1  0  0 ] (0.00003038)
[  0  0  2  1  0  2  0  0  0 ] (0.00001079)
[  0  0  2  1  1  0  0  0  0 ] (0.00000749)
[  0  0  2  1  1  0  0  0  1 ] (0.00014036)
[  0  0  2  1  1  0  0  1  0 ] (0.00000955)
[  0  0  2  1  1  0  1  0  0 ] (0.00028468)
[  0  0  2  1  1  1  0  0  0 ] (0.00000108)
[  0  0  2  1  2  0  0  0  0 ] (0.00001506)
[  0  0  2  2  0  0  0  0  0 ] (0.00004151)
[  0  0  2  2  0  0  0  0  1 ] (0.00001045)
[  0  0  2  2  0  0  0  1  0 ] (0.00000024)
[  0  0  2  2  0  0  1  0  0 ] (0.00011832)
[  0  0  2  2  0  1  0  0  0 ] (0.00004488)
[  0  0  2  2  1  0  0  0  0 ] (0.00000015)
[  0  0  2  3  0  0  0  0  0 ] (0.00001308)
[  0  0  3  0  0  0  0  0  0 ] (0.00000567)
[  0  0  3  0  0  0  0  0  1 ] (0.00000167)
[  0  0  3  0  0  0  0  0  2 ] (0.00000143)
[  0  0  3  0  0  0  0  1  0 ] (0.00002572)
[  0  0  3  0  0  0  0  1  1 ] (0.00050511)
[  0  0  3  0  0  0  0  2  0 ] (0.00002894)
[  0  0  3  0  0  0  1  0  0 ] (0.00003727)
[  0  0  3  0  0  0  1  0  1 ] (0.00008020)
[  0  0  3  0  0  0  1  1  0 ] (0.00001479)
[  0  0  3  0  0  0  2  0  0 ] (0.00000053)
[  0  0  3  0  0  1  0  0  0 ] (0.00002404)
[  0  0  3  0  0  1  0  0  1 ] (0.00000388)
[  0  0  3  0  0  1  0  1  0 ] (0.00000938)
[  0  0  3  0  0  1  1  0  0 ] (0.00031183)
[  0  0  3  0  0  2  0  0  0 ] (0.00001490)
[  0  0  3  0  1  0  0  0  0 ] (0.00000557)
[  0  0  3  0  1  0  0  0  1 ] (0.00016740)
[  0  0  3  0  1  0  0  1  0 ] (0.00000020)
[  0  0  3  0  1  0  1  0  0 ] (0.00003911)
[  0  0  3  0  1  1  0  0  0 ] (0.00000083)
[  0  0  3  0  2  0  0  0  0 ] (0.00001163)
[  0  0  3  1  0  0  0  0  0 ] (0.00000209)
[  0  0  3  1  0  0  0  0  1 ] (0.00011565)
[  0  0  3  1  0  0  0  1  0 ] (0.00000396)
[  0  0  3  1  0  0  1  0  0 ] (0.00000412)
[  0  0  3  1  0  1  0  0  0 ] (0.00000836)
[  0  0  3  1  1  0  0  0  0 ] (0.00001567)
[  0  0  3  2  0  0  0  0  0 ] (0.00005198)
[  0  0  4  0  0  0  0  0  0 ] (0.00000089)
[  0  0  4  0  0  0  0  0  1 ] (0.00000304)
[  0  0  4  0  0  0  0  1  0 ] (0.00000316)
[  0  0  4  0  0  0  1  0  0 ] (0.00002893)
[  0  0  4  0  0  1  0  0  0 ] (0.00000014)
[  0  0  4  0  1  0  0  0  0 ] (0.00000178)
[  0  0  4  1  0  0  0  0  0 ] (0.00000348)
[  0  0  5  0  0  0  0  0  0 ] (0.00000100)
[  0  1  0  0  0  0  0  0  0 ] (0.00000285)
[  0  1  0  0  0  0  0  0  1 ] (0.00000092)
[  0  1  0  0  0  0  0  0  2 ] (0.00001154)
[  0  1  0  0  0  0  0  0  3 ] (0.00180047)
[  0  1  0  0  0  0  0  0  4 ] (0.00001668)
[  0  1  0  0  0  0  0  1  0 ] (0.00000379)
[  0  1  0  0  0  0  0  1  1 ] (0.00000039)
[  0  1  0  0  0  0  0  1  2 ] (0.00681599)
[  0  1  0  0  0  0  0  1  3 ] (0.00000044)
[  0  1  0  0  0  0  0  2  0 ] (0.00006137)
[  0  1  0  0  0  0  0  2  1 ] (0.00062043)
[  0  1  0  0  0  0  0  2  2 ] (0.00002710)
[  0  1  0  0  0  0  0  3  0 ] (0.00004356)
[  0  1  0  0  0  0  0  3  1 ] (0.00000228)
[  0  1  0  0  0  0  0  4  0 ] (0.00029030)
[  0  1  0  0  0  0  1  0  0 ] (0.00000196)
[  0  1  0  0  0  0  1  0  1 ] (0.00002060)
[  0  1  0  0  0  0  1  0  2 ] (0.00001567)
[  0  1  0  0  0  0  1  0  3 ] (0.00000847)
[  0  1  0  0  0  0  1  1  0 ] (0.00001419)
[  0  1  0  0  0  0  1  1  1 ] (0.00048571)
[  0  1  0  0  0  0  1  1  2 ] (0.00000737)
[  0  1  0  0  0  0  1  2  0 ] (0.00000800)
[  0  1  0  0  0  0  1  2  1 ] (0.00017995)
[  0  1  0  0  0  0  1  3  0 ] (0.00003344)
[  0  1  0  0  0  0  2  0  0 ] (0.00000004)
[  0  1  0  0  0  0  2  0  1 ] (0.00000492)
[  0  1  0  0  0  0  2  0  2 ] (0.00027270)
[  0  1  0  0  0  0  2  1  0 ] (0.00002479)
[  0  1  0  0  0  0  2  1  1 ] (0.00000021)
[  0  1  0  0  0  0  2  2  0 ] (0.00000143)
[  0  1  0  0  0  0  3  0  0 ] (0.00000087)
[  0  1  0  0  0  0  3  0  1 ] (0.00009153)
[  0  1  0  0  0  0  3  1  0 ] (0.00028704)
[  0  1  0  0  0  0  4  0  0 ] (0.00402030)
[  0  1  0  0  0  1  0  0  0 ] (0.00000098)
[  0  1  0  0  0  1  0  0  1 ] (0.00000014)
[  0  1  0  0  0  1  0  0  2 ] (0.00005218)
[  0  1  0  0  0  1  0  0  3 ] (0.00000708)
[  0  1  0  0  0  1  0  1  0 ] (0.00000485)
[  0  1  0  0  0  1  0  1  1 ] (0.00013981)
[  0  1  0  0  0  1  0  1  2 ] (0.00035617)
[  0  1  0  0  0  1  0  2  0 ] (0.00000010)
[  0  1  0  0  0  1  0  2  1 ] (0.00003598)
[  0  1  0  0  0  1  0  3  0 ] (0.00082048)
[  0  1  0  0  0  1  1  0  0 ] (0.00000821)
[  0  1  0  0  0  1  1  0  1 ] (0.00006101)
[  0  1  0  0  0  1  1  0  2 ] (0.00013432)
[  0  1  0  0  0  1  1  1  0 ] (0.00005703)
[  0  1  0  0  0  1  1  1  1 ] (0.00001065)
[  0  1  0  0  0  1  1  2  0 ] (0.00041570)
[  0  1  0  0  0  1  2  0  0 ] (0.00001718)
[  0  1  0  0  0  1  2  0  1 ] (0.00040375)
[  0  1  0  0  0  1  2  1  0 ] (0.00001551)
[  0  1  0  0  0  1  3  0  0 ] (0.00001349)
[  0  1  0  0  0  2  0  0  0 ] (0.00000242)
[  0  1  0  0  0  2  0  0  1 ] (0.00001265)
[  0  1  0  0  0  2  0  0  2 ] (0.00014685)
[  0  1  0  0  0  2  0  1  0 ] (0.00000969)
[  0  1  0  0  0  2  0  1  1 ] (0.00019407)
[  0  1  0  0  0  2  0  2  0 ] (0.00006039)
[  0  1  0  0  0  2  1  0  0 ] (0.00000533)
[  0  1  0  0  0  2  1  0  1 ] (0.00044090)
[  0  1  0  0  0  2  1  1  0 ] (0.00001872)
[  0  1  0  0  0  2  2  0  0 ] (0.00000342)
[  0  1  0  0  0  3  0  0  0 ] (0.00000255)
[  0  1  0  0  0  3  0  0  1 ] (0.00000906)
[  0  1  0  0  0  3  0  1  0 ] (0.00031235)
[  0  1  0  0  0  3  1  0  0 ] (0.00000586)
[  0  1  0  0  0  4  0  0  0 ] (0.00000185)
[  0  1  0  0  1  0  0  0  0 ] (0.00000018)
[  0  1  0  0  1  0  0  0  1 ] (0.00002193)
[  0  1  0  0  1  0  0  0  2 ] (0.00003887)
[  0  1  0  0  1  0  0  0  3 ] (0.00003445)
[  0  1  0  0  1  0  0  1  0 ] (0.00012117)
[  0  1  0  0  1  0  0  1  1 ] (0.00045071)
[  0  1  0  0  1  0  0  1  2 ] (0.00017243)
[  0  1  0  0  1  0  0  2  0 ] (0.00002419)
[  0  1  0  0  1  0  0  2  1 ] (0.00002605)
[  0  1  0  0  1  0  0  3  0 ] (0.00000366)
[  0  1  0  0  1  0  1  0  0 ] (0.00000032)
[  0  1  0  0  1  0  1  0  1 ] (0.00001580)
[  0  1  0  0  1  0  1  0  2 ] (0.00013940)
[  0  1  0  0  1  0  1  1  0 ] (0.00020207)
[  0  1  0  0  1  0  1  1  1 ] (0.00012719)
[  0  1  0  0  1  0  1  2  0 ] (0.00000605)
[  0  1  0  0  1  0  2  0  0 ] (0.00000092)
[  0  1  0  0  1  0  2  0  1 ] (0.00000001)
[  0  1  0  0  1  0  2  1  0 ] (0.00017271)
[  0  1  0  0  1  0  3  0  0 ] (0.00000111)
[  0  1  0  0  1  1  0  0  0 ] (0.00000997)
[  0  1  0  0  1  1  0  0  1 ] (0.00000268)
[  0  1  0  0  1  1  0  0  2 ] (0.00037091)
[  0  1  0  0  1  1  0  1  0 ] (0.00000415)
[  0  1  0  0  1  1  0  1  1 ] (0.00011560)
[  0  1  0  0  1  1  0  2  0 ] (0.00055283)
[  0  1  0  0  1  1  1  0  0 ] (0.00003342)
[  0  1  0  0  1  1  1  0  1 ] (0.00035506)
[  0  1  0  0  1  1  1  1  0 ] (0.00000485)
[  0  1  0  0  1  1  2  0  0 ] (0.00000066)
[  0  1  0  0  1  2  0  0  0 ] (0.00000106)
[  0  1  0  0  1  2  0  0  1 ] (0.00001134)
[  0  1  0  0  1  2  0  1  0 ] (0.00002528)
[  0  1  0  0  1  2  1  0  0 ] (0.00002024)
[  0  1  0  0  1  3  0  0  0 ] (0.00002212)
[  0  1  0  0  2  0  0  0  0 ] (0.00000403)
[  0  1  0  0  2  0  0  0  1 ] (0.00051185)
[  0  1  0  0  2  0  0  0  2 ] (0.00409458)
[  0  1  0  0  2  0  0  1  0 ] (0.00002343)
[  0  1  0  0  2  0  0  1  1 ] (0.00000157)
[  0  1  0  0  2  0  0  2  0 ] (0.00389055)
[  0  1  0  0  2  0  1  0  0 ] (0.00010794)
[  0  1  0  0  2  0  1  0  1 ] (0.00047881)
[  0  1  0  0  2  0  1  1  0 ] (0.00000000)
[  0  1  0  0  2  0  2  0  0 ] (0.00000744)
[  0  1  0  0  2  1  0  0  0 ] (0.00000015)
[  0  1  0  0  2  1  0  0  1 ] (0.00011967)
[  0  1  0  0  2  1  0  1  0 ] (0.00003263)
[  0  1  0  0  2  1  1  0  0 ] (0.00045214)
[  0  1  0  0  2  2  0  0  0 ] (0.00000277)
[  0  1  0  0  3  0  0  0  0 ] (0.00000249)
[  0  1  0  0  3  0  0  0  1 ] (0.00000842)
[  0  1  0  0  3  0  0  1  0 ] (0.00001491)
[  0  1  0  0  3  0  1  0  0 ] (0.00004417)
[  0  1  0  0  3  1  0  0  0 ] (0.00002682)
[  0  1  0  0  4  0  0  0  0 ] (0.00000034)
[  0  1  0  1  0  0  0  0  0 ] (0.00000033)
[  0  1  0  1  0  0  0  0  1 ] (0.00002246)
[  0  1  0  1  0  0  0  0  2 ] (0.00185175)
[  0  1  0  1  0  0  0  0  3 ] (0.00000001)
[  0  1  0  1  0  0  0  1  0 ] (0.00000119)
[  0  1  0  1  0  0  0  1  1 ] (0.00000000)
[  0  1  0  1  0  0  0  1  2 ] (0.00005092)
[  0  1  0  1  0  0  0  2  0 ] (0.00009390)
[  0  1  0  1  0  0  0  2  1 ] (0.00009235)
[  0  1  0  1  0  0  0  3  0 ] (0.01686892)
[  0  1  0  1  0  0  1  0  0 ] (0.00010527)
[  0  1  0  1  0  0  1  0  1 ] (0.00000066)
[  0  1  0  1  0  0  1  0  2 ] (0.00039806)
[  0  1  0  1  0  0  1  1  0 ] (0.00000672)
[  0  1  0  1  0  0  1  1  1 ] (0.00000322)
[  0  1  0  1  0  0  1  2  0 ] (0.00005384)
[  0  1  0  1  0  0  2  0  0 ] (0.00000001)
[  0  1  0  1  0  0  2  0  1 ] (0.00000008)
[  0  1  0  1  0  0  2  1  0 ] (0.00005808)
[  0  1  0  1  0  0  3  0  0 ] (0.00001187)
[  0  1  0  1  0  1  0  0  0 ] (0.00000144)
[  0  1  0  1  0  1  0  0  1 ] (0.00010005)
[  0  1  0  1  0  1  0  0  2 ] (0.01518861)
[  0  1  0  1  0  1  0  1  0 ] (0.00000084)
[  0  1  0  1  0  1  0  1  1 ] (0.00000208)
[  0  1  0  1  0  1  0  2  0 ] (0.00029970)
[  0  1  0  1  0  1  1  0  0 ] (0.00001686)
[  0  1  0  1  0  1  1  0  1 ] (0.00000394)
[  0  1  0  1  0  1  1  1  0 ] (0.00006343)
[  0  1  0  1  0  1  2  0  0 ] (0.00010688)
[  0  1  0  1  0  2  0  0  0 ] (0.00000106)
[  0  1  0  1  0  2  0  0  1 ] (0.00001018)
[  0  1  0  1  0  2  0  1  0 ] (0.00000002)
[  0  1  0  1  0  2  1  0  0 ] (0.00006680)
[  0  1  0  1  0  3  0  0  0 ] (0.00003232)
[  0  1  0  1  1  0  0  0  0 ] (0.00000375)
[  0  1  0  1  1  0  0  0  1 ] (0.00007619)
[  0  1  0  1  1  0  0  0  2 ] (0.00392348)
[  0  1  0  1  1  0  0  1  0 ] (0.00005308)
[  0  1  0  1  1  0  0  1  1 ] (0.00001830)
[  0  1  0  1  1  0  0  2  0 ] (0.00016805)
[  0  1  0  1  1  0  1  0  0 ] (0.00001363)
[  0  1  0  1  1  0  1  0  1 ] (0.00032195)
[  0  1  0  1  1  0  1  1  0 ] (0.00172869)
[  0  1  0  1  1  0  2  0  0 ] (0.00001672)
[  0  1  0  1  1  1  0  0  0 ] (0.00002897)
[  0  1  0  1  1  1  0  0  1 ] (0.00000053)
[  0  1  0  1  1  1  0  1  0 ] (0.00133126)
[  0  1  0  1  1  1  1  0  0 ] (0.00014961)
[  0  1  0  1  1  2  0  0  0 ] (0.00000649)
[  0  1  0  1  2  0  0  0  0 ] (0.00000032)
[  0  1  0  1  2  0  0  0  1 ] (0.00012231)
[  0  1  0  1  2  0  0  1  0 ] (0.00065982)
[  0  1  0  1  2  0  1  0  0 ] (0.00001729)
[  0  1  0  1  2  1  0  0  0 ] (0.00000673)
[  0  1  0  1  3  0  0  0  0 ] (0.00000287)
[  0  1  0  2  0  0  0  0  0 ] (0.00001490)
[  0  1  0  2  0  0  0  0  1 ] (0.00001104)
[  0  1  0  2  0  0  0  0  2 ] (0.00001531)
[  0  1  0  2  0  0  0  1  0 ] (0.00000684)
[  0  1  0  2  0  0  0  1  1 ] (0.00029562)
[  0  1  0  2  0  0  0  2  0 ] (0.00000438)
[  0  1  0  2  0  0  1  0  0 ] (0.00007338)
[  0  1  0  2  0  0  1  0  1 ] (0.00017611)
[  0  1  0  2  0  0  1  1  0 ] (0.00003491)
[  0  1  0  2  0  0  2  0  0 ] (0.00001969)
[  0  1  0  2  0  1  0  0  0 ] (0.00002897)
[  0  1  0  2  0  1  0  0  1 ] (0.00005212)
[  0  1  0  2  0  1  0  1  0 ] (0.00004906)
[  0  1  0  2  0  1  1  0  0 ] (0.00011957)
[  0  1  0  2  0  2  0  0  0 ] (0.00001678)
[  0  1  0  2  1  0  0  0  0 ] (0.00000319)
[  0  1  0  2  1  0  0  0  1 ] (0.00001077)
[  0  1  0  2  1  0  0  1  0 ] (0.00000285)
[  0  1  0  2  1  0  1  0  0 ] (0.00000640)
[  0  1  0  2  1  1  0  0  0 ] (0.00000881)
[  0  1  0  2  2  0  0  0  0 ] (0.00001768)
[  0  1  0  3  0  0  0  0  0 ] (0.00000997)
[  0  1  0  3  0  0  0  0  1 ] (0.00001775)
[  0  1  0  3  0  0  0  1  0 ] (0.00016479)
[  0  1  0  3  0  0  1  0  0 ] (0.00003965)
[  0  1  0  3  0  1  0  0  0 ] (0.00001515)
[  0  1  0  3  1  0  0  0  0 ] (0.00000871)
[  0  1  0  4  0  0  0  0  0 ] (0.00000078)
[  0  1  1  0  0  0  0  0  0 ] (0.00000053)
[  0  1  1  0  0  0  0  0  1 ] (0.00000291)
[  0  1  1  0  0  0  0  0  2 ] (0.00003299)
[  0  1  1  0  0  0  0  0  3 ] (0.00000362)
[  0  1  1  0  0  0  0  1  0 ] (0.00000020)
[  0  1  1  0  0  0  0  1  1 ] (0.00003650)
[  0  1  1  0  0  0  0  1  2 ] (0.00013446)
[  0  1  1  0  0  0  0  2  0 ] (0.00000327)
[  0  1  1  0  0  0  0  2  1 ] (0.00002240)
[  0  1  1  0  0  0  0  3  0 ] (0.00018190)
[  0  1  1  0  0  0  1  0  0 ] (0.00001336)
[  0  1  1  0  0  0  1  0  1 ] (0.00000007)
[  0  1  1  0  0  0  1  0  2 ] (0.00010716)
[  0  1  1  0  0  0  1  1  0 ] (0.00006946)
[  0  1  1  0  0  0  1  1  1 ] (0.00000253)
[  0  1  1  0  0  0  1  2  0 ] (0.00002005)
[  0  1  1  0  0  0  2  0  0 ] (0.00000638)
[  0  1  1  0  0  0  2  0  1 ] (0.00002692)
[  0  1  1  0  0  0  2  1  0 ] (0.00028815)
[  0  1  1  0  0  0  3  0  0 ] (0.00002445)
[  0  1  1  0  0  1  0  0  0 ] (0.00000337)
[  0  1  1  0  0  1  0  0  1 ] (0.00001795)
[  0  1  1  0  0  1  0  0  2 ] (0.00000493)
[  0  1  1  0  0  1  0  1  0 ] (0.00008026)
[  0  1  1  0  0  1  0  1  1 ] (0.00005494)
[  0  1  1  0  0  1  0  2  0 ] (0.00045651)
[  0  1  1  0  0  1  1  0  0 ] (0.00001598)
[  0  1  1  0  0  1  1  0  1 ] (0.00012967)
[  0  1  1  0  0  1  1  1  0 ] (0.00015954)
[  0  1  1  0  0  1  2  0  0 ] (0.00001315)
[  0  1  1  0  0  2  0  0  0 ] (0.00000414)
[  0  1  1  0  0  2  0  0  1 ] (0.00001350)
[  0  1  1  0  0  2  0  1  0 ] (0.00006950)
[  0  1  1  0  0  2  1  0  0 ] (0.00000578)
[  0  1  1  0  0  3  0  0  0 ] (0.00000063)
[  0  1  1  0  1  0  0  0  0 ] (0.00000188)
[  0  1  1  0  1  0  0  0  1 ] (0.00019650)
[  0  1  1  0  1  0  0  0  2 ] (0.00605510)
[  0  1  1  0  1  0  0  1  0 ] (0.00000942)
[  0  1  1  0  1  0  0  1  1 ] (0.00010823)
[  0  1  1  0  1  0  0  2  0 ] (0.00001561)
[  0  1  1  0  1  0  1  0  0 ] (0.00000620)
[  0  1  1  0  1  0  1  0  1 ] (0.00034499)
[  0  1  1  0  1  0  1  1  0 ] (0.00017426)
[  0  1  1  0  1  0  2  0  0 ] (0.00013248)
[  0  1  1  0  1  1  0  0  0 ] (0.00001249)
[  0  1  1  0  1  1  0  0  1 ] (0.00050142)
[  0  1  1  0  1  1  0  1  0 ] (0.00001480)
[  0  1  1  0  1  1  1  0  0 ] (0.00006871)
[  0  1  1  0  1  2  0  0  0 ] (0.00000360)
[  0  1  1  0  2  0  0  0  0 ] (0.00001485)
[  0  1  1  0  2  0  0  0  1 ] (0.00041284)
[  0  1  1  0  2  0  0  1  0 ] (0.00000000)
[  0  1  1  0  2  0  1  0  0 ] (0.00010382)
[  0  1  1  0  2  1  0  0  0 ] (0.00000349)
[  0  1  1  0  3  0  0  0  0 ] (0.00000216)
[  0  1  1  1  0  0  0  0  0 ] (0.00000430)
[  0  1  1  1  0  0  0  0  1 ] (0.00003179)
[  0  1  1  1  0  0  0  0  2 ] (0.00081212)
[  0  1  1  1  0  0  0  1  0 ] (0.00000091)
[  0  1  1  1  0  0  0  1  1 ] (0.00087284)
[  0  1  1  1  0  0  0  2  0 ] (0.00014404)
[  0  1  1  1  0  0  1  0  0 ] (0.00003347)
[  0  1  1  1  0  0  1  0  1 ] (0.00017778)
[  0  1  1  1  0  0  1  1  0 ] (0.00406837)
[  0  1  1  1  0  0  2  0  0 ] (0.00001234)
[  0  1  1  1  0  1  0  0  0 ] (0.00000591)
[  0  1  1  1  0  1  0  0  1 ] (0.00003214)
[  0  1  1  1  0  1  0  1  0 ] (0.00007112)
[  0  1  1  1  0  1  1  0  0 ] (0.00001975)
[  0  1  1  1  0  2  0  0  0 ] (0.00000080)
[  0  1  1  1  1  0  0  0  0 ] (0.00008118)
[  0  1  1  1  1  0  0  0  1 ] (0.00004395)
[  0  1  1  1  1  0  0  1  0 ] (0.00035411)
[  0  1  1  1  1  0  1  0  0 ] (0.00061439)
[  0  1  1  1  1  1  0  0  0 ] (0.00017901)
[  0  1  1  1  2  0  0  0  0 ] (0.00000217)
[  0  1  1  2  0  0  0  0  0 ] (0.00000266)
[  0  1  1  2  0  0  0  0  1 ] (0.00001155)
[  0  1  1  2  0  0  0  1  0 ] (0.00008939)
[  0  1  1  2  0  0  1  0  0 ] (0.00003065)
[  0  1  1  2  0  1  0  0  0 ] (0.00001695)
[  0  1  1  2  1  0  0  0  0 ] (0.00000091)
[  0  1  1  3  0  0  0  0  0 ] (0.00001040)
[  0  1  2  0  0  0  0  0  0 ] (0.00000047)
[  0  1  2  0  0  0  0  0  1 ] (0.00000001)
[  0  1  2  0  0  0  0  0  2 ] (0.00000008)
[  0  1  2  0  0  0  0  1  0 ] (0.00008575)
[  0  1  2  0  0  0  0  1  1 ] (0.00058928)
[  0  1  2  0  0  0  0  2  0 ] (0.00001402)
[  0  1  2  0  0  0  1  0  0 ] (0.00000023)
[  0  1  2  0  0  0  1  0  1 ] (0.00003727)
[  0  1  2  0  0  0  1  1  0 ] (0.00026434)
[  0  1  2  0  0  0  2  0  0 ] (0.00000721)
[  0  1  2  0  0  1  0  0  0 ] (0.00000076)
[  0  1  2  0  0  1  0  0  1 ] (0.00000049)
[  0  1  2  0  0  1  0  1  0 ] (0.00002260)
[  0  1  2  0  0  1  1  0  0 ] (0.00000402)
[  0  1  2  0  0  2  0  0  0 ] (0.00000146)
[  0  1  2  0  1  0  0  0  0 ] (0.00000484)
[  0  1  2  0  1  0  0  0  1 ] (0.00000768)
[  0  1  2  0  1  0  0  1  0 ] (0.00000602)
[  0  1  2  0  1  0  1  0  0 ] (0.00000795)
[  0  1  2  0  1  1  0  0  0 ] (0.00000085)
[  0  1  2  0  2  0  0  0  0 ] (0.00000002)
[  0  1  2  1  0  0  0  0  0 ] (0.00000001)
[  0  1  2  1  0  0  0  0  1 ] (0.00001541)
[  0  1  2  1  0  0  0  1  0 ] (0.00000283)
[  0  1  2  1  0  0  1  0  0 ] (0.00000075)
[  0  1  2  1  0  1  0  0  0 ] (0.00000039)
[  0  1  2  1  1  0  0  0  0 ] (0.00000350)
[  0  1  2  2  0  0  0  0  0 ] (0.00000398)
[  0  1  3  0  0  0  0  0  0 ] (0.00000400)
[  0  1  3  0  0  0  0  0  1 ] (0.00000655)
[  0  1  3  0  0  0  0  1  0 ] (0.00000351)
[  0  1  3  0  0  0  1  0  0 ] (0.00000205)
[  0  1  3  0  0  1  0  0  0 ] (0.00000572)
[  0  1  3  0  1  0  0  0  0 ] (0.00000054)
[  0  1  3  1  0  0  0  0  0 ] (0.00000010)
[  0  1  4  0  0  0  0  0  0 ] (0.00000100)
[  0  2  0  0  0  0  0  0  0 ] (0.00000248)
[  0  2  0  0  0  0  0  0  1 ] (0.00000008)
[  0  2  0  0  0  0  0  0  2 ] (0.00000022)
[  0  2  0  0  0  0  0  0  3 ] (0.00166330)
[  0  2  0  0  0  0  0  1  0 ] (0.00000001)
[  0  2  0  0  0  0  0  1  1 ] (0.00020145)
[  0  2  0  0  0  0  0  1  2 ] (0.00014257)
[  0  2  0  0  0  0  0  2  0 ] (0.00000141)
[  0  2  0  0  0  0  0  2  1 ] (0.00046787)
[  0  2  0  0  0  0  0  3  0 ] (0.00025959)
[  0  2  0  0  0  0  1  0  0 ] (0.00003522)
[  0  2  0  0  0  0  1  0  1 ] (0.00017537)
[  0  2  0  0  0  0  1  0  2 ] (0.00318714)
[  0  2  0  0  0  0  1  1  0 ] (0.00001942)
[  0  2  0  0  0  0  1  1  1 ] (0.00001976)
[  0  2  0  0  0  0  1  2  0 ] (0.00069852)
[  0  2  0  0  0  0  2  0  0 ] (0.00000402)
[  0  2  0  0  0  0  2  0  1 ] (0.00001989)
[  0  2  0  0  0  0  2  1  0 ] (0.00102150)
[  0  2  0  0  0  0  3  0  0 ] (0.00004624)
[  0  2  0  0  0  1  0  0  0 ] (0.00000038)
[  0  2  0  0  0  1  0  0  1 ] (0.00002903)
[  0  2  0  0  0  1  0  0  2 ] (0.00003294)
[  0  2  0  0  0  1  0  1  0 ] (0.00000003)
[  0  2  0  0  0  1  0  1  1 ] (0.00096294)
[  0  2  0  0  0  1  0  2  0 ] (0.00000432)
[  0  2  0  0  0  1  1  0  0 ] (0.00002219)
[  0  2  0  0  0  1  1  0  1 ] (0.00015775)
[  0  2  0  0  0  1  1  1  0 ] (0.00173863)
[  0  2  0  0  0  1  2  0  0 ] (0.00000056)
[  0  2  0  0  0  2  0  0  0 ] (0.00000012)
[  0  2  0  0  0  2  0  0  1 ] (0.00000630)
[  0  2  0  0  0  2  0  1  0 ] (0.00001801)
[  0  2  0  0  0  2  1  0  0 ] (0.00000155)
[  0  2  0  0  0  3  0  0  0 ] (0.00000108)
[  0  2  0  0  1  0  0  0  0 ] (0.00000000)
[  0  2  0  0  1  0  0  0  1 ] (0.00000084)
[  0  2  0  0  1  0  0  0  2 ] (0.00002985)
[  0  2  0  0  1  0  0  1  0 ] (0.00000041)
[  0  2  0  0  1  0  0  1  1 ] (0.00149174)
[  0  2  0  0  1  0  0  2  0 ] (0.00010687)
[  0  2  0  0  1  0  1  0  0 ] (0.00000287)
[  0  2  0  0  1  0  1  0  1 ] (0.00001107)
[  0  2  0  0  1  0  1  1  0 ] (0.00310071)
[  0  2  0  0  1  0  2  0  0 ] (0.00000003)
[  0  2  0  0  1  1  0  0  0 ] (0.00001122)
[  0  2  0  0  1  1  0  0  1 ] (0.00006916)
[  0  2  0  0  1  1  0  1  0 ] (0.00000646)
[  0  2  0  0  1  1  1  0  0 ] (0.00000293)
[  0  2  0  0  1  2  0  0  0 ] (0.00000138)
[  0  2  0  0  2  0  0  0  0 ] (0.00000000)
[  0  2  0  0  2  0  0  0  1 ] (0.00001152)
[  0  2  0  0  2  0  0  1  0 ] (0.00000090)
[  0  2  0  0  2  0  1  0  0 ] (0.00000018)
[  0  2  0  0  2  1  0  0  0 ] (0.00000031)
[  0  2  0  0  3  0  0  0  0 ] (0.00000332)
[  0  2  0  1  0  0  0  0  0 ] (0.00000000)
[  0  2  0  1  0  0  0  0  1 ] (0.00001466)
[  0  2  0  1  0  0  0  0  2 ] (0.00000238)
[  0  2  0  1  0  0  0  1  0 ] (0.00002433)
[  0  2  0  1  0  0  0  1  1 ] (0.00002890)
[  0  2  0  1  0  0  0  2  0 ] (0.00000417)
[  0  2  0  1  0  0  1  0  0 ] (0.00001333)
[  0  2  0  1  0  0  1  0  1 ] (0.00001954)
[  0  2  0  1  0  0  1  1  0 ] (0.00087012)
[  0  2  0  1  0  0  2  0  0 ] (0.00000018)
[  0  2  0  1  0  1  0  0  0 ] (0.00000026)
[  0  2  0  1  0  1  0  0  1 ] (0.00002493)
[  0  2  0  1  0  1  0  1  0 ] (0.00000013)
[  0  2  0  1  0  1  1  0  0 ] (0.00002909)
[  0  2  0  1  0  2  0  0  0 ] (0.00000016)
[  0  2  0  1  1  0  0  0  0 ] (0.00000160)
[  0  2  0  1  1  0  0  0  1 ] (0.00000272)
[  0  2  0  1  1  0  0  1  0 ] (0.00003930)
[  0  2  0  1  1  0  1  0  0 ] (0.00000093)
[  0  2  0  1  1  1  0  0  0 ] (0.00000032)
[  0  2  0  1  2  0  0  0  0 ] (0.00000028)
[  0  2  0  2  0  0  0  0  0 ] (0.00000111)
[  0  2  0  2  0  0  0  0  1 ] (0.00000174)
[  0  2  0  2  0  0  0  1  0 ] (0.00000141)
[  0  2  0  2  0  0  1  0  0 ] (0.00000390)
[  0  2  0  2  0  1  0  0  0 ] (0.00000016)
[  0  2  0  2  1  0  0  0  0 ] (0.00000032)
[  0  2  0  3  0  0  0  0  0 ] (0.00000071)
[  0  2  1  0  0  0  0  0  0 ] (0.00000017)
[  0  2  1  0  0  0  0  0  1 ] (0.00001005)
[  0  2  1  0  0  0  0  0  2 ] (0.00001035)
[  0  2  1  0  0  0  0  1  0 ] (0.00002261)
[  0  2  1  0  0  0  0  1  1 ] (0.00007996)
[  0  2  1  0  0  0  0  2  0 ] (0.00000095)
[  0  2  1  0  0  0  1  0  0 ] (0.00000566)
[  0  2  1  0  0  0  1  0  1 ] (0.00004711)
[  0  2  1  0  0  0  1  1  0 ] (0.00010883)
[  0  2  1  0  0  0  2  0  0 ] (0.00000002)
[  0  2  1  0  0  1  0  0  0 ] (0.00000020)
[  0  2  1  0  0  1  0  0  1 ] (0.00000201)
[  0  2  1  0  0  1  0  1  0 ] (0.00000079)
[  0  2  1  0  0  1  1  0  0 ] (0.00000327)
[  0  2  1  0  0  2  0  0  0 ] (0.00000003)
[  0  2  1  0  1  0  0  0  0 ] (0.00000198)
[  0  2  1  0  1  0  0  0  1 ] (0.00001881)
[  0  2  1  0  1  0  0  1  0 ] (0.00000089)
[  0  2  1  0  1  0  1  0  0 ] (0.00000006)
[  0  2  1  0  1  1  0  0  0 ] (0.00000002)
[  0  2  1  0  2  0  0  0  0 ] (0.00000254)
[  0  2  1  1  0  0  0  0  0 ] (0.00000102)
[  0  2  1  1  0  0  0  0  1 ] (0.00000003)
[  0  2  1  1  0  0  0  1  0 ] (0.00000976)
[  0  2  1  1  0  0  1  0  0 ] (0.00000014)
[  0  2  1  1  0  1  0  0  0 ] (0.00000020)
[  0  2  1  1  1  0  0  0  0 ] (0.00000116)
[  0  2  1  2  0  0  0  0  0 ] (0.00000033)
[  0  2  2  0  0  0  0  0  0 ] (0.00000001)
[  0  2  2  0  0  0  0  0  1 ] (0.00000000)
[  0  2  2  0  0  0  0  1  0 ] (0.00000261)
[  0  2  2  0  0  0  1  0  0 ] (0.00000036)
[  0  2  2  0  0  1  0  0  0 ] (0.00000008)
[  0  2  2  0  1  0  0  0  0 ] (0.00000033)
[  0  2  2  1  0  0  0  0  0 ] (0.00000000)
[  0  2  3  0  0  0  0  0  0 ] (0.00000000)
[  0  3  0  0  0  0  0  0  0 ] (0.00000014)
[  0  3  0  0  0  0  0  0  1 ] (0.00000140)
[  0  3  0  0  0  0  0  0  2 ] (0.00000940)
[  0  3  0  0  0  0  0  1  0 ] (0.00000013)
[  0  3  0  0  0  0  0  1  1 ] (0.00027056)
[  0  3  0  0  0  0  0  2  0 ] (0.00001594)
[  0  3  0  0  0  0  1  0  0 ] (0.00001367)
[  0  3  0  0  0  0  1  0  1 ] (0.00013200)
[  0  3  0  0  0  0  1  1  0 ] (0.00000000)
[  0  3  0  0  0  0  2  0  0 ] (0.00000243)
[  0  3  0  0  0  1  0  0  0 ] (0.00000002)
[  0  3  0  0  0  1  0  0  1 ] (0.00004047)
[  0  3  0  0  0  1  0  1  0 ] (0.00000002)
[  0  3  0  0  0  1  1  0  0 ] (0.00001397)
[  0  3  0  0  0  2  0  0  0 ] (0.00000018)
[  0  3  0  0  1  0  0  0  0 ] (0.00000038)
[  0  3  0  0  1  0  0  0  1 ] (0.00001178)
[  0  3  0  0  1  0  0  1  0 ] (0.00001134)
[  0  3  0  0  1  0  1  0  0 ] (0.00000155)
[  0  3  0  0  1  1  0  0  0 ] (0.00000545)
[  0  3  0  0  2  0  0  0  0 ] (0.00000003)
[  0  3  0  1  0  0  0  0  0 ] (0.00000000)
[  0  3  0  1  0  0  0  0  1 ] (0.00003062)
[  0  3  0  1  0  0  0  1  0 ] (0.00001954)
[  0  3  0  1  0  0  1  0  0 ] (0.00001528)
[  0  3  0  1  0  1  0  0  0 ] (0.00000334)
[  0  3  0  1  1  0  0  0  0 ] (0.00000057)
[  0  3  0  2  0  0  0  0  0 ] (0.00000108)
[  0  3  1  0  0  0  0  0  0 ] (0.00000007)
[  0  3  1  0  0  0  0  0  1 ] (0.00000072)
[  0  3  1  0  0  0  0  1  0 ] (0.00000059)
[  0  3  1  0  0  0  1  0  0 ] (0.00000014)
[  0  3  1  0  0  1  0  0  0 ] (0.00000025)
[  0  3  1  0  1  0  0  0  0 ] (0.00000118)
[  0  3  1  1  0  0  0  0  0 ] (0.00000015)
[  0  3  2  0  0  0  0  0  0 ] (0.00000003)
[  0  4  0  0  0  0  0  0  0 ] (0.00000199)
[  0  4  0  0  0  0  0  0  1 ] (0.00000208)
[  0  4  0  0  0  0  0  1  0 ] (0.00000423)
[  0  4  0  0  0  0  1  0  0 ] (0.00000002)
[  0  4  0  0  0  1  0  0  0 ] (0.00000006)
[  0  4  0  0  1  0  0  0  0 ] (0.00000042)
[  0  4  0  1  0  0  0  0  0 ] (0.00000008)
[  0  4  1  0  0  0  0  0  0 ] (0.00000002)
[  0  5  0  0  0  0  0  0  0 ] (0.00000283)
[  1  0  0  0  0  0  0  0  0 ] (0.00000034)
[  1  0  0  0  0  0  0  0  1 ] (0.00000886)
[  1  0  0  0  0  0  0  0  2 ] (0.00003489)
[  1  0  0  0  0  0  0  0  3 ] (0.00000098)
[  1  0  0  0  0  0  0  0  4 ] (0.00000686)
[  1  0  0  0  0  0  0  1  0 ] (0.00001043)
[  1  0  0  0  0  0  0  1  1 ] (0.00005759)
[  1  0  0  0  0  0  0  1  2 ] (0.00005657)
[  1  0  0  0  0  0  0  1  3 ] (0.00000177)
[  1  0  0  0  0  0  0  2  0 ] (0.00000688)
[  1  0  0  0  0  0  0  2  1 ] (0.00000819)
[  1  0  0  0  0  0  0  2  2 ] (0.00004897)
[  1  0  0  0  0  0  0  3  0 ] (0.00000278)
[  1  0  0  0  0  0  0  3  1 ] (0.00000152)
[  1  0  0  0  0  0  0  4  0 ] (0.00033511)
[  1  0  0  0  0  0  1  0  0 ] (0.00001313)
[  1  0  0  0  0  0  1  0  1 ] (0.00030300)
[  1  0  0  0  0  0  1  0  2 ] (0.00013205)
[  1  0  0  0  0  0  1  0  3 ] (0.00015687)
[  1  0  0  0  0  0  1  1  0 ] (0.00016590)
[  1  0  0  0  0  0  1  1  1 ] (0.00114385)
[  1  0  0  0  0  0  1  1  2 ] (0.00020971)
[  1  0  0  0  0  0  1  2  0 ] (0.00000166)
[  1  0  0  0  0  0  1  2  1 ] (0.00000716)
[  1  0  0  0  0  0  1  3  0 ] (0.00010322)
[  1  0  0  0  0  0  2  0  0 ] (0.00002529)
[  1  0  0  0  0  0  2  0  1 ] (0.00001119)
[  1  0  0  0  0  0  2  0  2 ] (0.00011475)
[  1  0  0  0  0  0  2  1  0 ] (0.00003032)
[  1  0  0  0  0  0  2  1  1 ] (0.00000135)
[  1  0  0  0  0  0  2  2  0 ] (0.00024906)
[  1  0  0  0  0  0  3  0  0 ] (0.00002486)
[  1  0  0  0  0  0  3  0  1 ] (0.00124825)
[  1  0  0  0  0  0  3  1  0 ] (0.00012688)
[  1  0  0  0  0  0  4  0  0 ] (0.00014362)
[  1  0  0  0  0  1  0  0  0 ] (0.00001438)
[  1  0  0  0  0  1  0  0  1 ] (0.00006333)
[  1  0  0  0  0  1  0  0  2 ] (0.00003218)
[  1  0  0  0  0  1  0  0  3 ] (0.00210706)
[  1  0  0  0  0  1  0  1  0 ] (0.00004480)
[  1  0  0  0  0  1  0  1  1 ] (0.00016145)
[  1  0  0  0  0  1  0  1  2 ] (0.00007676)
[  1  0  0  0  0  1  0  2  0 ] (0.00001851)
[  1  0  0  0  0  1  0  2  1 ] (0.00036699)
[  1  0  0  0  0  1  0  3  0 ] (0.00319367)
[  1  0  0  0  0  1  1  0  0 ] (0.00005045)
[  1  0  0  0  0  1  1  0  1 ] (0.00118794)
[  1  0  0  0  0  1  1  0  2 ] (0.00140419)
[  1  0  0  0  0  1  1  1  0 ] (0.00028679)
[  1  0  0  0  0  1  1  1  1 ] (0.00028841)
[  1  0  0  0  0  1  1  2  0 ] (0.00128615)
[  1  0  0  0  0  1  2  0  0 ] (0.00027217)
[  1  0  0  0  0  1  2  0  1 ] (0.00348188)
[  1  0  0  0  0  1  2  1  0 ] (0.00065017)
[  1  0  0  0  0  1  3  0  0 ] (0.00000692)
[  1  0  0  0  0  2  0  0  0 ] (0.00000313)
[  1  0  0  0  0  2  0  0  1 ] (0.00007870)
[  1  0  0  0  0  2  0  0  2 ] (0.00002371)
[  1  0  0  0  0  2  0  1  0 ] (0.00000439)
[  1  0  0  0  0  2  0  1  1 ] (0.00022395)
[  1  0  0  0  0  2  0  2  0 ] (0.00021018)
[  1  0  0  0  0  2  1  0  0 ] (0.00077124)
[  1  0  0  0  0  2  1  0  1 ] (0.02044445)
[  1  0  0  0  0  2  1  1  0 ] (0.00184953)
[  1  0  0  0  0  2  2  0  0 ] (0.00004051)
[  1  0  0  0  0  3  0  0  0 ] (0.00000132)
[  1  0  0  0  0  3  0  0  1 ] (0.00008935)
[  1  0  0  0  0  3  0  1  0 ] (0.00016097)
[  1  0  0  0  0  3  1  0  0 ] (0.00003786)
[  1  0  0  0  0  4  0  0  0 ] (0.00002669)
[  1  0  0  0  1  0  0  0  0 ] (0.00000186)
[  1  0  0  0  1  0  0  0  1 ] (0.00001203)
[  1  0  0  0  1  0  0  0  2 ] (0.00007969)
[  1  0  0  0  1  0  0  0  3 ] (0.00000481)
[  1  0  0  0  1  0  0  1  0 ] (0.00000927)
[  1  0  0  0  1  0  0  1  1 ] (0.00045661)
[  1  0  0  0  1  0  0  1  2 ] (0.00003934)
[  1  0  0  0  1  0  0  2  0 ] (0.00000330)
[  1  0  0  0  1  0  0  2  1 ] (0.00062496)
[  1  0  0  0  1  0  0  3  0 ] (0.00156067)
[  1  0  0  0  1  0  1  0  0 ] (0.00000068)
[  1  0  0  0  1  0  1  0  1 ] (0.00004390)
[  1  0  0  0  1  0  1  0  2 ] (0.00001633)
[  1  0  0  0  1  0  1  1  0 ] (0.00003023)
[  1  0  0  0  1  0  1  1  1 ] (0.00000002)
[  1  0  0  0  1  0  1  2  0 ] (0.00040964)
[  1  0  0  0  1  0  2  0  0 ] (0.00003239)
[  1  0  0  0  1  0  2  0  1 ] (0.00025152)
[  1  0  0  0  1  0  2  1  0 ] (0.00017614)
[  1  0  0  0  1  0  3  0  0 ] (0.00011909)
[  1  0  0  0  1  1  0  0  0 ] (0.00000183)
[  1  0  0  0  1  1  0  0  1 ] (0.00000074)
[  1  0  0  0  1  1  0  0  2 ] (0.00000693)
[  1  0  0  0  1  1  0  1  0 ] (0.00000050)
[  1  0  0  0  1  1  0  1  1 ] (0.00022793)
[  1  0  0  0  1  1  0  2  0 ] (0.00274116)
[  1  0  0  0  1  1  1  0  0 ] (0.00001659)
[  1  0  0  0  1  1  1  0  1 ] (0.00025607)
[  1  0  0  0  1  1  1  1  0 ] (0.00056341)
[  1  0  0  0  1  1  2  0  0 ] (0.00000997)
[  1  0  0  0  1  2  0  0  0 ] (0.00000034)
[  1  0  0  0  1  2  0  0  1 ] (0.00002165)
[  1  0  0  0  1  2  0  1  0 ] (0.00012727)
[  1  0  0  0  1  2  1  0  0 ] (0.00000882)
[  1  0  0  0  1  3  0  0  0 ] (0.00000260)
[  1  0  0  0  2  0  0  0  0 ] (0.00000500)
[  1  0  0  0  2  0  0  0  1 ] (0.00003848)
[  1  0  0  0  2  0  0  0  2 ] (0.00012098)
[  1  0  0  0  2  0  0  1  0 ] (0.00003210)
[  1  0  0  0  2  0  0  1  1 ] (0.00404501)
[  1  0  0  0  2  0  0  2  0 ] (0.00002939)
[  1  0  0  0  2  0  1  0  0 ] (0.00072367)
[  1  0  0  0  2  0  1  0  1 ] (0.00650979)
[  1  0  0  0  2  0  1  1  0 ] (0.00800683)
[  1  0  0  0  2  0  2  0  0 ] (0.00003515)
[  1  0  0  0  2  1  0  0  0 ] (0.00001135)
[  1  0  0  0  2  1  0  0  1 ] (0.00000057)
[  1  0  0  0  2  1  0  1  0 ] (0.00004426)
[  1  0  0  0  2  1  1  0  0 ] (0.00021864)
[  1  0  0  0  2  2  0  0  0 ] (0.00000132)
[  1  0  0  0  3  0  0  0  0 ] (0.00000138)
[  1  0  0  0  3  0  0  0  1 ] (0.00001697)
[  1  0  0  0  3  0  0  1  0 ] (0.00000942)
[  1  0  0  0  3  0  1  0  0 ] (0.00000142)
[  1  0  0  0  3  1  0  0  0 ] (0.00000000)
[  1  0  0  0  4  0  0  0  0 ] (0.00006085)
[  1  0  0  1  0  0  0  0  0 ] (0.00000000)
[  1  0  0  1  0  0  0  0  1 ] (0.00010550)
[  1  0  0  1  0  0  0  0  2 ] (0.00000001)
[  1  0  0  1  0  0  0  0  3 ] (0.00008224)
[  1  0  0  1  0  0  0  1  0 ] (0.00007951)
[  1  0  0  1  0  0  0  1  1 ] (0.00003005)
[  1  0  0  1  0  0  0  1  2 ] (0.00001360)
[  1  0  0  1  0  0  0  2  0 ] (0.00001287)
[  1  0  0  1  0  0  0  2  1 ] (0.00055382)
[  1  0  0  1  0  0  0  3  0 ] (0.00179576)
[  1  0  0  1  0  0  1  0  0 ] (0.00000103)
[  1  0  0  1  0  0  1  0  1 ] (0.00004315)
[  1  0  0  1  0  0  1  0  2 ] (0.00006653)
[  1  0  0  1  0  0  1  1  0 ] (0.00003129)
[  1  0  0  1  0  0  1  1  1 ] (0.00004480)
[  1  0  0  1  0  0  1  2  0 ] (0.00006475)
[  1  0  0  1  0  0  2  0  0 ] (0.00001441)
[  1  0  0  1  0  0  2  0  1 ] (0.00009955)
[  1  0  0  1  0  0  2  1  0 ] (0.00038246)
[  1  0  0  1  0  0  3  0  0 ] (0.00000311)
[  1  0  0  1  0  1  0  0  0 ] (0.00000352)
[  1  0  0  1  0  1  0  0  1 ] (0.00005439)
[  1  0  0  1  0  1  0  0  2 ] (0.00000414)
[  1  0  0  1  0  1  0  1  0 ] (0.00000287)
[  1  0  0  1  0  1  0  1  1 ] (0.00064857)
[  1  0  0  1  0  1  0  2  0 ] (0.00000458)
[  1  0  0  1  0  1  1  0  0 ] (0.00000070)
[  1  0  0  1  0  1  1  0  1 ] (0.00016105)
[  1  0  0  1  0  1  1  1  0 ] (0.00000402)
[  1  0  0  1  0  1  2  0  0 ] (0.00000750)
[  1  0  0  1  0  2  0  0  0 ] (0.00001630)
[  1  0  0  1  0  2  0  0  1 ] (0.00002298)
[  1  0  0  1  0  2  0  1  0 ] (0.00007007)
[  1  0  0  1  0  2  1  0  0 ] (0.00001534)
[  1  0  0  1  0  3  0  0  0 ] (0.00001579)
[  1  0  0  1  1  0  0  0  0 ] (0.00000054)
[  1  0  0  1  1  0  0  0  1 ] (0.00000057)
[  1  0  0  1  1  0  0  0  2 ] (0.00000122)
[  1  0  0  1  1  0  0  1  0 ] (0.00001052)
[  1  0  0  1  1  0  0  1  1 ] (0.00000810)
[  1  0  0  1  1  0  0  2  0 ] (0.00000499)
[  1  0  0  1  1  0  1  0  0 ] (0.00008137)
[  1  0  0  1  1  0  1  0  1 ] (0.00008733)
[  1  0  0  1  1  0  1  1  0 ] (0.00005558)
[  1  0  0  1  1  0  2  0  0 ] (0.00020704)
[  1  0  0  1  1  1  0  0  0 ] (0.00000184)
[  1  0  0  1  1  1  0  0  1 ] (0.00001930)
[  1  0  0  1  1  1  0  1  0 ] (0.00010338)
[  1  0  0  1  1  1  1  0  0 ] (0.00000286)
[  1  0  0  1  1  2  0  0  0 ] (0.00001014)
[  1  0  0  1  2  0  0  0  0 ] (0.00004149)
[  1  0  0  1  2  0  0  0  1 ] (0.00006711)
[  1  0  0  1  2  0  0  1  0 ] (0.00000010)
[  1  0  0  1  2  0  1  0  0 ] (0.00005974)
[  1  0  0  1  2  1  0  0  0 ] (0.00000802)
[  1  0  0  1  3  0  0  0  0 ] (0.00000268)
[  1  0  0  2  0  0  0  0  0 ] (0.00000001)
[  1  0  0  2  0  0  0  0  1 ] (0.00003409)
[  1  0  0  2  0  0  0  0  2 ] (0.00000200)
[  1  0  0  2  0  0  0  1  0 ] (0.00004099)
[  1  0  0  2  0  0  0  1  1 ] (0.00031396)
[  1  0  0  2  0  0  0  2  0 ] (0.00000124)
[  1  0  0  2  0  0  1  0  0 ] (0.00000005)
[  1  0  0  2  0  0  1  0  1 ] (0.00016309)
[  1  0  0  2  0  0  1  1  0 ] (0.00014611)
[  1  0  0  2  0  0  2  0  0 ] (0.00000035)
[  1  0  0  2  0  1  0  0  0 ] (0.00000133)
[  1  0  0  2  0  1  0  0  1 ] (0.00010903)
[  1  0  0  2  0  1  0  1  0 ] (0.00000130)
[  1  0  0  2  0  1  1  0  0 ] (0.00000104)
[  1  0  0  2  0  2  0  0  0 ] (0.00000022)
[  1  0  0  2  1  0  0  0  0 ] (0.00000233)
[  1  0  0  2  1  0  0  0  1 ] (0.00000265)
[  1  0  0  2  1  0  0  1  0 ] (0.00000098)
[  1  0  0  2  1  0  1  0  0 ] (0.00000299)
[  1  0  0  2  1  1  0  0  0 ] (0.00000021)
[  1  0  0  2  2  0  0  0  0 ] (0.00000410)
[  1  0  0  3  0  0  0  0  0 ] (0.00000239)
[  1  0  0  3  0  0  0  0  1 ] (0.00002864)
[  1  0  0  3  0  0  0  1  0 ] (0.00000308)
[  1  0  0  3  0  0  1  0  0 ] (0.00000729)
[  1  0  0  3  0  1  0  0  0 ] (0.00000002)
[  1  0  0  3  1  0  0  0  0 ] (0.00000000)
[  1  0  0  4  0  0  0  0  0 ] (0.00000233)
[  1  0  1  0  0  0  0  0  0 ] (0.00000102)
[  1  0  1  0  0  0  0  0  1 ] (0.00000570)
[  1  0  1  0  0  0  0  0  2 ] (0.00006092)
[  1  0  1  0  0  0  0  0  3 ] (0.00935838)
[  1  0  1  0  0  0  0  1  0 ] (0.00001802)
[  1  0  1  0  0  0  0  1  1 ] (0.00001390)
[  1  0  1  0  0  0  0  1  2 ] (0.00000330)
[  1  0  1  0  0  0  0  2  0 ] (0.00000003)
[  1  0  1  0  0  0  0  2  1 ] (0.00108759)
[  1  0  1  0  0  0  0  3  0 ] (0.00000016)
[  1  0  1  0  0  0  1  0  0 ] (0.00004017)
[  1  0  1  0  0  0  1  0  1 ] (0.00005213)
[  1  0  1  0  0  0  1  0  2 ] (0.00496171)
[  1  0  1  0  0  0  1  1  0 ] (0.00000235)
[  1  0  1  0  0  0  1  1  1 ] (0.00000959)
[  1  0  1  0  0  0  1  2  0 ] (0.00084087)
[  1  0  1  0  0  0  2  0  0 ] (0.00598486)
[  1  0  1  0  0  0  2  0  1 ] (0.05159582)
[  1  0  1  0  0  0  2  1  0 ] (0.00004342)
[  1  0  1  0  0  0  3  0  0 ] (0.00008023)
[  1  0  1  0  0  1  0  0  0 ] (0.00000090)
[  1  0  1  0  0  1  0  0  1 ] (0.00002537)
[  1  0  1  0  0  1  0  0  2 ] (0.00000014)
[  1  0  1  0  0  1  0  1  0 ] (0.00000012)
[  1  0  1  0  0  1  0  1  1 ] (0.00000046)
[  1  0  1  0  0  1  0  2  0 ] (0.00003004)
[  1  0  1  0  0  1  1  0  0 ] (0.00011173)
[  1  0  1  0  0  1  1  0  1 ] (0.00307529)
[  1  0  1  0  0  1  1  1  0 ] (0.00037116)
[  1  0  1  0  0  1  2  0  0 ] (0.00070384)
[  1  0  1  0  0  2  0  0  0 ] (0.00000684)
[  1  0  1  0  0  2  0  0  1 ] (0.00000543)
[  1  0  1  0  0  2  0  1  0 ] (0.00000194)
[  1  0  1  0  0  2  1  0  0 ] (0.00000002)
[  1  0  1  0  0  3  0  0  0 ] (0.00000035)
[  1  0  1  0  1  0  0  0  0 ] (0.00000653)
[  1  0  1  0  1  0  0  0  1 ] (0.00002969)
[  1  0  1  0  1  0  0  0  2 ] (0.00000183)
[  1  0  1  0  1  0  0  1  0 ] (0.00004705)
[  1  0  1  0  1  0  0  1  1 ] (0.00343262)
[  1  0  1  0  1  0  0  2  0 ] (0.00037617)
[  1  0  1  0  1  0  1  0  0 ] (0.00000633)
[  1  0  1  0  1  0  1  0  1 ] (0.00027156)
[  1  0  1  0  1  0  1  1  0 ] (0.00967003)
[  1  0  1  0  1  0  2  0  0 ] (0.00000080)
[  1  0  1  0  1  1  0  0  0 ] (0.00000314)
[  1  0  1  0  1  1  0  0  1 ] (0.00000002)
[  1  0  1  0  1  1  0  1  0 ] (0.00003282)
[  1  0  1  0  1  1  1  0  0 ] (0.00000059)
[  1  0  1  0  1  2  0  0  0 ] (0.00000072)
[  1  0  1  0  2  0  0  0  0 ] (0.00000111)
[  1  0  1  0  2  0  0  0  1 ] (0.00001000)
[  1  0  1  0  2  0  0  1  0 ] (0.00001115)
[  1  0  1  0  2  0  1  0  0 ] (0.00001798)
[  1  0  1  0  2  1  0  0  0 ] (0.00000394)
[  1  0  1  0  3  0  0  0  0 ] (0.00001752)
[  1  0  1  1  0  0  0  0  0 ] (0.00000027)
[  1  0  1  1  0  0  0  0  1 ] (0.00000022)
[  1  0  1  1  0  0  0  0  2 ] (0.00000245)
[  1  0  1  1  0  0  0  1  0 ] (0.00005831)
[  1  0  1  1  0  0  0  1  1 ] (0.00003344)
[  1  0  1  1  0  0  0  2  0 ] (0.00000132)
[  1  0  1  1  0  0  1  0  0 ] (0.00000087)
[  1  0  1  1  0  0  1  0  1 ] (0.00000120)
[  1  0  1  1  0  0  1  1  0 ] (0.00163587)
[  1  0  1  1  0  0  2  0  0 ] (0.00006087)
[  1  0  1  1  0  1  0  0  0 ] (0.00000342)
[  1  0  1  1  0  1  0  0  1 ] (0.00001011)
[  1  0  1  1  0  1  0  1  0 ] (0.00002270)
[  1  0  1  1  0  1  1  0  0 ] (0.00000304)
[  1  0  1  1  0  2  0  0  0 ] (0.00000020)
[  1  0  1  1  1  0  0  0  0 ] (0.00000539)
[  1  0  1  1  1  0  0  0  1 ] (0.00022762)
[  1  0  1  1  1  0  0  1  0 ] (0.00000266)
[  1  0  1  1  1  0  1  0  0 ] (0.00003109)
[  1  0  1  1  1  1  0  0  0 ] (0.00001126)
[  1  0  1  1  2  0  0  0  0 ] (0.00001836)
[  1  0  1  2  0  0  0  0  0 ] (0.00000002)
[  1  0  1  2  0  0  0  0  1 ] (0.00005325)
[  1  0  1  2  0  0  0  1  0 ] (0.00000187)
[  1  0  1  2  0  0  1  0  0 ] (0.00000006)
[  1  0  1  2  0  1  0  0  0 ] (0.00000112)
[  1  0  1  2  1  0  0  0  0 ] (0.00000003)
[  1  0  1  3  0  0  0  0  0 ] (0.00000084)
[  1  0  2  0  0  0  0  0  0 ] (0.00000120)
[  1  0  2  0  0  0  0  0  1 ] (0.00002430)
[  1  0  2  0  0  0  0  0  2 ] (0.00000054)
[  1  0  2  0  0  0  0  1  0 ] (0.00000757)
[  1  0  2  0  0  0  0  1  1 ] (0.00007537)
[  1  0  2  0  0  0  0  2  0 ] (0.00000697)
[  1  0  2  0  0  0  1  0  0 ] (0.00004783)
[  1  0  2  0  0  0  1  0  1 ] (0.00016099)
[  1  0  2  0  0  0  1  1  0 ] (0.00000478)
[  1  0  2  0  0  0  2  0  0 ] (0.00011131)
[  1  0  2  0  0  1  0  0  0 ] (0.00000527)
[  1  0  2  0  0  1  0  0  1 ] (0.00003902)
[  1  0  2  0  0  1  0  1  0 ] (0.00000119)
[  1  0  2  0  0  1  1  0  0 ] (0.00001343)
[  1  0  2  0  0  2  0  0  0 ] (0.00000000)
[  1  0  2  0  1  0  0  0  0 ] (0.00000028)
[  1  0  2  0  1  0  0  0  1 ] (0.00000386)
[  1  0  2  0  1  0  0  1  0 ] (0.00001548)
[  1  0  2  0  1  0  1  0  0 ] (0.00000448)
[  1  0  2  0  1  1  0  0  0 ] (0.00000008)
[  1  0  2  0  2  0  0  0  0 ] (0.00000039)
[  1  0  2  1  0  0  0  0  0 ] (0.00000281)
[  1  0  2  1  0  0  0  0  1 ] (0.00000004)
[  1  0  2  1  0  0  0  1  0 ] (0.00000327)
[  1  0  2  1  0  0  1  0  0 ] (0.00000006)
[  1  0  2  1  0  1  0  0  0 ] (0.00000010)
[  1  0  2  1  1  0  0  0  0 ] (0.00000064)
[  1  0  2  2  0  0  0  0  0 ] (0.00000010)
[  1  0  3  0  0  0  0  0  0 ] (0.00000068)
[  1  0  3  0  0  0  0  0  1 ] (0.00002465)
[  1  0  3  0  0  0  0  1  0 ] (0.00001012)
[  1  0  3  0  0  0  1  0  0 ] (0.00008433)
[  1  0  3  0  0  1  0  0  0 ] (0.00000471)
[  1  0  3  0  1  0  0  0  0 ] (0.00000145)
[  1  0  3  1  0  0  0  0  0 ] (0.00000090)
[  1  0  4  0  0  0  0  0  0 ] (0.00000068)
[  1  1  0  0  0  0  0  0  0 ] (0.00000309)
[  1  1  0  0  0  0  0  0  1 ] (0.00000071)
[  1  1  0  0  0  0  0  0  2 ] (0.00000961)
[  1  1  0  0  0  0  0  0  3 ] (0.00206663)
[  1  1  0  0  0  0  0  1  0 ] (0.00000036)
[  1  1  0  0  0  0  0  1  1 ] (0.00019843)
[  1  1  0  0  0  0  0  1  2 ] (0.00070922)
[  1  1  0  0  0  0  0  2  0 ] (0.00000229)
[  1  1  0  0  0  0  0  2  1 ] (0.00080858)
[  1  1  0  0  0  0  0  3  0 ] (0.00018414)
[  1  1  0  0  0  0  1  0  0 ] (0.00000506)
[  1  1  0  0  0  0  1  0  1 ] (0.00017508)
[  1  1  0  0  0  0  1  0  2 ] (0.00000002)
[  1  1  0  0  0  0  1  1  0 ] (0.00000459)
[  1  1  0  0  0  0  1  1  1 ] (0.00020013)
[  1  1  0  0  0  0  1  2  0 ] (0.00169896)
[  1  1  0  0  0  0  2  0  0 ] (0.00005946)
[  1  1  0  0  0  0  2  0  1 ] (0.00034701)
[  1  1  0  0  0  0  2  1  0 ] (0.00427714)
[  1  1  0  0  0  0  3  0  0 ] (0.00017814)
[  1  1  0  0  0  1  0  0  0 ] (0.00000005)
[  1  1  0  0  0  1  0  0  1 ] (0.00001832)
[  1  1  0  0  0  1  0  0  2 ] (0.00000595)
[  1  1  0  0  0  1  0  1  0 ] (0.00001653)
[  1  1  0  0  0  1  0  1  1 ] (0.00156834)
[  1  1  0  0  0  1  0  2  0 ] (0.00006982)
[  1  1  0  0  0  1  1  0  0 ] (0.00016942)
[  1  1  0  0  0  1  1  0  1 ] (0.00386948)
[  1  1  0  0  0  1  1  1  0 ] (0.00463329)
[  1  1  0  0  0  1  2  0  0 ] (0.00012077)
[  1  1  0  0  0  2  0  0  0 ] (0.00002084)
[  1  1  0  0  0  2  0  0  1 ] (0.00003358)
[  1  1  0  0  0  2  0  1  0 ] (0.00003523)
[  1  1  0  0  0  2  1  0  0 ] (0.00006136)
[  1  1  0  0  0  3  0  0  0 ] (0.00000091)
[  1  1  0  0  1  0  0  0  0 ] (0.00000249)
[  1  1  0  0  1  0  0  0  1 ] (0.00001512)
[  1  1  0  0  1  0  0  0  2 ] (0.00000229)
[  1  1  0  0  1  0  0  1  0 ] (0.00001069)
[  1  1  0  0  1  0  0  1  1 ] (0.00052952)
[  1  1  0  0  1  0  0  2  0 ] (0.00019880)
[  1  1  0  0  1  0  1  0  0 ] (0.00000833)
[  1  1  0  0  1  0  1  0  1 ] (0.00061717)
[  1  1  0  0  1  0  1  1  0 ] (0.00028260)
[  1  1  0  0  1  0  2  0  0 ] (0.00012167)
[  1  1  0  0  1  1  0  0  0 ] (0.00000340)
[  1  1  0  0  1  1  0  0  1 ] (0.00000006)
[  1  1  0  0  1  1  0  1  0 ] (0.00000144)
[  1  1  0  0  1  1  1  0  0 ] (0.00001888)
[  1  1  0  0  1  2  0  0  0 ] (0.00000030)
[  1  1  0  0  2  0  0  0  0 ] (0.00000051)
[  1  1  0  0  2  0  0  0  1 ] (0.00000434)
[  1  1  0  0  2  0  0  1  0 ] (0.00000000)
[  1  1  0  0  2  0  1  0  0 ] (0.00000136)
[  1  1  0  0  2  1  0  0  0 ] (0.00000079)
[  1  1  0  0  3  0  0  0  0 ] (0.00000003)
[  1  1  0  1  0  0  0  0  0 ] (0.00000317)
[  1  1  0  1  0  0  0  0  1 ] (0.00001361)
[  1  1  0  1  0  0  0  0  2 ] (0.00007687)
[  1  1  0  1  0  0  0  1  0 ] (0.00010394)
[  1  1  0  1  0  0  0  1  1 ] (0.00173869)
[  1  1  0  1  0  0  0  2  0 ] (0.00001947)
[  1  1  0  1  0  0  1  0  0 ] (0.00002338)
[  1  1  0  1  0  0  1  0  1 ] (0.00009841)
[  1  1  0  1  0  0  1  1  0 ] (0.00027158)
[  1  1  0  1  0  0  2  0  0 ] (0.00000000)
[  1  1  0  1  0  1  0  0  0 ] (0.00000124)
[  1  1  0  1  0  1  0  0  1 ] (0.00002676)
[  1  1  0  1  0  1  0  1  0 ] (0.00008401)
[  1  1  0  1  0  1  1  0  0 ] (0.00000049)
[  1  1  0  1  0  2  0  0  0 ] (0.00000126)
[  1  1  0  1  1  0  0  0  0 ] (0.00000003)
[  1  1  0  1  1  0  0  0  1 ] (0.00003755)
[  1  1  0  1  1  0  0  1  0 ] (0.00000952)
[  1  1  0  1  1  0  1  0  0 ] (0.00001746)
[  1  1  0  1  1  1  0  0  0 ] (0.00000076)
[  1  1  0  1  2  0  0  0  0 ] (0.00000296)
[  1  1  0  2  0  0  0  0  0 ] (0.00000035)
[  1  1  0  2  0  0  0  0  1 ] (0.00000374)
[  1  1  0  2  0  0  0  1  0 ] (0.00000098)
[  1  1  0  2  0  0  1  0  0 ] (0.00000302)
[  1  1  0  2  0  1  0  0  0 ] (0.00000099)
[  1  1  0  2  1  0  0  0  0 ] (0.00000263)
[  1  1  0  3  0  0  0  0  0 ] (0.00000011)
[  1  1  1  0  0  0  0  0  0 ] (0.00000465)
[  1  1  1  0  0  0  0  0  1 ] (0.00000002)
[  1  1  1  0  0  0  0  0  2 ] (0.00018297)
[  1  1  1  0  0  0  0  1  0 ] (0.00005000)
[  1  1  1  0  0  0  0  1  1 ] (0.00099136)
[  1  1  1  0  0  0  0  2  0 ] (0.00000000)
[  1  1  1  0  0  0  1  0  0 ] (0.00001127)
[  1  1  1  0  0  0  1  0  1 ] (0.00001221)
[  1  1  1  0  0  0  1  1  0 ] (0.00000733)
[  1  1  1  0  0  0  2  0  0 ] (0.00018747)
[  1  1  1  0  0  1  0  0  0 ] (0.00000001)
[  1  1  1  0  0  1  0  0  1 ] (0.00001899)
[  1  1  1  0  0  1  0  1  0 ] (0.00000024)
[  1  1  1  0  0  1  1  0  0 ] (0.00000137)
[  1  1  1  0  0  2  0  0  0 ] (0.00000033)
[  1  1  1  0  1  0  0  0  0 ] (0.00000113)
[  1  1  1  0  1  0  0  0  1 ] (0.00000057)
[  1  1  1  0  1  0  0  1  0 ] (0.00006247)
[  1  1  1  0  1  0  1  0  0 ] (0.00000327)
[  1  1  1  0  1  1  0  0  0 ] (0.00000002)
[  1  1  1  0  2  0  0  0  0 ] (0.00000046)
[  1  1  1  1  0  0  0  0  0 ] (0.00000025)
[  1  1  1  1  0  0  0  0  1 ] (0.00000727)
[  1  1  1  1  0  0  0  1  0 ] (0.00014985)
[  1  1  1  1  0  0  1  0  0 ] (0.00002826)
[  1  1  1  1  0  1  0  0  0 ] (0.00000033)
[  1  1  1  1  1  0  0  0  0 ] (0.00000047)
[  1  1  1  2  0  0  0  0  0 ] (0.00000013)
[  1  1  2  0  0  0  0  0  0 ] (0.00000060)
[  1  1  2  0  0  0  0  0  1 ] (0.00000100)
[  1  1  2  0  0  0  0  1  0 ] (0.00000056)
[  1  1  2  0  0  0  1  0  0 ] (0.00000216)
[  1  1  2  0  0  1  0  0  0 ] (0.00000038)
[  1  1  2  0  1  0  0  0  0 ] (0.00000007)
[  1  1  2  1  0  0  0  0  0 ] (0.00000000)
[  1  1  3  0  0  0  0  0  0 ] (0.00000022)
[  1  2  0  0  0  0  0  0  0 ] (0.00000227)
[  1  2  0  0  0  0  0  0  1 ] (0.00000730)
[  1  2  0  0  0  0  0  0  2 ] (0.00002380)
[  1  2  0  0  0  0  0  1  0 ] (0.00000445)
[  1  2  0  0  0  0  0  1  1 ] (0.00009654)
[  1  2  0  0  0  0  0  2  0 ] (0.00000677)
[  1  2  0  0  0  0  1  0  0 ] (0.00003664)
[  1  2  0  0  0  0  1  0  1 ] (0.00046354)
[  1  2  0  0  0  0  1  1  0 ] (0.00008490)
[  1  2  0  0  0  0  2  0  0 ] (0.00000330)
[  1  2  0  0  0  1  0  0  0 ] (0.00000546)
[  1  2  0  0  0  1  0  0  1 ] (0.00000655)
[  1  2  0  0  0  1  0  1  0 ] (0.00000252)
[  1  2  0  0  0  1  1  0  0 ] (0.00001136)
[  1  2  0  0  0  2  0  0  0 ] (0.00000142)
[  1  2  0  0  1  0  0  0  0 ] (0.00000151)
[  1  2  0  0  1  0  0  0  1 ] (0.00000933)
[  1  2  0  0  1  0  0  1  0 ] (0.00001993)
[  1  2  0  0  1  0  1  0  0 ] (0.00000005)
[  1  2  0  0  1  1  0  0  0 ] (0.00000020)
[  1  2  0  0  2  0  0  0  0 ] (0.00000004)
[  1  2  0  1  0  0  0  0  0 ] (0.00000000)
[  1  2  0  1  0  0  0  0  1 ] (0.00000096)
[  1  2  0  1  0  0  0  1  0 ] (0.00000641)
[  1  2  0  1  0  0  1  0  0 ] (0.00000086)
[  1  2  0  1  0  1  0  0  0 ] (0.00000009)
[  1  2  0  1  1  0  0  0  0 ] (0.00000000)
[  1  2  0  2  0  0  0  0  0 ] (0.00000000)
[  1  2  1  0  0  0  0  0  0 ] (0.00000043)
[  1  2  1  0  0  0  0  0  1 ] (0.00000001)
[  1  2  1  0  0  0  0  1  0 ] (0.00000386)
[  1  2  1  0  0  0  1  0  0 ] (0.00000048)
[  1  2  1  0  0  1  0  0  0 ] (0.00000016)
[  1  2  1  0  1  0  0  0  0 ] (0.00000030)
[  1  2  1  1  0  0  0  0  0 ] (0.00000019)
[  1  2  2  0  0  0  0  0  0 ] (0.00000004)
[  1  3  0  0  0  0  0  0  0 ] (0.00000427)
[  1  3  0  0  0  0  0  0  1 ] (0.00001417)
[  1  3  0  0  0  0  0  1  0 ] (0.00000153)
[  1  3  0  0  0  0  1  0  0 ] (0.00001640)
[  1  3  0  0  0  1  0  0  0 ] (0.00000460)
[  1  3  0  0  1  0  0  0  0 ] (0.00000010)
[  1  3  0  1  0  0  0  0  0 ] (0.00000004)
[  1  3  1  0  0  0  0  0  0 ] (0.00000025)
[  1  4  0  0  0  0  0  0  0 ] (0.00000102)
[  2  0  0  0  0  0  0  0  0 ] (0.00000004)
[  2  0  0  0  0  0  0  0  1 ] (0.00000047)
[  2  0  0  0  0  0  0  0  2 ] (0.00001754)
[  2  0  0  0  0  0  0  0  3 ] (0.00203979)
[  2  0  0  0  0  0  0  1  0 ] (0.00000003)
[  2  0  0  0  0  0  0  1  1 ] (0.00015447)
[  2  0  0  0  0  0  0  1  2 ] (0.00010285)
[  2  0  0  0  0  0  0  2  0 ] (0.00008261)
[  2  0  0  0  0  0  0  2  1 ] (0.00061070)
[  2  0  0  0  0  0  0  3  0 ] (0.00009091)
[  2  0  0  0  0  0  1  0  0 ] (0.00000158)
[  2  0  0  0  0  0  1  0  1 ] (0.00000130)
[  2  0  0  0  0  0  1  0  2 ] (0.00000003)
[  2  0  0  0  0  0  1  1  0 ] (0.00019238)
[  2  0  0  0  0  0  1  1  1 ] (0.00014949)
[  2  0  0  0  0  0  1  2  0 ] (0.00419437)
[  2  0  0  0  0  0  2  0  0 ] (0.00000000)
[  2  0  0  0  0  0  2  0  1 ] (0.00000096)
[  2  0  0  0  0  0  2  1  0 ] (0.00153782)
[  2  0  0  0  0  0  3  0  0 ] (0.00001965)
[  2  0  0  0  0  1  0  0  0 ] (0.00000011)
[  2  0  0  0  0  1  0  0  1 ] (0.00002106)
[  2  0  0  0  0  1  0  0  2 ] (0.00000957)
[  2  0  0  0  0  1  0  1  0 ] (0.00003113)
[  2  0  0  0  0  1  0  1  1 ] (0.00000128)
[  2  0  0  0  0  1  0  2  0 ] (0.00004661)
[  2  0  0  0  0  1  1  0  0 ] (0.00000029)
[  2  0  0  0  0  1  1  0  1 ] (0.00011145)
[  2  0  0  0  0  1  1  1  0 ] (0.00499046)
[  2  0  0  0  0  1  2  0  0 ] (0.00000692)
[  2  0  0  0  0  2  0  0  0 ] (0.00000116)
[  2  0  0  0  0  2  0  0  1 ] (0.00000010)
[  2  0  0  0  0  2  0  1  0 ] (0.00009143)
[  2  0  0  0  0  2  1  0  0 ] (0.00000002)
[  2  0  0  0  0  3  0  0  0 ] (0.00000033)
[  2  0  0  0  1  0  0  0  0 ] (0.00000089)
[  2  0  0  0  1  0  0  0  1 ] (0.00001647)
[  2  0  0  0  1  0  0  0  2 ] (0.00000002)
[  2  0  0  0  1  0  0  1  0 ] (0.00000024)
[  2  0  0  0  1  0  0  1  1 ] (0.00059710)
[  2  0  0  0  1  0  0  2  0 ] (0.00000000)
[  2  0  0  0  1  0  1  0  0 ] (0.00002182)
[  2  0  0  0  1  0  1  0  1 ] (0.00037690)
[  2  0  0  0  1  0  1  1  0 ] (0.00006736)
[  2  0  0  0  1  0  2  0  0 ] (0.00000075)
[  2  0  0  0  1  1  0  0  0 ] (0.00003202)
[  2  0  0  0  1  1  0  0  1 ] (0.00025095)
[  2  0  0  0  1  1  0  1  0 ] (0.00000156)
[  2  0  0  0  1  1  1  0  0 ] (0.00000351)
[  2  0  0  0  1  2  0  0  0 ] (0.00000106)
[  2  0  0  0  2  0  0  0  0 ] (0.00000026)
[  2  0  0  0  2  0  0  0  1 ] (0.00005698)
[  2  0  0  0  2  0  0  1  0 ] (0.00000091)
[  2  0  0  0  2  0  1  0  0 ] (0.00000143)
[  2  0  0  0  2  1  0  0  0 ] (0.00000363)
[  2  0  0  0  3  0  0  0  0 ] (0.00000000)
[  2  0  0  1  0  0  0  0  0 ] (0.00000229)
[  2  0  0  1  0  0  0  0  1 ] (0.00003105)
[  2  0  0  1  0  0  0  0  2 ] (0.00005406)
[  2  0  0  1  0  0  0  1  0 ] (0.00000403)
[  2  0  0  1  0  0  0  1  1 ] (0.00016572)
[  2  0  0  1  0  0  0  2  0 ] (0.00002137)
[  2  0  0  1  0  0  1  0  0 ] (0.00002615)
[  2  0  0  1  0  0  1  0  1 ] (0.00012711)
[  2  0  0  1  0  0  1  1  0 ] (0.00028194)
[  2  0  0  1  0  0  2  0  0 ] (0.00000016)
[  2  0  0  1  0  1  0  0  0 ] (0.00000000)
[  2  0  0  1  0  1  0  0  1 ] (0.00001419)
[  2  0  0  1  0  1  0  1  0 ] (0.00002404)
[  2  0  0  1  0  1  1  0  0 ] (0.00002744)
[  2  0  0  1  0  2  0  0  0 ] (0.00000032)
[  2  0  0  1  1  0  0  0  0 ] (0.00000037)
[  2  0  0  1  1  0  0  0  1 ] (0.00000031)
[  2  0  0  1  1  0  0  1  0 ] (0.00000996)
[  2  0  0  1  1  0  1  0  0 ] (0.00001454)
[  2  0  0  1  1  1  0  0  0 ] (0.00000015)
[  2  0  0  1  2  0  0  0  0 ] (0.00000008)
[  2  0  0  2  0  0  0  0  0 ] (0.00000022)
[  2  0  0  2  0  0  0  0  1 ] (0.00000022)
[  2  0  0  2  0  0  0  1  0 ] (0.00000002)
[  2  0  0  2  0  0  1  0  0 ] (0.00000000)
[  2  0  0  2  0  1  0  0  0 ] (0.00000001)
[  2  0  0  2  1  0  0  0  0 ] (0.00000000)
[  2  0  0  3  0  0  0  0  0 ] (0.00000044)
[  2  0  1  0  0  0  0  0  0 ] (0.00000002)
[  2  0  1  0  0  0  0  0  1 ] (0.00001742)
[  2  0  1  0  0  0  0  0  2 ] (0.00001501)
[  2  0  1  0  0  0  0  1  0 ] (0.00000659)
[  2  0  1  0  0  0  0  1  1 ] (0.00026124)
[  2  0  1  0  0  0  0  2  0 ] (0.00000646)
[  2  0  1  0  0  0  1  0  0 ] (0.00002618)
[  2  0  1  0  0  0  1  0  1 ] (0.00009462)
[  2  0  1  0  0  0  1  1  0 ] (0.00050904)
[  2  0  1  0  0  0  2  0  0 ] (0.00000154)
[  2  0  1  0  0  1  0  0  0 ] (0.00000022)
[  2  0  1  0  0  1  0  0  1 ] (0.00000001)
[  2  0  1  0  0  1  0  1  0 ] (0.00010832)
[  2  0  1  0  0  1  1  0  0 ] (0.00000066)
[  2  0  1  0  0  2  0  0  0 ] (0.00000024)
[  2  0  1  0  1  0  0  0  0 ] (0.00000319)
[  2  0  1  0  1  0  0  0  1 ] (0.00000028)
[  2  0  1  0  1  0  0  1  0 ] (0.00005131)
[  2  0  1  0  1  0  1  0  0 ] (0.00000559)
[  2  0  1  0  1  1  0  0  0 ] (0.00000010)
[  2  0  1  0  2  0  0  0  0 ] (0.00000072)
[  2  0  1  1  0  0  0  0  0 ] (0.00000086)
[  2  0  1  1  0  0  0  0  1 ] (0.00000002)
[  2  0  1  1  0  0  0  1  0 ] (0.00002209)
[  2  0  1  1  0  0  1  0  0 ] (0.00000307)
[  2  0  1  1  0  1  0  0  0 ] (0.00000005)
[  2  0  1  1  1  0  0  0  0 ] (0.00000028)
[  2  0  1  2  0  0  0  0  0 ] (0.00000000)
[  2  0  2  0  0  0  0  0  0 ] (0.00000000)
[  2  0  2  0  0  0  0  0  1 ] (0.00000029)
[  2  0  2  0  0  0  0  1  0 ] (0.00000054)
[  2  0  2  0  0  0  1  0  0 ] (0.00000023)
[  2  0  2  0  0  1  0  0  0 ] (0.00000013)
[  2  0  2  0  1  0  0  0  0 ] (0.00000000)
[  2  0  2  1  0  0  0  0  0 ] (0.00000012)
[  2  0  3  0  0  0  0  0  0 ] (0.00000004)
[  2  1  0  0  0  0  0  0  0 ] (0.00000039)
[  2  1  0  0  0  0  0  0  1 ] (0.00000095)
[  2  1  0  0  0  0  0  0  2 ] (0.00000971)
[  2  1  0  0  0  0  0  1  0 ] (0.00000496)
[  2  1  0  0  0  0  0  1  1 ] (0.00049509)
[  2  1  0  0  0  0  0  2  0 ] (0.00003515)
[  2  1  0  0  0  0  1  0  0 ] (0.00000178)
[  2  1  0  0  0  0  1  0  1 ] (0.00003662)
[  2  1  0  0  0  0  1  1  0 ] (0.00089521)
[  2  1  0  0  0  0  2  0  0 ] (0.00000006)
[  2  1  0  0  0  1  0  0  0 ] (0.00000819)
[  2  1  0  0  0  1  0  0  1 ] (0.00000077)
[  2  1  0  0  0  1  0  1  0 ] (0.00008242)
[  2  1  0  0  0  1  1  0  0 ] (0.00000063)
[  2  1  0  0  0  2  0  0  0 ] (0.00000083)
[  2  1  0  0  1  0  0  0  0 ] (0.00001194)
[  2  1  0  0  1  0  0  0  1 ] (0.00007814)
[  2  1  0  0  1  0  0  1  0 ] (0.00002223)
[  2  1  0  0  1  0  1  0  0 ] (0.00000004)
[  2  1  0  0  1  1  0  0  0 ] (0.00000129)
[  2  1  0  0  2  0  0  0  0 ] (0.00000189)
[  2  1  0  1  0  0  0  0  0 ] (0.00000005)
[  2  1  0  1  0  0  0  0  1 ] (0.00000013)
[  2  1  0  1  0  0  0  1  0 ] (0.00001247)
[  2  1  0  1  0  0  1  0  0 ] (0.00000724)
[  2  1  0  1  0  1  0  0  0 ] (0.00000019)
[  2  1  0  1  1  0  0  0  0 ] (0.00000182)
[  2  1  0  2  0  0  0  0  0 ] (0.00000009)
[  2  1  1  0  0  0  0  0  0 ] (0.00000011)
[  2  1  1  0  0  0  0  0  1 ] (0.00000116)
[  2  1  1  0  0  0  0  1  0 ] (0.00001521)
[  2  1  1  0  0  0  1  0  0 ] (0.00000682)
[  2  1  1  0  0  1  0  0  0 ] (0.00000017)
[  2  1  1  0  1  0  0  0  0 ] (0.00000006)
[  2  1  1  1  0  0  0  0  0 ] (0.00000007)
[  2  1  2  0  0  0  0  0  0 ] (0.00000002)
[  2  2  0  0  0  0  0  0  0 ] (0.00000023)
[  2  2  0  0  0  0  0  0  1 ] (0.00000107)
[  2  2  0  0  0  0  0  1  0 ] (0.00000999)
[  2  2  0  0  0  0  1  0  0 ] (0.00000112)
[  2  2  0  0  0  1  0  0  0 ] (0.00000013)
[  2  2  0  0  1  0  0  0  0 ] (0.00000003)
[  2  2  0  1  0  0  0  0  0 ] (0.00000013)
[  2  2  1  0  0  0  0  0  0 ] (0.00000028)
[  2  3  0  0  0  0  0  0  0 ] (0.00000029)
[  3  0  0  0  0  0  0  0  0 ] (0.00000000)
[  3  0  0  0  0  0  0  0  1 ] (0.00000148)
[  3  0  0  0  0  0  0  0  2 ] (0.00000019)
[  3  0  0  0  0  0  0  1  0 ] (0.00000760)
[  3  0  0  0  0  0  0  1  1 ] (0.00005678)
[  3  0  0  0  0  0  0  2  0 ] (0.00000034)
[  3  0  0  0  0  0  1  0  0 ] (0.00000266)
[  3  0  0  0  0  0  1  0  1 ] (0.00001819)
[  3  0  0  0  0  0  1  1  0 ] (0.00011964)
[  3  0  0  0  0  0  2  0  0 ] (0.00000028)
[  3  0  0  0  0  1  0  0  0 ] (0.00000013)
[  3  0  0  0  0  1  0  0  1 ] (0.00000627)
[  3  0  0  0  0  1  0  1  0 ] (0.00000250)
[  3  0  0  0  0  1  1  0  0 ] (0.00000810)
[  3  0  0  0  0  2  0  0  0 ] (0.00000001)
[  3  0  0  0  1  0  0  0  0 ] (0.00000009)
[  3  0  0  0  1  0  0  0  1 ] (0.00000034)
[  3  0  0  0  1  0  0  1  0 ] (0.00000629)
[  3  0  0  0  1  0  1  0  0 ] (0.00000052)
[  3  0  0  0  1  1  0  0  0 ] (0.00000002)
[  3  0  0  0  2  0  0  0  0 ] (0.00000034)
[  3  0  0  1  0  0  0  0  0 ] (0.00000003)
[  3  0  0  1  0  0  0  0  1 ] (0.00000071)
[  3  0  0  1  0  0  0  1  0 ] (0.00000001)
[  3  0  0  1  0  0  1  0  0 ] (0.00000003)
[  3  0  0  1  0  1  0  0  0 ] (0.00000001)
[  3  0  0  1  1  0  0  0  0 ] (0.00000000)
[  3  0  0  2  0  0  0  0  0 ] (0.00000005)
[  3  0  1  0  0  0  0  0  0 ] (0.00000005)
[  3  0  1  0  0  0  0  0  1 ] (0.00000489)
[  3  0  1  0  0  0  0  1  0 ] (0.00000434)
[  3  0  1  0  0  0  1  0  0 ] (0.00000133)
[  3  0  1  0  0  1  0  0  0 ] (0.00000002)
[  3  0  1  0  1  0  0  0  0 ] (0.00000053)
[  3  0  1  1  0  0  0  0  0 ] (0.00000045)
[  3  0  2  0  0  0  0  0  0 ] (0.00000000)
[  3  1  0  0  0  0  0  0  0 ] (0.00000024)
[  3  1  0  0  0  0  0  0  1 ] (0.00000082)
[  3  1  0  0  0  0  0  1  0 ] (0.00000993)
[  3  1  0  0  0  0  1  0  0 ] (0.00000112)
[  3  1  0  0  0  1  0  0  0 ] (0.00000004)
[  3  1  0  0  1  0  0  0  0 ] (0.00000000)
[  3  1  0  1  0  0  0  0  0 ] (0.00000008)
[  3  1  1  0  0  0  0  0  0 ] (0.00000001)
[  3  2  0  0  0  0  0  0  0 ] (0.00000002)
[  4  0  0  0  0  0  0  0  0 ] (0.00000093)
[  4  0  0  0  0  0  0  0  1 ] (0.00000003)
[  4  0  0  0  0  0  0  1  0 ] (0.00002451)
[  4  0  0  0  0  0  1  0  0 ] (0.00006733)
[  4  0  0  0  0  1  0  0  0 ] (0.00000981)
[  4  0  0  0  1  0  0  0  0 ] (0.00000015)
[  4  0  0  1  0  0  0  0  0 ] (0.00000001)
[  4  0  1  0  0  0  0  0  0 ] (0.00000118)
[  4  1  0  0  0  0  0  0  0 ] (0.00000315)
[  5  0  0  0  0  0  0  0  0 ] (0.00000002)
