|  -860.319466122672 |   300.571964031405 

[  0  0  0  0  0  0  0  0  0 ] (0.00000116)
[  0  0  0  0  0  0  0  0  1 ] (0.00000022)
[  0  0  0  0  0  0  0  0  2 ] (0.00000298)
[  0  0  0  0  0  0  0  0  3 ] (0.00001444)
[  0  0  0  0  0  0  0  0  4 ] (0.00002039)
[  0  0  0  0  0  0  0  0  5 ] (0.00000033)
[  0  0  0  0  0  0  0  1  0 ] (0.00002345)
[  0  0  0  0  0  0  0  1  1 ] (0.00001142)
[  0  0  0  0  0  0  0  1  2 ] (0.00007611)
[  0  0  0  0  0  0  0  1  3 ] (0.00034351)
[  0  0  0  0  0  0  0  1  4 ] (0.00000106)
[  0  0  0  0  0  0  0  2  0 ] (0.00009378)
[  0  0  0  0  0  0  0  2  1 ] (0.00019879)
[  0  0  0  0  0  0  0  2  2 ] (0.00415570)
[  0  0  0  0  0  0  0  2  3 ] (0.00016877)
[  0  0  0  0  0  0  0  3  0 ] (0.00009419)
[  0  0  0  0  0  0  0  3  1 ] (0.00192991)
[  0  0  0  0  0  0  0  3  2 ] (0.00011210)
[  0  0  0  0  0  0  0  4  0 ] (0.00000249)
[  0  0  0  0  0  0  0  4  1 ] (0.00002035)
[  0  0  0  0  0  0  0  5  0 ] (0.00003326)
[  0  0  0  0  0  0  1  0  0 ] (0.00000058)
[  0  0  0  0  0  0  1  0  1 ] (0.00000481)
[  0  0  0  0  0  0  1  0  2 ] (0.00004865)
[  0  0  0  0  0  0  1  0  3 ] (0.00003017)
[  0  0  0  0  0  0  1  0  4 ] (0.00001354)
[  0  0  0  0  0  0  1  1  0 ] (0.00000639)
[  0  0  0  0  0  0  1  1  1 ] (0.00001207)
[  0  0  0  0  0  0  1  1  2 ] (0.00004576)
[  0  0  0  0  0  0  1  1  3 ] (0.00000070)
[  0  0  0  0  0  0  1  2  0 ] (0.00000848)
[  0  0  0  0  0  0  1  2  1 ] (0.00010080)
[  0  0  0  0  0  0  1  2  2 ] (0.00039623)
[  0  0  0  0  0  0  1  3  0 ] (0.00014876)
[  0  0  0  0  0  0  1  3  1 ] (0.00001816)
[  0  0  0  0  0  0  1  4  0 ] (0.00000735)
[  0  0  0  0  0  0  2  0  0 ] (0.00001560)
[  0  0  0  0  0  0  2  0  1 ] (0.00000450)
[  0  0  0  0  0  0  2  0  2 ] (0.00009204)
[  0  0  0  0  0  0  2  0  3 ] (0.00000678)
[  0  0  0  0  0  0  2  1  0 ] (0.00001463)
[  0  0  0  0  0  0  2  1  1 ] (0.00044369)
[  0  0  0  0  0  0  2  1  2 ] (0.00017382)
[  0  0  0  0  0  0  2  2  0 ] (0.00000030)
[  0  0  0  0  0  0  2  2  1 ] (0.00000908)
[  0  0  0  0  0  0  2  3  0 ] (0.00001483)
[  0  0  0  0  0  0  3  0  0 ] (0.00000423)
[  0  0  0  0  0  0  3  0  1 ] (0.00000036)
[  0  0  0  0  0  0  3  0  2 ] (0.00002602)
[  0  0  0  0  0  0  3  1  0 ] (0.00000382)
[  0  0  0  0  0  0  3  1  1 ] (0.00000188)
[  0  0  0  0  0  0  3  2  0 ] (0.00006225)
[  0  0  0  0  0  0  4  0  0 ] (0.00000718)
[  0  0  0  0  0  0  4  0  1 ] (0.00024837)
[  0  0  0  0  0  0  4  1  0 ] (0.00016839)
[  0  0  0  0  0  0  5  0  0 ] (0.00000216)
[  0  0  0  0  0  1  0  0  0 ] (0.00000135)
[  0  0  0  0  0  1  0  0  1 ] (0.00001040)
[  0  0  0  0  0  1  0  0  2 ] (0.00000012)
[  0  0  0  0  0  1  0  0  3 ] (0.00078856)
[  0  0  0  0  0  1  0  0  4 ] (0.00000332)
[  0  0  0  0  0  1  0  1  0 ] (0.00000203)
[  0  0  0  0  0  1  0  1  1 ] (0.00000619)
[  0  0  0  0  0  1  0  1  2 ] (0.00004873)
[  0  0  0  0  0  1  0  1  3 ] (0.00000542)
[  0  0  0  0  0  1  0  2  0 ] (0.00001191)
[  0  0  0  0  0  1  0  2  1 ] (0.00030516)
[  0  0  0  0  0  1  0  2  2 ] (0.00000712)
[  0  0  0  0  0  1  0  3  0 ] (0.00000037)
[  0  0  0  0  0  1  0  3  1 ] (0.00017251)
[  0  0  0  0  0  1  0  4  0 ] (0.00002651)
[  0  0  0  0  0  1  1  0  0 ] (0.00000012)
[  0  0  0  0  0  1  1  0  1 ] (0.00022715)
[  0  0  0  0  0  1  1  0  2 ] (0.00014793)
[  0  0  0  0  0  1  1  0  3 ] (0.00019043)
[  0  0  0  0  0  1  1  1  0 ] (0.00001055)
[  0  0  0  0  0  1  1  1  1 ] (0.00162485)
[  0  0  0  0  0  1  1  1  2 ] (0.00021836)
[  0  0  0  0  0  1  1  2  0 ] (0.00021628)
[  0  0  0  0  0  1  1  2  1 ] (0.00001095)
[  0  0  0  0  0  1  1  3  0 ] (0.00003199)
[  0  0  0  0  0  1  2  0  0 ] (0.00003594)
[  0  0  0  0  0  1  2  0  1 ] (0.00041716)
[  0  0  0  0  0  1  2  0  2 ] (0.00018451)
[  0  0  0  0  0  1  2  1  0 ] (0.00004324)
[  0  0  0  0  0  1  2  1  1 ] (0.00001531)
[  0  0  0  0  0  1  2  2  0 ] (0.00001979)
[  0  0  0  0  0  1  3  0  0 ] (0.00000695)
[  0  0  0  0  0  1  3  0  1 ] (0.00020627)
[  0  0  0  0  0  1  3  1  0 ] (0.00047127)
[  0  0  0  0  0  1  4  0  0 ] (0.00260672)
[  0  0  0  0  0  2  0  0  0 ] (0.00000530)
[  0  0  0  0  0  2  0  0  1 ] (0.00002499)
[  0  0  0  0  0  2  0  0  2 ] (0.00001459)
[  0  0  0  0  0  2  0  0  3 ] (0.00225581)
[  0  0  0  0  0  2  0  1  0 ] (0.00003963)
[  0  0  0  0  0  2  0  1  1 ] (0.00017846)
[  0  0  0  0  0  2  0  1  2 ] (0.00047399)
[  0  0  0  0  0  2  0  2  0 ] (0.00000043)
[  0  0  0  0  0  2  0  2  1 ] (0.00087882)
[  0  0  0  0  0  2  0  3  0 ] (0.00015057)
[  0  0  0  0  0  2  1  0  0 ] (0.00000446)
[  0  0  0  0  0  2  1  0  1 ] (0.00001214)
[  0  0  0  0  0  2  1  0  2 ] (0.00000281)
[  0  0  0  0  0  2  1  1  0 ] (0.00015633)
[  0  0  0  0  0  2  1  1  1 ] (0.00002676)
[  0  0  0  0  0  2  1  2  0 ] (0.00095645)
[  0  0  0  0  0  2  2  0  0 ] (0.00016375)
[  0  0  0  0  0  2  2  0  1 ] (0.00126708)
[  0  0  0  0  0  2  2  1  0 ] (0.00010992)
[  0  0  0  0  0  2  3  0  0 ] (0.00003617)
[  0  0  0  0  0  3  0  0  0 ] (0.00000172)
[  0  0  0  0  0  3  0  0  1 ] (0.00008180)
[  0  0  0  0  0  3  0  0  2 ] (0.00007318)
[  0  0  0  0  0  3  0  1  0 ] (0.00023088)
[  0  0  0  0  0  3  0  1  1 ] (0.00034634)
[  0  0  0  0  0  3  0  2  0 ] (0.00003418)
[  0  0  0  0  0  3  1  0  0 ] (0.00051437)
[  0  0  0  0  0  3  1  0  1 ] (0.01635140)
[  0  0  0  0  0  3  1  1  0 ] (0.01267994)
[  0  0  0  0  0  3  2  0  0 ] (0.00001433)
[  0  0  0  0  0  4  0  0  0 ] (0.00000608)
[  0  0  0  0  0  4  0  0  1 ] (0.00000027)
[  0  0  0  0  0  4  0  1  0 ] (0.00005286)
[  0  0  0  0  0  4  1  0  0 ] (0.00002426)
[  0  0  0  0  0  5  0  0  0 ] (0.00000214)
[  0  0  0  0  1  0  0  0  0 ] (0.00000785)
[  0  0  0  0  1  0  0  0  1 ] (0.00005128)
[  0  0  0  0  1  0  0  0  2 ] (0.00004452)
[  0  0  0  0  1  0  0  0  3 ] (0.00065328)
[  0  0  0  0  1  0  0  0  4 ] (0.00000000)
[  0  0  0  0  1  0  0  1  0 ] (0.00006544)
[  0  0  0  0  1  0  0  1  1 ] (0.00037093)
[  0  0  0  0  1  0  0  1  2 ] (0.00295018)
[  0  0  0  0  1  0  0  1  3 ] (0.00017100)
[  0  0  0  0  1  0  0  2  0 ] (0.00000823)
[  0  0  0  0  1  0  0  2  1 ] (0.00000143)
[  0  0  0  0  1  0  0  2  2 ] (0.00000029)
[  0  0  0  0  1  0  0  3  0 ] (0.00024171)
[  0  0  0  0  1  0  0  3  1 ] (0.00085285)
[  0  0  0  0  1  0  0  4  0 ] (0.00045791)
[  0  0  0  0  1  0  1  0  0 ] (0.00000279)
[  0  0  0  0  1  0  1  0  1 ] (0.00000842)
[  0  0  0  0  1  0  1  0  2 ] (0.00050452)
[  0  0  0  0  1  0  1  0  3 ] (0.00000612)
[  0  0  0  0  1  0  1  1  0 ] (0.00000754)
[  0  0  0  0  1  0  1  1  1 ] (0.00068838)
[  0  0  0  0  1  0  1  1  2 ] (0.00022288)
[  0  0  0  0  1  0  1  2  0 ] (0.00011525)
[  0  0  0  0  1  0  1  2  1 ] (0.00014189)
[  0  0  0  0  1  0  1  3  0 ] (0.00068417)
[  0  0  0  0  1  0  2  0  0 ] (0.00000453)
[  0  0  0  0  1  0  2  0  1 ] (0.00002568)
[  0  0  0  0  1  0  2  0  2 ] (0.00004248)
[  0  0  0  0  1  0  2  1  0 ] (0.00015706)
[  0  0  0  0  1  0  2  1  1 ] (0.00000186)
[  0  0  0  0  1  0  2  2  0 ] (0.00001158)
[  0  0  0  0  1  0  3  0  0 ] (0.00000581)
[  0  0  0  0  1  0  3  0  1 ] (0.00007535)
[  0  0  0  0  1  0  3  1  0 ] (0.00046201)
[  0  0  0  0  1  0  4  0  0 ] (0.00163335)
[  0  0  0  0  1  1  0  0  0 ] (0.00000110)
[  0  0  0  0  1  1  0  0  1 ] (0.00004938)
[  0  0  0  0  1  1  0  0  2 ] (0.00019114)
[  0  0  0  0  1  1  0  0  3 ] (0.00005769)
[  0  0  0  0  1  1  0  1  0 ] (0.00002362)
[  0  0  0  0  1  1  0  1  1 ] (0.00000020)
[  0  0  0  0  1  1  0  1  2 ] (0.00033961)
[  0  0  0  0  1  1  0  2  0 ] (0.00000774)
[  0  0  0  0  1  1  0  2  1 ] (0.00004169)
[  0  0  0  0  1  1  0  3  0 ] (0.00201172)
[  0  0  0  0  1  1  1  0  0 ] (0.00000073)
[  0  0  0  0  1  1  1  0  1 ] (0.00014151)
[  0  0  0  0  1  1  1  0  2 ] (0.00035848)
[  0  0  0  0  1  1  1  1  0 ] (0.00002094)
[  0  0  0  0  1  1  1  1  1 ] (0.00000250)
[  0  0  0  0  1  1  1  2  0 ] (0.00013708)
[  0  0  0  0  1  1  2  0  0 ] (0.00001167)
[  0  0  0  0  1  1  2  0  1 ] (0.00004485)
[  0  0  0  0  1  1  2  1  0 ] (0.00002074)
[  0  0  0  0  1  1  3  0  0 ] (0.00003154)
[  0  0  0  0  1  2  0  0  0 ] (0.00000361)
[  0  0  0  0  1  2  0  0  1 ] (0.00004066)
[  0  0  0  0  1  2  0  0  2 ] (0.00030401)
[  0  0  0  0  1  2  0  1  0 ] (0.00001851)
[  0  0  0  0  1  2  0  1  1 ] (0.00049806)
[  0  0  0  0  1  2  0  2  0 ] (0.00000777)
[  0  0  0  0  1  2  1  0  0 ] (0.00006326)
[  0  0  0  0  1  2  1  0  1 ] (0.00117836)
[  0  0  0  0  1  2  1  1  0 ] (0.00020892)
[  0  0  0  0  1  2  2  0  0 ] (0.00000833)
[  0  0  0  0  1  3  0  0  0 ] (0.00000738)
[  0  0  0  0  1  3  0  0  1 ] (0.00002982)
[  0  0  0  0  1  3  0  1  0 ] (0.00007278)
[  0  0  0  0  1  3  1  0  0 ] (0.00014794)
[  0  0  0  0  1  4  0  0  0 ] (0.00001171)
[  0  0  0  0  2  0  0  0  0 ] (0.00001508)
[  0  0  0  0  2  0  0  0  1 ] (0.00002496)
[  0  0  0  0  2  0  0  0  2 ] (0.00078923)
[  0  0  0  0  2  0  0  0  3 ] (0.00310736)
[  0  0  0  0  2  0  0  1  0 ] (0.00001409)
[  0  0  0  0  2  0  0  1  1 ] (0.00003552)
[  0  0  0  0  2  0  0  1  2 ] (0.00000045)
[  0  0  0  0  2  0  0  2  0 ] (0.00000029)
[  0  0  0  0  2  0  0  2  1 ] (0.00001798)
[  0  0  0  0  2  0  0  3  0 ] (0.00139511)
[  0  0  0  0  2  0  1  0  0 ] (0.00001092)
[  0  0  0  0  2  0  1  0  1 ] (0.00014375)
[  0  0  0  0  2  0  1  0  2 ] (0.00217832)
[  0  0  0  0  2  0  1  1  0 ] (0.00056691)
[  0  0  0  0  2  0  1  1  1 ] (0.00022892)
[  0  0  0  0  2  0  1  2  0 ] (0.00007371)
[  0  0  0  0  2  0  2  0  0 ] (0.00021704)
[  0  0  0  0  2  0  2  0  1 ] (0.00088474)
[  0  0  0  0  2  0  2  1  0 ] (0.00363478)
[  0  0  0  0  2  0  3  0  0 ] (0.00000508)
[  0  0  0  0  2  1  0  0  0 ] (0.00000703)
[  0  0  0  0  2  1  0  0  1 ] (0.00015484)
[  0  0  0  0  2  1  0  0  2 ] (0.00132413)
[  0  0  0  0  2  1  0  1  0 ] (0.00008452)
[  0  0  0  0  2  1  0  1  1 ] (0.00328589)
[  0  0  0  0  2  1  0  2  0 ] (0.00001022)
[  0  0  0  0  2  1  1  0  0 ] (0.00023113)
[  0  0  0  0  2  1  1  0  1 ] (0.00172849)
[  0  0  0  0  2  1  1  1  0 ] (0.00569659)
[  0  0  0  0  2  1  2  0  0 ] (0.00006168)
[  0  0  0  0  2  2  0  0  0 ] (0.00001222)
[  0  0  0  0  2  2  0  0  1 ] (0.00012624)
[  0  0  0  0  2  2  0  1  0 ] (0.00000819)
[  0  0  0  0  2  2  1  0  0 ] (0.00004008)
[  0  0  0  0  2  3  0  0  0 ] (0.00002800)
[  0  0  0  0  3  0  0  0  0 ] (0.00000031)
[  0  0  0  0  3  0  0  0  1 ] (0.00001838)
[  0  0  0  0  3  0  0  0  2 ] (0.00012884)
[  0  0  0  0  3  0  0  1  0 ] (0.00076422)
[  0  0  0  0  3  0  0  1  1 ] (0.01053969)
[  0  0  0  0  3  0  0  2  0 ] (0.00016297)
[  0  0  0  0  3  0  1  0  0 ] (0.00009683)
[  0  0  0  0  3  0  1  0  1 ] (0.00121242)
[  0  0  0  0  3  0  1  1  0 ] (0.00235558)
[  0  0  0  0  3  0  2  0  0 ] (0.00006688)
[  0  0  0  0  3  1  0  0  0 ] (0.00001185)
[  0  0  0  0  3  1  0  0  1 ] (0.00013936)
[  0  0  0  0  3  1  0  1  0 ] (0.00011546)
[  0  0  0  0  3  1  1  0  0 ] (0.00000963)
[  0  0  0  0  3  2  0  0  0 ] (0.00000701)
[  0  0  0  0  4  0  0  0  0 ] (0.00007448)
[  0  0  0  0  4  0  0  0  1 ] (0.00053184)
[  0  0  0  0  4  0  0  1  0 ] (0.00007315)
[  0  0  0  0  4  0  1  0  0 ] (0.00001013)
[  0  0  0  0  4  1  0  0  0 ] (0.00000724)
[  0  0  0  0  5  0  0  0  0 ] (0.00000347)
[  0  0  0  1  0  0  0  0  0 ] (0.00000436)
[  0  0  0  1  0  0  0  0  1 ] (0.00000002)
[  0  0  0  1  0  0  0  0  2 ] (0.00001547)
[  0  0  0  1  0  0  0  0  3 ] (0.00005236)
[  0  0  0  1  0  0  0  0  4 ] (0.00003908)
[  0  0  0  1  0  0  0  1  0 ] (0.00010546)
[  0  0  0  1  0  0  0  1  1 ] (0.00001280)
[  0  0  0  1  0  0  0  1  2 ] (0.00004864)
[  0  0  0  1  0  0  0  1  3 ] (0.00004238)
[  0  0  0  1  0  0  0  2  0 ] (0.00004752)
[  0  0  0  1  0  0  0  2  1 ] (0.00003348)
[  0  0  0  1  0  0  0  2  2 ] (0.00007428)
[  0  0  0  1  0  0  0  3  0 ] (0.00001230)
[  0  0  0  1  0  0  0  3  1 ] (0.00004544)
[  0  0  0  1  0  0  0  4  0 ] (0.00057011)
[  0  0  0  1  0  0  1  0  0 ] (0.00000014)
[  0  0  0  1  0  0  1  0  1 ] (0.00009353)
[  0  0  0  1  0  0  1  0  2 ] (0.00008866)
[  0  0  0  1  0  0  1  0  3 ] (0.00024811)
[  0  0  0  1  0  0  1  1  0 ] (0.00009757)
[  0  0  0  1  0  0  1  1  1 ] (0.00004444)
[  0  0  0  1  0  0  1  1  2 ] (0.00006120)
[  0  0  0  1  0  0  1  2  0 ] (0.00015583)
[  0  0  0  1  0  0  1  2  1 ] (0.00013107)
[  0  0  0  1  0  0  1  3  0 ] (0.00043954)
[  0  0  0  1  0  0  2  0  0 ] (0.00000002)
[  0  0  0  1  0  0  2  0  1 ] (0.00000685)
[  0  0  0  1  0  0  2  0  2 ] (0.00019466)
[  0  0  0  1  0  0  2  1  0 ] (0.00007525)
[  0  0  0  1  0  0  2  1  1 ] (0.00000355)
[  0  0  0  1  0  0  2  2  0 ] (0.00008464)
[  0  0  0  1  0  0  3  0  0 ] (0.00002881)
[  0  0  0  1  0  0  3  0  1 ] (0.00067647)
[  0  0  0  1  0  0  3  1  0 ] (0.00715670)
[  0  0  0  1  0  0  4  0  0 ] (0.00144263)
[  0  0  0  1  0  1  0  0  0 ] (0.00000082)
[  0  0  0  1  0  1  0  0  1 ] (0.00000403)
[  0  0  0  1  0  1  0  0  2 ] (0.00013750)
[  0  0  0  1  0  1  0  0  3 ] (0.00000001)
[  0  0  0  1  0  1  0  1  0 ] (0.00005530)
[  0  0  0  1  0  1  0  1  1 ] (0.00026692)
[  0  0  0  1  0  1  0  1  2 ] (0.00004528)
[  0  0  0  1  0  1  0  2  0 ] (0.00001526)
[  0  0  0  1  0  1  0  2  1 ] (0.00045709)
[  0  0  0  1  0  1  0  3  0 ] (0.00015624)
[  0  0  0  1  0  1  1  0  0 ] (0.00000748)
[  0  0  0  1  0  1  1  0  1 ] (0.00013043)
[  0  0  0  1  0  1  1  0  2 ] (0.00000622)
[  0  0  0  1  0  1  1  1  0 ] (0.00085469)
[  0  0  0  1  0  1  1  1  1 ] (0.00050044)
[  0  0  0  1  0  1  1  2  0 ] (0.00157759)
[  0  0  0  1  0  1  2  0  0 ] (0.00012269)
[  0  0  0  1  0  1  2  0  1 ] (0.00051701)
[  0  0  0  1  0  1  2  1  0 ] (0.00340828)
[  0  0  0  1  0  1  3  0  0 ] (0.00000157)
[  0  0  0  1  0  2  0  0  0 ] (0.00000216)
[  0  0  0  1  0  2  0  0  1 ] (0.00001148)
[  0  0  0  1  0  2  0  0  2 ] (0.00009869)
[  0  0  0  1  0  2  0  1  0 ] (0.00009425)
[  0  0  0  1  0  2  0  1  1 ] (0.00186198)
[  0  0  0  1  0  2  0  2  0 ] (0.00004391)
[  0  0  0  1  0  2  1  0  0 ] (0.00005908)
[  0  0  0  1  0  2  1  0  1 ] (0.00133841)
[  0  0  0  1  0  2  1  1  0 ] (0.00312169)
[  0  0  0  1  0  2  2  0  0 ] (0.00000839)
[  0  0  0  1  0  3  0  0  0 ] (0.00001333)
[  0  0  0  1  0  3  0  0  1 ] (0.00000967)
[  0  0  0  1  0  3  0  1  0 ] (0.00007322)
[  0  0  0  1  0  3  1  0  0 ] (0.00000017)
[  0  0  0  1  0  4  0  0  0 ] (0.00000038)
[  0  0  0  1  1  0  0  0  0 ] (0.00008828)
[  0  0  0  1  1  0  0  0  1 ] (0.00081884)
[  0  0  0  1  1  0  0  0  2 ] (0.00321989)
[  0  0  0  1  1  0  0  0  3 ] (0.00000364)
[  0  0  0  1  1  0  0  1  0 ] (0.00009105)
[  0  0  0  1  1  0  0  1  1 ] (0.00005866)
[  0  0  0  1  1  0  0  1  2 ] (0.00000080)
[  0  0  0  1  1  0  0  2  0 ] (0.00011462)
[  0  0  0  1  1  0  0  2  1 ] (0.00003316)
[  0  0  0  1  1  0  0  3  0 ] (0.04391393)
[  0  0  0  1  1  0  1  0  0 ] (0.00020441)
[  0  0  0  1  1  0  1  0  1 ] (0.00017845)
[  0  0  0  1  1  0  1  0  2 ] (0.00009754)
[  0  0  0  1  1  0  1  1  0 ] (0.00036562)
[  0  0  0  1  1  0  1  1  1 ] (0.00004389)
[  0  0  0  1  1  0  1  2  0 ] (0.00156923)
[  0  0  0  1  1  0  2  0  0 ] (0.00001277)
[  0  0  0  1  1  0  2  0  1 ] (0.00002314)
[  0  0  0  1  1  0  2  1  0 ] (0.00026026)
[  0  0  0  1  1  0  3  0  0 ] (0.00101641)
[  0  0  0  1  1  1  0  0  0 ] (0.00012527)
[  0  0  0  1  1  1  0  0  1 ] (0.00087970)
[  0  0  0  1  1  1  0  0  2 ] (0.01385551)
[  0  0  0  1  1  1  0  1  0 ] (0.00004541)
[  0  0  0  1  1  1  0  1  1 ] (0.00204685)
[  0  0  0  1  1  1  0  2  0 ] (0.00022831)
[  0  0  0  1  1  1  1  0  0 ] (0.00000137)
[  0  0  0  1  1  1  1  0  1 ] (0.00132560)
[  0  0  0  1  1  1  1  1  0 ] (0.00117093)
[  0  0  0  1  1  1  2  0  0 ] (0.00008532)
[  0  0  0  1  1  2  0  0  0 ] (0.00012779)
[  0  0  0  1  1  2  0  0  1 ] (0.00063800)
[  0  0  0  1  1  2  0  1  0 ] (0.00019065)
[  0  0  0  1  1  2  1  0  0 ] (0.00011257)
[  0  0  0  1  1  3  0  0  0 ] (0.00017363)
[  0  0  0  1  2  0  0  0  0 ] (0.00002142)
[  0  0  0  1  2  0  0  0  1 ] (0.00025056)
[  0  0  0  1  2  0  0  0  2 ] (0.00093490)
[  0  0  0  1  2  0  0  1  0 ] (0.00005116)
[  0  0  0  1  2  0  0  1  1 ] (0.09578793)
[  0  0  0  1  2  0  0  2  0 ] (0.00003035)
[  0  0  0  1  2  0  1  0  0 ] (0.00005294)
[  0  0  0  1  2  0  1  0  1 ] (0.00168227)
[  0  0  0  1  2  0  1  1  0 ] (0.09885518)
[  0  0  0  1  2  0  2  0  0 ] (0.00008492)
[  0  0  0  1  2  1  0  0  0 ] (0.00003071)
[  0  0  0  1  2  1  0  0  1 ] (0.00035989)
[  0  0  0  1  2  1  0  1  0 ] (0.00000002)
[  0  0  0  1  2  1  1  0  0 ] (0.00000102)
[  0  0  0  1  2  2  0  0  0 ] (0.00001510)
[  0  0  0  1  3  0  0  0  0 ] (0.00000063)
[  0  0  0  1  3  0  0  0  1 ] (0.00003735)
[  0  0  0  1  3  0  0  1  0 ] (0.00063578)
[  0  0  0  1  3  0  1  0  0 ] (0.00001433)
[  0  0  0  1  3  1  0  0  0 ] (0.00000098)
[  0  0  0  1  4  0  0  0  0 ] (0.00080062)
[  0  0  0  2  0  0  0  0  0 ] (0.00001382)
[  0  0  0  2  0  0  0  0  1 ] (0.00008654)
[  0  0  0  2  0  0  0  0  2 ] (0.00006004)
[  0  0  0  2  0  0  0  0  3 ] (0.03971603)
[  0  0  0  2  0  0  0  1  0 ] (0.00006894)
[  0  0  0  2  0  0  0  1  1 ] (0.00021994)
[  0  0  0  2  0  0  0  1  2 ] (0.00426928)
[  0  0  0  2  0  0  0  2  0 ] (0.00020227)
[  0  0  0  2  0  0  0  2  1 ] (0.00053823)
[  0  0  0  2  0  0  0  3  0 ] (0.00000122)
[  0  0  0  2  0  0  1  0  0 ] (0.00019639)
[  0  0  0  2  0  0  1  0  1 ] (0.00119679)
[  0  0  0  2  0  0  1  0  2 ] (0.00926405)
[  0  0  0  2  0  0  1  1  0 ] (0.00003921)
[  0  0  0  2  0  0  1  1  1 ] (0.00069804)
[  0  0  0  2  0  0  1  2  0 ] (0.00200175)
[  0  0  0  2  0  0  2  0  0 ] (0.00156044)
[  0  0  0  2  0  0  2  0  1 ] (0.01001668)
[  0  0  0  2  0  0  2  1  0 ] (0.00004855)
[  0  0  0  2  0  0  3  0  0 ] (0.00030394)
[  0  0  0  2  0  1  0  0  0 ] (0.00001277)
[  0  0  0  2  0  1  0  0  1 ] (0.00016223)
[  0  0  0  2  0  1  0  0  2 ] (0.00005851)
[  0  0  0  2  0  1  0  1  0 ] (0.00060145)
[  0  0  0  2  0  1  0  1  1 ] (0.00447120)
[  0  0  0  2  0  1  0  2  0 ] (0.00014833)
[  0  0  0  2  0  1  1  0  0 ] (0.00020570)
[  0  0  0  2  0  1  1  0  1 ] (0.00118153)
[  0  0  0  2  0  1  1  1  0 ] (0.00101483)
[  0  0  0  2  0  1  2  0  0 ] (0.00034627)
[  0  0  0  2  0  2  0  0  0 ] (0.00000326)
[  0  0  0  2  0  2  0  0  1 ] (0.00013309)
[  0  0  0  2  0  2  0  1  0 ] (0.00017796)
[  0  0  0  2  0  2  1  0  0 ] (0.00006982)
[  0  0  0  2  0  3  0  0  0 ] (0.00000429)
[  0  0  0  2  1  0  0  0  0 ] (0.00002362)
[  0  0  0  2  1  0  0  0  1 ] (0.00007776)
[  0  0  0  2  1  0  0  0  2 ] (0.00006974)
[  0  0  0  2  1  0  0  1  0 ] (0.00001778)
[  0  0  0  2  1  0  0  1  1 ] (0.00178659)
[  0  0  0  2  1  0  0  2  0 ] (0.00003897)
[  0  0  0  2  1  0  1  0  0 ] (0.00000021)
[  0  0  0  2  1  0  1  0  1 ] (0.00000391)
[  0  0  0  2  1  0  1  1  0 ] (0.00106352)
[  0  0  0  2  1  0  2  0  0 ] (0.00000209)
[  0  0  0  2  1  1  0  0  0 ] (0.00004097)
[  0  0  0  2  1  1  0  0  1 ] (0.00020104)
[  0  0  0  2  1  1  0  1  0 ] (0.00008321)
[  0  0  0  2  1  1  1  0  0 ] (0.00002624)
[  0  0  0  2  1  2  0  0  0 ] (0.00001824)
[  0  0  0  2  2  0  0  0  0 ] (0.00000789)
[  0  0  0  2  2  0  0  0  1 ] (0.00021838)
[  0  0  0  2  2  0  0  1  0 ] (0.00000154)
[  0  0  0  2  2  0  1  0  0 ] (0.00001259)
[  0  0  0  2  2  1  0  0  0 ] (0.00000626)
[  0  0  0  2  3  0  0  0  0 ] (0.00000863)
[  0  0  0  3  0  0  0  0  0 ] (0.00000007)
[  0  0  0  3  0  0  0  0  1 ] (0.00001384)
[  0  0  0  3  0  0  0  0  2 ] (0.00000742)
[  0  0  0  3  0  0  0  1  0 ] (0.00001452)
[  0  0  0  3  0  0  0  1  1 ] (0.00003553)
[  0  0  0  3  0  0  0  2  0 ] (0.00006788)
[  0  0  0  3  0  0  1  0  0 ] (0.00001228)
[  0  0  0  3  0  0  1  0  1 ] (0.00002000)
[  0  0  0  3  0  0  1  1  0 ] (0.00000119)
[  0  0  0  3  0  0  2  0  0 ] (0.00003664)
[  0  0  0  3  0  1  0  0  0 ] (0.00000041)
[  0  0  0  3  0  1  0  0  1 ] (0.00009195)
[  0  0  0  3  0  1  0  1  0 ] (0.00000020)
[  0  0  0  3  0  1  1  0  0 ] (0.00000044)
[  0  0  0  3  0  2  0  0  0 ] (0.00000071)
[  0  0  0  3  1  0  0  0  0 ] (0.00001071)
[  0  0  0  3  1  0  0  0  1 ] (0.00007363)
[  0  0  0  3  1  0  0  1  0 ] (0.00029635)
[  0  0  0  3  1  0  1  0  0 ] (0.00000001)
[  0  0  0  3  1  1  0  0  0 ] (0.00000068)
[  0  0  0  3  2  0  0  0  0 ] (0.00000127)
[  0  0  0  4  0  0  0  0  0 ] (0.00002044)
[  0  0  0  4  0  0  0  0  1 ] (0.00004919)
[  0  0  0  4  0  0  0  1  0 ] (0.00006052)
[  0  0  0  4  0  0  1  0  0 ] (0.00000359)
[  0  0  0  4  0  1  0  0  0 ] (0.00003167)
[  0  0  0  4  1  0  0  0  0 ] (0.00003288)
[  0  0  0  5  0  0  0  0  0 ] (0.00000016)
[  0  0  1  0  0  0  0  0  0 ] (0.00000175)
[  0  0  1  0  0  0  0  0  1 ] (0.00003421)
[  0  0  1  0  0  0  0  0  2 ] (0.00005303)
[  0  0  1  0  0  0  0  0  3 ] (0.00001338)
[  0  0  1  0  0  0  0  0  4 ] (0.00000178)
[  0  0  1  0  0  0  0  1  0 ] (0.00000200)
[  0  0  1  0  0  0  0  1  1 ] (0.00001441)
[  0  0  1  0  0  0  0  1  2 ] (0.00004804)
[  0  0  1  0  0  0  0  1  3 ] (0.00000653)
[  0  0  1  0  0  0  0  2  0 ] (0.00000020)
[  0  0  1  0  0  0  0  2  1 ] (0.00005948)
[  0  0  1  0  0  0  0  2  2 ] (0.00022226)
[  0  0  1  0  0  0  0  3  0 ] (0.00023508)
[  0  0  1  0  0  0  0  3  1 ] (0.00058077)
[  0  0  1  0  0  0  0  4  0 ] (0.00000003)
[  0  0  1  0  0  0  1  0  0 ] (0.00000262)
[  0  0  1  0  0  0  1  0  1 ] (0.00001414)
[  0  0  1  0  0  0  1  0  2 ] (0.00005828)
[  0  0  1  0  0  0  1  0  3 ] (0.00001833)
[  0  0  1  0  0  0  1  1  0 ] (0.00002909)
[  0  0  1  0  0  0  1  1  1 ] (0.00008668)
[  0  0  1  0  0  0  1  1  2 ] (0.00000419)
[  0  0  1  0  0  0  1  2  0 ] (0.00011503)
[  0  0  1  0  0  0  1  2  1 ] (0.00000261)
[  0  0  1  0  0  0  1  3  0 ] (0.00022038)
[  0  0  1  0  0  0  2  0  0 ] (0.00002929)
[  0  0  1  0  0  0  2  0  1 ] (0.00019622)
[  0  0  1  0  0  0  2  0  2 ] (0.00028464)
[  0  0  1  0  0  0  2  1  0 ] (0.00001987)
[  0  0  1  0  0  0  2  1  1 ] (0.00000743)
[  0  0  1  0  0  0  2  2  0 ] (0.00090598)
[  0  0  1  0  0  0  3  0  0 ] (0.00006677)
[  0  0  1  0  0  0  3  0  1 ] (0.00094537)
[  0  0  1  0  0  0  3  1  0 ] (0.00104246)
[  0  0  1  0  0  0  4  0  0 ] (0.00058793)
[  0  0  1  0  0  1  0  0  0 ] (0.00000018)
[  0  0  1  0  0  1  0  0  1 ] (0.00006113)
[  0  0  1  0  0  1  0  0  2 ] (0.00009791)
[  0  0  1  0  0  1  0  0  3 ] (0.00032500)
[  0  0  1  0  0  1  0  1  0 ] (0.00002211)
[  0  0  1  0  0  1  0  1  1 ] (0.00003355)
[  0  0  1  0  0  1  0  1  2 ] (0.00033855)
[  0  0  1  0  0  1  0  2  0 ] (0.00000047)
[  0  0  1  0  0  1  0  2  1 ] (0.00464834)
[  0  0  1  0  0  1  0  3  0 ] (0.00016303)
[  0  0  1  0  0  1  1  0  0 ] (0.00000749)
[  0  0  1  0  0  1  1  0  1 ] (0.00004049)
[  0  0  1  0  0  1  1  0  2 ] (0.00000055)
[  0  0  1  0  0  1  1  1  0 ] (0.00029134)
[  0  0  1  0  0  1  1  1  1 ] (0.00028195)
[  0  0  1  0  0  1  1  2  0 ] (0.00492957)
[  0  0  1  0  0  1  2  0  0 ] (0.00029774)
[  0  0  1  0  0  1  2  0  1 ] (0.00339994)
[  0  0  1  0  0  1  2  1  0 ] (0.00417903)
[  0  0  1  0  0  1  3  0  0 ] (0.00008433)
[  0  0  1  0  0  2  0  0  0 ] (0.00001095)
[  0  0  1  0  0  2  0  0  1 ] (0.00005338)
[  0  0  1  0  0  2  0  0  2 ] (0.00022030)
[  0  0  1  0  0  2  0  1  0 ] (0.00005562)
[  0  0  1  0  0  2  0  1  1 ] (0.00046692)
[  0  0  1  0  0  2  0  2  0 ] (0.00002491)
[  0  0  1  0  0  2  1  0  0 ] (0.00005993)
[  0  0  1  0  0  2  1  0  1 ] (0.00039663)
[  0  0  1  0  0  2  1  1  0 ] (0.00024084)
[  0  0  1  0  0  2  2  0  0 ] (0.00001985)
[  0  0  1  0  0  3  0  0  0 ] (0.00002769)
[  0  0  1  0  0  3  0  0  1 ] (0.00004976)
[  0  0  1  0  0  3  0  1  0 ] (0.00000183)
[  0  0  1  0  0  3  1  0  0 ] (0.00000068)
[  0  0  1  0  0  4  0  0  0 ] (0.00000377)
[  0  0  1  0  1  0  0  0  0 ] (0.00000939)
[  0  0  1  0  1  0  0  0  1 ] (0.00011110)
[  0  0  1  0  1  0  0  0  2 ] (0.00081926)
[  0  0  1  0  1  0  0  0  3 ] (0.00141031)
[  0  0  1  0  1  0  0  1  0 ] (0.00010939)
[  0  0  1  0  1  0  0  1  1 ] (0.00020029)
[  0  0  1  0  1  0  0  1  2 ] (0.00001564)
[  0  0  1  0  1  0  0  2  0 ] (0.00000862)
[  0  0  1  0  1  0  0  2  1 ] (0.00000156)
[  0  0  1  0  1  0  0  3  0 ] (0.00192038)
[  0  0  1  0  1  0  1  0  0 ] (0.00004173)
[  0  0  1  0  1  0  1  0  1 ] (0.00015099)
[  0  0  1  0  1  0  1  0  2 ] (0.00000362)
[  0  0  1  0  1  0  1  1  0 ] (0.00001793)
[  0  0  1  0  1  0  1  1  1 ] (0.00015649)
[  0  0  1  0  1  0  1  2  0 ] (0.00081250)
[  0  0  1  0  1  0  2  0  0 ] (0.00008476)
[  0  0  1  0  1  0  2  0  1 ] (0.00211879)
[  0  0  1  0  1  0  2  1  0 ] (0.00575918)
[  0  0  1  0  1  0  3  0  0 ] (0.00025042)
[  0  0  1  0  1  1  0  0  0 ] (0.00001927)
[  0  0  1  0  1  1  0  0  1 ] (0.00017788)
[  0  0  1  0  1  1  0  0  2 ] (0.00240898)
[  0  0  1  0  1  1  0  1  0 ] (0.00002587)
[  0  0  1  0  1  1  0  1  1 ] (0.00106555)
[  0  0  1  0  1  1  0  2  0 ] (0.00007200)
[  0  0  1  0  1  1  1  0  0 ] (0.00006920)
[  0  0  1  0  1  1  1  0  1 ] (0.00214160)
[  0  0  1  0  1  1  1  1  0 ] (0.00909663)
[  0  0  1  0  1  1  2  0  0 ] (0.00006708)
[  0  0  1  0  1  2  0  0  0 ] (0.00000526)
[  0  0  1  0  1  2  0  0  1 ] (0.00005203)
[  0  0  1  0  1  2  0  1  0 ] (0.00016648)
[  0  0  1  0  1  2  1  0  0 ] (0.00001871)
[  0  0  1  0  1  3  0  0  0 ] (0.00002308)
[  0  0  1  0  2  0  0  0  0 ] (0.00003429)
[  0  0  1  0  2  0  0  0  1 ] (0.00007598)
[  0  0  1  0  2  0  0  0  2 ] (0.00101332)
[  0  0  1  0  2  0  0  1  0 ] (0.00000689)
[  0  0  1  0  2  0  0  1  1 ] (0.00058983)
[  0  0  1  0  2  0  0  2  0 ] (0.00000434)
[  0  0  1  0  2  0  1  0  0 ] (0.00003176)
[  0  0  1  0  2  0  1  0  1 ] (0.00001710)
[  0  0  1  0  2  0  1  1  0 ] (0.00185138)
[  0  0  1  0  2  0  2  0  0 ] (0.00000388)
[  0  0  1  0  2  1  0  0  0 ] (0.00000963)
[  0  0  1  0  2  1  0  0  1 ] (0.00010521)
[  0  0  1  0  2  1  0  1  0 ] (0.00000034)
[  0  0  1  0  2  1  1  0  0 ] (0.00000920)
[  0  0  1  0  2  2  0  0  0 ] (0.00002242)
[  0  0  1  0  3  0  0  0  0 ] (0.00000572)
[  0  0  1  0  3  0  0  0  1 ] (0.00004467)
[  0  0  1  0  3  0  0  1  0 ] (0.00000195)
[  0  0  1  0  3  0  1  0  0 ] (0.00000198)
[  0  0  1  0  3  1  0  0  0 ] (0.00000055)
[  0  0  1  0  4  0  0  0  0 ] (0.00007299)
[  0  0  1  1  0  0  0  0  0 ] (0.00000149)
[  0  0  1  1  0  0  0  0  1 ] (0.00002795)
[  0  0  1  1  0  0  0  0  2 ] (0.00000621)
[  0  0  1  1  0  0  0  0  3 ] (0.00000387)
[  0  0  1  1  0  0  0  1  0 ] (0.00004218)
[  0  0  1  1  0  0  0  1  1 ] (0.00000264)
[  0  0  1  1  0  0  0  1  2 ] (0.00153550)
[  0  0  1  1  0  0  0  2  0 ] (0.00000210)
[  0  0  1  1  0  0  0  2  1 ] (0.00707053)
[  0  0  1  1  0  0  0  3  0 ] (0.00003106)
[  0  0  1  1  0  0  1  0  0 ] (0.00000623)
[  0  0  1  1  0  0  1  0  1 ] (0.00000176)
[  0  0  1  1  0  0  1  0  2 ] (0.00053430)
[  0  0  1  1  0  0  1  1  0 ] (0.00002347)
[  0  0  1  1  0  0  1  1  1 ] (0.00000463)
[  0  0  1  1  0  0  1  2  0 ] (0.00868067)
[  0  0  1  1  0  0  2  0  0 ] (0.00000012)
[  0  0  1  1  0  0  2  0  1 ] (0.00000475)
[  0  0  1  1  0  0  2  1  0 ] (0.00143059)
[  0  0  1  1  0  0  3  0  0 ] (0.00000088)
[  0  0  1  1  0  1  0  0  0 ] (0.00000032)
[  0  0  1  1  0  1  0  0  1 ] (0.00000216)
[  0  0  1  1  0  1  0  0  2 ] (0.00001243)
[  0  0  1  1  0  1  0  1  0 ] (0.00006730)
[  0  0  1  1  0  1  0  1  1 ] (0.00001080)
[  0  0  1  1  0  1  0  2  0 ] (0.00003595)
[  0  0  1  1  0  1  1  0  0 ] (0.00000696)
[  0  0  1  1  0  1  1  0  1 ] (0.00003805)
[  0  0  1  1  0  1  1  1  0 ] (0.00002424)
[  0  0  1  1  0  1  2  0  0 ] (0.00001673)
[  0  0  1  1  0  2  0  0  0 ] (0.00000626)
[  0  0  1  1  0  2  0  0  1 ] (0.00003830)
[  0  0  1  1  0  2  0  1  0 ] (0.00004985)
[  0  0  1  1  0  2  1  0  0 ] (0.00000142)
[  0  0  1  1  0  3  0  0  0 ] (0.00000044)
[  0  0  1  1  1  0  0  0  0 ] (0.00000000)
[  0  0  1  1  1  0  0  0  1 ] (0.00011919)
[  0  0  1  1  1  0  0  0  2 ] (0.00018117)
[  0  0  1  1  1  0  0  1  0 ] (0.00012179)
[  0  0  1  1  1  0  0  1  1 ] (0.00059592)
[  0  0  1  1  1  0  0  2  0 ] (0.00168932)
[  0  0  1  1  1  0  1  0  0 ] (0.00021290)
[  0  0  1  1  1  0  1  0  1 ] (0.00187141)
[  0  0  1  1  1  0  1  1  0 ] (0.00384337)
[  0  0  1  1  1  0  2  0  0 ] (0.00030639)
[  0  0  1  1  1  1  0  0  0 ] (0.00000250)
[  0  0  1  1  1  1  0  0  1 ] (0.00048705)
[  0  0  1  1  1  1  0  1  0 ] (0.00000831)
[  0  0  1  1  1  1  1  0  0 ] (0.00002465)
[  0  0  1  1  1  2  0  0  0 ] (0.00000315)
[  0  0  1  1  2  0  0  0  0 ] (0.00005923)
[  0  0  1  1  2  0  0  0  1 ] (0.00033372)
[  0  0  1  1  2  0  0  1  0 ] (0.00002248)
[  0  0  1  1  2  0  1  0  0 ] (0.00004389)
[  0  0  1  1  2  1  0  0  0 ] (0.00003745)
[  0  0  1  1  3  0  0  0  0 ] (0.00000049)
[  0  0  1  2  0  0  0  0  0 ] (0.00000302)
[  0  0  1  2  0  0  0  0  1 ] (0.00000531)
[  0  0  1  2  0  0  0  0  2 ] (0.00004947)
[  0  0  1  2  0  0  0  1  0 ] (0.00060405)
[  0  0  1  2  0  0  0  1  1 ] (0.00205272)
[  0  0  1  2  0  0  0  2  0 ] (0.00014723)
[  0  0  1  2  0  0  1  0  0 ] (0.00032438)
[  0  0  1  2  0  0  1  0  1 ] (0.00231967)
[  0  0  1  2  0  0  1  1  0 ] (0.00138242)
[  0  0  1  2  0  0  2  0  0 ] (0.00018626)
[  0  0  1  2  0  1  0  0  0 ] (0.00000172)
[  0  0  1  2  0  1  0  0  1 ] (0.00000799)
[  0  0  1  2  0  1  0  1  0 ] (0.00026456)
[  0  0  1  2  0  1  1  0  0 ] (0.00013356)
[  0  0  1  2  0  2  0  0  0 ] (0.00000659)
[  0  0  1  2  1  0  0  0  0 ] (0.00002487)
[  0  0  1  2  1  0  0  0  1 ] (0.00005029)
[  0  0  1  2  1  0  0  1  0 ] (0.00033308)
[  0  0  1  2  1  0  1  0  0 ] (0.00002181)
[  0  0  1  2  1  1  0  0  0 ] (0.00000580)
[  0  0  1  2  2  0  0  0  0 ] (0.00002750)
[  0  0  1  3  0  0  0  0  0 ] (0.00001120)
[  0  0  1  3  0  0  0  0  1 ] (0.00003797)
[  0  0  1  3  0  0  0  1  0 ] (0.00002973)
[  0  0  1  3  0  0  1  0  0 ] (0.00000763)
[  0  0  1  3  0  1  0  0  0 ] (0.00001896)
[  0  0  1  3  1  0  0  0  0 ] (0.00000000)
[  0  0  1  4  0  0  0  0  0 ] (0.00003287)
[  0  0  2  0  0  0  0  0  0 ] (0.00000160)
[  0  0  2  0  0  0  0  0  1 ] (0.00000078)
[  0  0  2  0  0  0  0  0  2 ] (0.00003672)
[  0  0  2  0  0  0  0  0  3 ] (0.00083069)
[  0  0  2  0  0  0  0  1  0 ] (0.00000015)
[  0  0  2  0  0  0  0  1  1 ] (0.00006468)
[  0  0  2  0  0  0  0  1  2 ] (0.00124002)
[  0  0  2  0  0  0  0  2  0 ] (0.00135965)
[  0  0  2  0  0  0  0  2  1 ] (0.00486492)
[  0  0  2  0  0  0  0  3  0 ] (0.00017474)
[  0  0  2  0  0  0  1  0  0 ] (0.00031967)
[  0  0  2  0  0  0  1  0  1 ] (0.00210065)
[  0  0  2  0  0  0  1  0  2 ] (0.01105090)
[  0  0  2  0  0  0  1  1  0 ] (0.00007215)
[  0  0  2  0  0  0  1  1  1 ] (0.00003922)
[  0  0  2  0  0  0  1  2  0 ] (0.00244158)
[  0  0  2  0  0  0  2  0  0 ] (0.00007741)
[  0  0  2  0  0  0  2  0  1 ] (0.00072014)
[  0  0  2  0  0  0  2  1  0 ] (0.00000055)
[  0  0  2  0  0  0  3  0  0 ] (0.00001065)
[  0  0  2  0  0  1  0  0  0 ] (0.00000057)
[  0  0  2  0  0  1  0  0  1 ] (0.00000111)
[  0  0  2  0  0  1  0  0  2 ] (0.00001018)
[  0  0  2  0  0  1  0  1  0 ] (0.00000402)
[  0  0  2  0  0  1  0  1  1 ] (0.00014497)
[  0  0  2  0  0  1  0  2  0 ] (0.00008299)
[  0  0  2  0  0  1  1  0  0 ] (0.00021296)
[  0  0  2  0  0  1  1  0  1 ] (0.00172549)
[  0  0  2  0  0  1  1  1  0 ] (0.00007379)
[  0  0  2  0  0  1  2  0  0 ] (0.00001431)
[  0  0  2  0  0  2  0  0  0 ] (0.00000022)
[  0  0  2  0  0  2  0  0  1 ] (0.00000070)
[  0  0  2  0  0  2  0  1  0 ] (0.00000117)
[  0  0  2  0  0  2  1  0  0 ] (0.00003767)
[  0  0  2  0  0  3  0  0  0 ] (0.00000008)
[  0  0  2  0  1  0  0  0  0 ] (0.00002176)
[  0  0  2  0  1  0  0  0  1 ] (0.00016971)
[  0  0  2  0  1  0  0  0  2 ] (0.00015382)
[  0  0  2  0  1  0  0  1  0 ] (0.00298749)
[  0  0  2  0  1  0  0  1  1 ] (0.02562773)
[  0  0  2  0  1  0  0  2  0 ] (0.00003233)
[  0  0  2  0  1  0  1  0  0 ] (0.00007304)
[  0  0  2  0  1  0  1  0  1 ] (0.00051801)
[  0  0  2  0  1  0  1  1  0 ] (0.00636458)
[  0  0  2  0  1  0  2  0  0 ] (0.00000031)
[  0  0  2  0  1  1  0  0  0 ] (0.00000110)
[  0  0  2  0  1  1  0  0  1 ] (0.00003264)
[  0  0  2  0  1  1  0  1  0 ] (0.00057666)
[  0  0  2  0  1  1  1  0  0 ] (0.00001690)
[  0  0  2  0  1  2  0  0  0 ] (0.00000078)
[  0  0  2  0  2  0  0  0  0 ] (0.00004098)
[  0  0  2  0  2  0  0  0  1 ] (0.00009172)
[  0  0  2  0  2  0  0  1  0 ] (0.00002805)
[  0  0  2  0  2  0  1  0  0 ] (0.00004815)
[  0  0  2  0  2  1  0  0  0 ] (0.00001490)
[  0  0  2  0  3  0  0  0  0 ] (0.00006755)
[  0  0  2  1  0  0  0  0  0 ] (0.00000127)
[  0  0  2  1  0  0  0  0  1 ] (0.00000416)
[  0  0  2  1  0  0  0  0  2 ] (0.00002000)
[  0  0  2  1  0  0  0  1  0 ] (0.00024846)
[  0  0  2  1  0  0  0  1  1 ] (0.00071244)
[  0  0  2  1  0  0  0  2  0 ] (0.00000178)
[  0  0  2  1  0  0  1  0  0 ] (0.00000396)
[  0  0  2  1  0  0  1  0  1 ] (0.00007781)
[  0  0  2  1  0  0  1  1  0 ] (0.00037804)
[  0  0  2  1  0  0  2  0  0 ] (0.00000084)
[  0  0  2  1  0  1  0  0  0 ] (0.00000081)
[  0  0  2  1  0  1  0  0  1 ] (0.00000171)
[  0  0  2  1  0  1  0  1  0 ] (0.00007184)
[  0  0  2  1  0  1  1  0  0 ] (0.00000062)
[  0  0  2  1  0  2  0  0  0 ] (0.00000002)
[  0  0  2  1  1  0  0  0  0 ] (0.00000230)
[  0  0  2  1  1  0  0  0  1 ] (0.00001539)
[  0  0  2  1  1  0  0  1  0 ] (0.00000795)
[  0  0  2  1  1  0  1  0  0 ] (0.00000717)
[  0  0  2  1  1  1  0  0  0 ] (0.00000762)
[  0  0  2  1  2  0  0  0  0 ] (0.00000564)
[  0  0  2  2  0  0  0  0  0 ] (0.00000054)
[  0  0  2  2  0  0  0  0  1 ] (0.00001217)
[  0  0  2  2  0  0  0  1  0 ] (0.00000595)
[  0  0  2  2  0  0  1  0  0 ] (0.00000889)
[  0  0  2  2  0  1  0  0  0 ] (0.00000008)
[  0  0  2  2  1  0  0  0  0 ] (0.00000242)
[  0  0  2  3  0  0  0  0  0 ] (0.00000033)
[  0  0  3  0  0  0  0  0  0 ] (0.00000000)
[  0  0  3  0  0  0  0  0  1 ] (0.00000180)
[  0  0  3  0  0  0  0  0  2 ] (0.00000764)
[  0  0  3  0  0  0  0  1  0 ] (0.00000599)
[  0  0  3  0  0  0  0  1  1 ] (0.00001702)
[  0  0  3  0  0  0  0  2  0 ] (0.00002901)
[  0  0  3  0  0  0  1  0  0 ] (0.00000020)
[  0  0  3  0  0  0  1  0  1 ] (0.00005426)
[  0  0  3  0  0  0  1  1  0 ] (0.00002723)
[  0  0  3  0  0  0  2  0  0 ] (0.00004152)
[  0  0  3  0  0  1  0  0  0 ] (0.00000144)
[  0  0  3  0  0  1  0  0  1 ] (0.00003310)
[  0  0  3  0  0  1  0  1  0 ] (0.00000511)
[  0  0  3  0  0  1  1  0  0 ] (0.00000982)
[  0  0  3  0  0  2  0  0  0 ] (0.00000089)
[  0  0  3  0  1  0  0  0  0 ] (0.00000021)
[  0  0  3  0  1  0  0  0  1 ] (0.00004940)
[  0  0  3  0  1  0  0  1  0 ] (0.00000089)
[  0  0  3  0  1  0  1  0  0 ] (0.00000398)
[  0  0  3  0  1  1  0  0  0 ] (0.00000028)
[  0  0  3  0  2  0  0  0  0 ] (0.00000650)
[  0  0  3  1  0  0  0  0  0 ] (0.00000174)
[  0  0  3  1  0  0  0  0  1 ] (0.00000656)
[  0  0  3  1  0  0  0  1  0 ] (0.00003441)
[  0  0  3  1  0  0  1  0  0 ] (0.00000057)
[  0  0  3  1  0  1  0  0  0 ] (0.00000015)
[  0  0  3  1  1  0  0  0  0 ] (0.00000540)
[  0  0  3  2  0  0  0  0  0 ] (0.00000155)
[  0  0  4  0  0  0  0  0  0 ] (0.00001581)
[  0  0  4  0  0  0  0  0  1 ] (0.00005215)
[  0  0  4  0  0  0  0  1  0 ] (0.00001601)
[  0  0  4  0  0  0  1  0  0 ] (0.00001629)
[  0  0  4  0  0  1  0  0  0 ] (0.00001366)
[  0  0  4  0  1  0  0  0  0 ] (0.00000446)
[  0  0  4  1  0  0  0  0  0 ] (0.00000005)
[  0  0  5  0  0  0  0  0  0 ] (0.00000172)
[  0  1  0  0  0  0  0  0  0 ] (0.00000734)
[  0  1  0  0  0  0  0  0  1 ] (0.00001945)
[  0  1  0  0  0  0  0  0  2 ] (0.00000373)
[  0  1  0  0  0  0  0  0  3 ] (0.00000363)
[  0  1  0  0  0  0  0  0  4 ] (0.00000007)
[  0  1  0  0  0  0  0  1  0 ] (0.00001816)
[  0  1  0  0  0  0  0  1  1 ] (0.00013789)
[  0  1  0  0  0  0  0  1  2 ] (0.00002211)
[  0  1  0  0  0  0  0  1  3 ] (0.00001133)
[  0  1  0  0  0  0  0  2  0 ] (0.00003837)
[  0  1  0  0  0  0  0  2  1 ] (0.00009364)
[  0  1  0  0  0  0  0  2  2 ] (0.00023729)
[  0  1  0  0  0  0  0  3  0 ] (0.00001732)
[  0  1  0  0  0  0  0  3  1 ] (0.00010300)
[  0  1  0  0  0  0  0  4  0 ] (0.00039331)
[  0  1  0  0  0  0  1  0  0 ] (0.00000016)
[  0  1  0  0  0  0  1  0  1 ] (0.00005616)
[  0  1  0  0  0  0  1  0  2 ] (0.00016544)
[  0  1  0  0  0  0  1  0  3 ] (0.00014813)
[  0  1  0  0  0  0  1  1  0 ] (0.00000113)
[  0  1  0  0  0  0  1  1  1 ] (0.00002069)
[  0  1  0  0  0  0  1  1  2 ] (0.00000151)
[  0  1  0  0  0  0  1  2  0 ] (0.00006757)
[  0  1  0  0  0  0  1  2  1 ] (0.00028764)
[  0  1  0  0  0  0  1  3  0 ] (0.00059049)
[  0  1  0  0  0  0  2  0  0 ] (0.00001136)
[  0  1  0  0  0  0  2  0  1 ] (0.00004881)
[  0  1  0  0  0  0  2  0  2 ] (0.00063468)
[  0  1  0  0  0  0  2  1  0 ] (0.00000652)
[  0  1  0  0  0  0  2  1  1 ] (0.00000003)
[  0  1  0  0  0  0  2  2  0 ] (0.00426246)
[  0  1  0  0  0  0  3  0  0 ] (0.00000460)
[  0  1  0  0  0  0  3  0  1 ] (0.00034510)
[  0  1  0  0  0  0  3  1  0 ] (0.00003753)
[  0  1  0  0  0  0  4  0  0 ] (0.00140147)
[  0  1  0  0  0  1  0  0  0 ] (0.00000179)
[  0  1  0  0  0  1  0  0  1 ] (0.00000025)
[  0  1  0  0  0  1  0  0  2 ] (0.00000052)
[  0  1  0  0  0  1  0  0  3 ] (0.00016719)
[  0  1  0  0  0  1  0  1  0 ] (0.00000762)
[  0  1  0  0  0  1  0  1  1 ] (0.00058326)
[  0  1  0  0  0  1  0  1  2 ] (0.00031115)
[  0  1  0  0  0  1  0  2  0 ] (0.00000001)
[  0  1  0  0  0  1  0  2  1 ] (0.00046187)
[  0  1  0  0  0  1  0  3  0 ] (0.00001221)
[  0  1  0  0  0  1  1  0  0 ] (0.00001307)
[  0  1  0  0  0  1  1  0  1 ] (0.00000386)
[  0  1  0  0  0  1  1  0  2 ] (0.00022840)
[  0  1  0  0  0  1  1  1  0 ] (0.00000925)
[  0  1  0  0  0  1  1  1  1 ] (0.00006269)
[  0  1  0  0  0  1  1  2  0 ] (0.00074971)
[  0  1  0  0  0  1  2  0  0 ] (0.00000004)
[  0  1  0  0  0  1  2  0  1 ] (0.00000000)
[  0  1  0  0  0  1  2  1  0 ] (0.00004450)
[  0  1  0  0  0  1  3  0  0 ] (0.00008623)
[  0  1  0  0  0  2  0  0  0 ] (0.00000163)
[  0  1  0  0  0  2  0  0  1 ] (0.00000656)
[  0  1  0  0  0  2  0  0  2 ] (0.00000001)
[  0  1  0  0  0  2  0  1  0 ] (0.00117663)
[  0  1  0  0  0  2  0  1  1 ] (0.01614433)
[  0  1  0  0  0  2  0  2  0 ] (0.00002589)
[  0  1  0  0  0  2  1  0  0 ] (0.00000761)
[  0  1  0  0  0  2  1  0  1 ] (0.00008881)
[  0  1  0  0  0  2  1  1  0 ] (0.00497088)
[  0  1  0  0  0  2  2  0  0 ] (0.00000001)
[  0  1  0  0  0  3  0  0  0 ] (0.00000806)
[  0  1  0  0  0  3  0  0  1 ] (0.00008817)
[  0  1  0  0  0  3  0  1  0 ] (0.00000407)
[  0  1  0  0  0  3  1  0  0 ] (0.00000136)
[  0  1  0  0  0  4  0  0  0 ] (0.00000008)
[  0  1  0  0  1  0  0  0  0 ] (0.00005479)
[  0  1  0  0  1  0  0  0  1 ] (0.00007479)
[  0  1  0  0  1  0  0  0  2 ] (0.00035494)
[  0  1  0  0  1  0  0  0  3 ] (0.00525571)
[  0  1  0  0  1  0  0  1  0 ] (0.00004603)
[  0  1  0  0  1  0  0  1  1 ] (0.00012954)
[  0  1  0  0  1  0  0  1  2 ] (0.00003748)
[  0  1  0  0  1  0  0  2  0 ] (0.00003673)
[  0  1  0  0  1  0  0  2  1 ] (0.00002758)
[  0  1  0  0  1  0  0  3  0 ] (0.00271311)
[  0  1  0  0  1  0  1  0  0 ] (0.00005144)
[  0  1  0  0  1  0  1  0  1 ] (0.00021719)
[  0  1  0  0  1  0  1  0  2 ] (0.00047466)
[  0  1  0  0  1  0  1  1  0 ] (0.00000000)
[  0  1  0  0  1  0  1  1  1 ] (0.00009699)
[  0  1  0  0  1  0  1  2  0 ] (0.00016766)
[  0  1  0  0  1  0  2  0  0 ] (0.00134685)
[  0  1  0  0  1  0  2  0  1 ] (0.00998136)
[  0  1  0  0  1  0  2  1  0 ] (0.00798330)
[  0  1  0  0  1  0  3  0  0 ] (0.00057425)
[  0  1  0  0  1  1  0  0  0 ] (0.00001151)
[  0  1  0  0  1  1  0  0  1 ] (0.00012609)
[  0  1  0  0  1  1  0  0  2 ] (0.00035276)
[  0  1  0  0  1  1  0  1  0 ] (0.00003286)
[  0  1  0  0  1  1  0  1  1 ] (0.00430173)
[  0  1  0  0  1  1  0  2  0 ] (0.00004014)
[  0  1  0  0  1  1  1  0  0 ] (0.00000160)
[  0  1  0  0  1  1  1  0  1 ] (0.00009448)
[  0  1  0  0  1  1  1  1  0 ] (0.00569904)
[  0  1  0  0  1  1  2  0  0 ] (0.00015759)
[  0  1  0  0  1  2  0  0  0 ] (0.00004555)
[  0  1  0  0  1  2  0  0  1 ] (0.00017244)
[  0  1  0  0  1  2  0  1  0 ] (0.00002709)
[  0  1  0  0  1  2  1  0  0 ] (0.00007112)
[  0  1  0  0  1  3  0  0  0 ] (0.00000002)
[  0  1  0  0  2  0  0  0  0 ] (0.00001661)
[  0  1  0  0  2  0  0  0  1 ] (0.00001686)
[  0  1  0  0  2  0  0  0  2 ] (0.00004110)
[  0  1  0  0  2  0  0  1  0 ] (0.00029707)
[  0  1  0  0  2  0  0  1  1 ] (0.00335059)
[  0  1  0  0  2  0  0  2  0 ] (0.00012949)
[  0  1  0  0  2  0  1  0  0 ] (0.00072622)
[  0  1  0  0  2  0  1  0  1 ] (0.00447453)
[  0  1  0  0  2  0  1  1  0 ] (0.00002109)
[  0  1  0  0  2  0  2  0  0 ] (0.00000206)
[  0  1  0  0  2  1  0  0  0 ] (0.00000899)
[  0  1  0  0  2  1  0  0  1 ] (0.00000621)
[  0  1  0  0  2  1  0  1  0 ] (0.00001227)
[  0  1  0  0  2  1  1  0  0 ] (0.00018264)
[  0  1  0  0  2  2  0  0  0 ] (0.00000098)
[  0  1  0  0  3  0  0  0  0 ] (0.00002057)
[  0  1  0  0  3  0  0  0  1 ] (0.00005529)
[  0  1  0  0  3  0  0  1  0 ] (0.00015010)
[  0  1  0  0  3  0  1  0  0 ] (0.00006057)
[  0  1  0  0  3  1  0  0  0 ] (0.00001724)
[  0  1  0  0  4  0  0  0  0 ] (0.00005291)
[  0  1  0  1  0  0  0  0  0 ] (0.00002019)
[  0  1  0  1  0  0  0  0  1 ] (0.00006357)
[  0  1  0  1  0  0  0  0  2 ] (0.00000041)
[  0  1  0  1  0  0  0  0  3 ] (0.00396070)
[  0  1  0  1  0  0  0  1  0 ] (0.00000754)
[  0  1  0  1  0  0  0  1  1 ] (0.00027482)
[  0  1  0  1  0  0  0  1  2 ] (0.00002400)
[  0  1  0  1  0  0  0  2  0 ] (0.00003983)
[  0  1  0  1  0  0  0  2  1 ] (0.01220315)
[  0  1  0  1  0  0  0  3  0 ] (0.00006957)
[  0  1  0  1  0  0  1  0  0 ] (0.00006665)
[  0  1  0  1  0  0  1  0  1 ] (0.00066298)
[  0  1  0  1  0  0  1  0  2 ] (0.00687401)
[  0  1  0  1  0  0  1  1  0 ] (0.00021610)
[  0  1  0  1  0  0  1  1  1 ] (0.00011958)
[  0  1  0  1  0  0  1  2  0 ] (0.00958784)
[  0  1  0  1  0  0  2  0  0 ] (0.00158392)
[  0  1  0  1  0  0  2  0  1 ] (0.00787976)
[  0  1  0  1  0  0  2  1  0 ] (0.00091558)
[  0  1  0  1  0  0  3  0  0 ] (0.00207511)
[  0  1  0  1  0  1  0  0  0 ] (0.00000267)
[  0  1  0  1  0  1  0  0  1 ] (0.00003908)
[  0  1  0  1  0  1  0  0  2 ] (0.00002485)
[  0  1  0  1  0  1  0  1  0 ] (0.00004961)
[  0  1  0  1  0  1  0  1  1 ] (0.00287366)
[  0  1  0  1  0  1  0  2  0 ] (0.00002609)
[  0  1  0  1  0  1  1  0  0 ] (0.00004599)
[  0  1  0  1  0  1  1  0  1 ] (0.00038503)
[  0  1  0  1  0  1  1  1  0 ] (0.00048042)
[  0  1  0  1  0  1  2  0  0 ] (0.00019430)
[  0  1  0  1  0  2  0  0  0 ] (0.00000598)
[  0  1  0  1  0  2  0  0  1 ] (0.00000140)
[  0  1  0  1  0  2  0  1  0 ] (0.00000242)
[  0  1  0  1  0  2  1  0  0 ] (0.00000262)
[  0  1  0  1  0  3  0  0  0 ] (0.00000070)
[  0  1  0  1  1  0  0  0  0 ] (0.00000727)
[  0  1  0  1  1  0  0  0  1 ] (0.00013518)
[  0  1  0  1  1  0  0  0  2 ] (0.00040278)
[  0  1  0  1  1  0  0  1  0 ] (0.00019510)
[  0  1  0  1  1  0  0  1  1 ] (0.02403516)
[  0  1  0  1  1  0  0  2  0 ] (0.00069329)
[  0  1  0  1  1  0  1  0  0 ] (0.00076042)
[  0  1  0  1  1  0  1  0  1 ] (0.00995127)
[  0  1  0  1  1  0  1  1  0 ] (0.01092452)
[  0  1  0  1  1  0  2  0  0 ] (0.00017240)
[  0  1  0  1  1  1  0  0  0 ] (0.00000001)
[  0  1  0  1  1  1  0  0  1 ] (0.00002092)
[  0  1  0  1  1  1  0  1  0 ] (0.00000452)
[  0  1  0  1  1  1  1  0  0 ] (0.00002763)
[  0  1  0  1  1  2  0  0  0 ] (0.00000405)
[  0  1  0  1  2  0  0  0  0 ] (0.00000446)
[  0  1  0  1  2  0  0  0  1 ] (0.00005942)
[  0  1  0  1  2  0  0  1  0 ] (0.00002807)
[  0  1  0  1  2  0  1  0  0 ] (0.00011698)
[  0  1  0  1  2  1  0  0  0 ] (0.00000834)
[  0  1  0  1  3  0  0  0  0 ] (0.00002518)
[  0  1  0  2  0  0  0  0  0 ] (0.00001936)
[  0  1  0  2  0  0  0  0  1 ] (0.00002813)
[  0  1  0  2  0  0  0  0  2 ] (0.00007008)
[  0  1  0  2  0  0  0  1  0 ] (0.00018115)
[  0  1  0  2  0  0  0  1  1 ] (0.00103147)
[  0  1  0  2  0  0  0  2  0 ] (0.00001061)
[  0  1  0  2  0  0  1  0  0 ] (0.00004103)
[  0  1  0  2  0  0  1  0  1 ] (0.00102266)
[  0  1  0  2  0  0  1  1  0 ] (0.00006395)
[  0  1  0  2  0  0  2  0  0 ] (0.00003210)
[  0  1  0  2  0  1  0  0  0 ] (0.00000466)
[  0  1  0  2  0  1  0  0  1 ] (0.00000187)
[  0  1  0  2  0  1  0  1  0 ] (0.00012300)
[  0  1  0  2  0  1  1  0  0 ] (0.00000203)
[  0  1  0  2  0  2  0  0  0 ] (0.00000161)
[  0  1  0  2  1  0  0  0  0 ] (0.00001685)
[  0  1  0  2  1  0  0  0  1 ] (0.00004981)
[  0  1  0  2  1  0  0  1  0 ] (0.00004058)
[  0  1  0  2  1  0  1  0  0 ] (0.00002777)
[  0  1  0  2  1  1  0  0  0 ] (0.00001494)
[  0  1  0  2  2  0  0  0  0 ] (0.00000068)
[  0  1  0  3  0  0  0  0  0 ] (0.00000605)
[  0  1  0  3  0  0  0  0  1 ] (0.00000939)
[  0  1  0  3  0  0  0  1  0 ] (0.00001176)
[  0  1  0  3  0  0  1  0  0 ] (0.00000828)
[  0  1  0  3  0  1  0  0  0 ] (0.00000062)
[  0  1  0  3  1  0  0  0  0 ] (0.00000375)
[  0  1  0  4  0  0  0  0  0 ] (0.00000004)
[  0  1  1  0  0  0  0  0  0 ] (0.00000222)
[  0  1  1  0  0  0  0  0  1 ] (0.00003342)
[  0  1  1  0  0  0  0  0  2 ] (0.00005120)
[  0  1  1  0  0  0  0  0  3 ] (0.01784914)
[  0  1  1  0  0  0  0  1  0 ] (0.00001616)
[  0  1  1  0  0  0  0  1  1 ] (0.00010827)
[  0  1  1  0  0  0  0  1  2 ] (0.00026931)
[  0  1  1  0  0  0  0  2  0 ] (0.00020180)
[  0  1  1  0  0  0  0  2  1 ] (0.00018775)
[  0  1  1  0  0  0  0  3  0 ] (0.00031635)
[  0  1  1  0  0  0  1  0  0 ] (0.00006250)
[  0  1  1  0  0  0  1  0  1 ] (0.00068909)
[  0  1  1  0  0  0  1  0  2 ] (0.00263862)
[  0  1  1  0  0  0  1  1  0 ] (0.00019381)
[  0  1  1  0  0  0  1  1  1 ] (0.00184385)
[  0  1  1  0  0  0  1  2  0 ] (0.00481039)
[  0  1  1  0  0  0  2  0  0 ] (0.00000324)
[  0  1  1  0  0  0  2  0  1 ] (0.00021873)
[  0  1  1  0  0  0  2  1  0 ] (0.00036084)
[  0  1  1  0  0  0  3  0  0 ] (0.00006347)
[  0  1  1  0  0  1  0  0  0 ] (0.00003402)
[  0  1  1  0  0  1  0  0  1 ] (0.00017367)
[  0  1  1  0  0  1  0  0  2 ] (0.00011480)
[  0  1  1  0  0  1  0  1  0 ] (0.00207856)
[  0  1  1  0  0  1  0  1  1 ] (0.01966944)
[  0  1  1  0  0  1  0  2  0 ] (0.00000772)
[  0  1  1  0  0  1  1  0  0 ] (0.00000111)
[  0  1  1  0  0  1  1  0  1 ] (0.00030229)
[  0  1  1  0  0  1  1  1  0 ] (0.01254461)
[  0  1  1  0  0  1  2  0  0 ] (0.00000850)
[  0  1  1  0  0  2  0  0  0 ] (0.00000510)
[  0  1  1  0  0  2  0  0  1 ] (0.00005057)
[  0  1  1  0  0  2  0  1  0 ] (0.00002085)
[  0  1  1  0  0  2  1  0  0 ] (0.00000185)
[  0  1  1  0  0  3  0  0  0 ] (0.00000222)
[  0  1  1  0  1  0  0  0  0 ] (0.00004715)
[  0  1  1  0  1  0  0  0  1 ] (0.00013062)
[  0  1  1  0  1  0  0  0  2 ] (0.00042087)
[  0  1  1  0  1  0  0  1  0 ] (0.00000607)
[  0  1  1  0  1  0  0  1  1 ] (0.00004124)
[  0  1  1  0  1  0  0  2  0 ] (0.00029786)
[  0  1  1  0  1  0  1  0  0 ] (0.00151356)
[  0  1  1  0  1  0  1  0  1 ] (0.00986041)
[  0  1  1  0  1  0  1  1  0 ] (0.00003713)
[  0  1  1  0  1  0  2  0  0 ] (0.00006055)
[  0  1  1  0  1  1  0  0  0 ] (0.00007710)
[  0  1  1  0  1  1  0  0  1 ] (0.00028175)
[  0  1  1  0  1  1  0  1  0 ] (0.00000603)
[  0  1  1  0  1  1  1  0  0 ] (0.00094549)
[  0  1  1  0  1  2  0  0  0 ] (0.00000232)
[  0  1  1  0  2  0  0  0  0 ] (0.00000496)
[  0  1  1  0  2  0  0  0  1 ] (0.00000434)
[  0  1  1  0  2  0  0  1  0 ] (0.00003166)
[  0  1  1  0  2  0  1  0  0 ] (0.00002852)
[  0  1  1  0  2  1  0  0  0 ] (0.00000039)
[  0  1  1  0  3  0  0  0  0 ] (0.00000150)
[  0  1  1  1  0  0  0  0  0 ] (0.00000000)
[  0  1  1  1  0  0  0  0  1 ] (0.00000237)
[  0  1  1  1  0  0  0  0  2 ] (0.00001016)
[  0  1  1  1  0  0  0  1  0 ] (0.00190687)
[  0  1  1  1  0  0  0  1  1 ] (0.01638932)
[  0  1  1  1  0  0  0  2  0 ] (0.00000885)
[  0  1  1  1  0  0  1  0  0 ] (0.00008711)
[  0  1  1  1  0  0  1  0  1 ] (0.00079124)
[  0  1  1  1  0  0  1  1  0 ] (0.00443582)
[  0  1  1  1  0  0  2  0  0 ] (0.00002691)
[  0  1  1  1  0  1  0  0  0 ] (0.00000289)
[  0  1  1  1  0  1  0  0  1 ] (0.00001694)
[  0  1  1  1  0  1  0  1  0 ] (0.00039357)
[  0  1  1  1  0  1  1  0  0 ] (0.00000049)
[  0  1  1  1  0  2  0  0  0 ] (0.00000116)
[  0  1  1  1  1  0  0  0  0 ] (0.00009960)
[  0  1  1  1  1  0  0  0  1 ] (0.00022415)
[  0  1  1  1  1  0  0  1  0 ] (0.00007179)
[  0  1  1  1  1  0  1  0  0 ] (0.00029008)
[  0  1  1  1  1  1  0  0  0 ] (0.00001453)
[  0  1  1  1  2  0  0  0  0 ] (0.00001274)
[  0  1  1  2  0  0  0  0  0 ] (0.00002414)
[  0  1  1  2  0  0  0  0  1 ] (0.00004356)
[  0  1  1  2  0  0  0  1  0 ] (0.00001576)
[  0  1  1  2  0  0  1  0  0 ] (0.00000024)
[  0  1  1  2  0  1  0  0  0 ] (0.00001207)
[  0  1  1  2  1  0  0  0  0 ] (0.00000004)
[  0  1  1  3  0  0  0  0  0 ] (0.00001814)
[  0  1  2  0  0  0  0  0  0 ] (0.00000235)
[  0  1  2  0  0  0  0  0  1 ] (0.00001308)
[  0  1  2  0  0  0  0  0  2 ] (0.00003515)
[  0  1  2  0  0  0  0  1  0 ] (0.00000526)
[  0  1  2  0  0  0  0  1  1 ] (0.00000034)
[  0  1  2  0  0  0  0  2  0 ] (0.00005951)
[  0  1  2  0  0  0  1  0  0 ] (0.00002273)
[  0  1  2  0  0  0  1  0  1 ] (0.00008258)
[  0  1  2  0  0  0  1  1  0 ] (0.00000358)
[  0  1  2  0  0  0  2  0  0 ] (0.00002323)
[  0  1  2  0  0  1  0  0  0 ] (0.00000005)
[  0  1  2  0  0  1  0  0  1 ] (0.00000295)
[  0  1  2  0  0  1  0  1  0 ] (0.00000126)
[  0  1  2  0  0  1  1  0  0 ] (0.00000599)
[  0  1  2  0  0  2  0  0  0 ] (0.00000063)
[  0  1  2  0  1  0  0  0  0 ] (0.00001926)
[  0  1  2  0  1  0  0  0  1 ] (0.00002759)
[  0  1  2  0  1  0  0  1  0 ] (0.00004531)
[  0  1  2  0  1  0  1  0  0 ] (0.00000984)
[  0  1  2  0  1  1  0  0  0 ] (0.00000586)
[  0  1  2  0  2  0  0  0  0 ] (0.00000044)
[  0  1  2  1  0  0  0  0  0 ] (0.00000241)
[  0  1  2  1  0  0  0  0  1 ] (0.00000588)
[  0  1  2  1  0  0  0  1  0 ] (0.00001020)
[  0  1  2  1  0  0  1  0  0 ] (0.00001770)
[  0  1  2  1  0  1  0  0  0 ] (0.00000193)
[  0  1  2  1  1  0  0  0  0 ] (0.00000011)
[  0  1  2  2  0  0  0  0  0 ] (0.00000306)
[  0  1  3  0  0  0  0  0  0 ] (0.00000225)
[  0  1  3  0  0  0  0  0  1 ] (0.00000495)
[  0  1  3  0  0  0  0  1  0 ] (0.00000198)
[  0  1  3  0  0  0  1  0  0 ] (0.00000015)
[  0  1  3  0  0  1  0  0  0 ] (0.00000256)
[  0  1  3  0  1  0  0  0  0 ] (0.00001463)
[  0  1  3  1  0  0  0  0  0 ] (0.00000295)
[  0  1  4  0  0  0  0  0  0 ] (0.00000003)
[  0  2  0  0  0  0  0  0  0 ] (0.00000014)
[  0  2  0  0  0  0  0  0  1 ] (0.00000002)
[  0  2  0  0  0  0  0  0  2 ] (0.00000026)
[  0  2  0  0  0  0  0  0  3 ] (0.00001496)
[  0  2  0  0  0  0  0  1  0 ] (0.00000925)
[  0  2  0  0  0  0  0  1  1 ] (0.00016002)
[  0  2  0  0  0  0  0  1  2 ] (0.00099822)
[  0  2  0  0  0  0  0  2  0 ] (0.00002386)
[  0  2  0  0  0  0  0  2  1 ] (0.00013539)
[  0  2  0  0  0  0  0  3  0 ] (0.00000139)
[  0  2  0  0  0  0  1  0  0 ] (0.00000036)
[  0  2  0  0  0  0  1  0  1 ] (0.00000088)
[  0  2  0  0  0  0  1  0  2 ] (0.00000455)
[  0  2  0  0  0  0  1  1  0 ] (0.00001791)
[  0  2  0  0  0  0  1  1  1 ] (0.00003872)
[  0  2  0  0  0  0  1  2  0 ] (0.00000717)
[  0  2  0  0  0  0  2  0  0 ] (0.00002188)
[  0  2  0  0  0  0  2  0  1 ] (0.00007077)
[  0  2  0  0  0  0  2  1  0 ] (0.00000090)
[  0  2  0  0  0  0  3  0  0 ] (0.00000519)
[  0  2  0  0  0  1  0  0  0 ] (0.00000251)
[  0  2  0  0  0  1  0  0  1 ] (0.00001210)
[  0  2  0  0  0  1  0  0  2 ] (0.00000843)
[  0  2  0  0  0  1  0  1  0 ] (0.00000725)
[  0  2  0  0  0  1  0  1  1 ] (0.00007222)
[  0  2  0  0  0  1  0  2  0 ] (0.00000532)
[  0  2  0  0  0  1  1  0  0 ] (0.00000224)
[  0  2  0  0  0  1  1  0  1 ] (0.00000851)
[  0  2  0  0  0  1  1  1  0 ] (0.00000011)
[  0  2  0  0  0  1  2  0  0 ] (0.00000188)
[  0  2  0  0  0  2  0  0  0 ] (0.00000040)
[  0  2  0  0  0  2  0  0  1 ] (0.00000024)
[  0  2  0  0  0  2  0  1  0 ] (0.00002769)
[  0  2  0  0  0  2  1  0  0 ] (0.00000085)
[  0  2  0  0  0  3  0  0  0 ] (0.00000010)
[  0  2  0  0  1  0  0  0  0 ] (0.00000118)
[  0  2  0  0  1  0  0  0  1 ] (0.00000081)
[  0  2  0  0  1  0  0  0  2 ] (0.00000333)
[  0  2  0  0  1  0  0  1  0 ] (0.00000639)
[  0  2  0  0  1  0  0  1  1 ] (0.00003218)
[  0  2  0  0  1  0  0  2  0 ] (0.00001247)
[  0  2  0  0  1  0  1  0  0 ] (0.00000052)
[  0  2  0  0  1  0  1  0  1 ] (0.00000011)
[  0  2  0  0  1  0  1  1  0 ] (0.00020938)
[  0  2  0  0  1  0  2  0  0 ] (0.00000302)
[  0  2  0  0  1  1  0  0  0 ] (0.00000037)
[  0  2  0  0  1  1  0  0  1 ] (0.00000068)
[  0  2  0  0  1  1  0  1  0 ] (0.00000432)
[  0  2  0  0  1  1  1  0  0 ] (0.00000176)
[  0  2  0  0  1  2  0  0  0 ] (0.00000211)
[  0  2  0  0  2  0  0  0  0 ] (0.00000323)
[  0  2  0  0  2  0  0  0  1 ] (0.00001396)
[  0  2  0  0  2  0  0  1  0 ] (0.00000139)
[  0  2  0  0  2  0  1  0  0 ] (0.00000154)
[  0  2  0  0  2  1  0  0  0 ] (0.00000019)
[  0  2  0  0  3  0  0  0  0 ] (0.00000027)
[  0  2  0  1  0  0  0  0  0 ] (0.00000185)
[  0  2  0  1  0  0  0  0  1 ] (0.00001415)
[  0  2  0  1  0  0  0  0  2 ] (0.00000008)
[  0  2  0  1  0  0  0  1  0 ] (0.00000307)
[  0  2  0  1  0  0  0  1  1 ] (0.00002366)
[  0  2  0  1  0  0  0  2  0 ] (0.00004188)
[  0  2  0  1  0  0  1  0  0 ] (0.00002755)
[  0  2  0  1  0  0  1  0  1 ] (0.00026283)
[  0  2  0  1  0  0  1  1  0 ] (0.00001369)
[  0  2  0  1  0  0  2  0  0 ] (0.00000108)
[  0  2  0  1  0  1  0  0  0 ] (0.00000020)
[  0  2  0  1  0  1  0  0  1 ] (0.00000152)
[  0  2  0  1  0  1  0  1  0 ] (0.00000231)
[  0  2  0  1  0  1  1  0  0 ] (0.00000648)
[  0  2  0  1  0  2  0  0  0 ] (0.00000015)
[  0  2  0  1  1  0  0  0  0 ] (0.00000440)
[  0  2  0  1  1  0  0  0  1 ] (0.00001197)
[  0  2  0  1  1  0  0  1  0 ] (0.00001602)
[  0  2  0  1  1  0  1  0  0 ] (0.00001327)
[  0  2  0  1  1  1  0  0  0 ] (0.00000016)
[  0  2  0  1  2  0  0  0  0 ] (0.00000078)
[  0  2  0  2  0  0  0  0  0 ] (0.00000200)
[  0  2  0  2  0  0  0  0  1 ] (0.00000949)
[  0  2  0  2  0  0  0  1  0 ] (0.00000256)
[  0  2  0  2  0  0  1  0  0 ] (0.00000251)
[  0  2  0  2  0  1  0  0  0 ] (0.00000051)
[  0  2  0  2  1  0  0  0  0 ] (0.00000032)
[  0  2  0  3  0  0  0  0  0 ] (0.00000002)
[  0  2  1  0  0  0  0  0  0 ] (0.00000029)
[  0  2  1  0  0  0  0  0  1 ] (0.00000027)
[  0  2  1  0  0  0  0  0  2 ] (0.00000129)
[  0  2  1  0  0  0  0  1  0 ] (0.00000113)
[  0  2  1  0  0  0  0  1  1 ] (0.00000187)
[  0  2  1  0  0  0  0  2  0 ] (0.00000006)
[  0  2  1  0  0  0  1  0  0 ] (0.00000776)
[  0  2  1  0  0  0  1  0  1 ] (0.00009169)
[  0  2  1  0  0  0  1  1  0 ] (0.00001867)
[  0  2  1  0  0  0  2  0  0 ] (0.00000529)
[  0  2  1  0  0  1  0  0  0 ] (0.00000083)
[  0  2  1  0  0  1  0  0  1 ] (0.00000099)
[  0  2  1  0  0  1  0  1  0 ] (0.00003006)
[  0  2  1  0  0  1  1  0  0 ] (0.00000347)
[  0  2  1  0  0  2  0  0  0 ] (0.00000135)
[  0  2  1  0  1  0  0  0  0 ] (0.00000439)
[  0  2  1  0  1  0  0  0  1 ] (0.00000457)
[  0  2  1  0  1  0  0  1  0 ] (0.00001581)
[  0  2  1  0  1  0  1  0  0 ] (0.00001039)
[  0  2  1  0  1  1  0  0  0 ] (0.00000701)
[  0  2  1  0  2  0  0  0  0 ] (0.00000030)
[  0  2  1  1  0  0  0  0  0 ] (0.00000000)
[  0  2  1  1  0  0  0  0  1 ] (0.00000038)
[  0  2  1  1  0  0  0  1  0 ] (0.00005162)
[  0  2  1  1  0  0  1  0  0 ] (0.00000467)
[  0  2  1  1  0  1  0  0  0 ] (0.00000096)
[  0  2  1  1  1  0  0  0  0 ] (0.00000214)
[  0  2  1  2  0  0  0  0  0 ] (0.00000008)
[  0  2  2  0  0  0  0  0  0 ] (0.00000023)
[  0  2  2  0  0  0  0  0  1 ] (0.00000091)
[  0  2  2  0  0  0  0  1  0 ] (0.00000037)
[  0  2  2  0  0  0  1  0  0 ] (0.00000091)
[  0  2  2  0  0  1  0  0  0 ] (0.00000012)
[  0  2  2  0  1  0  0  0  0 ] (0.00000000)
[  0  2  2  1  0  0  0  0  0 ] (0.00000015)
[  0  2  3  0  0  0  0  0  0 ] (0.00000013)
[  0  3  0  0  0  0  0  0  0 ] (0.00000009)
[  0  3  0  0  0  0  0  0  1 ] (0.00000137)
[  0  3  0  0  0  0  0  0  2 ] (0.00000294)
[  0  3  0  0  0  0  0  1  0 ] (0.00000486)
[  0  3  0  0  0  0  0  1  1 ] (0.00005438)
[  0  3  0  0  0  0  0  2  0 ] (0.00000079)
[  0  3  0  0  0  0  1  0  0 ] (0.00000043)
[  0  3  0  0  0  0  1  0  1 ] (0.00000144)
[  0  3  0  0  0  0  1  1  0 ] (0.00003006)
[  0  3  0  0  0  0  2  0  0 ] (0.00001141)
[  0  3  0  0  0  1  0  0  0 ] (0.00000329)
[  0  3  0  0  0  1  0  0  1 ] (0.00002475)
[  0  3  0  0  0  1  0  1  0 ] (0.00000007)
[  0  3  0  0  0  1  1  0  0 ] (0.00000245)
[  0  3  0  0  0  2  0  0  0 ] (0.00000070)
[  0  3  0  0  1  0  0  0  0 ] (0.00000171)
[  0  3  0  0  1  0  0  0  1 ] (0.00000497)
[  0  3  0  0  1  0  0  1  0 ] (0.00000606)
[  0  3  0  0  1  0  1  0  0 ] (0.00000004)
[  0  3  0  0  1  1  0  0  0 ] (0.00000035)
[  0  3  0  0  2  0  0  0  0 ] (0.00000530)
[  0  3  0  1  0  0  0  0  0 ] (0.00000369)
[  0  3  0  1  0  0  0  0  1 ] (0.00001951)
[  0  3  0  1  0  0  0  1  0 ] (0.00000350)
[  0  3  0  1  0  0  1  0  0 ] (0.00001121)
[  0  3  0  1  0  1  0  0  0 ] (0.00000039)
[  0  3  0  1  1  0  0  0  0 ] (0.00000453)
[  0  3  0  2  0  0  0  0  0 ] (0.00000133)
[  0  3  1  0  0  0  0  0  0 ] (0.00000225)
[  0  3  1  0  0  0  0  0  1 ] (0.00000150)
[  0  3  1  0  0  0  0  1  0 ] (0.00000041)
[  0  3  1  0  0  0  1  0  0 ] (0.00000603)
[  0  3  1  0  0  1  0  0  0 ] (0.00000125)
[  0  3  1  0  1  0  0  0  0 ] (0.00000829)
[  0  3  1  1  0  0  0  0  0 ] (0.00000000)
[  0  3  2  0  0  0  0  0  0 ] (0.00000013)
[  0  4  0  0  0  0  0  0  0 ] (0.00000004)
[  0  4  0  0  0  0  0  0  1 ] (0.00000013)
[  0  4  0  0  0  0  0  1  0 ] (0.00000022)
[  0  4  0  0  0  0  1  0  0 ] (0.00000040)
[  0  4  0  0  0  1  0  0  0 ] (0.00000037)
[  0  4  0  0  1  0  0  0  0 ] (0.00000048)
[  0  4  0  1  0  0  0  0  0 ] (0.00000000)
[  0  4  1  0  0  0  0  0  0 ] (0.00000079)
[  0  5  0  0  0  0  0  0  0 ] (0.00000000)
[  1  0  0  0  0  0  0  0  0 ] (0.00000031)
[  1  0  0  0  0  0  0  0  1 ] (0.00000018)
[  1  0  0  0  0  0  0  0  2 ] (0.00000005)
[  1  0  0  0  0  0  0  0  3 ] (0.00000705)
[  1  0  0  0  0  0  0  0  4 ] (0.00000081)
[  1  0  0  0  0  0  0  1  0 ] (0.00000001)
[  1  0  0  0  0  0  0  1  1 ] (0.00000740)
[  1  0  0  0  0  0  0  1  2 ] (0.00000045)
[  1  0  0  0  0  0  0  1  3 ] (0.00000006)
[  1  0  0  0  0  0  0  2  0 ] (0.00001538)
[  1  0  0  0  0  0  0  2  1 ] (0.00006919)
[  1  0  0  0  0  0  0  2  2 ] (0.00004169)
[  1  0  0  0  0  0  0  3  0 ] (0.00000202)
[  1  0  0  0  0  0  0  3  1 ] (0.00000291)
[  1  0  0  0  0  0  0  4  0 ] (0.00002357)
[  1  0  0  0  0  0  1  0  0 ] (0.00000000)
[  1  0  0  0  0  0  1  0  1 ] (0.00000124)
[  1  0  0  0  0  0  1  0  2 ] (0.00004637)
[  1  0  0  0  0  0  1  0  3 ] (0.00000605)
[  1  0  0  0  0  0  1  1  0 ] (0.00009124)
[  1  0  0  0  0  0  1  1  1 ] (0.00005715)
[  1  0  0  0  0  0  1  1  2 ] (0.00011294)
[  1  0  0  0  0  0  1  2  0 ] (0.00002960)
[  1  0  0  0  0  0  1  2  1 ] (0.00003196)
[  1  0  0  0  0  0  1  3  0 ] (0.00071070)
[  1  0  0  0  0  0  2  0  0 ] (0.00001750)
[  1  0  0  0  0  0  2  0  1 ] (0.00004420)
[  1  0  0  0  0  0  2  0  2 ] (0.00028969)
[  1  0  0  0  0  0  2  1  0 ] (0.00000547)
[  1  0  0  0  0  0  2  1  1 ] (0.00006138)
[  1  0  0  0  0  0  2  2  0 ] (0.00128231)
[  1  0  0  0  0  0  3  0  0 ] (0.00002128)
[  1  0  0  0  0  0  3  0  1 ] (0.00003015)
[  1  0  0  0  0  0  3  1  0 ] (0.00124702)
[  1  0  0  0  0  0  4  0  0 ] (0.00001509)
[  1  0  0  0  0  1  0  0  0 ] (0.00000139)
[  1  0  0  0  0  1  0  0  1 ] (0.00000003)
[  1  0  0  0  0  1  0  0  2 ] (0.00001908)
[  1  0  0  0  0  1  0  0  3 ] (0.00038856)
[  1  0  0  0  0  1  0  1  0 ] (0.00000267)
[  1  0  0  0  0  1  0  1  1 ] (0.00001269)
[  1  0  0  0  0  1  0  1  2 ] (0.00012077)
[  1  0  0  0  0  1  0  2  0 ] (0.00003432)
[  1  0  0  0  0  1  0  2  1 ] (0.00177925)
[  1  0  0  0  0  1  0  3  0 ] (0.00011873)
[  1  0  0  0  0  1  1  0  0 ] (0.00005333)
[  1  0  0  0  0  1  1  0  1 ] (0.00021831)
[  1  0  0  0  0  1  1  0  2 ] (0.00194600)
[  1  0  0  0  0  1  1  1  0 ] (0.00000299)
[  1  0  0  0  0  1  1  1  1 ] (0.00001702)
[  1  0  0  0  0  1  1  2  0 ] (0.00043054)
[  1  0  0  0  0  1  2  0  0 ] (0.00003373)
[  1  0  0  0  0  1  2  0  1 ] (0.00007981)
[  1  0  0  0  0  1  2  1  0 ] (0.00000004)
[  1  0  0  0  0  1  3  0  0 ] (0.00009534)
[  1  0  0  0  0  2  0  0  0 ] (0.00000122)
[  1  0  0  0  0  2  0  0  1 ] (0.00001595)
[  1  0  0  0  0  2  0  0  2 ] (0.00004296)
[  1  0  0  0  0  2  0  1  0 ] (0.00002865)
[  1  0  0  0  0  2  0  1  1 ] (0.00018350)
[  1  0  0  0  0  2  0  2  0 ] (0.00004709)
[  1  0  0  0  0  2  1  0  0 ] (0.00001033)
[  1  0  0  0  0  2  1  0  1 ] (0.00007183)
[  1  0  0  0  0  2  1  1  0 ] (0.00009338)
[  1  0  0  0  0  2  2  0  0 ] (0.00000030)
[  1  0  0  0  0  3  0  0  0 ] (0.00000965)
[  1  0  0  0  0  3  0  0  1 ] (0.00000525)
[  1  0  0  0  0  3  0  1  0 ] (0.00000106)
[  1  0  0  0  0  3  1  0  0 ] (0.00000831)
[  1  0  0  0  0  4  0  0  0 ] (0.00000001)
[  1  0  0  0  1  0  0  0  0 ] (0.00000218)
[  1  0  0  0  1  0  0  0  1 ] (0.00004254)
[  1  0  0  0  1  0  0  0  2 ] (0.00002202)
[  1  0  0  0  1  0  0  0  3 ] (0.00032287)
[  1  0  0  0  1  0  0  1  0 ] (0.00001650)
[  1  0  0  0  1  0  0  1  1 ] (0.00000249)
[  1  0  0  0  1  0  0  1  2 ] (0.00019374)
[  1  0  0  0  1  0  0  2  0 ] (0.00000739)
[  1  0  0  0  1  0  0  2  1 ] (0.00079199)
[  1  0  0  0  1  0  0  3  0 ] (0.00000872)
[  1  0  0  0  1  0  1  0  0 ] (0.00000229)
[  1  0  0  0  1  0  1  0  1 ] (0.00001239)
[  1  0  0  0  1  0  1  0  2 ] (0.00071246)
[  1  0  0  0  1  0  1  1  0 ] (0.00000772)
[  1  0  0  0  1  0  1  1  1 ] (0.00019667)
[  1  0  0  0  1  0  1  2  0 ] (0.00010073)
[  1  0  0  0  1  0  2  0  0 ] (0.00000915)
[  1  0  0  0  1  0  2  0  1 ] (0.00007125)
[  1  0  0  0  1  0  2  1  0 ] (0.00001326)
[  1  0  0  0  1  0  3  0  0 ] (0.00005103)
[  1  0  0  0  1  1  0  0  0 ] (0.00000004)
[  1  0  0  0  1  1  0  0  1 ] (0.00000639)
[  1  0  0  0  1  1  0  0  2 ] (0.00000904)
[  1  0  0  0  1  1  0  1  0 ] (0.00014360)
[  1  0  0  0  1  1  0  1  1 ] (0.00025326)
[  1  0  0  0  1  1  0  2  0 ] (0.00001330)
[  1  0  0  0  1  1  1  0  0 ] (0.00000475)
[  1  0  0  0  1  1  1  0  1 ] (0.00000011)
[  1  0  0  0  1  1  1  1  0 ] (0.00193377)
[  1  0  0  0  1  1  2  0  0 ] (0.00000041)
[  1  0  0  0  1  2  0  0  0 ] (0.00000208)
[  1  0  0  0  1  2  0  0  1 ] (0.00000095)
[  1  0  0  0  1  2  0  1  0 ] (0.00000449)
[  1  0  0  0  1  2  1  0  0 ] (0.00000522)
[  1  0  0  0  1  3  0  0  0 ] (0.00000092)
[  1  0  0  0  2  0  0  0  0 ] (0.00000054)
[  1  0  0  0  2  0  0  0  1 ] (0.00006039)
[  1  0  0  0  2  0  0  0  2 ] (0.00000336)
[  1  0  0  0  2  0  0  1  0 ] (0.00002584)
[  1  0  0  0  2  0  0  1  1 ] (0.00028566)
[  1  0  0  0  2  0  0  2  0 ] (0.00000128)
[  1  0  0  0  2  0  1  0  0 ] (0.00005305)
[  1  0  0  0  2  0  1  0  1 ] (0.00000037)
[  1  0  0  0  2  0  1  1  0 ] (0.00000440)
[  1  0  0  0  2  0  2  0  0 ] (0.00000242)
[  1  0  0  0  2  1  0  0  0 ] (0.00000026)
[  1  0  0  0  2  1  0  0  1 ] (0.00001607)
[  1  0  0  0  2  1  0  1  0 ] (0.00001871)
[  1  0  0  0  2  1  1  0  0 ] (0.00000080)
[  1  0  0  0  2  2  0  0  0 ] (0.00000005)
[  1  0  0  0  3  0  0  0  0 ] (0.00000212)
[  1  0  0  0  3  0  0  0  1 ] (0.00000388)
[  1  0  0  0  3  0  0  1  0 ] (0.00001991)
[  1  0  0  0  3  0  1  0  0 ] (0.00000031)
[  1  0  0  0  3  1  0  0  0 ] (0.00000530)
[  1  0  0  0  4  0  0  0  0 ] (0.00000092)
[  1  0  0  1  0  0  0  0  0 ] (0.00000683)
[  1  0  0  1  0  0  0  0  1 ] (0.00001129)
[  1  0  0  1  0  0  0  0  2 ] (0.00000011)
[  1  0  0  1  0  0  0  0  3 ] (0.00000146)
[  1  0  0  1  0  0  0  1  0 ] (0.00004400)
[  1  0  0  1  0  0  0  1  1 ] (0.00000059)
[  1  0  0  1  0  0  0  1  2 ] (0.00324692)
[  1  0  0  1  0  0  0  2  0 ] (0.00000054)
[  1  0  0  1  0  0  0  2  1 ] (0.00022824)
[  1  0  0  1  0  0  0  3  0 ] (0.00008158)
[  1  0  0  1  0  0  1  0  0 ] (0.00000002)
[  1  0  0  1  0  0  1  0  1 ] (0.00000957)
[  1  0  0  1  0  0  1  0  2 ] (0.00000078)
[  1  0  0  1  0  0  1  1  0 ] (0.00007331)
[  1  0  0  1  0  0  1  1  1 ] (0.00046004)
[  1  0  0  1  0  0  1  2  0 ] (0.00025682)
[  1  0  0  1  0  0  2  0  0 ] (0.00007567)
[  1  0  0  1  0  0  2  0  1 ] (0.00018184)
[  1  0  0  1  0  0  2  1  0 ] (0.00030594)
[  1  0  0  1  0  0  3  0  0 ] (0.00010881)
[  1  0  0  1  0  1  0  0  0 ] (0.00000103)
[  1  0  0  1  0  1  0  0  1 ] (0.00000000)
[  1  0  0  1  0  1  0  0  2 ] (0.00000053)
[  1  0  0  1  0  1  0  1  0 ] (0.00007831)
[  1  0  0  1  0  1  0  1  1 ] (0.00051589)
[  1  0  0  1  0  1  0  2  0 ] (0.00000006)
[  1  0  0  1  0  1  1  0  0 ] (0.00001479)
[  1  0  0  1  0  1  1  0  1 ] (0.00018913)
[  1  0  0  1  0  1  1  1  0 ] (0.00025589)
[  1  0  0  1  0  1  2  0  0 ] (0.00002162)
[  1  0  0  1  0  2  0  0  0 ] (0.00000097)
[  1  0  0  1  0  2  0  0  1 ] (0.00000019)
[  1  0  0  1  0  2  0  1  0 ] (0.00001447)
[  1  0  0  1  0  2  1  0  0 ] (0.00000019)
[  1  0  0  1  0  3  0  0  0 ] (0.00000018)
[  1  0  0  1  1  0  0  0  0 ] (0.00001687)
[  1  0  0  1  1  0  0  0  1 ] (0.00003900)
[  1  0  0  1  1  0  0  0  2 ] (0.00000435)
[  1  0  0  1  1  0  0  1  0 ] (0.00001143)
[  1  0  0  1  1  0  0  1  1 ] (0.00115627)
[  1  0  0  1  1  0  0  2  0 ] (0.00006375)
[  1  0  0  1  1  0  1  0  0 ] (0.00036721)
[  1  0  0  1  1  0  1  0  1 ] (0.00072485)
[  1  0  0  1  1  0  1  1  0 ] (0.00175891)
[  1  0  0  1  1  0  2  0  0 ] (0.00000134)
[  1  0  0  1  1  1  0  0  0 ] (0.00001000)
[  1  0  0  1  1  1  0  0  1 ] (0.00000001)
[  1  0  0  1  1  1  0  1  0 ] (0.00001477)
[  1  0  0  1  1  1  1  0  0 ] (0.00008685)
[  1  0  0  1  1  2  0  0  0 ] (0.00000395)
[  1  0  0  1  2  0  0  0  0 ] (0.00004413)
[  1  0  0  1  2  0  0  0  1 ] (0.00000092)
[  1  0  0  1  2  0  0  1  0 ] (0.00025042)
[  1  0  0  1  2  0  1  0  0 ] (0.00004678)
[  1  0  0  1  2  1  0  0  0 ] (0.00000080)
[  1  0  0  1  3  0  0  0  0 ] (0.00001084)
[  1  0  0  2  0  0  0  0  0 ] (0.00000372)
[  1  0  0  2  0  0  0  0  1 ] (0.00002745)
[  1  0  0  2  0  0  0  0  2 ] (0.00001116)
[  1  0  0  2  0  0  0  1  0 ] (0.00000314)
[  1  0  0  2  0  0  0  1  1 ] (0.00000063)
[  1  0  0  2  0  0  0  2  0 ] (0.00000065)
[  1  0  0  2  0  0  1  0  0 ] (0.00000114)
[  1  0  0  2  0  0  1  0  1 ] (0.00000548)
[  1  0  0  2  0  0  1  1  0 ] (0.00000309)
[  1  0  0  2  0  0  2  0  0 ] (0.00000014)
[  1  0  0  2  0  1  0  0  0 ] (0.00000109)
[  1  0  0  2  0  1  0  0  1 ] (0.00000008)
[  1  0  0  2  0  1  0  1  0 ] (0.00000590)
[  1  0  0  2  0  1  1  0  0 ] (0.00000166)
[  1  0  0  2  0  2  0  0  0 ] (0.00000001)
[  1  0  0  2  1  0  0  0  0 ] (0.00000202)
[  1  0  0  2  1  0  0  0  1 ] (0.00000388)
[  1  0  0  2  1  0  0  1  0 ] (0.00000427)
[  1  0  0  2  1  0  1  0  0 ] (0.00000544)
[  1  0  0  2  1  1  0  0  0 ] (0.00000083)
[  1  0  0  2  2  0  0  0  0 ] (0.00000116)
[  1  0  0  3  0  0  0  0  0 ] (0.00000002)
[  1  0  0  3  0  0  0  0  1 ] (0.00000129)
[  1  0  0  3  0  0  0  1  0 ] (0.00000091)
[  1  0  0  3  0  0  1  0  0 ] (0.00000329)
[  1  0  0  3  0  1  0  0  0 ] (0.00000002)
[  1  0  0  3  1  0  0  0  0 ] (0.00000030)
[  1  0  0  4  0  0  0  0  0 ] (0.00000070)
[  1  0  1  0  0  0  0  0  0 ] (0.00000158)
[  1  0  1  0  0  0  0  0  1 ] (0.00000066)
[  1  0  1  0  0  0  0  0  2 ] (0.00000002)
[  1  0  1  0  0  0  0  0  3 ] (0.00007383)
[  1  0  1  0  0  0  0  1  0 ] (0.00000393)
[  1  0  1  0  0  0  0  1  1 ] (0.00013961)
[  1  0  1  0  0  0  0  1  2 ] (0.00059458)
[  1  0  1  0  0  0  0  2  0 ] (0.00035269)
[  1  0  1  0  0  0  0  2  1 ] (0.00154721)
[  1  0  1  0  0  0  0  3  0 ] (0.00001710)
[  1  0  1  0  0  0  1  0  0 ] (0.00000555)
[  1  0  1  0  0  0  1  0  1 ] (0.00000824)
[  1  0  1  0  0  0  1  0  2 ] (0.00000100)
[  1  0  1  0  0  0  1  1  0 ] (0.00002702)
[  1  0  1  0  0  0  1  1  1 ] (0.00006885)
[  1  0  1  0  0  0  1  2  0 ] (0.00060726)
[  1  0  1  0  0  0  2  0  0 ] (0.00004349)
[  1  0  1  0  0  0  2  0  1 ] (0.00011986)
[  1  0  1  0  0  0  2  1  0 ] (0.00000121)
[  1  0  1  0  0  0  3  0  0 ] (0.00002113)
[  1  0  1  0  0  1  0  0  0 ] (0.00000219)
[  1  0  1  0  0  1  0  0  1 ] (0.00002404)
[  1  0  1  0  0  1  0  0  2 ] (0.00000303)
[  1  0  1  0  0  1  0  1  0 ] (0.00004024)
[  1  0  1  0  0  1  0  1  1 ] (0.00039476)
[  1  0  1  0  0  1  0  2  0 ] (0.00000002)
[  1  0  1  0  0  1  1  0  0 ] (0.00000671)
[  1  0  1  0  0  1  1  0  1 ] (0.00001325)
[  1  0  1  0  0  1  1  1  0 ] (0.00002807)
[  1  0  1  0  0  1  2  0  0 ] (0.00000899)
[  1  0  1  0  0  2  0  0  0 ] (0.00000386)
[  1  0  1  0  0  2  0  0  1 ] (0.00000401)
[  1  0  1  0  0  2  0  1  0 ] (0.00000031)
[  1  0  1  0  0  2  1  0  0 ] (0.00000493)
[  1  0  1  0  0  3  0  0  0 ] (0.00000108)
[  1  0  1  0  1  0  0  0  0 ] (0.00000050)
[  1  0  1  0  1  0  0  0  1 ] (0.00000089)
[  1  0  1  0  1  0  0  0  2 ] (0.00000044)
[  1  0  1  0  1  0  0  1  0 ] (0.00072314)
[  1  0  1  0  1  0  0  1  1 ] (0.00330253)
[  1  0  1  0  1  0  0  2  0 ] (0.00000801)
[  1  0  1  0  1  0  1  0  0 ] (0.00000567)
[  1  0  1  0  1  0  1  0  1 ] (0.00001453)
[  1  0  1  0  1  0  1  1  0 ] (0.00180715)
[  1  0  1  0  1  0  2  0  0 ] (0.00000097)
[  1  0  1  0  1  1  0  0  0 ] (0.00000802)
[  1  0  1  0  1  1  0  0  1 ] (0.00000751)
[  1  0  1  0  1  1  0  1  0 ] (0.00008657)
[  1  0  1  0  1  1  1  0  0 ] (0.00001126)
[  1  0  1  0  1  2  0  0  0 ] (0.00000057)
[  1  0  1  0  2  0  0  0  0 ] (0.00000225)
[  1  0  1  0  2  0  0  0  1 ] (0.00000547)
[  1  0  1  0  2  0  0  1  0 ] (0.00003092)
[  1  0  1  0  2  0  1  0  0 ] (0.00000711)
[  1  0  1  0  2  1  0  0  0 ] (0.00000040)
[  1  0  1  0  3  0  0  0  0 ] (0.00001816)
[  1  0  1  1  0  0  0  0  0 ] (0.00000431)
[  1  0  1  1  0  0  0  0  1 ] (0.00004091)
[  1  0  1  1  0  0  0  0  2 ] (0.00002063)
[  1  0  1  1  0  0  0  1  0 ] (0.00000643)
[  1  0  1  1  0  0  0  1  1 ] (0.00004386)
[  1  0  1  1  0  0  0  2  0 ] (0.00002641)
[  1  0  1  1  0  0  1  0  0 ] (0.00002641)
[  1  0  1  1  0  0  1  0  1 ] (0.00014167)
[  1  0  1  1  0  0  1  1  0 ] (0.00002798)
[  1  0  1  1  0  0  2  0  0 ] (0.00001015)
[  1  0  1  1  0  1  0  0  0 ] (0.00000164)
[  1  0  1  1  0  1  0  0  1 ] (0.00001210)
[  1  0  1  1  0  1  0  1  0 ] (0.00000925)
[  1  0  1  1  0  1  1  0  0 ] (0.00000110)
[  1  0  1  1  0  2  0  0  0 ] (0.00000024)
[  1  0  1  1  1  0  0  0  0 ] (0.00000048)
[  1  0  1  1  1  0  0  0  1 ] (0.00000399)
[  1  0  1  1  1  0  0  1  0 ] (0.00004775)
[  1  0  1  1  1  0  1  0  0 ] (0.00000176)
[  1  0  1  1  1  1  0  0  0 ] (0.00000141)
[  1  0  1  1  2  0  0  0  0 ] (0.00000106)
[  1  0  1  2  0  0  0  0  0 ] (0.00000336)
[  1  0  1  2  0  0  0  0  1 ] (0.00000161)
[  1  0  1  2  0  0  0  1  0 ] (0.00000036)
[  1  0  1  2  0  0  1  0  0 ] (0.00000473)
[  1  0  1  2  0  1  0  0  0 ] (0.00000166)
[  1  0  1  2  1  0  0  0  0 ] (0.00000243)
[  1  0  1  3  0  0  0  0  0 ] (0.00000047)
[  1  0  2  0  0  0  0  0  0 ] (0.00000061)
[  1  0  2  0  0  0  0  0  1 ] (0.00000630)
[  1  0  2  0  0  0  0  0  2 ] (0.00000262)
[  1  0  2  0  0  0  0  1  0 ] (0.00001838)
[  1  0  2  0  0  0  0  1  1 ] (0.00008631)
[  1  0  2  0  0  0  0  2  0 ] (0.00000238)
[  1  0  2  0  0  0  1  0  0 ] (0.00000815)
[  1  0  2  0  0  0  1  0  1 ] (0.00001239)
[  1  0  2  0  0  0  1  1  0 ] (0.00002004)
[  1  0  2  0  0  0  2  0  0 ] (0.00000196)
[  1  0  2  0  0  1  0  0  0 ] (0.00000012)
[  1  0  2  0  0  1  0  0  1 ] (0.00000089)
[  1  0  2  0  0  1  0  1  0 ] (0.00000106)
[  1  0  2  0  0  1  1  0  0 ] (0.00000195)
[  1  0  2  0  0  2  0  0  0 ] (0.00000003)
[  1  0  2  0  1  0  0  0  0 ] (0.00000833)
[  1  0  2  0  1  0  0  0  1 ] (0.00000977)
[  1  0  2  0  1  0  0  1  0 ] (0.00004057)
[  1  0  2  0  1  0  1  0  0 ] (0.00000166)
[  1  0  2  0  1  1  0  0  0 ] (0.00000007)
[  1  0  2  0  2  0  0  0  0 ] (0.00000073)
[  1  0  2  1  0  0  0  0  0 ] (0.00000046)
[  1  0  2  1  0  0  0  0  1 ] (0.00000017)
[  1  0  2  1  0  0  0  1  0 ] (0.00000309)
[  1  0  2  1  0  0  1  0  0 ] (0.00000001)
[  1  0  2  1  0  1  0  0  0 ] (0.00000000)
[  1  0  2  1  1  0  0  0  0 ] (0.00000152)
[  1  0  2  2  0  0  0  0  0 ] (0.00000005)
[  1  0  3  0  0  0  0  0  0 ] (0.00000002)
[  1  0  3  0  0  0  0  0  1 ] (0.00000003)
[  1  0  3  0  0  0  0  1  0 ] (0.00000000)
[  1  0  3  0  0  0  1  0  0 ] (0.00000010)
[  1  0  3  0  0  1  0  0  0 ] (0.00000000)
[  1  0  3  0  1  0  0  0  0 ] (0.00000001)
[  1  0  3  1  0  0  0  0  0 ] (0.00000024)
[  1  0  4  0  0  0  0  0  0 ] (0.00000084)
[  1  1  0  0  0  0  0  0  0 ] (0.00000010)
[  1  1  0  0  0  0  0  0  1 ] (0.00000676)
[  1  1  0  0  0  0  0  0  2 ] (0.00000578)
[  1  1  0  0  0  0  0  0  3 ] (0.00005382)
[  1  1  0  0  0  0  0  1  0 ] (0.00001430)
[  1  1  0  0  0  0  0  1  1 ] (0.00035393)
[  1  1  0  0  0  0  0  1  2 ] (0.00144671)
[  1  1  0  0  0  0  0  2  0 ] (0.00000481)
[  1  1  0  0  0  0  0  2  1 ] (0.00019238)
[  1  1  0  0  0  0  0  3  0 ] (0.00000002)
[  1  1  0  0  0  0  1  0  0 ] (0.00003891)
[  1  1  0  0  0  0  1  0  1 ] (0.00009333)
[  1  1  0  0  0  0  1  0  2 ] (0.00008824)
[  1  1  0  0  0  0  1  1  0 ] (0.00005362)
[  1  1  0  0  0  0  1  1  1 ] (0.00004163)
[  1  1  0  0  0  0  1  2  0 ] (0.00007239)
[  1  1  0  0  0  0  2  0  0 ] (0.00000414)
[  1  1  0  0  0  0  2  0  1 ] (0.00000046)
[  1  1  0  0  0  0  2  1  0 ] (0.00001769)
[  1  1  0  0  0  0  3  0  0 ] (0.00000653)
[  1  1  0  0  0  1  0  0  0 ] (0.00000000)
[  1  1  0  0  0  1  0  0  1 ] (0.00000402)
[  1  1  0  0  0  1  0  0  2 ] (0.00000072)
[  1  1  0  0  0  1  0  1  0 ] (0.00003005)
[  1  1  0  0  0  1  0  1  1 ] (0.00004868)
[  1  1  0  0  0  1  0  2  0 ] (0.00002167)
[  1  1  0  0  0  1  1  0  0 ] (0.00000136)
[  1  1  0  0  0  1  1  0  1 ] (0.00000685)
[  1  1  0  0  0  1  1  1  0 ] (0.00019824)
[  1  1  0  0  0  1  2  0  0 ] (0.00000334)
[  1  1  0  0  0  2  0  0  0 ] (0.00000173)
[  1  1  0  0  0  2  0  0  1 ] (0.00000626)
[  1  1  0  0  0  2  0  1  0 ] (0.00000806)
[  1  1  0  0  0  2  1  0  0 ] (0.00000431)
[  1  1  0  0  0  3  0  0  0 ] (0.00000026)
[  1  1  0  0  1  0  0  0  0 ] (0.00000184)
[  1  1  0  0  1  0  0  0  1 ] (0.00000022)
[  1  1  0  0  1  0  0  0  2 ] (0.00002493)
[  1  1  0  0  1  0  0  1  0 ] (0.00002085)
[  1  1  0  0  1  0  0  1  1 ] (0.00018913)
[  1  1  0  0  1  0  0  2  0 ] (0.00005136)
[  1  1  0  0  1  0  1  0  0 ] (0.00012848)
[  1  1  0  0  1  0  1  0  1 ] (0.00014195)
[  1  1  0  0  1  0  1  1  0 ] (0.00032903)
[  1  1  0  0  1  0  2  0  0 ] (0.00000026)
[  1  1  0  0  1  1  0  0  0 ] (0.00000374)
[  1  1  0  0  1  1  0  0  1 ] (0.00000002)
[  1  1  0  0  1  1  0  1  0 ] (0.00000106)
[  1  1  0  0  1  1  1  0  0 ] (0.00002888)
[  1  1  0  0  1  2  0  0  0 ] (0.00000006)
[  1  1  0  0  2  0  0  0  0 ] (0.00001210)
[  1  1  0  0  2  0  0  0  1 ] (0.00002725)
[  1  1  0  0  2  0  0  1  0 ] (0.00003204)
[  1  1  0  0  2  0  1  0  0 ] (0.00000927)
[  1  1  0  0  2  1  0  0  0 ] (0.00000328)
[  1  1  0  0  3  0  0  0  0 ] (0.00000358)
[  1  1  0  1  0  0  0  0  0 ] (0.00000176)
[  1  1  0  1  0  0  0  0  1 ] (0.00000239)
[  1  1  0  1  0  0  0  0  2 ] (0.00000337)
[  1  1  0  1  0  0  0  1  0 ] (0.00009104)
[  1  1  0  1  0  0  0  1  1 ] (0.00032733)
[  1  1  0  1  0  0  0  2  0 ] (0.00000293)
[  1  1  0  1  0  0  1  0  0 ] (0.00005390)
[  1  1  0  1  0  0  1  0  1 ] (0.00004065)
[  1  1  0  1  0  0  1  1  0 ] (0.00004678)
[  1  1  0  1  0  0  2  0  0 ] (0.00000009)
[  1  1  0  1  0  1  0  0  0 ] (0.00000012)
[  1  1  0  1  0  1  0  0  1 ] (0.00000229)
[  1  1  0  1  0  1  0  1  0 ] (0.00000318)
[  1  1  0  1  0  1  1  0  0 ] (0.00000453)
[  1  1  0  1  0  2  0  0  0 ] (0.00000008)
[  1  1  0  1  1  0  0  0  0 ] (0.00002022)
[  1  1  0  1  1  0  0  0  1 ] (0.00008513)
[  1  1  0  1  1  0  0  1  0 ] (0.00022425)
[  1  1  0  1  1  0  1  0  0 ] (0.00001641)
[  1  1  0  1  1  1  0  0  0 ] (0.00000139)
[  1  1  0  1  2  0  0  0  0 ] (0.00000005)
[  1  1  0  2  0  0  0  0  0 ] (0.00000007)
[  1  1  0  2  0  0  0  0  1 ] (0.00000062)
[  1  1  0  2  0  0  0  1  0 ] (0.00000029)
[  1  1  0  2  0  0  1  0  0 ] (0.00000010)
[  1  1  0  2  0  1  0  0  0 ] (0.00000038)
[  1  1  0  2  1  0  0  0  0 ] (0.00000008)
[  1  1  0  3  0  0  0  0  0 ] (0.00000007)
[  1  1  1  0  0  0  0  0  0 ] (0.00000009)
[  1  1  1  0  0  0  0  0  1 ] (0.00000110)
[  1  1  1  0  0  0  0  0  2 ] (0.00000431)
[  1  1  1  0  0  0  0  1  0 ] (0.00005468)
[  1  1  1  0  0  0  0  1  1 ] (0.00035343)
[  1  1  1  0  0  0  0  2  0 ] (0.00001314)
[  1  1  1  0  0  0  1  0  0 ] (0.00000057)
[  1  1  1  0  0  0  1  0  1 ] (0.00000110)
[  1  1  1  0  0  0  1  1  0 ] (0.00000022)
[  1  1  1  0  0  0  2  0  0 ] (0.00000210)
[  1  1  1  0  0  1  0  0  0 ] (0.00000349)
[  1  1  1  0  0  1  0  0  1 ] (0.00000161)
[  1  1  1  0  0  1  0  1  0 ] (0.00003163)
[  1  1  1  0  0  1  1  0  0 ] (0.00000333)
[  1  1  1  0  0  2  0  0  0 ] (0.00000157)
[  1  1  1  0  1  0  0  0  0 ] (0.00001187)
[  1  1  1  0  1  0  0  0  1 ] (0.00002241)
[  1  1  1  0  1  0  0  1  0 ] (0.00005056)
[  1  1  1  0  1  0  1  0  0 ] (0.00000122)
[  1  1  1  0  1  1  0  0  0 ] (0.00000198)
[  1  1  1  0  2  0  0  0  0 ] (0.00000122)
[  1  1  1  1  0  0  0  0  0 ] (0.00000004)
[  1  1  1  1  0  0  0  0  1 ] (0.00003019)
[  1  1  1  1  0  0  0  1  0 ] (0.00000510)
[  1  1  1  1  0  0  1  0  0 ] (0.00000027)
[  1  1  1  1  0  1  0  0  0 ] (0.00000106)
[  1  1  1  1  1  0  0  0  0 ] (0.00001525)
[  1  1  1  2  0  0  0  0  0 ] (0.00000033)
[  1  1  2  0  0  0  0  0  0 ] (0.00000001)
[  1  1  2  0  0  0  0  0  1 ] (0.00000111)
[  1  1  2  0  0  0  0  1  0 ] (0.00000161)
[  1  1  2  0  0  0  1  0  0 ] (0.00000034)
[  1  1  2  0  0  1  0  0  0 ] (0.00000087)
[  1  1  2  0  1  0  0  0  0 ] (0.00000509)
[  1  1  2  1  0  0  0  0  0 ] (0.00000000)
[  1  1  3  0  0  0  0  0  0 ] (0.00000016)
[  1  2  0  0  0  0  0  0  0 ] (0.00000004)
[  1  2  0  0  0  0  0  0  1 ] (0.00000103)
[  1  2  0  0  0  0  0  0  2 ] (0.00000084)
[  1  2  0  0  0  0  0  1  0 ] (0.00000211)
[  1  2  0  0  0  0  0  1  1 ] (0.00000426)
[  1  2  0  0  0  0  0  2  0 ] (0.00000260)
[  1  2  0  0  0  0  1  0  0 ] (0.00000011)
[  1  2  0  0  0  0  1  0  1 ] (0.00000004)
[  1  2  0  0  0  0  1  1  0 ] (0.00001530)
[  1  2  0  0  0  0  2  0  0 ] (0.00000269)
[  1  2  0  0  0  1  0  0  0 ] (0.00000049)
[  1  2  0  0  0  1  0  0  1 ] (0.00000228)
[  1  2  0  0  0  1  0  1  0 ] (0.00000050)
[  1  2  0  0  0  1  1  0  0 ] (0.00000005)
[  1  2  0  0  0  2  0  0  0 ] (0.00000136)
[  1  2  0  0  1  0  0  0  0 ] (0.00000001)
[  1  2  0  0  1  0  0  0  1 ] (0.00000151)
[  1  2  0  0  1  0  0  1  0 ] (0.00000575)
[  1  2  0  0  1  0  1  0  0 ] (0.00000057)
[  1  2  0  0  1  1  0  0  0 ] (0.00000009)
[  1  2  0  0  2  0  0  0  0 ] (0.00000051)
[  1  2  0  1  0  0  0  0  0 ] (0.00000003)
[  1  2  0  1  0  0  0  0  1 ] (0.00000010)
[  1  2  0  1  0  0  0  1  0 ] (0.00000372)
[  1  2  0  1  0  0  1  0  0 ] (0.00000100)
[  1  2  0  1  0  1  0  0  0 ] (0.00000009)
[  1  2  0  1  1  0  0  0  0 ] (0.00000156)
[  1  2  0  2  0  0  0  0  0 ] (0.00000019)
[  1  2  1  0  0  0  0  0  0 ] (0.00000008)
[  1  2  1  0  0  0  0  0  1 ] (0.00000002)
[  1  2  1  0  0  0  0  1  0 ] (0.00000307)
[  1  2  1  0  0  0  1  0  0 ] (0.00000007)
[  1  2  1  0  0  1  0  0  0 ] (0.00000184)
[  1  2  1  0  1  0  0  0  0 ] (0.00000022)
[  1  2  1  1  0  0  0  0  0 ] (0.00000233)
[  1  2  2  0  0  0  0  0  0 ] (0.00000000)
[  1  3  0  0  0  0  0  0  0 ] (0.00000002)
[  1  3  0  0  0  0  0  0  1 ] (0.00000024)
[  1  3  0  0  0  0  0  1  0 ] (0.00000016)
[  1  3  0  0  0  0  1  0  0 ] (0.00000003)
[  1  3  0  0  0  1  0  0  0 ] (0.00000022)
[  1  3  0  0  1  0  0  0  0 ] (0.00000004)
[  1  3  0  1  0  0  0  0  0 ] (0.00000001)
[  1  3  1  0  0  0  0  0  0 ] (0.00000015)
[  1  4  0  0  0  0  0  0  0 ] (0.00000016)
[  2  0  0  0  0  0  0  0  0 ] (0.00000047)
[  2  0  0  0  0  0  0  0  1 ] (0.00000004)
[  2  0  0  0  0  0  0  0  2 ] (0.00000133)
[  2  0  0  0  0  0  0  0  3 ] (0.00002746)
[  2  0  0  0  0  0  0  1  0 ] (0.00001794)
[  2  0  0  0  0  0  0  1  1 ] (0.00010435)
[  2  0  0  0  0  0  0  1  2 ] (0.00036136)
[  2  0  0  0  0  0  0  2  0 ] (0.00005492)
[  2  0  0  0  0  0  0  2  1 ] (0.00020179)
[  2  0  0  0  0  0  0  3  0 ] (0.00000002)
[  2  0  0  0  0  0  1  0  0 ] (0.00000069)
[  2  0  0  0  0  0  1  0  1 ] (0.00001571)
[  2  0  0  0  0  0  1  0  2 ] (0.00000098)
[  2  0  0  0  0  0  1  1  0 ] (0.00001520)
[  2  0  0  0  0  0  1  1  1 ] (0.00026499)
[  2  0  0  0  0  0  1  2  0 ] (0.00017239)
[  2  0  0  0  0  0  2  0  0 ] (0.00000815)
[  2  0  0  0  0  0  2  0  1 ] (0.00001404)
[  2  0  0  0  0  0  2  1  0 ] (0.00000778)
[  2  0  0  0  0  0  3  0  0 ] (0.00000765)
[  2  0  0  0  0  1  0  0  0 ] (0.00000000)
[  2  0  0  0  0  1  0  0  1 ] (0.00000006)
[  2  0  0  0  0  1  0  0  2 ] (0.00000006)
[  2  0  0  0  0  1  0  1  0 ] (0.00000539)
[  2  0  0  0  0  1  0  1  1 ] (0.00000786)
[  2  0  0  0  0  1  0  2  0 ] (0.00000416)
[  2  0  0  0  0  1  1  0  0 ] (0.00000153)
[  2  0  0  0  0  1  1  0  1 ] (0.00006212)
[  2  0  0  0  0  1  1  1  0 ] (0.00001150)
[  2  0  0  0  0  1  2  0  0 ] (0.00000372)
[  2  0  0  0  0  2  0  0  0 ] (0.00000061)
[  2  0  0  0  0  2  0  0  1 ] (0.00000009)
[  2  0  0  0  0  2  0  1  0 ] (0.00000001)
[  2  0  0  0  0  2  1  0  0 ] (0.00000145)
[  2  0  0  0  0  3  0  0  0 ] (0.00000010)
[  2  0  0  0  1  0  0  0  0 ] (0.00000000)
[  2  0  0  0  1  0  0  0  1 ] (0.00000005)
[  2  0  0  0  1  0  0  0  2 ] (0.00000239)
[  2  0  0  0  1  0  0  1  0 ] (0.00000053)
[  2  0  0  0  1  0  0  1  1 ] (0.00002725)
[  2  0  0  0  1  0  0  2  0 ] (0.00000003)
[  2  0  0  0  1  0  1  0  0 ] (0.00000062)
[  2  0  0  0  1  0  1  0  1 ] (0.00000875)
[  2  0  0  0  1  0  1  1  0 ] (0.00003245)
[  2  0  0  0  1  0  2  0  0 ] (0.00000172)
[  2  0  0  0  1  1  0  0  0 ] (0.00000337)
[  2  0  0  0  1  1  0  0  1 ] (0.00000454)
[  2  0  0  0  1  1  0  1  0 ] (0.00000209)
[  2  0  0  0  1  1  1  0  0 ] (0.00000017)
[  2  0  0  0  1  2  0  0  0 ] (0.00000001)
[  2  0  0  0  2  0  0  0  0 ] (0.00000074)
[  2  0  0  0  2  0  0  0  1 ] (0.00000098)
[  2  0  0  0  2  0  0  1  0 ] (0.00000214)
[  2  0  0  0  2  0  1  0  0 ] (0.00000074)
[  2  0  0  0  2  1  0  0  0 ] (0.00000017)
[  2  0  0  0  3  0  0  0  0 ] (0.00000129)
[  2  0  0  1  0  0  0  0  0 ] (0.00000073)
[  2  0  0  1  0  0  0  0  1 ] (0.00000004)
[  2  0  0  1  0  0  0  0  2 ] (0.00000115)
[  2  0  0  1  0  0  0  1  0 ] (0.00000550)
[  2  0  0  1  0  0  0  1  1 ] (0.00001078)
[  2  0  0  1  0  0  0  2  0 ] (0.00000235)
[  2  0  0  1  0  0  1  0  0 ] (0.00000842)
[  2  0  0  1  0  0  1  0  1 ] (0.00001351)
[  2  0  0  1  0  0  1  1  0 ] (0.00001271)
[  2  0  0  1  0  0  2  0  0 ] (0.00000170)
[  2  0  0  1  0  1  0  0  0 ] (0.00000007)
[  2  0  0  1  0  1  0  0  1 ] (0.00000002)
[  2  0  0  1  0  1  0  1  0 ] (0.00000135)
[  2  0  0  1  0  1  1  0  0 ] (0.00000095)
[  2  0  0  1  0  2  0  0  0 ] (0.00000000)
[  2  0  0  1  1  0  0  0  0 ] (0.00001046)
[  2  0  0  1  1  0  0  0  1 ] (0.00001088)
[  2  0  0  1  1  0  0  1  0 ] (0.00000377)
[  2  0  0  1  1  0  1  0  0 ] (0.00000688)
[  2  0  0  1  1  1  0  0  0 ] (0.00000294)
[  2  0  0  1  2  0  0  0  0 ] (0.00000016)
[  2  0  0  2  0  0  0  0  0 ] (0.00000020)
[  2  0  0  2  0  0  0  0  1 ] (0.00000954)
[  2  0  0  2  0  0  0  1  0 ] (0.00000133)
[  2  0  0  2  0  0  1  0  0 ] (0.00000195)
[  2  0  0  2  0  1  0  0  0 ] (0.00000070)
[  2  0  0  2  1  0  0  0  0 ] (0.00000020)
[  2  0  0  3  0  0  0  0  0 ] (0.00000000)
[  2  0  1  0  0  0  0  0  0 ] (0.00000034)
[  2  0  1  0  0  0  0  0  1 ] (0.00000148)
[  2  0  1  0  0  0  0  0  2 ] (0.00000003)
[  2  0  1  0  0  0  0  1  0 ] (0.00001766)
[  2  0  1  0  0  0  0  1  1 ] (0.00013797)
[  2  0  1  0  0  0  0  2  0 ] (0.00000003)
[  2  0  1  0  0  0  1  0  0 ] (0.00000631)
[  2  0  1  0  0  0  1  0  1 ] (0.00002817)
[  2  0  1  0  0  0  1  1  0 ] (0.00008091)
[  2  0  1  0  0  0  2  0  0 ] (0.00000443)
[  2  0  1  0  0  1  0  0  0 ] (0.00000000)
[  2  0  1  0  0  1  0  0  1 ] (0.00000042)
[  2  0  1  0  0  1  0  1  0 ] (0.00000097)
[  2  0  1  0  0  1  1  0  0 ] (0.00000003)
[  2  0  1  0  0  2  0  0  0 ] (0.00000001)
[  2  0  1  0  1  0  0  0  0 ] (0.00000046)
[  2  0  1  0  1  0  0  0  1 ] (0.00000012)
[  2  0  1  0  1  0  0  1  0 ] (0.00000365)
[  2  0  1  0  1  0  1  0  0 ] (0.00000648)
[  2  0  1  0  1  1  0  0  0 ] (0.00000036)
[  2  0  1  0  2  0  0  0  0 ] (0.00000038)
[  2  0  1  1  0  0  0  0  0 ] (0.00000036)
[  2  0  1  1  0  0  0  0  1 ] (0.00000107)
[  2  0  1  1  0  0  0  1  0 ] (0.00000007)
[  2  0  1  1  0  0  1  0  0 ] (0.00000006)
[  2  0  1  1  0  1  0  0  0 ] (0.00000070)
[  2  0  1  1  1  0  0  0  0 ] (0.00000011)
[  2  0  1  2  0  0  0  0  0 ] (0.00000011)
[  2  0  2  0  0  0  0  0  0 ] (0.00000027)
[  2  0  2  0  0  0  0  0  1 ] (0.00000010)
[  2  0  2  0  0  0  0  1  0 ] (0.00000039)
[  2  0  2  0  0  0  1  0  0 ] (0.00000166)
[  2  0  2  0  0  1  0  0  0 ] (0.00000000)
[  2  0  2  0  1  0  0  0  0 ] (0.00000162)
[  2  0  2  1  0  0  0  0  0 ] (0.00000001)
[  2  0  3  0  0  0  0  0  0 ] (0.00000018)
[  2  1  0  0  0  0  0  0  0 ] (0.00000014)
[  2  1  0  0  0  0  0  0  1 ] (0.00000346)
[  2  1  0  0  0  0  0  0  2 ] (0.00000416)
[  2  1  0  0  0  0  0  1  0 ] (0.00001743)
[  2  1  0  0  0  0  0  1  1 ] (0.00011531)
[  2  1  0  0  0  0  0  2  0 ] (0.00000127)
[  2  1  0  0  0  0  1  0  0 ] (0.00000120)
[  2  1  0  0  0  0  1  0  1 ] (0.00000454)
[  2  1  0  0  0  0  1  1  0 ] (0.00000142)
[  2  1  0  0  0  0  2  0  0 ] (0.00000063)
[  2  1  0  0  0  1  0  0  0 ] (0.00000000)
[  2  1  0  0  0  1  0  0  1 ] (0.00000002)
[  2  1  0  0  0  1  0  1  0 ] (0.00000002)
[  2  1  0  0  0  1  1  0  0 ] (0.00000036)
[  2  1  0  0  0  2  0  0  0 ] (0.00000106)
[  2  1  0  0  1  0  0  0  0 ] (0.00000181)
[  2  1  0  0  1  0  0  0  1 ] (0.00000065)
[  2  1  0  0  1  0  0  1  0 ] (0.00000491)
[  2  1  0  0  1  0  1  0  0 ] (0.00000305)
[  2  1  0  0  1  1  0  0  0 ] (0.00000000)
[  2  1  0  0  2  0  0  0  0 ] (0.00000003)
[  2  1  0  1  0  0  0  0  0 ] (0.00000037)
[  2  1  0  1  0  0  0  0  1 ] (0.00000047)
[  2  1  0  1  0  0  0  1  0 ] (0.00000147)
[  2  1  0  1  0  0  1  0  0 ] (0.00000001)
[  2  1  0  1  0  1  0  0  0 ] (0.00000002)
[  2  1  0  1  1  0  0  0  0 ] (0.00000078)
[  2  1  0  2  0  0  0  0  0 ] (0.00000034)
[  2  1  1  0  0  0  0  0  0 ] (0.00000081)
[  2  1  1  0  0  0  0  0  1 ] (0.00001656)
[  2  1  1  0  0  0  0  1  0 ] (0.00000038)
[  2  1  1  0  0  0  1  0  0 ] (0.00000000)
[  2  1  1  0  0  1  0  0  0 ] (0.00000443)
[  2  1  1  0  1  0  0  0  0 ] (0.00000035)
[  2  1  1  1  0  0  0  0  0 ] (0.00000149)
[  2  1  2  0  0  0  0  0  0 ] (0.00000015)
[  2  2  0  0  0  0  0  0  0 ] (0.00000007)
[  2  2  0  0  0  0  0  0  1 ] (0.00000003)
[  2  2  0  0  0  0  0  1  0 ] (0.00000228)
[  2  2  0  0  0  0  1  0  0 ] (0.00000010)
[  2  2  0  0  0  1  0  0  0 ] (0.00000012)
[  2  2  0  0  1  0  0  0  0 ] (0.00000003)
[  2  2  0  1  0  0  0  0  0 ] (0.00000035)
[  2  2  1  0  0  0  0  0  0 ] (0.00000000)
[  2  3  0  0  0  0  0  0  0 ] (0.00000005)
[  3  0  0  0  0  0  0  0  0 ] (0.00000004)
[  3  0  0  0  0  0  0  0  1 ] (0.00000069)
[  3  0  0  0  0  0  0  0  2 ] (0.00000287)
[  3  0  0  0  0  0  0  1  0 ] (0.00000001)
[  3  0  0  0  0  0  0  1  1 ] (0.00000111)
[  3  0  0  0  0  0  0  2  0 ] (0.00000266)
[  3  0  0  0  0  0  1  0  0 ] (0.00000000)
[  3  0  0  0  0  0  1  0  1 ] (0.00000025)
[  3  0  0  0  0  0  1  1  0 ] (0.00000512)
[  3  0  0  0  0  0  2  0  0 ] (0.00000022)
[  3  0  0  0  0  1  0  0  0 ] (0.00000003)
[  3  0  0  0  0  1  0  0  1 ] (0.00000008)
[  3  0  0  0  0  1  0  1  0 ] (0.00000053)
[  3  0  0  0  0  1  1  0  0 ] (0.00000001)
[  3  0  0  0  0  2  0  0  0 ] (0.00000010)
[  3  0  0  0  1  0  0  0  0 ] (0.00000012)
[  3  0  0  0  1  0  0  0  1 ] (0.00000036)
[  3  0  0  0  1  0  0  1  0 ] (0.00000111)
[  3  0  0  0  1  0  1  0  0 ] (0.00000157)
[  3  0  0  0  1  1  0  0  0 ] (0.00000060)
[  3  0  0  0  2  0  0  0  0 ] (0.00000007)
[  3  0  0  1  0  0  0  0  0 ] (0.00000005)
[  3  0  0  1  0  0  0  0  1 ] (0.00000017)
[  3  0  0  1  0  0  0  1  0 ] (0.00000009)
[  3  0  0  1  0  0  1  0  0 ] (0.00000037)
[  3  0  0  1  0  1  0  0  0 ] (0.00000001)
[  3  0  0  1  1  0  0  0  0 ] (0.00000071)
[  3  0  0  2  0  0  0  0  0 ] (0.00000000)
[  3  0  1  0  0  0  0  0  0 ] (0.00000020)
[  3  0  1  0  0  0  0  0  1 ] (0.00000110)
[  3  0  1  0  0  0  0  1  0 ] (0.00000020)
[  3  0  1  0  0  0  1  0  0 ] (0.00000033)
[  3  0  1  0  0  1  0  0  0 ] (0.00000000)
[  3  0  1  0  1  0  0  0  0 ] (0.00000004)
[  3  0  1  1  0  0  0  0  0 ] (0.00000000)
[  3  0  2  0  0  0  0  0  0 ] (0.00000003)
[  3  1  0  0  0  0  0  0  0 ] (0.00000009)
[  3  1  0  0  0  0  0  0  1 ] (0.00000082)
[  3  1  0  0  0  0  0  1  0 ] (0.00000086)
[  3  1  0  0  0  0  1  0  0 ] (0.00000002)
[  3  1  0  0  0  1  0  0  0 ] (0.00000001)
[  3  1  0  0  1  0  0  0  0 ] (0.00000030)
[  3  1  0  1  0  0  0  0  0 ] (0.00000002)
[  3  1  1  0  0  0  0  0  0 ] (0.00000001)
[  3  2  0  0  0  0  0  0  0 ] (0.00000001)
[  4  0  0  0  0  0  0  0  0 ] (0.00000004)
[  4  0  0  0  0  0  0  0  1 ] (0.00000015)
[  4  0  0  0  0  0  0  1  0 ] (0.00000079)
[  4  0  0  0  0  0  1  0  0 ] (0.00000006)
[  4  0  0  0  0  1  0  0  0 ] (0.00000002)
[  4  0  0  0  1  0  0  0  0 ] (0.00000010)
[  4  0  0  1  0  0  0  0  0 ] (0.00000011)
[  4  0  1  0  0  0  0  0  0 ] (0.00000058)
[  4  1  0  0  0  0  0  0  0 ] (0.00000008)
[  5  0  0  0  0  0  0  0  0 ] (0.00000000)
