|  -942.566781063377 |   174.735258443540 

[  0  0  0  0  0  0  0  0  0 ] (0.00005542)
[  0  0  0  0  0  0  0  0  1 ] (0.00002530)
[  0  0  0  0  0  0  0  0  2 ] (0.00131445)
[  0  0  0  0  0  0  0  0  3 ] (0.00009296)
[  0  0  0  0  0  0  0  1  0 ] (0.00002378)
[  0  0  0  0  0  0  0  1  1 ] (0.00006864)
[  0  0  0  0  0  0  0  1  2 ] (0.00005794)
[  0  0  0  0  0  0  0  2  0 ] (0.00000930)
[  0  0  0  0  0  0  0  2  1 ] (0.02487932)
[  0  0  0  0  0  0  0  3  0 ] (0.00110839)
[  0  0  0  0  0  0  1  0  0 ] (0.00001515)
[  0  0  0  0  0  0  1  0  1 ] (0.00113504)
[  0  0  0  0  0  0  1  0  2 ] (0.00053690)
[  0  0  0  0  0  0  1  1  0 ] (0.00025844)
[  0  0  0  0  0  0  1  1  1 ] (0.00001571)
[  0  0  0  0  0  0  1  2  0 ] (0.00300754)
[  0  0  0  0  0  0  2  0  0 ] (0.00276940)
[  0  0  0  0  0  0  2  0  1 ] (0.00006891)
[  0  0  0  0  0  0  2  1  0 ] (0.01750449)
[  0  0  0  0  0  0  3  0  0 ] (0.00566583)
[  0  0  0  0  0  1  0  0  0 ] (0.00017639)
[  0  0  0  0  0  1  0  0  1 ] (0.00255961)
[  0  0  0  0  0  1  0  0  2 ] (0.00375092)
[  0  0  0  0  0  1  0  1  0 ] (0.00000591)
[  0  0  0  0  0  1  0  1  1 ] (0.00066470)
[  0  0  0  0  0  1  0  2  0 ] (0.00000194)
[  0  0  0  0  0  1  1  0  0 ] (0.00259228)
[  0  0  0  0  0  1  1  0  1 ] (0.01510872)
[  0  0  0  0  0  1  1  1  0 ] (0.09157037)
[  0  0  0  0  0  1  2  0  0 ] (0.06255638)
[  0  0  0  0  0  2  0  0  0 ] (0.00012009)
[  0  0  0  0  0  2  0  0  1 ] (0.00005589)
[  0  0  0  0  0  2  0  1  0 ] (0.00076355)
[  0  0  0  0  0  2  1  0  0 ] (0.00312857)
[  0  0  0  0  0  3  0  0  0 ] (0.00001204)
[  0  0  0  0  1  0  0  0  0 ] (0.00014894)
[  0  0  0  0  1  0  0  0  1 ] (0.00000006)
[  0  0  0  0  1  0  0  0  2 ] (0.00000000)
[  0  0  0  0  1  0  0  1  0 ] (0.00131561)
[  0  0  0  0  1  0  0  1  1 ] (0.00008407)
[  0  0  0  0  1  0  0  2  0 ] (0.00159251)
[  0  0  0  0  1  0  1  0  0 ] (0.00090168)
[  0  0  0  0  1  0  1  0  1 ] (0.00104511)
[  0  0  0  0  1  0  1  1  0 ] (0.03864709)
[  0  0  0  0  1  0  2  0  0 ] (0.00243014)
[  0  0  0  0  1  1  0  0  0 ] (0.00054825)
[  0  0  0  0  1  1  0  0  1 ] (0.00080904)
[  0  0  0  0  1  1  0  1  0 ] (0.00002059)
[  0  0  0  0  1  1  1  0  0 ] (0.09168353)
[  0  0  0  0  1  2  0  0  0 ] (0.00145214)
[  0  0  0  0  2  0  0  0  0 ] (0.00014291)
[  0  0  0  0  2  0  0  0  1 ] (0.00037769)
[  0  0  0  0  2  0  0  1  0 ] (0.00095492)
[  0  0  0  0  2  0  1  0  0 ] (0.00016270)
[  0  0  0  0  2  1  0  0  0 ] (0.00041178)
[  0  0  0  0  3  0  0  0  0 ] (0.00062443)
[  0  0  0  1  0  0  0  0  0 ] (0.00065247)
[  0  0  0  1  0  0  0  0  1 ] (0.00008311)
[  0  0  0  1  0  0  0  0  2 ] (0.00084826)
[  0  0  0  1  0  0  0  1  0 ] (0.00346776)
[  0  0  0  1  0  0  0  1  1 ] (0.00390609)
[  0  0  0  1  0  0  0  2  0 ] (0.01419875)
[  0  0  0  1  0  0  1  0  0 ] (0.00015863)
[  0  0  0  1  0  0  1  0  1 ] (0.00357437)
[  0  0  0  1  0  0  1  1  0 ] (0.06678133)
[  0  0  0  1  0  0  2  0  0 ] (0.01575538)
[  0  0  0  1  0  1  0  0  0 ] (0.00599205)
[  0  0  0  1  0  1  0  0  1 ] (0.00390483)
[  0  0  0  1  0  1  0  1  0 ] (0.18541699)
[  0  0  0  1  0  1  1  0  0 ] (0.13084938)
[  0  0  0  1  0  2  0  0  0 ] (0.00088830)
[  0  0  0  1  1  0  0  0  0 ] (0.00019891)
[  0  0  0  1  1  0  0  0  1 ] (0.00000914)
[  0  0  0  1  1  0  0  1  0 ] (0.02130681)
[  0  0  0  1  1  0  1  0  0 ] (0.01947535)
[  0  0  0  1  1  1  0  0  0 ] (0.00852773)
[  0  0  0  1  2  0  0  0  0 ] (0.00052034)
[  0  0  0  2  0  0  0  0  0 ] (0.00602761)
[  0  0  0  2  0  0  0  0  1 ] (0.00084839)
[  0  0  0  2  0  0  0  1  0 ] (0.07802963)
[  0  0  0  2  0  0  1  0  0 ] (0.00215358)
[  0  0  0  2  0  1  0  0  0 ] (0.02989257)
[  0  0  0  2  1  0  0  0  0 ] (0.00159731)
[  0  0  0  3  0  0  0  0  0 ] (0.00037802)
[  0  0  1  0  0  0  0  0  0 ] (0.00000000)
[  0  0  1  0  0  0  0  0  1 ] (0.00000001)
[  0  0  1  0  0  0  0  0  2 ] (0.00000042)
[  0  0  1  0  0  0  0  1  0 ] (0.00000028)
[  0  0  1  0  0  0  0  1  1 ] (0.00001276)
[  0  0  1  0  0  0  0  2  0 ] (0.00000000)
[  0  0  1  0  0  0  1  0  0 ] (0.00000000)
[  0  0  1  0  0  0  1  0  1 ] (0.00000015)
[  0  0  1  0  0  0  1  1  0 ] (0.00000007)
[  0  0  1  0  0  0  2  0  0 ] (0.00000002)
[  0  0  1  0  0  1  0  0  0 ] (0.00000032)
[  0  0  1  0  0  1  0  0  1 ] (0.00000442)
[  0  0  1  0  0  1  0  1  0 ] (0.00000035)
[  0  0  1  0  0  1  1  0  0 ] (0.00000000)
[  0  0  1  0  0  2  0  0  0 ] (0.00000002)
[  0  0  1  0  1  0  0  0  0 ] (0.00000001)
[  0  0  1  0  1  0  0  0  1 ] (0.00000003)
[  0  0  1  0  1  0  0  1  0 ] (0.00000001)
[  0  0  1  0  1  0  1  0  0 ] (0.00000006)
[  0  0  1  0  1  1  0  0  0 ] (0.00000002)
[  0  0  1  0  2  0  0  0  0 ] (0.00000000)
[  0  0  1  1  0  0  0  0  0 ] (0.00000001)
[  0  0  1  1  0  0  0  0  1 ] (0.00000000)
[  0  0  1  1  0  0  0  1  0 ] (0.00000064)
[  0  0  1  1  0  0  1  0  0 ] (0.00000024)
[  0  0  1  1  0  1  0  0  0 ] (0.00000000)
[  0  0  1  1  1  0  0  0  0 ] (0.00000001)
[  0  0  1  2  0  0  0  0  0 ] (0.00000004)
[  0  0  2  0  0  0  0  0  0 ] (0.00021764)
[  0  0  2  0  0  0  0  0  1 ] (0.00157909)
[  0  0  2  0  0  0  0  1  0 ] (0.00046891)
[  0  0  2  0  0  0  1  0  0 ] (0.00003371)
[  0  0  2  0  0  1  0  0  0 ] (0.00039201)
[  0  0  2  0  1  0  0  0  0 ] (0.00003676)
[  0  0  2  1  0  0  0  0  0 ] (0.00001193)
[  0  0  3  0  0  0  0  0  0 ] (0.00000127)
[  0  1  0  0  0  0  0  0  0 ] (0.00000002)
[  0  1  0  0  0  0  0  0  1 ] (0.00000014)
[  0  1  0  0  0  0  0  0  2 ] (0.00000138)
[  0  1  0  0  0  0  0  1  0 ] (0.00000032)
[  0  1  0  0  0  0  0  1  1 ] (0.00000344)
[  0  1  0  0  0  0  0  2  0 ] (0.00000000)
[  0  1  0  0  0  0  1  0  0 ] (0.00000015)
[  0  1  0  0  0  0  1  0  1 ] (0.00000205)
[  0  1  0  0  0  0  1  1  0 ] (0.00000009)
[  0  1  0  0  0  0  2  0  0 ] (0.00000002)
[  0  1  0  0  0  1  0  0  0 ] (0.00000004)
[  0  1  0  0  0  1  0  0  1 ] (0.00000048)
[  0  1  0  0  0  1  0  1  0 ] (0.00000003)
[  0  1  0  0  0  1  1  0  0 ] (0.00000004)
[  0  1  0  0  0  2  0  0  0 ] (0.00000001)
[  0  1  0  0  1  0  0  0  0 ] (0.00000007)
[  0  1  0  0  1  0  0  0  1 ] (0.00000104)
[  0  1  0  0  1  0  0  1  0 ] (0.00000001)
[  0  1  0  0  1  0  1  0  0 ] (0.00000000)
[  0  1  0  0  1  1  0  0  0 ] (0.00000001)
[  0  1  0  0  2  0  0  0  0 ] (0.00000001)
[  0  1  0  1  0  0  0  0  0 ] (0.00000001)
[  0  1  0  1  0  0  0  0  1 ] (0.00000086)
[  0  1  0  1  0  0  0  1  0 ] (0.00000008)
[  0  1  0  1  0  0  1  0  0 ] (0.00000002)
[  0  1  0  1  0  1  0  0  0 ] (0.00000003)
[  0  1  0  1  1  0  0  0  0 ] (0.00000000)
[  0  1  0  2  0  0  0  0  0 ] (0.00000001)
[  0  1  1  0  0  0  0  0  0 ] (0.00008900)
[  0  1  1  0  0  0  0  0  1 ] (0.00011336)
[  0  1  1  0  0  0  0  1  0 ] (0.00106117)
[  0  1  1  0  0  0  1  0  0 ] (0.00012967)
[  0  1  1  0  0  1  0  0  0 ] (0.00116056)
[  0  1  1  0  1  0  0  0  0 ] (0.00000756)
[  0  1  1  1  0  0  0  0  0 ] (0.00000394)
[  0  1  2  0  0  0  0  0  0 ] (0.00000009)
[  0  2  0  0  0  0  0  0  0 ] (0.00012863)
[  0  2  0  0  0  0  0  0  1 ] (0.00053195)
[  0  2  0  0  0  0  0  1  0 ] (0.00051403)
[  0  2  0  0  0  0  1  0  0 ] (0.00001485)
[  0  2  0  0  0  1  0  0  0 ] (0.00044273)
[  0  2  0  0  1  0  0  0  0 ] (0.00001538)
[  0  2  0  1  0  0  0  0  0 ] (0.00001171)
[  0  2  1  0  0  0  0  0  0 ] (0.00000001)
[  0  3  0  0  0  0  0  0  0 ] (0.00000072)
[  1  0  0  0  0  0  0  0  0 ] (0.00000001)
[  1  0  0  0  0  0  0  0  1 ] (0.00000005)
[  1  0  0  0  0  0  0  0  2 ] (0.00000030)
[  1  0  0  0  0  0  0  1  0 ] (0.00000001)
[  1  0  0  0  0  0  0  1  1 ] (0.00000030)
[  1  0  0  0  0  0  0  2  0 ] (0.00000001)
[  1  0  0  0  0  0  1  0  0 ] (0.00000006)
[  1  0  0  0  0  0  1  0  1 ] (0.00000065)
[  1  0  0  0  0  0  1  1  0 ] (0.00000000)
[  1  0  0  0  0  0  2  0  0 ] (0.00000001)
[  1  0  0  0  0  1  0  0  0 ] (0.00000036)
[  1  0  0  0  0  1  0  0  1 ] (0.00000499)
[  1  0  0  0  0  1  0  1  0 ] (0.00000000)
[  1  0  0  0  0  1  1  0  0 ] (0.00000000)
[  1  0  0  0  0  2  0  0  0 ] (0.00000001)
[  1  0  0  0  1  0  0  0  0 ] (0.00000009)
[  1  0  0  0  1  0  0  0  1 ] (0.00000147)
[  1  0  0  0  1  0  0  1  0 ] (0.00000002)
[  1  0  0  0  1  0  1  0  0 ] (0.00000000)
[  1  0  0  0  1  1  0  0  0 ] (0.00000005)
[  1  0  0  0  2  0  0  0  0 ] (0.00000005)
[  1  0  0  1  0  0  0  0  0 ] (0.00000000)
[  1  0  0  1  0  0  0  0  1 ] (0.00000000)
[  1  0  0  1  0  0  0  1  0 ] (0.00000002)
[  1  0  0  1  0  0  1  0  0 ] (0.00000001)
[  1  0  0  1  0  1  0  0  0 ] (0.00000003)
[  1  0  0  1  1  0  0  0  0 ] (0.00000000)
[  1  0  0  2  0  0  0  0  0 ] (0.00000002)
[  1  0  1  0  0  0  0  0  0 ] (0.00007938)
[  1  0  1  0  0  0  0  0  1 ] (0.00072415)
[  1  0  1  0  0  0  0  1  0 ] (0.00000870)
[  1  0  1  0  0  0  1  0  0 ] (0.00014508)
[  1  0  1  0  0  1  0  0  0 ] (0.00000000)
[  1  0  1  0  1  0  0  0  0 ] (0.00004828)
[  1  0  1  1  0  0  0  0  0 ] (0.00009725)
[  1  0  2  0  0  0  0  0  0 ] (0.00000002)
[  1  1  0  0  0  0  0  0  0 ] (0.00006616)
[  1  1  0  0  0  0  0  0  1 ] (0.00037370)
[  1  1  0  0  0  0  0  1  0 ] (0.00005330)
[  1  1  0  0  0  0  1  0  0 ] (0.00006689)
[  1  1  0  0  0  1  0  0  0 ] (0.00000059)
[  1  1  0  0  1  0  0  0  0 ] (0.00000132)
[  1  1  0  1  0  0  0  0  0 ] (0.00002180)
[  1  1  1  0  0  0  0  0  0 ] (0.00000003)
[  1  2  0  0  0  0  0  0  0 ] (0.00000000)
[  2  0  0  0  0  0  0  0  0 ] (0.00005882)
[  2  0  0  0  0  0  0  0  1 ] (0.00058249)
[  2  0  0  0  0  0  0  1  0 ] (0.00002076)
[  2  0  0  0  0  0  1  0  0 ] (0.00000584)
[  2  0  0  0  0  1  0  0  0 ] (0.00001130)
[  2  0  0  0  1  0  0  0  0 ] (0.00006385)
[  2  0  0  1  0  0  0  0  0 ] (0.00008812)
[  2  0  1  0  0  0  0  0  0 ] (0.00000003)
[  2  1  0  0  0  0  0  0  0 ] (0.00000003)
[  3  0  0  0  0  0  0  0  0 ] (0.00000013)
