|  -973.231527592033 |   187.402051535282 

[  0  0  0  0  0  0  0  0  0 ] (0.00000212)
[  0  0  0  0  0  0  0  0  1 ] (0.00000951)
[  0  0  0  0  0  0  0  0  2 ] (0.00000018)
[  0  0  0  0  0  0  0  0  3 ] (0.00000411)
[  0  0  0  0  0  0  0  0  4 ] (0.00000001)
[  0  0  0  0  0  0  0  1  0 ] (0.00016597)
[  0  0  0  0  0  0  0  1  1 ] (0.00227534)
[  0  0  0  0  0  0  0  1  2 ] (0.00006605)
[  0  0  0  0  0  0  0  1  3 ] (0.00001551)
[  0  0  0  0  0  0  0  2  0 ] (0.00000110)
[  0  0  0  0  0  0  0  2  1 ] (0.00000000)
[  0  0  0  0  0  0  0  2  2 ] (0.00000004)
[  0  0  0  0  0  0  0  3  0 ] (0.00000019)
[  0  0  0  0  0  0  0  3  1 ] (0.00000001)
[  0  0  0  0  0  0  0  4  0 ] (0.00001481)
[  0  0  0  0  0  0  1  0  0 ] (0.00001742)
[  0  0  0  0  0  0  1  0  1 ] (0.00004133)
[  0  0  0  0  0  0  1  0  2 ] (0.00000047)
[  0  0  0  0  0  0  1  0  3 ] (0.00000021)
[  0  0  0  0  0  0  1  1  0 ] (0.00000116)
[  0  0  0  0  0  0  1  1  1 ] (0.00002283)
[  0  0  0  0  0  0  1  1  2 ] (0.00000034)
[  0  0  0  0  0  0  1  2  0 ] (0.00000406)
[  0  0  0  0  0  0  1  2  1 ] (0.00000059)
[  0  0  0  0  0  0  1  3  0 ] (0.00000207)
[  0  0  0  0  0  0  2  0  0 ] (0.00000033)
[  0  0  0  0  0  0  2  0  1 ] (0.00003479)
[  0  0  0  0  0  0  2  0  2 ] (0.00000560)
[  0  0  0  0  0  0  2  1  0 ] (0.00018345)
[  0  0  0  0  0  0  2  1  1 ] (0.00002223)
[  0  0  0  0  0  0  2  2  0 ] (0.00000007)
[  0  0  0  0  0  0  3  0  0 ] (0.00032056)
[  0  0  0  0  0  0  3  0  1 ] (0.00003932)
[  0  0  0  0  0  0  3  1  0 ] (0.00000808)
[  0  0  0  0  0  0  4  0  0 ] (0.00004947)
[  0  0  0  0  0  1  0  0  0 ] (0.00001330)
[  0  0  0  0  0  1  0  0  1 ] (0.00000195)
[  0  0  0  0  0  1  0  0  2 ] (0.00015655)
[  0  0  0  0  0  1  0  0  3 ] (0.00000250)
[  0  0  0  0  0  1  0  1  0 ] (0.00020513)
[  0  0  0  0  0  1  0  1  1 ] (0.00017628)
[  0  0  0  0  0  1  0  1  2 ] (0.00000003)
[  0  0  0  0  0  1  0  2  0 ] (0.00001292)
[  0  0  0  0  0  1  0  2  1 ] (0.00000236)
[  0  0  0  0  0  1  0  3  0 ] (0.00000002)
[  0  0  0  0  0  1  1  0  0 ] (0.00000125)
[  0  0  0  0  0  1  1  0  1 ] (0.00003757)
[  0  0  0  0  0  1  1  0  2 ] (0.00000345)
[  0  0  0  0  0  1  1  1  0 ] (0.00000446)
[  0  0  0  0  0  1  1  1  1 ] (0.00002324)
[  0  0  0  0  0  1  1  2  0 ] (0.00000987)
[  0  0  0  0  0  1  2  0  0 ] (0.00005793)
[  0  0  0  0  0  1  2  0  1 ] (0.00001778)
[  0  0  0  0  0  1  2  1  0 ] (0.00000000)
[  0  0  0  0  0  1  3  0  0 ] (0.00001564)
[  0  0  0  0  0  2  0  0  0 ] (0.00000031)
[  0  0  0  0  0  2  0  0  1 ] (0.00020789)
[  0  0  0  0  0  2  0  0  2 ] (0.00003965)
[  0  0  0  0  0  2  0  1  0 ] (0.00076616)
[  0  0  0  0  0  2  0  1  1 ] (0.00001195)
[  0  0  0  0  0  2  0  2  0 ] (0.00000005)
[  0  0  0  0  0  2  1  0  0 ] (0.00000665)
[  0  0  0  0  0  2  1  0  1 ] (0.00000622)
[  0  0  0  0  0  2  1  1  0 ] (0.00000822)
[  0  0  0  0  0  2  2  0  0 ] (0.00001296)
[  0  0  0  0  0  3  0  0  0 ] (0.00001928)
[  0  0  0  0  0  3  0  0  1 ] (0.00001304)
[  0  0  0  0  0  3  0  1  0 ] (0.00023157)
[  0  0  0  0  0  3  1  0  0 ] (0.00016883)
[  0  0  0  0  0  4  0  0  0 ] (0.00056054)
[  0  0  0  0  1  0  0  0  0 ] (0.00000467)
[  0  0  0  0  1  0  0  0  1 ] (0.00002969)
[  0  0  0  0  1  0  0  0  2 ] (0.00039944)
[  0  0  0  0  1  0  0  0  3 ] (0.00000018)
[  0  0  0  0  1  0  0  1  0 ] (0.00000401)
[  0  0  0  0  1  0  0  1  1 ] (0.00001117)
[  0  0  0  0  1  0  0  1  2 ] (0.00000815)
[  0  0  0  0  1  0  0  2  0 ] (0.00000301)
[  0  0  0  0  1  0  0  2  1 ] (0.00000189)
[  0  0  0  0  1  0  0  3  0 ] (0.00000000)
[  0  0  0  0  1  0  1  0  0 ] (0.00000571)
[  0  0  0  0  1  0  1  0  1 ] (0.00005538)
[  0  0  0  0  1  0  1  0  2 ] (0.00000823)
[  0  0  0  0  1  0  1  1  0 ] (0.00000006)
[  0  0  0  0  1  0  1  1  1 ] (0.00000261)
[  0  0  0  0  1  0  1  2  0 ] (0.00000028)
[  0  0  0  0  1  0  2  0  0 ] (0.00008132)
[  0  0  0  0  1  0  2  0  1 ] (0.00000704)
[  0  0  0  0  1  0  2  1  0 ] (0.00000744)
[  0  0  0  0  1  0  3  0  0 ] (0.00015033)
[  0  0  0  0  1  1  0  0  0 ] (0.00004504)
[  0  0  0  0  1  1  0  0  1 ] (0.00438665)
[  0  0  0  0  1  1  0  0  2 ] (0.00013233)
[  0  0  0  0  1  1  0  1  0 ] (0.00054728)
[  0  0  0  0  1  1  0  1  1 ] (0.00001072)
[  0  0  0  0  1  1  0  2  0 ] (0.00007764)
[  0  0  0  0  1  1  1  0  0 ] (0.00129564)
[  0  0  0  0  1  1  1  0  1 ] (0.00020312)
[  0  0  0  0  1  1  1  1  0 ] (0.00001059)
[  0  0  0  0  1  1  2  0  0 ] (0.00024266)
[  0  0  0  0  1  2  0  0  0 ] (0.00001011)
[  0  0  0  0  1  2  0  0  1 ] (0.00028785)
[  0  0  0  0  1  2  0  1  0 ] (0.00001871)
[  0  0  0  0  1  2  1  0  0 ] (0.00044500)
[  0  0  0  0  1  3  0  0  0 ] (0.00006989)
[  0  0  0  0  2  0  0  0  0 ] (0.00000005)
[  0  0  0  0  2  0  0  0  1 ] (0.00000169)
[  0  0  0  0  2  0  0  0  2 ] (0.00000016)
[  0  0  0  0  2  0  0  1  0 ] (0.00001681)
[  0  0  0  0  2  0  0  1  1 ] (0.00000270)
[  0  0  0  0  2  0  0  2  0 ] (0.00001388)
[  0  0  0  0  2  0  1  0  0 ] (0.00005862)
[  0  0  0  0  2  0  1  0  1 ] (0.00001868)
[  0  0  0  0  2  0  1  1  0 ] (0.00000765)
[  0  0  0  0  2  0  2  0  0 ] (0.00000049)
[  0  0  0  0  2  1  0  0  0 ] (0.00000002)
[  0  0  0  0  2  1  0  0  1 ] (0.00000016)
[  0  0  0  0  2  1  0  1  0 ] (0.00011596)
[  0  0  0  0  2  1  1  0  0 ] (0.00006049)
[  0  0  0  0  2  2  0  0  0 ] (0.00000000)
[  0  0  0  0  3  0  0  0  0 ] (0.00004439)
[  0  0  0  0  3  0  0  0  1 ] (0.00005448)
[  0  0  0  0  3  0  0  1  0 ] (0.00000108)
[  0  0  0  0  3  0  1  0  0 ] (0.00352173)
[  0  0  0  0  3  1  0  0  0 ] (0.00006944)
[  0  0  0  0  4  0  0  0  0 ] (0.00011136)
[  0  0  0  1  0  0  0  0  0 ] (0.00001542)
[  0  0  0  1  0  0  0  0  1 ] (0.00000161)
[  0  0  0  1  0  0  0  0  2 ] (0.00001847)
[  0  0  0  1  0  0  0  0  3 ] (0.00000006)
[  0  0  0  1  0  0  0  1  0 ] (0.00006472)
[  0  0  0  1  0  0  0  1  1 ] (0.00000507)
[  0  0  0  1  0  0  0  1  2 ] (0.00000009)
[  0  0  0  1  0  0  0  2  0 ] (0.00004645)
[  0  0  0  1  0  0  0  2  1 ] (0.00000048)
[  0  0  0  1  0  0  0  3  0 ] (0.00003721)
[  0  0  0  1  0  0  1  0  0 ] (0.00002364)
[  0  0  0  1  0  0  1  0  1 ] (0.00213788)
[  0  0  0  1  0  0  1  0  2 ] (0.00001299)
[  0  0  0  1  0  0  1  1  0 ] (0.00000276)
[  0  0  0  1  0  0  1  1  1 ] (0.00001000)
[  0  0  0  1  0  0  1  2  0 ] (0.00000833)
[  0  0  0  1  0  0  2  0  0 ] (0.00001793)
[  0  0  0  1  0  0  2  0  1 ] (0.00011059)
[  0  0  0  1  0  0  2  1  0 ] (0.00001143)
[  0  0  0  1  0  0  3  0  0 ] (0.00002756)
[  0  0  0  1  0  1  0  0  0 ] (0.00002728)
[  0  0  0  1  0  1  0  0  1 ] (0.00034529)
[  0  0  0  1  0  1  0  0  2 ] (0.00005147)
[  0  0  0  1  0  1  0  1  0 ] (0.00071230)
[  0  0  0  1  0  1  0  1  1 ] (0.00004463)
[  0  0  0  1  0  1  0  2  0 ] (0.00000005)
[  0  0  0  1  0  1  1  0  0 ] (0.00002400)
[  0  0  0  1  0  1  1  0  1 ] (0.00008230)
[  0  0  0  1  0  1  1  1  0 ] (0.00015600)
[  0  0  0  1  0  1  2  0  0 ] (0.00006383)
[  0  0  0  1  0  2  0  0  0 ] (0.00000014)
[  0  0  0  1  0  2  0  0  1 ] (0.00001518)
[  0  0  0  1  0  2  0  1  0 ] (0.00028274)
[  0  0  0  1  0  2  1  0  0 ] (0.00116830)
[  0  0  0  1  0  3  0  0  0 ] (0.00006583)
[  0  0  0  1  1  0  0  0  0 ] (0.00001355)
[  0  0  0  1  1  0  0  0  1 ] (0.00160032)
[  0  0  0  1  1  0  0  0  2 ] (0.00006534)
[  0  0  0  1  1  0  0  1  0 ] (0.00041530)
[  0  0  0  1  1  0  0  1  1 ] (0.00000044)
[  0  0  0  1  1  0  0  2  0 ] (0.00000309)
[  0  0  0  1  1  0  1  0  0 ] (0.00001668)
[  0  0  0  1  1  0  1  0  1 ] (0.00001585)
[  0  0  0  1  1  0  1  1  0 ] (0.00003048)
[  0  0  0  1  1  0  2  0  0 ] (0.00022796)
[  0  0  0  1  1  1  0  0  0 ] (0.00003653)
[  0  0  0  1  1  1  0  0  1 ] (0.00018572)
[  0  0  0  1  1  1  0  1  0 ] (0.00007966)
[  0  0  0  1  1  1  1  0  0 ] (0.00001480)
[  0  0  0  1  1  2  0  0  0 ] (0.00001654)
[  0  0  0  1  2  0  0  0  0 ] (0.00000081)
[  0  0  0  1  2  0  0  0  1 ] (0.00006068)
[  0  0  0  1  2  0  0  1  0 ] (0.00005675)
[  0  0  0  1  2  0  1  0  0 ] (0.00006102)
[  0  0  0  1  2  1  0  0  0 ] (0.00002276)
[  0  0  0  1  3  0  0  0  0 ] (0.00001058)
[  0  0  0  2  0  0  0  0  0 ] (0.00000064)
[  0  0  0  2  0  0  0  0  1 ] (0.00000271)
[  0  0  0  2  0  0  0  0  2 ] (0.00001693)
[  0  0  0  2  0  0  0  1  0 ] (0.00000547)
[  0  0  0  2  0  0  0  1  1 ] (0.00000029)
[  0  0  0  2  0  0  0  2  0 ] (0.00000747)
[  0  0  0  2  0  0  1  0  0 ] (0.00011911)
[  0  0  0  2  0  0  1  0  1 ] (0.00001481)
[  0  0  0  2  0  0  1  1  0 ] (0.00000655)
[  0  0  0  2  0  0  2  0  0 ] (0.00047455)
[  0  0  0  2  0  1  0  0  0 ] (0.00000025)
[  0  0  0  2  0  1  0  0  1 ] (0.00049741)
[  0  0  0  2  0  1  0  1  0 ] (0.00234871)
[  0  0  0  2  0  1  1  0  0 ] (0.00072863)
[  0  0  0  2  0  2  0  0  0 ] (0.00000197)
[  0  0  0  2  1  0  0  0  0 ] (0.00000641)
[  0  0  0  2  1  0  0  0  1 ] (0.00003655)
[  0  0  0  2  1  0  0  1  0 ] (0.00008476)
[  0  0  0  2  1  0  1  0  0 ] (0.00017024)
[  0  0  0  2  1  1  0  0  0 ] (0.00000137)
[  0  0  0  2  2  0  0  0  0 ] (0.00000231)
[  0  0  0  3  0  0  0  0  0 ] (0.00001771)
[  0  0  0  3  0  0  0  0  1 ] (0.00003054)
[  0  0  0  3  0  0  0  1  0 ] (0.00006760)
[  0  0  0  3  0  0  1  0  0 ] (0.00006500)
[  0  0  0  3  0  1  0  0  0 ] (0.00001255)
[  0  0  0  3  1  0  0  0  0 ] (0.00001709)
[  0  0  0  4  0  0  0  0  0 ] (0.00004116)
[  0  0  1  0  0  0  0  0  0 ] (0.00004065)
[  0  0  1  0  0  0  0  0  1 ] (0.00000086)
[  0  0  1  0  0  0  0  0  2 ] (0.00327916)
[  0  0  1  0  0  0  0  0  3 ] (0.00000270)
[  0  0  1  0  0  0  0  1  0 ] (0.00000639)
[  0  0  1  0  0  0  0  1  1 ] (0.00000756)
[  0  0  1  0  0  0  0  1  2 ] (0.00000283)
[  0  0  1  0  0  0  0  2  0 ] (0.00000536)
[  0  0  1  0  0  0  0  2  1 ] (0.00000042)
[  0  0  1  0  0  0  0  3  0 ] (0.00000739)
[  0  0  1  0  0  0  1  0  0 ] (0.00000759)
[  0  0  1  0  0  0  1  0  1 ] (0.00059661)
[  0  0  1  0  0  0  1  0  2 ] (0.00002644)
[  0  0  1  0  0  0  1  1  0 ] (0.00009722)
[  0  0  1  0  0  0  1  1  1 ] (0.00000005)
[  0  0  1  0  0  0  1  2  0 ] (0.00001868)
[  0  0  1  0  0  0  2  0  0 ] (0.00000032)
[  0  0  1  0  0  0  2  0  1 ] (0.00000547)
[  0  0  1  0  0  0  2  1  0 ] (0.00000194)
[  0  0  1  0  0  0  3  0  0 ] (0.00001492)
[  0  0  1  0  0  1  0  0  0 ] (0.00000237)
[  0  0  1  0  0  1  0  0  1 ] (0.00145713)
[  0  0  1  0  0  1  0  0  2 ] (0.00003332)
[  0  0  1  0  0  1  0  1  0 ] (0.00003183)
[  0  0  1  0  0  1  0  1  1 ] (0.00002115)
[  0  0  1  0  0  1  0  2  0 ] (0.00000185)
[  0  0  1  0  0  1  1  0  0 ] (0.00010568)
[  0  0  1  0  0  1  1  0  1 ] (0.00002637)
[  0  0  1  0  0  1  1  1  0 ] (0.00004389)
[  0  0  1  0  0  1  2  0  0 ] (0.00004125)
[  0  0  1  0  0  2  0  0  0 ] (0.00003188)
[  0  0  1  0  0  2  0  0  1 ] (0.00020307)
[  0  0  1  0  0  2  0  1  0 ] (0.00028217)
[  0  0  1  0  0  2  1  0  0 ] (0.00027888)
[  0  0  1  0  0  3  0  0  0 ] (0.00008864)
[  0  0  1  0  1  0  0  0  0 ] (0.00001407)
[  0  0  1  0  1  0  0  0  1 ] (0.00429126)
[  0  0  1  0  1  0  0  0  2 ] (0.00004161)
[  0  0  1  0  1  0  0  1  0 ] (0.00106750)
[  0  0  1  0  1  0  0  1  1 ] (0.00004573)
[  0  0  1  0  1  0  0  2  0 ] (0.00002286)
[  0  0  1  0  1  0  1  0  0 ] (0.00005833)
[  0  0  1  0  1  0  1  0  1 ] (0.00000001)
[  0  0  1  0  1  0  1  1  0 ] (0.00001499)
[  0  0  1  0  1  0  2  0  0 ] (0.00345033)
[  0  0  1  0  1  1  0  0  0 ] (0.00000913)
[  0  0  1  0  1  1  0  0  1 ] (0.00030022)
[  0  0  1  0  1  1  0  1  0 ] (0.00036622)
[  0  0  1  0  1  1  1  0  0 ] (0.00040905)
[  0  0  1  0  1  2  0  0  0 ] (0.00000001)
[  0  0  1  0  2  0  0  0  0 ] (0.00002066)
[  0  0  1  0  2  0  0  0  1 ] (0.00000521)
[  0  0  1  0  2  0  0  1  0 ] (0.00019013)
[  0  0  1  0  2  0  1  0  0 ] (0.00022276)
[  0  0  1  0  2  1  0  0  0 ] (0.00000201)
[  0  0  1  0  3  0  0  0  0 ] (0.00000328)
[  0  0  1  1  0  0  0  0  0 ] (0.00000306)
[  0  0  1  1  0  0  0  0  1 ] (0.00004496)
[  0  0  1  1  0  0  0  0  2 ] (0.00000001)
[  0  0  1  1  0  0  0  1  0 ] (0.00001860)
[  0  0  1  1  0  0  0  1  1 ] (0.00000182)
[  0  0  1  1  0  0  0  2  0 ] (0.00000594)
[  0  0  1  1  0  0  1  0  0 ] (0.00002325)
[  0  0  1  1  0  0  1  0  1 ] (0.00001709)
[  0  0  1  1  0  0  1  1  0 ] (0.00000055)
[  0  0  1  1  0  0  2  0  0 ] (0.00144226)
[  0  0  1  1  0  1  0  0  0 ] (0.00004591)
[  0  0  1  1  0  1  0  0  1 ] (0.00014342)
[  0  0  1  1  0  1  0  1  0 ] (0.00061507)
[  0  0  1  1  0  1  1  0  0 ] (0.01190403)
[  0  0  1  1  0  2  0  0  0 ] (0.00000114)
[  0  0  1  1  1  0  0  0  0 ] (0.00027781)
[  0  0  1  1  1  0  0  0  1 ] (0.00001477)
[  0  0  1  1  1  0  0  1  0 ] (0.00001816)
[  0  0  1  1  1  0  1  0  0 ] (0.00030390)
[  0  0  1  1  1  1  0  0  0 ] (0.00085997)
[  0  0  1  1  2  0  0  0  0 ] (0.00002060)
[  0  0  1  2  0  0  0  0  0 ] (0.00000299)
[  0  0  1  2  0  0  0  0  1 ] (0.00303347)
[  0  0  1  2  0  0  0  1  0 ] (0.00696394)
[  0  0  1  2  0  0  1  0  0 ] (0.00003665)
[  0  0  1  2  0  1  0  0  0 ] (0.00000751)
[  0  0  1  2  1  0  0  0  0 ] (0.00000108)
[  0  0  1  3  0  0  0  0  0 ] (0.00005583)
[  0  0  2  0  0  0  0  0  0 ] (0.00008813)
[  0  0  2  0  0  0  0  0  1 ] (0.00000628)
[  0  0  2  0  0  0  0  0  2 ] (0.00003906)
[  0  0  2  0  0  0  0  1  0 ] (0.00063036)
[  0  0  2  0  0  0  0  1  1 ] (0.00060892)
[  0  0  2  0  0  0  0  2  0 ] (0.00084082)
[  0  0  2  0  0  0  1  0  0 ] (0.00000546)
[  0  0  2  0  0  0  1  0  1 ] (0.00000183)
[  0  0  2  0  0  0  1  1  0 ] (0.00187178)
[  0  0  2  0  0  0  2  0  0 ] (0.00047787)
[  0  0  2  0  0  1  0  0  0 ] (0.00005113)
[  0  0  2  0  0  1  0  0  1 ] (0.00039792)
[  0  0  2  0  0  1  0  1  0 ] (0.00801533)
[  0  0  2  0  0  1  1  0  0 ] (0.00000979)
[  0  0  2  0  0  2  0  0  0 ] (0.00001998)
[  0  0  2  0  1  0  0  0  0 ] (0.00010540)
[  0  0  2  0  1  0  0  0  1 ] (0.00090979)
[  0  0  2  0  1  0  0  1  0 ] (0.00099818)
[  0  0  2  0  1  0  1  0  0 ] (0.35866171)
[  0  0  2  0  1  1  0  0  0 ] (0.00002033)
[  0  0  2  0  2  0  0  0  0 ] (0.00000584)
[  0  0  2  1  0  0  0  0  0 ] (0.00005721)
[  0  0  2  1  0  0  0  0  1 ] (0.03620274)
[  0  0  2  1  0  0  0  1  0 ] (0.02749393)
[  0  0  2  1  0  0  1  0  0 ] (0.00001241)
[  0  0  2  1  0  1  0  0  0 ] (0.00005301)
[  0  0  2  1  1  0  0  0  0 ] (0.00036285)
[  0  0  2  2  0  0  0  0  0 ] (0.00003794)
[  0  0  3  0  0  0  0  0  0 ] (0.00000054)
[  0  0  3  0  0  0  0  0  1 ] (0.00002712)
[  0  0  3  0  0  0  0  1  0 ] (0.00006895)
[  0  0  3  0  0  0  1  0  0 ] (0.00000074)
[  0  0  3  0  0  1  0  0  0 ] (0.00000545)
[  0  0  3  0  1  0  0  0  0 ] (0.00001622)
[  0  0  3  1  0  0  0  0  0 ] (0.00001113)
[  0  0  4  0  0  0  0  0  0 ] (0.00003257)
[  0  1  0  0  0  0  0  0  0 ] (0.00000198)
[  0  1  0  0  0  0  0  0  1 ] (0.00000505)
[  0  1  0  0  0  0  0  0  2 ] (0.00000949)
[  0  1  0  0  0  0  0  0  3 ] (0.00000016)
[  0  1  0  0  0  0  0  1  0 ] (0.00000292)
[  0  1  0  0  0  0  0  1  1 ] (0.00000028)
[  0  1  0  0  0  0  0  1  2 ] (0.00000248)
[  0  1  0  0  0  0  0  2  0 ] (0.00002486)
[  0  1  0  0  0  0  0  2  1 ] (0.00000208)
[  0  1  0  0  0  0  0  3  0 ] (0.00000754)
[  0  1  0  0  0  0  1  0  0 ] (0.00000013)
[  0  1  0  0  0  0  1  0  1 ] (0.00053293)
[  0  1  0  0  0  0  1  0  2 ] (0.00001080)
[  0  1  0  0  0  0  1  1  0 ] (0.00045945)
[  0  1  0  0  0  0  1  1  1 ] (0.00000625)
[  0  1  0  0  0  0  1  2  0 ] (0.00001920)
[  0  1  0  0  0  0  2  0  0 ] (0.00005122)
[  0  1  0  0  0  0  2  0  1 ] (0.00008574)
[  0  1  0  0  0  0  2  1  0 ] (0.00000515)
[  0  1  0  0  0  0  3  0  0 ] (0.00062355)
[  0  1  0  0  0  1  0  0  0 ] (0.00000657)
[  0  1  0  0  0  1  0  0  1 ] (0.00005333)
[  0  1  0  0  0  1  0  0  2 ] (0.00006816)
[  0  1  0  0  0  1  0  1  0 ] (0.00003529)
[  0  1  0  0  0  1  0  1  1 ] (0.00010913)
[  0  1  0  0  0  1  0  2  0 ] (0.00009658)
[  0  1  0  0  0  1  1  0  0 ] (0.00036348)
[  0  1  0  0  0  1  1  0  1 ] (0.00016535)
[  0  1  0  0  0  1  1  1  0 ] (0.00008951)
[  0  1  0  0  0  1  2  0  0 ] (0.00446805)
[  0  1  0  0  0  2  0  0  0 ] (0.00000022)
[  0  1  0  0  0  2  0  0  1 ] (0.00007345)
[  0  1  0  0  0  2  0  1  0 ] (0.00060879)
[  0  1  0  0  0  2  1  0  0 ] (0.00000537)
[  0  1  0  0  0  3  0  0  0 ] (0.00013501)
[  0  1  0  0  1  0  0  0  0 ] (0.00000001)
[  0  1  0  0  1  0  0  0  1 ] (0.00000243)
[  0  1  0  0  1  0  0  0  2 ] (0.00000112)
[  0  1  0  0  1  0  0  1  0 ] (0.00005042)
[  0  1  0  0  1  0  0  1  1 ] (0.00000074)
[  0  1  0  0  1  0  0  2  0 ] (0.00001335)
[  0  1  0  0  1  0  1  0  0 ] (0.00023975)
[  0  1  0  0  1  0  1  0  1 ] (0.00006241)
[  0  1  0  0  1  0  1  1  0 ] (0.00000290)
[  0  1  0  0  1  0  2  0  0 ] (0.00127740)
[  0  1  0  0  1  1  0  0  0 ] (0.00000265)
[  0  1  0  0  1  1  0  0  1 ] (0.00005905)
[  0  1  0  0  1  1  0  1  0 ] (0.00006299)
[  0  1  0  0  1  1  1  0  0 ] (0.00003773)
[  0  1  0  0  1  2  0  0  0 ] (0.00000168)
[  0  1  0  0  2  0  0  0  0 ] (0.00000021)
[  0  1  0  0  2  0  0  0  1 ] (0.00009471)
[  0  1  0  0  2  0  0  1  0 ] (0.00004091)
[  0  1  0  0  2  0  1  0  0 ] (0.00202990)
[  0  1  0  0  2  1  0  0  0 ] (0.00000087)
[  0  1  0  0  3  0  0  0  0 ] (0.00000105)
[  0  1  0  1  0  0  0  0  0 ] (0.00002390)
[  0  1  0  1  0  0  0  0  1 ] (0.00069840)
[  0  1  0  1  0  0  0  0  2 ] (0.00057761)
[  0  1  0  1  0  0  0  1  0 ] (0.00010363)
[  0  1  0  1  0  0  0  1  1 ] (0.00001861)
[  0  1  0  1  0  0  0  2  0 ] (0.00033236)
[  0  1  0  1  0  0  1  0  0 ] (0.00177726)
[  0  1  0  1  0  0  1  0  1 ] (0.00012084)
[  0  1  0  1  0  0  1  1  0 ] (0.00000533)
[  0  1  0  1  0  0  2  0  0 ] (0.13282552)
[  0  1  0  1  0  1  0  0  0 ] (0.00020203)
[  0  1  0  1  0  1  0  0  1 ] (0.00363094)
[  0  1  0  1  0  1  0  1  0 ] (0.00004887)
[  0  1  0  1  0  1  1  0  0 ] (0.01692100)
[  0  1  0  1  0  2  0  0  0 ] (0.00003858)
[  0  1  0  1  1  0  0  0  0 ] (0.00002564)
[  0  1  0  1  1  0  0  0  1 ] (0.00011201)
[  0  1  0  1  1  0  0  1  0 ] (0.00063271)
[  0  1  0  1  1  0  1  0  0 ] (0.00001772)
[  0  1  0  1  1  1  0  0  0 ] (0.00000000)
[  0  1  0  1  2  0  0  0  0 ] (0.00002412)
[  0  1  0  2  0  0  0  0  0 ] (0.00000032)
[  0  1  0  2  0  0  0  0  1 ] (0.00002360)
[  0  1  0  2  0  0  0  1  0 ] (0.00132924)
[  0  1  0  2  0  0  1  0  0 ] (0.00000918)
[  0  1  0  2  0  1  0  0  0 ] (0.00000103)
[  0  1  0  2  1  0  0  0  0 ] (0.00001445)
[  0  1  0  3  0  0  0  0  0 ] (0.00002006)
[  0  1  1  0  0  0  0  0  0 ] (0.00000198)
[  0  1  1  0  0  0  0  0  1 ] (0.00011673)
[  0  1  1  0  0  0  0  0  2 ] (0.00000725)
[  0  1  1  0  0  0  0  1  0 ] (0.00010600)
[  0  1  1  0  0  0  0  1  1 ] (0.00001924)
[  0  1  1  0  0  0  0  2  0 ] (0.00000324)
[  0  1  1  0  0  0  1  0  0 ] (0.00042230)
[  0  1  1  0  0  0  1  0  1 ] (0.00014412)
[  0  1  1  0  0  0  1  1  0 ] (0.00002476)
[  0  1  1  0  0  0  2  0  0 ] (0.00111253)
[  0  1  1  0  0  1  0  0  0 ] (0.00000008)
[  0  1  1  0  0  1  0  0  1 ] (0.00004987)
[  0  1  1  0  0  1  0  1  0 ] (0.00097815)
[  0  1  1  0  0  1  1  0  0 ] (0.01792533)
[  0  1  1  0  0  2  0  0  0 ] (0.00000897)
[  0  1  1  0  1  0  0  0  0 ] (0.00003288)
[  0  1  1  0  1  0  0  0  1 ] (0.00067355)
[  0  1  1  0  1  0  0  1  0 ] (0.00027347)
[  0  1  1  0  1  0  1  0  0 ] (0.01640002)
[  0  1  1  0  1  1  0  0  0 ] (0.00001278)
[  0  1  1  0  2  0  0  0  0 ] (0.00000097)
[  0  1  1  1  0  0  0  0  0 ] (0.00002939)
[  0  1  1  1  0  0  0  0  1 ] (0.00039276)
[  0  1  1  1  0  0  0  1  0 ] (0.00005595)
[  0  1  1  1  0  0  1  0  0 ] (0.00223783)
[  0  1  1  1  0  1  0  0  0 ] (0.00003118)
[  0  1  1  1  1  0  0  0  0 ] (0.00009473)
[  0  1  1  2  0  0  0  0  0 ] (0.00000156)
[  0  1  2  0  0  0  0  0  0 ] (0.00012848)
[  0  1  2  0  0  0  0  0  1 ] (0.00079449)
[  0  1  2  0  0  0  0  1  0 ] (0.00038641)
[  0  1  2  0  0  0  1  0  0 ] (0.00070570)
[  0  1  2  0  0  1  0  0  0 ] (0.00001014)
[  0  1  2  0  1  0  0  0  0 ] (0.00048755)
[  0  1  2  1  0  0  0  0  0 ] (0.00001544)
[  0  1  3  0  0  0  0  0  0 ] (0.00000223)
[  0  2  0  0  0  0  0  0  0 ] (0.00000520)
[  0  2  0  0  0  0  0  0  1 ] (0.00000747)
[  0  2  0  0  0  0  0  0  2 ] (0.00004128)
[  0  2  0  0  0  0  0  1  0 ] (0.00114572)
[  0  2  0  0  0  0  0  1  1 ] (0.00039187)
[  0  2  0  0  0  0  0  2  0 ] (0.00064804)
[  0  2  0  0  0  0  1  0  0 ] (0.00000033)
[  0  2  0  0  0  0  1  0  1 ] (0.00008305)
[  0  2  0  0  0  0  1  1  0 ] (0.00001257)
[  0  2  0  0  0  0  2  0  0 ] (0.00000376)
[  0  2  0  0  0  1  0  0  0 ] (0.00009676)
[  0  2  0  0  0  1  0  0  1 ] (0.00133373)
[  0  2  0  0  0  1  0  1  0 ] (0.09722854)
[  0  2  0  0  0  1  1  0  0 ] (0.00000436)
[  0  2  0  0  0  2  0  0  0 ] (0.00003178)
[  0  2  0  0  1  0  0  0  0 ] (0.00000651)
[  0  2  0  0  1  0  0  0  1 ] (0.00001677)
[  0  2  0  0  1  0  0  1  0 ] (0.00009022)
[  0  2  0  0  1  0  1  0  0 ] (0.00102370)
[  0  2  0  0  1  1  0  0  0 ] (0.00025677)
[  0  2  0  0  2  0  0  0  0 ] (0.00000217)
[  0  2  0  1  0  0  0  0  0 ] (0.00004908)
[  0  2  0  1  0  0  0  0  1 ] (0.00064089)
[  0  2  0  1  0  0  0  1  0 ] (0.00028284)
[  0  2  0  1  0  0  1  0  0 ] (0.00054168)
[  0  2  0  1  0  1  0  0  0 ] (0.00009919)
[  0  2  0  1  1  0  0  0  0 ] (0.00000282)
[  0  2  0  2  0  0  0  0  0 ] (0.00000196)
[  0  2  1  0  0  0  0  0  0 ] (0.00002136)
[  0  2  1  0  0  0  0  0  1 ] (0.00001068)
[  0  2  1  0  0  0  0  1  0 ] (0.00036889)
[  0  2  1  0  0  0  1  0  0 ] (0.00000042)
[  0  2  1  0  0  1  0  0  0 ] (0.00002095)
[  0  2  1  0  1  0  0  0  0 ] (0.00000247)
[  0  2  1  1  0  0  0  0  0 ] (0.00001429)
[  0  2  2  0  0  0  0  0  0 ] (0.00000001)
[  0  3  0  0  0  0  0  0  0 ] (0.00000293)
[  0  3  0  0  0  0  0  0  1 ] (0.00003204)
[  0  3  0  0  0  0  0  1  0 ] (0.00009555)
[  0  3  0  0  0  0  1  0  0 ] (0.00000188)
[  0  3  0  0  0  1  0  0  0 ] (0.00003258)
[  0  3  0  0  1  0  0  0  0 ] (0.00000127)
[  0  3  0  1  0  0  0  0  0 ] (0.00000206)
[  0  3  1  0  0  0  0  0  0 ] (0.00000515)
[  0  4  0  0  0  0  0  0  0 ] (0.00000980)
[  1  0  0  0  0  0  0  0  0 ] (0.00000338)
[  1  0  0  0  0  0  0  0  1 ] (0.00010733)
[  1  0  0  0  0  0  0  0  2 ] (0.00000137)
[  1  0  0  0  0  0  0  0  3 ] (0.00000782)
[  1  0  0  0  0  0  0  1  0 ] (0.00018259)
[  1  0  0  0  0  0  0  1  1 ] (0.00001966)
[  1  0  0  0  0  0  0  1  2 ] (0.00000131)
[  1  0  0  0  0  0  0  2  0 ] (0.00000117)
[  1  0  0  0  0  0  0  2  1 ] (0.00000010)
[  1  0  0  0  0  0  0  3  0 ] (0.00001390)
[  1  0  0  0  0  0  1  0  0 ] (0.00002435)
[  1  0  0  0  0  0  1  0  1 ] (0.00021529)
[  1  0  0  0  0  0  1  0  2 ] (0.00001072)
[  1  0  0  0  0  0  1  1  0 ] (0.00240842)
[  1  0  0  0  0  0  1  1  1 ] (0.00018713)
[  1  0  0  0  0  0  1  2  0 ] (0.00000384)
[  1  0  0  0  0  0  2  0  0 ] (0.00027733)
[  1  0  0  0  0  0  2  0  1 ] (0.00073424)
[  1  0  0  0  0  0  2  1  0 ] (0.00015562)
[  1  0  0  0  0  0  3  0  0 ] (0.00122353)
[  1  0  0  0  0  1  0  0  0 ] (0.00000145)
[  1  0  0  0  0  1  0  0  1 ] (0.00040151)
[  1  0  0  0  0  1  0  0  2 ] (0.00007583)
[  1  0  0  0  0  1  0  1  0 ] (0.00000378)
[  1  0  0  0  0  1  0  1  1 ] (0.00000005)
[  1  0  0  0  0  1  0  2  0 ] (0.00006250)
[  1  0  0  0  0  1  1  0  0 ] (0.00002826)
[  1  0  0  0  0  1  1  0  1 ] (0.00002105)
[  1  0  0  0  0  1  1  1  0 ] (0.00000392)
[  1  0  0  0  0  1  2  0  0 ] (0.01659444)
[  1  0  0  0  0  2  0  0  0 ] (0.00000009)
[  1  0  0  0  0  2  0  0  1 ] (0.00714591)
[  1  0  0  0  0  2  0  1  0 ] (0.01479976)
[  1  0  0  0  0  2  1  0  0 ] (0.00037576)
[  1  0  0  0  0  3  0  0  0 ] (0.00000244)
[  1  0  0  0  1  0  0  0  0 ] (0.00000443)
[  1  0  0  0  1  0  0  0  1 ] (0.00005530)
[  1  0  0  0  1  0  0  0  2 ] (0.00001648)
[  1  0  0  0  1  0  0  1  0 ] (0.00013901)
[  1  0  0  0  1  0  0  1  1 ] (0.00000831)
[  1  0  0  0  1  0  0  2  0 ] (0.00003242)
[  1  0  0  0  1  0  1  0  0 ] (0.00005092)
[  1  0  0  0  1  0  1  0  1 ] (0.00000089)
[  1  0  0  0  1  0  1  1  0 ] (0.00001522)
[  1  0  0  0  1  0  2  0  0 ] (0.00601999)
[  1  0  0  0  1  1  0  0  0 ] (0.00004547)
[  1  0  0  0  1  1  0  0  1 ] (0.00000374)
[  1  0  0  0  1  1  0  1  0 ] (0.00005938)
[  1  0  0  0  1  1  1  0  0 ] (0.00041451)
[  1  0  0  0  1  2  0  0  0 ] (0.00003950)
[  1  0  0  0  2  0  0  0  0 ] (0.00016977)
[  1  0  0  0  2  0  0  0  1 ] (0.00827738)
[  1  0  0  0  2  0  0  1  0 ] (0.00924813)
[  1  0  0  0  2  0  1  0  0 ] (0.00011251)
[  1  0  0  0  2  1  0  0  0 ] (0.00003219)
[  1  0  0  0  3  0  0  0  0 ] (0.00000461)
[  1  0  0  1  0  0  0  0  0 ] (0.00000017)
[  1  0  0  1  0  0  0  0  1 ] (0.00002251)
[  1  0  0  1  0  0  0  0  2 ] (0.00002694)
[  1  0  0  1  0  0  0  1  0 ] (0.00000000)
[  1  0  0  1  0  0  0  1  1 ] (0.00000189)
[  1  0  0  1  0  0  0  2  0 ] (0.00000045)
[  1  0  0  1  0  0  1  0  0 ] (0.00004281)
[  1  0  0  1  0  0  1  0  1 ] (0.00000508)
[  1  0  0  1  0  0  1  1  0 ] (0.00000122)
[  1  0  0  1  0  0  2  0  0 ] (0.00063860)
[  1  0  0  1  0  1  0  0  0 ] (0.00001690)
[  1  0  0  1  0  1  0  0  1 ] (0.00060715)
[  1  0  0  1  0  1  0  1  0 ] (0.00067758)
[  1  0  0  1  0  1  1  0  0 ] (0.00057698)
[  1  0  0  1  0  2  0  0  0 ] (0.00000137)
[  1  0  0  1  1  0  0  0  0 ] (0.00003935)
[  1  0  0  1  1  0  0  0  1 ] (0.00100019)
[  1  0  0  1  1  0  0  1  0 ] (0.00010212)
[  1  0  0  1  1  0  1  0  0 ] (0.00956324)
[  1  0  0  1  1  1  0  0  0 ] (0.00002177)
[  1  0  0  1  2  0  0  0  0 ] (0.00000564)
[  1  0  0  2  0  0  0  0  0 ] (0.00000235)
[  1  0  0  2  0  0  0  0  1 ] (0.00010407)
[  1  0  0  2  0  0  0  1  0 ] (0.00010204)
[  1  0  0  2  0  0  1  0  0 ] (0.00000050)
[  1  0  0  2  0  1  0  0  0 ] (0.00000013)
[  1  0  0  2  1  0  0  0  0 ] (0.00000198)
[  1  0  0  3  0  0  0  0  0 ] (0.00000008)
[  1  0  1  0  0  0  0  0  0 ] (0.00000082)
[  1  0  1  0  0  0  0  0  1 ] (0.00043689)
[  1  0  1  0  0  0  0  0  2 ] (0.00031258)
[  1  0  1  0  0  0  0  1  0 ] (0.00017386)
[  1  0  1  0  0  0  0  1  1 ] (0.00000500)
[  1  0  1  0  0  0  0  2  0 ] (0.00000557)
[  1  0  1  0  0  0  1  0  0 ] (0.00008557)
[  1  0  1  0  0  0  1  0  1 ] (0.00008418)
[  1  0  1  0  0  0  1  1  0 ] (0.00003133)
[  1  0  1  0  0  0  2  0  0 ] (0.00126596)
[  1  0  1  0  0  1  0  0  0 ] (0.00000026)
[  1  0  1  0  0  1  0  0  1 ] (0.01787338)
[  1  0  1  0  0  1  0  1  0 ] (0.02310461)
[  1  0  1  0  0  1  1  0  0 ] (0.00351661)
[  1  0  1  0  0  2  0  0  0 ] (0.00000004)
[  1  0  1  0  1  0  0  0  0 ] (0.00001071)
[  1  0  1  0  1  0  0  0  1 ] (0.00301539)
[  1  0  1  0  1  0  0  1  0 ] (0.00081961)
[  1  0  1  0  1  0  1  0  0 ] (0.00003716)
[  1  0  1  0  1  1  0  0  0 ] (0.00003020)
[  1  0  1  0  2  0  0  0  0 ] (0.00001756)
[  1  0  1  1  0  0  0  0  0 ] (0.00000079)
[  1  0  1  1  0  0  0  0  1 ] (0.00000260)
[  1  0  1  1  0  0  0  1  0 ] (0.00007176)
[  1  0  1  1  0  0  1  0  0 ] (0.00008952)
[  1  0  1  1  0  1  0  0  0 ] (0.00000541)
[  1  0  1  1  1  0  0  0  0 ] (0.00000125)
[  1  0  1  2  0  0  0  0  0 ] (0.00000063)
[  1  0  2  0  0  0  0  0  0 ] (0.00000499)
[  1  0  2  0  0  0  0  0  1 ] (0.00000958)
[  1  0  2  0  0  0  0  1  0 ] (0.00001066)
[  1  0  2  0  0  0  1  0  0 ] (0.00012559)
[  1  0  2  0  0  1  0  0  0 ] (0.00000068)
[  1  0  2  0  1  0  0  0  0 ] (0.00001927)
[  1  0  2  1  0  0  0  0  0 ] (0.00000195)
[  1  0  3  0  0  0  0  0  0 ] (0.00001043)
[  1  1  0  0  0  0  0  0  0 ] (0.00000628)
[  1  1  0  0  0  0  0  0  1 ] (0.00000086)
[  1  1  0  0  0  0  0  0  2 ] (0.00000275)
[  1  1  0  0  0  0  0  1  0 ] (0.00031885)
[  1  1  0  0  0  0  0  1  1 ] (0.00003454)
[  1  1  0  0  0  0  0  2  0 ] (0.00012229)
[  1  1  0  0  0  0  1  0  0 ] (0.00007745)
[  1  1  0  0  0  0  1  0  1 ] (0.00005956)
[  1  1  0  0  0  0  1  1  0 ] (0.00001912)
[  1  1  0  0  0  0  2  0  0 ] (0.00045371)
[  1  1  0  0  0  1  0  0  0 ] (0.00010285)
[  1  1  0  0  0  1  0  0  1 ] (0.00095971)
[  1  1  0  0  0  1  0  1  0 ] (0.02007589)
[  1  1  0  0  0  1  1  0  0 ] (0.00046107)
[  1  1  0  0  0  2  0  0  0 ] (0.00000009)
[  1  1  0  0  1  0  0  0  0 ] (0.00000001)
[  1  1  0  0  1  0  0  0  1 ] (0.00022858)
[  1  1  0  0  1  0  0  1  0 ] (0.00004980)
[  1  1  0  0  1  0  1  0  0 ] (0.00000006)
[  1  1  0  0  1  1  0  0  0 ] (0.00001553)
[  1  1  0  0  2  0  0  0  0 ] (0.00000512)
[  1  1  0  1  0  0  0  0  0 ] (0.00000348)
[  1  1  0  1  0  0  0  0  1 ] (0.00002253)
[  1  1  0  1  0  0  0  1  0 ] (0.00021795)
[  1  1  0  1  0  0  1  0  0 ] (0.00005648)
[  1  1  0  1  0  1  0  0  0 ] (0.00003377)
[  1  1  0  1  1  0  0  0  0 ] (0.00001795)
[  1  1  0  2  0  0  0  0  0 ] (0.00000266)
[  1  1  1  0  0  0  0  0  0 ] (0.00000006)
[  1  1  1  0  0  0  0  0  1 ] (0.00068430)
[  1  1  1  0  0  0  0  1  0 ] (0.00028757)
[  1  1  1  0  0  0  1  0  0 ] (0.00060719)
[  1  1  1  0  0  1  0  0  0 ] (0.00000099)
[  1  1  1  0  1  0  0  0  0 ] (0.00000001)
[  1  1  1  1  0  0  0  0  0 ] (0.00000008)
[  1  1  2  0  0  0  0  0  0 ] (0.00000859)
[  1  2  0  0  0  0  0  0  0 ] (0.00005596)
[  1  2  0  0  0  0  0  0  1 ] (0.00010940)
[  1  2  0  0  0  0  0  1  0 ] (0.00002746)
[  1  2  0  0  0  0  1  0  0 ] (0.00001824)
[  1  2  0  0  0  1  0  0  0 ] (0.00024196)
[  1  2  0  0  1  0  0  0  0 ] (0.00000055)
[  1  2  0  1  0  0  0  0  0 ] (0.00000002)
[  1  2  1  0  0  0  0  0  0 ] (0.00000062)
[  1  3  0  0  0  0  0  0  0 ] (0.00000092)
[  2  0  0  0  0  0  0  0  0 ] (0.00000000)
[  2  0  0  0  0  0  0  0  1 ] (0.00001430)
[  2  0  0  0  0  0  0  0  2 ] (0.00025216)
[  2  0  0  0  0  0  0  1  0 ] (0.00030476)
[  2  0  0  0  0  0  0  1  1 ] (0.00016149)
[  2  0  0  0  0  0  0  2  0 ] (0.00049479)
[  2  0  0  0  0  0  1  0  0 ] (0.00001368)
[  2  0  0  0  0  0  1  0  1 ] (0.00008446)
[  2  0  0  0  0  0  1  1  0 ] (0.00002455)
[  2  0  0  0  0  0  2  0  0 ] (0.00000486)
[  2  0  0  0  0  1  0  0  0 ] (0.00001985)
[  2  0  0  0  0  1  0  0  1 ] (0.00043555)
[  2  0  0  0  0  1  0  1  0 ] (0.00253782)
[  2  0  0  0  0  1  1  0  0 ] (0.00000752)
[  2  0  0  0  0  2  0  0  0 ] (0.00000022)
[  2  0  0  0  1  0  0  0  0 ] (0.00000022)
[  2  0  0  0  1  0  0  0  1 ] (0.00022871)
[  2  0  0  0  1  0  0  1  0 ] (0.00010642)
[  2  0  0  0  1  0  1  0  0 ] (0.00011823)
[  2  0  0  0  1  1  0  0  0 ] (0.00000133)
[  2  0  0  0  2  0  0  0  0 ] (0.00000682)
[  2  0  0  1  0  0  0  0  0 ] (0.00001986)
[  2  0  0  1  0  0  0  0  1 ] (0.00007101)
[  2  0  0  1  0  0  0  1  0 ] (0.00011999)
[  2  0  0  1  0  0  1  0  0 ] (0.00000006)
[  2  0  0  1  0  1  0  0  0 ] (0.00002376)
[  2  0  0  1  1  0  0  0  0 ] (0.00000148)
[  2  0  0  2  0  0  0  0  0 ] (0.00000000)
[  2  0  1  0  0  0  0  0  0 ] (0.00003302)
[  2  0  1  0  0  0  0  0  1 ] (0.00001043)
[  2  0  1  0  0  0  0  1  0 ] (0.00004008)
[  2  0  1  0  0  0  1  0  0 ] (0.00001974)
[  2  0  1  0  0  1  0  0  0 ] (0.00000001)
[  2  0  1  0  1  0  0  0  0 ] (0.00001166)
[  2  0  1  1  0  0  0  0  0 ] (0.00000179)
[  2  0  2  0  0  0  0  0  0 ] (0.00000128)
[  2  1  0  0  0  0  0  0  0 ] (0.00000020)
[  2  1  0  0  0  0  0  0  1 ] (0.00004560)
[  2  1  0  0  0  0  0  1  0 ] (0.00133826)
[  2  1  0  0  0  0  1  0  0 ] (0.00001781)
[  2  1  0  0  0  1  0  0  0 ] (0.00000726)
[  2  1  0  0  1  0  0  0  0 ] (0.00000073)
[  2  1  0  1  0  0  0  0  0 ] (0.00000029)
[  2  1  1  0  0  0  0  0  0 ] (0.00000008)
[  2  2  0  0  0  0  0  0  0 ] (0.00000040)
[  3  0  0  0  0  0  0  0  0 ] (0.00000007)
[  3  0  0  0  0  0  0  0  1 ] (0.00001496)
[  3  0  0  0  0  0  0  1  0 ] (0.00000857)
[  3  0  0  0  0  0  1  0  0 ] (0.00000006)
[  3  0  0  0  0  1  0  0  0 ] (0.00000055)
[  3  0  0  0  1  0  0  0  0 ] (0.00000028)
[  3  0  0  1  0  0  0  0  0 ] (0.00000095)
[  3  0  1  0  0  0  0  0  0 ] (0.00000655)
[  3  1  0  0  0  0  0  0  0 ] (0.00000019)
[  4  0  0  0  0  0  0  0  0 ] (0.00000053)
