| -1068.147143352531 |    92.486435774784 

[  0  0  0  0  0  0  0  0  0 ] (0.00003786)
[  0  0  0  0  0  0  0  0  1 ] (0.00401206)
[  0  0  0  0  0  0  0  0  2 ] (0.00000015)
[  0  0  0  0  0  0  0  0  3 ] (0.00000000)
[  0  0  0  0  0  0  0  0  4 ] (0.00000019)
[  0  0  0  0  0  0  0  1  0 ] (0.00051913)
[  0  0  0  0  0  0  0  1  1 ] (0.00001048)
[  0  0  0  0  0  0  0  1  2 ] (0.00000000)
[  0  0  0  0  0  0  0  1  3 ] (0.00000056)
[  0  0  0  0  0  0  0  2  0 ] (0.00001632)
[  0  0  0  0  0  0  0  2  1 ] (0.00000346)
[  0  0  0  0  0  0  0  2  2 ] (0.00000086)
[  0  0  0  0  0  0  0  3  0 ] (0.00001535)
[  0  0  0  0  0  0  0  3  1 ] (0.00000133)
[  0  0  0  0  0  0  0  4  0 ] (0.00000019)
[  0  0  0  0  0  0  1  0  0 ] (0.00002342)
[  0  0  0  0  0  0  1  0  1 ] (0.00000579)
[  0  0  0  0  0  0  1  0  2 ] (0.00000163)
[  0  0  0  0  0  0  1  0  3 ] (0.00000042)
[  0  0  0  0  0  0  1  1  0 ] (0.00001291)
[  0  0  0  0  0  0  1  1  1 ] (0.00000019)
[  0  0  0  0  0  0  1  1  2 ] (0.00000005)
[  0  0  0  0  0  0  1  2  0 ] (0.00000021)
[  0  0  0  0  0  0  1  2  1 ] (0.00000106)
[  0  0  0  0  0  0  1  3  0 ] (0.00000365)
[  0  0  0  0  0  0  2  0  0 ] (0.00003815)
[  0  0  0  0  0  0  2  0  1 ] (0.00001125)
[  0  0  0  0  0  0  2  0  2 ] (0.00000108)
[  0  0  0  0  0  0  2  1  0 ] (0.00000288)
[  0  0  0  0  0  0  2  1  1 ] (0.00000004)
[  0  0  0  0  0  0  2  2  0 ] (0.00000006)
[  0  0  0  0  0  0  3  0  0 ] (0.00003588)
[  0  0  0  0  0  0  3  0  1 ] (0.00000918)
[  0  0  0  0  0  0  3  1  0 ] (0.00000310)
[  0  0  0  0  0  0  4  0  0 ] (0.00000448)
[  0  0  0  0  0  1  0  0  0 ] (0.00000989)
[  0  0  0  0  0  1  0  0  1 ] (0.00001445)
[  0  0  0  0  0  1  0  0  2 ] (0.00000124)
[  0  0  0  0  0  1  0  0  3 ] (0.00000026)
[  0  0  0  0  0  1  0  1  0 ] (0.00006546)
[  0  0  0  0  0  1  0  1  1 ] (0.00001384)
[  0  0  0  0  0  1  0  1  2 ] (0.00000098)
[  0  0  0  0  0  1  0  2  0 ] (0.00000001)
[  0  0  0  0  0  1  0  2  1 ] (0.00000000)
[  0  0  0  0  0  1  0  3  0 ] (0.00000001)
[  0  0  0  0  0  1  1  0  0 ] (0.00000537)
[  0  0  0  0  0  1  1  0  1 ] (0.00000004)
[  0  0  0  0  0  1  1  0  2 ] (0.00000054)
[  0  0  0  0  0  1  1  1  0 ] (0.00007351)
[  0  0  0  0  0  1  1  1  1 ] (0.00000003)
[  0  0  0  0  0  1  1  2  0 ] (0.00000000)
[  0  0  0  0  0  1  2  0  0 ] (0.00000019)
[  0  0  0  0  0  1  2  0  1 ] (0.00000021)
[  0  0  0  0  0  1  2  1  0 ] (0.00000059)
[  0  0  0  0  0  1  3  0  0 ] (0.00000041)
[  0  0  0  0  0  2  0  0  0 ] (0.00003789)
[  0  0  0  0  0  2  0  0  1 ] (0.00000032)
[  0  0  0  0  0  2  0  0  2 ] (0.00000026)
[  0  0  0  0  0  2  0  1  0 ] (0.00000021)
[  0  0  0  0  0  2  0  1  1 ] (0.00000101)
[  0  0  0  0  0  2  0  2  0 ] (0.00000170)
[  0  0  0  0  0  2  1  0  0 ] (0.00000583)
[  0  0  0  0  0  2  1  0  1 ] (0.00000038)
[  0  0  0  0  0  2  1  1  0 ] (0.00000902)
[  0  0  0  0  0  2  2  0  0 ] (0.00000018)
[  0  0  0  0  0  3  0  0  0 ] (0.00000549)
[  0  0  0  0  0  3  0  0  1 ] (0.00000000)
[  0  0  0  0  0  3  0  1  0 ] (0.00000002)
[  0  0  0  0  0  3  1  0  0 ] (0.00000434)
[  0  0  0  0  0  4  0  0  0 ] (0.00001018)
[  0  0  0  0  1  0  0  0  0 ] (0.00195843)
[  0  0  0  0  1  0  0  0  1 ] (0.00000179)
[  0  0  0  0  1  0  0  0  2 ] (0.00003532)
[  0  0  0  0  1  0  0  0  3 ] (0.00001272)
[  0  0  0  0  1  0  0  1  0 ] (0.00083217)
[  0  0  0  0  1  0  0  1  1 ] (0.00000502)
[  0  0  0  0  1  0  0  1  2 ] (0.00000013)
[  0  0  0  0  1  0  0  2  0 ] (0.00000042)
[  0  0  0  0  1  0  0  2  1 ] (0.00000074)
[  0  0  0  0  1  0  0  3  0 ] (0.00000000)
[  0  0  0  0  1  0  1  0  0 ] (0.00001655)
[  0  0  0  0  1  0  1  0  1 ] (0.00000525)
[  0  0  0  0  1  0  1  0  2 ] (0.00000067)
[  0  0  0  0  1  0  1  1  0 ] (0.00004150)
[  0  0  0  0  1  0  1  1  1 ] (0.00000042)
[  0  0  0  0  1  0  1  2  0 ] (0.00000061)
[  0  0  0  0  1  0  2  0  0 ] (0.00003444)
[  0  0  0  0  1  0  2  0  1 ] (0.00000003)
[  0  0  0  0  1  0  2  1  0 ] (0.00000043)
[  0  0  0  0  1  0  3  0  0 ] (0.00003709)
[  0  0  0  0  1  1  0  0  0 ] (0.11468344)
[  0  0  0  0  1  1  0  0  1 ] (0.00039882)
[  0  0  0  0  1  1  0  0  2 ] (0.00000016)
[  0  0  0  0  1  1  0  1  0 ] (0.00000764)
[  0  0  0  0  1  1  0  1  1 ] (0.00000732)
[  0  0  0  0  1  1  0  2  0 ] (0.00000129)
[  0  0  0  0  1  1  1  0  0 ] (0.00029460)
[  0  0  0  0  1  1  1  0  1 ] (0.00000109)
[  0  0  0  0  1  1  1  1  0 ] (0.00000130)
[  0  0  0  0  1  1  2  0  0 ] (0.00000235)
[  0  0  0  0  1  2  0  0  0 ] (0.00189417)
[  0  0  0  0  1  2  0  0  1 ] (0.00000627)
[  0  0  0  0  1  2  0  1  0 ] (0.00000201)
[  0  0  0  0  1  2  1  0  0 ] (0.00001916)
[  0  0  0  0  1  3  0  0  0 ] (0.00096667)
[  0  0  0  0  2  0  0  0  0 ] (0.00020790)
[  0  0  0  0  2  0  0  0  1 ] (0.00002298)
[  0  0  0  0  2  0  0  0  2 ] (0.00000020)
[  0  0  0  0  2  0  0  1  0 ] (0.00000375)
[  0  0  0  0  2  0  0  1  1 ] (0.00000012)
[  0  0  0  0  2  0  0  2  0 ] (0.00000000)
[  0  0  0  0  2  0  1  0  0 ] (0.00002271)
[  0  0  0  0  2  0  1  0  1 ] (0.00000099)
[  0  0  0  0  2  0  1  1  0 ] (0.00000149)
[  0  0  0  0  2  0  2  0  0 ] (0.00000039)
[  0  0  0  0  2  1  0  0  0 ] (0.00004380)
[  0  0  0  0  2  1  0  0  1 ] (0.00000056)
[  0  0  0  0  2  1  0  1  0 ] (0.00001109)
[  0  0  0  0  2  1  1  0  0 ] (0.00000044)
[  0  0  0  0  2  2  0  0  0 ] (0.00001570)
[  0  0  0  0  3  0  0  0  0 ] (0.00003068)
[  0  0  0  0  3  0  0  0  1 ] (0.00000971)
[  0  0  0  0  3  0  0  1  0 ] (0.00000070)
[  0  0  0  0  3  0  1  0  0 ] (0.00000124)
[  0  0  0  0  3  1  0  0  0 ] (0.00001072)
[  0  0  0  0  4  0  0  0  0 ] (0.00065004)
[  0  0  0  1  0  0  0  0  0 ] (0.00003962)
[  0  0  0  1  0  0  0  0  1 ] (0.00005391)
[  0  0  0  1  0  0  0  0  2 ] (0.00000077)
[  0  0  0  1  0  0  0  0  3 ] (0.00000015)
[  0  0  0  1  0  0  0  1  0 ] (0.00001899)
[  0  0  0  1  0  0  0  1  1 ] (0.00000011)
[  0  0  0  1  0  0  0  1  2 ] (0.00000052)
[  0  0  0  1  0  0  0  2  0 ] (0.00000013)
[  0  0  0  1  0  0  0  2  1 ] (0.00000067)
[  0  0  0  1  0  0  0  3  0 ] (0.00000003)
[  0  0  0  1  0  0  1  0  0 ] (0.00000813)
[  0  0  0  1  0  0  1  0  1 ] (0.00000002)
[  0  0  0  1  0  0  1  0  2 ] (0.00000004)
[  0  0  0  1  0  0  1  1  0 ] (0.00000475)
[  0  0  0  1  0  0  1  1  1 ] (0.00000117)
[  0  0  0  1  0  0  1  2  0 ] (0.00000031)
[  0  0  0  1  0  0  2  0  0 ] (0.00001075)
[  0  0  0  1  0  0  2  0  1 ] (0.00000183)
[  0  0  0  1  0  0  2  1  0 ] (0.00000013)
[  0  0  0  1  0  0  3  0  0 ] (0.00001140)
[  0  0  0  1  0  1  0  0  0 ] (0.00019062)
[  0  0  0  1  0  1  0  0  1 ] (0.00002147)
[  0  0  0  1  0  1  0  0  2 ] (0.00000010)
[  0  0  0  1  0  1  0  1  0 ] (0.00001027)
[  0  0  0  1  0  1  0  1  1 ] (0.00000079)
[  0  0  0  1  0  1  0  2  0 ] (0.00000078)
[  0  0  0  1  0  1  1  0  0 ] (0.00003304)
[  0  0  0  1  0  1  1  0  1 ] (0.00000016)
[  0  0  0  1  0  1  1  1  0 ] (0.00000300)
[  0  0  0  1  0  1  2  0  0 ] (0.00000014)
[  0  0  0  1  0  2  0  0  0 ] (0.00003820)
[  0  0  0  1  0  2  0  0  1 ] (0.00000112)
[  0  0  0  1  0  2  0  1  0 ] (0.00000195)
[  0  0  0  1  0  2  1  0  0 ] (0.00000169)
[  0  0  0  1  0  3  0  0  0 ] (0.00000001)
[  0  0  0  1  1  0  0  0  0 ] (0.00095788)
[  0  0  0  1  1  0  0  0  1 ] (0.00001834)
[  0  0  0  1  1  0  0  0  2 ] (0.00000007)
[  0  0  0  1  1  0  0  1  0 ] (0.00000007)
[  0  0  0  1  1  0  0  1  1 ] (0.00000171)
[  0  0  0  1  1  0  0  2  0 ] (0.00000082)
[  0  0  0  1  1  0  1  0  0 ] (0.00000014)
[  0  0  0  1  1  0  1  0  1 ] (0.00000166)
[  0  0  0  1  1  0  1  1  0 ] (0.00000281)
[  0  0  0  1  1  0  2  0  0 ] (0.00000065)
[  0  0  0  1  1  1  0  0  0 ] (0.00010429)
[  0  0  0  1  1  1  0  0  1 ] (0.00000513)
[  0  0  0  1  1  1  0  1  0 ] (0.00002566)
[  0  0  0  1  1  1  1  0  0 ] (0.00004871)
[  0  0  0  1  1  2  0  0  0 ] (0.00000302)
[  0  0  0  1  2  0  0  0  0 ] (0.00017807)
[  0  0  0  1  2  0  0  0  1 ] (0.00000099)
[  0  0  0  1  2  0  0  1  0 ] (0.00000000)
[  0  0  0  1  2  0  1  0  0 ] (0.00000000)
[  0  0  0  1  2  1  0  0  0 ] (0.00001618)
[  0  0  0  1  3  0  0  0  0 ] (0.00001321)
[  0  0  0  2  0  0  0  0  0 ] (0.00001006)
[  0  0  0  2  0  0  0  0  1 ] (0.00000586)
[  0  0  0  2  0  0  0  0  2 ] (0.00000024)
[  0  0  0  2  0  0  0  1  0 ] (0.00000509)
[  0  0  0  2  0  0  0  1  1 ] (0.00000134)
[  0  0  0  2  0  0  0  2  0 ] (0.00000000)
[  0  0  0  2  0  0  1  0  0 ] (0.00000111)
[  0  0  0  2  0  0  1  0  1 ] (0.00000052)
[  0  0  0  2  0  0  1  1  0 ] (0.00004269)
[  0  0  0  2  0  0  2  0  0 ] (0.00000249)
[  0  0  0  2  0  1  0  0  0 ] (0.00014330)
[  0  0  0  2  0  1  0  0  1 ] (0.00000001)
[  0  0  0  2  0  1  0  1  0 ] (0.00000175)
[  0  0  0  2  0  1  1  0  0 ] (0.00002913)
[  0  0  0  2  0  2  0  0  0 ] (0.00000705)
[  0  0  0  2  1  0  0  0  0 ] (0.05885088)
[  0  0  0  2  1  0  0  0  1 ] (0.00029502)
[  0  0  0  2  1  0  0  1  0 ] (0.00000151)
[  0  0  0  2  1  0  1  0  0 ] (0.00053650)
[  0  0  0  2  1  1  0  0  0 ] (0.01480921)
[  0  0  0  2  2  0  0  0  0 ] (0.00000003)
[  0  0  0  3  0  0  0  0  0 ] (0.00009951)
[  0  0  0  3  0  0  0  0  1 ] (0.00000120)
[  0  0  0  3  0  0  0  1  0 ] (0.00000158)
[  0  0  0  3  0  0  1  0  0 ] (0.00000050)
[  0  0  0  3  0  1  0  0  0 ] (0.00000084)
[  0  0  0  3  1  0  0  0  0 ] (0.00187245)
[  0  0  0  4  0  0  0  0  0 ] (0.00070406)
[  0  0  1  0  0  0  0  0  0 ] (0.00000054)
[  0  0  1  0  0  0  0  0  1 ] (0.00003459)
[  0  0  1  0  0  0  0  0  2 ] (0.00000024)
[  0  0  1  0  0  0  0  0  3 ] (0.00000015)
[  0  0  1  0  0  0  0  1  0 ] (0.00000104)
[  0  0  1  0  0  0  0  1  1 ] (0.00000020)
[  0  0  1  0  0  0  0  1  2 ] (0.00000002)
[  0  0  1  0  0  0  0  2  0 ] (0.00000207)
[  0  0  1  0  0  0  0  2  1 ] (0.00000004)
[  0  0  1  0  0  0  0  3  0 ] (0.00000194)
[  0  0  1  0  0  0  1  0  0 ] (0.00129442)
[  0  0  1  0  0  0  1  0  1 ] (0.00000236)
[  0  0  1  0  0  0  1  0  2 ] (0.00000037)
[  0  0  1  0  0  0  1  1  0 ] (0.00001013)
[  0  0  1  0  0  0  1  1  1 ] (0.00000002)
[  0  0  1  0  0  0  1  2  0 ] (0.00000003)
[  0  0  1  0  0  0  2  0  0 ] (0.00000689)
[  0  0  1  0  0  0  2  0  1 ] (0.00000011)
[  0  0  1  0  0  0  2  1  0 ] (0.00000001)
[  0  0  1  0  0  0  3  0  0 ] (0.00000327)
[  0  0  1  0  0  1  0  0  0 ] (0.00074150)
[  0  0  1  0  0  1  0  0  1 ] (0.00003492)
[  0  0  1  0  0  1  0  0  2 ] (0.00000002)
[  0  0  1  0  0  1  0  1  0 ] (0.00000287)
[  0  0  1  0  0  1  0  1  1 ] (0.00000088)
[  0  0  1  0  0  1  0  2  0 ] (0.00000161)
[  0  0  1  0  0  1  1  0  0 ] (0.00010728)
[  0  0  1  0  0  1  1  0  1 ] (0.00000013)
[  0  0  1  0  0  1  1  1  0 ] (0.00000889)
[  0  0  1  0  0  1  2  0  0 ] (0.00000014)
[  0  0  1  0  0  2  0  0  0 ] (0.00000101)
[  0  0  1  0  0  2  0  0  1 ] (0.00000003)
[  0  0  1  0  0  2  0  1  0 ] (0.00000817)
[  0  0  1  0  0  2  1  0  0 ] (0.00000315)
[  0  0  1  0  0  3  0  0  0 ] (0.00000553)
[  0  0  1  0  1  0  0  0  0 ] (0.00060220)
[  0  0  1  0  1  0  0  0  1 ] (0.00001134)
[  0  0  1  0  1  0  0  0  2 ] (0.00000365)
[  0  0  1  0  1  0  0  1  0 ] (0.00000001)
[  0  0  1  0  1  0  0  1  1 ] (0.00000409)
[  0  0  1  0  1  0  0  2  0 ] (0.00001690)
[  0  0  1  0  1  0  1  0  0 ] (0.00003157)
[  0  0  1  0  1  0  1  0  1 ] (0.00000028)
[  0  0  1  0  1  0  1  1  0 ] (0.00006083)
[  0  0  1  0  1  0  2  0  0 ] (0.00000019)
[  0  0  1  0  1  1  0  0  0 ] (0.00024967)
[  0  0  1  0  1  1  0  0  1 ] (0.00007193)
[  0  0  1  0  1  1  0  1  0 ] (0.00007813)
[  0  0  1  0  1  1  1  0  0 ] (0.00001535)
[  0  0  1  0  1  2  0  0  0 ] (0.00006746)
[  0  0  1  0  2  0  0  0  0 ] (0.00000650)
[  0  0  1  0  2  0  0  0  1 ] (0.00000195)
[  0  0  1  0  2  0  0  1  0 ] (0.00003450)
[  0  0  1  0  2  0  1  0  0 ] (0.00001408)
[  0  0  1  0  2  1  0  0  0 ] (0.00012422)
[  0  0  1  0  3  0  0  0  0 ] (0.00003597)
[  0  0  1  1  0  0  0  0  0 ] (0.00219798)
[  0  0  1  1  0  0  0  0  1 ] (0.00002227)
[  0  0  1  1  0  0  0  0  2 ] (0.00001423)
[  0  0  1  1  0  0  0  1  0 ] (0.00004771)
[  0  0  1  1  0  0  0  1  1 ] (0.00000011)
[  0  0  1  1  0  0  0  2  0 ] (0.00000057)
[  0  0  1  1  0  0  1  0  0 ] (0.00000366)
[  0  0  1  1  0  0  1  0  1 ] (0.00001015)
[  0  0  1  1  0  0  1  1  0 ] (0.00000114)
[  0  0  1  1  0  0  2  0  0 ] (0.00000202)
[  0  0  1  1  0  1  0  0  0 ] (0.00342595)
[  0  0  1  1  0  1  0  0  1 ] (0.00002831)
[  0  0  1  1  0  1  0  1  0 ] (0.00000324)
[  0  0  1  1  0  1  1  0  0 ] (0.00003169)
[  0  0  1  1  0  2  0  0  0 ] (0.00009036)
[  0  0  1  1  1  0  0  0  0 ] (0.00019566)
[  0  0  1  1  1  0  0  0  1 ] (0.00006890)
[  0  0  1  1  1  0  0  1  0 ] (0.00013409)
[  0  0  1  1  1  0  1  0  0 ] (0.00008413)
[  0  0  1  1  1  1  0  0  0 ] (0.00062813)
[  0  0  1  1  2  0  0  0  0 ] (0.00000573)
[  0  0  1  2  0  0  0  0  0 ] (0.00000940)
[  0  0  1  2  0  0  0  0  1 ] (0.00002300)
[  0  0  1  2  0  0  0  1  0 ] (0.00000076)
[  0  0  1  2  0  0  1  0  0 ] (0.00000015)
[  0  0  1  2  0  1  0  0  0 ] (0.00000095)
[  0  0  1  2  1  0  0  0  0 ] (0.00005986)
[  0  0  1  3  0  0  0  0  0 ] (0.00001284)
[  0  0  2  0  0  0  0  0  0 ] (0.00024598)
[  0  0  2  0  0  0  0  0  1 ] (0.00003272)
[  0  0  2  0  0  0  0  0  2 ] (0.00000058)
[  0  0  2  0  0  0  0  1  0 ] (0.00003887)
[  0  0  2  0  0  0  0  1  1 ] (0.00000003)
[  0  0  2  0  0  0  0  2  0 ] (0.00000066)
[  0  0  2  0  0  0  1  0  0 ] (0.00000357)
[  0  0  2  0  0  0  1  0  1 ] (0.00000380)
[  0  0  2  0  0  0  1  1  0 ] (0.00001382)
[  0  0  2  0  0  0  2  0  0 ] (0.00001015)
[  0  0  2  0  0  1  0  0  0 ] (0.00210851)
[  0  0  2  0  0  1  0  0  1 ] (0.00002091)
[  0  0  2  0  0  1  0  1  0 ] (0.00000379)
[  0  0  2  0  0  1  1  0  0 ] (0.00000573)
[  0  0  2  0  0  2  0  0  0 ] (0.00002412)
[  0  0  2  0  1  0  0  0  0 ] (0.00777782)
[  0  0  2  0  1  0  0  0  1 ] (0.00000000)
[  0  0  2  0  1  0  0  1  0 ] (0.00001311)
[  0  0  2  0  1  0  1  0  0 ] (0.00000000)
[  0  0  2  0  1  1  0  0  0 ] (0.00199313)
[  0  0  2  0  2  0  0  0  0 ] (0.00000016)
[  0  0  2  1  0  0  0  0  0 ] (0.00004592)
[  0  0  2  1  0  0  0  0  1 ] (0.00000066)
[  0  0  2  1  0  0  0  1  0 ] (0.00000013)
[  0  0  2  1  0  0  1  0  0 ] (0.00000499)
[  0  0  2  1  0  1  0  0  0 ] (0.00000136)
[  0  0  2  1  1  0  0  0  0 ] (0.00017587)
[  0  0  2  2  0  0  0  0  0 ] (0.00009640)
[  0  0  3  0  0  0  0  0  0 ] (0.00012218)
[  0  0  3  0  0  0  0  0  1 ] (0.00000837)
[  0  0  3  0  0  0  0  1  0 ] (0.00000038)
[  0  0  3  0  0  0  1  0  0 ] (0.00000065)
[  0  0  3  0  0  1  0  0  0 ] (0.00004033)
[  0  0  3  0  1  0  0  0  0 ] (0.00028927)
[  0  0  3  1  0  0  0  0  0 ] (0.00000118)
[  0  0  4  0  0  0  0  0  0 ] (0.00442929)
[  0  1  0  0  0  0  0  0  0 ] (0.00010484)
[  0  1  0  0  0  0  0  0  1 ] (0.00007795)
[  0  1  0  0  0  0  0  0  2 ] (0.00000189)
[  0  1  0  0  0  0  0  0  3 ] (0.00000022)
[  0  1  0  0  0  0  0  1  0 ] (0.00007477)
[  0  1  0  0  0  0  0  1  1 ] (0.00000096)
[  0  1  0  0  0  0  0  1  2 ] (0.00000013)
[  0  1  0  0  0  0  0  2  0 ] (0.00000380)
[  0  1  0  0  0  0  0  2  1 ] (0.00000034)
[  0  1  0  0  0  0  0  3  0 ] (0.00000208)
[  0  1  0  0  0  0  1  0  0 ] (0.00243697)
[  0  1  0  0  0  0  1  0  1 ] (0.00003269)
[  0  1  0  0  0  0  1  0  2 ] (0.00000010)
[  0  1  0  0  0  0  1  1  0 ] (0.00000004)
[  0  1  0  0  0  0  1  1  1 ] (0.00000000)
[  0  1  0  0  0  0  1  2  0 ] (0.00000124)
[  0  1  0  0  0  0  2  0  0 ] (0.00000014)
[  0  1  0  0  0  0  2  0  1 ] (0.00000064)
[  0  1  0  0  0  0  2  1  0 ] (0.00000050)
[  0  1  0  0  0  0  3  0  0 ] (0.00000034)
[  0  1  0  0  0  1  0  0  0 ] (0.00092582)
[  0  1  0  0  0  1  0  0  1 ] (0.00001654)
[  0  1  0  0  0  1  0  0  2 ] (0.00000013)
[  0  1  0  0  0  1  0  1  0 ] (0.00000336)
[  0  1  0  0  0  1  0  1  1 ] (0.00000010)
[  0  1  0  0  0  1  0  2  0 ] (0.00000019)
[  0  1  0  0  0  1  1  0  0 ] (0.00001575)
[  0  1  0  0  0  1  1  0  1 ] (0.00000005)
[  0  1  0  0  0  1  1  1  0 ] (0.00000001)
[  0  1  0  0  0  1  2  0  0 ] (0.00000032)
[  0  1  0  0  0  2  0  0  0 ] (0.00007126)
[  0  1  0  0  0  2  0  0  1 ] (0.00000007)
[  0  1  0  0  0  2  0  1  0 ] (0.00000623)
[  0  1  0  0  0  2  1  0  0 ] (0.00000251)
[  0  1  0  0  0  3  0  0  0 ] (0.00000692)
[  0  1  0  0  1  0  0  0  0 ] (0.00026594)
[  0  1  0  0  1  0  0  0  1 ] (0.00003914)
[  0  1  0  0  1  0  0  0  2 ] (0.00000000)
[  0  1  0  0  1  0  0  1  0 ] (0.00008126)
[  0  1  0  0  1  0  0  1  1 ] (0.00000302)
[  0  1  0  0  1  0  0  2  0 ] (0.00000455)
[  0  1  0  0  1  0  1  0  0 ] (0.00004903)
[  0  1  0  0  1  0  1  0  1 ] (0.00000863)
[  0  1  0  0  1  0  1  1  0 ] (0.00002594)
[  0  1  0  0  1  0  2  0  0 ] (0.00000145)
[  0  1  0  0  1  1  0  0  0 ] (0.00019900)
[  0  1  0  0  1  1  0  0  1 ] (0.00000218)
[  0  1  0  0  1  1  0  1  0 ] (0.00000001)
[  0  1  0  0  1  1  1  0  0 ] (0.00001706)
[  0  1  0  0  1  2  0  0  0 ] (0.00000485)
[  0  1  0  0  2  0  0  0  0 ] (0.00087620)
[  0  1  0  0  2  0  0  0  1 ] (0.00001925)
[  0  1  0  0  2  0  0  1  0 ] (0.00002565)
[  0  1  0  0  2  0  1  0  0 ] (0.00002198)
[  0  1  0  0  2  1  0  0  0 ] (0.00005906)
[  0  1  0  0  3  0  0  0  0 ] (0.00000004)
[  0  1  0  1  0  0  0  0  0 ] (0.00035233)
[  0  1  0  1  0  0  0  0  1 ] (0.00000403)
[  0  1  0  1  0  0  0  0  2 ] (0.00000038)
[  0  1  0  1  0  0  0  1  0 ] (0.00002141)
[  0  1  0  1  0  0  0  1  1 ] (0.00000022)
[  0  1  0  1  0  0  0  2  0 ] (0.00000005)
[  0  1  0  1  0  0  1  0  0 ] (0.00000226)
[  0  1  0  1  0  0  1  0  1 ] (0.00001829)
[  0  1  0  1  0  0  1  1  0 ] (0.00000060)
[  0  1  0  1  0  0  2  0  0 ] (0.00000414)
[  0  1  0  1  0  1  0  0  0 ] (0.00005850)
[  0  1  0  1  0  1  0  0  1 ] (0.00000442)
[  0  1  0  1  0  1  0  1  0 ] (0.00000694)
[  0  1  0  1  0  1  1  0  0 ] (0.00000002)
[  0  1  0  1  0  2  0  0  0 ] (0.00006314)
[  0  1  0  1  1  0  0  0  0 ] (0.00004303)
[  0  1  0  1  1  0  0  0  1 ] (0.00000000)
[  0  1  0  1  1  0  0  1  0 ] (0.00000410)
[  0  1  0  1  1  0  1  0  0 ] (0.00000939)
[  0  1  0  1  1  1  0  0  0 ] (0.00002192)
[  0  1  0  1  2  0  0  0  0 ] (0.00006917)
[  0  1  0  2  0  0  0  0  0 ] (0.00000541)
[  0  1  0  2  0  0  0  0  1 ] (0.00000748)
[  0  1  0  2  0  0  0  1  0 ] (0.00000061)
[  0  1  0  2  0  0  1  0  0 ] (0.00000584)
[  0  1  0  2  0  1  0  0  0 ] (0.00000101)
[  0  1  0  2  1  0  0  0  0 ] (0.00005714)
[  0  1  0  3  0  0  0  0  0 ] (0.00015605)
[  0  1  1  0  0  0  0  0  0 ] (0.00043862)
[  0  1  1  0  0  0  0  0  1 ] (0.00000010)
[  0  1  1  0  0  0  0  0  2 ] (0.00000329)
[  0  1  1  0  0  0  0  1  0 ] (0.00000015)
[  0  1  1  0  0  0  0  1  1 ] (0.00000674)
[  0  1  1  0  0  0  0  2  0 ] (0.00000010)
[  0  1  1  0  0  0  1  0  0 ] (0.00000030)
[  0  1  1  0  0  0  1  0  1 ] (0.00000000)
[  0  1  1  0  0  0  1  1  0 ] (0.00000110)
[  0  1  1  0  0  0  2  0  0 ] (0.00000304)
[  0  1  1  0  0  1  0  0  0 ] (0.00042645)
[  0  1  1  0  0  1  0  0  1 ] (0.00000196)
[  0  1  1  0  0  1  0  1  0 ] (0.00001983)
[  0  1  1  0  0  1  1  0  0 ] (0.00000137)
[  0  1  1  0  0  2  0  0  0 ] (0.00000084)
[  0  1  1  0  1  0  0  0  0 ] (0.00002602)
[  0  1  1  0  1  0  0  0  1 ] (0.00001012)
[  0  1  1  0  1  0  0  1  0 ] (0.00016567)
[  0  1  1  0  1  0  1  0  0 ] (0.00000000)
[  0  1  1  0  1  1  0  0  0 ] (0.00000060)
[  0  1  1  0  2  0  0  0  0 ] (0.00007702)
[  0  1  1  1  0  0  0  0  0 ] (0.03288153)
[  0  1  1  1  0  0  0  0  1 ] (0.00006395)
[  0  1  1  1  0  0  0  1  0 ] (0.00002563)
[  0  1  1  1  0  0  1  0  0 ] (0.00001609)
[  0  1  1  1  0  1  0  0  0 ] (0.00263151)
[  0  1  1  1  1  0  0  0  0 ] (0.00007591)
[  0  1  1  2  0  0  0  0  0 ] (0.00004137)
[  0  1  2  0  0  0  0  0  0 ] (0.00000004)
[  0  1  2  0  0  0  0  0  1 ] (0.00000297)
[  0  1  2  0  0  0  0  1  0 ] (0.00003151)
[  0  1  2  0  0  0  1  0  0 ] (0.00000494)
[  0  1  2  0  0  1  0  0  0 ] (0.00000456)
[  0  1  2  0  1  0  0  0  0 ] (0.00007924)
[  0  1  2  1  0  0  0  0  0 ] (0.00023167)
[  0  1  3  0  0  0  0  0  0 ] (0.00013132)
[  0  2  0  0  0  0  0  0  0 ] (0.00021808)
[  0  2  0  0  0  0  0  0  1 ] (0.00002946)
[  0  2  0  0  0  0  0  0  2 ] (0.00000685)
[  0  2  0  0  0  0  0  1  0 ] (0.00007333)
[  0  2  0  0  0  0  0  1  1 ] (0.00000891)
[  0  2  0  0  0  0  0  2  0 ] (0.00000021)
[  0  2  0  0  0  0  1  0  0 ] (0.00000455)
[  0  2  0  0  0  0  1  0  1 ] (0.00000440)
[  0  2  0  0  0  0  1  1  0 ] (0.00008702)
[  0  2  0  0  0  0  2  0  0 ] (0.00000503)
[  0  2  0  0  0  1  0  0  0 ] (0.00411893)
[  0  2  0  0  0  1  0  0  1 ] (0.00000452)
[  0  2  0  0  0  1  0  1  0 ] (0.00002234)
[  0  2  0  0  0  1  1  0  0 ] (0.00000000)
[  0  2  0  0  0  2  0  0  0 ] (0.00015278)
[  0  2  0  0  1  0  0  0  0 ] (0.07143343)
[  0  2  0  0  1  0  0  0  1 ] (0.00045968)
[  0  2  0  0  1  0  0  1  0 ] (0.00001463)
[  0  2  0  0  1  0  1  0  0 ] (0.00014351)
[  0  2  0  0  1  1  0  0  0 ] (0.00339060)
[  0  2  0  0  2  0  0  0  0 ] (0.00008999)
[  0  2  0  1  0  0  0  0  0 ] (0.00032379)
[  0  2  0  1  0  0  0  0  1 ] (0.00000180)
[  0  2  0  1  0  0  0  1  0 ] (0.00003016)
[  0  2  0  1  0  0  1  0  0 ] (0.00000461)
[  0  2  0  1  0  1  0  0  0 ] (0.00003771)
[  0  2  0  1  1  0  0  0  0 ] (0.00001155)
[  0  2  0  2  0  0  0  0  0 ] (0.00022179)
[  0  2  1  0  0  0  0  0  0 ] (0.00040055)
[  0  2  1  0  0  0  0  0  1 ] (0.00001294)
[  0  2  1  0  0  0  0  1  0 ] (0.00002947)
[  0  2  1  0  0  0  1  0  0 ] (0.00000003)
[  0  2  1  0  0  1  0  0  0 ] (0.00035209)
[  0  2  1  0  1  0  0  0  0 ] (0.00063531)
[  0  2  1  1  0  0  0  0  0 ] (0.00705251)
[  0  2  2  0  0  0  0  0  0 ] (0.00040025)
[  0  3  0  0  0  0  0  0  0 ] (0.00029071)
[  0  3  0  0  0  0  0  0  1 ] (0.00001647)
[  0  3  0  0  0  0  0  1  0 ] (0.00000218)
[  0  3  0  0  0  0  1  0  0 ] (0.00000850)
[  0  3  0  0  0  1  0  0  0 ] (0.00012370)
[  0  3  0  0  1  0  0  0  0 ] (0.00215719)
[  0  3  0  1  0  0  0  0  0 ] (0.01051945)
[  0  3  1  0  0  0  0  0  0 ] (0.00878226)
[  0  4  0  0  0  0  0  0  0 ] (0.01059423)
[  1  0  0  0  0  0  0  0  0 ] (0.00000003)
[  1  0  0  0  0  0  0  0  1 ] (0.00042100)
[  1  0  0  0  0  0  0  0  2 ] (0.00000079)
[  1  0  0  0  0  0  0  0  3 ] (0.00000086)
[  1  0  0  0  0  0  0  1  0 ] (0.00004499)
[  1  0  0  0  0  0  0  1  1 ] (0.00001439)
[  1  0  0  0  0  0  0  1  2 ] (0.00000069)
[  1  0  0  0  0  0  0  2  0 ] (0.00006936)
[  1  0  0  0  0  0  0  2  1 ] (0.00000101)
[  1  0  0  0  0  0  0  3  0 ] (0.00006504)
[  1  0  0  0  0  0  1  0  0 ] (0.01019085)
[  1  0  0  0  0  0  1  0  1 ] (0.00041038)
[  1  0  0  0  0  0  1  0  2 ] (0.00000454)
[  1  0  0  0  0  0  1  1  0 ] (0.00007612)
[  1  0  0  0  0  0  1  1  1 ] (0.00000100)
[  1  0  0  0  0  0  1  2  0 ] (0.00000469)
[  1  0  0  0  0  0  2  0  0 ] (0.00004309)
[  1  0  0  0  0  0  2  0  1 ] (0.00000790)
[  1  0  0  0  0  0  2  1  0 ] (0.00000053)
[  1  0  0  0  0  0  3  0  0 ] (0.00000026)
[  1  0  0  0  0  1  0  0  0 ] (0.00004718)
[  1  0  0  0  0  1  0  0  1 ] (0.00001294)
[  1  0  0  0  0  1  0  0  2 ] (0.00000535)
[  1  0  0  0  0  1  0  1  0 ] (0.00000069)
[  1  0  0  0  0  1  0  1  1 ] (0.00000082)
[  1  0  0  0  0  1  0  2  0 ] (0.00000001)
[  1  0  0  0  0  1  1  0  0 ] (0.00038914)
[  1  0  0  0  0  1  1  0  1 ] (0.00000167)
[  1  0  0  0  0  1  1  1  0 ] (0.00000851)
[  1  0  0  0  0  1  2  0  0 ] (0.00000061)
[  1  0  0  0  0  2  0  0  0 ] (0.00978412)
[  1  0  0  0  0  2  0  0  1 ] (0.00001586)
[  1  0  0  0  0  2  0  1  0 ] (0.00001144)
[  1  0  0  0  0  2  1  0  0 ] (0.00004487)
[  1  0  0  0  0  3  0  0  0 ] (0.00002544)
[  1  0  0  0  1  0  0  0  0 ] (0.00142989)
[  1  0  0  0  1  0  0  0  1 ] (0.00011402)
[  1  0  0  0  1  0  0  0  2 ] (0.00000220)
[  1  0  0  0  1  0  0  1  0 ] (0.00015401)
[  1  0  0  0  1  0  0  1  1 ] (0.00001644)
[  1  0  0  0  1  0  0  2  0 ] (0.00000598)
[  1  0  0  0  1  0  1  0  0 ] (0.00040896)
[  1  0  0  0  1  0  1  0  1 ] (0.00008801)
[  1  0  0  0  1  0  1  1  0 ] (0.00001001)
[  1  0  0  0  1  0  2  0  0 ] (0.00004458)
[  1  0  0  0  1  1  0  0  0 ] (0.00000944)
[  1  0  0  0  1  1  0  0  1 ] (0.00010574)
[  1  0  0  0  1  1  0  1  0 ] (0.00008376)
[  1  0  0  0  1  1  1  0  0 ] (0.00001664)
[  1  0  0  0  1  2  0  0  0 ] (0.00000507)
[  1  0  0  0  2  0  0  0  0 ] (0.00094381)
[  1  0  0  0  2  0  0  0  1 ] (0.00000161)
[  1  0  0  0  2  0  0  1  0 ] (0.00000182)
[  1  0  0  0  2  0  1  0  0 ] (0.00000844)
[  1  0  0  0  2  1  0  0  0 ] (0.00026741)
[  1  0  0  0  3  0  0  0  0 ] (0.00009151)
[  1  0  0  1  0  0  0  0  0 ] (0.00019278)
[  1  0  0  1  0  0  0  0  1 ] (0.00001783)
[  1  0  0  1  0  0  0  0  2 ] (0.00000007)
[  1  0  0  1  0  0  0  1  0 ] (0.00000319)
[  1  0  0  1  0  0  0  1  1 ] (0.00000504)
[  1  0  0  1  0  0  0  2  0 ] (0.00000000)
[  1  0  0  1  0  0  1  0  0 ] (0.00001188)
[  1  0  0  1  0  0  1  0  1 ] (0.00000218)
[  1  0  0  1  0  0  1  1  0 ] (0.00000236)
[  1  0  0  1  0  0  2  0  0 ] (0.00001318)
[  1  0  0  1  0  1  0  0  0 ] (0.01490114)
[  1  0  0  1  0  1  0  0  1 ] (0.00008248)
[  1  0  0  1  0  1  0  1  0 ] (0.00000350)
[  1  0  0  1  0  1  1  0  0 ] (0.00004856)
[  1  0  0  1  0  2  0  0  0 ] (0.00066019)
[  1  0  0  1  1  0  0  0  0 ] (0.00701893)
[  1  0  0  1  1  0  0  0  1 ] (0.00011523)
[  1  0  0  1  1  0  0  1  0 ] (0.00009679)
[  1  0  0  1  1  0  1  0  0 ] (0.00018561)
[  1  0  0  1  1  1  0  0  0 ] (0.00002561)
[  1  0  0  1  2  0  0  0  0 ] (0.00176355)
[  1  0  0  2  0  0  0  0  0 ] (0.00000161)
[  1  0  0  2  0  0  0  0  1 ] (0.00000003)
[  1  0  0  2  0  0  0  1  0 ] (0.00000314)
[  1  0  0  2  0  0  1  0  0 ] (0.00004872)
[  1  0  0  2  0  1  0  0  0 ] (0.00000021)
[  1  0  0  2  1  0  0  0  0 ] (0.00007742)
[  1  0  0  3  0  0  0  0  0 ] (0.00040825)
[  1  0  1  0  0  0  0  0  0 ] (0.00000055)
[  1  0  1  0  0  0  0  0  1 ] (0.00001262)
[  1  0  1  0  0  0  0  0  2 ] (0.00000567)
[  1  0  1  0  0  0  0  1  0 ] (0.00010100)
[  1  0  1  0  0  0  0  1  1 ] (0.00001443)
[  1  0  1  0  0  0  0  2  0 ] (0.00000001)
[  1  0  1  0  0  0  1  0  0 ] (0.00000918)
[  1  0  1  0  0  0  1  0  1 ] (0.00000406)
[  1  0  1  0  0  0  1  1  0 ] (0.00019050)
[  1  0  1  0  0  0  2  0  0 ] (0.00000373)
[  1  0  1  0  0  1  0  0  0 ] (0.02182270)
[  1  0  1  0  0  1  0  0  1 ] (0.00017123)
[  1  0  1  0  0  1  0  1  0 ] (0.00001179)
[  1  0  1  0  0  1  1  0  0 ] (0.00000015)
[  1  0  1  0  0  2  0  0  0 ] (0.00027342)
[  1  0  1  0  1  0  0  0  0 ] (0.26284830)
[  1  0  1  0  1  0  0  0  1 ] (0.00262344)
[  1  0  1  0  1  0  0  1  0 ] (0.00010602)
[  1  0  1  0  1  0  1  0  0 ] (0.00038831)
[  1  0  1  0  1  1  0  0  0 ] (0.01261551)
[  1  0  1  0  2  0  0  0  0 ] (0.00000018)
[  1  0  1  1  0  0  0  0  0 ] (0.00003432)
[  1  0  1  1  0  0  0  0  1 ] (0.00003713)
[  1  0  1  1  0  0  0  1  0 ] (0.00002590)
[  1  0  1  1  0  0  1  0  0 ] (0.00001293)
[  1  0  1  1  0  1  0  0  0 ] (0.00051935)
[  1  0  1  1  1  0  0  0  0 ] (0.00002640)
[  1  0  1  2  0  0  0  0  0 ] (0.00003173)
[  1  0  2  0  0  0  0  0  0 ] (0.00001585)
[  1  0  2  0  0  0  0  0  1 ] (0.00002601)
[  1  0  2  0  0  0  0  1  0 ] (0.00000787)
[  1  0  2  0  0  0  1  0  0 ] (0.00000769)
[  1  0  2  0  0  1  0  0  0 ] (0.00020562)
[  1  0  2  0  1  0  0  0  0 ] (0.00324532)
[  1  0  2  1  0  0  0  0  0 ] (0.01843543)
[  1  0  3  0  0  0  0  0  0 ] (0.00000428)
[  1  1  0  0  0  0  0  0  0 ] (0.00003525)
[  1  1  0  0  0  0  0  0  1 ] (0.00024509)
[  1  1  0  0  0  0  0  0  2 ] (0.00000026)
[  1  1  0  0  0  0  0  1  0 ] (0.00000744)
[  1  1  0  0  0  0  0  1  1 ] (0.00000085)
[  1  1  0  0  0  0  0  2  0 ] (0.00000098)
[  1  1  0  0  0  0  1  0  0 ] (0.00039064)
[  1  1  0  0  0  0  1  0  1 ] (0.00002479)
[  1  1  0  0  0  0  1  1  0 ] (0.00003561)
[  1  1  0  0  0  0  2  0  0 ] (0.00001296)
[  1  1  0  0  0  1  0  0  0 ] (0.00250272)
[  1  1  0  0  0  1  0  0  1 ] (0.00000407)
[  1  1  0  0  0  1  0  1  0 ] (0.00000234)
[  1  1  0  0  0  1  1  0  0 ] (0.00000614)
[  1  1  0  0  0  2  0  0  0 ] (0.00094807)
[  1  1  0  0  1  0  0  0  0 ] (0.02980377)
[  1  1  0  0  1  0  0  0  1 ] (0.00015059)
[  1  1  0  0  1  0  0  1  0 ] (0.00053756)
[  1  1  0  0  1  0  1  0  0 ] (0.00016671)
[  1  1  0  0  1  1  0  0  0 ] (0.00135771)
[  1  1  0  0  2  0  0  0  0 ] (0.00030598)
[  1  1  0  1  0  0  0  0  0 ] (0.00034266)
[  1  1  0  1  0  0  0  0  1 ] (0.00001643)
[  1  1  0  1  0  0  0  1  0 ] (0.00011859)
[  1  1  0  1  0  0  1  0  0 ] (0.00008156)
[  1  1  0  1  0  1  0  0  0 ] (0.00028305)
[  1  1  0  1  1  0  0  0  0 ] (0.00009846)
[  1  1  0  2  0  0  0  0  0 ] (0.00049395)
[  1  1  1  0  0  0  0  0  0 ] (0.00004557)
[  1  1  1  0  0  0  0  0  1 ] (0.00003307)
[  1  1  1  0  0  0  0  1  0 ] (0.00000005)
[  1  1  1  0  0  0  1  0  0 ] (0.00005907)
[  1  1  1  0  0  1  0  0  0 ] (0.00007110)
[  1  1  1  0  1  0  0  0  0 ] (0.00000861)
[  1  1  1  1  0  0  0  0  0 ] (0.00176396)
[  1  1  2  0  0  0  0  0  0 ] (0.00808941)
[  1  2  0  0  0  0  0  0  0 ] (0.00024101)
[  1  2  0  0  0  0  0  0  1 ] (0.00002337)
[  1  2  0  0  0  0  0  1  0 ] (0.00002294)
[  1  2  0  0  0  0  1  0  0 ] (0.00021185)
[  1  2  0  0  0  1  0  0  0 ] (0.00017941)
[  1  2  0  0  1  0  0  0  0 ] (0.00039343)
[  1  2  0  1  0  0  0  0  0 ] (0.00897748)
[  1  2  1  0  0  0  0  0  0 ] (0.01146355)
[  1  3  0  0  0  0  0  0  0 ] (0.00000575)
[  2  0  0  0  0  0  0  0  0 ] (0.00025391)
[  2  0  0  0  0  0  0  0  1 ] (0.00001750)
[  2  0  0  0  0  0  0  0  2 ] (0.00000297)
[  2  0  0  0  0  0  0  1  0 ] (0.00000032)
[  2  0  0  0  0  0  0  1  1 ] (0.00000487)
[  2  0  0  0  0  0  0  2  0 ] (0.00000001)
[  2  0  0  0  0  0  1  0  0 ] (0.00000946)
[  2  0  0  0  0  0  1  0  1 ] (0.00000014)
[  2  0  0  0  0  0  1  1  0 ] (0.00000537)
[  2  0  0  0  0  0  2  0  0 ] (0.00000017)
[  2  0  0  0  0  1  0  0  0 ] (0.00000085)
[  2  0  0  0  0  1  0  0  1 ] (0.00000014)
[  2  0  0  0  0  1  0  1  0 ] (0.00003691)
[  2  0  0  0  0  1  1  0  0 ] (0.00002838)
[  2  0  0  0  0  2  0  0  0 ] (0.00000721)
[  2  0  0  0  1  0  0  0  0 ] (0.01017143)
[  2  0  0  0  1  0  0  0  1 ] (0.00000242)
[  2  0  0  0  1  0  0  1  0 ] (0.00038629)
[  2  0  0  0  1  0  1  0  0 ] (0.00019800)
[  2  0  0  0  1  1  0  0  0 ] (0.00007860)
[  2  0  0  0  2  0  0  0  0 ] (0.00011773)
[  2  0  0  1  0  0  0  0  0 ] (0.00005367)
[  2  0  0  1  0  0  0  0  1 ] (0.00000280)
[  2  0  0  1  0  0  0  1  0 ] (0.00000084)
[  2  0  0  1  0  0  1  0  0 ] (0.00004792)
[  2  0  0  1  0  1  0  0  0 ] (0.00066903)
[  2  0  0  1  1  0  0  0  0 ] (0.00000067)
[  2  0  0  2  0  0  0  0  0 ] (0.00019034)
[  2  0  1  0  0  0  0  0  0 ] (0.00015798)
[  2  0  1  0  0  0  0  0  1 ] (0.00000005)
[  2  0  1  0  0  0  0  1  0 ] (0.00001332)
[  2  0  1  0  0  0  1  0  0 ] (0.00024952)
[  2  0  1  0  0  1  0  0  0 ] (0.00109770)
[  2  0  1  0  1  0  0  0  0 ] (0.00058372)
[  2  0  1  1  0  0  0  0  0 ] (0.00004055)
[  2  0  2  0  0  0  0  0  0 ] (0.00105771)
[  2  1  0  0  0  0  0  0  0 ] (0.00012606)
[  2  1  0  0  0  0  0  0  1 ] (0.00000834)
[  2  1  0  0  0  0  0  1  0 ] (0.00001457)
[  2  1  0  0  0  0  1  0  0 ] (0.00002804)
[  2  1  0  0  0  1  0  0  0 ] (0.00449021)
[  2  1  0  0  1  0  0  0  0 ] (0.00001038)
[  2  1  0  1  0  0  0  0  0 ] (0.01122983)
[  2  1  1  0  0  0  0  0  0 ] (0.00103390)
[  2  2  0  0  0  0  0  0  0 ] (0.00898511)
[  3  0  0  0  0  0  0  0  0 ] (0.00002057)
[  3  0  0  0  0  0  0  0  1 ] (0.00000000)
[  3  0  0  0  0  0  0  1  0 ] (0.00028740)
[  3  0  0  0  0  0  1  0  0 ] (0.00000397)
[  3  0  0  0  0  1  0  0  0 ] (0.00026136)
[  3  0  0  0  1  0  0  0  0 ] (0.11005268)
[  3  0  0  1  0  0  0  0  0 ] (0.00227886)
[  3  0  1  0  0  0  0  0  0 ] (0.00004637)
[  3  1  0  0  0  0  0  0  0 ] (0.00000555)
[  4  0  0  0  0  0  0  0  0 ] (0.00000131)
