|  -971.800244545334 |   188.833334581981 

[  0  0  0  0  0  0  0  0  0 ] (0.00000031)
[  0  0  0  0  0  0  0  0  1 ] (0.00007555)
[  0  0  0  0  0  0  0  0  2 ] (0.00005314)
[  0  0  0  0  0  0  0  0  3 ] (0.00000110)
[  0  0  0  0  0  0  0  0  4 ] (0.00000006)
[  0  0  0  0  0  0  0  1  0 ] (0.00000005)
[  0  0  0  0  0  0  0  1  1 ] (0.00000136)
[  0  0  0  0  0  0  0  1  2 ] (0.00000126)
[  0  0  0  0  0  0  0  1  3 ] (0.00000062)
[  0  0  0  0  0  0  0  2  0 ] (0.00000048)
[  0  0  0  0  0  0  0  2  1 ] (0.00000750)
[  0  0  0  0  0  0  0  2  2 ] (0.00000164)
[  0  0  0  0  0  0  0  3  0 ] (0.00000000)
[  0  0  0  0  0  0  0  3  1 ] (0.00000190)
[  0  0  0  0  0  0  0  4  0 ] (0.00002017)
[  0  0  0  0  0  0  1  0  0 ] (0.00000570)
[  0  0  0  0  0  0  1  0  1 ] (0.00013634)
[  0  0  0  0  0  0  1  0  2 ] (0.00000785)
[  0  0  0  0  0  0  1  0  3 ] (0.00000351)
[  0  0  0  0  0  0  1  1  0 ] (0.00003149)
[  0  0  0  0  0  0  1  1  1 ] (0.00000000)
[  0  0  0  0  0  0  1  1  2 ] (0.00000007)
[  0  0  0  0  0  0  1  2  0 ] (0.00000919)
[  0  0  0  0  0  0  1  2  1 ] (0.00000253)
[  0  0  0  0  0  0  1  3  0 ] (0.00000106)
[  0  0  0  0  0  0  2  0  0 ] (0.00000189)
[  0  0  0  0  0  0  2  0  1 ] (0.00000031)
[  0  0  0  0  0  0  2  0  2 ] (0.00000543)
[  0  0  0  0  0  0  2  1  0 ] (0.00006916)
[  0  0  0  0  0  0  2  1  1 ] (0.00000544)
[  0  0  0  0  0  0  2  2  0 ] (0.00000012)
[  0  0  0  0  0  0  3  0  0 ] (0.00002556)
[  0  0  0  0  0  0  3  0  1 ] (0.00000088)
[  0  0  0  0  0  0  3  1  0 ] (0.00000049)
[  0  0  0  0  0  0  4  0  0 ] (0.00000000)
[  0  0  0  0  0  1  0  0  0 ] (0.00000917)
[  0  0  0  0  0  1  0  0  1 ] (0.00008400)
[  0  0  0  0  0  1  0  0  2 ] (0.00058994)
[  0  0  0  0  0  1  0  0  3 ] (0.00000053)
[  0  0  0  0  0  1  0  1  0 ] (0.00000804)
[  0  0  0  0  0  1  0  1  1 ] (0.00070845)
[  0  0  0  0  0  1  0  1  2 ] (0.00000547)
[  0  0  0  0  0  1  0  2  0 ] (0.00126719)
[  0  0  0  0  0  1  0  2  1 ] (0.00013883)
[  0  0  0  0  0  1  0  3  0 ] (0.00001340)
[  0  0  0  0  0  1  1  0  0 ] (0.00018440)
[  0  0  0  0  0  1  1  0  1 ] (0.00007001)
[  0  0  0  0  0  1  1  0  2 ] (0.00000751)
[  0  0  0  0  0  1  1  1  0 ] (0.00004838)
[  0  0  0  0  0  1  1  1  1 ] (0.00000102)
[  0  0  0  0  0  1  1  2  0 ] (0.00018675)
[  0  0  0  0  0  1  2  0  0 ] (0.00001744)
[  0  0  0  0  0  1  2  0  1 ] (0.00000124)
[  0  0  0  0  0  1  2  1  0 ] (0.00000482)
[  0  0  0  0  0  1  3  0  0 ] (0.00006219)
[  0  0  0  0  0  2  0  0  0 ] (0.00001835)
[  0  0  0  0  0  2  0  0  1 ] (0.00093089)
[  0  0  0  0  0  2  0  0  2 ] (0.00002055)
[  0  0  0  0  0  2  0  1  0 ] (0.00053433)
[  0  0  0  0  0  2  0  1  1 ] (0.00000124)
[  0  0  0  0  0  2  0  2  0 ] (0.00000081)
[  0  0  0  0  0  2  1  0  0 ] (0.00018944)
[  0  0  0  0  0  2  1  0  1 ] (0.00000500)
[  0  0  0  0  0  2  1  1  0 ] (0.00002673)
[  0  0  0  0  0  2  2  0  0 ] (0.00036477)
[  0  0  0  0  0  3  0  0  0 ] (0.00004266)
[  0  0  0  0  0  3  0  0  1 ] (0.00001265)
[  0  0  0  0  0  3  0  1  0 ] (0.00001987)
[  0  0  0  0  0  3  1  0  0 ] (0.00007990)
[  0  0  0  0  0  4  0  0  0 ] (0.00003511)
[  0  0  0  0  1  0  0  0  0 ] (0.00000194)
[  0  0  0  0  1  0  0  0  1 ] (0.00092872)
[  0  0  0  0  1  0  0  0  2 ] (0.00004902)
[  0  0  0  0  1  0  0  0  3 ] (0.00001436)
[  0  0  0  0  1  0  0  1  0 ] (0.00001164)
[  0  0  0  0  1  0  0  1  1 ] (0.00001801)
[  0  0  0  0  1  0  0  1  2 ] (0.00000347)
[  0  0  0  0  1  0  0  2  0 ] (0.00005898)
[  0  0  0  0  1  0  0  2  1 ] (0.00000059)
[  0  0  0  0  1  0  0  3  0 ] (0.00001990)
[  0  0  0  0  1  0  1  0  0 ] (0.00000365)
[  0  0  0  0  1  0  1  0  1 ] (0.00000285)
[  0  0  0  0  1  0  1  0  2 ] (0.00000117)
[  0  0  0  0  1  0  1  1  0 ] (0.00007949)
[  0  0  0  0  1  0  1  1  1 ] (0.00000284)
[  0  0  0  0  1  0  1  2  0 ] (0.00000295)
[  0  0  0  0  1  0  2  0  0 ] (0.00000701)
[  0  0  0  0  1  0  2  0  1 ] (0.00000058)
[  0  0  0  0  1  0  2  1  0 ] (0.00000790)
[  0  0  0  0  1  0  3  0  0 ] (0.00003820)
[  0  0  0  0  1  1  0  0  0 ] (0.00009678)
[  0  0  0  0  1  1  0  0  1 ] (0.01885934)
[  0  0  0  0  1  1  0  0  2 ] (0.00015763)
[  0  0  0  0  1  1  0  1  0 ] (0.00135715)
[  0  0  0  0  1  1  0  1  1 ] (0.00002034)
[  0  0  0  0  1  1  0  2  0 ] (0.00011390)
[  0  0  0  0  1  1  1  0  0 ] (0.00013533)
[  0  0  0  0  1  1  1  0  1 ] (0.00007022)
[  0  0  0  0  1  1  1  1  0 ] (0.00008776)
[  0  0  0  0  1  1  2  0  0 ] (0.00029959)
[  0  0  0  0  1  2  0  0  0 ] (0.00000052)
[  0  0  0  0  1  2  0  0  1 ] (0.00092303)
[  0  0  0  0  1  2  0  1  0 ] (0.00009940)
[  0  0  0  0  1  2  1  0  0 ] (0.00008243)
[  0  0  0  0  1  3  0  0  0 ] (0.00025831)
[  0  0  0  0  2  0  0  0  0 ] (0.00000294)
[  0  0  0  0  2  0  0  0  1 ] (0.00000775)
[  0  0  0  0  2  0  0  0  2 ] (0.00000912)
[  0  0  0  0  2  0  0  1  0 ] (0.00000670)
[  0  0  0  0  2  0  0  1  1 ] (0.00000755)
[  0  0  0  0  2  0  0  2  0 ] (0.00000229)
[  0  0  0  0  2  0  1  0  0 ] (0.00004353)
[  0  0  0  0  2  0  1  0  1 ] (0.00000098)
[  0  0  0  0  2  0  1  1  0 ] (0.00000654)
[  0  0  0  0  2  0  2  0  0 ] (0.00000903)
[  0  0  0  0  2  1  0  0  0 ] (0.00000514)
[  0  0  0  0  2  1  0  0  1 ] (0.00000621)
[  0  0  0  0  2  1  0  1  0 ] (0.00000220)
[  0  0  0  0  2  1  1  0  0 ] (0.00001631)
[  0  0  0  0  2  2  0  0  0 ] (0.00001410)
[  0  0  0  0  3  0  0  0  0 ] (0.00000259)
[  0  0  0  0  3  0  0  0  1 ] (0.00002125)
[  0  0  0  0  3  0  0  1  0 ] (0.00002816)
[  0  0  0  0  3  0  1  0  0 ] (0.00041422)
[  0  0  0  0  3  1  0  0  0 ] (0.00001679)
[  0  0  0  0  4  0  0  0  0 ] (0.00000136)
[  0  0  0  1  0  0  0  0  0 ] (0.00000388)
[  0  0  0  1  0  0  0  0  1 ] (0.00015279)
[  0  0  0  1  0  0  0  0  2 ] (0.00137752)
[  0  0  0  1  0  0  0  0  3 ] (0.00000072)
[  0  0  0  1  0  0  0  1  0 ] (0.00000163)
[  0  0  0  1  0  0  0  1  1 ] (0.00009575)
[  0  0  0  1  0  0  0  1  2 ] (0.00000067)
[  0  0  0  1  0  0  0  2  0 ] (0.00001202)
[  0  0  0  1  0  0  0  2  1 ] (0.00000144)
[  0  0  0  1  0  0  0  3  0 ] (0.00000714)
[  0  0  0  1  0  0  1  0  0 ] (0.00000172)
[  0  0  0  1  0  0  1  0  1 ] (0.00032434)
[  0  0  0  1  0  0  1  0  2 ] (0.00000064)
[  0  0  0  1  0  0  1  1  0 ] (0.00000353)
[  0  0  0  1  0  0  1  1  1 ] (0.00000812)
[  0  0  0  1  0  0  1  2  0 ] (0.00000793)
[  0  0  0  1  0  0  2  0  0 ] (0.00001029)
[  0  0  0  1  0  0  2  0  1 ] (0.00000795)
[  0  0  0  1  0  0  2  1  0 ] (0.00000088)
[  0  0  0  1  0  0  3  0  0 ] (0.00008878)
[  0  0  0  1  0  1  0  0  0 ] (0.00001168)
[  0  0  0  1  0  1  0  0  1 ] (0.00132626)
[  0  0  0  1  0  1  0  0  2 ] (0.00024893)
[  0  0  0  1  0  1  0  1  0 ] (0.00003945)
[  0  0  0  1  0  1  0  1  1 ] (0.00000944)
[  0  0  0  1  0  1  0  2  0 ] (0.00002824)
[  0  0  0  1  0  1  1  0  0 ] (0.00011683)
[  0  0  0  1  0  1  1  0  1 ] (0.00000127)
[  0  0  0  1  0  1  1  1  0 ] (0.00000771)
[  0  0  0  1  0  1  2  0  0 ] (0.00009438)
[  0  0  0  1  0  2  0  0  0 ] (0.00002154)
[  0  0  0  1  0  2  0  0  1 ] (0.00144598)
[  0  0  0  1  0  2  0  1  0 ] (0.00003131)
[  0  0  0  1  0  2  1  0  0 ] (0.00008674)
[  0  0  0  1  0  3  0  0  0 ] (0.00004053)
[  0  0  0  1  1  0  0  0  0 ] (0.00002763)
[  0  0  0  1  1  0  0  0  1 ] (0.00174550)
[  0  0  0  1  1  0  0  0  2 ] (0.00001155)
[  0  0  0  1  1  0  0  1  0 ] (0.00009774)
[  0  0  0  1  1  0  0  1  1 ] (0.00000294)
[  0  0  0  1  1  0  0  2  0 ] (0.00000915)
[  0  0  0  1  1  0  1  0  0 ] (0.00000060)
[  0  0  0  1  1  0  1  0  1 ] (0.00005372)
[  0  0  0  1  1  0  1  1  0 ] (0.00000001)
[  0  0  0  1  1  0  2  0  0 ] (0.00011077)
[  0  0  0  1  1  1  0  0  0 ] (0.00000075)
[  0  0  0  1  1  1  0  0  1 ] (0.00032061)
[  0  0  0  1  1  1  0  1  0 ] (0.00004553)
[  0  0  0  1  1  1  1  0  0 ] (0.00000007)
[  0  0  0  1  1  2  0  0  0 ] (0.00001578)
[  0  0  0  1  2  0  0  0  0 ] (0.00000988)
[  0  0  0  1  2  0  0  0  1 ] (0.00010098)
[  0  0  0  1  2  0  0  1  0 ] (0.00003746)
[  0  0  0  1  2  0  1  0  0 ] (0.00025458)
[  0  0  0  1  2  1  0  0  0 ] (0.00005874)
[  0  0  0  1  3  0  0  0  0 ] (0.00011147)
[  0  0  0  2  0  0  0  0  0 ] (0.00000001)
[  0  0  0  2  0  0  0  0  1 ] (0.00013964)
[  0  0  0  2  0  0  0  0  2 ] (0.00000071)
[  0  0  0  2  0  0  0  1  0 ] (0.00000138)
[  0  0  0  2  0  0  0  1  1 ] (0.00000949)
[  0  0  0  2  0  0  0  2  0 ] (0.00007951)
[  0  0  0  2  0  0  1  0  0 ] (0.00000213)
[  0  0  0  2  0  0  1  0  1 ] (0.00000466)
[  0  0  0  2  0  0  1  1  0 ] (0.00000053)
[  0  0  0  2  0  0  2  0  0 ] (0.00003240)
[  0  0  0  2  0  1  0  0  0 ] (0.00001777)
[  0  0  0  2  0  1  0  0  1 ] (0.00589294)
[  0  0  0  2  0  1  0  1  0 ] (0.00009936)
[  0  0  0  2  0  1  1  0  0 ] (0.00011722)
[  0  0  0  2  0  2  0  0  0 ] (0.00000260)
[  0  0  0  2  1  0  0  0  0 ] (0.00000002)
[  0  0  0  2  1  0  0  0  1 ] (0.00017858)
[  0  0  0  2  1  0  0  1  0 ] (0.00000937)
[  0  0  0  2  1  0  1  0  0 ] (0.00022210)
[  0  0  0  2  1  1  0  0  0 ] (0.00000327)
[  0  0  0  2  2  0  0  0  0 ] (0.00001256)
[  0  0  0  3  0  0  0  0  0 ] (0.00000007)
[  0  0  0  3  0  0  0  0  1 ] (0.00120440)
[  0  0  0  3  0  0  0  1  0 ] (0.00000545)
[  0  0  0  3  0  0  1  0  0 ] (0.00000073)
[  0  0  0  3  0  1  0  0  0 ] (0.00000389)
[  0  0  0  3  1  0  0  0  0 ] (0.00001992)
[  0  0  0  4  0  0  0  0  0 ] (0.00000006)
[  0  0  1  0  0  0  0  0  0 ] (0.00000435)
[  0  0  1  0  0  0  0  0  1 ] (0.00002058)
[  0  0  1  0  0  0  0  0  2 ] (0.00512143)
[  0  0  1  0  0  0  0  0  3 ] (0.00000032)
[  0  0  1  0  0  0  0  1  0 ] (0.00000849)
[  0  0  1  0  0  0  0  1  1 ] (0.00005118)
[  0  0  1  0  0  0  0  1  2 ] (0.00001824)
[  0  0  1  0  0  0  0  2  0 ] (0.00000352)
[  0  0  1  0  0  0  0  2  1 ] (0.00001931)
[  0  0  1  0  0  0  0  3  0 ] (0.00001096)
[  0  0  1  0  0  0  1  0  0 ] (0.00000038)
[  0  0  1  0  0  0  1  0  1 ] (0.00002415)
[  0  0  1  0  0  0  1  0  2 ] (0.00001933)
[  0  0  1  0  0  0  1  1  0 ] (0.00004482)
[  0  0  1  0  0  0  1  1  1 ] (0.00000163)
[  0  0  1  0  0  0  1  2  0 ] (0.00000559)
[  0  0  1  0  0  0  2  0  0 ] (0.00001173)
[  0  0  1  0  0  0  2  0  1 ] (0.00001695)
[  0  0  1  0  0  0  2  1  0 ] (0.00000804)
[  0  0  1  0  0  0  3  0  0 ] (0.00020927)
[  0  0  1  0  0  1  0  0  0 ] (0.00000217)
[  0  0  1  0  0  1  0  0  1 ] (0.00074083)
[  0  0  1  0  0  1  0  0  2 ] (0.00008861)
[  0  0  1  0  0  1  0  1  0 ] (0.00056288)
[  0  0  1  0  0  1  0  1  1 ] (0.00000150)
[  0  0  1  0  0  1  0  2  0 ] (0.00001169)
[  0  0  1  0  0  1  1  0  0 ] (0.00010457)
[  0  0  1  0  0  1  1  0  1 ] (0.00010809)
[  0  0  1  0  0  1  1  1  0 ] (0.00000013)
[  0  0  1  0  0  1  2  0  0 ] (0.00000134)
[  0  0  1  0  0  2  0  0  0 ] (0.00003021)
[  0  0  1  0  0  2  0  0  1 ] (0.00000211)
[  0  0  1  0  0  2  0  1  0 ] (0.00092460)
[  0  0  1  0  0  2  1  0  0 ] (0.00250261)
[  0  0  1  0  0  3  0  0  0 ] (0.00000052)
[  0  0  1  0  1  0  0  0  0 ] (0.00000705)
[  0  0  1  0  1  0  0  0  1 ] (0.00030607)
[  0  0  1  0  1  0  0  0  2 ] (0.00002264)
[  0  0  1  0  1  0  0  1  0 ] (0.00024107)
[  0  0  1  0  1  0  0  1  1 ] (0.00001846)
[  0  0  1  0  1  0  0  2  0 ] (0.00001148)
[  0  0  1  0  1  0  1  0  0 ] (0.00000746)
[  0  0  1  0  1  0  1  0  1 ] (0.00000003)
[  0  0  1  0  1  0  1  1  0 ] (0.00000961)
[  0  0  1  0  1  0  2  0  0 ] (0.00006989)
[  0  0  1  0  1  1  0  0  0 ] (0.00000707)
[  0  0  1  0  1  1  0  0  1 ] (0.00014943)
[  0  0  1  0  1  1  0  1  0 ] (0.00002009)
[  0  0  1  0  1  1  1  0  0 ] (0.00010051)
[  0  0  1  0  1  2  0  0  0 ] (0.00000165)
[  0  0  1  0  2  0  0  0  0 ] (0.00000530)
[  0  0  1  0  2  0  0  0  1 ] (0.00018049)
[  0  0  1  0  2  0  0  1  0 ] (0.00028334)
[  0  0  1  0  2  0  1  0  0 ] (0.00006282)
[  0  0  1  0  2  1  0  0  0 ] (0.00000667)
[  0  0  1  0  3  0  0  0  0 ] (0.00000217)
[  0  0  1  1  0  0  0  0  0 ] (0.00000242)
[  0  0  1  1  0  0  0  0  1 ] (0.00007169)
[  0  0  1  1  0  0  0  0  2 ] (0.00004255)
[  0  0  1  1  0  0  0  1  0 ] (0.00001935)
[  0  0  1  1  0  0  0  1  1 ] (0.00004545)
[  0  0  1  1  0  0  0  2  0 ] (0.00005632)
[  0  0  1  1  0  0  1  0  0 ] (0.00018014)
[  0  0  1  1  0  0  1  0  1 ] (0.00000376)
[  0  0  1  1  0  0  1  1  0 ] (0.00000007)
[  0  0  1  1  0  0  2  0  0 ] (0.00008512)
[  0  0  1  1  0  1  0  0  0 ] (0.00007939)
[  0  0  1  1  0  1  0  0  1 ] (0.00168230)
[  0  0  1  1  0  1  0  1  0 ] (0.00010588)
[  0  0  1  1  0  1  1  0  0 ] (0.00004181)
[  0  0  1  1  0  2  0  0  0 ] (0.00000124)
[  0  0  1  1  1  0  0  0  0 ] (0.00000024)
[  0  0  1  1  1  0  0  0  1 ] (0.00018080)
[  0  0  1  1  1  0  0  1  0 ] (0.00000952)
[  0  0  1  1  1  0  1  0  0 ] (0.00006702)
[  0  0  1  1  1  1  0  0  0 ] (0.00001542)
[  0  0  1  1  2  0  0  0  0 ] (0.00001417)
[  0  0  1  2  0  0  0  0  0 ] (0.00042040)
[  0  0  1  2  0  0  0  0  1 ] (0.02533225)
[  0  0  1  2  0  0  0  1  0 ] (0.00359253)
[  0  0  1  2  0  0  1  0  0 ] (0.00051406)
[  0  0  1  2  0  1  0  0  0 ] (0.00028067)
[  0  0  1  2  1  0  0  0  0 ] (0.00000574)
[  0  0  1  3  0  0  0  0  0 ] (0.00002673)
[  0  0  2  0  0  0  0  0  0 ] (0.00000065)
[  0  0  2  0  0  0  0  0  1 ] (0.00000802)
[  0  0  2  0  0  0  0  0  2 ] (0.00021832)
[  0  0  2  0  0  0  0  1  0 ] (0.00000204)
[  0  0  2  0  0  0  0  1  1 ] (0.00000249)
[  0  0  2  0  0  0  0  2  0 ] (0.00008328)
[  0  0  2  0  0  0  1  0  0 ] (0.00006964)
[  0  0  2  0  0  0  1  0  1 ] (0.00005311)
[  0  0  2  0  0  0  1  1  0 ] (0.00001938)
[  0  0  2  0  0  0  2  0  0 ] (0.00011856)
[  0  0  2  0  0  1  0  0  0 ] (0.00000624)
[  0  0  2  0  0  1  0  0  1 ] (0.00040341)
[  0  0  2  0  0  1  0  1  0 ] (0.00012421)
[  0  0  2  0  0  1  1  0  0 ] (0.00142438)
[  0  0  2  0  0  2  0  0  0 ] (0.00000171)
[  0  0  2  0  1  0  0  0  0 ] (0.00000309)
[  0  0  2  0  1  0  0  0  1 ] (0.00039351)
[  0  0  2  0  1  0  0  1  0 ] (0.00000021)
[  0  0  2  0  1  0  1  0  0 ] (0.00237213)
[  0  0  2  0  1  1  0  0  0 ] (0.00000372)
[  0  0  2  0  2  0  0  0  0 ] (0.00000004)
[  0  0  2  1  0  0  0  0  0 ] (0.00003821)
[  0  0  2  1  0  0  0  0  1 ] (0.00018961)
[  0  0  2  1  0  0  0  1  0 ] (0.00563563)
[  0  0  2  1  0  0  1  0  0 ] (0.00026226)
[  0  0  2  1  0  1  0  0  0 ] (0.00002413)
[  0  0  2  1  1  0  0  0  0 ] (0.00005693)
[  0  0  2  2  0  0  0  0  0 ] (0.00001610)
[  0  0  3  0  0  0  0  0  0 ] (0.00000098)
[  0  0  3  0  0  0  0  0  1 ] (0.00008840)
[  0  0  3  0  0  0  0  1  0 ] (0.00000097)
[  0  0  3  0  0  0  1  0  0 ] (0.00002288)
[  0  0  3  0  0  1  0  0  0 ] (0.00000258)
[  0  0  3  0  1  0  0  0  0 ] (0.00002880)
[  0  0  3  1  0  0  0  0  0 ] (0.00000080)
[  0  0  4  0  0  0  0  0  0 ] (0.00000072)
[  0  1  0  0  0  0  0  0  0 ] (0.00000302)
[  0  1  0  0  0  0  0  0  1 ] (0.00000064)
[  0  1  0  0  0  0  0  0  2 ] (0.00063780)
[  0  1  0  0  0  0  0  0  3 ] (0.00000615)
[  0  1  0  0  0  0  0  1  0 ] (0.00000897)
[  0  1  0  0  0  0  0  1  1 ] (0.00004240)
[  0  1  0  0  0  0  0  1  2 ] (0.00000602)
[  0  1  0  0  0  0  0  2  0 ] (0.00055485)
[  0  1  0  0  0  0  0  2  1 ] (0.00011166)
[  0  1  0  0  0  0  0  3  0 ] (0.00000082)
[  0  1  0  0  0  0  1  0  0 ] (0.00003494)
[  0  1  0  0  0  0  1  0  1 ] (0.00001616)
[  0  1  0  0  0  0  1  0  2 ] (0.00000000)
[  0  1  0  0  0  0  1  1  0 ] (0.00005027)
[  0  1  0  0  0  0  1  1  1 ] (0.00000012)
[  0  1  0  0  0  0  1  2  0 ] (0.00006714)
[  0  1  0  0  0  0  2  0  0 ] (0.00000669)
[  0  1  0  0  0  0  2  0  1 ] (0.00000109)
[  0  1  0  0  0  0  2  1  0 ] (0.00000039)
[  0  1  0  0  0  0  3  0  0 ] (0.00001734)
[  0  1  0  0  0  1  0  0  0 ] (0.00000166)
[  0  1  0  0  0  1  0  0  1 ] (0.00005087)
[  0  1  0  0  0  1  0  0  2 ] (0.00004535)
[  0  1  0  0  0  1  0  1  0 ] (0.00050702)
[  0  1  0  0  0  1  0  1  1 ] (0.00000856)
[  0  1  0  0  0  1  0  2  0 ] (0.00002395)
[  0  1  0  0  0  1  1  0  0 ] (0.00022718)
[  0  1  0  0  0  1  1  0  1 ] (0.00000013)
[  0  1  0  0  0  1  1  1  0 ] (0.00006108)
[  0  1  0  0  0  1  2  0  0 ] (0.00047569)
[  0  1  0  0  0  2  0  0  0 ] (0.00002156)
[  0  1  0  0  0  2  0  0  1 ] (0.00001239)
[  0  1  0  0  0  2  0  1  0 ] (0.00005307)
[  0  1  0  0  0  2  1  0  0 ] (0.00372082)
[  0  1  0  0  0  3  0  0  0 ] (0.00000030)
[  0  1  0  0  1  0  0  0  0 ] (0.00000054)
[  0  1  0  0  1  0  0  0  1 ] (0.00008286)
[  0  1  0  0  1  0  0  0  2 ] (0.00000666)
[  0  1  0  0  1  0  0  1  0 ] (0.00048901)
[  0  1  0  0  1  0  0  1  1 ] (0.00006859)
[  0  1  0  0  1  0  0  2  0 ] (0.00000077)
[  0  1  0  0  1  0  1  0  0 ] (0.00001112)
[  0  1  0  0  1  0  1  0  1 ] (0.00001712)
[  0  1  0  0  1  0  1  1  0 ] (0.00000972)
[  0  1  0  0  1  0  2  0  0 ] (0.00000942)
[  0  1  0  0  1  1  0  0  0 ] (0.00000330)
[  0  1  0  0  1  1  0  0  1 ] (0.00010969)
[  0  1  0  0  1  1  0  1  0 ] (0.00015859)
[  0  1  0  0  1  1  1  0  0 ] (0.00186726)
[  0  1  0  0  1  2  0  0  0 ] (0.00000047)
[  0  1  0  0  2  0  0  0  0 ] (0.00000047)
[  0  1  0  0  2  0  0  0  1 ] (0.00025712)
[  0  1  0  0  2  0  0  1  0 ] (0.00000000)
[  0  1  0  0  2  0  1  0  0 ] (0.00460164)
[  0  1  0  0  2  1  0  0  0 ] (0.00000006)
[  0  1  0  0  3  0  0  0  0 ] (0.00000078)
[  0  1  0  1  0  0  0  0  0 ] (0.00000000)
[  0  1  0  1  0  0  0  0  1 ] (0.00001483)
[  0  1  0  1  0  0  0  0  2 ] (0.00000355)
[  0  1  0  1  0  0  0  1  0 ] (0.00000920)
[  0  1  0  1  0  0  0  1  1 ] (0.00000658)
[  0  1  0  1  0  0  0  2  0 ] (0.00000101)
[  0  1  0  1  0  0  1  0  0 ] (0.00001287)
[  0  1  0  1  0  0  1  0  1 ] (0.00000448)
[  0  1  0  1  0  0  1  1  0 ] (0.00000160)
[  0  1  0  1  0  0  2  0  0 ] (0.00164012)
[  0  1  0  1  0  1  0  0  0 ] (0.00000059)
[  0  1  0  1  0  1  0  0  1 ] (0.00071315)
[  0  1  0  1  0  1  0  1  0 ] (0.00001420)
[  0  1  0  1  0  1  1  0  0 ] (0.00060105)
[  0  1  0  1  0  2  0  0  0 ] (0.00000004)
[  0  1  0  1  1  0  0  0  0 ] (0.00000001)
[  0  1  0  1  1  0  0  0  1 ] (0.00000871)
[  0  1  0  1  1  0  0  1  0 ] (0.00012535)
[  0  1  0  1  1  0  1  0  0 ] (0.00027324)
[  0  1  0  1  1  1  0  0  0 ] (0.00000022)
[  0  1  0  1  2  0  0  0  0 ] (0.00002065)
[  0  1  0  2  0  0  0  0  0 ] (0.00001621)
[  0  1  0  2  0  0  0  0  1 ] (0.00021234)
[  0  1  0  2  0  0  0  1  0 ] (0.00026546)
[  0  1  0  2  0  0  1  0  0 ] (0.00014856)
[  0  1  0  2  0  1  0  0  0 ] (0.00000506)
[  0  1  0  2  1  0  0  0  0 ] (0.00000674)
[  0  1  0  3  0  0  0  0  0 ] (0.00000531)
[  0  1  1  0  0  0  0  0  0 ] (0.00000205)
[  0  1  1  0  0  0  0  0  1 ] (0.00000001)
[  0  1  1  0  0  0  0  0  2 ] (0.00025427)
[  0  1  1  0  0  0  0  1  0 ] (0.00030451)
[  0  1  1  0  0  0  0  1  1 ] (0.00000809)
[  0  1  1  0  0  0  0  2  0 ] (0.00001621)
[  0  1  1  0  0  0  1  0  0 ] (0.00003175)
[  0  1  1  0  0  0  1  0  1 ] (0.00003943)
[  0  1  1  0  0  0  1  1  0 ] (0.00000310)
[  0  1  1  0  0  0  2  0  0 ] (0.00000002)
[  0  1  1  0  0  1  0  0  0 ] (0.00000046)
[  0  1  1  0  0  1  0  0  1 ] (0.00031367)
[  0  1  1  0  0  1  0  1  0 ] (0.00167644)
[  0  1  1  0  0  1  1  0  0 ] (0.00001232)
[  0  1  1  0  0  2  0  0  0 ] (0.00000064)
[  0  1  1  0  1  0  0  0  0 ] (0.00000204)
[  0  1  1  0  1  0  0  0  1 ] (0.00000138)
[  0  1  1  0  1  0  0  1  0 ] (0.00008686)
[  0  1  1  0  1  0  1  0  0 ] (0.00133573)
[  0  1  1  0  1  1  0  0  0 ] (0.00000144)
[  0  1  1  0  2  0  0  0  0 ] (0.00000373)
[  0  1  1  1  0  0  0  0  0 ] (0.00000033)
[  0  1  1  1  0  0  0  0  1 ] (0.00045546)
[  0  1  1  1  0  0  0  1  0 ] (0.00011677)
[  0  1  1  1  0  0  1  0  0 ] (0.00044598)
[  0  1  1  1  0  1  0  0  0 ] (0.00000009)
[  0  1  1  1  1  0  0  0  0 ] (0.00000183)
[  0  1  1  2  0  0  0  0  0 ] (0.00002250)
[  0  1  2  0  0  0  0  0  0 ] (0.00000617)
[  0  1  2  0  0  0  0  0  1 ] (0.00002029)
[  0  1  2  0  0  0  0  1  0 ] (0.00000180)
[  0  1  2  0  0  0  1  0  0 ] (0.00000242)
[  0  1  2  0  0  1  0  0  0 ] (0.00000519)
[  0  1  2  0  1  0  0  0  0 ] (0.00000812)
[  0  1  2  1  0  0  0  0  0 ] (0.00000162)
[  0  1  3  0  0  0  0  0  0 ] (0.00000003)
[  0  2  0  0  0  0  0  0  0 ] (0.00000006)
[  0  2  0  0  0  0  0  0  1 ] (0.00009038)
[  0  2  0  0  0  0  0  0  2 ] (0.00265473)
[  0  2  0  0  0  0  0  1  0 ] (0.00000509)
[  0  2  0  0  0  0  0  1  1 ] (0.00000089)
[  0  2  0  0  0  0  0  2  0 ] (0.00065494)
[  0  2  0  0  0  0  1  0  0 ] (0.00000591)
[  0  2  0  0  0  0  1  0  1 ] (0.00014690)
[  0  2  0  0  0  0  1  1  0 ] (0.00001208)
[  0  2  0  0  0  0  2  0  0 ] (0.00001444)
[  0  2  0  0  0  1  0  0  0 ] (0.00000486)
[  0  2  0  0  0  1  0  0  1 ] (0.00105926)
[  0  2  0  0  0  1  0  1  0 ] (0.00000898)
[  0  2  0  0  0  1  1  0  0 ] (0.00002219)
[  0  2  0  0  0  2  0  0  0 ] (0.00000122)
[  0  2  0  0  1  0  0  0  0 ] (0.00000372)
[  0  2  0  0  1  0  0  0  1 ] (0.00039917)
[  0  2  0  0  1  0  0  1  0 ] (0.00123613)
[  0  2  0  0  1  0  1  0  0 ] (0.00000303)
[  0  2  0  0  1  1  0  0  0 ] (0.00000045)
[  0  2  0  0  2  0  0  0  0 ] (0.00000803)
[  0  2  0  1  0  0  0  0  0 ] (0.00000025)
[  0  2  0  1  0  0  0  0  1 ] (0.00010685)
[  0  2  0  1  0  0  0  1  0 ] (0.00000427)
[  0  2  0  1  0  0  1  0  0 ] (0.00000695)
[  0  2  0  1  0  1  0  0  0 ] (0.00000192)
[  0  2  0  1  1  0  0  0  0 ] (0.00000102)
[  0  2  0  2  0  0  0  0  0 ] (0.00000021)
[  0  2  1  0  0  0  0  0  0 ] (0.00000461)
[  0  2  1  0  0  0  0  0  1 ] (0.00021141)
[  0  2  1  0  0  0  0  1  0 ] (0.00001378)
[  0  2  1  0  0  0  1  0  0 ] (0.00001478)
[  0  2  1  0  0  1  0  0  0 ] (0.00000000)
[  0  2  1  0  1  0  0  0  0 ] (0.00000327)
[  0  2  1  1  0  0  0  0  0 ] (0.00000400)
[  0  2  2  0  0  0  0  0  0 ] (0.00000019)
[  0  3  0  0  0  0  0  0  0 ] (0.00000000)
[  0  3  0  0  0  0  0  0  1 ] (0.00000743)
[  0  3  0  0  0  0  0  1  0 ] (0.00001319)
[  0  3  0  0  0  0  1  0  0 ] (0.00000018)
[  0  3  0  0  0  1  0  0  0 ] (0.00000013)
[  0  3  0  0  1  0  0  0  0 ] (0.00000092)
[  0  3  0  1  0  0  0  0  0 ] (0.00000019)
[  0  3  1  0  0  0  0  0  0 ] (0.00000227)
[  0  4  0  0  0  0  0  0  0 ] (0.00000058)
[  1  0  0  0  0  0  0  0  0 ] (0.00001504)
[  1  0  0  0  0  0  0  0  1 ] (0.00095158)
[  1  0  0  0  0  0  0  0  2 ] (0.00000173)
[  1  0  0  0  0  0  0  0  3 ] (0.00000864)
[  1  0  0  0  0  0  0  1  0 ] (0.00027093)
[  1  0  0  0  0  0  0  1  1 ] (0.00019218)
[  1  0  0  0  0  0  0  1  2 ] (0.00004240)
[  1  0  0  0  0  0  0  2  0 ] (0.00007075)
[  1  0  0  0  0  0  0  2  1 ] (0.00026207)
[  1  0  0  0  0  0  0  3  0 ] (0.00000464)
[  1  0  0  0  0  0  1  0  0 ] (0.00001591)
[  1  0  0  0  0  0  1  0  1 ] (0.00001998)
[  1  0  0  0  0  0  1  0  2 ] (0.00001293)
[  1  0  0  0  0  0  1  1  0 ] (0.00123965)
[  1  0  0  0  0  0  1  1  1 ] (0.00029045)
[  1  0  0  0  0  0  1  2  0 ] (0.00000164)
[  1  0  0  0  0  0  2  0  0 ] (0.00005142)
[  1  0  0  0  0  0  2  0  1 ] (0.00000007)
[  1  0  0  0  0  0  2  1  0 ] (0.00015558)
[  1  0  0  0  0  0  3  0  0 ] (0.01061915)
[  1  0  0  0  0  1  0  0  0 ] (0.00004588)
[  1  0  0  0  0  1  0  0  1 ] (0.00291349)
[  1  0  0  0  0  1  0  0  2 ] (0.00023183)
[  1  0  0  0  0  1  0  1  0 ] (0.00026521)
[  1  0  0  0  0  1  0  1  1 ] (0.00000115)
[  1  0  0  0  0  1  0  2  0 ] (0.00046710)
[  1  0  0  0  0  1  1  0  0 ] (0.00015093)
[  1  0  0  0  0  1  1  0  1 ] (0.00006236)
[  1  0  0  0  0  1  1  1  0 ] (0.00000906)
[  1  0  0  0  0  1  2  0  0 ] (0.00000010)
[  1  0  0  0  0  2  0  0  0 ] (0.00041064)
[  1  0  0  0  0  2  0  0  1 ] (0.11737970)
[  1  0  0  0  0  2  0  1  0 ] (0.01860909)
[  1  0  0  0  0  2  1  0  0 ] (0.00120372)
[  1  0  0  0  0  3  0  0  0 ] (0.00006054)
[  1  0  0  0  1  0  0  0  0 ] (0.00000030)
[  1  0  0  0  1  0  0  0  1 ] (0.00007147)
[  1  0  0  0  1  0  0  0  2 ] (0.00004497)
[  1  0  0  0  1  0  0  1  0 ] (0.00006170)
[  1  0  0  0  1  0  0  1  1 ] (0.00009906)
[  1  0  0  0  1  0  0  2  0 ] (0.00021806)
[  1  0  0  0  1  0  1  0  0 ] (0.00000002)
[  1  0  0  0  1  0  1  0  1 ] (0.00000013)
[  1  0  0  0  1  0  1  1  0 ] (0.00014457)
[  1  0  0  0  1  0  2  0  0 ] (0.00590928)
[  1  0  0  0  1  1  0  0  0 ] (0.00000251)
[  1  0  0  0  1  1  0  0  1 ] (0.00155322)
[  1  0  0  0  1  1  0  1  0 ] (0.00023803)
[  1  0  0  0  1  1  1  0  0 ] (0.00001706)
[  1  0  0  0  1  2  0  0  0 ] (0.00004964)
[  1  0  0  0  2  0  0  0  0 ] (0.00044330)
[  1  0  0  0  2  0  0  0  1 ] (0.01068320)
[  1  0  0  0  2  0  0  1  0 ] (0.03877227)
[  1  0  0  0  2  0  1  0  0 ] (0.00307849)
[  1  0  0  0  2  1  0  0  0 ] (0.00000586)
[  1  0  0  0  3  0  0  0  0 ] (0.00006891)
[  1  0  0  1  0  0  0  0  0 ] (0.00000064)
[  1  0  0  1  0  0  0  0  1 ] (0.00033319)
[  1  0  0  1  0  0  0  0  2 ] (0.00005164)
[  1  0  0  1  0  0  0  1  0 ] (0.00006004)
[  1  0  0  1  0  0  0  1  1 ] (0.00002435)
[  1  0  0  1  0  0  0  2  0 ] (0.00009294)
[  1  0  0  1  0  0  1  0  0 ] (0.00003808)
[  1  0  0  1  0  0  1  0  1 ] (0.00000526)
[  1  0  0  1  0  0  1  1  0 ] (0.00025993)
[  1  0  0  1  0  0  2  0  0 ] (0.00004544)
[  1  0  0  1  0  1  0  0  0 ] (0.00003943)
[  1  0  0  1  0  1  0  0  1 ] (0.00031866)
[  1  0  0  1  0  1  0  1  0 ] (0.00265959)
[  1  0  0  1  0  1  1  0  0 ] (0.00053930)
[  1  0  0  1  0  2  0  0  0 ] (0.00000273)
[  1  0  0  1  1  0  0  0  0 ] (0.00025966)
[  1  0  0  1  1  0  0  0  1 ] (0.01501837)
[  1  0  0  1  1  0  0  1  0 ] (0.00012113)
[  1  0  0  1  1  0  1  0  0 ] (0.01188516)
[  1  0  0  1  1  1  0  0  0 ] (0.00006651)
[  1  0  0  1  2  0  0  0  0 ] (0.00000348)
[  1  0  0  2  0  0  0  0  0 ] (0.00000010)
[  1  0  0  2  0  0  0  0  1 ] (0.00011438)
[  1  0  0  2  0  0  0  1  0 ] (0.00001619)
[  1  0  0  2  0  0  1  0  0 ] (0.00005713)
[  1  0  0  2  0  1  0  0  0 ] (0.00000542)
[  1  0  0  2  1  0  0  0  0 ] (0.00000000)
[  1  0  0  3  0  0  0  0  0 ] (0.00000220)
[  1  0  1  0  0  0  0  0  0 ] (0.00006355)
[  1  0  1  0  0  0  0  0  1 ] (0.01625497)
[  1  0  1  0  0  0  0  0  2 ] (0.00005472)
[  1  0  1  0  0  0  0  1  0 ] (0.00000862)
[  1  0  1  0  0  0  0  1  1 ] (0.00027279)
[  1  0  1  0  0  0  0  2  0 ] (0.00783998)
[  1  0  1  0  0  0  1  0  0 ] (0.00023191)
[  1  0  1  0  0  0  1  0  1 ] (0.00235455)
[  1  0  1  0  0  0  1  1  0 ] (0.00017088)
[  1  0  1  0  0  0  2  0  0 ] (0.00095647)
[  1  0  1  0  0  1  0  0  0 ] (0.00203069)
[  1  0  1  0  0  1  0  0  1 ] (0.44493805)
[  1  0  1  0  0  1  0  1  0 ] (0.01278011)
[  1  0  1  0  0  1  1  0  0 ] (0.00011686)
[  1  0  1  0  0  2  0  0  0 ] (0.00006655)
[  1  0  1  0  1  0  0  0  0 ] (0.00000376)
[  1  0  1  0  1  0  0  0  1 ] (0.00250447)
[  1  0  1  0  1  0  0  1  0 ] (0.00701824)
[  1  0  1  0  1  0  1  0  0 ] (0.00000915)
[  1  0  1  0  1  1  0  0  0 ] (0.00001376)
[  1  0  1  0  2  0  0  0  0 ] (0.00000638)
[  1  0  1  1  0  0  0  0  0 ] (0.00000909)
[  1  0  1  1  0  0  0  0  1 ] (0.00017685)
[  1  0  1  1  0  0  0  1  0 ] (0.00043108)
[  1  0  1  1  0  0  1  0  0 ] (0.00004693)
[  1  0  1  1  0  1  0  0  0 ] (0.00001032)
[  1  0  1  1  1  0  0  0  0 ] (0.00000637)
[  1  0  1  2  0  0  0  0  0 ] (0.00000382)
[  1  0  2  0  0  0  0  0  0 ] (0.00000756)
[  1  0  2  0  0  0  0  0  1 ] (0.00005692)
[  1  0  2  0  0  0  0  1  0 ] (0.00002752)
[  1  0  2  0  0  0  1  0  0 ] (0.00010597)
[  1  0  2  0  0  1  0  0  0 ] (0.00000234)
[  1  0  2  0  1  0  0  0  0 ] (0.00000317)
[  1  0  2  1  0  0  0  0  0 ] (0.00000006)
[  1  0  3  0  0  0  0  0  0 ] (0.00000031)
[  1  1  0  0  0  0  0  0  0 ] (0.00001052)
[  1  1  0  0  0  0  0  0  1 ] (0.00122556)
[  1  1  0  0  0  0  0  0  2 ] (0.00028873)
[  1  1  0  0  0  0  0  1  0 ] (0.00010501)
[  1  1  0  0  0  0  0  1  1 ] (0.00004767)
[  1  1  0  0  0  0  0  2  0 ] (0.00009081)
[  1  1  0  0  0  0  1  0  0 ] (0.00021575)
[  1  1  0  0  0  0  1  0  1 ] (0.00010390)
[  1  1  0  0  0  0  1  1  0 ] (0.00002880)
[  1  1  0  0  0  0  2  0  0 ] (0.00002986)
[  1  1  0  0  0  1  0  0  0 ] (0.00006372)
[  1  1  0  0  0  1  0  0  1 ] (0.01259468)
[  1  1  0  0  0  1  0  1  0 ] (0.00199960)
[  1  1  0  0  0  1  1  0  0 ] (0.00071825)
[  1  1  0  0  0  2  0  0  0 ] (0.00001252)
[  1  1  0  0  1  0  0  0  0 ] (0.00021894)
[  1  1  0  0  1  0  0  0  1 ] (0.02600162)
[  1  1  0  0  1  0  0  1  0 ] (0.00020283)
[  1  1  0  0  1  0  1  0  0 ] (0.00220825)
[  1  1  0  0  1  1  0  0  0 ] (0.00000540)
[  1  1  0  0  2  0  0  0  0 ] (0.00004352)
[  1  1  0  1  0  0  0  0  0 ] (0.00000531)
[  1  1  0  1  0  0  0  0  1 ] (0.00057292)
[  1  1  0  1  0  0  0  1  0 ] (0.00001992)
[  1  1  0  1  0  0  1  0  0 ] (0.00005416)
[  1  1  0  1  0  1  0  0  0 ] (0.00000065)
[  1  1  0  1  1  0  0  0  0 ] (0.00008669)
[  1  1  0  2  0  0  0  0  0 ] (0.00000127)
[  1  1  1  0  0  0  0  0  0 ] (0.00014067)
[  1  1  1  0  0  0  0  0  1 ] (0.01118184)
[  1  1  1  0  0  0  0  1  0 ] (0.00015755)
[  1  1  1  0  0  0  1  0  0 ] (0.00016339)
[  1  1  1  0  0  1  0  0  0 ] (0.00003425)
[  1  1  1  0  1  0  0  0  0 ] (0.00001865)
[  1  1  1  1  0  0  0  0  0 ] (0.00001811)
[  1  1  2  0  0  0  0  0  0 ] (0.00000000)
[  1  2  0  0  0  0  0  0  0 ] (0.00000615)
[  1  2  0  0  0  0  0  0  1 ] (0.00005901)
[  1  2  0  0  0  0  0  1  0 ] (0.00042270)
[  1  2  0  0  0  0  1  0  0 ] (0.00000317)
[  1  2  0  0  0  1  0  0  0 ] (0.00000481)
[  1  2  0  0  1  0  0  0  0 ] (0.00002072)
[  1  2  0  1  0  0  0  0  0 ] (0.00000079)
[  1  2  1  0  0  0  0  0  0 ] (0.00000259)
[  1  3  0  0  0  0  0  0  0 ] (0.00000670)
[  2  0  0  0  0  0  0  0  0 ] (0.00001829)
[  2  0  0  0  0  0  0  0  1 ] (0.00079451)
[  2  0  0  0  0  0  0  0  2 ] (0.01508151)
[  2  0  0  0  0  0  0  1  0 ] (0.00001628)
[  2  0  0  0  0  0  0  1  1 ] (0.00014832)
[  2  0  0  0  0  0  0  2  0 ] (0.03126968)
[  2  0  0  0  0  0  1  0  0 ] (0.00008031)
[  2  0  0  0  0  0  1  0  1 ] (0.00121789)
[  2  0  0  0  0  0  1  1  0 ] (0.00003049)
[  2  0  0  0  0  0  2  0  0 ] (0.00046106)
[  2  0  0  0  0  1  0  0  0 ] (0.00007430)
[  2  0  0  0  0  1  0  0  1 ] (0.00049519)
[  2  0  0  0  0  1  0  1  0 ] (0.00114322)
[  2  0  0  0  0  1  1  0  0 ] (0.00000809)
[  2  0  0  0  0  2  0  0  0 ] (0.00001087)
[  2  0  0  0  1  0  0  0  0 ] (0.00000064)
[  2  0  0  0  1  0  0  0  1 ] (0.00006682)
[  2  0  0  0  1  0  0  1  0 ] (0.00379351)
[  2  0  0  0  1  0  1  0  0 ] (0.00000567)
[  2  0  0  0  1  1  0  0  0 ] (0.00001621)
[  2  0  0  0  2  0  0  0  0 ] (0.00000531)
[  2  0  0  1  0  0  0  0  0 ] (0.00001948)
[  2  0  0  1  0  0  0  0  1 ] (0.00094185)
[  2  0  0  1  0  0  0  1  0 ] (0.00013061)
[  2  0  0  1  0  0  1  0  0 ] (0.00004646)
[  2  0  0  1  0  1  0  0  0 ] (0.00000017)
[  2  0  0  1  1  0  0  0  0 ] (0.00000940)
[  2  0  0  2  0  0  0  0  0 ] (0.00000037)
[  2  0  1  0  0  0  0  0  0 ] (0.00000059)
[  2  0  1  0  0  0  0  0  1 ] (0.00117847)
[  2  0  1  0  0  0  0  1  0 ] (0.00006017)
[  2  0  1  0  0  0  1  0  0 ] (0.00000081)
[  2  0  1  0  0  1  0  0  0 ] (0.00003531)
[  2  0  1  0  1  0  0  0  0 ] (0.00000000)
[  2  0  1  1  0  0  0  0  0 ] (0.00000409)
[  2  0  2  0  0  0  0  0  0 ] (0.00000000)
[  2  1  0  0  0  0  0  0  0 ] (0.00000599)
[  2  1  0  0  0  0  0  0  1 ] (0.00006947)
[  2  1  0  0  0  0  0  1  0 ] (0.00070225)
[  2  1  0  0  0  0  1  0  0 ] (0.00004661)
[  2  1  0  0  0  1  0  0  0 ] (0.00000108)
[  2  1  0  0  1  0  0  0  0 ] (0.00000016)
[  2  1  0  1  0  0  0  0  0 ] (0.00000008)
[  2  1  1  0  0  0  0  0  0 ] (0.00001441)
[  2  2  0  0  0  0  0  0  0 ] (0.00000015)
[  3  0  0  0  0  0  0  0  0 ] (0.00000066)
[  3  0  0  0  0  0  0  0  1 ] (0.00004333)
[  3  0  0  0  0  0  0  1  0 ] (0.00004486)
[  3  0  0  0  0  0  1  0  0 ] (0.00000687)
[  3  0  0  0  0  1  0  0  0 ] (0.00000920)
[  3  0  0  0  1  0  0  0  0 ] (0.00000005)
[  3  0  0  1  0  0  0  0  0 ] (0.00000016)
[  3  0  1  0  0  0  0  0  0 ] (0.00002241)
[  3  1  0  0  0  0  0  0  0 ] (0.00000080)
[  4  0  0  0  0  0  0  0  0 ] (0.00001935)
