| -1003.027988225813 |   157.605590901502 

[  0  0  0  0  0  0  0  0  0 ] (0.00000278)
[  0  0  0  0  0  0  0  0  1 ] (0.00000242)
[  0  0  0  0  0  0  0  0  2 ] (0.00191428)
[  0  0  0  0  0  0  0  0  3 ] (0.00000034)
[  0  0  0  0  0  0  0  0  4 ] (0.00000001)
[  0  0  0  0  0  0  0  1  0 ] (0.00003588)
[  0  0  0  0  0  0  0  1  1 ] (0.00002387)
[  0  0  0  0  0  0  0  1  2 ] (0.00000003)
[  0  0  0  0  0  0  0  1  3 ] (0.00000034)
[  0  0  0  0  0  0  0  2  0 ] (0.00000009)
[  0  0  0  0  0  0  0  2  1 ] (0.00000459)
[  0  0  0  0  0  0  0  2  2 ] (0.00000010)
[  0  0  0  0  0  0  0  3  0 ] (0.00003210)
[  0  0  0  0  0  0  0  3  1 ] (0.00000256)
[  0  0  0  0  0  0  0  4  0 ] (0.00004620)
[  0  0  0  0  0  0  1  0  0 ] (0.00002555)
[  0  0  0  0  0  0  1  0  1 ] (0.00033264)
[  0  0  0  0  0  0  1  0  2 ] (0.00000482)
[  0  0  0  0  0  0  1  0  3 ] (0.00000052)
[  0  0  0  0  0  0  1  1  0 ] (0.00395805)
[  0  0  0  0  0  0  1  1  1 ] (0.00024428)
[  0  0  0  0  0  0  1  1  2 ] (0.00000209)
[  0  0  0  0  0  0  1  2  0 ] (0.00002022)
[  0  0  0  0  0  0  1  2  1 ] (0.00000186)
[  0  0  0  0  0  0  1  3  0 ] (0.00001154)
[  0  0  0  0  0  0  2  0  0 ] (0.00000628)
[  0  0  0  0  0  0  2  0  1 ] (0.00004617)
[  0  0  0  0  0  0  2  0  2 ] (0.00000354)
[  0  0  0  0  0  0  2  1  0 ] (0.00002599)
[  0  0  0  0  0  0  2  1  1 ] (0.00001599)
[  0  0  0  0  0  0  2  2  0 ] (0.00000080)
[  0  0  0  0  0  0  3  0  0 ] (0.00010417)
[  0  0  0  0  0  0  3  0  1 ] (0.00003907)
[  0  0  0  0  0  0  3  1  0 ] (0.00002184)
[  0  0  0  0  0  0  4  0  0 ] (0.00001142)
[  0  0  0  0  0  1  0  0  0 ] (0.00000103)
[  0  0  0  0  0  1  0  0  1 ] (0.00002755)
[  0  0  0  0  0  1  0  0  2 ] (0.00005591)
[  0  0  0  0  0  1  0  0  3 ] (0.00000003)
[  0  0  0  0  0  1  0  1  0 ] (0.00005206)
[  0  0  0  0  0  1  0  1  1 ] (0.00001088)
[  0  0  0  0  0  1  0  1  2 ] (0.00000012)
[  0  0  0  0  0  1  0  2  0 ] (0.00000288)
[  0  0  0  0  0  1  0  2  1 ] (0.00000009)
[  0  0  0  0  0  1  0  3  0 ] (0.00000066)
[  0  0  0  0  0  1  1  0  0 ] (0.00008752)
[  0  0  0  0  0  1  1  0  1 ] (0.00000550)
[  0  0  0  0  0  1  1  0  2 ] (0.00000078)
[  0  0  0  0  0  1  1  1  0 ] (0.00002535)
[  0  0  0  0  0  1  1  1  1 ] (0.00000007)
[  0  0  0  0  0  1  1  2  0 ] (0.00000072)
[  0  0  0  0  0  1  2  0  0 ] (0.00012439)
[  0  0  0  0  0  1  2  0  1 ] (0.00000737)
[  0  0  0  0  0  1  2  1  0 ] (0.00000008)
[  0  0  0  0  0  1  3  0  0 ] (0.00000230)
[  0  0  0  0  0  2  0  0  0 ] (0.00001050)
[  0  0  0  0  0  2  0  0  1 ] (0.00009884)
[  0  0  0  0  0  2  0  0  2 ] (0.00000394)
[  0  0  0  0  0  2  0  1  0 ] (0.00016194)
[  0  0  0  0  0  2  0  1  1 ] (0.00001091)
[  0  0  0  0  0  2  0  2  0 ] (0.00001009)
[  0  0  0  0  0  2  1  0  0 ] (0.00176087)
[  0  0  0  0  0  2  1  0  1 ] (0.00004324)
[  0  0  0  0  0  2  1  1  0 ] (0.00003716)
[  0  0  0  0  0  2  2  0  0 ] (0.00000055)
[  0  0  0  0  0  3  0  0  0 ] (0.00030597)
[  0  0  0  0  0  3  0  0  1 ] (0.00000054)
[  0  0  0  0  0  3  0  1  0 ] (0.00004796)
[  0  0  0  0  0  3  1  0  0 ] (0.00002290)
[  0  0  0  0  0  4  0  0  0 ] (0.00000687)
[  0  0  0  0  1  0  0  0  0 ] (0.00006084)
[  0  0  0  0  1  0  0  0  1 ] (0.00009291)
[  0  0  0  0  1  0  0  0  2 ] (0.00001047)
[  0  0  0  0  1  0  0  0  3 ] (0.00000000)
[  0  0  0  0  1  0  0  1  0 ] (0.00131021)
[  0  0  0  0  1  0  0  1  1 ] (0.00003118)
[  0  0  0  0  1  0  0  1  2 ] (0.00000334)
[  0  0  0  0  1  0  0  2  0 ] (0.00002407)
[  0  0  0  0  1  0  0  2  1 ] (0.00000401)
[  0  0  0  0  1  0  0  3  0 ] (0.00000613)
[  0  0  0  0  1  0  1  0  0 ] (0.00023979)
[  0  0  0  0  1  0  1  0  1 ] (0.00007738)
[  0  0  0  0  1  0  1  0  2 ] (0.00000152)
[  0  0  0  0  1  0  1  1  0 ] (0.00004158)
[  0  0  0  0  1  0  1  1  1 ] (0.00001519)
[  0  0  0  0  1  0  1  2  0 ] (0.00002876)
[  0  0  0  0  1  0  2  0  0 ] (0.02421347)
[  0  0  0  0  1  0  2  0  1 ] (0.00164493)
[  0  0  0  0  1  0  2  1  0 ] (0.00000525)
[  0  0  0  0  1  0  3  0  0 ] (0.00013936)
[  0  0  0  0  1  1  0  0  0 ] (0.00060721)
[  0  0  0  0  1  1  0  0  1 ] (0.00000544)
[  0  0  0  0  1  1  0  0  2 ] (0.00000387)
[  0  0  0  0  1  1  0  1  0 ] (0.00009429)
[  0  0  0  0  1  1  0  1  1 ] (0.00000407)
[  0  0  0  0  1  1  0  2  0 ] (0.00000187)
[  0  0  0  0  1  1  1  0  0 ] (0.00227455)
[  0  0  0  0  1  1  1  0  1 ] (0.00008691)
[  0  0  0  0  1  1  1  1  0 ] (0.00000080)
[  0  0  0  0  1  1  2  0  0 ] (0.00068868)
[  0  0  0  0  1  2  0  0  0 ] (0.00631094)
[  0  0  0  0  1  2  0  0  1 ] (0.00007323)
[  0  0  0  0  1  2  0  1  0 ] (0.00000115)
[  0  0  0  0  1  2  1  0  0 ] (0.00050497)
[  0  0  0  0  1  3  0  0  0 ] (0.00803827)
[  0  0  0  0  2  0  0  0  0 ] (0.00005576)
[  0  0  0  0  2  0  0  0  1 ] (0.00007388)
[  0  0  0  0  2  0  0  0  2 ] (0.00000010)
[  0  0  0  0  2  0  0  1  0 ] (0.00045845)
[  0  0  0  0  2  0  0  1  1 ] (0.00001895)
[  0  0  0  0  2  0  0  2  0 ] (0.00000000)
[  0  0  0  0  2  0  1  0  0 ] (0.00010449)
[  0  0  0  0  2  0  1  0  1 ] (0.00000934)
[  0  0  0  0  2  0  1  1  0 ] (0.00002210)
[  0  0  0  0  2  0  2  0  0 ] (0.00000095)
[  0  0  0  0  2  1  0  0  0 ] (0.00070025)
[  0  0  0  0  2  1  0  0  1 ] (0.00000260)
[  0  0  0  0  2  1  0  1  0 ] (0.00000274)
[  0  0  0  0  2  1  1  0  0 ] (0.00005412)
[  0  0  0  0  2  2  0  0  0 ] (0.01388674)
[  0  0  0  0  3  0  0  0  0 ] (0.00003652)
[  0  0  0  0  3  0  0  0  1 ] (0.00000186)
[  0  0  0  0  3  0  0  1  0 ] (0.00000003)
[  0  0  0  0  3  0  1  0  0 ] (0.00002166)
[  0  0  0  0  3  1  0  0  0 ] (0.00097343)
[  0  0  0  0  4  0  0  0  0 ] (0.00543124)
[  0  0  0  1  0  0  0  0  0 ] (0.00018693)
[  0  0  0  1  0  0  0  0  1 ] (0.00005603)
[  0  0  0  1  0  0  0  0  2 ] (0.00004346)
[  0  0  0  1  0  0  0  0  3 ] (0.00000007)
[  0  0  0  1  0  0  0  1  0 ] (0.00037284)
[  0  0  0  1  0  0  0  1  1 ] (0.00000761)
[  0  0  0  1  0  0  0  1  2 ] (0.00000036)
[  0  0  0  1  0  0  0  2  0 ] (0.00004460)
[  0  0  0  1  0  0  0  2  1 ] (0.00001063)
[  0  0  0  1  0  0  0  3  0 ] (0.00001608)
[  0  0  0  1  0  0  1  0  0 ] (0.00165315)
[  0  0  0  1  0  0  1  0  1 ] (0.00000187)
[  0  0  0  1  0  0  1  0  2 ] (0.00000021)
[  0  0  0  1  0  0  1  1  0 ] (0.00012444)
[  0  0  0  1  0  0  1  1  1 ] (0.00002592)
[  0  0  0  1  0  0  1  2  0 ] (0.00000402)
[  0  0  0  1  0  0  2  0  0 ] (0.00042001)
[  0  0  0  1  0  0  2  0  1 ] (0.00000609)
[  0  0  0  1  0  0  2  1  0 ] (0.00000618)
[  0  0  0  1  0  0  3  0  0 ] (0.00006562)
[  0  0  0  1  0  1  0  0  0 ] (0.00000082)
[  0  0  0  1  0  1  0  0  1 ] (0.00001193)
[  0  0  0  1  0  1  0  0  2 ] (0.00000006)
[  0  0  0  1  0  1  0  1  0 ] (0.00024511)
[  0  0  0  1  0  1  0  1  1 ] (0.00000388)
[  0  0  0  1  0  1  0  2  0 ] (0.00000208)
[  0  0  0  1  0  1  1  0  0 ] (0.00487269)
[  0  0  0  1  0  1  1  0  1 ] (0.00024005)
[  0  0  0  1  0  1  1  1  0 ] (0.00000014)
[  0  0  0  1  0  1  2  0  0 ] (0.00000803)
[  0  0  0  1  0  2  0  0  0 ] (0.00168899)
[  0  0  0  1  0  2  0  0  1 ] (0.00000224)
[  0  0  0  1  0  2  0  1  0 ] (0.00002380)
[  0  0  0  1  0  2  1  0  0 ] (0.00008350)
[  0  0  0  1  0  3  0  0  0 ] (0.01528579)
[  0  0  0  1  1  0  0  0  0 ] (0.00000010)
[  0  0  0  1  1  0  0  0  1 ] (0.00000050)
[  0  0  0  1  1  0  0  0  2 ] (0.00000041)
[  0  0  0  1  1  0  0  1  0 ] (0.00060145)
[  0  0  0  1  1  0  0  1  1 ] (0.00001777)
[  0  0  0  1  1  0  0  2  0 ] (0.00000592)
[  0  0  0  1  1  0  1  0  0 ] (0.00193014)
[  0  0  0  1  1  0  1  0  1 ] (0.00007800)
[  0  0  0  1  1  0  1  1  0 ] (0.00000611)
[  0  0  0  1  1  0  2  0  0 ] (0.00004040)
[  0  0  0  1  1  1  0  0  0 ] (0.00002587)
[  0  0  0  1  1  1  0  0  1 ] (0.00002059)
[  0  0  0  1  1  1  0  1  0 ] (0.00026048)
[  0  0  0  1  1  1  1  0  0 ] (0.00012887)
[  0  0  0  1  1  2  0  0  0 ] (0.00019387)
[  0  0  0  1  2  0  0  0  0 ] (0.00054290)
[  0  0  0  1  2  0  0  0  1 ] (0.00013822)
[  0  0  0  1  2  0  0  1  0 ] (0.00001440)
[  0  0  0  1  2  0  1  0  0 ] (0.00102132)
[  0  0  0  1  2  1  0  0  0 ] (0.00040943)
[  0  0  0  1  3  0  0  0  0 ] (0.00033758)
[  0  0  0  2  0  0  0  0  0 ] (0.00006003)
[  0  0  0  2  0  0  0  0  1 ] (0.00000347)
[  0  0  0  2  0  0  0  0  2 ] (0.00000448)
[  0  0  0  2  0  0  0  1  0 ] (0.00010489)
[  0  0  0  2  0  0  0  1  1 ] (0.00001468)
[  0  0  0  2  0  0  0  2  0 ] (0.00000112)
[  0  0  0  2  0  0  1  0  0 ] (0.00000379)
[  0  0  0  2  0  0  1  0  1 ] (0.00000002)
[  0  0  0  2  0  0  1  1  0 ] (0.00000491)
[  0  0  0  2  0  0  2  0  0 ] (0.00002278)
[  0  0  0  2  0  1  0  0  0 ] (0.00033257)
[  0  0  0  2  0  1  0  0  1 ] (0.00000022)
[  0  0  0  2  0  1  0  1  0 ] (0.00000577)
[  0  0  0  2  0  1  1  0  0 ] (0.00002700)
[  0  0  0  2  0  2  0  0  0 ] (0.00090931)
[  0  0  0  2  1  0  0  0  0 ] (0.00458019)
[  0  0  0  2  1  0  0  0  1 ] (0.00067026)
[  0  0  0  2  1  0  0  1  0 ] (0.00016451)
[  0  0  0  2  1  0  1  0  0 ] (0.00003937)
[  0  0  0  2  1  1  0  0  0 ] (0.02233245)
[  0  0  0  2  2  0  0  0  0 ] (0.00000082)
[  0  0  0  3  0  0  0  0  0 ] (0.00001505)
[  0  0  0  3  0  0  0  0  1 ] (0.00002679)
[  0  0  0  3  0  0  0  1  0 ] (0.00009800)
[  0  0  0  3  0  0  1  0  0 ] (0.00004533)
[  0  0  0  3  0  1  0  0  0 ] (0.00004820)
[  0  0  0  3  1  0  0  0  0 ] (0.00110552)
[  0  0  0  4  0  0  0  0  0 ] (0.00099447)
[  0  0  1  0  0  0  0  0  0 ] (0.00000028)
[  0  0  1  0  0  0  0  0  1 ] (0.00021712)
[  0  0  1  0  0  0  0  0  2 ] (0.00003531)
[  0  0  1  0  0  0  0  0  3 ] (0.00000064)
[  0  0  1  0  0  0  0  1  0 ] (0.00128702)
[  0  0  1  0  0  0  0  1  1 ] (0.00018997)
[  0  0  1  0  0  0  0  1  2 ] (0.00000000)
[  0  0  1  0  0  0  0  2  0 ] (0.00018864)
[  0  0  1  0  0  0  0  2  1 ] (0.00000949)
[  0  0  1  0  0  0  0  3  0 ] (0.00001438)
[  0  0  1  0  0  0  1  0  0 ] (0.00000370)
[  0  0  1  0  0  0  1  0  1 ] (0.00003706)
[  0  0  1  0  0  0  1  0  2 ] (0.00001261)
[  0  0  1  0  0  0  1  1  0 ] (0.00016381)
[  0  0  1  0  0  0  1  1  1 ] (0.00001561)
[  0  0  1  0  0  0  1  2  0 ] (0.00000920)
[  0  0  1  0  0  0  2  0  0 ] (0.00043114)
[  0  0  1  0  0  0  2  0  1 ] (0.00008446)
[  0  0  1  0  0  0  2  1  0 ] (0.00005037)
[  0  0  1  0  0  0  3  0  0 ] (0.00013053)
[  0  0  1  0  0  1  0  0  0 ] (0.00000824)
[  0  0  1  0  0  1  0  0  1 ] (0.00043794)
[  0  0  1  0  0  1  0  0  2 ] (0.00001861)
[  0  0  1  0  0  1  0  1  0 ] (0.00464731)
[  0  0  1  0  0  1  0  1  1 ] (0.00013010)
[  0  0  1  0  0  1  0  2  0 ] (0.00000230)
[  0  0  1  0  0  1  1  0  0 ] (0.00224945)
[  0  0  1  0  0  1  1  0  1 ] (0.00012138)
[  0  0  1  0  0  1  1  1  0 ] (0.00019249)
[  0  0  1  0  0  1  2  0  0 ] (0.00008870)
[  0  0  1  0  0  2  0  0  0 ] (0.00000016)
[  0  0  1  0  0  2  0  0  1 ] (0.00000070)
[  0  0  1  0  0  2  0  1  0 ] (0.00012753)
[  0  0  1  0  0  2  1  0  0 ] (0.00015249)
[  0  0  1  0  0  3  0  0  0 ] (0.01711128)
[  0  0  1  0  1  0  0  0  0 ] (0.00005010)
[  0  0  1  0  1  0  0  0  1 ] (0.00026289)
[  0  0  1  0  1  0  0  0  2 ] (0.00005884)
[  0  0  1  0  1  0  0  1  0 ] (0.00001096)
[  0  0  1  0  1  0  0  1  1 ] (0.00000303)
[  0  0  1  0  1  0  0  2  0 ] (0.00039881)
[  0  0  1  0  1  0  1  0  0 ] (0.12726229)
[  0  0  1  0  1  0  1  0  1 ] (0.00503571)
[  0  0  1  0  1  0  1  1  0 ] (0.00010145)
[  0  0  1  0  1  0  2  0  0 ] (0.00038953)
[  0  0  1  0  1  1  0  0  0 ] (0.00165172)
[  0  0  1  0  1  1  0  0  1 ] (0.00101099)
[  0  0  1  0  1  1  0  1  0 ] (0.00009592)
[  0  0  1  0  1  1  1  0  0 ] (0.00339485)
[  0  0  1  0  1  2  0  0  0 ] (0.01518172)
[  0  0  1  0  2  0  0  0  0 ] (0.00121143)
[  0  0  1  0  2  0  0  0  1 ] (0.00009182)
[  0  0  1  0  2  0  0  1  0 ] (0.00043959)
[  0  0  1  0  2  0  1  0  0 ] (0.00000176)
[  0  0  1  0  2  1  0  0  0 ] (0.00771370)
[  0  0  1  0  3  0  0  0  0 ] (0.00069603)
[  0  0  1  1  0  0  0  0  0 ] (0.00421037)
[  0  0  1  1  0  0  0  0  1 ] (0.00096327)
[  0  0  1  1  0  0  0  0  2 ] (0.00007091)
[  0  0  1  1  0  0  0  1  0 ] (0.02635352)
[  0  0  1  1  0  0  0  1  1 ] (0.00070183)
[  0  0  1  1  0  0  0  2  0 ] (0.00001049)
[  0  0  1  1  0  0  1  0  0 ] (0.00353673)
[  0  0  1  1  0  0  1  0  1 ] (0.00000027)
[  0  0  1  1  0  0  1  1  0 ] (0.00064938)
[  0  0  1  1  0  0  2  0  0 ] (0.00150609)
[  0  0  1  1  0  1  0  0  0 ] (0.02460583)
[  0  0  1  1  0  1  0  0  1 ] (0.00011114)
[  0  0  1  1  0  1  0  1  0 ] (0.00153255)
[  0  0  1  1  0  1  1  0  0 ] (0.00091617)
[  0  0  1  1  0  2  0  0  0 ] (0.18548232)
[  0  0  1  1  1  0  0  0  0 ] (0.00000108)
[  0  0  1  1  1  0  0  0  1 ] (0.00000759)
[  0  0  1  1  1  0  0  1  0 ] (0.00001829)
[  0  0  1  1  1  0  1  0  0 ] (0.00012149)
[  0  0  1  1  1  1  0  0  0 ] (0.00064974)
[  0  0  1  1  2  0  0  0  0 ] (0.00116164)
[  0  0  1  2  0  0  0  0  0 ] (0.00021006)
[  0  0  1  2  0  0  0  0  1 ] (0.00008532)
[  0  0  1  2  0  0  0  1  0 ] (0.00000433)
[  0  0  1  2  0  0  1  0  0 ] (0.00005040)
[  0  0  1  2  0  1  0  0  0 ] (0.00142685)
[  0  0  1  2  1  0  0  0  0 ] (0.00701157)
[  0  0  1  3  0  0  0  0  0 ] (0.00000116)
[  0  0  2  0  0  0  0  0  0 ] (0.00003192)
[  0  0  2  0  0  0  0  0  1 ] (0.00000121)
[  0  0  2  0  0  0  0  0  2 ] (0.00000313)
[  0  0  2  0  0  0  0  1  0 ] (0.00000562)
[  0  0  2  0  0  0  0  1  1 ] (0.00000605)
[  0  0  2  0  0  0  0  2  0 ] (0.00000030)
[  0  0  2  0  0  0  1  0  0 ] (0.00000870)
[  0  0  2  0  0  0  1  0  1 ] (0.00000016)
[  0  0  2  0  0  0  1  1  0 ] (0.00005960)
[  0  0  2  0  0  0  2  0  0 ] (0.00000952)
[  0  0  2  0  0  1  0  0  0 ] (0.00013300)
[  0  0  2  0  0  1  0  0  1 ] (0.00001287)
[  0  0  2  0  0  1  0  1  0 ] (0.00049346)
[  0  0  2  0  0  1  1  0  0 ] (0.00000025)
[  0  0  2  0  0  2  0  0  0 ] (0.00007747)
[  0  0  2  0  1  0  0  0  0 ] (0.01176177)
[  0  0  2  0  1  0  0  0  1 ] (0.00091929)
[  0  0  2  0  1  0  0  1  0 ] (0.00001950)
[  0  0  2  0  1  0  1  0  0 ] (0.00013305)
[  0  0  2  0  1  1  0  0  0 ] (0.10479030)
[  0  0  2  0  2  0  0  0  0 ] (0.00026122)
[  0  0  2  1  0  0  0  0  0 ] (0.00182541)
[  0  0  2  1  0  0  0  0  1 ] (0.00001130)
[  0  0  2  1  0  0  0  1  0 ] (0.00000535)
[  0  0  2  1  0  0  1  0  0 ] (0.00920934)
[  0  0  2  1  0  1  0  0  0 ] (0.00624999)
[  0  0  2  1  1  0  0  0  0 ] (0.00805721)
[  0  0  2  2  0  0  0  0  0 ] (0.00000000)
[  0  0  3  0  0  0  0  0  0 ] (0.00008816)
[  0  0  3  0  0  0  0  0  1 ] (0.00000259)
[  0  0  3  0  0  0  0  1  0 ] (0.00190896)
[  0  0  3  0  0  0  1  0  0 ] (0.00313103)
[  0  0  3  0  0  1  0  0  0 ] (0.00017956)
[  0  0  3  0  1  0  0  0  0 ] (0.00058150)
[  0  0  3  1  0  0  0  0  0 ] (0.00102444)
[  0  0  4  0  0  0  0  0  0 ] (0.00038116)
[  0  1  0  0  0  0  0  0  0 ] (0.00000012)
[  0  1  0  0  0  0  0  0  1 ] (0.00006586)
[  0  1  0  0  0  0  0  0  2 ] (0.00003597)
[  0  1  0  0  0  0  0  0  3 ] (0.00000027)
[  0  1  0  0  0  0  0  1  0 ] (0.00009229)
[  0  1  0  0  0  0  0  1  1 ] (0.00000101)
[  0  1  0  0  0  0  0  1  2 ] (0.00000002)
[  0  1  0  0  0  0  0  2  0 ] (0.00000369)
[  0  1  0  0  0  0  0  2  1 ] (0.00000383)
[  0  1  0  0  0  0  0  3  0 ] (0.00000002)
[  0  1  0  0  0  0  1  0  0 ] (0.00005323)
[  0  1  0  0  0  0  1  0  1 ] (0.00006266)
[  0  1  0  0  0  0  1  0  2 ] (0.00001529)
[  0  1  0  0  0  0  1  1  0 ] (0.00001464)
[  0  1  0  0  0  0  1  1  1 ] (0.00000339)
[  0  1  0  0  0  0  1  2  0 ] (0.00000005)
[  0  1  0  0  0  0  2  0  0 ] (0.00000479)
[  0  1  0  0  0  0  2  0  1 ] (0.00000854)
[  0  1  0  0  0  0  2  1  0 ] (0.00000065)
[  0  1  0  0  0  0  3  0  0 ] (0.00000177)
[  0  1  0  0  0  1  0  0  0 ] (0.00001925)
[  0  1  0  0  0  1  0  0  1 ] (0.00082786)
[  0  1  0  0  0  1  0  0  2 ] (0.00000660)
[  0  1  0  0  0  1  0  1  0 ] (0.00014797)
[  0  1  0  0  0  1  0  1  1 ] (0.00000470)
[  0  1  0  0  0  1  0  2  0 ] (0.00000049)
[  0  1  0  0  0  1  1  0  0 ] (0.00008272)
[  0  1  0  0  0  1  1  0  1 ] (0.00000080)
[  0  1  0  0  0  1  1  1  0 ] (0.00006994)
[  0  1  0  0  0  1  2  0  0 ] (0.00000955)
[  0  1  0  0  0  2  0  0  0 ] (0.00005647)
[  0  1  0  0  0  2  0  0  1 ] (0.00004175)
[  0  1  0  0  0  2  0  1  0 ] (0.00015057)
[  0  1  0  0  0  2  1  0  0 ] (0.00000503)
[  0  1  0  0  0  3  0  0  0 ] (0.00005488)
[  0  1  0  0  1  0  0  0  0 ] (0.00088337)
[  0  1  0  0  1  0  0  0  1 ] (0.00008632)
[  0  1  0  0  1  0  0  0  2 ] (0.00003129)
[  0  1  0  0  1  0  0  1  0 ] (0.00057475)
[  0  1  0  0  1  0  0  1  1 ] (0.00000387)
[  0  1  0  0  1  0  0  2  0 ] (0.00000688)
[  0  1  0  0  1  0  1  0  0 ] (0.00196790)
[  0  1  0  0  1  0  1  0  1 ] (0.00000202)
[  0  1  0  0  1  0  1  1  0 ] (0.00000437)
[  0  1  0  0  1  0  2  0  0 ] (0.00014041)
[  0  1  0  0  1  1  0  0  0 ] (0.00738114)
[  0  1  0  0  1  1  0  0  1 ] (0.00014672)
[  0  1  0  0  1  1  0  1  0 ] (0.00002692)
[  0  1  0  0  1  1  1  0  0 ] (0.00019196)
[  0  1  0  0  1  2  0  0  0 ] (0.07630939)
[  0  1  0  0  2  0  0  0  0 ] (0.00064577)
[  0  1  0  0  2  0  0  0  1 ] (0.00007110)
[  0  1  0  0  2  0  0  1  0 ] (0.00006006)
[  0  1  0  0  2  0  1  0  0 ] (0.00040970)
[  0  1  0  0  2  1  0  0  0 ] (0.00737556)
[  0  1  0  0  3  0  0  0  0 ] (0.00026672)
[  0  1  0  1  0  0  0  0  0 ] (0.00001254)
[  0  1  0  1  0  0  0  0  1 ] (0.01110236)
[  0  1  0  1  0  0  0  0  2 ] (0.00008229)
[  0  1  0  1  0  0  0  1  0 ] (0.00063208)
[  0  1  0  1  0  0  0  1  1 ] (0.00003025)
[  0  1  0  1  0  0  0  2  0 ] (0.00006499)
[  0  1  0  1  0  0  1  0  0 ] (0.00082680)
[  0  1  0  1  0  0  1  0  1 ] (0.00010730)
[  0  1  0  1  0  0  1  1  0 ] (0.00003678)
[  0  1  0  1  0  0  2  0  0 ] (0.00020208)
[  0  1  0  1  0  1  0  0  0 ] (0.00058552)
[  0  1  0  1  0  1  0  0  1 ] (0.00063204)
[  0  1  0  1  0  1  0  1  0 ] (0.00016007)
[  0  1  0  1  0  1  1  0  0 ] (0.00005422)
[  0  1  0  1  0  2  0  0  0 ] (0.00092060)
[  0  1  0  1  1  0  0  0  0 ] (0.00008079)
[  0  1  0  1  1  0  0  0  1 ] (0.00008779)
[  0  1  0  1  1  0  0  1  0 ] (0.00003110)
[  0  1  0  1  1  0  1  0  0 ] (0.00010295)
[  0  1  0  1  1  1  0  0  0 ] (0.00087372)
[  0  1  0  1  2  0  0  0  0 ] (0.00242005)
[  0  1  0  2  0  0  0  0  0 ] (0.00000476)
[  0  1  0  2  0  0  0  0  1 ] (0.00001637)
[  0  1  0  2  0  0  0  1  0 ] (0.00001816)
[  0  1  0  2  0  0  1  0  0 ] (0.00012659)
[  0  1  0  2  0  1  0  0  0 ] (0.00001087)
[  0  1  0  2  1  0  0  0  0 ] (0.00661657)
[  0  1  0  3  0  0  0  0  0 ] (0.00001810)
[  0  1  1  0  0  0  0  0  0 ] (0.00000078)
[  0  1  1  0  0  0  0  0  1 ] (0.00026205)
[  0  1  1  0  0  0  0  0  2 ] (0.00000004)
[  0  1  1  0  0  0  0  1  0 ] (0.00121072)
[  0  1  1  0  0  0  0  1  1 ] (0.00003237)
[  0  1  1  0  0  0  0  2  0 ] (0.00002848)
[  0  1  1  0  0  0  1  0  0 ] (0.00001417)
[  0  1  1  0  0  0  1  0  1 ] (0.00001868)
[  0  1  1  0  0  0  1  1  0 ] (0.00002640)
[  0  1  1  0  0  0  2  0  0 ] (0.00001193)
[  0  1  1  0  0  1  0  0  0 ] (0.00000001)
[  0  1  1  0  0  1  0  0  1 ] (0.00003794)
[  0  1  1  0  0  1  0  1  0 ] (0.00025513)
[  0  1  1  0  0  1  1  0  0 ] (0.00008373)
[  0  1  1  0  0  2  0  0  0 ] (0.00003115)
[  0  1  1  0  1  0  0  0  0 ] (0.00000961)
[  0  1  1  0  1  0  0  0  1 ] (0.00129308)
[  0  1  1  0  1  0  0  1  0 ] (0.00002709)
[  0  1  1  0  1  0  1  0  0 ] (0.00012117)
[  0  1  1  0  1  1  0  0  0 ] (0.00001113)
[  0  1  1  0  2  0  0  0  0 ] (0.00003340)
[  0  1  1  1  0  0  0  0  0 ] (0.00113359)
[  0  1  1  1  0  0  0  0  1 ] (0.00000761)
[  0  1  1  1  0  0  0  1  0 ] (0.00027737)
[  0  1  1  1  0  0  1  0  0 ] (0.00003181)
[  0  1  1  1  0  1  0  0  0 ] (0.00601152)
[  0  1  1  1  1  0  0  0  0 ] (0.00392872)
[  0  1  1  2  0  0  0  0  0 ] (0.00002274)
[  0  1  2  0  0  0  0  0  0 ] (0.00000014)
[  0  1  2  0  0  0  0  0  1 ] (0.00005750)
[  0  1  2  0  0  0  0  1  0 ] (0.00001610)
[  0  1  2  0  0  0  1  0  0 ] (0.00001430)
[  0  1  2  0  0  1  0  0  0 ] (0.00000653)
[  0  1  2  0  1  0  0  0  0 ] (0.00034705)
[  0  1  2  1  0  0  0  0  0 ] (0.00005388)
[  0  1  3  0  0  0  0  0  0 ] (0.00003274)
[  0  2  0  0  0  0  0  0  0 ] (0.00000370)
[  0  2  0  0  0  0  0  0  1 ] (0.00003538)
[  0  2  0  0  0  0  0  0  2 ] (0.00002326)
[  0  2  0  0  0  0  0  1  0 ] (0.00033402)
[  0  2  0  0  0  0  0  1  1 ] (0.00012797)
[  0  2  0  0  0  0  0  2  0 ] (0.00001559)
[  0  2  0  0  0  0  1  0  0 ] (0.00000071)
[  0  2  0  0  0  0  1  0  1 ] (0.00001153)
[  0  2  0  0  0  0  1  1  0 ] (0.00000166)
[  0  2  0  0  0  0  2  0  0 ] (0.00000041)
[  0  2  0  0  0  1  0  0  0 ] (0.00000731)
[  0  2  0  0  0  1  0  0  1 ] (0.00002283)
[  0  2  0  0  0  1  0  1  0 ] (0.00000238)
[  0  2  0  0  0  1  1  0  0 ] (0.00000550)
[  0  2  0  0  0  2  0  0  0 ] (0.00000649)
[  0  2  0  0  1  0  0  0  0 ] (0.00001179)
[  0  2  0  0  1  0  0  0  1 ] (0.00011647)
[  0  2  0  0  1  0  0  1  0 ] (0.00002793)
[  0  2  0  0  1  0  1  0  0 ] (0.00029096)
[  0  2  0  0  1  1  0  0  0 ] (0.00047201)
[  0  2  0  0  2  0  0  0  0 ] (0.00005874)
[  0  2  0  1  0  0  0  0  0 ] (0.00000361)
[  0  2  0  1  0  0  0  0  1 ] (0.00070921)
[  0  2  0  1  0  0  0  1  0 ] (0.00000001)
[  0  2  0  1  0  0  1  0  0 ] (0.00457062)
[  0  2  0  1  0  1  0  0  0 ] (0.00002304)
[  0  2  0  1  1  0  0  0  0 ] (0.00001109)
[  0  2  0  2  0  0  0  0  0 ] (0.00000102)
[  0  2  1  0  0  0  0  0  0 ] (0.00000363)
[  0  2  1  0  0  0  0  0  1 ] (0.00017099)
[  0  2  1  0  0  0  0  1  0 ] (0.00008664)
[  0  2  1  0  0  0  1  0  0 ] (0.00319002)
[  0  2  1  0  0  1  0  0  0 ] (0.00003945)
[  0  2  1  0  1  0  0  0  0 ] (0.00016521)
[  0  2  1  1  0  0  0  0  0 ] (0.00002566)
[  0  2  2  0  0  0  0  0  0 ] (0.00000242)
[  0  3  0  0  0  0  0  0  0 ] (0.00000075)
[  0  3  0  0  0  0  0  0  1 ] (0.00707362)
[  0  3  0  0  0  0  0  1  0 ] (0.00400275)
[  0  3  0  0  0  0  1  0  0 ] (0.00001060)
[  0  3  0  0  0  1  0  0  0 ] (0.00002739)
[  0  3  0  0  1  0  0  0  0 ] (0.00001714)
[  0  3  0  1  0  0  0  0  0 ] (0.00000001)
[  0  3  1  0  0  0  0  0  0 ] (0.00000710)
[  0  4  0  0  0  0  0  0  0 ] (0.00001214)
[  1  0  0  0  0  0  0  0  0 ] (0.00001002)
[  1  0  0  0  0  0  0  0  1 ] (0.00027461)
[  1  0  0  0  0  0  0  0  2 ] (0.00023292)
[  1  0  0  0  0  0  0  0  3 ] (0.00001056)
[  1  0  0  0  0  0  0  1  0 ] (0.00000505)
[  1  0  0  0  0  0  0  1  1 ] (0.00000133)
[  1  0  0  0  0  0  0  1  2 ] (0.00000002)
[  1  0  0  0  0  0  0  2  0 ] (0.00022069)
[  1  0  0  0  0  0  0  2  1 ] (0.00002871)
[  1  0  0  0  0  0  0  3  0 ] (0.00000947)
[  1  0  0  0  0  0  1  0  0 ] (0.00002141)
[  1  0  0  0  0  0  1  0  1 ] (0.00001384)
[  1  0  0  0  0  0  1  0  2 ] (0.00000000)
[  1  0  0  0  0  0  1  1  0 ] (0.00003143)
[  1  0  0  0  0  0  1  1  1 ] (0.00000077)
[  1  0  0  0  0  0  1  2  0 ] (0.00001315)
[  1  0  0  0  0  0  2  0  0 ] (0.00000637)
[  1  0  0  0  0  0  2  0  1 ] (0.00000014)
[  1  0  0  0  0  0  2  1  0 ] (0.00000900)
[  1  0  0  0  0  0  3  0  0 ] (0.00000567)
[  1  0  0  0  0  1  0  0  0 ] (0.00000007)
[  1  0  0  0  0  1  0  0  1 ] (0.00140448)
[  1  0  0  0  0  1  0  0  2 ] (0.00000029)
[  1  0  0  0  0  1  0  1  0 ] (0.00028440)
[  1  0  0  0  0  1  0  1  1 ] (0.00000946)
[  1  0  0  0  0  1  0  2  0 ] (0.00001909)
[  1  0  0  0  0  1  1  0  0 ] (0.00012757)
[  1  0  0  0  0  1  1  0  1 ] (0.00000492)
[  1  0  0  0  0  1  1  1  0 ] (0.00001598)
[  1  0  0  0  0  1  2  0  0 ] (0.00016165)
[  1  0  0  0  0  2  0  0  0 ] (0.00000515)
[  1  0  0  0  0  2  0  0  1 ] (0.00003728)
[  1  0  0  0  0  2  0  1  0 ] (0.00005628)
[  1  0  0  0  0  2  1  0  0 ] (0.00014181)
[  1  0  0  0  0  3  0  0  0 ] (0.00024832)
[  1  0  0  0  1  0  0  0  0 ] (0.00000560)
[  1  0  0  0  1  0  0  0  1 ] (0.00053457)
[  1  0  0  0  1  0  0  0  2 ] (0.00000060)
[  1  0  0  0  1  0  0  1  0 ] (0.00006687)
[  1  0  0  0  1  0  0  1  1 ] (0.00000487)
[  1  0  0  0  1  0  0  2  0 ] (0.00000014)
[  1  0  0  0  1  0  1  0  0 ] (0.00000193)
[  1  0  0  0  1  0  1  0  1 ] (0.00000144)
[  1  0  0  0  1  0  1  1  0 ] (0.00013205)
[  1  0  0  0  1  0  2  0  0 ] (0.00006978)
[  1  0  0  0  1  1  0  0  0 ] (0.00006066)
[  1  0  0  0  1  1  0  0  1 ] (0.00000010)
[  1  0  0  0  1  1  0  1  0 ] (0.00000945)
[  1  0  0  0  1  1  1  0  0 ] (0.00000196)
[  1  0  0  0  1  2  0  0  0 ] (0.00051185)
[  1  0  0  0  2  0  0  0  0 ] (0.00003858)
[  1  0  0  0  2  0  0  0  1 ] (0.00003697)
[  1  0  0  0  2  0  0  1  0 ] (0.00004462)
[  1  0  0  0  2  0  1  0  0 ] (0.00012921)
[  1  0  0  0  2  1  0  0  0 ] (0.00000491)
[  1  0  0  0  3  0  0  0  0 ] (0.00023225)
[  1  0  0  1  0  0  0  0  0 ] (0.00005558)
[  1  0  0  1  0  0  0  0  1 ] (0.00019811)
[  1  0  0  1  0  0  0  0  2 ] (0.00000043)
[  1  0  0  1  0  0  0  1  0 ] (0.00011139)
[  1  0  0  1  0  0  0  1  1 ] (0.00002067)
[  1  0  0  1  0  0  0  2  0 ] (0.00001308)
[  1  0  0  1  0  0  1  0  0 ] (0.00000042)
[  1  0  0  1  0  0  1  0  1 ] (0.00000005)
[  1  0  0  1  0  0  1  1  0 ] (0.00000291)
[  1  0  0  1  0  0  2  0  0 ] (0.00000011)
[  1  0  0  1  0  1  0  0  0 ] (0.00040782)
[  1  0  0  1  0  1  0  0  1 ] (0.00000395)
[  1  0  0  1  0  1  0  1  0 ] (0.00003625)
[  1  0  0  1  0  1  1  0  0 ] (0.00002215)
[  1  0  0  1  0  2  0  0  0 ] (0.00015666)
[  1  0  0  1  1  0  0  0  0 ] (0.00001360)
[  1  0  0  1  1  0  0  0  1 ] (0.00000270)
[  1  0  0  1  1  0  0  1  0 ] (0.00001265)
[  1  0  0  1  1  0  1  0  0 ] (0.00004141)
[  1  0  0  1  1  1  0  0  0 ] (0.00003621)
[  1  0  0  1  2  0  0  0  0 ] (0.00003084)
[  1  0  0  2  0  0  0  0  0 ] (0.00000103)
[  1  0  0  2  0  0  0  0  1 ] (0.00103618)
[  1  0  0  2  0  0  0  1  0 ] (0.00042226)
[  1  0  0  2  0  0  1  0  0 ] (0.00063478)
[  1  0  0  2  0  1  0  0  0 ] (0.00002344)
[  1  0  0  2  1  0  0  0  0 ] (0.00000001)
[  1  0  0  3  0  0  0  0  0 ] (0.00004274)
[  1  0  1  0  0  0  0  0  0 ] (0.00020853)
[  1  0  1  0  0  0  0  0  1 ] (0.00000075)
[  1  0  1  0  0  0  0  0  2 ] (0.00000646)
[  1  0  1  0  0  0  0  1  0 ] (0.00001556)
[  1  0  1  0  0  0  0  1  1 ] (0.00000195)
[  1  0  1  0  0  0  0  2  0 ] (0.00001150)
[  1  0  1  0  0  0  1  0  0 ] (0.00000559)
[  1  0  1  0  0  0  1  0  1 ] (0.00001179)
[  1  0  1  0  0  0  1  1  0 ] (0.00007616)
[  1  0  1  0  0  0  2  0  0 ] (0.00146361)
[  1  0  1  0  0  1  0  0  0 ] (0.00022943)
[  1  0  1  0  0  1  0  0  1 ] (0.00000002)
[  1  0  1  0  0  1  0  1  0 ] (0.00001874)
[  1  0  1  0  0  1  1  0  0 ] (0.00025699)
[  1  0  1  0  0  2  0  0  0 ] (0.00014598)
[  1  0  1  0  1  0  0  0  0 ] (0.00038851)
[  1  0  1  0  1  0  0  0  1 ] (0.00000035)
[  1  0  1  0  1  0  0  1  0 ] (0.00013825)
[  1  0  1  0  1  0  1  0  0 ] (0.00003588)
[  1  0  1  0  1  1  0  0  0 ] (0.00000289)
[  1  0  1  0  2  0  0  0  0 ] (0.00003729)
[  1  0  1  1  0  0  0  0  0 ] (0.00049723)
[  1  0  1  1  0  0  0  0  1 ] (0.00003388)
[  1  0  1  1  0  0  0  1  0 ] (0.00000056)
[  1  0  1  1  0  0  1  0  0 ] (0.00023112)
[  1  0  1  1  0  1  0  0  0 ] (0.00119584)
[  1  0  1  1  1  0  0  0  0 ] (0.00091813)
[  1  0  1  2  0  0  0  0  0 ] (0.00004561)
[  1  0  2  0  0  0  0  0  0 ] (0.00000021)
[  1  0  2  0  0  0  0  0  1 ] (0.00038361)
[  1  0  2  0  0  0  0  1  0 ] (0.00057764)
[  1  0  2  0  0  0  1  0  0 ] (0.00008330)
[  1  0  2  0  0  1  0  0  0 ] (0.00000016)
[  1  0  2  0  1  0  0  0  0 ] (0.00019920)
[  1  0  2  1  0  0  0  0  0 ] (0.00014054)
[  1  0  3  0  0  0  0  0  0 ] (0.00000113)
[  1  1  0  0  0  0  0  0  0 ] (0.00003199)
[  1  1  0  0  0  0  0  0  1 ] (0.00103658)
[  1  1  0  0  0  0  0  0  2 ] (0.00013685)
[  1  1  0  0  0  0  0  1  0 ] (0.00005466)
[  1  1  0  0  0  0  0  1  1 ] (0.00000500)
[  1  1  0  0  0  0  0  2  0 ] (0.00002482)
[  1  1  0  0  0  0  1  0  0 ] (0.00000631)
[  1  1  0  0  0  0  1  0  1 ] (0.00000173)
[  1  1  0  0  0  0  1  1  0 ] (0.00000788)
[  1  1  0  0  0  0  2  0  0 ] (0.00000102)
[  1  1  0  0  0  1  0  0  0 ] (0.00000045)
[  1  1  0  0  0  1  0  0  1 ] (0.00061844)
[  1  1  0  0  0  1  0  1  0 ] (0.00000078)
[  1  1  0  0  0  1  1  0  0 ] (0.00002159)
[  1  1  0  0  0  2  0  0  0 ] (0.00002759)
[  1  1  0  0  1  0  0  0  0 ] (0.00022657)
[  1  1  0  0  1  0  0  0  1 ] (0.00002266)
[  1  1  0  0  1  0  0  1  0 ] (0.00000252)
[  1  1  0  0  1  0  1  0  0 ] (0.00018590)
[  1  1  0  0  1  1  0  0  0 ] (0.00052765)
[  1  1  0  0  2  0  0  0  0 ] (0.00000965)
[  1  1  0  1  0  0  0  0  0 ] (0.00000944)
[  1  1  0  1  0  0  0  0  1 ] (0.00026876)
[  1  1  0  1  0  0  0  1  0 ] (0.00007950)
[  1  1  0  1  0  0  1  0  0 ] (0.00066219)
[  1  1  0  1  0  1  0  0  0 ] (0.00000064)
[  1  1  0  1  1  0  0  0  0 ] (0.00003755)
[  1  1  0  2  0  0  0  0  0 ] (0.00003087)
[  1  1  1  0  0  0  0  0  0 ] (0.00011884)
[  1  1  1  0  0  0  0  0  1 ] (0.00036951)
[  1  1  1  0  0  0  0  1  0 ] (0.00027914)
[  1  1  1  0  0  0  1  0  0 ] (0.00364128)
[  1  1  1  0  0  1  0  0  0 ] (0.00004038)
[  1  1  1  0  1  0  0  0  0 ] (0.00000404)
[  1  1  1  1  0  0  0  0  0 ] (0.00024332)
[  1  1  2  0  0  0  0  0  0 ] (0.00000260)
[  1  2  0  0  0  0  0  0  0 ] (0.00018296)
[  1  2  0  0  0  0  0  0  1 ] (0.02928067)
[  1  2  0  0  0  0  0  1  0 ] (0.00041201)
[  1  2  0  0  0  0  1  0  0 ] (0.00250576)
[  1  2  0  0  0  1  0  0  0 ] (0.00003442)
[  1  2  0  0  1  0  0  0  0 ] (0.00000049)
[  1  2  0  1  0  0  0  0  0 ] (0.00000277)
[  1  2  1  0  0  0  0  0  0 ] (0.00002870)
[  1  3  0  0  0  0  0  0  0 ] (0.00000378)
[  2  0  0  0  0  0  0  0  0 ] (0.00000361)
[  2  0  0  0  0  0  0  0  1 ] (0.00000051)
[  2  0  0  0  0  0  0  0  2 ] (0.00003862)
[  2  0  0  0  0  0  0  1  0 ] (0.00002036)
[  2  0  0  0  0  0  0  1  1 ] (0.00005583)
[  2  0  0  0  0  0  0  2  0 ] (0.00000027)
[  2  0  0  0  0  0  1  0  0 ] (0.00000097)
[  2  0  0  0  0  0  1  0  1 ] (0.00000426)
[  2  0  0  0  0  0  1  1  0 ] (0.00009142)
[  2  0  0  0  0  0  2  0  0 ] (0.00006966)
[  2  0  0  0  0  1  0  0  0 ] (0.00000007)
[  2  0  0  0  0  1  0  0  1 ] (0.00001097)
[  2  0  0  0  0  1  0  1  0 ] (0.00031238)
[  2  0  0  0  0  1  1  0  0 ] (0.00005776)
[  2  0  0  0  0  2  0  0  0 ] (0.00000142)
[  2  0  0  0  1  0  0  0  0 ] (0.00015895)
[  2  0  0  0  1  0  0  0  1 ] (0.00000302)
[  2  0  0  0  1  0  0  1  0 ] (0.00001312)
[  2  0  0  0  1  0  1  0  0 ] (0.00908505)
[  2  0  0  0  1  1  0  0  0 ] (0.00093553)
[  2  0  0  0  2  0  0  0  0 ] (0.00000088)
[  2  0  0  1  0  0  0  0  0 ] (0.00007578)
[  2  0  0  1  0  0  0  0  1 ] (0.00214759)
[  2  0  0  1  0  0  0  1  0 ] (0.00078376)
[  2  0  0  1  0  0  1  0  0 ] (0.00151772)
[  2  0  0  1  0  1  0  0  0 ] (0.00005498)
[  2  0  0  1  1  0  0  0  0 ] (0.00002989)
[  2  0  0  2  0  0  0  0  0 ] (0.00000014)
[  2  0  1  0  0  0  0  0  0 ] (0.00007959)
[  2  0  1  0  0  0  0  0  1 ] (0.00566358)
[  2  0  1  0  0  0  0  1  0 ] (0.01064681)
[  2  0  1  0  0  0  1  0  0 ] (0.00032621)
[  2  0  1  0  0  1  0  0  0 ] (0.00001135)
[  2  0  1  0  1  0  0  0  0 ] (0.00008448)
[  2  0  1  1  0  0  0  0  0 ] (0.00039844)
[  2  0  2  0  0  0  0  0  0 ] (0.00000222)
[  2  1  0  0  0  0  0  0  0 ] (0.00001644)
[  2  1  0  0  0  0  0  0  1 ] (0.00002032)
[  2  1  0  0  0  0  0  1  0 ] (0.00003693)
[  2  1  0  0  0  0  1  0  0 ] (0.00000881)
[  2  1  0  0  0  1  0  0  0 ] (0.00000359)
[  2  1  0  0  1  0  0  0  0 ] (0.00088733)
[  2  1  0  1  0  0  0  0  0 ] (0.00006944)
[  2  1  1  0  0  0  0  0  0 ] (0.00000350)
[  2  2  0  0  0  0  0  0  0 ] (0.00001073)
[  3  0  0  0  0  0  0  0  0 ] (0.00000318)
[  3  0  0  0  0  0  0  0  1 ] (0.00024079)
[  3  0  0  0  0  0  0  1  0 ] (0.00002097)
[  3  0  0  0  0  0  1  0  0 ] (0.00000814)
[  3  0  0  0  0  1  0  0  0 ] (0.00000005)
[  3  0  0  0  1  0  0  0  0 ] (0.00001637)
[  3  0  0  1  0  0  0  0  0 ] (0.00000844)
[  3  0  1  0  0  0  0  0  0 ] (0.00000789)
[  3  1  0  0  0  0  0  0  0 ] (0.00000000)
[  4  0  0  0  0  0  0  0  0 ] (0.00000012)
