|  -978.452391469307 |   182.181187658008 

[  0  0  0  0  0  0  0  0  0 ] (0.00001280)
[  0  0  0  0  0  0  0  0  1 ] (0.00000671)
[  0  0  0  0  0  0  0  0  2 ] (0.00000037)
[  0  0  0  0  0  0  0  0  3 ] (0.00000068)
[  0  0  0  0  0  0  0  0  4 ] (0.00000061)
[  0  0  0  0  0  0  0  1  0 ] (0.00001805)
[  0  0  0  0  0  0  0  1  1 ] (0.00209693)
[  0  0  0  0  0  0  0  1  2 ] (0.00009988)
[  0  0  0  0  0  0  0  1  3 ] (0.00002924)
[  0  0  0  0  0  0  0  2  0 ] (0.00005630)
[  0  0  0  0  0  0  0  2  1 ] (0.00002076)
[  0  0  0  0  0  0  0  2  2 ] (0.00000113)
[  0  0  0  0  0  0  0  3  0 ] (0.00006894)
[  0  0  0  0  0  0  0  3  1 ] (0.00003357)
[  0  0  0  0  0  0  0  4  0 ] (0.00000871)
[  0  0  0  0  0  0  1  0  0 ] (0.00000014)
[  0  0  0  0  0  0  1  0  1 ] (0.00055335)
[  0  0  0  0  0  0  1  0  2 ] (0.00003998)
[  0  0  0  0  0  0  1  0  3 ] (0.00000453)
[  0  0  0  0  0  0  1  1  0 ] (0.00028450)
[  0  0  0  0  0  0  1  1  1 ] (0.00002841)
[  0  0  0  0  0  0  1  1  2 ] (0.00000025)
[  0  0  0  0  0  0  1  2  0 ] (0.00000316)
[  0  0  0  0  0  0  1  2  1 ] (0.00002055)
[  0  0  0  0  0  0  1  3  0 ] (0.00000925)
[  0  0  0  0  0  0  2  0  0 ] (0.00000391)
[  0  0  0  0  0  0  2  0  1 ] (0.00000538)
[  0  0  0  0  0  0  2  0  2 ] (0.00000004)
[  0  0  0  0  0  0  2  1  0 ] (0.00007673)
[  0  0  0  0  0  0  2  1  1 ] (0.00005548)
[  0  0  0  0  0  0  2  2  0 ] (0.00000779)
[  0  0  0  0  0  0  3  0  0 ] (0.00044717)
[  0  0  0  0  0  0  3  0  1 ] (0.00001157)
[  0  0  0  0  0  0  3  1  0 ] (0.00000429)
[  0  0  0  0  0  0  4  0  0 ] (0.00001719)
[  0  0  0  0  0  1  0  0  0 ] (0.00003464)
[  0  0  0  0  0  1  0  0  1 ] (0.00141561)
[  0  0  0  0  0  1  0  0  2 ] (0.00002316)
[  0  0  0  0  0  1  0  0  3 ] (0.00000257)
[  0  0  0  0  0  1  0  1  0 ] (0.00000627)
[  0  0  0  0  0  1  0  1  1 ] (0.00017703)
[  0  0  0  0  0  1  0  1  2 ] (0.00002307)
[  0  0  0  0  0  1  0  2  0 ] (0.00044764)
[  0  0  0  0  0  1  0  2  1 ] (0.00001916)
[  0  0  0  0  0  1  0  3  0 ] (0.00000073)
[  0  0  0  0  0  1  1  0  0 ] (0.00008002)
[  0  0  0  0  0  1  1  0  1 ] (0.00006832)
[  0  0  0  0  0  1  1  0  2 ] (0.00006430)
[  0  0  0  0  0  1  1  1  0 ] (0.00000286)
[  0  0  0  0  0  1  1  1  1 ] (0.00000531)
[  0  0  0  0  0  1  1  2  0 ] (0.00000165)
[  0  0  0  0  0  1  2  0  0 ] (0.00017979)
[  0  0  0  0  0  1  2  0  1 ] (0.00005487)
[  0  0  0  0  0  1  2  1  0 ] (0.00000080)
[  0  0  0  0  0  1  3  0  0 ] (0.00018645)
[  0  0  0  0  0  2  0  0  0 ] (0.00000003)
[  0  0  0  0  0  2  0  0  1 ] (0.00006639)
[  0  0  0  0  0  2  0  0  2 ] (0.00004131)
[  0  0  0  0  0  2  0  1  0 ] (0.00005928)
[  0  0  0  0  0  2  0  1  1 ] (0.00000197)
[  0  0  0  0  0  2  0  2  0 ] (0.00000846)
[  0  0  0  0  0  2  1  0  0 ] (0.00010552)
[  0  0  0  0  0  2  1  0  1 ] (0.00002495)
[  0  0  0  0  0  2  1  1  0 ] (0.00004171)
[  0  0  0  0  0  2  2  0  0 ] (0.00000019)
[  0  0  0  0  0  3  0  0  0 ] (0.00001247)
[  0  0  0  0  0  3  0  0  1 ] (0.00012802)
[  0  0  0  0  0  3  0  1  0 ] (0.00001520)
[  0  0  0  0  0  3  1  0  0 ] (0.00026667)
[  0  0  0  0  0  4  0  0  0 ] (0.00013882)
[  0  0  0  0  1  0  0  0  0 ] (0.00000789)
[  0  0  0  0  1  0  0  0  1 ] (0.00022777)
[  0  0  0  0  1  0  0  0  2 ] (0.00025943)
[  0  0  0  0  1  0  0  0  3 ] (0.00002504)
[  0  0  0  0  1  0  0  1  0 ] (0.00006735)
[  0  0  0  0  1  0  0  1  1 ] (0.00000114)
[  0  0  0  0  1  0  0  1  2 ] (0.00000023)
[  0  0  0  0  1  0  0  2  0 ] (0.00049040)
[  0  0  0  0  1  0  0  2  1 ] (0.00007293)
[  0  0  0  0  1  0  0  3  0 ] (0.00000857)
[  0  0  0  0  1  0  1  0  0 ] (0.00000027)
[  0  0  0  0  1  0  1  0  1 ] (0.00002212)
[  0  0  0  0  1  0  1  0  2 ] (0.00000039)
[  0  0  0  0  1  0  1  1  0 ] (0.00027838)
[  0  0  0  0  1  0  1  1  1 ] (0.00013776)
[  0  0  0  0  1  0  1  2  0 ] (0.00000082)
[  0  0  0  0  1  0  2  0  0 ] (0.00017635)
[  0  0  0  0  1  0  2  0  1 ] (0.00000161)
[  0  0  0  0  1  0  2  1  0 ] (0.00000041)
[  0  0  0  0  1  0  3  0  0 ] (0.00018651)
[  0  0  0  0  1  1  0  0  0 ] (0.00008320)
[  0  0  0  0  1  1  0  0  1 ] (0.00086358)
[  0  0  0  0  1  1  0  0  2 ] (0.00003907)
[  0  0  0  0  1  1  0  1  0 ] (0.00270744)
[  0  0  0  0  1  1  0  1  1 ] (0.00005975)
[  0  0  0  0  1  1  0  2  0 ] (0.00001215)
[  0  0  0  0  1  1  1  0  0 ] (0.00157080)
[  0  0  0  0  1  1  1  0  1 ] (0.00000382)
[  0  0  0  0  1  1  1  1  0 ] (0.00013710)
[  0  0  0  0  1  1  2  0  0 ] (0.00000057)
[  0  0  0  0  1  2  0  0  0 ] (0.00017279)
[  0  0  0  0  1  2  0  0  1 ] (0.00000404)
[  0  0  0  0  1  2  0  1  0 ] (0.00005038)
[  0  0  0  0  1  2  1  0  0 ] (0.00015553)
[  0  0  0  0  1  3  0  0  0 ] (0.00441483)
[  0  0  0  0  2  0  0  0  0 ] (0.00009043)
[  0  0  0  0  2  0  0  0  1 ] (0.00004555)
[  0  0  0  0  2  0  0  0  2 ] (0.00000632)
[  0  0  0  0  2  0  0  1  0 ] (0.00001488)
[  0  0  0  0  2  0  0  1  1 ] (0.00000097)
[  0  0  0  0  2  0  0  2  0 ] (0.00000061)
[  0  0  0  0  2  0  1  0  0 ] (0.00000163)
[  0  0  0  0  2  0  1  0  1 ] (0.00000486)
[  0  0  0  0  2  0  1  1  0 ] (0.00000010)
[  0  0  0  0  2  0  2  0  0 ] (0.00001212)
[  0  0  0  0  2  1  0  0  0 ] (0.00023388)
[  0  0  0  0  2  1  0  0  1 ] (0.00015931)
[  0  0  0  0  2  1  0  1  0 ] (0.00000015)
[  0  0  0  0  2  1  1  0  0 ] (0.00013673)
[  0  0  0  0  2  2  0  0  0 ] (0.00056749)
[  0  0  0  0  3  0  0  0  0 ] (0.00003764)
[  0  0  0  0  3  0  0  0  1 ] (0.00009494)
[  0  0  0  0  3  0  0  1  0 ] (0.00000273)
[  0  0  0  0  3  0  1  0  0 ] (0.00032724)
[  0  0  0  0  3  1  0  0  0 ] (0.00031613)
[  0  0  0  0  4  0  0  0  0 ] (0.00019503)
[  0  0  0  1  0  0  0  0  0 ] (0.00000863)
[  0  0  0  1  0  0  0  0  1 ] (0.00005424)
[  0  0  0  1  0  0  0  0  2 ] (0.00029477)
[  0  0  0  1  0  0  0  0  3 ] (0.00000853)
[  0  0  0  1  0  0  0  1  0 ] (0.00027075)
[  0  0  0  1  0  0  0  1  1 ] (0.00018186)
[  0  0  0  1  0  0  0  1  2 ] (0.00001618)
[  0  0  0  1  0  0  0  2  0 ] (0.00037258)
[  0  0  0  1  0  0  0  2  1 ] (0.00007710)
[  0  0  0  1  0  0  0  3  0 ] (0.00002579)
[  0  0  0  1  0  0  1  0  0 ] (0.00003065)
[  0  0  0  1  0  0  1  0  1 ] (0.00002599)
[  0  0  0  1  0  0  1  0  2 ] (0.00009877)
[  0  0  0  1  0  0  1  1  0 ] (0.00034579)
[  0  0  0  1  0  0  1  1  1 ] (0.00004529)
[  0  0  0  1  0  0  1  2  0 ] (0.00000010)
[  0  0  0  1  0  0  2  0  0 ] (0.00001027)
[  0  0  0  1  0  0  2  0  1 ] (0.00005004)
[  0  0  0  1  0  0  2  1  0 ] (0.00000893)
[  0  0  0  1  0  0  3  0  0 ] (0.00005152)
[  0  0  0  1  0  1  0  0  0 ] (0.00000091)
[  0  0  0  1  0  1  0  0  1 ] (0.00085862)
[  0  0  0  1  0  1  0  0  2 ] (0.00003129)
[  0  0  0  1  0  1  0  1  0 ] (0.00001222)
[  0  0  0  1  0  1  0  1  1 ] (0.00000614)
[  0  0  0  1  0  1  0  2  0 ] (0.00004034)
[  0  0  0  1  0  1  1  0  0 ] (0.00004809)
[  0  0  0  1  0  1  1  0  1 ] (0.00008032)
[  0  0  0  1  0  1  1  1  0 ] (0.00007146)
[  0  0  0  1  0  1  2  0  0 ] (0.00003148)
[  0  0  0  1  0  2  0  0  0 ] (0.00003751)
[  0  0  0  1  0  2  0  0  1 ] (0.00042763)
[  0  0  0  1  0  2  0  1  0 ] (0.00000002)
[  0  0  0  1  0  2  1  0  0 ] (0.00008288)
[  0  0  0  1  0  3  0  0  0 ] (0.00074998)
[  0  0  0  1  1  0  0  0  0 ] (0.00040008)
[  0  0  0  1  1  0  0  0  1 ] (0.00010362)
[  0  0  0  1  1  0  0  0  2 ] (0.00000078)
[  0  0  0  1  1  0  0  1  0 ] (0.00001059)
[  0  0  0  1  1  0  0  1  1 ] (0.00000152)
[  0  0  0  1  1  0  0  2  0 ] (0.00000076)
[  0  0  0  1  1  0  1  0  0 ] (0.00019746)
[  0  0  0  1  1  0  1  0  1 ] (0.00006259)
[  0  0  0  1  1  0  1  1  0 ] (0.00001453)
[  0  0  0  1  1  0  2  0  0 ] (0.00000090)
[  0  0  0  1  1  1  0  0  0 ] (0.00150492)
[  0  0  0  1  1  1  0  0  1 ] (0.00027088)
[  0  0  0  1  1  1  0  1  0 ] (0.00004819)
[  0  0  0  1  1  1  1  0  0 ] (0.00043787)
[  0  0  0  1  1  2  0  0  0 ] (0.00423599)
[  0  0  0  1  2  0  0  0  0 ] (0.00033186)
[  0  0  0  1  2  0  0  0  1 ] (0.00024394)
[  0  0  0  1  2  0  0  1  0 ] (0.00001370)
[  0  0  0  1  2  0  1  0  0 ] (0.00016227)
[  0  0  0  1  2  1  0  0  0 ] (0.00140516)
[  0  0  0  1  3  0  0  0  0 ] (0.00004935)
[  0  0  0  2  0  0  0  0  0 ] (0.00000428)
[  0  0  0  2  0  0  0  0  1 ] (0.00023036)
[  0  0  0  2  0  0  0  0  2 ] (0.00010265)
[  0  0  0  2  0  0  0  1  0 ] (0.00000014)
[  0  0  0  2  0  0  0  1  1 ] (0.00000182)
[  0  0  0  2  0  0  0  2  0 ] (0.00000332)
[  0  0  0  2  0  0  1  0  0 ] (0.00012545)
[  0  0  0  2  0  0  1  0  1 ] (0.00004472)
[  0  0  0  2  0  0  1  1  0 ] (0.00005422)
[  0  0  0  2  0  0  2  0  0 ] (0.00210668)
[  0  0  0  2  0  1  0  0  0 ] (0.00000026)
[  0  0  0  2  0  1  0  0  1 ] (0.00037084)
[  0  0  0  2  0  1  0  1  0 ] (0.00004547)
[  0  0  0  2  0  1  1  0  0 ] (0.00012512)
[  0  0  0  2  0  2  0  0  0 ] (0.00000487)
[  0  0  0  2  1  0  0  0  0 ] (0.00003833)
[  0  0  0  2  1  0  0  0  1 ] (0.00000668)
[  0  0  0  2  1  0  0  1  0 ] (0.00000818)
[  0  0  0  2  1  0  1  0  0 ] (0.00031460)
[  0  0  0  2  1  1  0  0  0 ] (0.00027616)
[  0  0  0  2  2  0  0  0  0 ] (0.00004290)
[  0  0  0  3  0  0  0  0  0 ] (0.00002813)
[  0  0  0  3  0  0  0  0  1 ] (0.03361214)
[  0  0  0  3  0  0  0  1  0 ] (0.00002466)
[  0  0  0  3  0  0  1  0  0 ] (0.00003151)
[  0  0  0  3  0  1  0  0  0 ] (0.00000061)
[  0  0  0  3  1  0  0  0  0 ] (0.00019389)
[  0  0  0  4  0  0  0  0  0 ] (0.00000040)
[  0  0  1  0  0  0  0  0  0 ] (0.00002988)
[  0  0  1  0  0  0  0  0  1 ] (0.00006569)
[  0  0  1  0  0  0  0  0  2 ] (0.00640143)
[  0  0  1  0  0  0  0  0  3 ] (0.00000041)
[  0  0  1  0  0  0  0  1  0 ] (0.00000865)
[  0  0  1  0  0  0  0  1  1 ] (0.00000330)
[  0  0  1  0  0  0  0  1  2 ] (0.00000467)
[  0  0  1  0  0  0  0  2  0 ] (0.00000511)
[  0  0  1  0  0  0  0  2  1 ] (0.00000855)
[  0  0  1  0  0  0  0  3  0 ] (0.00001389)
[  0  0  1  0  0  0  1  0  0 ] (0.00000129)
[  0  0  1  0  0  0  1  0  1 ] (0.00001551)
[  0  0  1  0  0  0  1  0  2 ] (0.00000156)
[  0  0  1  0  0  0  1  1  0 ] (0.00045762)
[  0  0  1  0  0  0  1  1  1 ] (0.00000009)
[  0  0  1  0  0  0  1  2  0 ] (0.00000198)
[  0  0  1  0  0  0  2  0  0 ] (0.00011742)
[  0  0  1  0  0  0  2  0  1 ] (0.00000065)
[  0  0  1  0  0  0  2  1  0 ] (0.00000273)
[  0  0  1  0  0  0  3  0  0 ] (0.00002312)
[  0  0  1  0  0  1  0  0  0 ] (0.00001381)
[  0  0  1  0  0  1  0  0  1 ] (0.00015951)
[  0  0  1  0  0  1  0  0  2 ] (0.00020060)
[  0  0  1  0  0  1  0  1  0 ] (0.00001619)
[  0  0  1  0  0  1  0  1  1 ] (0.00000325)
[  0  0  1  0  0  1  0  2  0 ] (0.00000333)
[  0  0  1  0  0  1  1  0  0 ] (0.00014917)
[  0  0  1  0  0  1  1  0  1 ] (0.00001041)
[  0  0  1  0  0  1  1  1  0 ] (0.00008071)
[  0  0  1  0  0  1  2  0  0 ] (0.00002457)
[  0  0  1  0  0  2  0  0  0 ] (0.00008838)
[  0  0  1  0  0  2  0  0  1 ] (0.00003997)
[  0  0  1  0  0  2  0  1  0 ] (0.00000527)
[  0  0  1  0  0  2  1  0  0 ] (0.00038325)
[  0  0  1  0  0  3  0  0  0 ] (0.00009243)
[  0  0  1  0  1  0  0  0  0 ] (0.00000875)
[  0  0  1  0  1  0  0  0  1 ] (0.00001318)
[  0  0  1  0  1  0  0  0  2 ] (0.00000260)
[  0  0  1  0  1  0  0  1  0 ] (0.00045317)
[  0  0  1  0  1  0  0  1  1 ] (0.00002383)
[  0  0  1  0  1  0  0  2  0 ] (0.00000982)
[  0  0  1  0  1  0  1  0  0 ] (0.00012011)
[  0  0  1  0  1  0  1  0  1 ] (0.00001122)
[  0  0  1  0  1  0  1  1  0 ] (0.00000030)
[  0  0  1  0  1  0  2  0  0 ] (0.00002057)
[  0  0  1  0  1  1  0  0  0 ] (0.00015678)
[  0  0  1  0  1  1  0  0  1 ] (0.00004651)
[  0  0  1  0  1  1  0  1  0 ] (0.00020322)
[  0  0  1  0  1  1  1  0  0 ] (0.00000037)
[  0  0  1  0  1  2  0  0  0 ] (0.00028326)
[  0  0  1  0  2  0  0  0  0 ] (0.00018764)
[  0  0  1  0  2  0  0  0  1 ] (0.00011066)
[  0  0  1  0  2  0  0  1  0 ] (0.00001149)
[  0  0  1  0  2  0  1  0  0 ] (0.00055891)
[  0  0  1  0  2  1  0  0  0 ] (0.00105362)
[  0  0  1  0  3  0  0  0  0 ] (0.00033270)
[  0  0  1  1  0  0  0  0  0 ] (0.00003082)
[  0  0  1  1  0  0  0  0  1 ] (0.00111959)
[  0  0  1  1  0  0  0  0  2 ] (0.00002572)
[  0  0  1  1  0  0  0  1  0 ] (0.00010735)
[  0  0  1  1  0  0  0  1  1 ] (0.00000227)
[  0  0  1  1  0  0  0  2  0 ] (0.00001540)
[  0  0  1  1  0  0  1  0  0 ] (0.00000000)
[  0  0  1  1  0  0  1  0  1 ] (0.00000498)
[  0  0  1  1  0  0  1  1  0 ] (0.00003453)
[  0  0  1  1  0  0  2  0  0 ] (0.00033355)
[  0  0  1  1  0  1  0  0  0 ] (0.00000017)
[  0  0  1  1  0  1  0  0  1 ] (0.00017505)
[  0  0  1  1  0  1  0  1  0 ] (0.00009249)
[  0  0  1  1  0  1  1  0  0 ] (0.00044485)
[  0  0  1  1  0  2  0  0  0 ] (0.00004978)
[  0  0  1  1  1  0  0  0  0 ] (0.00002911)
[  0  0  1  1  1  0  0  0  1 ] (0.00087540)
[  0  0  1  1  1  0  0  1  0 ] (0.00000314)
[  0  0  1  1  1  0  1  0  0 ] (0.00024840)
[  0  0  1  1  1  1  0  0  0 ] (0.00043333)
[  0  0  1  1  2  0  0  0  0 ] (0.00057074)
[  0  0  1  2  0  0  0  0  0 ] (0.00000354)
[  0  0  1  2  0  0  0  0  1 ] (0.00118745)
[  0  0  1  2  0  0  0  1  0 ] (0.00015565)
[  0  0  1  2  0  0  1  0  0 ] (0.00000835)
[  0  0  1  2  0  1  0  0  0 ] (0.00001212)
[  0  0  1  2  1  0  0  0  0 ] (0.00002985)
[  0  0  1  3  0  0  0  0  0 ] (0.00001130)
[  0  0  2  0  0  0  0  0  0 ] (0.00000366)
[  0  0  2  0  0  0  0  0  1 ] (0.00000206)
[  0  0  2  0  0  0  0  0  2 ] (0.00001366)
[  0  0  2  0  0  0  0  1  0 ] (0.00000000)
[  0  0  2  0  0  0  0  1  1 ] (0.00000082)
[  0  0  2  0  0  0  0  2  0 ] (0.00005619)
[  0  0  2  0  0  0  1  0  0 ] (0.00014386)
[  0  0  2  0  0  0  1  0  1 ] (0.00011001)
[  0  0  2  0  0  0  1  1  0 ] (0.00001601)
[  0  0  2  0  0  0  2  0  0 ] (0.00145627)
[  0  0  2  0  0  1  0  0  0 ] (0.00001013)
[  0  0  2  0  0  1  0  0  1 ] (0.00001327)
[  0  0  2  0  0  1  0  1  0 ] (0.00014626)
[  0  0  2  0  0  1  1  0  0 ] (0.00337627)
[  0  0  2  0  0  2  0  0  0 ] (0.00000338)
[  0  0  2  0  1  0  0  0  0 ] (0.00000615)
[  0  0  2  0  1  0  0  0  1 ] (0.00000171)
[  0  0  2  0  1  0  0  1  0 ] (0.00028033)
[  0  0  2  0  1  0  1  0  0 ] (0.00071187)
[  0  0  2  0  1  1  0  0  0 ] (0.00004779)
[  0  0  2  0  2  0  0  0  0 ] (0.00005881)
[  0  0  2  1  0  0  0  0  0 ] (0.00002608)
[  0  0  2  1  0  0  0  0  1 ] (0.00001994)
[  0  0  2  1  0  0  0  1  0 ] (0.00001323)
[  0  0  2  1  0  0  1  0  0 ] (0.00000408)
[  0  0  2  1  0  1  0  0  0 ] (0.00004006)
[  0  0  2  1  1  0  0  0  0 ] (0.00010112)
[  0  0  2  2  0  0  0  0  0 ] (0.00000012)
[  0  0  3  0  0  0  0  0  0 ] (0.00000308)
[  0  0  3  0  0  0  0  0  1 ] (0.00000534)
[  0  0  3  0  0  0  0  1  0 ] (0.00012796)
[  0  0  3  0  0  0  1  0  0 ] (0.00002863)
[  0  0  3  0  0  1  0  0  0 ] (0.00003072)
[  0  0  3  0  1  0  0  0  0 ] (0.00000907)
[  0  0  3  1  0  0  0  0  0 ] (0.00009196)
[  0  0  4  0  0  0  0  0  0 ] (0.00000248)
[  0  1  0  0  0  0  0  0  0 ] (0.00002931)
[  0  1  0  0  0  0  0  0  1 ] (0.00008826)
[  0  1  0  0  0  0  0  0  2 ] (0.00576053)
[  0  1  0  0  0  0  0  0  3 ] (0.00000295)
[  0  1  0  0  0  0  0  1  0 ] (0.00001656)
[  0  1  0  0  0  0  0  1  1 ] (0.00001919)
[  0  1  0  0  0  0  0  1  2 ] (0.00000067)
[  0  1  0  0  0  0  0  2  0 ] (0.00002256)
[  0  1  0  0  0  0  0  2  1 ] (0.00002268)
[  0  1  0  0  0  0  0  3  0 ] (0.00000938)
[  0  1  0  0  0  0  1  0  0 ] (0.00021404)
[  0  1  0  0  0  0  1  0  1 ] (0.00079931)
[  0  1  0  0  0  0  1  0  2 ] (0.00000642)
[  0  1  0  0  0  0  1  1  0 ] (0.00004504)
[  0  1  0  0  0  0  1  1  1 ] (0.00012553)
[  0  1  0  0  0  0  1  2  0 ] (0.00008167)
[  0  1  0  0  0  0  2  0  0 ] (0.00000002)
[  0  1  0  0  0  0  2  0  1 ] (0.00007692)
[  0  1  0  0  0  0  2  1  0 ] (0.00000899)
[  0  1  0  0  0  0  3  0  0 ] (0.00079552)
[  0  1  0  0  0  1  0  0  0 ] (0.00000396)
[  0  1  0  0  0  1  0  0  1 ] (0.00023104)
[  0  1  0  0  0  1  0  0  2 ] (0.00030058)
[  0  1  0  0  0  1  0  1  0 ] (0.00021057)
[  0  1  0  0  0  1  0  1  1 ] (0.00003962)
[  0  1  0  0  0  1  0  2  0 ] (0.00001255)
[  0  1  0  0  0  1  1  0  0 ] (0.00000035)
[  0  1  0  0  0  1  1  0  1 ] (0.00003342)
[  0  1  0  0  0  1  1  1  0 ] (0.00003197)
[  0  1  0  0  0  1  2  0  0 ] (0.00118092)
[  0  1  0  0  0  2  0  0  0 ] (0.00002467)
[  0  1  0  0  0  2  0  0  1 ] (0.00118099)
[  0  1  0  0  0  2  0  1  0 ] (0.00018945)
[  0  1  0  0  0  2  1  0  0 ] (0.03959262)
[  0  1  0  0  0  3  0  0  0 ] (0.00000050)
[  0  1  0  0  1  0  0  0  0 ] (0.00001037)
[  0  1  0  0  1  0  0  0  1 ] (0.00010421)
[  0  1  0  0  1  0  0  0  2 ] (0.00000033)
[  0  1  0  0  1  0  0  1  0 ] (0.00032798)
[  0  1  0  0  1  0  0  1  1 ] (0.00001965)
[  0  1  0  0  1  0  0  2  0 ] (0.00000640)
[  0  1  0  0  1  0  1  0  0 ] (0.00034604)
[  0  1  0  0  1  0  1  0  1 ] (0.00006254)
[  0  1  0  0  1  0  1  1  0 ] (0.00001192)
[  0  1  0  0  1  0  2  0  0 ] (0.00007527)
[  0  1  0  0  1  1  0  0  0 ] (0.00000996)
[  0  1  0  0  1  1  0  0  1 ] (0.00009161)
[  0  1  0  0  1  1  0  1  0 ] (0.00012439)
[  0  1  0  0  1  1  1  0  0 ] (0.00028280)
[  0  1  0  0  1  2  0  0  0 ] (0.00003529)
[  0  1  0  0  2  0  0  0  0 ] (0.00003825)
[  0  1  0  0  2  0  0  0  1 ] (0.00016917)
[  0  1  0  0  2  0  0  1  0 ] (0.00001794)
[  0  1  0  0  2  0  1  0  0 ] (0.00091640)
[  0  1  0  0  2  1  0  0  0 ] (0.00005277)
[  0  1  0  0  3  0  0  0  0 ] (0.00000510)
[  0  1  0  1  0  0  0  0  0 ] (0.00000017)
[  0  1  0  1  0  0  0  0  1 ] (0.00000339)
[  0  1  0  1  0  0  0  0  2 ] (0.00000148)
[  0  1  0  1  0  0  0  1  0 ] (0.00000771)
[  0  1  0  1  0  0  0  1  1 ] (0.00001053)
[  0  1  0  1  0  0  0  2  0 ] (0.00000025)
[  0  1  0  1  0  0  1  0  0 ] (0.00033085)
[  0  1  0  1  0  0  1  0  1 ] (0.00000001)
[  0  1  0  1  0  0  1  1  0 ] (0.00003850)
[  0  1  0  1  0  0  2  0  0 ] (0.00080568)
[  0  1  0  1  0  1  0  0  0 ] (0.00000037)
[  0  1  0  1  0  1  0  0  1 ] (0.00011307)
[  0  1  0  1  0  1  0  1  0 ] (0.00014517)
[  0  1  0  1  0  1  1  0  0 ] (0.00046383)
[  0  1  0  1  0  2  0  0  0 ] (0.00005739)
[  0  1  0  1  1  0  0  0  0 ] (0.00010653)
[  0  1  0  1  1  0  0  0  1 ] (0.00000827)
[  0  1  0  1  1  0  0  1  0 ] (0.00000312)
[  0  1  0  1  1  0  1  0  0 ] (0.00009403)
[  0  1  0  1  1  1  0  0  0 ] (0.00028510)
[  0  1  0  1  2  0  0  0  0 ] (0.00004776)
[  0  1  0  2  0  0  0  0  0 ] (0.00000359)
[  0  1  0  2  0  0  0  0  1 ] (0.00284030)
[  0  1  0  2  0  0  0  1  0 ] (0.00184237)
[  0  1  0  2  0  0  1  0  0 ] (0.00005703)
[  0  1  0  2  0  1  0  0  0 ] (0.00000952)
[  0  1  0  2  1  0  0  0  0 ] (0.00000171)
[  0  1  0  3  0  0  0  0  0 ] (0.00000007)
[  0  1  1  0  0  0  0  0  0 ] (0.00001189)
[  0  1  1  0  0  0  0  0  1 ] (0.00001838)
[  0  1  1  0  0  0  0  0  2 ] (0.00014166)
[  0  1  1  0  0  0  0  1  0 ] (0.00001317)
[  0  1  1  0  0  0  0  1  1 ] (0.00000006)
[  0  1  1  0  0  0  0  2  0 ] (0.00000258)
[  0  1  1  0  0  0  1  0  0 ] (0.00003371)
[  0  1  1  0  0  0  1  0  1 ] (0.00000618)
[  0  1  1  0  0  0  1  1  0 ] (0.00001758)
[  0  1  1  0  0  0  2  0  0 ] (0.00069254)
[  0  1  1  0  0  1  0  0  0 ] (0.00000221)
[  0  1  1  0  0  1  0  0  1 ] (0.00000899)
[  0  1  1  0  0  1  0  1  0 ] (0.00011870)
[  0  1  1  0  0  1  1  0  0 ] (0.00342762)
[  0  1  1  0  0  2  0  0  0 ] (0.00000791)
[  0  1  1  0  1  0  0  0  0 ] (0.00000008)
[  0  1  1  0  1  0  0  0  1 ] (0.00001085)
[  0  1  1  0  1  0  0  1  0 ] (0.00010027)
[  0  1  1  0  1  0  1  0  0 ] (0.00007785)
[  0  1  1  0  1  1  0  0  0 ] (0.00000514)
[  0  1  1  0  2  0  0  0  0 ] (0.00009180)
[  0  1  1  1  0  0  0  0  0 ] (0.00022539)
[  0  1  1  1  0  0  0  0  1 ] (0.00156707)
[  0  1  1  1  0  0  0  1  0 ] (0.00002818)
[  0  1  1  1  0  0  1  0  0 ] (0.02365023)
[  0  1  1  1  0  1  0  0  0 ] (0.00010632)
[  0  1  1  1  1  0  0  0  0 ] (0.00000043)
[  0  1  1  2  0  0  0  0  0 ] (0.00000315)
[  0  1  2  0  0  0  0  0  0 ] (0.00002347)
[  0  1  2  0  0  0  0  0  1 ] (0.00037235)
[  0  1  2  0  0  0  0  1  0 ] (0.00010977)
[  0  1  2  0  0  0  1  0  0 ] (0.00007366)
[  0  1  2  0  0  1  0  0  0 ] (0.00000645)
[  0  1  2  0  1  0  0  0  0 ] (0.00000873)
[  0  1  2  1  0  0  0  0  0 ] (0.00000111)
[  0  1  3  0  0  0  0  0  0 ] (0.00000426)
[  0  2  0  0  0  0  0  0  0 ] (0.00000426)
[  0  2  0  0  0  0  0  0  1 ] (0.00002671)
[  0  2  0  0  0  0  0  0  2 ] (0.00179888)
[  0  2  0  0  0  0  0  1  0 ] (0.00000085)
[  0  2  0  0  0  0  0  1  1 ] (0.00000114)
[  0  2  0  0  0  0  0  2  0 ] (0.00000015)
[  0  2  0  0  0  0  1  0  0 ] (0.00000387)
[  0  2  0  0  0  0  1  0  1 ] (0.00016792)
[  0  2  0  0  0  0  1  1  0 ] (0.00002114)
[  0  2  0  0  0  0  2  0  0 ] (0.00000063)
[  0  2  0  0  0  1  0  0  0 ] (0.00000022)
[  0  2  0  0  0  1  0  0  1 ] (0.00000819)
[  0  2  0  0  0  1  0  1  0 ] (0.00000960)
[  0  2  0  0  0  1  1  0  0 ] (0.00082019)
[  0  2  0  0  0  2  0  0  0 ] (0.00000035)
[  0  2  0  0  1  0  0  0  0 ] (0.00000000)
[  0  2  0  0  1  0  0  0  1 ] (0.00011539)
[  0  2  0  0  1  0  0  1  0 ] (0.00000055)
[  0  2  0  0  1  0  1  0  0 ] (0.00000088)
[  0  2  0  0  1  1  0  0  0 ] (0.00000436)
[  0  2  0  0  2  0  0  0  0 ] (0.00000280)
[  0  2  0  1  0  0  0  0  0 ] (0.00000317)
[  0  2  0  1  0  0  0  0  1 ] (0.00022474)
[  0  2  0  1  0  0  0  1  0 ] (0.00430334)
[  0  2  0  1  0  0  1  0  0 ] (0.00005724)
[  0  2  0  1  0  1  0  0  0 ] (0.00000085)
[  0  2  0  1  1  0  0  0  0 ] (0.00007111)
[  0  2  0  2  0  0  0  0  0 ] (0.00000013)
[  0  2  1  0  0  0  0  0  0 ] (0.00000331)
[  0  2  1  0  0  0  0  0  1 ] (0.00002216)
[  0  2  1  0  0  0  0  1  0 ] (0.00001459)
[  0  2  1  0  0  0  1  0  0 ] (0.00001326)
[  0  2  1  0  0  1  0  0  0 ] (0.00000079)
[  0  2  1  0  1  0  0  0  0 ] (0.00000887)
[  0  2  1  1  0  0  0  0  0 ] (0.00000725)
[  0  2  2  0  0  0  0  0  0 ] (0.00000003)
[  0  3  0  0  0  0  0  0  0 ] (0.00000183)
[  0  3  0  0  0  0  0  0  1 ] (0.00013871)
[  0  3  0  0  0  0  0  1  0 ] (0.00009210)
[  0  3  0  0  0  0  1  0  0 ] (0.00003829)
[  0  3  0  0  0  1  0  0  0 ] (0.00000033)
[  0  3  0  0  1  0  0  0  0 ] (0.00000058)
[  0  3  0  1  0  0  0  0  0 ] (0.00000027)
[  0  3  1  0  0  0  0  0  0 ] (0.00000008)
[  0  4  0  0  0  0  0  0  0 ] (0.00000622)
[  1  0  0  0  0  0  0  0  0 ] (0.00002090)
[  1  0  0  0  0  0  0  0  1 ] (0.00097814)
[  1  0  0  0  0  0  0  0  2 ] (0.00249917)
[  1  0  0  0  0  0  0  0  3 ] (0.00001383)
[  1  0  0  0  0  0  0  1  0 ] (0.00211138)
[  1  0  0  0  0  0  0  1  1 ] (0.00179926)
[  1  0  0  0  0  0  0  1  2 ] (0.00012420)
[  1  0  0  0  0  0  0  2  0 ] (0.00030707)
[  1  0  0  0  0  0  0  2  1 ] (0.00028276)
[  1  0  0  0  0  0  0  3  0 ] (0.00001406)
[  1  0  0  0  0  0  1  0  0 ] (0.00313592)
[  1  0  0  0  0  0  1  0  1 ] (0.14612066)
[  1  0  0  0  0  0  1  0  2 ] (0.00559564)
[  1  0  0  0  0  0  1  1  0 ] (0.12370152)
[  1  0  0  0  0  0  1  1  1 ] (0.01085021)
[  1  0  0  0  0  0  1  2  0 ] (0.00005014)
[  1  0  0  0  0  0  2  0  0 ] (0.00002668)
[  1  0  0  0  0  0  2  0  1 ] (0.00012475)
[  1  0  0  0  0  0  2  1  0 ] (0.00327815)
[  1  0  0  0  0  0  3  0  0 ] (0.06556043)
[  1  0  0  0  0  1  0  0  0 ] (0.00000969)
[  1  0  0  0  0  1  0  0  1 ] (0.00010646)
[  1  0  0  0  0  1  0  0  2 ] (0.00024495)
[  1  0  0  0  0  1  0  1  0 ] (0.00057428)
[  1  0  0  0  0  1  0  1  1 ] (0.00018836)
[  1  0  0  0  0  1  0  2  0 ] (0.00002160)
[  1  0  0  0  0  1  1  0  0 ] (0.00002448)
[  1  0  0  0  0  1  1  0  1 ] (0.00244723)
[  1  0  0  0  0  1  1  1  0 ] (0.00025115)
[  1  0  0  0  0  1  2  0  0 ] (0.01311679)
[  1  0  0  0  0  2  0  0  0 ] (0.00013028)
[  1  0  0  0  0  2  0  0  1 ] (0.00231569)
[  1  0  0  0  0  2  0  1  0 ] (0.00183911)
[  1  0  0  0  0  2  1  0  0 ] (0.00099241)
[  1  0  0  0  0  3  0  0  0 ] (0.00000391)
[  1  0  0  0  1  0  0  0  0 ] (0.00006189)
[  1  0  0  0  1  0  0  0  1 ] (0.00064143)
[  1  0  0  0  1  0  0  0  2 ] (0.00056181)
[  1  0  0  0  1  0  0  1  0 ] (0.00025648)
[  1  0  0  0  1  0  0  1  1 ] (0.00030161)
[  1  0  0  0  1  0  0  2  0 ] (0.00076350)
[  1  0  0  0  1  0  1  0  0 ] (0.00003541)
[  1  0  0  0  1  0  1  0  1 ] (0.00060371)
[  1  0  0  0  1  0  1  1  0 ] (0.00085759)
[  1  0  0  0  1  0  2  0  0 ] (0.01746321)
[  1  0  0  0  1  1  0  0  0 ] (0.00000291)
[  1  0  0  0  1  1  0  0  1 ] (0.00000299)
[  1  0  0  0  1  1  0  1  0 ] (0.00042183)
[  1  0  0  0  1  1  1  0  0 ] (0.00320367)
[  1  0  0  0  1  2  0  0  0 ] (0.00007007)
[  1  0  0  0  2  0  0  0  0 ] (0.00012318)
[  1  0  0  0  2  0  0  0  1 ] (0.00184005)
[  1  0  0  0  2  0  0  1  0 ] (0.00002305)
[  1  0  0  0  2  0  1  0  0 ] (0.00048974)
[  1  0  0  0  2  1  0  0  0 ] (0.00003131)
[  1  0  0  0  3  0  0  0  0 ] (0.00000039)
[  1  0  0  1  0  0  0  0  0 ] (0.00019285)
[  1  0  0  1  0  0  0  0  1 ] (0.00077542)
[  1  0  0  1  0  0  0  0  2 ] (0.00024455)
[  1  0  0  1  0  0  0  1  0 ] (0.00002157)
[  1  0  0  1  0  0  0  1  1 ] (0.00002319)
[  1  0  0  1  0  0  0  2  0 ] (0.00021807)
[  1  0  0  1  0  0  1  0  0 ] (0.01484636)
[  1  0  0  1  0  0  1  0  1 ] (0.00363908)
[  1  0  0  1  0  0  1  1  0 ] (0.00020239)
[  1  0  0  1  0  0  2  0  0 ] (0.00015236)
[  1  0  0  1  0  1  0  0  0 ] (0.00067596)
[  1  0  0  1  0  1  0  0  1 ] (0.00014263)
[  1  0  0  1  0  1  0  1  0 ] (0.00032298)
[  1  0  0  1  0  1  1  0  0 ] (0.18845905)
[  1  0  0  1  0  2  0  0  0 ] (0.00000097)
[  1  0  0  1  1  0  0  0  0 ] (0.00032338)
[  1  0  0  1  1  0  0  0  1 ] (0.00018934)
[  1  0  0  1  1  0  0  1  0 ] (0.00084783)
[  1  0  0  1  1  0  1  0  0 ] (0.01999002)
[  1  0  0  1  1  1  0  0  0 ] (0.00027918)
[  1  0  0  1  2  0  0  0  0 ] (0.00000245)
[  1  0  0  2  0  0  0  0  0 ] (0.00000002)
[  1  0  0  2  0  0  0  0  1 ] (0.00008226)
[  1  0  0  2  0  0  0  1  0 ] (0.00013806)
[  1  0  0  2  0  0  1  0  0 ] (0.00002480)
[  1  0  0  2  0  1  0  0  0 ] (0.00000301)
[  1  0  0  2  1  0  0  0  0 ] (0.00002179)
[  1  0  0  3  0  0  0  0  0 ] (0.00000942)
[  1  0  1  0  0  0  0  0  0 ] (0.00017049)
[  1  0  1  0  0  0  0  0  1 ] (0.00027565)
[  1  0  1  0  0  0  0  0  2 ] (0.00177421)
[  1  0  1  0  0  0  0  1  0 ] (0.00004773)
[  1  0  1  0  0  0  0  1  1 ] (0.00028334)
[  1  0  1  0  0  0  0  2  0 ] (0.00003731)
[  1  0  1  0  0  0  1  0  0 ] (0.00001641)
[  1  0  1  0  0  0  1  0  1 ] (0.00197722)
[  1  0  1  0  0  0  1  1  0 ] (0.00000769)
[  1  0  1  0  0  0  2  0  0 ] (0.00045563)
[  1  0  1  0  0  1  0  0  0 ] (0.00000146)
[  1  0  1  0  0  1  0  0  1 ] (0.00252532)
[  1  0  1  0  0  1  0  1  0 ] (0.00246290)
[  1  0  1  0  0  1  1  0  0 ] (0.00035290)
[  1  0  1  0  0  2  0  0  0 ] (0.00000039)
[  1  0  1  0  1  0  0  0  0 ] (0.00006417)
[  1  0  1  0  1  0  0  0  1 ] (0.00038491)
[  1  0  1  0  1  0  0  1  0 ] (0.00000132)
[  1  0  1  0  1  0  1  0  0 ] (0.03461173)
[  1  0  1  0  1  1  0  0  0 ] (0.00010551)
[  1  0  1  0  2  0  0  0  0 ] (0.00002895)
[  1  0  1  1  0  0  0  0  0 ] (0.00012028)
[  1  0  1  1  0  0  0  0  1 ] (0.00000329)
[  1  0  1  1  0  0  0  1  0 ] (0.02467365)
[  1  0  1  1  0  0  1  0  0 ] (0.01158387)
[  1  0  1  1  0  1  0  0  0 ] (0.00002061)
[  1  0  1  1  1  0  0  0  0 ] (0.00002164)
[  1  0  1  2  0  0  0  0  0 ] (0.00000056)
[  1  0  2  0  0  0  0  0  0 ] (0.00000185)
[  1  0  2  0  0  0  0  0  1 ] (0.00001315)
[  1  0  2  0  0  0  0  1  0 ] (0.00003707)
[  1  0  2  0  0  0  1  0  0 ] (0.00001202)
[  1  0  2  0  0  1  0  0  0 ] (0.00000196)
[  1  0  2  0  1  0  0  0  0 ] (0.00001606)
[  1  0  2  1  0  0  0  0  0 ] (0.00001288)
[  1  0  3  0  0  0  0  0  0 ] (0.00000210)
[  1  1  0  0  0  0  0  0  0 ] (0.00005234)
[  1  1  0  0  0  0  0  0  1 ] (0.00005389)
[  1  1  0  0  0  0  0  0  2 ] (0.00380931)
[  1  1  0  0  0  0  0  1  0 ] (0.00000852)
[  1  1  0  0  0  0  0  1  1 ] (0.00059855)
[  1  1  0  0  0  0  0  2  0 ] (0.00002587)
[  1  1  0  0  0  0  1  0  0 ] (0.00046138)
[  1  1  0  0  0  0  1  0  1 ] (0.01177600)
[  1  1  0  0  0  0  1  1  0 ] (0.00093508)
[  1  1  0  0  0  0  2  0  0 ] (0.00188173)
[  1  1  0  0  0  1  0  0  0 ] (0.00010714)
[  1  1  0  0  0  1  0  0  1 ] (0.01503004)
[  1  1  0  0  0  1  0  1  0 ] (0.00001884)
[  1  1  0  0  0  1  1  0  0 ] (0.00000307)
[  1  1  0  0  0  2  0  0  0 ] (0.00001292)
[  1  1  0  0  1  0  0  0  0 ] (0.00000156)
[  1  1  0  0  1  0  0  0  1 ] (0.00103197)
[  1  1  0  0  1  0  0  1  0 ] (0.00043599)
[  1  1  0  0  1  0  1  0  0 ] (0.00036826)
[  1  1  0  0  1  1  0  0  0 ] (0.00008292)
[  1  1  0  0  2  0  0  0  0 ] (0.00000025)
[  1  1  0  1  0  0  0  0  0 ] (0.00023172)
[  1  1  0  1  0  0  0  0  1 ] (0.01041865)
[  1  1  0  1  0  0  0  1  0 ] (0.00000014)
[  1  1  0  1  0  0  1  0  0 ] (0.00258931)
[  1  1  0  1  0  1  0  0  0 ] (0.00037357)
[  1  1  0  1  1  0  0  0  0 ] (0.00002462)
[  1  1  0  2  0  0  0  0  0 ] (0.00000142)
[  1  1  1  0  0  0  0  0  0 ] (0.00002350)
[  1  1  1  0  0  0  0  0  1 ] (0.00007828)
[  1  1  1  0  0  0  0  1  0 ] (0.00051795)
[  1  1  1  0  0  0  1  0  0 ] (0.00019664)
[  1  1  1  0  0  1  0  0  0 ] (0.00000643)
[  1  1  1  0  1  0  0  0  0 ] (0.00011979)
[  1  1  1  1  0  0  0  0  0 ] (0.00007656)
[  1  1  2  0  0  0  0  0  0 ] (0.00000145)
[  1  2  0  0  0  0  0  0  0 ] (0.00001707)
[  1  2  0  0  0  0  0  0  1 ] (0.00003688)
[  1  2  0  0  0  0  0  1  0 ] (0.00002051)
[  1  2  0  0  0  0  1  0  0 ] (0.00010488)
[  1  2  0  0  0  1  0  0  0 ] (0.00000311)
[  1  2  0  0  1  0  0  0  0 ] (0.00000038)
[  1  2  0  1  0  0  0  0  0 ] (0.00001880)
[  1  2  1  0  0  0  0  0  0 ] (0.00000169)
[  1  3  0  0  0  0  0  0  0 ] (0.00000338)
[  2  0  0  0  0  0  0  0  0 ] (0.00006021)
[  2  0  0  0  0  0  0  0  1 ] (0.00004356)
[  2  0  0  0  0  0  0  0  2 ] (0.00314457)
[  2  0  0  0  0  0  0  1  0 ] (0.00019951)
[  2  0  0  0  0  0  0  1  1 ] (0.00001538)
[  2  0  0  0  0  0  0  2  0 ] (0.00111860)
[  2  0  0  0  0  0  1  0  0 ] (0.00007595)
[  2  0  0  0  0  0  1  0  1 ] (0.00007428)
[  2  0  0  0  0  0  1  1  0 ] (0.00104164)
[  2  0  0  0  0  0  2  0  0 ] (0.00020671)
[  2  0  0  0  0  1  0  0  0 ] (0.00008327)
[  2  0  0  0  0  1  0  0  1 ] (0.00074935)
[  2  0  0  0  0  1  0  1  0 ] (0.00142495)
[  2  0  0  0  0  1  1  0  0 ] (0.00000017)
[  2  0  0  0  0  2  0  0  0 ] (0.00000264)
[  2  0  0  0  1  0  0  0  0 ] (0.00002417)
[  2  0  0  0  1  0  0  0  1 ] (0.00266359)
[  2  0  0  0  1  0  0  1  0 ] (0.00367508)
[  2  0  0  0  1  0  1  0  0 ] (0.00030543)
[  2  0  0  0  1  1  0  0  0 ] (0.00000399)
[  2  0  0  0  2  0  0  0  0 ] (0.00000681)
[  2  0  0  1  0  0  0  0  0 ] (0.00000431)
[  2  0  0  1  0  0  0  0  1 ] (0.00066140)
[  2  0  0  1  0  0  0  1  0 ] (0.00049215)
[  2  0  0  1  0  0  1  0  0 ] (0.00025952)
[  2  0  0  1  0  1  0  0  0 ] (0.00002390)
[  2  0  0  1  1  0  0  0  0 ] (0.00004162)
[  2  0  0  2  0  0  0  0  0 ] (0.00000092)
[  2  0  1  0  0  0  0  0  0 ] (0.00001405)
[  2  0  1  0  0  0  0  0  1 ] (0.00000022)
[  2  0  1  0  0  0  0  1  0 ] (0.00000242)
[  2  0  1  0  0  0  1  0  0 ] (0.00007463)
[  2  0  1  0  0  1  0  0  0 ] (0.00000209)
[  2  0  1  0  1  0  0  0  0 ] (0.00000336)
[  2  0  1  1  0  0  0  0  0 ] (0.00001132)
[  2  0  2  0  0  0  0  0  0 ] (0.00000083)
[  2  1  0  0  0  0  0  0  0 ] (0.00002994)
[  2  1  0  0  0  0  0  0  1 ] (0.00021536)
[  2  1  0  0  0  0  0  1  0 ] (0.00096332)
[  2  1  0  0  0  0  1  0  0 ] (0.00091275)
[  2  1  0  0  0  1  0  0  0 ] (0.00000003)
[  2  1  0  0  1  0  0  0  0 ] (0.00001422)
[  2  1  0  1  0  0  0  0  0 ] (0.00000010)
[  2  1  1  0  0  0  0  0  0 ] (0.00000292)
[  2  2  0  0  0  0  0  0  0 ] (0.00000040)
[  3  0  0  0  0  0  0  0  0 ] (0.00000882)
[  3  0  0  0  0  0  0  0  1 ] (0.00001069)
[  3  0  0  0  0  0  0  1  0 ] (0.00002096)
[  3  0  0  0  0  0  1  0  0 ] (0.00006127)
[  3  0  0  0  0  1  0  0  0 ] (0.00001248)
[  3  0  0  0  1  0  0  0  0 ] (0.00000889)
[  3  0  0  1  0  0  0  0  0 ] (0.00000084)
[  3  0  1  0  0  0  0  0  0 ] (0.00000619)
[  3  1  0  0  0  0  0  0  0 ] (0.00000325)
[  4  0  0  0  0  0  0  0  0 ] (0.00000300)
