|  -907.084905659808 |   253.548673467507 

[  0  0  0  0  0  0  0  0  0 ] (0.00000259)
[  0  0  0  0  0  0  0  0  1 ] (0.00000008)
[  0  0  0  0  0  0  0  0  2 ] (0.00000620)
[  0  0  0  0  0  0  0  0  3 ] (0.00016073)
[  0  0  0  0  0  0  0  0  4 ] (0.00005226)
[  0  0  0  0  0  0  0  1  0 ] (0.00000343)
[  0  0  0  0  0  0  0  1  1 ] (0.00000434)
[  0  0  0  0  0  0  0  1  2 ] (0.00013694)
[  0  0  0  0  0  0  0  1  3 ] (0.00000000)
[  0  0  0  0  0  0  0  2  0 ] (0.00000021)
[  0  0  0  0  0  0  0  2  1 ] (0.00001226)
[  0  0  0  0  0  0  0  2  2 ] (0.00002697)
[  0  0  0  0  0  0  0  3  0 ] (0.00000599)
[  0  0  0  0  0  0  0  3  1 ] (0.00002349)
[  0  0  0  0  0  0  0  4  0 ] (0.00000948)
[  0  0  0  0  0  0  1  0  0 ] (0.00000467)
[  0  0  0  0  0  0  1  0  1 ] (0.00002250)
[  0  0  0  0  0  0  1  0  2 ] (0.00022523)
[  0  0  0  0  0  0  1  0  3 ] (0.00000404)
[  0  0  0  0  0  0  1  1  0 ] (0.00005708)
[  0  0  0  0  0  0  1  1  1 ] (0.00021018)
[  0  0  0  0  0  0  1  1  2 ] (0.00039889)
[  0  0  0  0  0  0  1  2  0 ] (0.00001074)
[  0  0  0  0  0  0  1  2  1 ] (0.00000085)
[  0  0  0  0  0  0  1  3  0 ] (0.00000102)
[  0  0  0  0  0  0  2  0  0 ] (0.00000366)
[  0  0  0  0  0  0  2  0  1 ] (0.00003550)
[  0  0  0  0  0  0  2  0  2 ] (0.00005036)
[  0  0  0  0  0  0  2  1  0 ] (0.00006488)
[  0  0  0  0  0  0  2  1  1 ] (0.00015575)
[  0  0  0  0  0  0  2  2  0 ] (0.00000231)
[  0  0  0  0  0  0  3  0  0 ] (0.00000755)
[  0  0  0  0  0  0  3  0  1 ] (0.00000065)
[  0  0  0  0  0  0  3  1  0 ] (0.00020755)
[  0  0  0  0  0  0  4  0  0 ] (0.00001329)
[  0  0  0  0  0  1  0  0  0 ] (0.00000015)
[  0  0  0  0  0  1  0  0  1 ] (0.00008034)
[  0  0  0  0  0  1  0  0  2 ] (0.00000661)
[  0  0  0  0  0  1  0  0  3 ] (0.00005472)
[  0  0  0  0  0  1  0  1  0 ] (0.00002480)
[  0  0  0  0  0  1  0  1  1 ] (0.00027260)
[  0  0  0  0  0  1  0  1  2 ] (0.00037207)
[  0  0  0  0  0  1  0  2  0 ] (0.00000004)
[  0  0  0  0  0  1  0  2  1 ] (0.00004954)
[  0  0  0  0  0  1  0  3  0 ] (0.00055854)
[  0  0  0  0  0  1  1  0  0 ] (0.00003245)
[  0  0  0  0  0  1  1  0  1 ] (0.00007428)
[  0  0  0  0  0  1  1  0  2 ] (0.00000678)
[  0  0  0  0  0  1  1  1  0 ] (0.00011663)
[  0  0  0  0  0  1  1  1  1 ] (0.00060975)
[  0  0  0  0  0  1  1  2  0 ] (0.00001660)
[  0  0  0  0  0  1  2  0  0 ] (0.00011932)
[  0  0  0  0  0  1  2  0  1 ] (0.00299385)
[  0  0  0  0  0  1  2  1  0 ] (0.00299535)
[  0  0  0  0  0  1  3  0  0 ] (0.00028837)
[  0  0  0  0  0  2  0  0  0 ] (0.00000100)
[  0  0  0  0  0  2  0  0  1 ] (0.00000480)
[  0  0  0  0  0  2  0  0  2 ] (0.00012951)
[  0  0  0  0  0  2  0  1  0 ] (0.00362839)
[  0  0  0  0  0  2  0  1  1 ] (0.05278817)
[  0  0  0  0  0  2  0  2  0 ] (0.00000418)
[  0  0  0  0  0  2  1  0  0 ] (0.00025461)
[  0  0  0  0  0  2  1  0  1 ] (0.00390142)
[  0  0  0  0  0  2  1  1  0 ] (0.30100435)
[  0  0  0  0  0  2  2  0  0 ] (0.00000001)
[  0  0  0  0  0  3  0  0  0 ] (0.00000010)
[  0  0  0  0  0  3  0  0  1 ] (0.00002896)
[  0  0  0  0  0  3  0  1  0 ] (0.00026979)
[  0  0  0  0  0  3  1  0  0 ] (0.00019240)
[  0  0  0  0  0  4  0  0  0 ] (0.00000228)
[  0  0  0  0  1  0  0  0  0 ] (0.00004189)
[  0  0  0  0  1  0  0  0  1 ] (0.00022206)
[  0  0  0  0  1  0  0  0  2 ] (0.01924734)
[  0  0  0  0  1  0  0  0  3 ] (0.00083940)
[  0  0  0  0  1  0  0  1  0 ] (0.00000277)
[  0  0  0  0  1  0  0  1  1 ] (0.00000126)
[  0  0  0  0  1  0  0  1  2 ] (0.00002933)
[  0  0  0  0  1  0  0  2  0 ] (0.00001319)
[  0  0  0  0  1  0  0  2  1 ] (0.00071433)
[  0  0  0  0  1  0  0  3  0 ] (0.00221216)
[  0  0  0  0  1  0  1  0  0 ] (0.00001426)
[  0  0  0  0  1  0  1  0  1 ] (0.00134853)
[  0  0  0  0  1  0  1  0  2 ] (0.00035215)
[  0  0  0  0  1  0  1  1  0 ] (0.00003656)
[  0  0  0  0  1  0  1  1  1 ] (0.00001090)
[  0  0  0  0  1  0  1  2  0 ] (0.00000234)
[  0  0  0  0  1  0  2  0  0 ] (0.00002398)
[  0  0  0  0  1  0  2  0  1 ] (0.00063125)
[  0  0  0  0  1  0  2  1  0 ] (0.00009883)
[  0  0  0  0  1  0  3  0  0 ] (0.00003024)
[  0  0  0  0  1  1  0  0  0 ] (0.00009827)
[  0  0  0  0  1  1  0  0  1 ] (0.00389589)
[  0  0  0  0  1  1  0  0  2 ] (0.22610401)
[  0  0  0  0  1  1  0  1  0 ] (0.00000405)
[  0  0  0  0  1  1  0  1  1 ] (0.00000622)
[  0  0  0  0  1  1  0  2  0 ] (0.01547091)
[  0  0  0  0  1  1  1  0  0 ] (0.00001319)
[  0  0  0  0  1  1  1  0  1 ] (0.00255117)
[  0  0  0  0  1  1  1  1  0 ] (0.00027798)
[  0  0  0  0  1  1  2  0  0 ] (0.00113418)
[  0  0  0  0  1  2  0  0  0 ] (0.00087033)
[  0  0  0  0  1  2  0  0  1 ] (0.00154848)
[  0  0  0  0  1  2  0  1  0 ] (0.00002299)
[  0  0  0  0  1  2  1  0  0 ] (0.00084531)
[  0  0  0  0  1  3  0  0  0 ] (0.00033939)
[  0  0  0  0  2  0  0  0  0 ] (0.00000333)
[  0  0  0  0  2  0  0  0  1 ] (0.00005004)
[  0  0  0  0  2  0  0  0  2 ] (0.00097550)
[  0  0  0  0  2  0  0  1  0 ] (0.00016069)
[  0  0  0  0  2  0  0  1  1 ] (0.01082824)
[  0  0  0  0  2  0  0  2  0 ] (0.00004993)
[  0  0  0  0  2  0  1  0  0 ] (0.00003631)
[  0  0  0  0  2  0  1  0  1 ] (0.00077676)
[  0  0  0  0  2  0  1  1  0 ] (0.02660625)
[  0  0  0  0  2  0  2  0  0 ] (0.00000229)
[  0  0  0  0  2  1  0  0  0 ] (0.00002245)
[  0  0  0  0  2  1  0  0  1 ] (0.00016490)
[  0  0  0  0  2  1  0  1  0 ] (0.00014726)
[  0  0  0  0  2  1  1  0  0 ] (0.00000006)
[  0  0  0  0  2  2  0  0  0 ] (0.00000356)
[  0  0  0  0  3  0  0  0  0 ] (0.00000071)
[  0  0  0  0  3  0  0  0  1 ] (0.00000046)
[  0  0  0  0  3  0  0  1  0 ] (0.00003978)
[  0  0  0  0  3  0  1  0  0 ] (0.00000109)
[  0  0  0  0  3  1  0  0  0 ] (0.00000184)
[  0  0  0  0  4  0  0  0  0 ] (0.00000129)
[  0  0  0  1  0  0  0  0  0 ] (0.00000262)
[  0  0  0  1  0  0  0  0  1 ] (0.00002539)
[  0  0  0  1  0  0  0  0  2 ] (0.00005686)
[  0  0  0  1  0  0  0  0  3 ] (0.00017615)
[  0  0  0  1  0  0  0  1  0 ] (0.00000259)
[  0  0  0  1  0  0  0  1  1 ] (0.00001672)
[  0  0  0  1  0  0  0  1  2 ] (0.00001505)
[  0  0  0  1  0  0  0  2  0 ] (0.00000483)
[  0  0  0  1  0  0  0  2  1 ] (0.00010496)
[  0  0  0  1  0  0  0  3  0 ] (0.00009207)
[  0  0  0  1  0  0  1  0  0 ] (0.00000010)
[  0  0  0  1  0  0  1  0  1 ] (0.00001997)
[  0  0  0  1  0  0  1  0  2 ] (0.00004025)
[  0  0  0  1  0  0  1  1  0 ] (0.00024045)
[  0  0  0  1  0  0  1  1  1 ] (0.00004562)
[  0  0  0  1  0  0  1  2  0 ] (0.00013348)
[  0  0  0  1  0  0  2  0  0 ] (0.00002935)
[  0  0  0  1  0  0  2  0  1 ] (0.00031616)
[  0  0  0  1  0  0  2  1  0 ] (0.00036805)
[  0  0  0  1  0  0  3  0  0 ] (0.00008385)
[  0  0  0  1  0  1  0  0  0 ] (0.00000843)
[  0  0  0  1  0  1  0  0  1 ] (0.00014190)
[  0  0  0  1  0  1  0  0  2 ] (0.00097013)
[  0  0  0  1  0  1  0  1  0 ] (0.00000168)
[  0  0  0  1  0  1  0  1  1 ] (0.00003380)
[  0  0  0  1  0  1  0  2  0 ] (0.00018947)
[  0  0  0  1  0  1  1  0  0 ] (0.00011457)
[  0  0  0  1  0  1  1  0  1 ] (0.00347058)
[  0  0  0  1  0  1  1  1  0 ] (0.00020000)
[  0  0  0  1  0  1  2  0  0 ] (0.00001182)
[  0  0  0  1  0  2  0  0  0 ] (0.00000006)
[  0  0  0  1  0  2  0  0  1 ] (0.00010898)
[  0  0  0  1  0  2  0  1  0 ] (0.00009750)
[  0  0  0  1  0  2  1  0  0 ] (0.00010938)
[  0  0  0  1  0  3  0  0  0 ] (0.00001401)
[  0  0  0  1  1  0  0  0  0 ] (0.00000222)
[  0  0  0  1  1  0  0  0  1 ] (0.00007348)
[  0  0  0  1  1  0  0  0  2 ] (0.00186138)
[  0  0  0  1  1  0  0  1  0 ] (0.00020660)
[  0  0  0  1  1  0  0  1  1 ] (0.00119988)
[  0  0  0  1  1  0  0  2  0 ] (0.00002913)
[  0  0  0  1  1  0  1  0  0 ] (0.00002771)
[  0  0  0  1  1  0  1  0  1 ] (0.00017746)
[  0  0  0  1  1  0  1  1  0 ] (0.00197344)
[  0  0  0  1  1  0  2  0  0 ] (0.00000355)
[  0  0  0  1  1  1  0  0  0 ] (0.00000078)
[  0  0  0  1  1  1  0  0  1 ] (0.00014211)
[  0  0  0  1  1  1  0  1  0 ] (0.00130079)
[  0  0  0  1  1  1  1  0  0 ] (0.00002019)
[  0  0  0  1  1  2  0  0  0 ] (0.00001337)
[  0  0  0  1  2  0  0  0  0 ] (0.00001347)
[  0  0  0  1  2  0  0  0  1 ] (0.00016961)
[  0  0  0  1  2  0  0  1  0 ] (0.00001045)
[  0  0  0  1  2  0  1  0  0 ] (0.00000345)
[  0  0  0  1  2  1  0  0  0 ] (0.00002375)
[  0  0  0  1  3  0  0  0  0 ] (0.00000534)
[  0  0  0  2  0  0  0  0  0 ] (0.00000031)
[  0  0  0  2  0  0  0  0  1 ] (0.00000255)
[  0  0  0  2  0  0  0  0  2 ] (0.00000060)
[  0  0  0  2  0  0  0  1  0 ] (0.00278952)
[  0  0  0  2  0  0  0  1  1 ] (0.03651715)
[  0  0  0  2  0  0  0  2  0 ] (0.00000960)
[  0  0  0  2  0  0  1  0  0 ] (0.00002006)
[  0  0  0  2  0  0  1  0  1 ] (0.00019883)
[  0  0  0  2  0  0  1  1  0 ] (0.00520886)
[  0  0  0  2  0  0  2  0  0 ] (0.00000097)
[  0  0  0  2  0  1  0  0  0 ] (0.00000012)
[  0  0  0  2  0  1  0  0  1 ] (0.00000467)
[  0  0  0  2  0  1  0  1  0 ] (0.00052174)
[  0  0  0  2  0  1  1  0  0 ] (0.00000742)
[  0  0  0  2  0  2  0  0  0 ] (0.00000002)
[  0  0  0  2  1  0  0  0  0 ] (0.00002595)
[  0  0  0  2  1  0  0  0  1 ] (0.00000993)
[  0  0  0  2  1  0  0  1  0 ] (0.00000021)
[  0  0  0  2  1  0  1  0  0 ] (0.00017831)
[  0  0  0  2  1  1  0  0  0 ] (0.00000272)
[  0  0  0  2  2  0  0  0  0 ] (0.00000140)
[  0  0  0  3  0  0  0  0  0 ] (0.00000023)
[  0  0  0  3  0  0  0  0  1 ] (0.00001067)
[  0  0  0  3  0  0  0  1  0 ] (0.00000060)
[  0  0  0  3  0  0  1  0  0 ] (0.00000147)
[  0  0  0  3  0  1  0  0  0 ] (0.00000035)
[  0  0  0  3  1  0  0  0  0 ] (0.00001104)
[  0  0  0  4  0  0  0  0  0 ] (0.00006836)
[  0  0  1  0  0  0  0  0  0 ] (0.00000006)
[  0  0  1  0  0  0  0  0  1 ] (0.00001521)
[  0  0  1  0  0  0  0  0  2 ] (0.00002120)
[  0  0  1  0  0  0  0  0  3 ] (0.00005797)
[  0  0  1  0  0  0  0  1  0 ] (0.00000607)
[  0  0  1  0  0  0  0  1  1 ] (0.00004125)
[  0  0  1  0  0  0  0  1  2 ] (0.00000222)
[  0  0  1  0  0  0  0  2  0 ] (0.00000248)
[  0  0  1  0  0  0  0  2  1 ] (0.00051242)
[  0  0  1  0  0  0  0  3  0 ] (0.00008450)
[  0  0  1  0  0  0  1  0  0 ] (0.00000789)
[  0  0  1  0  0  0  1  0  1 ] (0.00045946)
[  0  0  1  0  0  0  1  0  2 ] (0.00001822)
[  0  0  1  0  0  0  1  1  0 ] (0.00093372)
[  0  0  1  0  0  0  1  1  1 ] (0.00059949)
[  0  0  1  0  0  0  1  2  0 ] (0.00028790)
[  0  0  1  0  0  0  2  0  0 ] (0.00000029)
[  0  0  1  0  0  0  2  0  1 ] (0.00034168)
[  0  0  1  0  0  0  2  1  0 ] (0.02745405)
[  0  0  1  0  0  0  3  0  0 ] (0.00000004)
[  0  0  1  0  0  1  0  0  0 ] (0.00000000)
[  0  0  1  0  0  1  0  0  1 ] (0.00011549)
[  0  0  1  0  0  1  0  0  2 ] (0.00004688)
[  0  0  1  0  0  1  0  1  0 ] (0.00053964)
[  0  0  1  0  0  1  0  1  1 ] (0.01998599)
[  0  0  1  0  0  1  0  2  0 ] (0.00001975)
[  0  0  1  0  0  1  1  0  0 ] (0.00000000)
[  0  0  1  0  0  1  1  0  1 ] (0.00718524)
[  0  0  1  0  0  1  1  1  0 ] (0.09337059)
[  0  0  1  0  0  1  2  0  0 ] (0.00004624)
[  0  0  1  0  0  2  0  0  0 ] (0.00003293)
[  0  0  1  0  0  2  0  0  1 ] (0.00000005)
[  0  0  1  0  0  2  0  1  0 ] (0.00000618)
[  0  0  1  0  0  2  1  0  0 ] (0.00005604)
[  0  0  1  0  0  3  0  0  0 ] (0.00000645)
[  0  0  1  0  1  0  0  0  0 ] (0.00001716)
[  0  0  1  0  1  0  0  0  1 ] (0.00035138)
[  0  0  1  0  1  0  0  0  2 ] (0.00466474)
[  0  0  1  0  1  0  0  1  0 ] (0.00000091)
[  0  0  1  0  1  0  0  1  1 ] (0.00006786)
[  0  0  1  0  1  0  0  2  0 ] (0.00016862)
[  0  0  1  0  1  0  1  0  0 ] (0.00000026)
[  0  0  1  0  1  0  1  0  1 ] (0.00075937)
[  0  0  1  0  1  0  1  1  0 ] (0.00024294)
[  0  0  1  0  1  0  2  0  0 ] (0.00032643)
[  0  0  1  0  1  1  0  0  0 ] (0.00029860)
[  0  0  1  0  1  1  0  0  1 ] (0.00219210)
[  0  0  1  0  1  1  0  1  0 ] (0.00000703)
[  0  0  1  0  1  1  1  0  0 ] (0.00042033)
[  0  0  1  0  1  2  0  0  0 ] (0.00003687)
[  0  0  1  0  2  0  0  0  0 ] (0.00000012)
[  0  0  1  0  2  0  0  0  1 ] (0.00001442)
[  0  0  1  0  2  0  0  1  0 ] (0.00002844)
[  0  0  1  0  2  0  1  0  0 ] (0.00000205)
[  0  0  1  0  2  1  0  0  0 ] (0.00000015)
[  0  0  1  0  3  0  0  0  0 ] (0.00000050)
[  0  0  1  1  0  0  0  0  0 ] (0.00000100)
[  0  0  1  1  0  0  0  0  1 ] (0.00004455)
[  0  0  1  1  0  0  0  0  2 ] (0.00331229)
[  0  0  1  1  0  0  0  1  0 ] (0.00001684)
[  0  0  1  1  0  0  0  1  1 ] (0.00027609)
[  0  0  1  1  0  0  0  2  0 ] (0.00000473)
[  0  0  1  1  0  0  1  0  0 ] (0.00037744)
[  0  0  1  1  0  0  1  0  1 ] (0.00528173)
[  0  0  1  1  0  0  1  1  0 ] (0.00028232)
[  0  0  1  1  0  0  2  0  0 ] (0.00000024)
[  0  0  1  1  0  1  0  0  0 ] (0.00000171)
[  0  0  1  1  0  1  0  0  1 ] (0.00009135)
[  0  0  1  1  0  1  0  1  0 ] (0.00000610)
[  0  0  1  1  0  1  1  0  0 ] (0.00006784)
[  0  0  1  1  0  2  0  0  0 ] (0.00004418)
[  0  0  1  1  1  0  0  0  0 ] (0.00000283)
[  0  0  1  1  1  0  0  0  1 ] (0.00001151)
[  0  0  1  1  1  0  0  1  0 ] (0.00017984)
[  0  0  1  1  1  0  1  0  0 ] (0.00000302)
[  0  0  1  1  1  1  0  0  0 ] (0.00000000)
[  0  0  1  1  2  0  0  0  0 ] (0.00000443)
[  0  0  1  2  0  0  0  0  0 ] (0.00000101)
[  0  0  1  2  0  0  0  0  1 ] (0.00000379)
[  0  0  1  2  0  0  0  1  0 ] (0.00009304)
[  0  0  1  2  0  0  1  0  0 ] (0.00000000)
[  0  0  1  2  0  1  0  0  0 ] (0.00000003)
[  0  0  1  2  1  0  0  0  0 ] (0.00000742)
[  0  0  1  3  0  0  0  0  0 ] (0.00000109)
[  0  0  2  0  0  0  0  0  0 ] (0.00000065)
[  0  0  2  0  0  0  0  0  1 ] (0.00001307)
[  0  0  2  0  0  0  0  0  2 ] (0.00000627)
[  0  0  2  0  0  0  0  1  0 ] (0.00000046)
[  0  0  2  0  0  0  0  1  1 ] (0.00002822)
[  0  0  2  0  0  0  0  2  0 ] (0.00000084)
[  0  0  2  0  0  0  1  0  0 ] (0.00002874)
[  0  0  2  0  0  0  1  0  1 ] (0.00010638)
[  0  0  2  0  0  0  1  1  0 ] (0.00021590)
[  0  0  2  0  0  0  2  0  0 ] (0.00000489)
[  0  0  2  0  0  1  0  0  0 ] (0.00000011)
[  0  0  2  0  0  1  0  0  1 ] (0.00000293)
[  0  0  2  0  0  1  0  1  0 ] (0.00000932)
[  0  0  2  0  0  1  1  0  0 ] (0.00000007)
[  0  0  2  0  0  2  0  0  0 ] (0.00000071)
[  0  0  2  0  1  0  0  0  0 ] (0.00000887)
[  0  0  2  0  1  0  0  0  1 ] (0.00012184)
[  0  0  2  0  1  0  0  1  0 ] (0.00000164)
[  0  0  2  0  1  0  1  0  0 ] (0.00000071)
[  0  0  2  0  1  1  0  0  0 ] (0.00002821)
[  0  0  2  0  2  0  0  0  0 ] (0.00000028)
[  0  0  2  1  0  0  0  0  0 ] (0.00000003)
[  0  0  2  1  0  0  0  0  1 ] (0.00000069)
[  0  0  2  1  0  0  0  1  0 ] (0.00000083)
[  0  0  2  1  0  0  1  0  0 ] (0.00000835)
[  0  0  2  1  0  1  0  0  0 ] (0.00000402)
[  0  0  2  1  1  0  0  0  0 ] (0.00000008)
[  0  0  2  2  0  0  0  0  0 ] (0.00000057)
[  0  0  3  0  0  0  0  0  0 ] (0.00000073)
[  0  0  3  0  0  0  0  0  1 ] (0.00001988)
[  0  0  3  0  0  0  0  1  0 ] (0.00001437)
[  0  0  3  0  0  0  1  0  0 ] (0.00002836)
[  0  0  3  0  0  1  0  0  0 ] (0.00000033)
[  0  0  3  0  1  0  0  0  0 ] (0.00000306)
[  0  0  3  1  0  0  0  0  0 ] (0.00000021)
[  0  0  4  0  0  0  0  0  0 ] (0.00000025)
[  0  1  0  0  0  0  0  0  0 ] (0.00000101)
[  0  1  0  0  0  0  0  0  1 ] (0.00000523)
[  0  1  0  0  0  0  0  0  2 ] (0.00003078)
[  0  1  0  0  0  0  0  0  3 ] (0.00016235)
[  0  1  0  0  0  0  0  1  0 ] (0.00000147)
[  0  1  0  0  0  0  0  1  1 ] (0.00003137)
[  0  1  0  0  0  0  0  1  2 ] (0.00000360)
[  0  1  0  0  0  0  0  2  0 ] (0.00000763)
[  0  1  0  0  0  0  0  2  1 ] (0.00406177)
[  0  1  0  0  0  0  0  3  0 ] (0.00011758)
[  0  1  0  0  0  0  1  0  0 ] (0.00000253)
[  0  1  0  0  0  0  1  0  1 ] (0.00001142)
[  0  1  0  0  0  0  1  0  2 ] (0.00174046)
[  0  1  0  0  0  0  1  1  0 ] (0.00022263)
[  0  1  0  0  0  0  1  1  1 ] (0.00025854)
[  0  1  0  0  0  0  1  2  0 ] (0.00426181)
[  0  1  0  0  0  0  2  0  0 ] (0.00009402)
[  0  1  0  0  0  0  2  0  1 ] (0.00063524)
[  0  1  0  0  0  0  2  1  0 ] (0.00456076)
[  0  1  0  0  0  0  3  0  0 ] (0.00000000)
[  0  1  0  0  0  1  0  0  0 ] (0.00000057)
[  0  1  0  0  0  1  0  0  1 ] (0.00000011)
[  0  1  0  0  0  1  0  0  2 ] (0.00007105)
[  0  1  0  0  0  1  0  1  0 ] (0.00000071)
[  0  1  0  0  0  1  0  1  1 ] (0.00134094)
[  0  1  0  0  0  1  0  2  0 ] (0.00000011)
[  0  1  0  0  0  1  1  0  0 ] (0.00008388)
[  0  1  0  0  0  1  1  0  1 ] (0.00428048)
[  0  1  0  0  0  1  1  1  0 ] (0.00006948)
[  0  1  0  0  0  1  2  0  0 ] (0.00000748)
[  0  1  0  0  0  2  0  0  0 ] (0.00000159)
[  0  1  0  0  0  2  0  0  1 ] (0.00000287)
[  0  1  0  0  0  2  0  1  0 ] (0.00001223)
[  0  1  0  0  0  2  1  0  0 ] (0.00002625)
[  0  1  0  0  0  3  0  0  0 ] (0.00000049)
[  0  1  0  0  1  0  0  0  0 ] (0.00000088)
[  0  1  0  0  1  0  0  0  1 ] (0.00001169)
[  0  1  0  0  1  0  0  0  2 ] (0.00014962)
[  0  1  0  0  1  0  0  1  0 ] (0.00001318)
[  0  1  0  0  1  0  0  1  1 ] (0.00051334)
[  0  1  0  0  1  0  0  2  0 ] (0.00001298)
[  0  1  0  0  1  0  1  0  0 ] (0.00000057)
[  0  1  0  0  1  0  1  0  1 ] (0.00007852)
[  0  1  0  0  1  0  1  1  0 ] (0.00000387)
[  0  1  0  0  1  0  2  0  0 ] (0.00006530)
[  0  1  0  0  1  1  0  0  0 ] (0.00000004)
[  0  1  0  0  1  1  0  0  1 ] (0.00039195)
[  0  1  0  0  1  1  0  1  0 ] (0.00000452)
[  0  1  0  0  1  1  1  0  0 ] (0.00052681)
[  0  1  0  0  1  2  0  0  0 ] (0.00000827)
[  0  1  0  0  2  0  0  0  0 ] (0.00000000)
[  0  1  0  0  2  0  0  0  1 ] (0.00000002)
[  0  1  0  0  2  0  0  1  0 ] (0.00002484)
[  0  1  0  0  2  0  1  0  0 ] (0.00000003)
[  0  1  0  0  2  1  0  0  0 ] (0.00000002)
[  0  1  0  0  3  0  0  0  0 ] (0.00000033)
[  0  1  0  1  0  0  0  0  0 ] (0.00000015)
[  0  1  0  1  0  0  0  0  1 ] (0.00000002)
[  0  1  0  1  0  0  0  0  2 ] (0.00000000)
[  0  1  0  1  0  0  0  1  0 ] (0.00002737)
[  0  1  0  1  0  0  0  1  1 ] (0.00020070)
[  0  1  0  1  0  0  0  2  0 ] (0.00002939)
[  0  1  0  1  0  0  1  0  0 ] (0.00001489)
[  0  1  0  1  0  0  1  0  1 ] (0.00036451)
[  0  1  0  1  0  0  1  1  0 ] (0.00025496)
[  0  1  0  1  0  0  2  0  0 ] (0.00000163)
[  0  1  0  1  0  1  0  0  0 ] (0.00000203)
[  0  1  0  1  0  1  0  0  1 ] (0.00001319)
[  0  1  0  1  0  1  0  1  0 ] (0.00000320)
[  0  1  0  1  0  1  1  0  0 ] (0.00000289)
[  0  1  0  1  0  2  0  0  0 ] (0.00000029)
[  0  1  0  1  1  0  0  0  0 ] (0.00000000)
[  0  1  0  1  1  0  0  0  1 ] (0.00000415)
[  0  1  0  1  1  0  0  1  0 ] (0.00009076)
[  0  1  0  1  1  0  1  0  0 ] (0.00000000)
[  0  1  0  1  1  1  0  0  0 ] (0.00000152)
[  0  1  0  1  2  0  0  0  0 ] (0.00000037)
[  0  1  0  2  0  0  0  0  0 ] (0.00000023)
[  0  1  0  2  0  0  0  0  1 ] (0.00000010)
[  0  1  0  2  0  0  0  1  0 ] (0.00009552)
[  0  1  0  2  0  0  1  0  0 ] (0.00000001)
[  0  1  0  2  0  1  0  0  0 ] (0.00000015)
[  0  1  0  2  1  0  0  0  0 ] (0.00000463)
[  0  1  0  3  0  0  0  0  0 ] (0.00000000)
[  0  1  1  0  0  0  0  0  0 ] (0.00000068)
[  0  1  1  0  0  0  0  0  1 ] (0.00000322)
[  0  1  1  0  0  0  0  0  2 ] (0.00000867)
[  0  1  1  0  0  0  0  1  0 ] (0.00028339)
[  0  1  1  0  0  0  0  1  1 ] (0.00503277)
[  0  1  1  0  0  0  0  2  0 ] (0.00000508)
[  0  1  1  0  0  0  1  0  0 ] (0.00000019)
[  0  1  1  0  0  0  1  0  1 ] (0.00000721)
[  0  1  1  0  0  0  1  1  0 ] (0.00131177)
[  0  1  1  0  0  0  2  0  0 ] (0.00000082)
[  0  1  1  0  0  1  0  0  0 ] (0.00000799)
[  0  1  1  0  0  1  0  0  1 ] (0.00001031)
[  0  1  1  0  0  1  0  1  0 ] (0.00000228)
[  0  1  1  0  0  1  1  0  0 ] (0.00001733)
[  0  1  1  0  0  2  0  0  0 ] (0.00000011)
[  0  1  1  0  1  0  0  0  0 ] (0.00000371)
[  0  1  1  0  1  0  0  0  1 ] (0.00000000)
[  0  1  1  0  1  0  0  1  0 ] (0.00001604)
[  0  1  1  0  1  0  1  0  0 ] (0.00000408)
[  0  1  1  0  1  1  0  0  0 ] (0.00000727)
[  0  1  1  0  2  0  0  0  0 ] (0.00000018)
[  0  1  1  1  0  0  0  0  0 ] (0.00000076)
[  0  1  1  1  0  0  0  0  1 ] (0.00000093)
[  0  1  1  1  0  0  0  1  0 ] (0.00000000)
[  0  1  1  1  0  0  1  0  0 ] (0.00000375)
[  0  1  1  1  0  1  0  0  0 ] (0.00000013)
[  0  1  1  1  1  0  0  0  0 ] (0.00000000)
[  0  1  1  2  0  0  0  0  0 ] (0.00000264)
[  0  1  2  0  0  0  0  0  0 ] (0.00000012)
[  0  1  2  0  0  0  0  0  1 ] (0.00000029)
[  0  1  2  0  0  0  0  1  0 ] (0.00000125)
[  0  1  2  0  0  0  1  0  0 ] (0.00000004)
[  0  1  2  0  0  1  0  0  0 ] (0.00000012)
[  0  1  2  0  1  0  0  0  0 ] (0.00000004)
[  0  1  2  1  0  0  0  0  0 ] (0.00000000)
[  0  1  3  0  0  0  0  0  0 ] (0.00000005)
[  0  2  0  0  0  0  0  0  0 ] (0.00000063)
[  0  2  0  0  0  0  0  0  1 ] (0.00000419)
[  0  2  0  0  0  0  0  0  2 ] (0.00000097)
[  0  2  0  0  0  0  0  1  0 ] (0.00000543)
[  0  2  0  0  0  0  0  1  1 ] (0.00000103)
[  0  2  0  0  0  0  0  2  0 ] (0.00000002)
[  0  2  0  0  0  0  1  0  0 ] (0.00000309)
[  0  2  0  0  0  0  1  0  1 ] (0.00000378)
[  0  2  0  0  0  0  1  1  0 ] (0.00007665)
[  0  2  0  0  0  0  2  0  0 ] (0.00000339)
[  0  2  0  0  0  1  0  0  0 ] (0.00000217)
[  0  2  0  0  0  1  0  0  1 ] (0.00000612)
[  0  2  0  0  0  1  0  1  0 ] (0.00000678)
[  0  2  0  0  0  1  1  0  0 ] (0.00000014)
[  0  2  0  0  0  2  0  0  0 ] (0.00000017)
[  0  2  0  0  1  0  0  0  0 ] (0.00000363)
[  0  2  0  0  1  0  0  0  1 ] (0.00001200)
[  0  2  0  0  1  0  0  1  0 ] (0.00001321)
[  0  2  0  0  1  0  1  0  0 ] (0.00000103)
[  0  2  0  0  1  1  0  0  0 ] (0.00000965)
[  0  2  0  0  2  0  0  0  0 ] (0.00000000)
[  0  2  0  1  0  0  0  0  0 ] (0.00000052)
[  0  2  0  1  0  0  0  0  1 ] (0.00000119)
[  0  2  0  1  0  0  0  1  0 ] (0.00000003)
[  0  2  0  1  0  0  1  0  0 ] (0.00000043)
[  0  2  0  1  0  1  0  0  0 ] (0.00000000)
[  0  2  0  1  1  0  0  0  0 ] (0.00000004)
[  0  2  0  2  0  0  0  0  0 ] (0.00000004)
[  0  2  1  0  0  0  0  0  0 ] (0.00000019)
[  0  2  1  0  0  0  0  0  1 ] (0.00000055)
[  0  2  1  0  0  0  0  1  0 ] (0.00001722)
[  0  2  1  0  0  0  1  0  0 ] (0.00000004)
[  0  2  1  0  0  1  0  0  0 ] (0.00000003)
[  0  2  1  0  1  0  0  0  0 ] (0.00000025)
[  0  2  1  1  0  0  0  0  0 ] (0.00000113)
[  0  2  2  0  0  0  0  0  0 ] (0.00000016)
[  0  3  0  0  0  0  0  0  0 ] (0.00000069)
[  0  3  0  0  0  0  0  0  1 ] (0.00000735)
[  0  3  0  0  0  0  0  1  0 ] (0.00000425)
[  0  3  0  0  0  0  1  0  0 ] (0.00000350)
[  0  3  0  0  0  1  0  0  0 ] (0.00000479)
[  0  3  0  0  1  0  0  0  0 ] (0.00000264)
[  0  3  0  1  0  0  0  0  0 ] (0.00000038)
[  0  3  1  0  0  0  0  0  0 ] (0.00000034)
[  0  4  0  0  0  0  0  0  0 ] (0.00000013)
[  1  0  0  0  0  0  0  0  0 ] (0.00001246)
[  1  0  0  0  0  0  0  0  1 ] (0.00000975)
[  1  0  0  0  0  0  0  0  2 ] (0.00000022)
[  1  0  0  0  0  0  0  0  3 ] (0.01490024)
[  1  0  0  0  0  0  0  1  0 ] (0.00000779)
[  1  0  0  0  0  0  0  1  1 ] (0.00005263)
[  1  0  0  0  0  0  0  1  2 ] (0.00000418)
[  1  0  0  0  0  0  0  2  0 ] (0.00000699)
[  1  0  0  0  0  0  0  2  1 ] (0.00198239)
[  1  0  0  0  0  0  0  3  0 ] (0.00022317)
[  1  0  0  0  0  0  1  0  0 ] (0.00002464)
[  1  0  0  0  0  0  1  0  1 ] (0.00023421)
[  1  0  0  0  0  0  1  0  2 ] (0.00487222)
[  1  0  0  0  0  0  1  1  0 ] (0.00000257)
[  1  0  0  0  0  0  1  1  1 ] (0.00002465)
[  1  0  0  0  0  0  1  2  0 ] (0.00206115)
[  1  0  0  0  0  0  2  0  0 ] (0.00013187)
[  1  0  0  0  0  0  2  0  1 ] (0.00019358)
[  1  0  0  0  0  0  2  1  0 ] (0.00054426)
[  1  0  0  0  0  0  3  0  0 ] (0.00025491)
[  1  0  0  0  0  1  0  0  0 ] (0.00000005)
[  1  0  0  0  0  1  0  0  1 ] (0.00001919)
[  1  0  0  0  0  1  0  0  2 ] (0.00011177)
[  1  0  0  0  0  1  0  1  0 ] (0.00000919)
[  1  0  0  0  0  1  0  1  1 ] (0.00008195)
[  1  0  0  0  0  1  0  2  0 ] (0.00000093)
[  1  0  0  0  0  1  1  0  0 ] (0.00024389)
[  1  0  0  0  0  1  1  0  1 ] (0.00067645)
[  1  0  0  0  0  1  1  1  0 ] (0.00005504)
[  1  0  0  0  0  1  2  0  0 ] (0.00001225)
[  1  0  0  0  0  2  0  0  0 ] (0.00007853)
[  1  0  0  0  0  2  0  0  1 ] (0.00000125)
[  1  0  0  0  0  2  0  1  0 ] (0.00015488)
[  1  0  0  0  0  2  1  0  0 ] (0.00000010)
[  1  0  0  0  0  3  0  0  0 ] (0.00000029)
[  1  0  0  0  1  0  0  0  0 ] (0.00000164)
[  1  0  0  0  1  0  0  0  1 ] (0.00001611)
[  1  0  0  0  1  0  0  0  2 ] (0.00015629)
[  1  0  0  0  1  0  0  1  0 ] (0.00043617)
[  1  0  0  0  1  0  0  1  1 ] (0.00182628)
[  1  0  0  0  1  0  0  2  0 ] (0.00002432)
[  1  0  0  0  1  0  1  0  0 ] (0.00000166)
[  1  0  0  0  1  0  1  0  1 ] (0.00019096)
[  1  0  0  0  1  0  1  1  0 ] (0.00879398)
[  1  0  0  0  1  0  2  0  0 ] (0.00000601)
[  1  0  0  0  1  1  0  0  0 ] (0.00001484)
[  1  0  0  0  1  1  0  0  1 ] (0.00000011)
[  1  0  0  0  1  1  0  1  0 ] (0.00008485)
[  1  0  0  0  1  1  1  0  0 ] (0.00000184)
[  1  0  0  0  1  2  0  0  0 ] (0.00001120)
[  1  0  0  0  2  0  0  0  0 ] (0.00000063)
[  1  0  0  0  2  0  0  0  1 ] (0.00000019)
[  1  0  0  0  2  0  0  1  0 ] (0.00000104)
[  1  0  0  0  2  0  1  0  0 ] (0.00000066)
[  1  0  0  0  2  1  0  0  0 ] (0.00000000)
[  1  0  0  0  3  0  0  0  0 ] (0.00002342)
[  1  0  0  1  0  0  0  0  0 ] (0.00000313)
[  1  0  0  1  0  0  0  0  1 ] (0.00000654)
[  1  0  0  1  0  0  0  0  2 ] (0.00000122)
[  1  0  0  1  0  0  0  1  0 ] (0.00001738)
[  1  0  0  1  0  0  0  1  1 ] (0.00215505)
[  1  0  0  1  0  0  0  2  0 ] (0.00000133)
[  1  0  0  1  0  0  1  0  0 ] (0.00000838)
[  1  0  0  1  0  0  1  0  1 ] (0.00000303)
[  1  0  0  1  0  0  1  1  0 ] (0.00000801)
[  1  0  0  1  0  0  2  0  0 ] (0.00000015)
[  1  0  0  1  0  1  0  0  0 ] (0.00000071)
[  1  0  0  1  0  1  0  0  1 ] (0.00000888)
[  1  0  0  1  0  1  0  1  0 ] (0.00000177)
[  1  0  0  1  0  1  1  0  0 ] (0.00000202)
[  1  0  0  1  0  2  0  0  0 ] (0.00000267)
[  1  0  0  1  1  0  0  0  0 ] (0.00000148)
[  1  0  0  1  1  0  0  0  1 ] (0.00000858)
[  1  0  0  1  1  0  0  1  0 ] (0.00000095)
[  1  0  0  1  1  0  1  0  0 ] (0.00000320)
[  1  0  0  1  1  1  0  0  0 ] (0.00000003)
[  1  0  0  1  2  0  0  0  0 ] (0.00000013)
[  1  0  0  2  0  0  0  0  0 ] (0.00000500)
[  1  0  0  2  0  0  0  0  1 ] (0.00000427)
[  1  0  0  2  0  0  0  1  0 ] (0.00000712)
[  1  0  0  2  0  0  1  0  0 ] (0.00000011)
[  1  0  0  2  0  1  0  0  0 ] (0.00000000)
[  1  0  0  2  1  0  0  0  0 ] (0.00000196)
[  1  0  0  3  0  0  0  0  0 ] (0.00000070)
[  1  0  1  0  0  0  0  0  0 ] (0.00000003)
[  1  0  1  0  0  0  0  0  1 ] (0.00000006)
[  1  0  1  0  0  0  0  0  2 ] (0.00000010)
[  1  0  1  0  0  0  0  1  0 ] (0.00000377)
[  1  0  1  0  0  0  0  1  1 ] (0.00000028)
[  1  0  1  0  0  0  0  2  0 ] (0.00000372)
[  1  0  1  0  0  0  1  0  0 ] (0.00001273)
[  1  0  1  0  0  0  1  0  1 ] (0.00000132)
[  1  0  1  0  0  0  1  1  0 ] (0.00015173)
[  1  0  1  0  0  0  2  0  0 ] (0.00000179)
[  1  0  1  0  0  1  0  0  0 ] (0.00002603)
[  1  0  1  0  0  1  0  0  1 ] (0.00000852)
[  1  0  1  0  0  1  0  1  0 ] (0.00001831)
[  1  0  1  0  0  1  1  0  0 ] (0.00000966)
[  1  0  1  0  0  2  0  0  0 ] (0.00000120)
[  1  0  1  0  1  0  0  0  0 ] (0.00000114)
[  1  0  1  0  1  0  0  0  1 ] (0.00000068)
[  1  0  1  0  1  0  0  1  0 ] (0.00000059)
[  1  0  1  0  1  0  1  0  0 ] (0.00000635)
[  1  0  1  0  1  1  0  0  0 ] (0.00000434)
[  1  0  1  0  2  0  0  0  0 ] (0.00000001)
[  1  0  1  1  0  0  0  0  0 ] (0.00000061)
[  1  0  1  1  0  0  0  0  1 ] (0.00000213)
[  1  0  1  1  0  0  0  1  0 ] (0.00000404)
[  1  0  1  1  0  0  1  0  0 ] (0.00000379)
[  1  0  1  1  0  1  0  0  0 ] (0.00000211)
[  1  0  1  1  1  0  0  0  0 ] (0.00000111)
[  1  0  1  2  0  0  0  0  0 ] (0.00000124)
[  1  0  2  0  0  0  0  0  0 ] (0.00000003)
[  1  0  2  0  0  0  0  0  1 ] (0.00000061)
[  1  0  2  0  0  0  0  1  0 ] (0.00000000)
[  1  0  2  0  0  0  1  0  0 ] (0.00000036)
[  1  0  2  0  0  1  0  0  0 ] (0.00000016)
[  1  0  2  0  1  0  0  0  0 ] (0.00000000)
[  1  0  2  1  0  0  0  0  0 ] (0.00000001)
[  1  0  3  0  0  0  0  0  0 ] (0.00000000)
[  1  1  0  0  0  0  0  0  0 ] (0.00000001)
[  1  1  0  0  0  0  0  0  1 ] (0.00000210)
[  1  1  0  0  0  0  0  0  2 ] (0.00000029)
[  1  1  0  0  0  0  0  1  0 ] (0.00004512)
[  1  1  0  0  0  0  0  1  1 ] (0.00032654)
[  1  1  0  0  0  0  0  2  0 ] (0.00000052)
[  1  1  0  0  0  0  1  0  0 ] (0.00000395)
[  1  1  0  0  0  0  1  0  1 ] (0.00006022)
[  1  1  0  0  0  0  1  1  0 ] (0.00017250)
[  1  1  0  0  0  0  2  0  0 ] (0.00000308)
[  1  1  0  0  0  1  0  0  0 ] (0.00000032)
[  1  1  0  0  0  1  0  0  1 ] (0.00001398)
[  1  1  0  0  0  1  0  1  0 ] (0.00000613)
[  1  1  0  0  0  1  1  0  0 ] (0.00000014)
[  1  1  0  0  0  2  0  0  0 ] (0.00000412)
[  1  1  0  0  1  0  0  0  0 ] (0.00001084)
[  1  1  0  0  1  0  0  0  1 ] (0.00003514)
[  1  1  0  0  1  0  0  1  0 ] (0.00000499)
[  1  1  0  0  1  0  1  0  0 ] (0.00000944)
[  1  1  0  0  1  1  0  0  0 ] (0.00000009)
[  1  1  0  0  2  0  0  0  0 ] (0.00000075)
[  1  1  0  1  0  0  0  0  0 ] (0.00000002)
[  1  1  0  1  0  0  0  0  1 ] (0.00000126)
[  1  1  0  1  0  0  0  1  0 ] (0.00000212)
[  1  1  0  1  0  0  1  0  0 ] (0.00000001)
[  1  1  0  1  0  1  0  0  0 ] (0.00000001)
[  1  1  0  1  1  0  0  0  0 ] (0.00000075)
[  1  1  0  2  0  0  0  0  0 ] (0.00000340)
[  1  1  1  0  0  0  0  0  0 ] (0.00000033)
[  1  1  1  0  0  0  0  0  1 ] (0.00000848)
[  1  1  1  0  0  0  0  1  0 ] (0.00000353)
[  1  1  1  0  0  0  1  0  0 ] (0.00000515)
[  1  1  1  0  0  1  0  0  0 ] (0.00000019)
[  1  1  1  0  1  0  0  0  0 ] (0.00000219)
[  1  1  1  1  0  0  0  0  0 ] (0.00000128)
[  1  1  2  0  0  0  0  0  0 ] (0.00000009)
[  1  2  0  0  0  0  0  0  0 ] (0.00000005)
[  1  2  0  0  0  0  0  0  1 ] (0.00000014)
[  1  2  0  0  0  0  0  1  0 ] (0.00000032)
[  1  2  0  0  0  0  1  0  0 ] (0.00000093)
[  1  2  0  0  0  1  0  0  0 ] (0.00000022)
[  1  2  0  0  1  0  0  0  0 ] (0.00000007)
[  1  2  0  1  0  0  0  0  0 ] (0.00000002)
[  1  2  1  0  0  0  0  0  0 ] (0.00000057)
[  1  3  0  0  0  0  0  0  0 ] (0.00000006)
[  2  0  0  0  0  0  0  0  0 ] (0.00000006)
[  2  0  0  0  0  0  0  0  1 ] (0.00000059)
[  2  0  0  0  0  0  0  0  2 ] (0.00000714)
[  2  0  0  0  0  0  0  1  0 ] (0.00011925)
[  2  0  0  0  0  0  0  1  1 ] (0.00039410)
[  2  0  0  0  0  0  0  2  0 ] (0.00001851)
[  2  0  0  0  0  0  1  0  0 ] (0.00001997)
[  2  0  0  0  0  0  1  0  1 ] (0.00000196)
[  2  0  0  0  0  0  1  1  0 ] (0.00093834)
[  2  0  0  0  0  0  2  0  0 ] (0.00000011)
[  2  0  0  0  0  1  0  0  0 ] (0.00000066)
[  2  0  0  0  0  1  0  0  1 ] (0.00000121)
[  2  0  0  0  0  1  0  1  0 ] (0.00000594)
[  2  0  0  0  0  1  1  0  0 ] (0.00000236)
[  2  0  0  0  0  2  0  0  0 ] (0.00000129)
[  2  0  0  0  1  0  0  0  0 ] (0.00004565)
[  2  0  0  0  1  0  0  0  1 ] (0.00010147)
[  2  0  0  0  1  0  0  1  0 ] (0.00002662)
[  2  0  0  0  1  0  1  0  0 ] (0.00001022)
[  2  0  0  0  1  1  0  0  0 ] (0.00000782)
[  2  0  0  0  2  0  0  0  0 ] (0.00000009)
[  2  0  0  1  0  0  0  0  0 ] (0.00000001)
[  2  0  0  1  0  0  0  0  1 ] (0.00000012)
[  2  0  0  1  0  0  0  1  0 ] (0.00000257)
[  2  0  0  1  0  0  1  0  0 ] (0.00000037)
[  2  0  0  1  0  1  0  0  0 ] (0.00000010)
[  2  0  0  1  1  0  0  0  0 ] (0.00000006)
[  2  0  0  2  0  0  0  0  0 ] (0.00000118)
[  2  0  1  0  0  0  0  0  0 ] (0.00000002)
[  2  0  1  0  0  0  0  0  1 ] (0.00000007)
[  2  0  1  0  0  0  0  1  0 ] (0.00000051)
[  2  0  1  0  0  0  1  0  0 ] (0.00000469)
[  2  0  1  0  0  1  0  0  0 ] (0.00000120)
[  2  0  1  0  1  0  0  0  0 ] (0.00000021)
[  2  0  1  1  0  0  0  0  0 ] (0.00000041)
[  2  0  2  0  0  0  0  0  0 ] (0.00000000)
[  2  1  0  0  0  0  0  0  0 ] (0.00000044)
[  2  1  0  0  0  0  0  0  1 ] (0.00000009)
[  2  1  0  0  0  0  0  1  0 ] (0.00000060)
[  2  1  0  0  0  0  1  0  0 ] (0.00000135)
[  2  1  0  0  0  1  0  0  0 ] (0.00000001)
[  2  1  0  0  1  0  0  0  0 ] (0.00000411)
[  2  1  0  1  0  0  0  0  0 ] (0.00000014)
[  2  1  1  0  0  0  0  0  0 ] (0.00000033)
[  2  2  0  0  0  0  0  0  0 ] (0.00000009)
[  3  0  0  0  0  0  0  0  0 ] (0.00000001)
[  3  0  0  0  0  0  0  0  1 ] (0.00000214)
[  3  0  0  0  0  0  0  1  0 ] (0.00000115)
[  3  0  0  0  0  0  1  0  0 ] (0.00000544)
[  3  0  0  0  0  1  0  0  0 ] (0.00000006)
[  3  0  0  0  1  0  0  0  0 ] (0.00000201)
[  3  0  0  1  0  0  0  0  0 ] (0.00000005)
[  3  0  1  0  0  0  0  0  0 ] (0.00000002)
[  3  1  0  0  0  0  0  0  0 ] (0.00000000)
[  4  0  0  0  0  0  0  0  0 ] (0.00000323)
