| -1027.685659552135 |   132.947919575180 

[  0  0  0  0  0  0  0  0  0 ] (0.00006601)
[  0  0  0  0  0  0  0  0  1 ] (0.00346129)
[  0  0  0  0  0  0  0  0  2 ] (0.00010657)
[  0  0  0  0  0  0  0  0  3 ] (0.00002506)
[  0  0  0  0  0  0  0  0  4 ] (0.00000029)
[  0  0  0  0  0  0  0  1  0 ] (0.00002910)
[  0  0  0  0  0  0  0  1  1 ] (0.00001119)
[  0  0  0  0  0  0  0  1  2 ] (0.00000374)
[  0  0  0  0  0  0  0  1  3 ] (0.00000114)
[  0  0  0  0  0  0  0  2  0 ] (0.17534997)
[  0  0  0  0  0  0  0  2  1 ] (0.01301156)
[  0  0  0  0  0  0  0  2  2 ] (0.00009830)
[  0  0  0  0  0  0  0  3  0 ] (0.00109918)
[  0  0  0  0  0  0  0  3  1 ] (0.00022650)
[  0  0  0  0  0  0  0  4  0 ] (0.00000041)
[  0  0  0  0  0  0  1  0  0 ] (0.00213546)
[  0  0  0  0  0  0  1  0  1 ] (0.00028916)
[  0  0  0  0  0  0  1  0  2 ] (0.00002684)
[  0  0  0  0  0  0  1  0  3 ] (0.00001060)
[  0  0  0  0  0  0  1  1  0 ] (0.00000596)
[  0  0  0  0  0  0  1  1  1 ] (0.00001351)
[  0  0  0  0  0  0  1  1  2 ] (0.00000064)
[  0  0  0  0  0  0  1  2  0 ] (0.01889546)
[  0  0  0  0  0  0  1  2  1 ] (0.00107192)
[  0  0  0  0  0  0  1  3  0 ] (0.00032671)
[  0  0  0  0  0  0  2  0  0 ] (0.00047595)
[  0  0  0  0  0  0  2  0  1 ] (0.00000314)
[  0  0  0  0  0  0  2  0  2 ] (0.00000900)
[  0  0  0  0  0  0  2  1  0 ] (0.00000010)
[  0  0  0  0  0  0  2  1  1 ] (0.00000014)
[  0  0  0  0  0  0  2  2  0 ] (0.00003682)
[  0  0  0  0  0  0  3  0  0 ] (0.00007344)
[  0  0  0  0  0  0  3  0  1 ] (0.00000589)
[  0  0  0  0  0  0  3  1  0 ] (0.00000131)
[  0  0  0  0  0  0  4  0  0 ] (0.00000419)
[  0  0  0  0  0  1  0  0  0 ] (0.00004141)
[  0  0  0  0  0  1  0  0  1 ] (0.00219280)
[  0  0  0  0  0  1  0  0  2 ] (0.00000851)
[  0  0  0  0  0  1  0  0  3 ] (0.00000016)
[  0  0  0  0  0  1  0  1  0 ] (0.00267549)
[  0  0  0  0  0  1  0  1  1 ] (0.00002151)
[  0  0  0  0  0  1  0  1  2 ] (0.00000052)
[  0  0  0  0  0  1  0  2  0 ] (0.00007185)
[  0  0  0  0  0  1  0  2  1 ] (0.00000100)
[  0  0  0  0  0  1  0  3  0 ] (0.00000000)
[  0  0  0  0  0  1  1  0  0 ] (0.00050354)
[  0  0  0  0  0  1  1  0  1 ] (0.00000953)
[  0  0  0  0  0  1  1  0  2 ] (0.00000145)
[  0  0  0  0  0  1  1  1  0 ] (0.00005137)
[  0  0  0  0  0  1  1  1  1 ] (0.00000047)
[  0  0  0  0  0  1  1  2  0 ] (0.00000388)
[  0  0  0  0  0  1  2  0  0 ] (0.00001293)
[  0  0  0  0  0  1  2  0  1 ] (0.00000060)
[  0  0  0  0  0  1  2  1  0 ] (0.00000075)
[  0  0  0  0  0  1  3  0  0 ] (0.00000502)
[  0  0  0  0  0  2  0  0  0 ] (0.00000693)
[  0  0  0  0  0  2  0  0  1 ] (0.00005120)
[  0  0  0  0  0  2  0  0  2 ] (0.00000103)
[  0  0  0  0  0  2  0  1  0 ] (0.00002698)
[  0  0  0  0  0  2  0  1  1 ] (0.00000194)
[  0  0  0  0  0  2  0  2  0 ] (0.00001335)
[  0  0  0  0  0  2  1  0  0 ] (0.00003034)
[  0  0  0  0  0  2  1  0  1 ] (0.00000011)
[  0  0  0  0  0  2  1  1  0 ] (0.00000158)
[  0  0  0  0  0  2  2  0  0 ] (0.00000035)
[  0  0  0  0  0  3  0  0  0 ] (0.00270113)
[  0  0  0  0  0  3  0  0  1 ] (0.00000552)
[  0  0  0  0  0  3  0  1  0 ] (0.00000374)
[  0  0  0  0  0  3  1  0  0 ] (0.00003325)
[  0  0  0  0  0  4  0  0  0 ] (0.00082424)
[  0  0  0  0  1  0  0  0  0 ] (0.00001766)
[  0  0  0  0  1  0  0  0  1 ] (0.00002819)
[  0  0  0  0  1  0  0  0  2 ] (0.00000812)
[  0  0  0  0  1  0  0  0  3 ] (0.00000034)
[  0  0  0  0  1  0  0  1  0 ] (0.00268455)
[  0  0  0  0  1  0  0  1  1 ] (0.00000301)
[  0  0  0  0  1  0  0  1  2 ] (0.00000061)
[  0  0  0  0  1  0  0  2  0 ] (0.00000560)
[  0  0  0  0  1  0  0  2  1 ] (0.00000016)
[  0  0  0  0  1  0  0  3  0 ] (0.00000018)
[  0  0  0  0  1  0  1  0  0 ] (0.00002450)
[  0  0  0  0  1  0  1  0  1 ] (0.00000032)
[  0  0  0  0  1  0  1  0  2 ] (0.00000001)
[  0  0  0  0  1  0  1  1  0 ] (0.00002715)
[  0  0  0  0  1  0  1  1  1 ] (0.00000070)
[  0  0  0  0  1  0  1  2  0 ] (0.00002035)
[  0  0  0  0  1  0  2  0  0 ] (0.00000526)
[  0  0  0  0  1  0  2  0  1 ] (0.00000092)
[  0  0  0  0  1  0  2  1  0 ] (0.00000017)
[  0  0  0  0  1  0  3  0  0 ] (0.00000113)
[  0  0  0  0  1  1  0  0  0 ] (0.00000938)
[  0  0  0  0  1  1  0  0  1 ] (0.00000351)
[  0  0  0  0  1  1  0  0  2 ] (0.00000033)
[  0  0  0  0  1  1  0  1  0 ] (0.00005957)
[  0  0  0  0  1  1  0  1  1 ] (0.00000000)
[  0  0  0  0  1  1  0  2  0 ] (0.00000345)
[  0  0  0  0  1  1  1  0  0 ] (0.00000952)
[  0  0  0  0  1  1  1  0  1 ] (0.00000383)
[  0  0  0  0  1  1  1  1  0 ] (0.00000027)
[  0  0  0  0  1  1  2  0  0 ] (0.00000016)
[  0  0  0  0  1  2  0  0  0 ] (0.00029207)
[  0  0  0  0  1  2  0  0  1 ] (0.00000006)
[  0  0  0  0  1  2  0  1  0 ] (0.00000036)
[  0  0  0  0  1  2  1  0  0 ] (0.00000010)
[  0  0  0  0  1  3  0  0  0 ] (0.00003428)
[  0  0  0  0  2  0  0  0  0 ] (0.00001113)
[  0  0  0  0  2  0  0  0  1 ] (0.00004346)
[  0  0  0  0  2  0  0  0  2 ] (0.00000010)
[  0  0  0  0  2  0  0  1  0 ] (0.00000791)
[  0  0  0  0  2  0  0  1  1 ] (0.00000000)
[  0  0  0  0  2  0  0  2  0 ] (0.00000757)
[  0  0  0  0  2  0  1  0  0 ] (0.00009946)
[  0  0  0  0  2  0  1  0  1 ] (0.00000508)
[  0  0  0  0  2  0  1  1  0 ] (0.00000012)
[  0  0  0  0  2  0  2  0  0 ] (0.00000055)
[  0  0  0  0  2  1  0  0  0 ] (0.00001854)
[  0  0  0  0  2  1  0  0  1 ] (0.00000331)
[  0  0  0  0  2  1  0  1  0 ] (0.00000000)
[  0  0  0  0  2  1  1  0  0 ] (0.00000238)
[  0  0  0  0  2  2  0  0  0 ] (0.00001129)
[  0  0  0  0  3  0  0  0  0 ] (0.00000015)
[  0  0  0  0  3  0  0  0  1 ] (0.00000090)
[  0  0  0  0  3  0  0  1  0 ] (0.00000121)
[  0  0  0  0  3  0  1  0  0 ] (0.00000016)
[  0  0  0  0  3  1  0  0  0 ] (0.00008436)
[  0  0  0  0  4  0  0  0  0 ] (0.00009746)
[  0  0  0  1  0  0  0  0  0 ] (0.00000756)
[  0  0  0  1  0  0  0  0  1 ] (0.00000013)
[  0  0  0  1  0  0  0  0  2 ] (0.00000084)
[  0  0  0  1  0  0  0  0  3 ] (0.00000002)
[  0  0  0  1  0  0  0  1  0 ] (0.00185233)
[  0  0  0  1  0  0  0  1  1 ] (0.00010715)
[  0  0  0  1  0  0  0  1  2 ] (0.00000343)
[  0  0  0  1  0  0  0  2  0 ] (0.00001853)
[  0  0  0  1  0  0  0  2  1 ] (0.00000023)
[  0  0  0  1  0  0  0  3  0 ] (0.00000092)
[  0  0  0  1  0  0  1  0  0 ] (0.00000001)
[  0  0  0  1  0  0  1  0  1 ] (0.00000003)
[  0  0  0  1  0  0  1  0  2 ] (0.00000034)
[  0  0  0  1  0  0  1  1  0 ] (0.00009656)
[  0  0  0  1  0  0  1  1  1 ] (0.00000446)
[  0  0  0  1  0  0  1  2  0 ] (0.00000735)
[  0  0  0  1  0  0  2  0  0 ] (0.00000022)
[  0  0  0  1  0  0  2  0  1 ] (0.00000000)
[  0  0  0  1  0  0  2  1  0 ] (0.00000007)
[  0  0  0  1  0  0  3  0  0 ] (0.00000008)
[  0  0  0  1  0  1  0  0  0 ] (0.00002365)
[  0  0  0  1  0  1  0  0  1 ] (0.00000994)
[  0  0  0  1  0  1  0  0  2 ] (0.00000046)
[  0  0  0  1  0  1  0  1  0 ] (0.00019431)
[  0  0  0  1  0  1  0  1  1 ] (0.00000148)
[  0  0  0  1  0  1  0  2  0 ] (0.00001150)
[  0  0  0  1  0  1  1  0  0 ] (0.00002032)
[  0  0  0  1  0  1  1  0  1 ] (0.00000003)
[  0  0  0  1  0  1  1  1  0 ] (0.00000032)
[  0  0  0  1  0  1  2  0  0 ] (0.00000040)
[  0  0  0  1  0  2  0  0  0 ] (0.00021031)
[  0  0  0  1  0  2  0  0  1 ] (0.00000362)
[  0  0  0  1  0  2  0  1  0 ] (0.00000407)
[  0  0  0  1  0  2  1  0  0 ] (0.00000088)
[  0  0  0  1  0  3  0  0  0 ] (0.00000633)
[  0  0  0  1  1  0  0  0  0 ] (0.00015715)
[  0  0  0  1  1  0  0  0  1 ] (0.00000847)
[  0  0  0  1  1  0  0  0  2 ] (0.00000001)
[  0  0  0  1  1  0  0  1  0 ] (0.00000025)
[  0  0  0  1  1  0  0  1  1 ] (0.00000000)
[  0  0  0  1  1  0  0  2  0 ] (0.00002560)
[  0  0  0  1  1  0  1  0  0 ] (0.00008656)
[  0  0  0  1  1  0  1  0  1 ] (0.00000251)
[  0  0  0  1  1  0  1  1  0 ] (0.00000041)
[  0  0  0  1  1  0  2  0  0 ] (0.00000184)
[  0  0  0  1  1  1  0  0  0 ] (0.00064889)
[  0  0  0  1  1  1  0  0  1 ] (0.00000057)
[  0  0  0  1  1  1  0  1  0 ] (0.00000000)
[  0  0  0  1  1  1  1  0  0 ] (0.00000140)
[  0  0  0  1  1  2  0  0  0 ] (0.00014146)
[  0  0  0  1  2  0  0  0  0 ] (0.00000680)
[  0  0  0  1  2  0  0  0  1 ] (0.00000037)
[  0  0  0  1  2  0  0  1  0 ] (0.00000006)
[  0  0  0  1  2  0  1  0  0 ] (0.00000002)
[  0  0  0  1  2  1  0  0  0 ] (0.00000386)
[  0  0  0  1  3  0  0  0  0 ] (0.00063791)
[  0  0  0  2  0  0  0  0  0 ] (0.00000013)
[  0  0  0  2  0  0  0  0  1 ] (0.00007129)
[  0  0  0  2  0  0  0  0  2 ] (0.00000086)
[  0  0  0  2  0  0  0  1  0 ] (0.00128922)
[  0  0  0  2  0  0  0  1  1 ] (0.00002116)
[  0  0  0  2  0  0  0  2  0 ] (0.00000376)
[  0  0  0  2  0  0  1  0  0 ] (0.00016361)
[  0  0  0  2  0  0  1  0  1 ] (0.00002074)
[  0  0  0  2  0  0  1  1  0 ] (0.00005629)
[  0  0  0  2  0  0  2  0  0 ] (0.00000069)
[  0  0  0  2  0  1  0  0  0 ] (0.00007444)
[  0  0  0  2  0  1  0  0  1 ] (0.00003602)
[  0  0  0  2  0  1  0  1  0 ] (0.00022593)
[  0  0  0  2  0  1  1  0  0 ] (0.00005459)
[  0  0  0  2  0  2  0  0  0 ] (0.00017508)
[  0  0  0  2  1  0  0  0  0 ] (0.00000421)
[  0  0  0  2  1  0  0  0  1 ] (0.00000003)
[  0  0  0  2  1  0  0  1  0 ] (0.00000233)
[  0  0  0  2  1  0  1  0  0 ] (0.00000313)
[  0  0  0  2  1  1  0  0  0 ] (0.00002657)
[  0  0  0  2  2  0  0  0  0 ] (0.00000244)
[  0  0  0  3  0  0  0  0  0 ] (0.00006766)
[  0  0  0  3  0  0  0  0  1 ] (0.00004748)
[  0  0  0  3  0  0  0  1  0 ] (0.00003364)
[  0  0  0  3  0  0  1  0  0 ] (0.00001119)
[  0  0  0  3  0  1  0  0  0 ] (0.00055049)
[  0  0  0  3  1  0  0  0  0 ] (0.00009823)
[  0  0  0  4  0  0  0  0  0 ] (0.00000076)
[  0  0  1  0  0  0  0  0  0 ] (0.00000008)
[  0  0  1  0  0  0  0  0  1 ] (0.00352078)
[  0  0  1  0  0  0  0  0  2 ] (0.00004023)
[  0  0  1  0  0  0  0  0  3 ] (0.00000451)
[  0  0  1  0  0  0  0  1  0 ] (0.00009684)
[  0  0  1  0  0  0  0  1  1 ] (0.00001873)
[  0  0  1  0  0  0  0  1  2 ] (0.00000343)
[  0  0  1  0  0  0  0  2  0 ] (0.00000136)
[  0  0  1  0  0  0  0  2  1 ] (0.00000371)
[  0  0  1  0  0  0  0  3  0 ] (0.00000088)
[  0  0  1  0  0  0  1  0  0 ] (0.00024903)
[  0  0  1  0  0  0  1  0  1 ] (0.00000572)
[  0  0  1  0  0  0  1  0  2 ] (0.00000399)
[  0  0  1  0  0  0  1  1  0 ] (0.00000036)
[  0  0  1  0  0  0  1  1  1 ] (0.00000009)
[  0  0  1  0  0  0  1  2  0 ] (0.00005410)
[  0  0  1  0  0  0  2  0  0 ] (0.00061453)
[  0  0  1  0  0  0  2  0  1 ] (0.00000474)
[  0  0  1  0  0  0  2  1  0 ] (0.00000055)
[  0  0  1  0  0  0  3  0  0 ] (0.00004929)
[  0  0  1  0  0  1  0  0  0 ] (0.00020251)
[  0  0  1  0  0  1  0  0  1 ] (0.00017997)
[  0  0  1  0  0  1  0  0  2 ] (0.00000146)
[  0  0  1  0  0  1  0  1  0 ] (0.00001169)
[  0  0  1  0  0  1  0  1  1 ] (0.00001880)
[  0  0  1  0  0  1  0  2  0 ] (0.00007568)
[  0  0  1  0  0  1  1  0  0 ] (0.00005763)
[  0  0  1  0  0  1  1  0  1 ] (0.00000533)
[  0  0  1  0  0  1  1  1  0 ] (0.00001874)
[  0  0  1  0  0  1  2  0  0 ] (0.00002588)
[  0  0  1  0  0  2  0  0  0 ] (0.00052467)
[  0  0  1  0  0  2  0  0  1 ] (0.00000011)
[  0  0  1  0  0  2  0  1  0 ] (0.00002100)
[  0  0  1  0  0  2  1  0  0 ] (0.00001041)
[  0  0  1  0  0  3  0  0  0 ] (0.00038323)
[  0  0  1  0  1  0  0  0  0 ] (0.00000000)
[  0  0  1  0  1  0  0  0  1 ] (0.00001979)
[  0  0  1  0  1  0  0  0  2 ] (0.00000049)
[  0  0  1  0  1  0  0  1  0 ] (0.00000288)
[  0  0  1  0  1  0  0  1  1 ] (0.00000718)
[  0  0  1  0  1  0  0  2  0 ] (0.00003575)
[  0  0  1  0  1  0  1  0  0 ] (0.00000027)
[  0  0  1  0  1  0  1  0  1 ] (0.00000123)
[  0  0  1  0  1  0  1  1  0 ] (0.00001616)
[  0  0  1  0  1  0  2  0  0 ] (0.00000020)
[  0  0  1  0  1  1  0  0  0 ] (0.00195611)
[  0  0  1  0  1  1  0  0  1 ] (0.00001327)
[  0  0  1  0  1  1  0  1  0 ] (0.00002215)
[  0  0  1  0  1  1  1  0  0 ] (0.00001117)
[  0  0  1  0  1  2  0  0  0 ] (0.00000039)
[  0  0  1  0  2  0  0  0  0 ] (0.00027816)
[  0  0  1  0  2  0  0  0  1 ] (0.00002090)
[  0  0  1  0  2  0  0  1  0 ] (0.00000176)
[  0  0  1  0  2  0  1  0  0 ] (0.00000005)
[  0  0  1  0  2  1  0  0  0 ] (0.00040996)
[  0  0  1  0  3  0  0  0  0 ] (0.00127274)
[  0  0  1  1  0  0  0  0  0 ] (0.00005589)
[  0  0  1  1  0  0  0  0  1 ] (0.00000006)
[  0  0  1  1  0  0  0  0  2 ] (0.00000000)
[  0  0  1  1  0  0  0  1  0 ] (0.00003976)
[  0  0  1  1  0  0  0  1  1 ] (0.00001249)
[  0  0  1  1  0  0  0  2  0 ] (0.00002440)
[  0  0  1  1  0  0  1  0  0 ] (0.00000295)
[  0  0  1  1  0  0  1  0  1 ] (0.00001092)
[  0  0  1  1  0  0  1  1  0 ] (0.00000106)
[  0  0  1  1  0  0  2  0  0 ] (0.00000045)
[  0  0  1  1  0  1  0  0  0 ] (0.00033013)
[  0  0  1  1  0  1  0  0  1 ] (0.00001671)
[  0  0  1  1  0  1  0  1  0 ] (0.00002088)
[  0  0  1  1  0  1  1  0  0 ] (0.00000314)
[  0  0  1  1  0  2  0  0  0 ] (0.00000630)
[  0  0  1  1  1  0  0  0  0 ] (0.00063164)
[  0  0  1  1  1  0  0  0  1 ] (0.00000353)
[  0  0  1  1  1  0  0  1  0 ] (0.00004928)
[  0  0  1  1  1  0  1  0  0 ] (0.00001052)
[  0  0  1  1  1  1  0  0  0 ] (0.00055443)
[  0  0  1  1  2  0  0  0  0 ] (0.00012709)
[  0  0  1  2  0  0  0  0  0 ] (0.00082509)
[  0  0  1  2  0  0  0  0  1 ] (0.00003056)
[  0  0  1  2  0  0  0  1  0 ] (0.00005337)
[  0  0  1  2  0  0  1  0  0 ] (0.00003972)
[  0  0  1  2  0  1  0  0  0 ] (0.00558820)
[  0  0  1  2  1  0  0  0  0 ] (0.00000225)
[  0  0  1  3  0  0  0  0  0 ] (0.00064280)
[  0  0  2  0  0  0  0  0  0 ] (0.00099130)
[  0  0  2  0  0  0  0  0  1 ] (0.00065561)
[  0  0  2  0  0  0  0  0  2 ] (0.00002769)
[  0  0  2  0  0  0  0  1  0 ] (0.00024041)
[  0  0  2  0  0  0  0  1  1 ] (0.00000376)
[  0  0  2  0  0  0  0  2  0 ] (0.00000062)
[  0  0  2  0  0  0  1  0  0 ] (0.01262790)
[  0  0  2  0  0  0  1  0  1 ] (0.00037282)
[  0  0  2  0  0  0  1  1  0 ] (0.00005737)
[  0  0  2  0  0  0  2  0  0 ] (0.00000046)
[  0  0  2  0  0  1  0  0  0 ] (0.01515346)
[  0  0  2  0  0  1  0  0  1 ] (0.00024958)
[  0  0  2  0  0  1  0  1  0 ] (0.00030004)
[  0  0  2  0  0  1  1  0  0 ] (0.00060996)
[  0  0  2  0  0  2  0  0  0 ] (0.23127280)
[  0  0  2  0  1  0  0  0  0 ] (0.00008009)
[  0  0  2  0  1  0  0  0  1 ] (0.00001590)
[  0  0  2  0  1  0  0  1  0 ] (0.00004745)
[  0  0  2  0  1  0  1  0  0 ] (0.00001636)
[  0  0  2  0  1  1  0  0  0 ] (0.00000608)
[  0  0  2  0  2  0  0  0  0 ] (0.00887096)
[  0  0  2  1  0  0  0  0  0 ] (0.00012569)
[  0  0  2  1  0  0  0  0  1 ] (0.00000050)
[  0  0  2  1  0  0  0  1  0 ] (0.00002659)
[  0  0  2  1  0  0  1  0  0 ] (0.00001863)
[  0  0  2  1  0  1  0  0  0 ] (0.00054739)
[  0  0  2  1  1  0  0  0  0 ] (0.00074435)
[  0  0  2  2  0  0  0  0  0 ] (0.00389561)
[  0  0  3  0  0  0  0  0  0 ] (0.00018519)
[  0  0  3  0  0  0  0  0  1 ] (0.00003863)
[  0  0  3  0  0  0  0  1  0 ] (0.00000009)
[  0  0  3  0  0  0  1  0  0 ] (0.00020055)
[  0  0  3  0  0  1  0  0  0 ] (0.00034395)
[  0  0  3  0  1  0  0  0  0 ] (0.00011212)
[  0  0  3  1  0  0  0  0  0 ] (0.00000863)
[  0  0  4  0  0  0  0  0  0 ] (0.00007291)
[  0  1  0  0  0  0  0  0  0 ] (0.00005408)
[  0  1  0  0  0  0  0  0  1 ] (0.00000152)
[  0  1  0  0  0  0  0  0  2 ] (0.00005869)
[  0  1  0  0  0  0  0  0  3 ] (0.00000030)
[  0  1  0  0  0  0  0  1  0 ] (0.00013732)
[  0  1  0  0  0  0  0  1  1 ] (0.00000297)
[  0  1  0  0  0  0  0  1  2 ] (0.00000023)
[  0  1  0  0  0  0  0  2  0 ] (0.00260853)
[  0  1  0  0  0  0  0  2  1 ] (0.00008374)
[  0  1  0  0  0  0  0  3  0 ] (0.00000507)
[  0  1  0  0  0  0  1  0  0 ] (0.00005509)
[  0  1  0  0  0  0  1  0  1 ] (0.00000075)
[  0  1  0  0  0  0  1  0  2 ] (0.00000080)
[  0  1  0  0  0  0  1  1  0 ] (0.00001175)
[  0  1  0  0  0  0  1  1  1 ] (0.00000549)
[  0  1  0  0  0  0  1  2  0 ] (0.00019920)
[  0  1  0  0  0  0  2  0  0 ] (0.00267785)
[  0  1  0  0  0  0  2  0  1 ] (0.00009386)
[  0  1  0  0  0  0  2  1  0 ] (0.00000675)
[  0  1  0  0  0  0  3  0  0 ] (0.00000776)
[  0  1  0  0  0  1  0  0  0 ] (0.00019811)
[  0  1  0  0  0  1  0  0  1 ] (0.00010647)
[  0  1  0  0  0  1  0  0  2 ] (0.00000157)
[  0  1  0  0  0  1  0  1  0 ] (0.00009839)
[  0  1  0  0  0  1  0  1  1 ] (0.00000205)
[  0  1  0  0  0  1  0  2  0 ] (0.00003584)
[  0  1  0  0  0  1  1  0  0 ] (0.00000051)
[  0  1  0  0  0  1  1  0  1 ] (0.00000013)
[  0  1  0  0  0  1  1  1  0 ] (0.00001165)
[  0  1  0  0  0  1  2  0  0 ] (0.00003211)
[  0  1  0  0  0  2  0  0  0 ] (0.00107289)
[  0  1  0  0  0  2  0  0  1 ] (0.00000000)
[  0  1  0  0  0  2  0  1  0 ] (0.00000304)
[  0  1  0  0  0  2  1  0  0 ] (0.00000335)
[  0  1  0  0  0  3  0  0  0 ] (0.00252718)
[  0  1  0  0  1  0  0  0  0 ] (0.00000179)
[  0  1  0  0  1  0  0  0  1 ] (0.00000349)
[  0  1  0  0  1  0  0  0  2 ] (0.00000262)
[  0  1  0  0  1  0  0  1  0 ] (0.00000057)
[  0  1  0  0  1  0  0  1  1 ] (0.00001428)
[  0  1  0  0  1  0  0  2  0 ] (0.00006191)
[  0  1  0  0  1  0  1  0  0 ] (0.00018051)
[  0  1  0  0  1  0  1  0  1 ] (0.00000083)
[  0  1  0  0  1  0  1  1  0 ] (0.00005099)
[  0  1  0  0  1  0  2  0  0 ] (0.00000180)
[  0  1  0  0  1  1  0  0  0 ] (0.00060402)
[  0  1  0  0  1  1  0  0  1 ] (0.00001406)
[  0  1  0  0  1  1  0  1  0 ] (0.00000111)
[  0  1  0  0  1  1  1  0  0 ] (0.00000616)
[  0  1  0  0  1  2  0  0  0 ] (0.00030189)
[  0  1  0  0  2  0  0  0  0 ] (0.00024944)
[  0  1  0  0  2  0  0  0  1 ] (0.00002548)
[  0  1  0  0  2  0  0  1  0 ] (0.00001108)
[  0  1  0  0  2  0  1  0  0 ] (0.00016821)
[  0  1  0  0  2  1  0  0  0 ] (0.00002848)
[  0  1  0  0  3  0  0  0  0 ] (0.04954409)
[  0  1  0  1  0  0  0  0  0 ] (0.00001384)
[  0  1  0  1  0  0  0  0  1 ] (0.00002781)
[  0  1  0  1  0  0  0  0  2 ] (0.00000330)
[  0  1  0  1  0  0  0  1  0 ] (0.00074462)
[  0  1  0  1  0  0  0  1  1 ] (0.00000363)
[  0  1  0  1  0  0  0  2  0 ] (0.00000225)
[  0  1  0  1  0  0  1  0  0 ] (0.00024139)
[  0  1  0  1  0  0  1  0  1 ] (0.00000675)
[  0  1  0  1  0  0  1  1  0 ] (0.00007948)
[  0  1  0  1  0  0  2  0  0 ] (0.00000540)
[  0  1  0  1  0  1  0  0  0 ] (0.00000243)
[  0  1  0  1  0  1  0  0  1 ] (0.00003506)
[  0  1  0  1  0  1  0  1  0 ] (0.00003629)
[  0  1  0  1  0  1  1  0  0 ] (0.00002756)
[  0  1  0  1  0  2  0  0  0 ] (0.00034127)
[  0  1  0  1  1  0  0  0  0 ] (0.00009157)
[  0  1  0  1  1  0  0  0  1 ] (0.00001143)
[  0  1  0  1  1  0  0  1  0 ] (0.00000912)
[  0  1  0  1  1  0  1  0  0 ] (0.00058946)
[  0  1  0  1  1  1  0  0  0 ] (0.00007422)
[  0  1  0  1  2  0  0  0  0 ] (0.00000028)
[  0  1  0  2  0  0  0  0  0 ] (0.00021195)
[  0  1  0  2  0  0  0  0  1 ] (0.00000173)
[  0  1  0  2  0  0  0  1  0 ] (0.00004871)
[  0  1  0  2  0  0  1  0  0 ] (0.00000678)
[  0  1  0  2  0  1  0  0  0 ] (0.00126647)
[  0  1  0  2  1  0  0  0  0 ] (0.00013712)
[  0  1  0  3  0  0  0  0  0 ] (0.00001749)
[  0  1  1  0  0  0  0  0  0 ] (0.00021187)
[  0  1  1  0  0  0  0  0  1 ] (0.00009556)
[  0  1  1  0  0  0  0  0  2 ] (0.00002534)
[  0  1  1  0  0  0  0  1  0 ] (0.00024665)
[  0  1  1  0  0  0  0  1  1 ] (0.00000019)
[  0  1  1  0  0  0  0  2  0 ] (0.00000247)
[  0  1  1  0  0  0  1  0  0 ] (0.06497190)
[  0  1  1  0  0  0  1  0  1 ] (0.00216943)
[  0  1  1  0  0  0  1  1  0 ] (0.00001176)
[  0  1  1  0  0  0  2  0  0 ] (0.00006367)
[  0  1  1  0  0  1  0  0  0 ] (0.00008291)
[  0  1  1  0  0  1  0  0  1 ] (0.00007963)
[  0  1  1  0  0  1  0  1  0 ] (0.00000138)
[  0  1  1  0  0  1  1  0  0 ] (0.00112994)
[  0  1  1  0  0  2  0  0  0 ] (0.00600212)
[  0  1  1  0  1  0  0  0  0 ] (0.00008151)
[  0  1  1  0  1  0  0  0  1 ] (0.00012845)
[  0  1  1  0  1  0  0  1  0 ] (0.00052750)
[  0  1  1  0  1  0  1  0  0 ] (0.00000265)
[  0  1  1  0  1  1  0  0  0 ] (0.00000029)
[  0  1  1  0  2  0  0  0  0 ] (0.00060821)
[  0  1  1  1  0  0  0  0  0 ] (0.00001052)
[  0  1  1  1  0  0  0  0  1 ] (0.00002511)
[  0  1  1  1  0  0  0  1  0 ] (0.00000088)
[  0  1  1  1  0  0  1  0  0 ] (0.00000276)
[  0  1  1  1  0  1  0  0  0 ] (0.00065535)
[  0  1  1  1  1  0  0  0  0 ] (0.00617070)
[  0  1  1  2  0  0  0  0  0 ] (0.00025138)
[  0  1  2  0  0  0  0  0  0 ] (0.00017580)
[  0  1  2  0  0  0  0  0  1 ] (0.00057273)
[  0  1  2  0  0  0  0  1  0 ] (0.00012776)
[  0  1  2  0  0  0  1  0  0 ] (0.00021125)
[  0  1  2  0  0  1  0  0  0 ] (0.00508028)
[  0  1  2  0  1  0  0  0  0 ] (0.01022040)
[  0  1  2  1  0  0  0  0  0 ] (0.00002450)
[  0  1  3  0  0  0  0  0  0 ] (0.00003689)
[  0  2  0  0  0  0  0  0  0 ] (0.00000056)
[  0  2  0  0  0  0  0  0  1 ] (0.00007723)
[  0  2  0  0  0  0  0  0  2 ] (0.00000056)
[  0  2  0  0  0  0  0  1  0 ] (0.00720000)
[  0  2  0  0  0  0  0  1  1 ] (0.00028541)
[  0  2  0  0  0  0  0  2  0 ] (0.00013314)
[  0  2  0  0  0  0  1  0  0 ] (0.00008696)
[  0  2  0  0  0  0  1  0  1 ] (0.00000037)
[  0  2  0  0  0  0  1  1  0 ] (0.00003681)
[  0  2  0  0  0  0  2  0  0 ] (0.00000270)
[  0  2  0  0  0  1  0  0  0 ] (0.00000272)
[  0  2  0  0  0  1  0  0  1 ] (0.00000284)
[  0  2  0  0  0  1  0  1  0 ] (0.00000155)
[  0  2  0  0  0  1  1  0  0 ] (0.00000492)
[  0  2  0  0  0  2  0  0  0 ] (0.00015901)
[  0  2  0  0  1  0  0  0  0 ] (0.00002367)
[  0  2  0  0  1  0  0  0  1 ] (0.00007378)
[  0  2  0  0  1  0  0  1  0 ] (0.00001383)
[  0  2  0  0  1  0  1  0  0 ] (0.00037999)
[  0  2  0  0  1  1  0  0  0 ] (0.00084255)
[  0  2  0  0  2  0  0  0  0 ] (0.00303868)
[  0  2  0  1  0  0  0  0  0 ] (0.00214443)
[  0  2  0  1  0  0  0  0  1 ] (0.00002771)
[  0  2  0  1  0  0  0  1  0 ] (0.00004829)
[  0  2  0  1  0  0  1  0  0 ] (0.00012085)
[  0  2  0  1  0  1  0  0  0 ] (0.01726164)
[  0  2  0  1  1  0  0  0  0 ] (0.00064222)
[  0  2  0  2  0  0  0  0  0 ] (0.00000012)
[  0  2  1  0  0  0  0  0  0 ] (0.00007403)
[  0  2  1  0  0  0  0  0  1 ] (0.00064159)
[  0  2  1  0  0  0  0  1  0 ] (0.00026969)
[  0  2  1  0  0  0  1  0  0 ] (0.00000007)
[  0  2  1  0  0  1  0  0  0 ] (0.00007040)
[  0  2  1  0  1  0  0  0  0 ] (0.01414920)
[  0  2  1  1  0  0  0  0  0 ] (0.00083754)
[  0  2  2  0  0  0  0  0  0 ] (0.00001517)
[  0  3  0  0  0  0  0  0  0 ] (0.00000641)
[  0  3  0  0  0  0  0  0  1 ] (0.00008506)
[  0  3  0  0  0  0  0  1  0 ] (0.00006313)
[  0  3  0  0  0  0  1  0  0 ] (0.00020359)
[  0  3  0  0  0  1  0  0  0 ] (0.00001500)
[  0  3  0  0  1  0  0  0  0 ] (0.00027224)
[  0  3  0  1  0  0  0  0  0 ] (0.00005819)
[  0  3  1  0  0  0  0  0  0 ] (0.00008727)
[  0  4  0  0  0  0  0  0  0 ] (0.00008249)
[  1  0  0  0  0  0  0  0  0 ] (0.00000065)
[  1  0  0  0  0  0  0  0  1 ] (0.00000570)
[  1  0  0  0  0  0  0  0  2 ] (0.00002017)
[  1  0  0  0  0  0  0  0  3 ] (0.00000002)
[  1  0  0  0  0  0  0  1  0 ] (0.00003604)
[  1  0  0  0  0  0  0  1  1 ] (0.00007829)
[  1  0  0  0  0  0  0  1  2 ] (0.00000016)
[  1  0  0  0  0  0  0  2  0 ] (0.00225318)
[  1  0  0  0  0  0  0  2  1 ] (0.00004574)
[  1  0  0  0  0  0  0  3  0 ] (0.00002570)
[  1  0  0  0  0  0  1  0  0 ] (0.00003363)
[  1  0  0  0  0  0  1  0  1 ] (0.00000062)
[  1  0  0  0  0  0  1  0  2 ] (0.00000231)
[  1  0  0  0  0  0  1  1  0 ] (0.00011485)
[  1  0  0  0  0  0  1  1  1 ] (0.00011608)
[  1  0  0  0  0  0  1  2  0 ] (0.00010186)
[  1  0  0  0  0  0  2  0  0 ] (0.00031787)
[  1  0  0  0  0  0  2  0  1 ] (0.00005477)
[  1  0  0  0  0  0  2  1  0 ] (0.00000041)
[  1  0  0  0  0  0  3  0  0 ] (0.00000351)
[  1  0  0  0  0  1  0  0  0 ] (0.00011261)
[  1  0  0  0  0  1  0  0  1 ] (0.00000108)
[  1  0  0  0  0  1  0  0  2 ] (0.00000373)
[  1  0  0  0  0  1  0  1  0 ] (0.00009251)
[  1  0  0  0  0  1  0  1  1 ] (0.00000070)
[  1  0  0  0  0  1  0  2  0 ] (0.00009855)
[  1  0  0  0  0  1  1  0  0 ] (0.00081265)
[  1  0  0  0  0  1  1  0  1 ] (0.00004630)
[  1  0  0  0  0  1  1  1  0 ] (0.00003572)
[  1  0  0  0  0  1  2  0  0 ] (0.00000346)
[  1  0  0  0  0  2  0  0  0 ] (0.00001052)
[  1  0  0  0  0  2  0  0  1 ] (0.00000432)
[  1  0  0  0  0  2  0  1  0 ] (0.00004313)
[  1  0  0  0  0  2  1  0  0 ] (0.00000598)
[  1  0  0  0  0  3  0  0  0 ] (0.00322808)
[  1  0  0  0  1  0  0  0  0 ] (0.00014189)
[  1  0  0  0  1  0  0  0  1 ] (0.00005080)
[  1  0  0  0  1  0  0  0  2 ] (0.00000007)
[  1  0  0  0  1  0  0  1  0 ] (0.00002949)
[  1  0  0  0  1  0  0  1  1 ] (0.00000861)
[  1  0  0  0  1  0  0  2  0 ] (0.00003930)
[  1  0  0  0  1  0  1  0  0 ] (0.00056459)
[  1  0  0  0  1  0  1  0  1 ] (0.00002833)
[  1  0  0  0  1  0  1  1  0 ] (0.00001197)
[  1  0  0  0  1  0  2  0  0 ] (0.00000181)
[  1  0  0  0  1  1  0  0  0 ] (0.00052806)
[  1  0  0  0  1  1  0  0  1 ] (0.00000000)
[  1  0  0  0  1  1  0  1  0 ] (0.00000232)
[  1  0  0  0  1  1  1  0  0 ] (0.00019508)
[  1  0  0  0  1  2  0  0  0 ] (0.00632515)
[  1  0  0  0  2  0  0  0  0 ] (0.00009434)
[  1  0  0  0  2  0  0  0  1 ] (0.00000963)
[  1  0  0  0  2  0  0  1  0 ] (0.00018949)
[  1  0  0  0  2  0  1  0  0 ] (0.00001162)
[  1  0  0  0  2  1  0  0  0 ] (0.00021588)
[  1  0  0  0  3  0  0  0  0 ] (0.00020968)
[  1  0  0  1  0  0  0  0  0 ] (0.00000990)
[  1  0  0  1  0  0  0  0  1 ] (0.00021031)
[  1  0  0  1  0  0  0  0  2 ] (0.00000555)
[  1  0  0  1  0  0  0  1  0 ] (0.00023088)
[  1  0  0  1  0  0  0  1  1 ] (0.00000430)
[  1  0  0  1  0  0  0  2  0 ] (0.00000039)
[  1  0  0  1  0  0  1  0  0 ] (0.00233830)
[  1  0  0  1  0  0  1  0  1 ] (0.00007505)
[  1  0  0  1  0  0  1  1  0 ] (0.00001306)
[  1  0  0  1  0  0  2  0  0 ] (0.00005400)
[  1  0  0  1  0  1  0  0  0 ] (0.00035532)
[  1  0  0  1  0  1  0  0  1 ] (0.00000391)
[  1  0  0  1  0  1  0  1  0 ] (0.00008782)
[  1  0  0  1  0  1  1  0  0 ] (0.00030882)
[  1  0  0  1  0  2  0  0  0 ] (0.00107589)
[  1  0  0  1  1  0  0  0  0 ] (0.00001099)
[  1  0  0  1  1  0  0  0  1 ] (0.00001087)
[  1  0  0  1  1  0  0  1  0 ] (0.00052988)
[  1  0  0  1  1  0  1  0  0 ] (0.00000447)
[  1  0  0  1  1  1  0  0  0 ] (0.00030527)
[  1  0  0  1  2  0  0  0  0 ] (0.00026083)
[  1  0  0  2  0  0  0  0  0 ] (0.00000697)
[  1  0  0  2  0  0  0  0  1 ] (0.00000004)
[  1  0  0  2  0  0  0  1  0 ] (0.00000011)
[  1  0  0  2  0  0  1  0  0 ] (0.00000031)
[  1  0  0  2  0  1  0  0  0 ] (0.00000016)
[  1  0  0  2  1  0  0  0  0 ] (0.00328509)
[  1  0  0  3  0  0  0  0  0 ] (0.00000457)
[  1  0  1  0  0  0  0  0  0 ] (0.00007657)
[  1  0  1  0  0  0  0  0  1 ] (0.00024210)
[  1  0  1  0  0  0  0  0  2 ] (0.00000555)
[  1  0  1  0  0  0  0  1  0 ] (0.11968314)
[  1  0  1  0  0  0  0  1  1 ] (0.00344496)
[  1  0  1  0  0  0  0  2  0 ] (0.00005642)
[  1  0  1  0  0  0  1  0  0 ] (0.00026702)
[  1  0  1  0  0  0  1  0  1 ] (0.00001875)
[  1  0  1  0  0  0  1  1  0 ] (0.00124946)
[  1  0  1  0  0  0  2  0  0 ] (0.00000838)
[  1  0  1  0  0  1  0  0  0 ] (0.00011680)
[  1  0  1  0  0  1  0  0  1 ] (0.00000501)
[  1  0  1  0  0  1  0  1  0 ] (0.00143860)
[  1  0  1  0  0  1  1  0  0 ] (0.00000186)
[  1  0  1  0  0  2  0  0  0 ] (0.00004870)
[  1  0  1  0  1  0  0  0  0 ] (0.00005732)
[  1  0  1  0  1  0  0  0  1 ] (0.00029585)
[  1  0  1  0  1  0  0  1  0 ] (0.00003528)
[  1  0  1  0  1  0  1  0  0 ] (0.00086183)
[  1  0  1  0  1  1  0  0  0 ] (0.00055105)
[  1  0  1  0  2  0  0  0  0 ] (0.00080722)
[  1  0  1  1  0  0  0  0  0 ] (0.00233749)
[  1  0  1  1  0  0  0  0  1 ] (0.00001785)
[  1  0  1  1  0  0  0  1  0 ] (0.00000079)
[  1  0  1  1  0  0  1  0  0 ] (0.00027424)
[  1  0  1  1  0  1  0  0  0 ] (0.02383996)
[  1  0  1  1  1  0  0  0  0 ] (0.00023893)
[  1  0  1  2  0  0  0  0  0 ] (0.00003343)
[  1  0  2  0  0  0  0  0  0 ] (0.00018461)
[  1  0  2  0  0  0  0  0  1 ] (0.00000111)
[  1  0  2  0  0  0  0  1  0 ] (0.00001494)
[  1  0  2  0  0  0  1  0  0 ] (0.00004428)
[  1  0  2  0  0  1  0  0  0 ] (0.00065821)
[  1  0  2  0  1  0  0  0  0 ] (0.00005365)
[  1  0  2  1  0  0  0  0  0 ] (0.00030507)
[  1  0  3  0  0  0  0  0  0 ] (0.00000473)
[  1  1  0  0  0  0  0  0  0 ] (0.00002166)
[  1  1  0  0  0  0  0  0  1 ] (0.00157023)
[  1  1  0  0  0  0  0  0  2 ] (0.00000458)
[  1  1  0  0  0  0  0  1  0 ] (0.00818029)
[  1  1  0  0  0  0  0  1  1 ] (0.00025086)
[  1  1  0  0  0  0  0  2  0 ] (0.00042351)
[  1  1  0  0  0  0  1  0  0 ] (0.00000484)
[  1  1  0  0  0  0  1  0  1 ] (0.00001292)
[  1  1  0  0  0  0  1  1  0 ] (0.00005942)
[  1  1  0  0  0  0  2  0  0 ] (0.00000475)
[  1  1  0  0  0  1  0  0  0 ] (0.00002476)
[  1  1  0  0  0  1  0  0  1 ] (0.00010768)
[  1  1  0  0  0  1  0  1  0 ] (0.00008388)
[  1  1  0  0  0  1  1  0  0 ] (0.00006836)
[  1  1  0  0  0  2  0  0  0 ] (0.00023478)
[  1  1  0  0  1  0  0  0  0 ] (0.00006942)
[  1  1  0  0  1  0  0  0  1 ] (0.00001342)
[  1  1  0  0  1  0  0  1  0 ] (0.00003529)
[  1  1  0  0  1  0  1  0  0 ] (0.00016404)
[  1  1  0  0  1  1  0  0  0 ] (0.00005487)
[  1  1  0  0  2  0  0  0  0 ] (0.00001428)
[  1  1  0  1  0  0  0  0  0 ] (0.00100682)
[  1  1  0  1  0  0  0  0  1 ] (0.00024298)
[  1  1  0  1  0  0  0  1  0 ] (0.00000546)
[  1  1  0  1  0  0  1  0  0 ] (0.00000984)
[  1  1  0  1  0  1  0  0  0 ] (0.00993534)
[  1  1  0  1  1  0  0  0  0 ] (0.00010415)
[  1  1  0  2  0  0  0  0  0 ] (0.00009307)
[  1  1  1  0  0  0  0  0  0 ] (0.00010586)
[  1  1  1  0  0  0  0  0  1 ] (0.00039547)
[  1  1  1  0  0  0  0  1  0 ] (0.00008834)
[  1  1  1  0  0  0  1  0  0 ] (0.00003193)
[  1  1  1  0  0  1  0  0  0 ] (0.00080439)
[  1  1  1  0  1  0  0  0  0 ] (0.00442868)
[  1  1  1  1  0  0  0  0  0 ] (0.00008920)
[  1  1  2  0  0  0  0  0  0 ] (0.00005969)
[  1  2  0  0  0  0  0  0  0 ] (0.00022878)
[  1  2  0  0  0  0  0  0  1 ] (0.00000268)
[  1  2  0  0  0  0  0  1  0 ] (0.00006891)
[  1  2  0  0  0  0  1  0  0 ] (0.00040104)
[  1  2  0  0  0  1  0  0  0 ] (0.00012937)
[  1  2  0  0  1  0  0  0  0 ] (0.00012847)
[  1  2  0  1  0  0  0  0  0 ] (0.00003388)
[  1  2  1  0  0  0  0  0  0 ] (0.00001333)
[  1  3  0  0  0  0  0  0  0 ] (0.00008649)
[  2  0  0  0  0  0  0  0  0 ] (0.00008620)
[  2  0  0  0  0  0  0  0  1 ] (0.00042237)
[  2  0  0  0  0  0  0  0  2 ] (0.00000001)
[  2  0  0  0  0  0  0  1  0 ] (0.00028405)
[  2  0  0  0  0  0  0  1  1 ] (0.00000392)
[  2  0  0  0  0  0  0  2  0 ] (0.00032225)
[  2  0  0  0  0  0  1  0  0 ] (0.00056270)
[  2  0  0  0  0  0  1  0  1 ] (0.00003809)
[  2  0  0  0  0  0  1  1  0 ] (0.00003206)
[  2  0  0  0  0  0  2  0  0 ] (0.00042018)
[  2  0  0  0  0  1  0  0  0 ] (0.00010244)
[  2  0  0  0  0  1  0  0  1 ] (0.00000758)
[  2  0  0  0  0  1  0  1  0 ] (0.00006092)
[  2  0  0  0  0  1  1  0  0 ] (0.00041944)
[  2  0  0  0  0  2  0  0  0 ] (0.00137825)
[  2  0  0  0  1  0  0  0  0 ] (0.00059022)
[  2  0  0  0  1  0  0  0  1 ] (0.00004129)
[  2  0  0  0  1  0  0  1  0 ] (0.00001332)
[  2  0  0  0  1  0  1  0  0 ] (0.00001857)
[  2  0  0  0  1  1  0  0  0 ] (0.00439102)
[  2  0  0  0  2  0  0  0  0 ] (0.00001214)
[  2  0  0  1  0  0  0  0  0 ] (0.00041948)
[  2  0  0  1  0  0  0  0  1 ] (0.00003915)
[  2  0  0  1  0  0  0  1  0 ] (0.00006299)
[  2  0  0  1  0  0  1  0  0 ] (0.00000031)
[  2  0  0  1  0  1  0  0  0 ] (0.00271254)
[  2  0  0  1  1  0  0  0  0 ] (0.00009234)
[  2  0  0  2  0  0  0  0  0 ] (0.00002836)
[  2  0  1  0  0  0  0  0  0 ] (0.00001719)
[  2  0  1  0  0  0  0  0  1 ] (0.00042840)
[  2  0  1  0  0  0  0  1  0 ] (0.00011698)
[  2  0  1  0  0  0  1  0  0 ] (0.01106783)
[  2  0  1  0  0  1  0  0  0 ] (0.00006309)
[  2  0  1  0  1  0  0  0  0 ] (0.00037454)
[  2  0  1  1  0  0  0  0  0 ] (0.00007747)
[  2  0  2  0  0  0  0  0  0 ] (0.00000559)
[  2  1  0  0  0  0  0  0  0 ] (0.00015846)
[  2  1  0  0  0  0  0  0  1 ] (0.00009341)
[  2  1  0  0  0  0  0  1  0 ] (0.00006159)
[  2  1  0  0  0  0  1  0  0 ] (0.00142092)
[  2  1  0  0  0  1  0  0  0 ] (0.00047370)
[  2  1  0  0  1  0  0  0  0 ] (0.00140414)
[  2  1  0  1  0  0  0  0  0 ] (0.00138554)
[  2  1  1  0  0  0  0  0  0 ] (0.00143204)
[  2  2  0  0  0  0  0  0  0 ] (0.00019452)
[  3  0  0  0  0  0  0  0  0 ] (0.00005375)
[  3  0  0  0  0  0  0  0  1 ] (0.00003877)
[  3  0  0  0  0  0  0  1  0 ] (0.00526990)
[  3  0  0  0  0  0  1  0  0 ] (0.00059089)
[  3  0  0  0  0  1  0  0  0 ] (0.00009639)
[  3  0  0  0  1  0  0  0  0 ] (0.00018161)
[  3  0  0  1  0  0  0  0  0 ] (0.00012559)
[  3  0  1  0  0  0  0  0  0 ] (0.00006929)
[  3  1  0  0  0  0  0  0  0 ] (0.00002042)
[  4  0  0  0  0  0  0  0  0 ] (0.00004425)
