|  -936.433823828389 |   224.199755298926 

[  0  0  0  0  0  0  0  0  0 ] (0.00000276)
[  0  0  0  0  0  0  0  0  1 ] (0.00001274)
[  0  0  0  0  0  0  0  0  2 ] (0.00000103)
[  0  0  0  0  0  0  0  0  3 ] (0.00000004)
[  0  0  0  0  0  0  0  0  4 ] (0.00000852)
[  0  0  0  0  0  0  0  1  0 ] (0.00002195)
[  0  0  0  0  0  0  0  1  1 ] (0.00001733)
[  0  0  0  0  0  0  0  1  2 ] (0.00011281)
[  0  0  0  0  0  0  0  1  3 ] (0.00001555)
[  0  0  0  0  0  0  0  2  0 ] (0.00001546)
[  0  0  0  0  0  0  0  2  1 ] (0.00047972)
[  0  0  0  0  0  0  0  2  2 ] (0.00004628)
[  0  0  0  0  0  0  0  3  0 ] (0.00001652)
[  0  0  0  0  0  0  0  3  1 ] (0.00001818)
[  0  0  0  0  0  0  0  4  0 ] (0.00002083)
[  0  0  0  0  0  0  1  0  0 ] (0.00010228)
[  0  0  0  0  0  0  1  0  1 ] (0.00004756)
[  0  0  0  0  0  0  1  0  2 ] (0.00168384)
[  0  0  0  0  0  0  1  0  3 ] (0.00002950)
[  0  0  0  0  0  0  1  1  0 ] (0.00033597)
[  0  0  0  0  0  0  1  1  1 ] (0.00020856)
[  0  0  0  0  0  0  1  1  2 ] (0.00003118)
[  0  0  0  0  0  0  1  2  0 ] (0.00000560)
[  0  0  0  0  0  0  1  2  1 ] (0.00000590)
[  0  0  0  0  0  0  1  3  0 ] (0.00000662)
[  0  0  0  0  0  0  2  0  0 ] (0.00002635)
[  0  0  0  0  0  0  2  0  1 ] (0.00008471)
[  0  0  0  0  0  0  2  0  2 ] (0.00003052)
[  0  0  0  0  0  0  2  1  0 ] (0.00002486)
[  0  0  0  0  0  0  2  1  1 ] (0.00000730)
[  0  0  0  0  0  0  2  2  0 ] (0.00000307)
[  0  0  0  0  0  0  3  0  0 ] (0.00020612)
[  0  0  0  0  0  0  3  0  1 ] (0.00006255)
[  0  0  0  0  0  0  3  1  0 ] (0.00000488)
[  0  0  0  0  0  0  4  0  0 ] (0.00000271)
[  0  0  0  0  0  1  0  0  0 ] (0.00000026)
[  0  0  0  0  0  1  0  0  1 ] (0.00002667)
[  0  0  0  0  0  1  0  0  2 ] (0.00005708)
[  0  0  0  0  0  1  0  0  3 ] (0.00005929)
[  0  0  0  0  0  1  0  1  0 ] (0.00014292)
[  0  0  0  0  0  1  0  1  1 ] (0.00046674)
[  0  0  0  0  0  1  0  1  2 ] (0.00001651)
[  0  0  0  0  0  1  0  2  0 ] (0.00000205)
[  0  0  0  0  0  1  0  2  1 ] (0.00002228)
[  0  0  0  0  0  1  0  3  0 ] (0.00011301)
[  0  0  0  0  0  1  1  0  0 ] (0.00008275)
[  0  0  0  0  0  1  1  0  1 ] (0.00102621)
[  0  0  0  0  0  1  1  0  2 ] (0.00002983)
[  0  0  0  0  0  1  1  1  0 ] (0.00560298)
[  0  0  0  0  0  1  1  1  1 ] (0.00086468)
[  0  0  0  0  0  1  1  2  0 ] (0.00005554)
[  0  0  0  0  0  1  2  0  0 ] (0.00000000)
[  0  0  0  0  0  1  2  0  1 ] (0.00002297)
[  0  0  0  0  0  1  2  1  0 ] (0.00083149)
[  0  0  0  0  0  1  3  0  0 ] (0.00033147)
[  0  0  0  0  0  2  0  0  0 ] (0.00000015)
[  0  0  0  0  0  2  0  0  1 ] (0.00000953)
[  0  0  0  0  0  2  0  0  2 ] (0.00039610)
[  0  0  0  0  0  2  0  1  0 ] (0.00000192)
[  0  0  0  0  0  2  0  1  1 ] (0.00000683)
[  0  0  0  0  0  2  0  2  0 ] (0.00130244)
[  0  0  0  0  0  2  1  0  0 ] (0.00000324)
[  0  0  0  0  0  2  1  0  1 ] (0.00027064)
[  0  0  0  0  0  2  1  1  0 ] (0.00034571)
[  0  0  0  0  0  2  2  0  0 ] (0.00000033)
[  0  0  0  0  0  3  0  0  0 ] (0.00002755)
[  0  0  0  0  0  3  0  0  1 ] (0.01089019)
[  0  0  0  0  0  3  0  1  0 ] (0.00351624)
[  0  0  0  0  0  3  1  0  0 ] (0.00003438)
[  0  0  0  0  0  4  0  0  0 ] (0.00000671)
[  0  0  0  0  1  0  0  0  0 ] (0.00000007)
[  0  0  0  0  1  0  0  0  1 ] (0.00001073)
[  0  0  0  0  1  0  0  0  2 ] (0.00105275)
[  0  0  0  0  1  0  0  0  3 ] (0.00000109)
[  0  0  0  0  1  0  0  1  0 ] (0.00009323)
[  0  0  0  0  1  0  0  1  1 ] (0.00341422)
[  0  0  0  0  1  0  0  1  2 ] (0.00011526)
[  0  0  0  0  1  0  0  2  0 ] (0.00099043)
[  0  0  0  0  1  0  0  2  1 ] (0.00040730)
[  0  0  0  0  1  0  0  3  0 ] (0.00004984)
[  0  0  0  0  1  0  1  0  0 ] (0.00004135)
[  0  0  0  0  1  0  1  0  1 ] (0.00066981)
[  0  0  0  0  1  0  1  0  2 ] (0.00009226)
[  0  0  0  0  1  0  1  1  0 ] (0.00467891)
[  0  0  0  0  1  0  1  1  1 ] (0.00078482)
[  0  0  0  0  1  0  1  2  0 ] (0.00036655)
[  0  0  0  0  1  0  2  0  0 ] (0.00001767)
[  0  0  0  0  1  0  2  0  1 ] (0.00013755)
[  0  0  0  0  1  0  2  1  0 ] (0.00052683)
[  0  0  0  0  1  0  3  0  0 ] (0.00015042)
[  0  0  0  0  1  1  0  0  0 ] (0.00001382)
[  0  0  0  0  1  1  0  0  1 ] (0.00002918)
[  0  0  0  0  1  1  0  0  2 ] (0.00174015)
[  0  0  0  0  1  1  0  1  0 ] (0.00047797)
[  0  0  0  0  1  1  0  1  1 ] (0.00002843)
[  0  0  0  0  1  1  0  2  0 ] (0.00003834)
[  0  0  0  0  1  1  1  0  0 ] (0.00024161)
[  0  0  0  0  1  1  1  0  1 ] (0.00000700)
[  0  0  0  0  1  1  1  1  0 ] (0.00002995)
[  0  0  0  0  1  1  2  0  0 ] (0.00316982)
[  0  0  0  0  1  2  0  0  0 ] (0.00000020)
[  0  0  0  0  1  2  0  0  1 ] (0.00080770)
[  0  0  0  0  1  2  0  1  0 ] (0.00109323)
[  0  0  0  0  1  2  1  0  0 ] (0.00000559)
[  0  0  0  0  1  3  0  0  0 ] (0.00000898)
[  0  0  0  0  2  0  0  0  0 ] (0.00030717)
[  0  0  0  0  2  0  0  0  1 ] (0.01020558)
[  0  0  0  0  2  0  0  0  2 ] (0.01211236)
[  0  0  0  0  2  0  0  1  0 ] (0.00417332)
[  0  0  0  0  2  0  0  1  1 ] (0.00191144)
[  0  0  0  0  2  0  0  2  0 ] (0.00616411)
[  0  0  0  0  2  0  1  0  0 ] (0.00023683)
[  0  0  0  0  2  0  1  0  1 ] (0.00217137)
[  0  0  0  0  2  0  1  1  0 ] (0.00188881)
[  0  0  0  0  2  0  2  0  0 ] (0.00127639)
[  0  0  0  0  2  1  0  0  0 ] (0.00295663)
[  0  0  0  0  2  1  0  0  1 ] (0.10256704)
[  0  0  0  0  2  1  0  1  0 ] (0.06537878)
[  0  0  0  0  2  1  1  0  0 ] (0.00722570)
[  0  0  0  0  2  2  0  0  0 ] (0.00042297)
[  0  0  0  0  3  0  0  0  0 ] (0.00000626)
[  0  0  0  0  3  0  0  0  1 ] (0.00286690)
[  0  0  0  0  3  0  0  1  0 ] (0.00003537)
[  0  0  0  0  3  0  1  0  0 ] (0.00008150)
[  0  0  0  0  3  1  0  0  0 ] (0.00006446)
[  0  0  0  0  4  0  0  0  0 ] (0.00012470)
[  0  0  0  1  0  0  0  0  0 ] (0.00000031)
[  0  0  0  1  0  0  0  0  1 ] (0.00000519)
[  0  0  0  1  0  0  0  0  2 ] (0.00000074)
[  0  0  0  1  0  0  0  0  3 ] (0.00000841)
[  0  0  0  1  0  0  0  1  0 ] (0.00003659)
[  0  0  0  1  0  0  0  1  1 ] (0.00025505)
[  0  0  0  1  0  0  0  1  2 ] (0.00004665)
[  0  0  0  1  0  0  0  2  0 ] (0.00008087)
[  0  0  0  1  0  0  0  2  1 ] (0.00001288)
[  0  0  0  1  0  0  0  3  0 ] (0.00015337)
[  0  0  0  1  0  0  1  0  0 ] (0.00002628)
[  0  0  0  1  0  0  1  0  1 ] (0.00018361)
[  0  0  0  1  0  0  1  0  2 ] (0.00012555)
[  0  0  0  1  0  0  1  1  0 ] (0.00062562)
[  0  0  0  1  0  0  1  1  1 ] (0.00016608)
[  0  0  0  1  0  0  1  2  0 ] (0.00000538)
[  0  0  0  1  0  0  2  0  0 ] (0.00000320)
[  0  0  0  1  0  0  2  0  1 ] (0.00001036)
[  0  0  0  1  0  0  2  1  0 ] (0.00030659)
[  0  0  0  1  0  0  3  0  0 ] (0.00001400)
[  0  0  0  1  0  1  0  0  0 ] (0.00000945)
[  0  0  0  1  0  1  0  0  1 ] (0.00004781)
[  0  0  0  1  0  1  0  0  2 ] (0.00186397)
[  0  0  0  1  0  1  0  1  0 ] (0.00003842)
[  0  0  0  1  0  1  0  1  1 ] (0.00003057)
[  0  0  0  1  0  1  0  2  0 ] (0.00727605)
[  0  0  0  1  0  1  1  0  0 ] (0.00009191)
[  0  0  0  1  0  1  1  0  1 ] (0.00050642)
[  0  0  0  1  0  1  1  1  0 ] (0.00001353)
[  0  0  0  1  0  1  2  0  0 ] (0.00005553)
[  0  0  0  1  0  2  0  0  0 ] (0.00000254)
[  0  0  0  1  0  2  0  0  1 ] (0.00011441)
[  0  0  0  1  0  2  0  1  0 ] (0.00001420)
[  0  0  0  1  0  2  1  0  0 ] (0.00004645)
[  0  0  0  1  0  3  0  0  0 ] (0.00001741)
[  0  0  0  1  1  0  0  0  0 ] (0.00000048)
[  0  0  0  1  1  0  0  0  1 ] (0.00037092)
[  0  0  0  1  1  0  0  0  2 ] (0.00007578)
[  0  0  0  1  1  0  0  1  0 ] (0.00015175)
[  0  0  0  1  1  0  0  1  1 ] (0.00003357)
[  0  0  0  1  1  0  0  2  0 ] (0.00003807)
[  0  0  0  1  1  0  1  0  0 ] (0.00000733)
[  0  0  0  1  1  0  1  0  1 ] (0.00000462)
[  0  0  0  1  1  0  1  1  0 ] (0.00025061)
[  0  0  0  1  1  0  2  0  0 ] (0.00008078)
[  0  0  0  1  1  1  0  0  0 ] (0.00000713)
[  0  0  0  1  1  1  0  0  1 ] (0.00214476)
[  0  0  0  1  1  1  0  1  0 ] (0.00056701)
[  0  0  0  1  1  1  1  0  0 ] (0.00002255)
[  0  0  0  1  1  2  0  0  0 ] (0.00000794)
[  0  0  0  1  2  0  0  0  0 ] (0.00023586)
[  0  0  0  1  2  0  0  0  1 ] (0.00385096)
[  0  0  0  1  2  0  0  1  0 ] (0.00019587)
[  0  0  0  1  2  0  1  0  0 ] (0.00037700)
[  0  0  0  1  2  1  0  0  0 ] (0.00009472)
[  0  0  0  1  3  0  0  0  0 ] (0.00000087)
[  0  0  0  2  0  0  0  0  0 ] (0.00001154)
[  0  0  0  2  0  0  0  0  1 ] (0.00043207)
[  0  0  0  2  0  0  0  0  2 ] (0.00012426)
[  0  0  0  2  0  0  0  1  0 ] (0.00000711)
[  0  0  0  2  0  0  0  1  1 ] (0.00000191)
[  0  0  0  2  0  0  0  2  0 ] (0.00000040)
[  0  0  0  2  0  0  1  0  0 ] (0.00003696)
[  0  0  0  2  0  0  1  0  1 ] (0.00160144)
[  0  0  0  2  0  0  1  1  0 ] (0.00011627)
[  0  0  0  2  0  0  2  0  0 ] (0.00002475)
[  0  0  0  2  0  1  0  0  0 ] (0.00001332)
[  0  0  0  2  0  1  0  0  1 ] (0.00031689)
[  0  0  0  2  0  1  0  1  0 ] (0.00000758)
[  0  0  0  2  0  1  1  0  0 ] (0.00000052)
[  0  0  0  2  0  2  0  0  0 ] (0.00000604)
[  0  0  0  2  1  0  0  0  0 ] (0.00000155)
[  0  0  0  2  1  0  0  0  1 ] (0.00008457)
[  0  0  0  2  1  0  0  1  0 ] (0.00007557)
[  0  0  0  2  1  0  1  0  0 ] (0.00000049)
[  0  0  0  2  1  1  0  0  0 ] (0.00000048)
[  0  0  0  2  2  0  0  0  0 ] (0.00000613)
[  0  0  0  3  0  0  0  0  0 ] (0.00003273)
[  0  0  0  3  0  0  0  0  1 ] (0.00195060)
[  0  0  0  3  0  0  0  1  0 ] (0.00029197)
[  0  0  0  3  0  0  1  0  0 ] (0.00001986)
[  0  0  0  3  0  1  0  0  0 ] (0.00001005)
[  0  0  0  3  1  0  0  0  0 ] (0.00000143)
[  0  0  0  4  0  0  0  0  0 ] (0.00000177)
[  0  0  1  0  0  0  0  0  0 ] (0.00000136)
[  0  0  1  0  0  0  0  0  1 ] (0.00000381)
[  0  0  1  0  0  0  0  0  2 ] (0.00026093)
[  0  0  1  0  0  0  0  0  3 ] (0.00014455)
[  0  0  1  0  0  0  0  1  0 ] (0.00054962)
[  0  0  1  0  0  0  0  1  1 ] (0.00645057)
[  0  0  1  0  0  0  0  1  2 ] (0.00030081)
[  0  0  1  0  0  0  0  2  0 ] (0.00000014)
[  0  0  1  0  0  0  0  2  1 ] (0.00002599)
[  0  0  1  0  0  0  0  3  0 ] (0.00018318)
[  0  0  1  0  0  0  1  0  0 ] (0.00003209)
[  0  0  1  0  0  0  1  0  1 ] (0.00137632)
[  0  0  1  0  0  0  1  0  2 ] (0.00036529)
[  0  0  1  0  0  0  1  1  0 ] (0.00021488)
[  0  0  1  0  0  0  1  1  1 ] (0.00000000)
[  0  0  1  0  0  0  1  2  0 ] (0.00008916)
[  0  0  1  0  0  0  2  0  0 ] (0.00000007)
[  0  0  1  0  0  0  2  0  1 ] (0.00000560)
[  0  0  1  0  0  0  2  1  0 ] (0.00044197)
[  0  0  1  0  0  0  3  0  0 ] (0.00000049)
[  0  0  1  0  0  1  0  0  0 ] (0.00001404)
[  0  0  1  0  0  1  0  0  1 ] (0.00013823)
[  0  0  1  0  0  1  0  0  2 ] (0.00040154)
[  0  0  1  0  0  1  0  1  0 ] (0.00004247)
[  0  0  1  0  0  1  0  1  1 ] (0.00096961)
[  0  0  1  0  0  1  0  2  0 ] (0.00161181)
[  0  0  1  0  0  1  1  0  0 ] (0.00003332)
[  0  0  1  0  0  1  1  0  1 ] (0.00001256)
[  0  0  1  0  0  1  1  1  0 ] (0.00017358)
[  0  0  1  0  0  1  2  0  0 ] (0.00000890)
[  0  0  1  0  0  2  0  0  0 ] (0.00002977)
[  0  0  1  0  0  2  0  0  1 ] (0.00033729)
[  0  0  1  0  0  2  0  1  0 ] (0.00022468)
[  0  0  1  0  0  2  1  0  0 ] (0.00002646)
[  0  0  1  0  0  3  0  0  0 ] (0.00004138)
[  0  0  1  0  1  0  0  0  0 ] (0.00000207)
[  0  0  1  0  1  0  0  0  1 ] (0.00011826)
[  0  0  1  0  1  0  0  0  2 ] (0.00000523)
[  0  0  1  0  1  0  0  1  0 ] (0.00019567)
[  0  0  1  0  1  0  0  1  1 ] (0.00011702)
[  0  0  1  0  1  0  0  2  0 ] (0.00009694)
[  0  0  1  0  1  0  1  0  0 ] (0.00000109)
[  0  0  1  0  1  0  1  0  1 ] (0.00006170)
[  0  0  1  0  1  0  1  1  0 ] (0.00008195)
[  0  0  1  0  1  0  2  0  0 ] (0.00002647)
[  0  0  1  0  1  1  0  0  0 ] (0.00025657)
[  0  0  1  0  1  1  0  0  1 ] (0.00472110)
[  0  0  1  0  1  1  0  1  0 ] (0.01060541)
[  0  0  1  0  1  1  1  0  0 ] (0.00026004)
[  0  0  1  0  1  2  0  0  0 ] (0.00000284)
[  0  0  1  0  2  0  0  0  0 ] (0.00072577)
[  0  0  1  0  2  0  0  0  1 ] (0.01158744)
[  0  0  1  0  2  0  0  1  0 ] (0.00741023)
[  0  0  1  0  2  0  1  0  0 ] (0.00155373)
[  0  0  1  0  2  1  0  0  0 ] (0.00063202)
[  0  0  1  0  3  0  0  0  0 ] (0.00000416)
[  0  0  1  1  0  0  0  0  0 ] (0.00000280)
[  0  0  1  1  0  0  0  0  1 ] (0.00193990)
[  0  0  1  1  0  0  0  0  2 ] (0.05380717)
[  0  0  1  1  0  0  0  1  0 ] (0.00097804)
[  0  0  1  1  0  0  0  1  1 ] (0.00064239)
[  0  0  1  1  0  0  0  2  0 ] (0.10861317)
[  0  0  1  1  0  0  1  0  0 ] (0.00022659)
[  0  0  1  1  0  0  1  0  1 ] (0.00128729)
[  0  0  1  1  0  0  1  1  0 ] (0.00059152)
[  0  0  1  1  0  0  2  0  0 ] (0.00001711)
[  0  0  1  1  0  1  0  0  0 ] (0.00004779)
[  0  0  1  1  0  1  0  0  1 ] (0.00779549)
[  0  0  1  1  0  1  0  1  0 ] (0.00601650)
[  0  0  1  1  0  1  1  0  0 ] (0.00000933)
[  0  0  1  1  0  2  0  0  0 ] (0.00000327)
[  0  0  1  1  1  0  0  0  0 ] (0.00084844)
[  0  0  1  1  1  0  0  0  1 ] (0.06490256)
[  0  0  1  1  1  0  0  1  0 ] (0.01874567)
[  0  0  1  1  1  0  1  0  0 ] (0.00038315)
[  0  0  1  1  1  1  0  0  0 ] (0.00019601)
[  0  0  1  1  2  0  0  0  0 ] (0.00006620)
[  0  0  1  2  0  0  0  0  0 ] (0.00000982)
[  0  0  1  2  0  0  0  0  1 ] (0.00051771)
[  0  0  1  2  0  0  0  1  0 ] (0.00027562)
[  0  0  1  2  0  0  1  0  0 ] (0.00000030)
[  0  0  1  2  0  1  0  0  0 ] (0.00001535)
[  0  0  1  2  1  0  0  0  0 ] (0.00000673)
[  0  0  1  3  0  0  0  0  0 ] (0.00000681)
[  0  0  2  0  0  0  0  0  0 ] (0.00000682)
[  0  0  2  0  0  0  0  0  1 ] (0.00030619)
[  0  0  2  0  0  0  0  0  2 ] (0.00000034)
[  0  0  2  0  0  0  0  1  0 ] (0.00001995)
[  0  0  2  0  0  0  0  1  1 ] (0.00007471)
[  0  0  2  0  0  0  0  2  0 ] (0.00000046)
[  0  0  2  0  0  0  1  0  0 ] (0.00000467)
[  0  0  2  0  0  0  1  0  1 ] (0.00007334)
[  0  0  2  0  0  0  1  1  0 ] (0.00000298)
[  0  0  2  0  0  0  2  0  0 ] (0.00000140)
[  0  0  2  0  0  1  0  0  0 ] (0.00000003)
[  0  0  2  0  0  1  0  0  1 ] (0.00011026)
[  0  0  2  0  0  1  0  1  0 ] (0.00000032)
[  0  0  2  0  0  1  1  0  0 ] (0.00001089)
[  0  0  2  0  0  2  0  0  0 ] (0.00000035)
[  0  0  2  0  1  0  0  0  0 ] (0.00005670)
[  0  0  2  0  1  0  0  0  1 ] (0.00052363)
[  0  0  2  0  1  0  0  1  0 ] (0.00044439)
[  0  0  2  0  1  0  1  0  0 ] (0.00000454)
[  0  0  2  0  1  1  0  0  0 ] (0.00003059)
[  0  0  2  0  2  0  0  0  0 ] (0.00004771)
[  0  0  2  1  0  0  0  0  0 ] (0.00000967)
[  0  0  2  1  0  0  0  0  1 ] (0.00000705)
[  0  0  2  1  0  0  0  1  0 ] (0.00002075)
[  0  0  2  1  0  0  1  0  0 ] (0.00000055)
[  0  0  2  1  0  1  0  0  0 ] (0.00000416)
[  0  0  2  1  1  0  0  0  0 ] (0.00000041)
[  0  0  2  2  0  0  0  0  0 ] (0.00000762)
[  0  0  3  0  0  0  0  0  0 ] (0.00001240)
[  0  0  3  0  0  0  0  0  1 ] (0.00122460)
[  0  0  3  0  0  0  0  1  0 ] (0.00018139)
[  0  0  3  0  0  0  1  0  0 ] (0.00004828)
[  0  0  3  0  0  1  0  0  0 ] (0.00000081)
[  0  0  3  0  1  0  0  0  0 ] (0.00004263)
[  0  0  3  1  0  0  0  0  0 ] (0.00002494)
[  0  0  4  0  0  0  0  0  0 ] (0.00000128)
[  0  1  0  0  0  0  0  0  0 ] (0.00000799)
[  0  1  0  0  0  0  0  0  1 ] (0.00002459)
[  0  1  0  0  0  0  0  0  2 ] (0.00000494)
[  0  1  0  0  0  0  0  0  3 ] (0.00000421)
[  0  1  0  0  0  0  0  1  0 ] (0.00021207)
[  0  1  0  0  0  0  0  1  1 ] (0.00965426)
[  0  1  0  0  0  0  0  1  2 ] (0.00079940)
[  0  1  0  0  0  0  0  2  0 ] (0.00000549)
[  0  1  0  0  0  0  0  2  1 ] (0.00008979)
[  0  1  0  0  0  0  0  3  0 ] (0.00004738)
[  0  1  0  0  0  0  1  0  0 ] (0.00000553)
[  0  1  0  0  0  0  1  0  1 ] (0.00053368)
[  0  1  0  0  0  0  1  0  2 ] (0.00002051)
[  0  1  0  0  0  0  1  1  0 ] (0.00000001)
[  0  1  0  0  0  0  1  1  1 ] (0.00029134)
[  0  1  0  0  0  0  1  2  0 ] (0.00003833)
[  0  1  0  0  0  0  2  0  0 ] (0.00000389)
[  0  1  0  0  0  0  2  0  1 ] (0.00053569)
[  0  1  0  0  0  0  2  1  0 ] (0.00014630)
[  0  1  0  0  0  0  3  0  0 ] (0.00041643)
[  0  1  0  0  0  1  0  0  0 ] (0.00000874)
[  0  1  0  0  0  1  0  0  1 ] (0.00000142)
[  0  1  0  0  0  1  0  0  2 ] (0.00010007)
[  0  1  0  0  0  1  0  1  0 ] (0.00001160)
[  0  1  0  0  0  1  0  1  1 ] (0.00138095)
[  0  1  0  0  0  1  0  2  0 ] (0.00222931)
[  0  1  0  0  0  1  1  0  0 ] (0.00000330)
[  0  1  0  0  0  1  1  0  1 ] (0.00034292)
[  0  1  0  0  0  1  1  1  0 ] (0.00013630)
[  0  1  0  0  0  1  2  0  0 ] (0.00014212)
[  0  1  0  0  0  2  0  0  0 ] (0.00000005)
[  0  1  0  0  0  2  0  0  1 ] (0.00000593)
[  0  1  0  0  0  2  0  1  0 ] (0.00018019)
[  0  1  0  0  0  2  1  0  0 ] (0.00002956)
[  0  1  0  0  0  3  0  0  0 ] (0.00000887)
[  0  1  0  0  1  0  0  0  0 ] (0.00000097)
[  0  1  0  0  1  0  0  0  1 ] (0.00001093)
[  0  1  0  0  1  0  0  0  2 ] (0.00006553)
[  0  1  0  0  1  0  0  1  0 ] (0.00056281)
[  0  1  0  0  1  0  0  1  1 ] (0.00031416)
[  0  1  0  0  1  0  0  2  0 ] (0.00036787)
[  0  1  0  0  1  0  1  0  0 ] (0.00000046)
[  0  1  0  0  1  0  1  0  1 ] (0.00027345)
[  0  1  0  0  1  0  1  1  0 ] (0.00017430)
[  0  1  0  0  1  0  2  0  0 ] (0.00014006)
[  0  1  0  0  1  1  0  0  0 ] (0.00000075)
[  0  1  0  0  1  1  0  0  1 ] (0.00000288)
[  0  1  0  0  1  1  0  1  0 ] (0.00736490)
[  0  1  0  0  1  1  1  0  0 ] (0.00006178)
[  0  1  0  0  1  2  0  0  0 ] (0.00000035)
[  0  1  0  0  2  0  0  0  0 ] (0.00016167)
[  0  1  0  0  2  0  0  0  1 ] (0.00115431)
[  0  1  0  0  2  0  0  1  0 ] (0.00283747)
[  0  1  0  0  2  0  1  0  0 ] (0.00061768)
[  0  1  0  0  2  1  0  0  0 ] (0.00023389)
[  0  1  0  0  3  0  0  0  0 ] (0.00001255)
[  0  1  0  1  0  0  0  0  0 ] (0.00002458)
[  0  1  0  1  0  0  0  0  1 ] (0.00035418)
[  0  1  0  1  0  0  0  0  2 ] (0.00140784)
[  0  1  0  1  0  0  0  1  0 ] (0.00006060)
[  0  1  0  1  0  0  0  1  1 ] (0.00006129)
[  0  1  0  1  0  0  0  2  0 ] (0.00008450)
[  0  1  0  1  0  0  1  0  0 ] (0.00000507)
[  0  1  0  1  0  0  1  0  1 ] (0.00061749)
[  0  1  0  1  0  0  1  1  0 ] (0.00057211)
[  0  1  0  1  0  0  2  0  0 ] (0.00012189)
[  0  1  0  1  0  1  0  0  0 ] (0.00003563)
[  0  1  0  1  0  1  0  0  1 ] (0.00085739)
[  0  1  0  1  0  1  0  1  0 ] (0.00001373)
[  0  1  0  1  0  1  1  0  0 ] (0.00000213)
[  0  1  0  1  0  2  0  0  0 ] (0.00000483)
[  0  1  0  1  1  0  0  0  0 ] (0.00006648)
[  0  1  0  1  1  0  0  0  1 ] (0.00187549)
[  0  1  0  1  1  0  0  1  0 ] (0.00044043)
[  0  1  0  1  1  0  1  0  0 ] (0.00045815)
[  0  1  0  1  1  1  0  0  0 ] (0.00004162)
[  0  1  0  1  2  0  0  0  0 ] (0.00003371)
[  0  1  0  2  0  0  0  0  0 ] (0.00000001)
[  0  1  0  2  0  0  0  0  1 ] (0.00001034)
[  0  1  0  2  0  0  0  1  0 ] (0.00000880)
[  0  1  0  2  0  0  1  0  0 ] (0.00001929)
[  0  1  0  2  0  1  0  0  0 ] (0.00000040)
[  0  1  0  2  1  0  0  0  0 ] (0.00000006)
[  0  1  0  3  0  0  0  0  0 ] (0.00000020)
[  0  1  1  0  0  0  0  0  0 ] (0.00005019)
[  0  1  1  0  0  0  0  0  1 ] (0.00072197)
[  0  1  1  0  0  0  0  0  2 ] (0.00385608)
[  0  1  1  0  0  0  0  1  0 ] (0.00005886)
[  0  1  1  0  0  0  0  1  1 ] (0.00000413)
[  0  1  1  0  0  0  0  2  0 ] (0.00012414)
[  0  1  1  0  0  0  1  0  0 ] (0.00000349)
[  0  1  1  0  0  0  1  0  1 ] (0.00062705)
[  0  1  1  0  0  0  1  1  0 ] (0.00015856)
[  0  1  1  0  0  0  2  0  0 ] (0.00032195)
[  0  1  1  0  0  1  0  0  0 ] (0.00004184)
[  0  1  1  0  0  1  0  0  1 ] (0.00035992)
[  0  1  1  0  0  1  0  1  0 ] (0.00000786)
[  0  1  1  0  0  1  1  0  0 ] (0.00002480)
[  0  1  1  0  0  2  0  0  0 ] (0.00001053)
[  0  1  1  0  1  0  0  0  0 ] (0.00005963)
[  0  1  1  0  1  0  0  0  1 ] (0.00107068)
[  0  1  1  0  1  0  0  1  0 ] (0.00025907)
[  0  1  1  0  1  0  1  0  0 ] (0.00018655)
[  0  1  1  0  1  1  0  0  0 ] (0.00003503)
[  0  1  1  0  2  0  0  0  0 ] (0.00014630)
[  0  1  1  1  0  0  0  0  0 ] (0.00001501)
[  0  1  1  1  0  0  0  0  1 ] (0.00016691)
[  0  1  1  1  0  0  0  1  0 ] (0.00169021)
[  0  1  1  1  0  0  1  0  0 ] (0.00001212)
[  0  1  1  1  0  1  0  0  0 ] (0.00000169)
[  0  1  1  1  1  0  0  0  0 ] (0.00002603)
[  0  1  1  2  0  0  0  0  0 ] (0.00000634)
[  0  1  2  0  0  0  0  0  0 ] (0.00000006)
[  0  1  2  0  0  0  0  0  1 ] (0.00000053)
[  0  1  2  0  0  0  0  1  0 ] (0.00000244)
[  0  1  2  0  0  0  1  0  0 ] (0.00000425)
[  0  1  2  0  0  1  0  0  0 ] (0.00000000)
[  0  1  2  0  1  0  0  0  0 ] (0.00000488)
[  0  1  2  1  0  0  0  0  0 ] (0.00000026)
[  0  1  3  0  0  0  0  0  0 ] (0.00000125)
[  0  2  0  0  0  0  0  0  0 ] (0.00001104)
[  0  2  0  0  0  0  0  0  1 ] (0.00002791)
[  0  2  0  0  0  0  0  0  2 ] (0.00019750)
[  0  2  0  0  0  0  0  1  0 ] (0.00000003)
[  0  2  0  0  0  0  0  1  1 ] (0.02199868)
[  0  2  0  0  0  0  0  2  0 ] (0.00071083)
[  0  2  0  0  0  0  1  0  0 ] (0.00138196)
[  0  2  0  0  0  0  1  0  1 ] (0.02245340)
[  0  2  0  0  0  0  1  1  0 ] (0.02894171)
[  0  2  0  0  0  0  2  0  0 ] (0.00000088)
[  0  2  0  0  0  1  0  0  0 ] (0.00000136)
[  0  2  0  0  0  1  0  0  1 ] (0.00002886)
[  0  2  0  0  0  1  0  1  0 ] (0.00008260)
[  0  2  0  0  0  1  1  0  0 ] (0.00002222)
[  0  2  0  0  0  2  0  0  0 ] (0.00000093)
[  0  2  0  0  1  0  0  0  0 ] (0.00009259)
[  0  2  0  0  1  0  0  0  1 ] (0.00018166)
[  0  2  0  0  1  0  0  1  0 ] (0.00141822)
[  0  2  0  0  1  0  1  0  0 ] (0.00022422)
[  0  2  0  0  1  1  0  0  0 ] (0.00000044)
[  0  2  0  0  2  0  0  0  0 ] (0.00000000)
[  0  2  0  1  0  0  0  0  0 ] (0.00001405)
[  0  2  0  1  0  0  0  0  1 ] (0.00001319)
[  0  2  0  1  0  0  0  1  0 ] (0.00003897)
[  0  2  0  1  0  0  1  0  0 ] (0.00005845)
[  0  2  0  1  0  1  0  0  0 ] (0.00000015)
[  0  2  0  1  1  0  0  0  0 ] (0.00000853)
[  0  2  0  2  0  0  0  0  0 ] (0.00000168)
[  0  2  1  0  0  0  0  0  0 ] (0.00000031)
[  0  2  1  0  0  0  0  0  1 ] (0.00000417)
[  0  2  1  0  0  0  0  1  0 ] (0.00001023)
[  0  2  1  0  0  0  1  0  0 ] (0.00007669)
[  0  2  1  0  0  1  0  0  0 ] (0.00000077)
[  0  2  1  0  1  0  0  0  0 ] (0.00000579)
[  0  2  1  1  0  0  0  0  0 ] (0.00000816)
[  0  2  2  0  0  0  0  0  0 ] (0.00000001)
[  0  3  0  0  0  0  0  0  0 ] (0.00000604)
[  0  3  0  0  0  0  0  0  1 ] (0.00011153)
[  0  3  0  0  0  0  0  1  0 ] (0.00001829)
[  0  3  0  0  0  0  1  0  0 ] (0.00029839)
[  0  3  0  0  0  1  0  0  0 ] (0.00000001)
[  0  3  0  0  1  0  0  0  0 ] (0.00002174)
[  0  3  0  1  0  0  0  0  0 ] (0.00000189)
[  0  3  1  0  0  0  0  0  0 ] (0.00000000)
[  0  4  0  0  0  0  0  0  0 ] (0.00003461)
[  1  0  0  0  0  0  0  0  0 ] (0.00000045)
[  1  0  0  0  0  0  0  0  1 ] (0.00022146)
[  1  0  0  0  0  0  0  0  2 ] (0.00004270)
[  1  0  0  0  0  0  0  0  3 ] (0.00048092)
[  1  0  0  0  0  0  0  1  0 ] (0.00010996)
[  1  0  0  0  0  0  0  1  1 ] (0.00372655)
[  1  0  0  0  0  0  0  1  2 ] (0.00069582)
[  1  0  0  0  0  0  0  2  0 ] (0.00000804)
[  1  0  0  0  0  0  0  2  1 ] (0.00049970)
[  1  0  0  0  0  0  0  3  0 ] (0.00772147)
[  1  0  0  0  0  0  1  0  0 ] (0.00005055)
[  1  0  0  0  0  0  1  0  1 ] (0.00034691)
[  1  0  0  0  0  0  1  0  2 ] (0.00023252)
[  1  0  0  0  0  0  1  1  0 ] (0.00000528)
[  1  0  0  0  0  0  1  1  1 ] (0.00000949)
[  1  0  0  0  0  0  1  2  0 ] (0.00008267)
[  1  0  0  0  0  0  2  0  0 ] (0.00001939)
[  1  0  0  0  0  0  2  0  1 ] (0.00001463)
[  1  0  0  0  0  0  2  1  0 ] (0.00006924)
[  1  0  0  0  0  0  3  0  0 ] (0.00010994)
[  1  0  0  0  0  1  0  0  0 ] (0.00000011)
[  1  0  0  0  0  1  0  0  1 ] (0.00006210)
[  1  0  0  0  0  1  0  0  2 ] (0.00027200)
[  1  0  0  0  0  1  0  1  0 ] (0.00002808)
[  1  0  0  0  0  1  0  1  1 ] (0.00090700)
[  1  0  0  0  0  1  0  2  0 ] (0.00000869)
[  1  0  0  0  0  1  1  0  0 ] (0.00000234)
[  1  0  0  0  0  1  1  0  1 ] (0.00177118)
[  1  0  0  0  0  1  1  1  0 ] (0.00023034)
[  1  0  0  0  0  1  2  0  0 ] (0.00000432)
[  1  0  0  0  0  2  0  0  0 ] (0.00000046)
[  1  0  0  0  0  2  0  0  1 ] (0.00002577)
[  1  0  0  0  0  2  0  1  0 ] (0.00000000)
[  1  0  0  0  0  2  1  0  0 ] (0.00000925)
[  1  0  0  0  0  3  0  0  0 ] (0.00000087)
[  1  0  0  0  1  0  0  0  0 ] (0.00000980)
[  1  0  0  0  1  0  0  0  1 ] (0.00000112)
[  1  0  0  0  1  0  0  0  2 ] (0.00012696)
[  1  0  0  0  1  0  0  1  0 ] (0.00000068)
[  1  0  0  0  1  0  0  1  1 ] (0.00006058)
[  1  0  0  0  1  0  0  2  0 ] (0.00122708)
[  1  0  0  0  1  0  1  0  0 ] (0.00001086)
[  1  0  0  0  1  0  1  0  1 ] (0.00016685)
[  1  0  0  0  1  0  1  1  0 ] (0.00084446)
[  1  0  0  0  1  0  2  0  0 ] (0.00000094)
[  1  0  0  0  1  1  0  0  0 ] (0.00000454)
[  1  0  0  0  1  1  0  0  1 ] (0.00007613)
[  1  0  0  0  1  1  0  1  0 ] (0.00015304)
[  1  0  0  0  1  1  1  0  0 ] (0.00004612)
[  1  0  0  0  1  2  0  0  0 ] (0.00000011)
[  1  0  0  0  2  0  0  0  0 ] (0.00004859)
[  1  0  0  0  2  0  0  0  1 ] (0.00031312)
[  1  0  0  0  2  0  0  1  0 ] (0.00004877)
[  1  0  0  0  2  0  1  0  0 ] (0.00003653)
[  1  0  0  0  2  1  0  0  0 ] (0.00001167)
[  1  0  0  0  3  0  0  0  0 ] (0.00000141)
[  1  0  0  1  0  0  0  0  0 ] (0.00000500)
[  1  0  0  1  0  0  0  0  1 ] (0.00005882)
[  1  0  0  1  0  0  0  0  2 ] (0.00014591)
[  1  0  0  1  0  0  0  1  0 ] (0.00011104)
[  1  0  0  1  0  0  0  1  1 ] (0.00015910)
[  1  0  0  1  0  0  0  2  0 ] (0.00009820)
[  1  0  0  1  0  0  1  0  0 ] (0.00000111)
[  1  0  0  1  0  0  1  0  1 ] (0.00005234)
[  1  0  0  1  0  0  1  1  0 ] (0.00630100)
[  1  0  0  1  0  0  2  0  0 ] (0.00002404)
[  1  0  0  1  0  1  0  0  0 ] (0.00000049)
[  1  0  0  1  0  1  0  0  1 ] (0.00011842)
[  1  0  0  1  0  1  0  1  0 ] (0.00007620)
[  1  0  0  1  0  1  1  0  0 ] (0.00000034)
[  1  0  0  1  0  2  0  0  0 ] (0.00000039)
[  1  0  0  1  1  0  0  0  0 ] (0.00000532)
[  1  0  0  1  1  0  0  0  1 ] (0.00005920)
[  1  0  0  1  1  0  0  1  0 ] (0.00005767)
[  1  0  0  1  1  0  1  0  0 ] (0.00005988)
[  1  0  0  1  1  1  0  0  0 ] (0.00000204)
[  1  0  0  1  2  0  0  0  0 ] (0.00000025)
[  1  0  0  2  0  0  0  0  0 ] (0.00000001)
[  1  0  0  2  0  0  0  0  1 ] (0.00000000)
[  1  0  0  2  0  0  0  1  0 ] (0.00001324)
[  1  0  0  2  0  0  1  0  0 ] (0.00000000)
[  1  0  0  2  0  1  0  0  0 ] (0.00000006)
[  1  0  0  2  1  0  0  0  0 ] (0.00000102)
[  1  0  0  3  0  0  0  0  0 ] (0.00000020)
[  1  0  1  0  0  0  0  0  0 ] (0.00001016)
[  1  0  1  0  0  0  0  0  1 ] (0.00009494)
[  1  0  1  0  0  0  0  0  2 ] (0.00007459)
[  1  0  1  0  0  0  0  1  0 ] (0.00000012)
[  1  0  1  0  0  0  0  1  1 ] (0.00721236)
[  1  0  1  0  0  0  0  2  0 ] (0.00000179)
[  1  0  1  0  0  0  1  0  0 ] (0.00091912)
[  1  0  1  0  0  0  1  0  1 ] (0.02980733)
[  1  0  1  0  0  0  1  1  0 ] (0.03091277)
[  1  0  1  0  0  0  2  0  0 ] (0.00001136)
[  1  0  1  0  0  1  0  0  0 ] (0.00000014)
[  1  0  1  0  0  1  0  0  1 ] (0.00000002)
[  1  0  1  0  0  1  0  1  0 ] (0.00000134)
[  1  0  1  0  0  1  1  0  0 ] (0.00001230)
[  1  0  1  0  0  2  0  0  0 ] (0.00000025)
[  1  0  1  0  1  0  0  0  0 ] (0.00004605)
[  1  0  1  0  1  0  0  0  1 ] (0.00004527)
[  1  0  1  0  1  0  0  1  0 ] (0.00050051)
[  1  0  1  0  1  0  1  0  0 ] (0.00019300)
[  1  0  1  0  1  1  0  0  0 ] (0.00000534)
[  1  0  1  0  2  0  0  0  0 ] (0.00000486)
[  1  0  1  1  0  0  0  0  0 ] (0.00009975)
[  1  0  1  1  0  0  0  0  1 ] (0.00033881)
[  1  0  1  1  0  0  0  1  0 ] (0.00009113)
[  1  0  1  1  0  0  1  0  0 ] (0.00000001)
[  1  0  1  1  0  1  0  0  0 ] (0.00000030)
[  1  0  1  1  1  0  0  0  0 ] (0.00000010)
[  1  0  1  2  0  0  0  0  0 ] (0.00000001)
[  1  0  2  0  0  0  0  0  0 ] (0.00000144)
[  1  0  2  0  0  0  0  0  1 ] (0.00000539)
[  1  0  2  0  0  0  0  1  0 ] (0.00000557)
[  1  0  2  0  0  0  1  0  0 ] (0.00000002)
[  1  0  2  0  0  1  0  0  0 ] (0.00000002)
[  1  0  2  0  1  0  0  0  0 ] (0.00000003)
[  1  0  2  1  0  0  0  0  0 ] (0.00000023)
[  1  0  3  0  0  0  0  0  0 ] (0.00000123)
[  1  1  0  0  0  0  0  0  0 ] (0.00001284)
[  1  1  0  0  0  0  0  0  1 ] (0.00000079)
[  1  1  0  0  0  0  0  0  2 ] (0.00042195)
[  1  1  0  0  0  0  0  1  0 ] (0.00000143)
[  1  1  0  0  0  0  0  1  1 ] (0.02802509)
[  1  1  0  0  0  0  0  2  0 ] (0.00197751)
[  1  1  0  0  0  0  1  0  0 ] (0.00278930)
[  1  1  0  0  0  0  1  0  1 ] (0.03646644)
[  1  1  0  0  0  0  1  1  0 ] (0.05262884)
[  1  1  0  0  0  0  2  0  0 ] (0.00000013)
[  1  1  0  0  0  1  0  0  0 ] (0.00000066)
[  1  1  0  0  0  1  0  0  1 ] (0.00006438)
[  1  1  0  0  0  1  0  1  0 ] (0.00050094)
[  1  1  0  0  0  1  1  0  0 ] (0.00006827)
[  1  1  0  0  0  2  0  0  0 ] (0.00000005)
[  1  1  0  0  1  0  0  0  0 ] (0.00019919)
[  1  1  0  0  1  0  0  0  1 ] (0.00011685)
[  1  1  0  0  1  0  0  1  0 ] (0.00142706)
[  1  1  0  0  1  0  1  0  0 ] (0.00023926)
[  1  1  0  0  1  1  0  0  0 ] (0.00001775)
[  1  1  0  0  2  0  0  0  0 ] (0.00003905)
[  1  1  0  1  0  0  0  0  0 ] (0.00002234)
[  1  1  0  1  0  0  0  0  1 ] (0.00000745)
[  1  1  0  1  0  0  0  1  0 ] (0.00003486)
[  1  1  0  1  0  0  1  0  0 ] (0.00004079)
[  1  1  0  1  0  1  0  0  0 ] (0.00000064)
[  1  1  0  1  1  0  0  0  0 ] (0.00000342)
[  1  1  0  2  0  0  0  0  0 ] (0.00000189)
[  1  1  1  0  0  0  0  0  0 ] (0.00000545)
[  1  1  1  0  0  0  0  0  1 ] (0.00002375)
[  1  1  1  0  0  0  0  1  0 ] (0.00004263)
[  1  1  1  0  0  0  1  0  0 ] (0.00000024)
[  1  1  1  0  0  1  0  0  0 ] (0.00000129)
[  1  1  1  0  1  0  0  0  0 ] (0.00000231)
[  1  1  1  1  0  0  0  0  0 ] (0.00001006)
[  1  1  2  0  0  0  0  0  0 ] (0.00000104)
[  1  2  0  0  0  0  0  0  0 ] (0.00000046)
[  1  2  0  0  0  0  0  0  1 ] (0.00000483)
[  1  2  0  0  0  0  0  1  0 ] (0.00000756)
[  1  2  0  0  0  0  1  0  0 ] (0.00001084)
[  1  2  0  0  0  1  0  0  0 ] (0.00000106)
[  1  2  0  0  1  0  0  0  0 ] (0.00000298)
[  1  2  0  1  0  0  0  0  0 ] (0.00000151)
[  1  2  1  0  0  0  0  0  0 ] (0.00000063)
[  1  3  0  0  0  0  0  0  0 ] (0.00006494)
[  2  0  0  0  0  0  0  0  0 ] (0.00000300)
[  2  0  0  0  0  0  0  0  1 ] (0.00006842)
[  2  0  0  0  0  0  0  0  2 ] (0.00000010)
[  2  0  0  0  0  0  0  1  0 ] (0.00028225)
[  2  0  0  0  0  0  0  1  1 ] (0.00971592)
[  2  0  0  0  0  0  0  2  0 ] (0.00016072)
[  2  0  0  0  0  0  1  0  0 ] (0.00115191)
[  2  0  0  0  0  0  1  0  1 ] (0.00786943)
[  2  0  0  0  0  0  1  1  0 ] (0.00422420)
[  2  0  0  0  0  0  2  0  0 ] (0.00001488)
[  2  0  0  0  0  1  0  0  0 ] (0.00001029)
[  2  0  0  0  0  1  0  0  1 ] (0.00018917)
[  2  0  0  0  0  1  0  1  0 ] (0.00006759)
[  2  0  0  0  0  1  1  0  0 ] (0.00004634)
[  2  0  0  0  0  2  0  0  0 ] (0.00000146)
[  2  0  0  0  1  0  0  0  0 ] (0.00001419)
[  2  0  0  0  1  0  0  0  1 ] (0.00000628)
[  2  0  0  0  1  0  0  1  0 ] (0.00007292)
[  2  0  0  0  1  0  1  0  0 ] (0.00000032)
[  2  0  0  0  1  1  0  0  0 ] (0.00000191)
[  2  0  0  0  2  0  0  0  0 ] (0.00000283)
[  2  0  0  1  0  0  0  0  0 ] (0.00001245)
[  2  0  0  1  0  0  0  0  1 ] (0.00000275)
[  2  0  0  1  0  0  0  1  0 ] (0.00000006)
[  2  0  0  1  0  0  1  0  0 ] (0.00000001)
[  2  0  0  1  0  1  0  0  0 ] (0.00000009)
[  2  0  0  1  1  0  0  0  0 ] (0.00000001)
[  2  0  0  2  0  0  0  0  0 ] (0.00000044)
[  2  0  1  0  0  0  0  0  0 ] (0.00002214)
[  2  0  1  0  0  0  0  0  1 ] (0.00008363)
[  2  0  1  0  0  0  0  1  0 ] (0.00029176)
[  2  0  1  0  0  0  1  0  0 ] (0.00001347)
[  2  0  1  0  0  1  0  0  0 ] (0.00000006)
[  2  0  1  0  1  0  0  0  0 ] (0.00000511)
[  2  0  1  1  0  0  0  0  0 ] (0.00000088)
[  2  0  2  0  0  0  0  0  0 ] (0.00000076)
[  2  1  0  0  0  0  0  0  0 ] (0.00000621)
[  2  1  0  0  0  0  0  0  1 ] (0.00001352)
[  2  1  0  0  0  0  0  1  0 ] (0.00012729)
[  2  1  0  0  0  0  1  0  0 ] (0.00003472)
[  2  1  0  0  0  1  0  0  0 ] (0.00000828)
[  2  1  0  0  1  0  0  0  0 ] (0.00000175)
[  2  1  0  1  0  0  0  0  0 ] (0.00000448)
[  2  1  1  0  0  0  0  0  0 ] (0.00001051)
[  2  2  0  0  0  0  0  0  0 ] (0.00000422)
[  3  0  0  0  0  0  0  0  0 ] (0.00000047)
[  3  0  0  0  0  0  0  0  1 ] (0.00000293)
[  3  0  0  0  0  0  0  1  0 ] (0.00001197)
[  3  0  0  0  0  0  1  0  0 ] (0.00002050)
[  3  0  0  0  0  1  0  0  0 ] (0.00000004)
[  3  0  0  0  1  0  0  0  0 ] (0.00000078)
[  3  0  0  1  0  0  0  0  0 ] (0.00000216)
[  3  0  1  0  0  0  0  0  0 ] (0.00000201)
[  3  1  0  0  0  0  0  0  0 ] (0.00001049)
[  4  0  0  0  0  0  0  0  0 ] (0.00000208)
